920000 安徽凤凰 日线 前复权
      日期	    开盘	    最高	    最低	    收盘	    成交量	    成交额
2021/08/02,5.43,5.52,5.43,5.52,54900,327821.59
2021/08/03,5.40,5.45,5.40,5.41,19900,118632.76
2021/08/04,5.38,5.48,5.38,5.42,5700,34036.68
2021/08/05,5.38,5.44,5.38,5.44,22500,133708.52
2021/08/06,5.37,5.46,5.35,5.46,22000,130557.30
2021/08/09,5.45,5.45,5.33,5.40,17800,105222.00
2021/08/10,5.43,5.45,5.29,5.29,184900,1085143.00
2021/08/11,5.30,5.35,5.29,5.30,33300,194412.67
2021/08/12,5.34,5.49,5.31,5.38,470200,2769448.00
2021/08/13,5.36,5.39,5.25,5.33,345100,2009797.88
2021/08/16,5.33,5.40,5.33,5.38,100400,592067.50
2021/08/17,5.33,5.38,5.31,5.33,6600,38528.40
2021/08/18,5.31,5.38,5.31,5.35,17500,102651.39
2021/08/19,5.52,5.52,5.37,5.47,213800,1280124.88
2021/08/20,5.57,5.57,5.44,5.53,86400,521004.16
2021/08/23,5.56,5.58,5.50,5.55,126400,768783.31
2021/08/24,5.56,5.56,5.49,5.50,147700,892750.44
2021/08/25,5.45,5.47,5.26,5.32,335600,1971995.63
2021/08/26,5.30,5.32,5.20,5.27,181600,1050734.88
2021/08/27,5.28,5.33,5.23,5.33,35700,207724.45
2021/08/30,5.25,5.32,5.25,5.26,27600,159966.09
2021/08/31,5.26,5.37,5.22,5.36,43500,252718.16
2021/09/01,5.40,5.53,5.35,5.51,130800,787781.63
2021/09/02,5.51,5.66,5.47,5.65,226500,1378044.00
2021/09/03,6.23,7.02,6.17,6.84,1915400,13519579.00
2021/09/06,6.97,9.05,6.97,8.27,2288800,20409212.00
2021/09/07,8.63,9.03,7.70,8.11,977400,8764512.00
2021/09/08,7.98,8.47,7.98,8.34,528300,4655283.50
2021/09/09,8.55,9.47,8.37,9.36,1363200,13076599.00
2021/09/10,9.87,10.13,8.77,9.59,1560000,15677558.00
2021/09/13,9.77,9.77,8.65,9.29,952100,9196574.00
2021/09/14,9.27,9.70,8.93,8.97,478400,4670761.50
2021/09/15,8.88,8.97,7.99,8.15,663000,5921099.50
2021/09/16,8.27,8.36,7.88,8.06,331400,2860681.50
2021/09/17,8.17,8.54,8.08,8.53,352700,3131330.00
2021/09/22,10.27,10.46,9.18,9.83,1076300,11029534.00
2021/09/23,9.83,9.83,9.32,9.43,501800,5038633.00
2021/09/24,9.45,9.52,9.22,9.44,323600,3201545.75
2021/09/27,9.45,9.48,8.92,9.01,358400,3472614.75
2021/09/28,9.01,9.24,9.00,9.01,204500,1963200.00
2021/09/29,8.97,9.04,8.77,9.01,177400,1687260.25
2021/09/30,8.87,9.61,8.87,9.47,366800,3635393.00
2021/10/08,9.37,9.63,9.16,9.28,178200,1762263.88
2021/10/11,9.28,9.32,9.10,9.10,124200,1208047.38
2021/10/12,8.98,9.31,8.86,8.98,128700,1229986.50
2021/10/13,8.97,9.22,8.97,9.18,170800,1656719.38
2021/10/14,9.26,9.26,9.10,9.17,102200,990891.06
2021/10/15,9.23,9.25,9.12,9.21,74300,722036.56
2021/10/18,9.24,9.24,8.77,8.94,145100,1394176.25
2021/10/19,8.93,9.08,8.90,8.98,126600,1204834.50
2021/10/20,8.98,9.07,8.95,8.95,56100,533860.50
2021/10/21,8.95,9.02,8.69,8.77,210500,1966658.38
2021/10/22,9.01,9.01,8.74,8.85,72300,675166.94
2021/10/25,9.05,9.05,8.53,8.76,173900,1601656.00
2021/10/26,8.54,8.83,8.07,8.08,260400,2312182.00
2021/10/27,8.23,8.42,7.65,7.67,206200,1720010.13
2021/10/28,7.68,7.69,7.07,7.24,345600,2670938.75
2021/10/29,7.47,7.62,7.42,7.62,215400,1733603.00
2021/11/01,8.27,8.68,8.25,8.68,390600,3539926.50
2021/11/02,9.05,9.05,8.63,8.75,186100,1719084.38
2021/11/03,8.92,9.33,8.78,9.15,297700,2845601.50
2021/11/04,9.22,9.75,9.15,9.73,714100,7163080.00
2021/11/05,9.73,9.89,9.45,9.62,490900,4954837.00
2021/11/08,9.92,10.27,9.67,10.26,687600,7262675.00
2021/11/09,10.35,10.46,9.99,10.22,466900,4998903.50
2021/11/10,10.22,10.22,9.88,10.20,438600,4637479.50
2021/11/11,10.47,10.68,10.11,10.36,1054200,11420533.00
2021/11/12,10.31,10.64,10.31,10.37,873300,9610438.00
2021/11/15,10.97,13.37,10.58,11.29,6416700,77735432.00
2021/11/16,11.07,11.07,9.70,9.87,2440900,25822212.00
2021/11/17,9.84,10.07,9.37,9.71,1550800,15762787.00
2021/11/18,9.52,9.77,9.28,9.37,1760500,17493838.00
2021/11/19,9.37,9.42,9.18,9.34,779200,7629269.00
2021/11/22,9.35,9.47,9.22,9.31,1016800,10044903.00
2021/11/23,9.35,9.61,9.17,9.48,1543800,15452104.00
2021/11/24,9.54,9.54,9.18,9.20,975300,9579212.00
2021/11/25,9.27,9.29,8.85,8.87,910000,8676505.00
2021/11/26,8.70,8.87,8.61,8.62,711900,6581384.00
2021/11/29,8.54,8.61,8.21,8.22,804000,7154942.00
2021/11/30,8.22,8.26,7.99,8.01,634300,5501422.50
2021/12/01,8.01,8.30,7.98,8.16,534000,4628974.00
2021/12/02,8.01,8.26,8.01,8.15,446000,3883585.50
2021/12/03,8.45,8.45,8.06,8.08,354300,3072474.00
2021/12/06,8.07,8.07,7.67,7.72,526400,4401131.50
2021/12/07,7.90,7.90,7.47,7.53,510900,4120786.75
2021/12/08,7.84,7.84,7.48,7.67,241600,1977979.13
2021/12/09,7.62,7.72,7.59,7.64,244700,2002585.50
2021/12/10,7.64,7.81,7.57,7.67,173200,1415167.63
2021/12/13,7.76,7.76,7.58,7.74,285900,2354625.50
2021/12/14,7.87,8.59,7.73,8.57,1784200,15802862.00
2021/12/15,8.59,8.65,8.20,8.25,900800,8021659.00
2021/12/16,8.25,8.34,8.01,8.08,704300,6118719.50
2021/12/17,8.08,8.19,7.95,8.19,665000,5722181.00
2021/12/20,8.19,8.66,8.03,8.66,1575200,14174944.00
2021/12/21,8.55,8.79,8.35,8.50,762100,6906202.00
2021/12/22,8.57,8.57,8.20,8.36,724100,6422115.00
2021/12/23,8.36,8.37,8.04,8.15,653000,5671734.00
2021/12/24,8.23,8.29,7.83,7.85,470500,3996146.00
2021/12/27,7.94,7.98,7.69,7.96,289400,2431853.75
2021/12/28,7.94,8.35,7.83,8.27,428500,3685089.50
2021/12/29,8.29,8.33,8.15,8.26,443600,3876200.00
2021/12/30,8.25,8.64,8.17,8.59,1101700,9968075.00
2021/12/31,8.75,9.29,8.62,8.93,1831200,17631060.00
2022/01/04,8.89,9.17,8.52,8.70,1187400,10930975.00
2022/01/05,8.80,8.92,8.58,8.89,949500,8862241.00
2022/01/06,9.11,9.11,8.62,8.86,573800,5350071.50
2022/01/07,8.72,8.89,8.48,8.52,687300,6308345.50
2022/01/10,8.60,8.61,8.47,8.49,272879,2467313.50
2022/01/11,8.47,8.55,8.30,8.37,295815,2640281.50
2022/01/12,8.47,8.47,8.31,8.42,242950,2162037.75
2022/01/13,8.47,8.51,8.31,8.38,318920,2847807.00
2022/01/14,8.48,8.48,8.20,8.29,366432,3235589.50
2022/01/17,8.29,8.37,8.18,8.29,496958,4374544.00
2022/01/18,8.33,8.47,8.29,8.42,611729,5463237.00
2022/01/19,8.35,8.50,8.19,8.32,492524,4362567.50
2022/01/20,8.36,8.72,8.23,8.45,1115276,10065217.00
2022/01/21,8.45,8.67,8.37,8.42,578230,5208313.50
2022/01/24,8.28,8.54,8.22,8.31,325869,2871800.75
2022/01/25,8.22,8.29,7.72,7.76,458319,3878023.50
2022/01/26,7.77,8.04,7.73,7.75,199188,1658567.13
2022/01/27,7.70,7.84,7.47,7.57,332181,2689670.50
2022/01/28,7.62,7.81,7.50,7.62,125934,1027437.75
2022/02/07,7.78,7.78,7.62,7.73,140431,1151823.38
2022/02/08,7.76,7.79,7.68,7.77,129287,1069508.38
2022/02/09,7.87,7.87,7.73,7.82,219089,1821178.88
2022/02/10,7.85,7.85,7.67,7.72,160061,1325209.38
2022/02/11,7.63,7.67,7.28,7.45,487440,3906919.25
2022/02/14,7.43,7.43,7.30,7.31,178789,1411081.13
2022/02/15,7.26,7.26,7.03,7.07,510192,3887130.00
2022/02/16,7.08,7.15,7.06,7.13,171761,1311001.00
2022/02/17,7.13,7.22,7.08,7.09,198793,1520288.75
2022/02/18,7.00,7.15,6.69,7.11,292970,2195251.75
2022/02/21,7.10,7.12,6.94,7.12,90449,683708.19
2022/02/22,7.25,7.25,6.88,7.01,94898,714808.00
2022/02/23,7.00,7.17,6.91,7.12,146193,1109018.38
2022/02/24,7.11,7.13,6.80,6.94,267114,1983781.63
2022/02/25,6.95,6.98,6.88,6.96,90007,672537.25
2022/02/28,6.80,6.89,6.49,6.62,329642,2362054.25
2022/03/01,6.64,6.65,6.49,6.61,180869,1279723.50
2022/03/02,6.57,6.57,6.53,6.57,55491,393176.94
2022/03/03,6.55,6.64,6.55,6.59,85300,607234.44
2022/03/04,6.59,6.60,6.49,6.53,80938,572545.31
2022/03/07,6.47,6.61,6.36,6.38,175046,1221051.38
2022/03/08,6.52,6.52,6.18,6.30,160788,1096674.25
2022/03/09,6.45,6.45,5.63,6.07,206085,1360665.25
2022/03/10,6.15,6.15,5.93,5.98,405961,2663965.00
2022/03/11,5.95,5.95,5.71,5.80,400757,2528765.75
2022/03/14,5.82,5.82,5.68,5.76,117084,734788.25
2022/03/15,5.77,5.77,5.37,5.47,265850,1614418.00
2022/03/16,5.54,5.66,5.28,5.54,276914,1648868.75
2022/03/17,5.51,6.37,5.51,5.93,494394,3186180.00
2022/03/18,5.89,5.97,5.80,5.92,404232,2597958.00
2022/03/21,6.01,6.01,5.83,5.89,122419,783831.88
2022/03/22,5.95,5.95,5.81,5.85,72348,460891.75
2022/03/23,5.92,5.92,5.83,5.85,76101,487317.72
2022/03/24,5.73,5.94,5.73,5.85,144013,915608.13
2022/03/25,5.77,5.88,5.74,5.83,107553,680253.75
2022/03/28,5.72,5.86,5.70,5.75,61475,386466.94
2022/03/29,5.81,5.85,5.71,5.79,86811,549483.81
2022/03/30,5.80,5.83,5.68,5.81,123491,774653.81
2022/03/31,5.70,5.81,5.70,5.78,61250,384970.38
2022/04/01,5.76,6.05,5.74,6.01,509710,3284741.75
2022/04/06,5.88,6.07,5.87,5.91,235369,1528476.63
2022/04/07,5.81,5.91,5.80,5.83,187427,1198218.13
2022/04/08,5.96,5.98,5.74,5.74,188200,1198532.13
2022/04/11,5.74,5.74,5.48,5.52,195321,1187709.25
2022/04/12,5.67,5.67,5.48,5.58,111775,680450.56
2022/04/13,5.48,5.58,5.40,5.47,126562,760471.75
2022/04/14,5.42,5.55,5.27,5.43,211695,1247048.13
2022/04/15,5.33,5.46,5.33,5.37,75169,443782.81
2022/04/18,5.28,5.42,5.26,5.39,65708,385795.75
2022/04/19,5.52,5.53,5.29,5.44,57097,340364.00
2022/04/20,5.33,5.52,5.28,5.43,124429,734693.88
2022/04/21,5.30,5.43,5.22,5.30,110134,640947.00
2022/04/22,5.18,5.32,5.17,5.22,81145,466858.13
2022/04/25,5.35,5.35,4.73,4.81,154963,841014.81
2022/04/26,4.82,4.94,4.59,4.61,127149,668321.81
2022/04/27,4.66,4.66,4.47,4.62,114734,583009.69
2022/04/28,4.55,4.59,4.35,4.57,106562,536433.25
2022/04/29,4.57,4.86,4.48,4.79,195493,1026247.19
2022/05/05,4.80,4.80,4.68,4.74,112856,593489.56
2022/05/06,4.52,4.67,4.51,4.62,95416,492123.47
2022/05/09,4.62,4.72,4.62,4.69,154856,802674.06
2022/05/10,4.62,4.72,4.55,4.66,52939,274607.84
2022/05/11,4.67,4.81,4.64,4.74,196230,1028480.38
2022/05/12,4.64,4.72,4.62,4.67,49332,256344.59
2022/05/13,4.64,4.95,4.64,4.87,331370,1771540.75
2022/05/16,4.87,4.97,4.85,4.89,119312,646078.56
2022/05/17,4.89,4.95,4.81,4.89,83526,451499.94
2022/05/18,4.87,4.94,4.81,4.89,97241,525381.63
2022/05/19,4.79,4.91,4.79,4.86,138141,740105.88
2022/05/20,4.80,4.90,4.80,4.89,94520,510676.31
2022/05/23,4.83,4.95,4.83,4.91,84799,461159.03
2022/05/24,4.87,5.08,4.68,4.86,245161,1336344.38
2022/05/25,4.86,4.86,4.67,4.83,59768,318667.28
2022/05/26,4.83,4.86,4.73,4.82,48074,257554.02
2022/05/27,4.80,4.96,4.76,4.84,123031,656773.75
2022/05/30,4.87,4.87,4.73,4.79,118881,633073.00
2022/05/31,4.70,4.79,4.70,4.79,25222,133837.23
2022/06/01,4.87,5.30,4.72,5.10,554785,3111568.50
2022/06/02,5.12,5.12,4.92,5.05,434838,2410992.00
2022/06/06,5.10,5.12,5.01,5.11,217692,1220073.88
2022/06/07,5.19,5.19,5.02,5.04,141963,794516.69
2022/06/08,5.04,5.09,4.93,5.01,55320,305184.66
2022/06/09,4.92,5.01,4.90,4.96,58034,317534.19
2022/06/10,5.02,5.03,4.92,4.99,133643,737148.75
2022/06/13,4.97,5.04,4.92,4.98,72599,398080.28
2022/06/14,4.87,4.99,4.81,4.98,147092,797592.88
2022/06/15,5.07,5.07,4.94,5.02,125796,695104.44
2022/06/16,5.10,5.10,4.99,5.05,110668,608238.25
2022/06/17,5.07,5.07,4.95,5.04,38897,212564.36
2022/06/20,5.18,5.18,4.98,5.07,170737,946155.25
2022/06/21,5.12,5.12,4.97,5.01,92458,505546.59
2022/06/22,4.94,5.07,4.92,5.02,112755,618231.75
2022/06/23,5.01,5.03,4.88,5.03,178278,971093.06
2022/06/24,5.03,5.03,4.93,4.95,97990,533668.06
2022/06/27,4.91,5.08,4.91,4.98,144996,792050.75
2022/06/28,4.92,5.38,4.92,5.35,735538,4214291.00
2022/06/29,5.33,5.34,5.13,5.18,337908,1922512.50
2022/06/30,5.26,5.27,5.15,5.22,207384,1176947.75
2022/07/01,5.22,5.24,5.13,5.17,79038,444870.31
2022/07/04,5.13,5.19,5.04,5.08,84522,470082.78
2022/07/05,5.19,5.20,4.96,5.02,123485,675264.44
2022/07/06,5.10,5.10,4.88,5.00,54188,293753.56
2022/07/07,4.92,5.00,4.92,5.00,71559,388357.28
2022/07/08,5.04,5.04,4.96,4.98,22098,120577.28
2022/07/11,5.16,5.16,4.83,4.92,223993,1194945.63
2022/07/12,4.91,4.91,4.81,4.87,129581,688794.88
2022/07/13,4.76,4.88,4.76,4.86,44730,237653.69
2022/07/14,4.79,4.85,4.79,4.85,25482,135031.17
2022/07/15,4.79,4.85,4.74,4.83,80160,420602.38
2022/07/18,4.83,4.89,4.81,4.83,53189,282046.56
2022/07/19,4.83,4.93,4.81,4.85,102240,543132.75
2022/07/20,4.80,4.89,4.80,4.86,51570,274286.50
2022/07/21,4.86,4.86,4.78,4.80,38056,201370.97
2022/07/22,4.83,4.83,4.71,4.74,59687,312299.88
2022/07/25,4.76,4.83,4.65,4.74,42091,219086.02
2022/07/26,4.75,4.83,4.69,4.80,39942,209338.88
2022/07/27,4.89,4.92,4.78,4.88,108188,576801.88
2022/07/28,4.84,4.90,4.78,4.88,107901,572556.25
2022/07/29,4.89,4.89,4.79,4.87,180720,963752.81
2022/08/01,4.83,4.86,4.76,4.86,19147,101158.10
2022/08/02,4.71,4.75,4.60,4.73,109831,567304.94
2022/08/03,4.73,4.83,4.58,4.70,155549,795225.44
2022/08/04,4.68,4.71,4.58,4.67,97205,495126.59
2022/08/05,4.69,4.71,4.61,4.69,40484,208454.45
2022/08/08,4.65,4.78,4.65,4.78,104188,542864.56
2022/08/09,4.75,4.80,4.71,4.77,30983,162007.92
2022/08/10,4.79,4.79,4.72,4.78,39313,205195.27
2022/08/11,4.86,5.01,4.83,4.98,399345,2162297.25
2022/08/12,4.99,5.09,4.93,4.93,110183,599579.63
2022/08/15,4.95,5.01,4.90,4.93,59073,319744.06
2022/08/16,4.85,4.96,4.79,4.92,236506,1258328.75
2022/08/17,4.91,4.95,4.83,4.92,162791,865906.38
2022/08/18,4.85,4.93,4.79,4.90,83715,444628.88
2022/08/19,4.83,4.90,4.73,4.85,91383,480606.84
2022/08/22,4.86,4.86,4.69,4.79,56736,297244.31
2022/08/23,4.79,4.79,4.72,4.79,27593,143803.08
2022/08/24,4.73,4.73,4.59,4.65,219348,1129205.50
2022/08/25,4.63,4.68,4.51,4.59,243306,1219783.88
2022/08/26,4.75,4.75,4.60,4.63,37143,189011.64
2022/08/29,4.43,4.61,4.41,4.58,159598,793241.00
2022/08/30,4.48,4.58,4.46,4.51,134751,669709.94
2022/08/31,4.52,4.66,4.42,4.62,218687,1083050.88
2022/09/01,4.53,4.60,4.53,4.60,85502,430005.44
2022/09/02,4.61,4.62,4.54,4.60,49920,253291.20
2022/09/05,4.64,4.68,4.58,4.64,73300,373582.19
2022/09/06,4.60,4.68,4.59,4.66,25400,129769.00
2022/09/07,4.65,4.65,4.63,4.65,2520,12896.00
2022/09/08,4.70,4.70,4.53,4.65,53976,272001.81
2022/09/09,4.61,4.63,4.57,4.62,21072,106462.76
2022/09/13,4.67,4.67,4.51,4.62,47617,238765.28
2022/09/14,4.54,4.62,4.46,4.51,62515,311886.00
2022/09/15,4.58,4.58,4.45,4.52,66295,329748.34
2022/09/16,4.52,4.75,4.52,4.59,499386,2562906.50
2022/09/19,4.63,4.67,4.57,4.66,136159,693119.63
2022/09/20,4.73,4.97,4.71,4.96,1115078,5913283.50
2022/09/21,5.10,6.01,5.09,5.53,3601725,21553176.00
2022/09/22,5.45,5.64,5.22,5.33,2155448,12643556.00
2022/09/23,5.43,5.43,4.93,5.03,891355,4949522.50
2022/09/26,4.93,5.16,4.73,4.80,524111,2789722.50
2022/09/27,4.71,4.91,4.70,4.79,302480,1577107.25
2022/09/28,4.83,4.83,4.67,4.67,189823,985348.69
2022/09/29,4.80,4.80,4.53,4.59,320164,1631075.38
2022/09/30,4.60,4.60,4.45,4.50,229083,1137811.38
2022/10/10,4.57,4.57,4.39,4.43,180593,887526.06
2022/10/11,4.38,4.59,4.34,4.53,222633,1108527.38
2022/10/12,4.41,4.54,4.41,4.53,212539,1044644.94
2022/10/13,4.52,4.58,4.47,4.49,180721,897631.44
2022/10/14,4.56,4.57,4.49,4.56,154137,774968.44
2022/10/17,4.53,4.62,4.53,4.55,206650,1036923.63
2022/10/18,4.56,4.60,4.54,4.58,74806,376531.59
2022/10/19,4.59,4.59,4.50,4.51,145758,729127.06
2022/10/20,4.51,4.55,4.43,4.55,154395,767783.56
2022/10/21,4.60,4.76,4.53,4.65,421283,2156615.50
2022/10/24,4.71,4.80,4.60,4.69,595519,3093968.00
2022/10/25,4.60,4.72,4.60,4.71,112778,580206.25
2022/10/26,4.63,5.03,4.63,4.87,400798,2131990.00
2022/10/27,4.80,4.96,4.77,4.84,207486,1107259.63
2022/10/28,4.74,4.83,4.72,4.77,175787,918821.25
2022/10/31,4.72,4.79,4.69,4.79,107117,558229.88
2022/11/01,4.68,4.79,4.68,4.78,65239,342322.19
2022/11/02,4.78,4.91,4.76,4.87,247505,1313107.13
2022/11/03,4.92,4.92,4.79,4.80,177602,937314.75
2022/11/04,4.79,5.03,4.79,4.95,351022,1902994.63
2022/11/07,4.96,5.11,4.92,5.04,171162,937960.81
2022/11/08,4.96,5.03,4.94,5.02,77400,420683.22
2022/11/09,5.11,5.12,4.97,5.04,94201,519751.50
2022/11/10,5.08,5.08,4.95,4.98,47004,256747.27
2022/11/11,5.08,5.08,4.93,4.99,137268,745946.88
2022/11/14,4.97,5.06,4.93,4.97,135303,735124.06
2022/11/15,4.98,5.03,4.89,4.99,67479,366531.09
2022/11/16,4.93,5.02,4.88,4.91,62116,336417.94
2022/11/17,4.96,4.96,4.84,4.95,104293,557688.50
2022/11/18,4.97,4.97,4.83,4.91,129323,690612.31
2022/11/21,5.04,5.04,4.91,5.01,120224,654683.56
2022/11/22,4.97,4.97,4.87,4.92,118281,634806.63
2022/11/23,4.85,4.93,4.83,4.89,123103,655370.94
2022/11/24,4.86,4.92,4.83,4.85,88188,469579.59
2022/11/25,4.83,4.90,4.83,4.88,60567,324342.69
2022/11/28,4.83,4.89,4.78,4.86,84776,449286.78
2022/11/29,4.87,4.92,4.80,4.88,129368,689985.25
2022/11/30,4.88,4.88,4.83,4.88,41088,218662.16
2022/12/01,4.84,4.88,4.83,4.88,67789,360299.75
2022/12/02,4.85,4.89,4.84,4.88,19867,105962.93
2022/12/05,4.93,4.93,4.84,4.85,22900,121843.00
2022/12/06,4.81,4.88,4.81,4.87,54582,289123.09
2022/12/07,4.81,5.02,4.79,4.91,231011,1244840.13
2022/12/08,4.91,5.08,4.91,5.02,613639,3368238.50
2022/12/09,5.01,5.03,4.96,5.03,39632,216737.36
2022/12/12,5.01,5.01,4.85,4.92,63474,340608.88
2022/12/13,4.84,4.91,4.80,4.83,48800,259126.44
2022/12/14,4.75,4.87,4.75,4.81,10203,53871.27
2022/12/15,4.86,4.86,4.79,4.79,4331,22856.06
2022/12/16,4.76,4.79,4.71,4.78,34812,181067.64
2022/12/19,4.78,4.86,4.63,4.69,25802,132660.50
2022/12/20,4.64,4.67,4.56,4.63,70815,357188.72
2022/12/21,4.56,4.63,4.56,4.59,10319,52050.37
2022/12/22,4.69,4.69,4.55,4.58,26200,132594.73
2022/12/23,4.72,4.72,4.47,4.52,124904,622409.00
2022/12/26,4.44,4.49,4.41,4.47,269123,1317462.13
2022/12/27,4.48,4.48,4.44,4.48,72783,359199.19
2022/12/28,4.43,4.48,4.43,4.47,37550,184366.50
2022/12/29,4.44,4.46,4.34,4.42,34711,169436.59
2022/12/30,4.41,4.44,4.33,4.42,127981,621678.13
2023/01/03,4.42,4.50,4.36,4.48,100723,493694.44
2023/01/04,4.58,4.58,4.41,4.46,125526,615956.25
2023/01/05,4.41,4.50,4.41,4.46,35220,174190.48
2023/01/06,4.42,4.47,4.42,4.47,9218,45368.38
2023/01/09,4.49,4.50,4.46,4.47,15900,78817.00
2023/01/10,4.45,4.53,4.45,4.50,27213,134383.16
2023/01/11,4.45,4.51,4.45,4.51,3520,17354.40
2023/01/12,4.48,4.51,4.45,4.50,48556,240408.69
2023/01/13,4.50,4.50,4.46,4.50,62624,310893.41
2023/01/16,4.23,4.50,4.23,4.49,53125,256107.44
2023/01/17,4.47,4.49,4.43,4.48,28058,138112.20
2023/01/18,4.49,4.49,4.44,4.47,7592,37451.72
2023/01/19,4.42,4.50,4.42,4.50,6301,31191.47
2023/01/20,4.53,4.53,4.45,4.51,31720,157789.00
2023/01/30,4.49,4.56,4.49,4.55,44392,222327.77
2023/01/31,4.56,4.93,4.53,4.91,531591,2777983.75
2023/02/01,5.01,5.01,4.75,4.94,486025,2617712.75
2023/02/02,4.94,4.95,4.68,4.75,153503,815459.88
2023/02/03,4.87,4.90,4.79,4.89,271773,1450266.75
2023/02/06,4.92,4.92,4.80,4.88,120955,645896.44
2023/02/07,4.88,4.88,4.79,4.88,164415,872961.13
2023/02/08,4.93,4.93,4.81,4.85,11300,59830.00
2023/02/09,4.85,4.87,4.82,4.86,33385,177568.70
2023/02/10,4.96,4.96,4.77,4.83,27294,144865.36
2023/02/13,4.92,4.98,4.85,4.88,48093,257822.94
2023/02/14,4.82,4.90,4.81,4.85,74689,395344.47
2023/02/15,4.87,4.87,4.82,4.83,14300,75832.00
2023/02/16,4.85,4.88,4.80,4.83,33347,177286.69
2023/02/17,4.81,4.85,4.81,4.83,17967,95111.68
2023/02/20,4.83,4.86,4.79,4.84,61232,323596.28
2023/02/21,4.86,4.86,4.72,4.81,73329,385813.19
2023/02/22,4.74,4.86,4.74,4.82,34407,180245.03
2023/02/23,4.83,4.83,4.75,4.80,26666,139757.13
2023/02/24,4.76,4.80,4.75,4.78,83426,435951.72
2023/02/27,4.79,4.79,4.66,4.67,38652,200143.64
2023/02/28,4.69,4.70,4.68,4.69,16660,85984.40
2023/03/01,4.68,4.78,4.65,4.73,30401,156894.55
2023/03/02,4.69,4.73,4.69,4.73,49213,255174.44
2023/03/03,4.71,4.73,4.63,4.69,144890,744979.88
2023/03/06,4.68,4.80,4.67,4.69,62655,323715.38
2023/03/07,4.67,4.67,4.65,4.65,29744,152748.72
2023/03/08,4.70,4.70,4.64,4.70,34107,175654.84
2023/03/09,4.66,4.70,4.64,4.70,29966,153427.52
2023/03/10,4.65,4.70,4.53,4.54,57808,291931.91
2023/03/13,4.63,4.63,4.46,4.55,30700,153553.02
2023/03/14,4.52,4.55,4.47,4.51,54148,268946.72
2023/03/15,4.51,4.60,4.51,4.52,39817,198829.58
2023/03/16,4.47,4.56,4.47,4.48,21519,107122.07
2023/03/17,4.48,4.49,4.46,4.49,38810,192275.06
2023/03/20,4.52,4.52,4.40,4.43,16315,79859.24
2023/03/21,4.44,4.49,4.43,4.49,24558,121387.34
2023/03/22,4.51,4.51,4.47,4.51,18239,90683.93
2023/03/23,4.51,4.51,4.44,4.51,18700,92522.00
2023/03/24,4.56,4.56,4.51,4.55,34218,171321.36
2023/03/27,4.33,4.57,4.33,4.54,65891,320001.38
2023/03/28,4.45,4.51,4.41,4.49,17995,88666.50
2023/03/29,4.44,4.49,4.44,4.49,11166,55151.30
2023/03/30,4.46,4.48,4.41,4.48,49623,243287.06
2023/03/31,4.42,4.47,4.41,4.43,32573,160084.30
2023/04/03,4.46,4.46,4.43,4.45,12240,60068.00
2023/04/04,4.47,4.53,4.45,4.46,4613,22885.74
2023/04/06,4.39,4.46,4.36,4.42,33099,161929.97
2023/04/07,4.42,4.44,4.38,4.44,25181,122531.25
2023/04/10,4.44,4.48,4.42,4.43,13945,68565.88
2023/04/11,4.41,4.46,4.39,4.45,11229,54867.64
2023/04/12,4.47,4.47,4.43,4.44,16502,81231.62
2023/04/13,4.43,4.46,4.38,4.40,55414,269134.69
2023/04/14,4.40,4.51,4.40,4.44,67560,333710.41
2023/04/17,4.49,4.50,4.42,4.43,39869,195954.41
2023/04/18,4.48,4.48,4.43,4.44,12900,63481.00
2023/04/19,4.40,4.44,4.40,4.43,31441,153478.09
2023/04/20,4.43,4.47,4.40,4.47,43523,214185.98
2023/04/21,4.42,4.46,4.37,4.38,37906,184420.28
2023/04/24,4.37,4.41,4.37,4.38,79163,384660.19
2023/04/25,4.34,4.45,4.33,4.34,28370,136850.81
2023/04/26,4.41,4.45,4.30,4.44,22598,108178.46
2023/04/27,4.35,4.44,4.35,4.41,25700,124661.80
2023/04/28,4.56,4.56,4.43,4.53,176758,878128.75
2023/05/04,4.48,4.55,4.40,4.54,147710,734992.38
2023/05/05,4.53,4.72,4.49,4.71,224580,1146318.75
2023/05/08,4.68,4.92,4.65,4.82,308843,1628287.63
2023/05/09,4.88,4.88,4.75,4.75,225410,1188744.63
2023/05/10,4.75,4.79,4.61,4.69,114746,589599.81
2023/05/11,4.71,4.79,4.68,4.75,61759,321030.78
2023/05/12,4.76,4.76,4.71,4.73,31635,164400.84
2023/05/15,4.78,4.79,4.70,4.73,128352,669247.69
2023/05/16,4.70,4.72,4.53,4.62,326567,1656889.25
2023/05/17,4.62,4.69,4.61,4.66,206751,1059026.75
2023/05/18,4.65,4.70,4.62,4.70,125913,644872.31
2023/05/19,4.65,4.70,4.61,4.70,95733,491664.53
2023/05/22,4.69,4.71,4.69,4.70,98995,512075.56
2023/05/23,4.72,4.78,4.69,4.73,142044,737431.88
2023/05/24,4.70,4.79,4.70,4.78,115573,604578.19
2023/05/25,4.77,4.77,4.66,4.71,56196,290542.13
2023/05/26,4.66,4.73,4.66,4.72,93914,485928.16
2023/05/29,4.70,4.76,4.69,4.76,45728,236724.59
2023/05/30,4.68,4.72,4.67,4.72,27676,143240.02
2023/05/31,4.64,4.72,4.64,4.72,19613,101257.34
2023/06/01,4.71,4.71,4.67,4.69,40238,207470.08
2023/06/02,4.69,4.77,4.65,4.75,199678,1034796.69
2023/06/05,4.78,4.78,4.71,4.75,48540,253152.11
2023/06/06,4.73,4.73,4.67,4.71,10990,56714.40
2023/06/07,4.73,4.73,4.67,4.73,32920,170749.59
2023/06/08,4.74,4.74,4.66,4.70,19033,98082.43
2023/06/09,4.68,4.71,4.63,4.66,71060,364989.44
2023/06/12,4.69,4.69,4.55,4.66,101374,514793.03
2023/06/13,4.68,4.69,4.65,4.65,59344,304848.84
2023/06/14,4.61,4.65,4.61,4.65,38020,193852.41
2023/06/15,4.63,4.67,4.61,4.65,94800,483227.69
2023/06/16,4.61,4.69,4.61,4.69,27125,139116.66
2023/06/19,4.60,4.69,4.60,4.68,56081,285650.16
2023/06/20,4.69,4.69,4.61,4.64,25735,131304.05
2023/06/21,4.66,4.75,4.63,4.71,164328,849515.75
2023/06/26,4.64,4.76,4.61,4.67,171669,877042.50
2023/06/27,4.67,4.67,4.58,4.63,80030,407316.94
2023/06/28,4.62,4.65,4.60,4.65,82479,418970.53
2023/06/29,4.65,4.91,4.64,4.81,527652,2774495.75
2023/06/30,4.85,4.85,4.75,4.80,436679,2295896.50
2023/07/03,4.83,4.83,4.74,4.78,231224,1210810.50
2023/07/04,4.74,5.05,4.74,5.00,1103622,5974614.50
2023/07/05,5.06,5.06,4.90,4.96,499293,2684467.75
2023/07/06,4.92,4.95,4.88,4.91,281804,1494368.25
2023/07/07,4.88,4.98,4.88,4.96,338569,1807978.50
2023/07/10,4.92,5.02,4.82,4.83,227081,1198040.00
2023/07/11,4.81,4.87,4.72,4.77,600065,3091744.75
2023/07/12,4.77,4.77,4.68,4.68,294557,1506487.50
2023/07/13,4.65,4.77,4.65,4.77,122251,624197.88
2023/07/14,4.72,4.81,4.72,4.78,127579,659775.50
2023/07/17,4.79,4.79,4.72,4.74,28866,148528.69
2023/07/18,4.80,4.80,4.72,4.72,28223,144711.30
2023/07/19,4.77,4.77,4.67,4.75,66151,336699.59
2023/07/20,4.77,4.77,4.69,4.71,20782,106463.23
2023/07/21,4.82,4.82,4.69,4.73,112400,576953.81
2023/07/24,4.68,4.75,4.67,4.74,47731,244417.14
2023/07/25,4.72,4.80,4.72,4.80,139241,720451.94
2023/07/26,4.75,4.80,4.71,4.75,114956,590993.19
2023/07/27,4.78,4.81,4.76,4.76,123862,641791.06
2023/07/28,4.74,4.79,4.71,4.79,116199,598468.50
2023/07/31,4.82,4.83,4.79,4.79,243168,1265577.75
2023/08/01,4.85,4.85,4.77,4.78,94572,491811.78
2023/08/02,4.82,4.82,4.74,4.77,136250,702270.19
2023/08/03,4.74,4.78,4.74,4.76,63400,326363.59
2023/08/04,4.78,4.79,4.75,4.76,128014,661612.81
2023/08/07,4.74,4.76,4.73,4.74,34195,175832.30
2023/08/08,4.78,4.78,4.72,4.75,66454,341039.47
2023/08/09,4.74,4.77,4.73,4.75,55108,283807.69
2023/08/10,4.78,4.78,4.75,4.75,24468,126167.80
2023/08/11,4.77,4.77,4.69,4.74,69443,355327.63
2023/08/14,4.70,4.75,4.69,4.74,54000,275510.00
2023/08/15,4.69,4.73,4.69,4.72,58589,298927.69
2023/08/16,4.68,4.72,4.68,4.72,44489,226555.84
2023/08/17,4.63,4.71,4.60,4.64,155286,783680.44
2023/08/18,4.64,4.65,4.61,4.61,66497,334688.84
2023/08/21,4.66,4.67,4.59,4.61,143266,718094.31
2023/08/22,4.61,4.62,4.55,4.61,74885,373233.78
2023/08/23,4.59,4.63,4.56,4.62,43108,214888.92
2023/08/24,4.56,4.60,4.55,4.59,94072,466863.63
2023/08/25,4.61,4.67,4.51,4.56,165099,822174.69
2023/08/28,4.72,4.72,4.59,4.60,186683,945580.94
2023/08/29,4.58,4.67,4.57,4.65,305856,1535639.13
2023/08/30,4.71,4.71,4.61,4.64,276432,1391011.25
2023/08/31,4.62,4.62,4.59,4.62,111782,559359.63
2023/09/01,4.62,4.78,4.62,4.74,692585,3548473.50
2023/09/04,4.90,5.30,4.89,5.12,1912845,10469077.00
2023/09/05,5.15,5.15,4.90,4.94,698239,3756271.25
2023/09/06,4.91,4.98,4.89,4.97,286381,1532185.13
2023/09/07,4.96,4.96,4.79,4.83,475327,2501227.00
2023/09/08,4.86,4.88,4.79,4.85,144820,756617.50
2023/09/11,4.86,4.88,4.82,4.84,155905,816901.06
2023/09/12,4.84,4.87,4.83,4.85,56300,295376.00
2023/09/13,4.85,4.86,4.76,4.81,191990,998127.63
2023/09/14,4.82,4.86,4.78,4.81,129053,669597.94
2023/09/15,4.85,4.85,4.77,4.79,128333,664854.19
2023/09/18,4.78,4.82,4.77,4.80,338809,1759592.63
2023/09/19,4.80,4.80,4.77,4.78,238879,1238080.63
2023/09/20,4.83,4.83,4.77,4.78,115721,599721.31
2023/09/21,4.76,4.80,4.74,4.78,108564,560635.06
2023/09/22,4.78,4.79,4.76,4.78,127231,658488.19
2023/09/25,4.81,4.81,4.72,4.74,172168,884516.44
2023/09/26,4.73,4.76,4.71,4.72,111379,571072.19
2023/09/27,4.75,4.76,4.71,4.73,114048,584546.88
2023/09/28,4.73,4.73,4.69,4.73,210152,1073434.75
2023/10/09,4.70,4.76,4.68,4.71,112929,576056.88
2023/10/10,4.69,4.72,4.63,4.63,88029,444967.66
2023/10/11,4.67,4.68,4.60,4.63,65517,329837.91
2023/10/12,4.63,4.67,4.62,4.65,84642,426310.22
2023/10/13,4.62,4.62,4.57,4.58,134876,673769.00
2023/10/16,4.62,4.62,4.58,4.60,162627,812700.75
2023/10/17,4.59,4.61,4.59,4.61,126342,631695.00
2023/10/18,4.63,4.63,4.56,4.59,94242,469403.75
2023/10/19,4.55,4.59,4.54,4.56,105411,523127.00
2023/10/20,4.58,4.58,4.53,4.58,93181,460918.47
2023/10/23,4.55,4.57,4.50,4.55,179820,888003.63
2023/10/24,4.55,4.59,4.54,4.59,51980,258018.80
2023/10/25,4.60,4.66,4.60,4.64,89727,450006.13
2023/10/26,4.64,4.66,4.58,4.62,41554,207677.22
2023/10/27,4.61,4.72,4.61,4.68,237166,1201115.00
2023/10/30,4.65,4.72,4.65,4.71,203313,1035730.56
2023/10/31,4.76,4.78,4.71,4.75,335618,1725955.00
2023/11/01,4.77,4.77,4.70,4.73,133087,681134.19
2023/11/02,4.72,4.74,4.65,4.71,86038,437693.66
2023/11/03,4.68,4.72,4.61,4.69,414617,2095755.50
2023/11/06,4.69,4.75,4.67,4.74,229004,1171273.63
2023/11/07,4.76,4.95,4.72,4.86,888778,4677210.50
2023/11/08,4.94,6.43,4.94,6.43,7462966,47580364.00
2023/11/09,6.63,7.78,6.61,7.45,12873870,96554784.00
2023/11/10,6.50,6.72,5.94,6.29,7947750,53023328.00
2023/11/13,6.25,6.29,5.94,6.23,4740856,30949500.00
2023/11/14,6.20,6.23,5.92,6.20,4475604,28896364.00
2023/11/15,6.16,6.42,6.06,6.23,3888863,25776170.00
2023/11/16,6.21,6.25,5.79,5.84,2829614,18157022.00
2023/11/17,5.85,6.27,5.79,6.03,3254359,21071378.00
2023/11/20,5.95,6.59,5.79,6.39,5189786,34041892.00
2023/11/21,6.23,7.79,6.23,6.80,8188245,60599416.00
2023/11/22,6.81,7.63,6.48,7.45,7401242,55826936.00
2023/11/23,7.22,8.13,7.01,7.06,7122756,56223556.00
2023/11/24,6.85,8.36,6.85,8.04,9092941,73087832.00
2023/11/27,8.80,10.25,8.30,10.20,11513640,112617744.00
2023/11/28,9.16,11.09,9.13,9.61,10075478,105889008.00
2023/11/29,9.59,10.13,8.20,8.70,6763728,65047548.00
2023/11/30,8.42,8.83,7.90,8.36,4637996,40269336.00
2023/12/01,8.42,8.53,7.70,7.75,4054787,34226108.00
2023/12/04,7.87,7.95,7.33,7.75,2167841,17622644.00
2023/12/05,7.75,9.02,7.51,9.02,6430870,57196080.00
2023/12/06,8.81,9.45,8.53,8.79,4712715,44093212.00
2023/12/07,8.60,9.12,8.60,8.88,4077606,37896456.00
2023/12/08,8.98,9.11,8.68,8.95,3960251,36939172.00
2023/12/11,8.99,9.04,8.32,8.34,2989465,26833770.00
2023/12/12,8.44,8.77,8.17,8.71,2635313,23411814.00
2023/12/13,8.60,9.50,8.52,9.13,5558597,52617720.00
2023/12/14,9.16,9.85,8.85,9.48,7078482,69865976.00
2023/12/15,9.39,9.64,9.00,9.40,4059419,39474464.00
2023/12/18,9.40,11.04,9.28,10.32,8969999,94284808.00
2023/12/19,10.10,10.20,9.56,9.85,6230353,63597348.00
2023/12/20,9.84,10.23,9.68,10.01,5173427,53820220.00
2023/12/21,9.90,10.24,8.40,8.53,6211306,60604576.00
2023/12/22,8.31,8.77,8.30,8.60,2848110,25353664.00
2023/12/25,8.60,9.19,8.60,9.19,4024610,37734788.00
2023/12/26,9.37,9.80,9.02,9.73,5531032,54728008.00
2023/12/27,9.73,9.73,9.26,9.48,3522975,34764292.00
2023/12/28,9.48,9.70,9.36,9.50,3419028,33992664.00
2023/12/29,9.48,9.98,9.41,9.90,3644912,37209124.00
2024/01/02,10.09,10.50,9.90,10.50,5633200,60116068.00
2024/01/03,10.49,10.53,10.13,10.30,3795068,40564276.00
2024/01/04,10.31,10.35,9.82,10.35,3411686,35983308.00
2024/01/05,10.32,10.60,9.55,9.71,3325423,34584832.00
2024/01/08,9.73,9.96,9.30,9.32,2514934,25239896.00
2024/01/09,9.39,9.49,8.41,8.88,3174308,29612892.00
2024/01/10,8.81,9.09,8.63,8.94,2141808,19879386.00
2024/01/11,8.88,9.03,8.74,8.94,1198999,11159078.00
2024/01/12,8.93,9.00,8.01,8.03,2384805,20987900.00
2024/01/15,8.02,8.07,7.61,7.69,1374453,11270016.00
2024/01/16,7.69,8.35,7.38,8.22,2478238,20655092.00
2024/01/17,8.19,8.64,8.06,8.11,2363796,20680710.00
2024/01/18,8.10,8.55,7.82,8.52,2444359,21263634.00
2024/01/19,8.39,8.98,8.39,8.91,2648839,24330724.00
2024/01/22,8.79,8.99,8.23,8.42,2433328,22094744.00
2024/01/23,8.26,8.70,8.26,8.56,1267170,11286615.00
2024/01/24,8.76,9.05,8.51,8.89,3221910,29646772.00
2024/01/25,8.82,8.95,8.41,8.61,2778992,25284150.00
2024/01/26,8.54,8.88,8.44,8.46,1432604,13024261.00
2024/01/29,8.60,8.60,7.62,7.71,1879664,15779953.00
2024/01/30,7.71,7.99,7.40,7.62,1634693,13151985.00
2024/01/31,7.46,7.92,7.46,7.74,1778460,14510625.00
2024/02/01,7.61,7.69,7.31,7.32,1474471,11548272.00
2024/02/02,7.40,7.43,6.32,6.70,1860596,13506211.00
2024/02/05,6.58,7.49,5.94,7.17,3311946,24012922.00
2024/02/06,7.00,8.74,6.85,8.74,5220464,43501064.00
2024/02/07,8.67,8.98,8.03,8.05,4810287,43392336.00
2024/02/08,7.80,8.02,6.89,7.70,3606133,28765748.00
2024/02/19,7.71,7.89,7.60,7.84,1968925,16075759.00
2024/02/20,7.77,8.04,7.72,8.02,2339336,19493130.00
2024/02/21,8.03,8.59,7.82,7.97,2554495,22183346.00
2024/02/22,7.88,8.07,7.70,7.90,1592304,13185297.00
2024/02/23,7.95,7.95,7.65,7.68,1624829,13222959.00
2024/02/26,7.62,7.76,7.60,7.70,1292422,10439465.00
2024/02/27,7.65,8.36,7.65,8.19,2922499,24704452.00
2024/02/28,8.05,8.35,7.76,7.78,2728246,23206174.00
2024/02/29,7.78,8.03,7.71,7.99,1340332,11163515.00
2024/03/01,7.99,8.15,7.97,8.10,1481203,12565668.00
2024/03/04,8.15,8.15,7.75,7.82,1213214,10016796.00
2024/03/05,7.85,7.86,7.56,7.56,1266619,10212089.00
2024/03/06,7.51,7.77,7.51,7.63,1105292,8917638.00
2024/03/07,7.67,7.72,7.36,7.38,920129,7278546.50
2024/03/08,7.40,7.68,7.32,7.65,1275774,10107918.00
2024/03/11,7.60,7.73,7.59,7.72,732083,5900255.50
2024/03/12,7.75,7.75,7.58,7.65,672766,5417895.50
2024/03/13,7.70,7.70,7.52,7.52,963970,7682945.00
2024/03/14,7.60,7.60,7.33,7.45,753794,5917035.00
2024/03/15,7.54,8.26,7.36,8.15,3530385,29247888.00
2024/03/18,8.18,8.21,7.90,8.04,1815066,15312498.00
2024/03/19,8.01,8.04,7.85,7.89,864014,7202879.00
2024/03/20,7.86,7.94,7.82,7.87,1160082,9585567.00
2024/03/21,7.86,7.88,7.63,7.64,1145675,9274152.00
2024/03/22,7.70,7.71,7.49,7.56,594825,4741693.50
2024/03/25,7.51,7.62,7.39,7.39,508040,4014734.50
2024/03/26,7.39,7.44,7.21,7.32,533793,4119162.25
2024/03/27,7.31,7.65,7.31,7.52,1131273,8947224.00
2024/03/28,7.49,7.68,7.40,7.65,1169756,9321042.00
2024/03/29,7.60,7.75,7.52,7.75,1352582,10922864.00
2024/04/01,7.75,7.80,7.69,7.79,610292,4969554.00
2024/04/02,7.73,7.80,7.68,7.75,560337,4566213.00
2024/04/03,7.82,7.82,7.60,7.73,371871,3018121.25
2024/04/08,7.62,7.85,7.50,7.71,695546,5591433.00
2024/04/09,7.70,7.81,7.66,7.75,403669,3281343.75
2024/04/10,7.80,8.09,7.70,7.84,1690835,14093477.00
2024/04/11,7.80,7.80,7.66,7.78,768085,6254634.50
2024/04/12,7.70,7.85,7.53,7.73,580821,4709127.00
2024/04/15,7.77,7.77,7.41,7.63,706960,5649801.50
2024/04/16,7.63,7.63,7.14,7.21,724029,5554325.50
2024/04/17,7.32,7.66,7.23,7.65,754968,5978984.00
2024/04/18,7.73,8.00,7.56,7.84,944481,7729392.50
2024/04/19,7.83,7.88,7.62,7.75,569717,4638362.50
2024/04/22,7.84,8.50,7.73,8.38,2788457,24060962.00
2024/04/23,8.70,9.57,8.66,8.95,6214064,58545496.00
2024/04/24,8.60,9.19,8.38,8.79,3652048,33215418.00
2024/04/25,8.84,8.84,8.25,8.31,2178059,19427866.00
2024/04/26,8.05,8.45,8.05,8.27,1454891,12611695.00
2024/04/29,8.31,8.32,8.01,8.18,1357576,11618598.00
2024/04/30,8.20,8.70,8.06,8.59,2329612,20614398.00
2024/05/06,8.48,8.74,8.38,8.50,1540189,13660780.00
2024/05/07,8.40,9.01,8.30,8.73,2049785,18522880.00
2024/05/08,8.64,8.99,8.49,8.70,1379173,12625878.00
2024/05/09,8.70,8.95,8.50,8.93,2031374,18667924.00
2024/05/10,9.07,9.18,8.80,9.02,1910994,17921838.00
2024/05/13,9.10,9.60,9.06,9.43,3495293,34168856.00
2024/05/14,9.10,9.57,9.08,9.26,1829526,17686946.00
2024/05/15,9.15,9.48,8.78,8.88,1553607,14814586.00
2024/05/16,8.80,8.91,8.45,8.56,1263618,11433096.00
2024/05/17,8.60,9.50,8.48,9.48,1895113,17944894.00
2024/05/20,9.41,9.95,9.17,9.31,1700710,16881088.00
2024/05/21,9.40,9.40,8.75,8.88,2232726,20893382.00
2024/05/22,8.89,9.46,8.84,8.90,1706082,16083292.00
2024/05/23,8.90,9.37,8.58,9.09,3280259,30876728.00
2024/05/24,8.98,9.00,8.60,8.64,2645840,24240428.00
2024/05/27,8.57,8.70,8.43,8.63,867596,7747956.00
2024/05/28,8.74,8.75,8.50,8.63,1309071,11823044.00
2024/05/29,8.64,8.82,8.28,8.69,2159734,19240952.00
2024/05/30,8.53,8.56,7.59,8.04,2619988,22549584.00
2024/05/31,7.99,8.05,7.66,7.68,2012523,16550667.00
2024/06/03,7.63,7.67,7.27,7.35,1502077,11742119.00
2024/06/04,7.35,7.53,7.28,7.34,712477,5552361.50
2024/06/05,7.43,7.46,7.12,7.27,730932,5523660.00
2024/06/06,7.41,8.01,6.83,7.73,2705312,20958628.00
2024/06/07,7.71,7.93,7.40,7.61,1688262,13300153.00
2024/06/11,7.49,7.81,7.32,7.74,1186954,9369577.00
2024/06/12,7.73,7.80,7.59,7.67,364838,2902569.00
2024/06/13,7.64,7.70,7.48,7.49,1026496,8087106.50
2024/06/14,7.51,7.59,7.36,7.41,705402,5449124.00
2024/06/17,7.49,7.49,7.21,7.22,416404,3159580.75
2024/06/18,7.23,7.34,7.15,7.17,591417,4442073.50
2024/06/19,7.17,7.40,7.13,7.20,870067,6562203.50
2024/06/20,7.16,7.43,6.97,6.98,768516,5690834.50
2024/06/21,7.06,7.19,6.95,6.97,781434,5737380.00
2024/06/24,6.96,6.96,6.66,6.67,567153,4016099.25
2024/06/25,6.69,6.91,6.57,6.75,1230782,8640706.00
2024/06/26,6.73,6.84,6.62,6.79,487910,3424350.50
2024/06/27,6.79,6.91,6.67,6.83,550686,3890541.00
2024/06/28,6.85,6.89,6.71,6.72,358752,2537457.50
2024/07/01,6.75,6.78,6.63,6.70,227809,1590460.13
2024/07/02,6.71,6.91,6.70,6.85,995497,7066376.50
2024/07/03,7.01,7.08,6.80,7.07,1184981,8633552.00
2024/07/04,7.11,7.36,7.03,7.20,1115447,8377230.00
2024/07/05,7.23,7.49,7.01,7.48,1295253,9815954.00
2024/07/08,7.48,7.51,6.96,7.25,560296,4210824.00
2024/07/09,7.09,7.39,6.92,7.38,910608,6741981.00
2024/07/10,7.35,7.38,7.09,7.16,605580,4543358.50
2024/07/11,7.29,7.37,7.11,7.19,757950,5682881.50
2024/07/12,7.08,7.37,7.02,7.31,1236468,9226482.00
2024/07/15,7.21,7.31,7.06,7.17,540371,4035225.50
2024/07/16,7.23,7.43,7.04,7.41,2021668,15336000.00
2024/07/17,7.41,8.09,7.30,8.02,5386762,43585396.00
2024/07/18,8.01,8.01,7.26,7.36,3684662,28666042.00
2024/07/19,7.37,7.41,7.01,7.03,2436954,18308802.00
2024/07/22,7.00,7.06,6.85,6.86,1162188,8370796.00
2024/07/23,6.89,6.94,6.71,6.73,782901,5572798.00
2024/07/24,6.73,6.75,6.49,6.50,933767,6404100.00
2024/07/25,6.55,6.64,6.46,6.57,671993,4609296.50
2024/07/26,6.61,6.70,6.57,6.68,575757,3989117.25
2024/07/29,6.71,6.74,6.58,6.67,478078,3326031.50
2024/07/30,6.67,6.77,6.53,6.62,533436,3700498.50
2024/07/31,6.58,6.83,6.58,6.76,928632,6527555.00
2024/08/01,6.79,6.88,6.69,6.69,408866,2876002.00
2024/08/02,6.66,6.68,6.49,6.56,927928,6385840.50
2024/08/05,6.52,6.66,6.41,6.43,707126,4803033.50
2024/08/06,6.46,6.58,6.34,6.47,353449,2390085.00
2024/08/07,6.43,6.52,6.37,6.44,625692,4204637.00
2024/08/08,6.47,6.47,6.33,6.45,336496,2255479.75
2024/08/09,6.45,6.63,6.34,6.45,513513,3484046.25
2024/08/12,6.44,6.51,6.40,6.48,201877,1360054.38
2024/08/13,6.44,6.49,6.40,6.42,267387,1798675.75
2024/08/14,6.41,6.47,6.27,6.31,509629,3385067.50
2024/08/15,6.31,6.41,6.19,6.31,644186,4241666.50
2024/08/16,6.31,6.38,6.25,6.27,270995,1789086.00
2024/08/19,6.31,6.31,6.12,6.17,388121,2515296.25
2024/08/20,6.17,6.25,6.02,6.17,475182,3053117.25
2024/08/21,6.11,6.21,6.06,6.20,296068,1898546.00
2024/08/22,6.13,6.19,5.93,6.06,510729,3235424.75
2024/08/23,6.03,6.06,5.88,6.00,424834,2652875.00
2024/08/26,6.00,6.04,5.97,6.04,389395,2445185.50
2024/08/27,6.26,6.36,6.11,6.16,857272,5588148.00
2024/08/28,6.16,6.30,6.11,6.26,906346,5911094.50
2024/08/29,6.19,6.35,6.18,6.26,532238,3494080.25
2024/08/30,6.27,6.48,6.24,6.43,1161156,7764623.00
2024/09/02,6.41,6.51,6.19,6.20,633004,4171494.25
2024/09/03,6.24,6.24,6.16,6.17,303882,1970340.13
2024/09/04,6.17,6.20,6.01,6.08,306037,1946314.00
2024/09/05,6.10,6.12,6.07,6.10,136461,871274.75
2024/09/06,6.06,6.07,5.92,5.93,382319,2396717.25
2024/09/09,5.91,5.91,5.81,5.86,302839,1864254.63
2024/09/10,5.87,5.87,5.71,5.86,516405,3138071.50
2024/09/11,5.85,5.88,5.81,5.83,106069,649600.88
2024/09/12,5.87,5.88,5.76,5.81,244564,1499734.50
2024/09/13,5.81,6.09,5.74,5.96,991326,6155965.00
2024/09/18,5.96,6.00,5.81,5.86,501552,3102811.50
2024/09/19,5.86,6.00,5.84,5.91,383612,2387316.75
2024/09/20,5.92,6.00,5.83,5.88,244409,1513335.88
2024/09/23,5.93,5.93,5.82,5.86,180809,1112058.50
2024/09/24,5.89,6.06,5.84,6.03,648508,4071598.50
2024/09/25,6.06,6.17,6.05,6.08,1274080,8165951.00
2024/09/26,6.08,6.19,6.06,6.19,1193602,7662016.50
2024/09/27,6.26,6.90,6.26,6.68,2924884,20015704.00
2024/09/30,6.98,8.11,6.82,7.91,3696440,28350780.00
2024/10/08,9.54,9.93,8.36,9.63,6859906,64306560.00
2024/10/09,9.02,9.04,7.95,7.97,3214977,28334226.00
2024/10/10,8.05,8.32,7.67,7.87,2168452,17932234.00
2024/10/11,7.86,7.97,7.24,7.37,1658382,12950526.00
2024/10/14,7.38,7.72,7.33,7.72,1271787,9916133.00
2024/10/15,7.73,8.05,7.55,7.65,1429019,11560184.00
2024/10/16,7.47,7.95,7.38,7.92,1897431,15297824.00
2024/10/17,8.05,8.65,7.77,8.14,2968981,25291466.00
2024/10/18,8.19,8.98,8.10,8.72,3612900,31969306.00
2024/10/21,8.83,9.57,8.79,9.52,5325194,50376436.00
2024/10/22,9.66,9.66,8.82,8.93,3225609,30306392.00
2024/10/23,8.84,9.54,8.84,9.35,3338742,31938076.00
2024/10/24,9.33,10.00,9.33,9.89,5026708,49948928.00
2024/10/25,10.10,11.00,9.77,9.98,6053569,64396296.00
2024/10/28,9.98,10.77,9.67,10.77,4382674,46081692.00
2024/10/29,11.97,14.07,11.97,14.07,6910840,92276344.00
2024/10/30,16.66,18.36,16.10,18.36,17215696,312420256.00
2024/10/31,16.77,23.93,16.57,20.54,17192042,362451776.00
2024/11/01,18.51,25.82,18.27,22.72,16269330,359087520.00
2024/11/04,22.68,29.60,21.59,29.60,16062198,441756992.00
2024/11/05,33.77,38.07,27.77,28.74,21307222,684840384.00
2024/11/06,27.47,35.77,26.48,35.77,19299023,574639232.00
2024/11/07,32.32,35.27,29.75,29.87,12901968,418226592.00
2024/11/08,28.27,31.22,26.96,27.47,10595653,304034272.00
2024/11/11,26.67,26.77,24.77,26.07,7506666,195175488.00
2024/11/12,26.07,28.15,25.85,26.74,6195219,168218912.00
2024/11/13,26.20,26.77,24.57,25.63,5223305,133727200.00
2024/11/14,25.67,26.26,24.76,24.84,3727794,96396376.00
2024/11/15,24.84,25.52,23.37,24.78,5512504,136625760.00
2024/11/18,25.14,25.15,21.82,22.37,4489164,105802608.00
2024/11/19,22.77,28.16,22.57,28.00,13114329,343735040.00
2024/11/20,27.37,29.45,25.65,28.01,11349426,309932224.00
2024/11/21,27.77,28.27,26.57,26.99,7609623,208288544.00
2024/11/22,26.99,26.99,24.43,24.44,5905312,152800112.00
2024/11/25,24.97,25.25,23.28,24.13,3169748,76958056.00
2024/11/26,23.77,25.04,23.24,23.44,2874246,70198856.00
2024/11/27,23.55,23.76,21.67,23.67,3293299,75803096.00
2024/11/28,23.91,24.62,23.47,23.78,3794081,92589800.00
2024/11/29,23.27,24.43,22.78,23.86,3630976,86712272.00
2024/12/02,24.21,25.75,23.97,24.92,4482546,113005600.00
2024/12/03,24.65,28.65,24.23,27.27,8377938,221138400.00
2024/12/04,26.27,26.92,24.95,25.03,5279344,137793872.00
2024/12/05,23.77,25.76,23.77,25.07,2838206,71824824.00
2024/12/06,25.07,25.54,24.20,24.21,2542937,63248092.00
2024/12/09,24.17,24.17,22.47,22.49,2818983,65681504.00
2024/12/10,24.27,24.57,21.99,22.28,2514298,59064196.00
2024/12/11,22.88,26.32,22.85,24.19,7324819,183284736.00
2024/12/12,23.51,24.19,22.38,22.95,4538097,104934848.00
2024/12/13,22.77,23.62,22.32,22.82,2583181,59726672.00
2024/12/16,23.47,23.47,21.77,21.98,1985455,45050216.00
2024/12/17,21.98,22.59,21.27,21.52,1795206,39658072.00
2024/12/18,22.26,23.53,21.76,22.17,2847142,65238360.00
2024/12/19,20.55,22.25,20.48,21.93,2868643,61359256.00
2024/12/20,22.77,23.86,22.37,22.47,3974744,93110776.00
2024/12/23,22.22,22.22,21.26,21.46,2444543,53221276.00
2024/12/24,21.12,21.77,20.64,21.15,1903180,40475204.00
2024/12/25,21.63,21.63,19.78,19.97,1744263,35750148.00
2024/12/26,19.77,20.56,19.77,19.87,1188188,24180828.00
2024/12/27,20.02,20.03,19.28,19.42,1442981,28736992.00
2024/12/30,19.47,19.47,17.67,17.69,2205112,40756564.00
2024/12/31,17.97,18.49,17.52,17.71,1437382,26227634.00
2025/01/02,18.07,18.27,17.15,17.67,993934,17802810.00
2025/01/03,17.70,18.65,17.32,18.25,2026576,37145360.00
2025/01/06,17.92,18.42,17.67,17.95,1268447,23196466.00
2025/01/07,18.22,18.22,17.57,18.15,1123206,20429734.00
2025/01/08,18.28,18.67,17.57,18.62,1887408,34857700.00
2025/01/09,18.33,19.26,18.33,18.93,1666357,31942392.00
2025/01/10,19.27,20.76,18.63,20.65,5187409,105118240.00
2025/01/13,21.46,24.42,20.76,23.13,8464773,195622192.00
2025/01/14,23.13,24.95,21.77,24.46,8944069,213346640.00
2025/01/15,22.77,23.66,22.47,22.94,6659746,154856992.00
2025/01/16,22.43,23.27,21.86,22.20,4083460,92901304.00
2025/01/17,22.22,22.40,21.38,21.44,2597793,57207712.00
2025/01/20,21.79,22.72,21.29,22.55,3249488,72401240.00
2025/01/21,22.76,23.07,21.37,21.66,2653507,58607020.00
2025/01/22,21.49,21.84,20.29,20.33,2022781,42635360.00
2025/01/23,20.84,21.18,19.97,19.97,2170134,45393136.00
2025/01/24,20.38,20.38,19.87,20.03,1354418,27519972.00
2025/01/27,20.27,20.52,18.79,18.95,1338487,26934938.00
2025/02/05,19.07,19.46,19.07,19.22,1065512,20760606.00
2025/02/06,19.42,20.71,19.07,20.61,2623764,53073504.00
2025/02/07,20.40,22.00,20.37,21.28,4081545,87563704.00
2025/02/10,21.17,21.74,21.02,21.72,3123462,67438856.00
2025/02/11,21.85,23.67,21.03,22.79,5223475,117600240.00
2025/02/12,22.52,23.02,21.89,22.42,3806138,86018416.00
2025/02/13,22.34,22.56,20.99,21.10,3078559,68077096.00
2025/02/14,21.05,21.36,20.77,21.05,1772805,37795496.00
2025/02/17,21.37,21.45,20.27,21.27,1740097,37119128.00
2025/02/18,21.22,21.99,20.69,21.06,2353416,50988248.00
2025/02/19,20.99,21.96,20.63,21.63,2831432,61658008.00
2025/02/20,21.77,22.03,21.20,21.58,2886675,63053476.00
2025/02/21,21.48,22.57,21.28,22.48,4508630,100928328.00
2025/02/24,22.65,22.65,21.58,21.81,3071668,68248128.00
2025/02/25,21.22,22.32,21.22,21.87,2199299,48504888.00
2025/02/26,21.77,23.21,21.77,22.42,3300169,75109216.00
2025/02/27,22.33,23.16,22.19,22.80,3618077,83206016.00
2025/02/28,22.85,24.75,22.27,23.22,6304656,151185488.00
2025/03/03,23.37,24.67,23.27,24.57,6826032,165818096.00
2025/03/04,24.57,25.32,23.65,24.87,6119168,151041264.00
2025/03/05,24.52,24.91,23.95,24.29,4896114,120421616.00
2025/03/06,24.15,24.48,23.17,23.62,4265026,101857480.00
2025/03/07,24.00,24.22,23.27,23.56,3138386,75509632.00
2025/03/10,23.74,24.67,23.37,24.60,3811138,92931648.00
2025/03/11,24.22,24.84,23.65,24.70,3446835,84384544.00
2025/03/12,24.91,28.57,24.83,26.59,9697727,260605024.00
2025/03/13,26.17,34.12,25.65,32.64,17302274,517235712.00
2025/03/14,30.88,31.32,28.46,29.40,12372829,369493376.00
2025/03/17,28.28,29.65,27.92,28.02,7606759,219197472.00
2025/03/18,28.57,28.70,27.27,27.68,4737943,132412328.00
2025/03/19,27.37,28.86,26.78,26.95,6183640,174881232.00
2025/03/20,26.35,26.77,25.29,25.37,5797580,151302944.00
2025/03/21,25.71,25.72,23.52,23.59,4264181,104768832.00
2025/03/24,23.66,25.57,23.41,25.29,3865153,94817760.00
2025/03/25,25.09,25.84,24.67,25.64,3514293,89598584.00
2025/03/26,25.57,25.93,24.60,24.67,3138757,80017024.00
2025/03/27,24.48,24.92,23.83,24.52,2116498,52068192.00
2025/03/28,24.66,24.66,23.05,23.07,2682934,64339528.00
2025/03/31,22.97,23.04,21.95,22.78,1967326,44506632.00
2025/04/01,22.65,23.37,22.62,22.94,1469563,34218040.00
2025/04/02,22.94,23.36,22.84,22.97,1294404,30183356.00
2025/04/03,22.61,23.01,22.28,22.67,1307304,29870986.00
2025/04/07,19.10,21.57,15.95,16.48,3733249,68969464.00
2025/04/08,17.22,17.55,16.77,17.32,2841158,49396336.00
2025/04/09,16.87,19.21,16.09,19.06,4313879,79088400.00
2025/04/10,19.57,21.22,19.45,20.29,4501329,93134632.00
2025/04/11,19.76,21.77,19.67,21.77,4478010,95085936.00
2025/04/14,22.83,23.24,21.44,22.23,4519101,101600216.00
2025/04/15,22.07,22.47,21.31,21.64,2826051,62360348.00
2025/04/16,21.65,21.73,20.57,20.85,2111448,44710740.00
2025/04/17,21.03,21.76,20.62,21.66,2723536,58671384.00
2025/04/18,22.47,23.74,21.98,22.97,5849018,135079744.00
2025/04/21,23.32,23.32,22.33,22.96,3496462,79916824.00
2025/04/22,22.99,23.04,22.25,22.27,2809065,64496688.00
2025/04/23,22.35,22.97,22.08,22.30,3319608,75611792.00
2025/04/24,22.47,22.56,20.98,21.07,2895712,63243356.00
2025/04/25,21.95,21.95,21.07,21.11,1465953,31535764.00
2025/04/28,21.48,21.48,20.35,20.46,1351429,28429142.00
2025/04/29,20.37,21.75,20.37,21.15,2148381,46033664.00
2025/04/30,21.21,22.05,21.21,21.77,2346953,51328492.00
2025/05/06,22.02,22.48,21.87,22.47,2118527,47662660.00
2025/05/07,22.93,24.72,22.35,23.63,6145409,146356464.00
2025/05/08,23.18,24.32,22.96,23.46,4007207,96120288.00
2025/05/09,23.27,23.75,23.06,23.06,2483646,58456004.00
2025/05/12,23.45,24.18,23.27,23.98,3287309,79148152.00
2025/05/13,24.43,24.64,23.03,23.08,2612973,62458344.00
2025/05/14,23.37,23.37,22.67,23.27,1749530,40620596.00
2025/05/15,23.22,23.45,22.65,22.73,1526300,35325876.00
2025/05/16,22.85,23.93,22.55,23.58,3155768,74485248.00
2025/05/19,23.45,24.15,23.21,23.79,2217517,52718480.00
2025/05/20,23.79,24.54,23.51,24.54,3429501,83479600.00
2025/05/21,24.52,24.94,23.62,23.64,2919587,70540832.00
2025/05/22,23.83,23.85,22.23,22.33,2777682,63567604.00
2025/05/23,22.25,22.81,21.71,21.71,1690349,37903824.00
2025/05/26,21.53,22.43,21.52,22.41,1470712,32720202.00
2025/05/27,22.50,22.64,21.85,21.95,1437811,32143646.00
2025/05/28,21.60,22.13,21.22,21.22,1614004,35099276.00
2025/05/29,21.16,22.13,21.16,22.00,2002603,44073700.00
2025/05/30,22.21,22.33,21.44,21.69,1220567,26775874.00
2025/06/03,20.85,21.61,20.85,21.15,1778151,37951440.00
2025/06/04,21.14,21.42,21.07,21.24,1065428,22780322.00
2025/06/05,21.24,21.40,21.07,21.39,1088767,23308194.00
2025/06/06,21.43,21.95,21.18,21.37,1795115,38837932.00
2025/06/09,21.63,21.67,21.26,21.55,1468737,31761664.00
2025/06/10,21.47,21.67,20.71,21.02,1364756,29038772.00
2025/06/11,21.10,22.20,21.04,21.80,3032723,66671464.00
2025/06/12,21.62,23.26,21.27,22.73,4790800,108282728.00
2025/06/13,22.75,23.04,21.88,22.05,2568447,57622752.00
2025/06/16,21.95,22.38,21.65,21.86,1375085,30346568.00
2025/06/17,21.91,21.95,21.37,21.65,1162311,25330090.00
2025/06/18,21.64,21.66,21.05,21.49,989572,21245990.00
2025/06/19,21.26,21.80,20.73,20.83,1109014,23721170.00
2025/06/20,20.92,21.18,20.41,20.41,784134,16341421.00
2025/06/23,20.05,20.96,20.03,20.89,1085075,22478664.00
2025/06/24,20.89,21.68,20.85,21.59,1498527,32397088.00
2025/06/25,21.66,22.05,21.36,21.88,1719605,37634392.00
2025/06/26,22.25,22.30,21.52,21.55,1498663,32992274.00
2025/06/27,21.85,21.99,21.48,21.55,1107686,24202486.00
2025/06/30,21.74,21.74,21.38,21.69,936011,20332400.00
2025/07/01,21.81,21.82,21.38,21.65,1119609,24381648.00
2025/07/02,21.53,21.77,21.43,21.52,769097,16678827.00
2025/07/03,21.74,22.23,21.55,21.99,1757565,38928764.00
2025/07/04,21.96,22.07,21.16,21.29,1345953,29105406.00
2025/07/07,21.29,21.60,20.86,20.95,590980,12515478.00
2025/07/08,21.10,21.15,20.87,21.11,680271,14416209.00
2025/07/09,21.35,21.47,20.63,20.80,1100109,23246288.00
2025/07/10,21.18,21.18,20.57,21.00,882106,18520948.00
2025/07/11,21.00,21.33,20.86,21.04,1183275,25143564.00
2025/07/14,21.03,21.30,20.87,21.10,792856,16881356.00
2025/07/15,21.24,21.31,20.75,21.18,1030461,21815078.00
2025/07/16,21.23,21.36,21.00,21.17,788699,16836022.00
2025/07/17,21.34,21.35,20.92,21.01,934828,19789924.00
2025/07/18,21.11,21.14,20.75,20.90,815350,17124672.00
2025/07/21,20.90,21.10,20.74,21.08,944585,19983180.00
2025/07/22,21.23,21.30,20.95,21.18,1250208,26592900.00
2025/07/23,21.07,21.36,20.75,20.83,1762888,37327276.00
2025/07/24,21.05,21.05,20.74,20.88,1475547,30960510.00
2025/07/25,21.00,21.14,20.60,20.73,1198398,25077586.00
2025/07/28,20.76,21.02,20.62,20.73,807160,16853226.00
2025/07/29,20.72,20.79,20.35,20.59,876717,18149710.00
2025/07/30,20.70,20.82,20.40,20.74,943253,19585466.00
2025/07/31,20.77,21.10,20.63,20.70,1871653,39400548.00
2025/08/01,20.55,21.00,20.18,20.39,1126621,23167532.00
2025/08/04,20.47,20.60,20.05,20.24,1075875,21871970.00
2025/08/05,20.37,20.52,20.16,20.44,679928,13952543.00
2025/08/06,20.42,20.85,20.26,20.72,1257624,26156738.00
2025/08/07,21.20,22.40,21.14,21.39,4969345,108815856.00
2025/08/08,21.73,21.84,20.73,20.93,2684406,56837584.00
2025/08/11,21.13,21.13,20.60,20.68,1734885,36173680.00
2025/08/12,20.69,20.90,20.45,20.60,1037131,21544778.00
2025/08/13,20.60,20.69,20.39,20.47,1382439,28584286.00
2025/08/14,20.47,20.51,20.05,20.05,1303544,26531590.00
2025/08/15,20.09,20.73,20.09,20.64,1737502,35974668.00
2025/08/18,20.83,21.35,20.56,21.12,2150086,45558244.00
2025/08/19,21.34,21.63,21.06,21.13,2582287,55634052.00
2025/08/20,21.08,21.43,20.83,21.35,1918276,40995764.00
2025/08/21,21.51,21.64,21.15,21.34,1639657,35267948.00
2025/08/22,21.49,21.52,21.15,21.26,1368750,29286038.00
2025/08/25,21.22,21.65,20.98,21.21,1708829,36418012.00
2025/08/26,21.23,21.51,21.12,21.34,1689125,36301716.00
2025/08/27,21.57,21.57,20.58,20.58,1767647,37459404.00
2025/08/28,20.65,20.91,20.10,20.61,1369820,28272282.00
2025/08/29,20.75,21.24,20.59,20.98,1614184,34087520.00
2025/09/01,20.90,21.23,20.76,20.97,1449273,30554264.00
2025/09/02,20.99,21.93,20.70,21.80,4648649,100585136.00
2025/09/03,21.79,22.00,21.01,21.17,2308254,50061132.00
2025/09/04,21.05,21.95,20.99,21.85,3418702,74590632.00
2025/09/05,21.95,22.73,21.90,22.73,4860309,109939376.00
2025/09/08,22.84,23.20,22.35,22.47,3556611,81149112.00
2025/09/09,22.49,22.63,21.65,21.74,2348415,51978152.00
2025/09/10,22.30,22.34,21.62,21.67,1876033,41438336.00
2025/09/11,21.77,21.94,21.42,21.88,1574249,34394636.00
2025/09/12,21.89,21.95,21.18,21.31,2276635,49207736.00
2025/09/15,21.33,24.57,21.33,23.53,10065773,233136176.00
2025/09/16,22.96,29.65,22.91,25.85,16661339,445188064.00
2025/09/17,25.00,25.85,23.85,24.52,11300873,278430272.00
2025/09/18,24.64,29.32,23.96,26.72,14697378,380716096.00
2025/09/19,25.91,28.65,25.31,25.67,11450566,307530048.00
2025/09/22,24.77,27.22,24.73,25.77,7892253,203546848.00
2025/09/23,25.42,26.32,24.22,25.35,7093610,179011824.00
2025/09/24,25.35,26.90,24.05,24.22,7319911,185999344.00
2025/09/25,23.65,23.88,22.20,22.20,8086137,186296144.00
2025/09/26,22.12,22.87,21.73,22.71,5813082,130231688.00
2025/09/29,22.82,22.87,22.04,22.07,4150322,92978312.00
2025/09/30,22.22,24.15,22.03,22.77,6431507,148370144.00
2025/10/09,22.92,22.92,21.17,21.33,6441375,139243744.00
2025/10/10,21.42,21.96,21.18,21.35,3094782,66976260.00
2025/10/13,20.92,20.92,20.12,20.66,2708807,55796620.00
2025/10/14,21.07,21.07,20.32,20.37,2339110,48505132.00
2025/10/15,20.64,20.75,20.32,20.70,1613181,33393578.00
2025/10/16,20.70,20.91,20.06,20.20,1661498,34082356.00
2025/10/17,20.20,20.20,19.34,19.42,2286001,45382980.00
2025/10/20,19.70,19.75,19.15,19.26,1340669,26133920.00
2025/10/21,19.38,20.31,19.27,19.98,2089117,41544528.00
2025/10/22,20.18,20.60,19.83,20.39,2102671,42853916.00
2025/10/23,20.33,20.33,19.73,19.93,1316144,26327240.00
2025/10/24,20.04,20.93,19.83,20.21,2759868,56271032.00
2025/10/27,20.15,20.24,19.88,20.04,1552489,31238462.00
2025/10/28,19.96,20.95,19.90,20.51,3103140,63867848.00
2025/10/29,21.19,22.68,20.53,22.44,8139933,177915440.00
2025/10/30,22.13,22.51,21.15,21.15,6057158,132472776.00
2025/10/31,20.95,22.17,20.94,21.41,3871994,84024360.00
2025/11/03,21.18,21.65,21.02,21.17,2492930,53245400.00
2025/11/04,21.17,22.40,20.69,21.92,5716471,124177232.00
2025/11/05,21.82,21.82,21.03,21.46,3668824,78863320.00
2025/11/06,20.98,21.46,20.98,21.05,2609365,55293492.00
2025/11/07,20.97,21.14,20.70,20.72,2185494,45726504.00
2025/11/10,20.65,21.05,20.49,20.98,2311164,48229544.00
2025/11/11,20.98,21.50,20.70,21.43,2751172,58223384.00
2025/11/12,21.22,22.89,21.19,21.84,5196799,115534776.00
2025/11/13,21.63,22.32,21.63,22.11,3319714,73642360.00
2025/11/14,22.10,22.22,21.62,21.69,2454321,53826136.00
2025/11/17,21.58,22.11,20.97,21.07,2109502,45000436.00
2025/11/18,21.62,21.69,20.32,20.45,2098857,44115804.00
2025/11/19,20.32,20.80,19.91,20.22,1701642,34842808.00
2025/11/20,20.62,20.62,19.82,20.21,1575780,31925576.00
2025/11/21,19.92,20.23,19.25,19.27,1407160,27617294.00
2025/11/24,19.27,19.50,18.97,19.31,1084036,20928552.00
2025/11/25,19.49,19.77,19.31,19.44,769103,15077546.00
2025/11/26,19.44,19.67,19.17,19.27,811409,15827795.00
2025/11/27,19.29,19.38,18.60,18.66,2106961,39933792.00
2025/11/28,18.63,18.67,18.30,18.54,1147201,21277014.00
2025/12/01,18.72,19.07,18.53,18.94,1124909,21297734.00
2025/12/02,18.98,19.21,18.85,18.95,1058770,20198598.00
2025/12/03,18.98,19.02,18.55,18.59,829765,15576354.00
2025/12/04,18.55,18.75,18.34,18.36,645625,12003706.00
2025/12/05,18.47,18.94,18.12,18.78,1005309,18740286.00
2025/12/08,18.77,19.27,18.72,18.87,1523869,29170180.00
2025/12/09,19.10,19.10,18.33,18.36,1375849,25656964.00
2025/12/10,18.31,18.60,18.21,18.60,877973,16180316.00
2025/12/11,18.60,19.60,18.27,19.11,2559563,48985344.00
2025/12/12,19.01,19.62,18.64,19.17,2166825,41978300.00
2025/12/15,19.25,19.31,18.80,19.02,1004541,19180012.00
2025/12/16,19.13,19.59,19.13,19.51,2400587,46736656.00
2025/12/17,19.51,19.80,19.33,19.70,1922709,37917184.00
2025/12/18,19.73,19.87,19.01,19.12,2167004,42276308.00
2025/12/19,19.22,19.90,19.05,19.46,1763029,34628720.00
2025/12/22,19.66,20.12,19.65,19.73,1708454,33963164.00
2025/12/23,19.63,20.01,19.33,19.41,2262873,44916884.00
2025/12/24,19.53,19.54,19.20,19.42,1017734,19751166.00
2025/12/25,19.81,19.86,19.22,19.45,1197087,23612412.00
2025/12/26,19.42,19.63,19.22,19.34,994378,19358280.00
2025/12/29,19.55,19.55,19.13,19.35,1018230,19716152.00
2025/12/30,19.36,19.50,19.12,19.28,934867,18154208.00
2025/12/31,19.91,19.91,19.17,19.25,1044591,20388648.00
2026/01/05,19.23,19.51,19.12,19.32,847028,16413300.00
2026/01/06,19.56,19.71,19.33,19.68,1187633,23313980.00
2026/01/07,19.73,19.87,19.34,19.48,1018237,19994182.00
2026/01/08,19.71,19.71,19.35,19.52,1011538,19763734.00
2026/01/09,19.61,19.80,19.43,19.64,1245714,24554062.00
2026/01/12,19.80,20.30,19.59,20.18,2223921,44512648.00
2026/01/13,20.18,21.35,20.18,20.43,3264870,67768360.00
2026/01/14,20.24,20.87,20.24,20.52,2829077,58166684.00
2026/01/15,20.70,21.55,20.42,20.81,2565211,54010756.00
2026/01/16,20.72,20.82,20.27,20.27,1627471,33496030.00
2026/01/19,20.06,20.44,19.87,20.17,1037466,21048772.00
2026/01/20,20.24,20.37,19.76,19.80,1311568,26308684.00
2026/01/21,19.94,20.11,19.72,19.90,967231,19347936.00
2026/01/22,19.90,20.12,19.77,20.02,913815,18339476.00
2026/01/23,20.02,20.27,19.97,20.01,1454645,29442338.00
2026/01/26,20.07,20.14,19.81,19.85,1197028,23893690.00
2026/01/27,19.81,19.85,19.12,19.69,958154,18694028.00
2026/01/28,19.92,19.92,19.17,19.19,1002619,19551402.00
2026/01/29,19.19,19.27,18.93,19.04,701180,13430243.00
2026/01/30,19.12,19.32,18.82,19.03,810087,15490041.00
2026/02/02,19.03,19.09,18.51,18.62,771261,14561286.00
2026/02/03,18.89,18.90,18.57,18.80,753686,14181885.00
2026/02/04,18.86,18.96,18.58,18.78,642608,12113237.00
2026/02/05,18.67,18.96,18.50,18.59,621251,11675973.00
2026/02/06,18.51,18.75,18.43,18.61,489772,9171494.00
2026/02/09,18.77,18.86,18.63,18.71,453647,8531625.00
2026/02/10,18.83,19.36,18.74,18.96,914644,17484052.00
2026/02/11,18.89,19.00,18.62,18.79,454660,8592196.00
2026/02/12,18.89,18.98,18.65,18.74,533910,10070932.00
2026/02/13,18.64,18.96,18.64,18.87,709171,13430275.00
2026/02/24,18.94,19.05,18.78,18.90,539060,10217044.00
2026/02/25,18.92,19.02,18.80,18.89,475056,9016635.00
2026/02/26,18.90,19.15,18.85,18.90,371743,7064022.50
2026/02/27,19.07,19.07,18.80,18.83,371776,7037166.50
2026/03/02,18.56,18.80,17.97,18.19,903874,16551748.00
2026/03/03,18.11,18.34,17.65,17.77,1200203,21736920.00
2026/03/04,17.77,17.97,17.49,17.66,697888,12408127.00
2026/03/05,17.89,17.98,17.72,17.84,731993,13124381.00
2026/03/06,18.03,18.07,17.75,18.00,314741,5675182.00
2026/03/09,17.79,17.97,17.24,17.61,668568,11753054.00
2026/03/10,17.74,17.96,17.66,17.82,443054,7937532.50
2026/03/11,17.82,18.12,17.79,17.85,713615,12847636.00
2026/03/12,17.92,17.92,17.63,17.73,484122,8631031.00
2026/03/13,17.63,17.85,17.52,17.69,368800,6569887.00
2026/03/16,17.69,17.69,17.23,17.33,509011,8892290.00
2026/03/17,17.50,17.50,16.95,16.98,506687,8768151.00
2026/03/18,16.98,17.27,16.62,16.99,569564,9615459.00
2026/03/19,16.89,16.89,16.14,16.20,541131,8930825.00
2026/03/20,16.20,16.61,15.51,15.73,564457,9126099.00
2026/03/23,15.62,15.63,14.63,14.77,1032634,15657445.00
2026/03/24,14.93,15.28,14.82,15.25,758756,11488228.00
2026/03/25,15.47,15.62,15.22,15.47,558188,8684746.00
2026/03/26,15.42,16.68,15.41,15.62,1989679,32245442.00
2026/03/27,15.47,15.89,15.23,15.69,770964,12146705.00
2026/03/30,15.46,15.59,15.08,15.32,617186,9491991.00
2026/03/31,15.33,16.10,15.29,15.78,1305275,20810612.00
2026/04/01,15.99,16.17,15.69,15.87,718508,11431288.00
2026/04/02,15.78,16.28,15.64,15.85,602974,9650729.00
2026/04/03,15.82,16.06,15.29,15.29,390716,6092166.50
2026/04/07,15.47,15.72,15.30,15.48,349996,5466610.00
2026/04/08,15.95,16.18,15.73,16.17,719572,11591523.00
2026/04/09,16.04,16.36,15.85,15.89,676919,10909318.00
2026/04/10,15.91,16.20,15.91,16.00,573885,9269988.00
2026/04/13,16.22,16.22,15.72,15.85,409442,6511860.50
2026/04/14,15.90,15.94,15.53,15.69,700438,11040849.00
2026/04/15,15.76,15.90,15.59,15.65,454239,7185682.00
2026/04/16,15.68,15.84,15.67,15.82,483582,7673575.50
2026/04/17,15.80,16.66,15.74,16.45,1227832,20049706.00
2026/04/20,16.52,17.08,16.51,16.76,1214137,20546172.00
2026/04/21,16.63,16.75,16.33,16.40,564187,9316045.00
2026/04/22,16.35,16.80,16.27,16.58,792081,13194373.00
2026/04/23,16.69,16.74,16.15,16.24,920355,15153927.00
2026/04/24,16.60,16.60,15.72,15.72,543998,8725336.00
2026/04/27,15.66,15.99,15.35,15.77,706122,11066353.00
2026/04/28,15.78,15.92,15.29,15.44,432351,6766693.50
2026/04/29,15.34,15.79,15.34,15.61,529022,8328809.00
2026/04/30,15.60,15.92,15.60,15.65,488127,7728082.50
2026/05/06,15.67,16.00,15.67,15.82,436887,6952522.00
2026/05/07,16.02,16.58,15.99,16.06,1122419,18316522.00
2026/05/08,16.07,16.56,15.96,16.43,1027975,16876380.00
2026/05/11,16.42,16.45,16.04,16.16,695573,11298228.00
2026/05/12,16.36,16.64,16.22,16.30,999255,16502333.00
2026/05/13,16.14,16.36,15.98,16.12,791997,12836981.00
2026/05/14,16.07,16.30,15.51,15.67,611042,9763119.00
2026/05/15,15.70,16.21,15.56,15.85,845049,13525506.00
2026/05/18,15.68,15.92,15.44,15.62,674173,10545193.00
2026/05/19,15.53,16.02,15.45,15.94,539354,8622360.00
2026/05/20,15.98,15.98,15.42,15.43,490141,7662387.00
2026/05/21,15.65,15.67,15.07,15.13,415623,6435242.00
2026/05/22,15.15,15.58,15.01,15.12,454225,6912349.50
2026/05/25,15.11,15.42,14.83,14.98,397262,5970162.00
2026/05/26,15.17,15.17,14.44,14.80,548412,8012112.00
2026/05/27,14.86,14.87,13.85,13.98,959712,13639870.00
2026/05/28,14.01,14.39,13.57,14.09,729724,10131013.00
2026/05/29,14.06,14.38,13.64,13.66,428947,5977776.50
2026/06/01,13.74,14.19,13.74,14.08,449641,6312895.00
2026/06/02,14.25,14.30,13.84,14.10,370053,5207715.50
2026/06/03,14.11,14.20,13.85,13.85,562026,7848757.50
2026/06/04,13.84,13.84,13.27,13.41,722421,9662342.00
2026/06/05,13.40,14.09,13.32,13.88,855390,11843702.00
2026/06/08,13.76,14.73,13.70,14.31,1334108,19145784.00
2026/06/09,14.23,14.47,14.04,14.10,761836,10803114.00
2026/06/10,14.04,14.21,13.71,13.75,609379,8486433.00
2026/06/11,13.61,13.90,12.96,13.03,648416,8579613.00
2026/06/12,13.15,13.55,13.01,13.27,621827,8285874.50
2026/06/15,13.27,13.49,13.05,13.19,646319,8546457.00
2026/06/16,13.25,13.26,13.04,13.08,392629,5151700.00
2026/06/17,13.08,13.08,12.53,12.89,773421,9919322.00
2026/06/18,12.98,12.98,12.30,12.37,727581,9106922.00
2026/06/22,12.37,12.67,11.66,12.65,1196845,14536468.00
2026/06/23,12.96,13.51,12.58,12.99,1322240,17363284.00
2026/06/24,12.99,13.16,12.38,12.50,879644,11136142.00
2026/06/25,12.50,12.54,11.97,12.02,501305,6089594.00
2026/06/26,12.01,12.16,11.52,11.60,650999,7672582.50
2026/06/29,11.63,11.78,11.18,11.56,546696,6283072.00
2026/06/30,11.49,11.92,11.44,11.55,817726,9530459.00
2026/07/01,11.71,11.95,11.30,11.68,794681,9281957.00
2026/07/02,11.59,12.02,11.53,11.73,856824,10132701.00
2026/07/03,11.69,12.12,11.69,12.03,1118021,13401304.00
2026/07/06,11.95,12.08,11.53,11.67,706308,8302514.00
2026/07/07,11.68,11.93,11.30,11.33,422839,4880365.50
2026/07/08,11.49,11.69,11.16,11.22,327313,3687043.50
2026/07/09,11.16,11.41,10.75,11.25,716199,7923506.00
2026/07/10,11.25,11.75,10.92,11.65,949988,10960411.00
2026/07/13,11.60,11.76,11.20,11.38,540910,6211755.50
2026/07/14,11.38,11.53,11.15,11.42,324482,3685484.00
2026/07/15,11.48,11.91,11.27,11.62,817955,9565904.00
2026/07/16,11.61,11.88,11.38,11.85,503089,5900445.00
2026/07/17,11.85,12.35,11.71,11.85,1231663,14840220.00
2026/07/20,11.94,11.99,11.01,11.32,748062,8596281.00
2026/07/21,11.35,11.76,10.70,11.71,1056462,11863549.00
2026/07/22,11.58,11.92,11.39,11.59,629738,7363270.50
2026/07/23,14.65,14.74,13.04,13.20,4722319,63637728.00
2026/07/24,13.60,14.56,13.20,14.18,4999612,69078304.00
2026/07/27,14.00,14.01,13.06,13.64,3493008,47094024.00
2026/07/28,13.40,13.83,12.71,12.80,2905839,38557000.00
2026/07/29,12.90,12.96,12.54,12.80,1633800,20805222.00
2026/07/30,12.89,15.60,12.70,15.20,5829424,82311840.00
2026/07/31,14.16,15.10,14.10,14.60,4387641,64389412.00
2026/08/03,14.42,14.42,14.00,14.19,1864140,26341692.00
2026/08/04,13.90,14.39,13.90,14.39,1643570,23286354.00
2026/08/05,14.50,15.16,14.20,14.46,3295151,48545296.00
2026/08/06,14.26,14.75,14.06,14.62,2167166,31315834.00
2026/08/07,14.32,14.67,14.00,14.32,2007949,28540972.00
2026/08/10,14.86,16.41,14.36,15.47,3538114,54179252.00
2026/08/11,15.40,15.77,14.82,14.86,2211344,33453508.00
2026/08/12,14.75,14.97,14.46,14.89,1333228,19669582.00
2026/08/13,14.90,15.10,14.53,14.79,1263984,18690418.00
2026/08/14,14.70,14.86,14.38,14.51,1076507,15656396.00
2026/08/17,14.88,14.88,13.99,14.16,1259973,17888352.00
2026/08/18,14.12,14.36,14.05,14.16,943394,13341298.00
2026/08/19,14.15,14.34,13.63,13.65,1270350,17656722.00
2026/08/20,13.71,13.99,13.33,13.54,675640,9243639.00
2026/08/21,13.41,13.55,13.36,13.42,382607,5144533.50
2026/08/24,13.38,13.74,13.00,13.56,656429,8895246.00
2026/08/25,13.46,13.69,13.46,13.67,372920,5075515.00
2026/08/26,13.88,13.88,13.53,13.59,424259,5808825.50
2026/08/27,13.51,13.56,13.31,13.41,473263,6357325.50
2026/08/28,13.59,13.87,13.44,13.81,813287,11148105.00
2026/08/31,13.68,13.80,13.57,13.74,466524,6394592.50
2026/09/01,13.89,14.19,13.75,14.19,867238,12190932.00
2026/09/02,14.16,15.99,14.16,14.76,2394472,36274540.00
2026/09/03,14.66,14.96,14.28,14.28,1181020,17076700.00
2026/09/04,14.31,14.80,14.31,14.50,1030731,15024291.00
2026/09/07,14.50,14.60,14.31,14.53,617886,8910006.00
2026/09/08,14.61,14.98,14.33,14.37,451030,6529303.00
2026/09/09,14.24,14.53,14.24,14.39,564816,8141717.00
2026/09/10,14.54,14.54,13.88,13.89,544475,7638783.00
2026/09/11,13.88,13.96,13.49,13.55,542801,7393476.00
2026/09/14,13.70,13.76,13.45,13.63,326597,4445125.50
#数据来源:通达信
