920207 众诚科技 日线 前复权
      日期	    开盘	    最高	    最低	    收盘	    成交量	    成交额
2022/09/23,9.61,10.29,9.30,9.38,12585049,127355128.00
2022/09/26,8.30,8.50,7.83,7.96,7072592,60141396.00
2022/09/27,7.64,9.71,7.63,8.61,8279606,75839152.00
2022/09/28,8.22,8.61,7.93,8.01,5224338,44736972.00
2022/09/29,8.10,8.46,7.71,8.04,4178017,35126628.00
2022/09/30,7.87,7.98,6.94,7.00,4100483,31868002.00
2022/10/10,7.04,7.04,6.49,6.56,2603561,18370066.00
2022/10/11,6.59,6.83,6.46,6.66,1677506,11912354.00
2022/10/12,6.64,6.96,6.56,6.90,1458376,10496246.00
2022/10/13,6.96,8.32,6.91,7.56,5309216,43275436.00
2022/10/14,7.61,7.70,7.21,7.46,3442210,26842322.00
2022/10/17,7.53,8.18,7.50,7.88,3335184,27597036.00
2022/10/18,7.72,8.38,7.61,8.36,3264918,27312266.00
2022/10/19,8.59,8.59,7.94,7.99,2298341,19704310.00
2022/10/20,7.81,8.37,7.81,7.96,2277411,19363752.00
2022/10/21,8.06,8.06,7.51,7.76,2359890,19175668.00
2022/10/24,7.62,7.96,7.47,7.55,1422406,11563439.00
2022/10/25,7.56,7.71,7.19,7.26,1442100,11134711.00
2022/10/26,7.27,7.76,7.26,7.50,1574008,12443846.00
2022/10/27,7.59,8.29,7.40,7.76,2895003,23954852.00
2022/10/28,7.71,7.91,7.49,7.54,1868014,15112117.00
2022/10/31,7.51,8.20,7.02,7.97,2925968,23628398.00
2022/11/01,8.00,8.00,7.52,7.67,2340877,18868550.00
2022/11/02,7.81,8.16,7.63,7.97,2292474,19099900.00
2022/11/03,7.81,7.96,7.57,7.61,2164496,17447712.00
2022/11/04,7.59,7.71,7.54,7.56,1656880,13232920.00
2022/11/07,7.61,7.69,7.40,7.42,1788159,14162148.00
2022/11/08,7.40,7.51,7.29,7.51,1127338,8797224.00
2022/11/09,7.51,7.59,7.30,7.30,1060590,8252671.50
2022/11/10,7.29,7.42,7.11,7.13,1070424,8143905.00
2022/11/11,7.26,7.31,7.09,7.13,943459,7172959.00
2022/11/14,7.24,7.29,7.11,7.13,451001,3409307.25
2022/11/15,7.13,7.36,7.08,7.27,984308,7507967.00
2022/11/16,7.26,7.29,7.04,7.15,793887,6018943.00
2022/11/17,7.33,7.79,7.33,7.76,3987776,31735430.00
2022/11/18,7.67,7.89,7.44,7.49,1877040,15049846.00
2022/11/21,7.69,7.92,7.62,7.72,2300832,18800914.00
2022/11/22,7.66,7.82,7.24,7.37,1773153,13958956.00
2022/11/23,7.30,7.40,7.16,7.26,737706,5644241.50
2022/11/24,7.24,7.35,7.10,7.18,851778,6442113.00
2022/11/25,7.10,7.16,7.06,7.07,561514,4201438.00
2022/11/28,7.04,7.12,6.80,6.85,912571,6689693.00
2022/11/29,6.94,6.96,6.83,6.90,681415,4971951.50
2022/11/30,6.96,7.00,6.87,6.94,473262,3463512.25
2022/12/01,6.92,7.04,6.92,7.01,409972,3023587.25
2022/12/02,6.97,7.42,6.97,7.10,1282493,9779158.00
2022/12/05,7.10,7.10,6.96,7.02,554844,4112725.75
2022/12/06,7.05,7.05,6.85,6.86,803431,5850649.00
2022/12/07,6.83,6.89,6.71,6.78,674604,4854533.00
2022/12/08,6.84,6.84,6.66,6.68,578843,4113596.25
2022/12/09,6.66,6.75,6.65,6.70,270225,1911498.38
2022/12/12,6.71,6.74,6.60,6.60,495172,3480841.25
2022/12/13,6.67,6.67,6.53,6.61,334881,2336496.00
2022/12/14,6.55,6.63,6.51,6.55,259600,1804154.00
2022/12/15,6.54,6.58,6.48,6.48,236991,1635606.88
2022/12/16,6.47,6.47,6.27,6.29,371920,2500999.25
2022/12/19,6.38,6.38,5.99,6.05,672143,4342692.00
2022/12/20,6.05,6.39,6.02,6.10,406474,2654061.00
2022/12/21,6.17,6.17,5.95,5.95,282559,1804539.50
2022/12/22,5.96,6.09,5.78,5.83,478771,2988090.00
2022/12/23,5.81,5.86,5.62,5.78,502907,3071695.50
2022/12/26,5.70,5.79,5.66,5.67,288601,1755970.75
2022/12/27,5.71,5.74,5.59,5.59,588856,3550929.00
2022/12/28,5.59,5.62,5.48,5.48,354426,2095571.75
2022/12/29,5.50,5.55,5.46,5.49,307319,1809024.38
2022/12/30,5.61,5.65,5.49,5.53,244116,1452952.88
2023/01/03,5.51,5.90,5.50,5.78,850894,5217435.50
2023/01/04,5.71,5.78,5.65,5.71,479774,2918613.25
2023/01/05,5.79,5.79,5.66,5.69,252237,1532655.63
2023/01/06,5.65,5.73,5.62,5.64,235249,1420809.38
2023/01/09,5.62,5.70,5.62,5.68,151136,914231.31
2023/01/10,5.68,5.68,5.60,5.61,280036,1681867.63
2023/01/11,5.62,5.66,5.59,5.59,104850,628719.25
2023/01/12,5.63,5.63,5.56,5.57,130967,783315.75
2023/01/13,5.61,5.65,5.59,5.62,101252,608106.63
2023/01/16,5.66,5.69,5.63,5.68,353733,2141752.00
2023/01/17,5.70,5.71,5.61,5.66,131021,793059.63
2023/01/18,5.63,5.70,5.62,5.67,139537,845764.69
2023/01/19,5.66,5.70,5.60,5.66,263220,1591479.50
2023/01/20,5.75,5.81,5.67,5.75,407581,2501384.75
2023/01/30,5.88,6.29,5.84,6.06,1093163,6973048.00
2023/01/31,6.11,7.11,5.98,7.09,3960842,28114204.00
2023/02/01,7.31,7.88,6.92,7.82,5576183,43231240.00
2023/02/02,7.57,7.74,6.84,6.87,3797481,28880896.00
2023/02/03,6.87,7.29,6.77,7.00,2445812,18253338.00
2023/02/06,6.93,7.04,6.71,6.75,1665230,11995999.00
2023/02/07,6.90,6.99,6.75,6.88,1078010,7828111.00
2023/02/08,6.95,6.98,6.63,6.67,1044443,7448574.00
2023/02/09,6.68,6.79,6.63,6.79,785593,5589119.50
2023/02/10,6.80,6.80,6.58,6.60,880753,6221424.50
2023/02/13,6.61,6.81,6.61,6.74,880748,6282656.00
2023/02/14,6.76,6.77,6.53,6.66,614273,4314558.00
2023/02/15,6.66,6.74,6.58,6.72,429252,3028421.50
2023/02/16,6.64,6.87,6.55,6.61,904527,6428718.00
2023/02/17,6.59,6.68,6.51,6.52,373584,2607821.00
2023/02/20,6.57,6.71,6.57,6.69,324215,2287285.50
2023/02/21,6.73,6.77,6.57,6.64,282735,1992471.13
2023/02/22,6.57,6.65,6.56,6.61,193953,1356205.38
2023/02/23,6.58,6.64,6.43,6.48,459576,3177565.50
2023/02/24,6.49,6.50,6.41,6.45,265138,1812433.25
2023/02/27,6.32,6.38,6.01,6.03,1123393,7328589.50
2023/02/28,6.14,6.24,6.08,6.12,563622,3691182.75
2023/03/01,6.11,6.36,6.08,6.32,599016,3962424.75
2023/03/02,6.34,6.34,6.22,6.24,410887,2734535.75
2023/03/03,6.21,6.24,6.13,6.18,292735,1922017.50
2023/03/06,6.16,6.22,6.14,6.16,169362,1109720.00
2023/03/07,6.12,6.19,6.06,6.07,291769,1896312.38
2023/03/08,6.02,6.10,6.02,6.07,144420,930704.88
2023/03/09,6.10,6.10,6.01,6.06,231209,1485514.25
2023/03/10,6.01,6.04,5.94,5.97,159874,1016513.00
2023/03/13,5.89,6.03,5.89,5.99,131735,838891.94
2023/03/14,5.93,6.04,5.91,5.94,123847,786437.63
2023/03/15,5.93,6.02,5.93,5.99,103363,656786.06
2023/03/16,5.92,5.98,5.90,5.90,154395,973506.75
2023/03/17,5.91,6.07,5.89,6.01,317880,2033568.13
2023/03/20,6.02,6.02,5.92,5.95,151916,962703.56
2023/03/21,5.90,6.13,5.90,6.10,250380,1606968.25
2023/03/22,6.10,6.39,6.10,6.33,718838,4788824.00
2023/03/23,6.37,6.54,6.16,6.25,820172,5518830.50
2023/03/24,6.27,7.19,6.11,6.99,2769858,19705292.00
2023/03/27,7.13,7.70,7.05,7.15,3233771,25040668.00
2023/03/28,6.97,6.97,6.68,6.68,1790191,12819637.00
2023/03/29,6.75,7.21,6.63,6.89,1712911,12560959.00
2023/03/30,6.86,6.95,6.66,6.69,1016984,7252122.50
2023/03/31,6.72,6.78,6.62,6.70,881561,6244347.50
2023/04/03,6.74,6.97,6.67,6.91,1254595,9027727.00
2023/04/04,6.91,7.28,6.87,7.02,1563909,11659083.00
2023/04/06,6.89,6.89,6.65,6.69,963806,6838735.00
2023/04/07,6.66,6.73,6.56,6.60,936323,6560941.00
2023/04/10,6.61,6.61,6.39,6.41,539542,3712206.50
2023/04/11,6.46,6.73,6.36,6.56,524937,3649638.75
2023/04/12,6.50,6.70,6.50,6.67,475808,3346608.75
2023/04/13,6.59,6.70,6.55,6.58,470992,3305016.50
2023/04/14,6.60,6.62,6.49,6.53,393679,2721606.25
2023/04/17,6.50,6.60,6.43,6.49,305668,2101057.25
2023/04/18,6.45,6.45,6.37,6.37,397612,2700751.50
2023/04/19,6.38,6.57,6.36,6.44,437362,3003272.75
2023/04/20,6.39,6.51,6.26,6.31,548137,3675894.00
2023/04/21,6.28,6.37,5.92,6.05,686512,4464260.00
2023/04/24,5.96,6.16,5.96,6.12,281457,1825621.13
2023/04/25,6.09,6.11,5.98,6.03,178064,1140256.38
2023/04/26,5.96,6.15,5.96,6.06,173762,1123779.38
2023/04/27,5.86,5.86,5.21,5.27,1703595,10024286.00
2023/04/28,5.25,5.42,5.25,5.39,307049,1765809.13
2023/05/04,5.43,5.43,5.28,5.33,333500,1899880.50
2023/05/05,5.36,5.86,5.36,5.81,1034518,6263366.50
2023/05/08,5.70,6.14,5.68,6.07,985289,6241779.00
2023/05/09,6.30,6.44,5.80,5.81,862965,5599841.00
2023/05/10,5.56,5.70,5.56,5.61,470411,2820688.75
2023/05/11,5.54,6.09,5.54,5.88,674703,4273424.50
2023/05/12,5.86,6.27,5.83,6.06,1180148,7703633.50
2023/05/15,6.15,6.45,6.02,6.26,987419,6592141.00
2023/05/16,6.38,6.38,5.95,6.02,834107,5383068.50
2023/05/17,5.96,6.17,5.87,6.15,675439,4360017.50
2023/05/18,6.06,6.20,6.03,6.16,337668,2208996.00
2023/05/19,6.18,6.18,5.97,6.06,304608,1960847.50
2023/05/22,6.15,6.19,6.04,6.12,416130,2709306.75
2023/05/23,6.16,6.19,6.02,6.09,367723,2384696.00
2023/05/24,6.02,6.19,6.02,6.14,315844,2055484.88
2023/05/25,6.08,6.14,5.91,6.00,485814,3101584.25
2023/05/26,6.00,6.15,5.94,6.15,514087,3335838.25
2023/05/29,6.10,6.19,5.97,6.11,235253,1516486.38
2023/05/30,6.13,6.13,6.04,6.11,359488,2327024.50
2023/05/31,6.14,6.16,6.07,6.15,345409,2247323.75
2023/06/01,6.09,6.15,6.02,6.06,283349,1836246.88
2023/06/02,6.05,6.12,6.04,6.10,163239,1057989.75
2023/06/05,6.05,6.13,6.01,6.09,178555,1152061.50
2023/06/06,6.06,6.14,6.02,6.06,146835,952478.81
2023/06/07,5.98,6.09,5.94,6.04,118745,759230.75
2023/06/08,5.95,6.05,5.92,5.99,60893,386243.53
2023/06/09,5.99,6.03,5.92,5.96,121111,767099.13
2023/06/12,6.04,6.04,5.94,6.00,160147,1016461.75
2023/06/13,5.94,6.00,5.92,5.95,110779,700350.31
2023/06/14,5.92,5.95,5.84,5.86,131888,825240.50
2023/06/15,5.83,5.92,5.82,5.88,120047,750873.69
2023/06/16,5.90,5.90,5.81,5.88,108847,680532.25
2023/06/19,5.97,5.97,5.81,5.88,115303,724454.94
2023/06/20,5.96,5.96,5.71,5.83,110964,688280.25
2023/06/21,5.79,5.82,5.70,5.79,227052,1400667.63
2023/06/26,5.79,5.83,5.64,5.75,246849,1511368.50
2023/06/27,5.65,5.80,5.64,5.73,46561,283790.88
2023/06/28,5.67,5.72,5.57,5.63,111593,668695.38
2023/06/29,5.63,5.71,5.60,5.65,121775,732705.81
2023/06/30,5.57,5.67,5.57,5.67,54032,325746.06
2023/07/03,5.74,5.79,5.63,5.74,57310,350674.25
2023/07/04,5.78,5.78,5.66,5.74,104162,633362.56
2023/07/05,5.80,5.80,5.71,5.71,138656,853532.63
2023/07/06,5.71,5.71,5.62,5.70,58966,357386.63
2023/07/07,5.70,5.74,5.67,5.70,33263,202096.69
2023/07/10,5.74,5.91,5.68,5.91,384678,2383225.25
2023/07/11,6.14,6.14,5.90,5.91,179601,1116428.63
2023/07/12,5.90,5.90,5.76,5.76,103720,628298.81
2023/07/13,5.85,5.85,5.75,5.82,84450,508232.53
2023/07/14,5.89,5.89,5.81,5.84,64370,391617.00
2023/07/17,5.85,5.92,5.74,5.84,176615,1063317.38
2023/07/18,5.83,5.83,5.75,5.77,55607,335346.00
2023/07/19,5.74,5.86,5.74,5.82,73434,446803.94
2023/07/20,5.88,5.90,5.78,5.84,31600,192261.56
2023/07/21,5.88,5.88,5.76,5.78,33616,202969.59
2023/07/24,5.82,5.87,5.74,5.85,67626,410727.41
2023/07/25,5.90,5.90,5.81,5.88,52042,318300.88
2023/07/26,5.87,5.88,5.82,5.87,21000,127997.00
2023/07/27,5.82,5.88,5.75,5.84,36058,217628.77
2023/07/28,5.76,5.85,5.76,5.84,61076,369673.84
2023/07/31,5.80,5.90,5.80,5.85,35353,215922.34
2023/08/01,5.90,5.90,5.78,5.83,40771,247835.08
2023/08/02,5.86,5.86,5.76,5.81,79675,479997.97
2023/08/03,5.76,5.80,5.74,5.78,51073,307169.69
2023/08/04,5.80,5.87,5.80,5.86,162801,992683.81
2023/08/07,5.82,5.87,5.78,5.84,63794,386787.38
2023/08/08,5.77,5.85,5.76,5.80,55088,332645.16
2023/08/09,5.84,5.84,5.75,5.80,188277,1135450.13
2023/08/10,5.80,5.80,5.70,5.77,111130,664350.69
2023/08/11,5.79,5.79,5.63,5.65,105201,621634.06
2023/08/14,5.60,5.69,5.58,5.66,24884,145944.80
2023/08/15,5.72,5.72,5.59,5.66,20901,122793.61
2023/08/16,5.73,5.73,5.57,5.68,60254,353874.09
2023/08/17,5.72,5.72,5.56,5.64,64292,377188.06
2023/08/18,5.70,5.70,5.58,5.64,14800,86514.17
2023/08/21,5.72,5.72,5.55,5.61,39067,227322.08
2023/08/22,5.60,5.80,5.51,5.75,250047,1478528.88
2023/08/23,5.78,5.78,5.54,5.62,182482,1066013.13
2023/08/24,5.64,5.64,5.51,5.52,100339,580848.75
2023/08/25,5.49,5.52,5.31,5.35,127967,720788.75
2023/08/28,5.45,5.60,5.15,5.19,454104,2539593.50
2023/08/29,5.15,5.30,5.15,5.25,250896,1374777.63
2023/08/30,5.32,5.32,5.17,5.21,91739,501472.38
2023/08/31,5.16,5.37,5.16,5.34,319710,1771725.88
2023/09/01,5.25,5.42,5.24,5.40,210735,1186993.25
2023/09/04,5.50,5.92,5.50,5.85,841054,5046109.50
2023/09/05,5.91,5.96,5.42,5.52,702018,4198139.00
2023/09/06,5.65,5.68,5.48,5.55,460794,2686962.00
2023/09/07,5.63,5.65,5.36,5.45,292148,1678224.13
2023/09/08,5.50,5.50,5.29,5.42,226290,1267274.50
2023/09/11,5.33,5.46,5.32,5.40,53241,299140.13
2023/09/12,5.16,5.39,5.16,5.28,144134,794024.19
2023/09/13,5.37,5.37,5.12,5.19,220565,1196782.38
2023/09/14,5.23,5.23,5.06,5.12,259153,1392186.50
2023/09/15,5.18,5.18,5.06,5.09,175159,935802.00
2023/09/18,5.17,5.17,5.07,5.15,10153,54347.14
2023/09/19,5.11,5.18,5.03,5.09,143768,770043.13
2023/09/20,5.08,5.12,5.05,5.09,77908,416439.47
2023/09/21,5.09,5.20,5.09,5.12,61138,328124.34
2023/09/22,5.18,5.18,5.10,5.12,66017,354815.38
2023/09/25,5.10,5.17,5.10,5.14,76142,409468.75
2023/09/26,5.19,5.19,5.04,5.10,44889,240699.34
2023/09/27,5.13,5.13,5.07,5.09,25188,134742.66
2023/09/28,5.17,5.17,5.05,5.15,41292,222134.42
2023/10/09,5.06,5.14,5.06,5.14,44462,237623.45
2023/10/10,5.14,5.14,5.07,5.11,19033,101776.58
2023/10/11,5.19,5.19,5.05,5.14,44600,238549.97
2023/10/12,5.14,5.14,5.05,5.13,62306,333586.44
2023/10/13,5.06,5.14,4.99,5.10,31957,169602.45
2023/10/16,5.10,5.10,4.99,5.07,78994,415233.97
2023/10/17,5.23,5.23,5.01,5.11,27062,145346.47
2023/10/18,4.99,5.11,4.97,5.08,80466,423115.91
2023/10/19,5.15,5.19,5.02,5.06,50354,270960.59
2023/10/20,5.00,5.00,4.83,4.88,125584,647541.63
2023/10/23,4.96,4.96,4.75,4.82,55923,282091.28
2023/10/24,4.75,4.82,4.75,4.79,47651,240218.59
2023/10/25,4.92,4.92,4.77,4.80,91159,460173.34
2023/10/26,4.83,4.86,4.78,4.81,194917,985062.50
2023/10/27,4.85,4.87,4.75,4.82,222058,1122524.88
2023/10/30,4.81,4.81,4.74,4.75,373237,1867038.25
2023/10/31,4.74,4.77,4.70,4.74,75978,378406.88
2023/11/01,4.75,4.77,4.69,4.70,90811,449977.13
2023/11/02,4.75,4.75,4.66,4.66,89723,445085.56
2023/11/03,4.75,4.75,4.69,4.72,162385,810089.06
2023/11/06,4.80,4.80,4.77,4.78,241116,1214652.38
2023/11/07,4.76,5.05,4.73,5.00,631220,3271898.25
2023/11/08,5.07,5.26,4.95,5.05,600325,3222782.25
2023/11/09,5.11,5.30,4.95,5.21,644903,3469791.25
2023/11/10,5.04,5.20,4.98,5.04,315093,1674788.88
2023/11/13,5.10,5.13,5.04,5.10,156299,834391.56
2023/11/14,5.04,5.53,5.04,5.42,1122225,6258420.00
2023/11/15,5.40,5.48,5.30,5.42,623336,3501548.75
2023/11/16,5.42,5.42,5.22,5.27,310980,1720940.50
2023/11/17,5.20,5.28,5.19,5.27,144701,791961.69
2023/11/20,5.33,5.53,5.22,5.45,514116,2917282.50
2023/11/21,5.47,6.41,5.47,5.88,3289248,20471050.00
2023/11/22,5.78,7.71,5.78,7.65,8254113,59363472.00
2023/11/23,7.95,8.13,7.00,7.16,7658790,60271284.00
2023/11/24,7.14,8.18,6.76,7.80,6690959,51930528.00
2023/11/27,9.05,10.21,8.77,10.21,14543886,148592096.00
2023/11/28,11.34,13.24,10.95,12.05,17794901,214327296.00
2023/11/29,10.95,11.41,9.19,9.61,11601748,122919248.00
2023/11/30,9.10,9.75,8.43,8.70,8058384,74418744.00
2023/12/01,8.90,9.50,8.79,8.81,9372012,88442440.00
2023/12/04,8.38,8.83,7.63,8.39,6879320,58247816.00
2023/12/05,8.35,9.71,8.34,9.52,8689889,81673240.00
2023/12/06,9.26,9.92,8.78,9.24,6368450,60792776.00
2023/12/07,9.55,12.01,9.55,12.00,15314219,179437408.00
2023/12/08,11.34,12.05,10.86,11.80,11974163,141316544.00
2023/12/11,11.26,12.12,10.87,11.82,8649434,100925296.00
2023/12/12,12.13,13.08,11.46,12.03,10767968,135269632.00
2023/12/13,11.83,12.60,11.64,12.34,9703648,119226160.00
2023/12/14,12.18,12.82,11.57,11.64,9016315,112710144.00
2023/12/15,11.55,11.75,10.75,11.17,5237321,60209784.00
2023/12/18,12.17,13.25,11.63,11.69,8530680,107353824.00
2023/12/19,11.42,12.36,11.10,12.35,7646136,92472952.00
2023/12/20,12.15,13.55,12.00,13.22,9025365,118657072.00
2023/12/21,13.75,14.42,10.82,11.05,10746790,141709088.00
2023/12/22,10.35,11.54,10.33,11.27,7134667,79494272.00
2023/12/25,11.35,11.88,10.86,11.75,5945138,70222496.00
2023/12/26,11.48,12.20,11.13,12.02,6128357,73002096.00
2023/12/27,12.55,14.71,12.45,13.11,14204524,196108224.00
2023/12/28,12.50,13.15,12.11,12.49,9815750,125205456.00
2023/12/29,12.45,14.66,12.08,13.95,13183229,181965920.00
2024/01/02,13.95,16.21,13.75,14.60,13796739,209369584.00
2024/01/03,13.76,14.45,13.40,14.14,8428774,119740928.00
2024/01/04,13.75,15.10,13.72,13.86,6928665,101161376.00
2024/01/05,14.35,14.65,13.11,13.44,6683469,94095944.00
2024/01/08,13.24,13.50,12.05,12.16,5543198,72434200.00
2024/01/09,12.26,12.72,11.06,11.70,4424707,53745004.00
2024/01/10,11.73,12.14,11.45,11.77,2635279,31626950.00
2024/01/11,11.75,12.45,11.67,11.88,3869377,47877816.00
2024/01/12,11.74,11.85,9.87,9.96,6112685,67896240.00
2024/01/15,9.63,9.92,9.09,9.15,3556804,34644168.00
2024/01/16,9.20,10.04,8.67,9.92,5272850,51576128.00
2024/01/17,9.68,10.70,9.66,9.86,5904684,62125792.00
2024/01/18,9.94,12.89,9.46,12.24,11476073,135639152.00
2024/01/19,11.75,12.13,11.50,11.85,8636861,104224176.00
2024/01/22,12.14,12.42,11.04,11.35,6532994,79222200.00
2024/01/23,11.16,12.23,11.13,11.94,6547021,78935544.00
2024/01/24,11.85,11.87,10.96,11.47,5571525,64919412.00
2024/01/25,11.39,11.61,9.66,10.61,5535455,61467424.00
2024/01/26,10.90,11.37,10.62,10.68,3942480,43958648.00
2024/01/29,10.37,10.68,9.05,9.17,4136184,41002616.00
2024/01/30,9.14,9.57,8.77,9.57,3086249,29380274.00
2024/01/31,9.40,10.63,9.30,9.91,4201811,42892672.00
2024/02/01,9.93,10.50,9.11,9.53,3539461,36040208.00
2024/02/02,9.73,10.02,8.86,9.45,3932271,38142036.00
2024/02/05,9.17,9.34,8.00,8.65,3120333,28271668.00
2024/02/06,8.45,9.65,8.16,9.35,3115439,29389800.00
2024/02/07,9.49,9.90,8.75,8.92,3846465,37042004.00
2024/02/08,9.25,10.75,9.10,9.32,4648898,46540628.00
2024/02/19,10.65,11.70,10.05,10.60,8147633,90322224.00
2024/02/20,10.55,10.95,9.96,10.78,6545323,70594256.00
2024/02/21,10.35,10.93,10.15,10.43,5350317,57638536.00
2024/02/22,10.26,11.13,10.26,10.66,5443650,60256904.00
2024/02/23,10.70,10.75,10.22,10.25,5019099,53410980.00
2024/02/26,10.11,10.33,9.83,9.90,2849260,29331646.00
2024/02/27,9.86,11.22,9.86,11.05,7617268,82923872.00
2024/02/28,10.95,11.82,10.40,10.44,7795830,88082504.00
2024/02/29,10.05,10.66,9.95,10.59,5684657,60288440.00
2024/03/01,10.45,10.75,10.28,10.37,3792800,40614532.00
2024/03/04,10.33,10.60,9.73,10.53,4967218,51657184.00
2024/03/05,10.53,10.55,9.86,9.94,4066786,42654196.00
2024/03/06,9.75,10.85,9.57,10.85,6427918,67645064.00
2024/03/07,11.15,11.15,9.96,9.96,5348786,57352548.00
2024/03/08,9.60,10.40,9.60,9.85,3068959,31315332.00
2024/03/11,9.60,9.93,9.60,9.70,2678629,26718584.00
2024/03/12,9.76,9.82,9.33,9.39,2842388,27738800.00
2024/03/13,9.45,9.60,9.05,9.06,2581109,24616272.00
2024/03/14,9.05,9.38,8.69,8.79,2011130,18432124.00
2024/03/15,8.87,9.47,8.72,9.25,3316374,31328068.00
2024/03/18,9.41,9.41,9.08,9.18,2425284,22887756.00
2024/03/19,9.55,9.74,9.17,9.18,3046744,29657914.00
2024/03/20,8.97,9.62,8.97,9.28,3020205,28758858.00
2024/03/21,9.21,9.35,8.88,8.90,2708117,25183772.00
2024/03/22,8.86,9.05,8.52,8.58,2109936,18910426.00
2024/03/25,8.49,8.70,8.12,8.13,1564242,13553394.00
2024/03/26,8.19,8.38,7.89,7.99,1686306,14062053.00
2024/03/27,8.08,8.53,7.96,8.01,1917691,16169505.00
2024/03/28,7.93,8.27,7.92,8.10,1703299,14168175.00
2024/03/29,8.02,8.15,7.82,7.95,1382228,11349196.00
2024/04/01,7.93,8.03,7.90,7.97,1070584,8786784.00
2024/04/02,8.03,8.06,7.75,7.75,1392022,11234957.00
2024/04/03,7.75,7.82,7.34,7.42,1498944,11730869.00
2024/04/08,7.41,7.41,6.90,6.90,1881677,13794242.00
2024/04/09,6.95,7.12,6.94,7.00,1106104,8024631.50
2024/04/10,7.04,7.62,6.95,7.29,2736844,20813990.00
2024/04/11,7.22,7.33,7.05,7.07,1347830,9946892.00
2024/04/12,7.09,7.15,6.91,6.96,972889,7100952.00
2024/04/15,6.91,6.98,6.32,6.44,1746691,11979333.00
2024/04/16,6.44,6.44,5.67,5.79,1952665,12010555.00
2024/04/17,5.90,6.33,5.89,6.32,2506820,16167959.00
2024/04/18,6.18,6.63,6.17,6.42,2238900,14994564.00
2024/04/19,6.29,6.41,6.06,6.21,1502557,9709183.00
2024/04/22,6.13,6.22,5.97,6.17,1105562,7032613.50
2024/04/23,6.16,6.92,6.05,6.55,3807227,26146924.00
2024/04/24,6.48,6.94,6.48,6.78,3172994,22054334.00
2024/04/25,6.74,6.82,6.36,6.43,2152097,14698732.00
2024/04/26,6.44,6.91,6.39,6.62,2230941,15376399.00
2024/04/29,6.85,7.21,6.85,6.89,2937816,21374950.00
2024/04/30,7.04,7.25,6.89,7.20,2842873,20820118.00
2024/05/06,7.23,7.32,7.05,7.10,2274826,16784712.00
2024/05/07,7.07,7.30,7.02,7.10,1637261,12094664.00
2024/05/08,7.07,7.26,6.96,7.09,1797820,13208271.00
2024/05/09,7.17,7.22,7.05,7.09,1505239,11036484.00
2024/05/10,7.13,7.13,6.85,6.85,1385363,9960892.00
2024/05/13,7.00,7.23,6.85,7.01,2437798,17824958.00
2024/05/14,7.15,7.67,7.15,7.55,3907918,30006776.00
2024/05/15,7.45,7.63,7.15,7.15,2413037,18172810.00
2024/05/16,7.18,7.26,6.97,6.99,1539890,11236333.00
2024/05/17,6.99,7.10,6.85,7.00,1153926,8329948.50
2024/05/20,7.03,7.07,6.86,6.89,1067387,7677759.50
2024/05/21,7.00,7.22,6.93,7.02,1368918,9978641.00
2024/05/22,6.98,7.21,6.90,7.16,1624945,11925978.00
2024/05/23,7.16,7.70,6.98,7.47,3714034,28546142.00
2024/05/24,7.35,7.51,7.07,7.12,2003936,15049829.00
2024/05/27,7.08,7.17,6.85,6.87,1725351,12389601.00
2024/05/28,6.87,7.05,6.69,6.72,1487283,10576361.00
2024/05/29,6.75,6.75,6.49,6.57,1364516,9365960.00
2024/05/30,6.51,6.75,6.43,6.44,1104142,7490939.50
2024/05/31,6.42,6.54,6.40,6.49,824581,5529759.00
2024/06/03,6.43,6.59,6.25,6.32,918388,6107239.50
2024/06/04,6.25,6.47,6.24,6.35,621602,4119450.25
2024/06/05,6.31,6.41,6.09,6.09,635268,4131570.25
2024/06/06,6.03,6.17,5.76,5.77,1272067,7805695.00
2024/06/07,5.91,5.98,5.83,5.93,775079,4771847.00
2024/06/11,5.99,6.05,5.80,6.04,519052,3218112.25
2024/06/12,6.13,6.61,6.13,6.35,2183768,14537990.00
2024/06/13,6.25,6.43,6.16,6.25,1347622,8793784.00
2024/06/14,6.33,6.52,6.21,6.37,1312177,8619602.00
2024/06/17,6.27,6.37,6.15,6.19,777941,5044112.00
2024/06/18,6.24,6.42,6.18,6.30,951336,6223489.00
2024/06/19,6.31,6.91,6.27,6.68,3631851,24991916.00
2024/06/20,6.60,6.86,6.33,6.68,3234265,22025342.00
2024/06/21,6.65,7.22,6.52,7.05,3962514,28440630.00
2024/06/24,6.85,7.02,6.46,6.57,2460272,17128694.00
2024/06/25,6.64,6.74,6.46,6.61,1578541,10819895.00
2024/06/26,6.62,7.13,6.41,7.13,2551139,17959152.00
2024/06/27,6.95,7.09,6.73,6.75,2310693,16570930.00
2024/06/28,6.75,6.97,6.63,6.67,1716441,12079601.00
2024/07/01,6.74,6.82,6.60,6.66,1022530,7092970.50
2024/07/02,6.62,7.17,6.62,7.07,4333977,31480160.00
2024/07/03,6.99,7.56,6.85,7.16,4344705,32282622.00
2024/07/04,6.98,7.50,6.93,6.96,2950758,21997028.00
2024/07/05,6.95,7.30,6.71,7.27,2878421,21212134.00
2024/07/08,7.23,7.30,6.73,6.83,1952814,14157441.00
2024/07/09,6.83,7.05,6.53,7.05,2303626,16264487.00
2024/07/10,6.89,7.20,6.84,6.86,1715190,12350138.00
2024/07/11,7.00,7.12,6.86,6.98,1683757,11999725.00
2024/07/12,6.95,6.98,6.66,6.73,1684657,11714082.00
2024/07/15,6.74,6.80,6.37,6.46,1641814,10902743.00
2024/07/16,6.53,7.02,6.35,6.97,2759548,19009764.00
2024/07/17,6.97,8.15,6.97,8.08,6904393,53706660.00
2024/07/18,7.88,7.96,7.45,7.49,4000059,31320726.00
2024/07/19,7.57,7.83,7.33,7.59,3167113,24589046.00
2024/07/22,8.21,9.91,8.17,9.54,14264283,136223920.00
2024/07/23,8.75,9.18,8.58,8.60,10829714,96990928.00
2024/07/24,8.78,8.79,7.81,7.94,6961397,58135268.00
2024/07/25,7.70,8.14,7.70,8.03,4171683,33787436.00
2024/07/26,7.87,8.11,7.76,7.78,3892476,31332508.00
2024/07/29,7.73,7.90,7.46,7.51,3252428,25264780.00
2024/07/30,7.48,8.23,7.48,8.18,6575492,53201212.00
2024/07/31,8.03,8.65,7.86,8.24,6447603,53982304.00
2024/08/01,8.03,8.33,7.84,7.86,4049579,33066350.00
2024/08/02,7.75,7.92,7.58,7.72,2429738,19096870.00
2024/08/05,7.63,7.94,7.33,7.35,2133170,16712700.00
2024/08/06,7.45,7.71,7.36,7.63,1896153,14600103.00
2024/08/07,7.62,8.08,7.57,7.80,3400708,27320322.00
2024/08/08,7.59,7.62,7.37,7.47,2560584,19555590.00
2024/08/09,7.54,7.60,7.41,7.41,1464807,11214726.00
2024/08/12,7.52,7.52,7.14,7.22,1395122,10395919.00
2024/08/13,7.15,7.41,7.09,7.28,1132158,8352632.00
2024/08/14,7.27,7.48,7.22,7.42,1385406,10379248.00
2024/08/15,7.42,7.96,7.42,7.92,4178405,33075396.00
2024/08/16,7.80,7.84,7.54,7.69,3057286,23924022.00
2024/08/19,7.61,7.71,7.34,7.40,1734930,13271388.00
2024/08/20,7.35,7.73,7.27,7.47,2228474,17116668.00
2024/08/21,7.42,7.65,7.32,7.58,1604300,12274428.00
2024/08/22,7.51,7.80,7.23,7.29,2061528,15740487.00
2024/08/23,7.18,7.82,7.17,7.69,3617974,28198748.00
2024/08/26,7.73,8.00,7.62,7.80,3130567,25042526.00
2024/08/27,7.84,7.92,7.44,7.80,2720964,21433308.00
2024/08/28,7.65,8.23,7.47,8.14,3894176,31242756.00
2024/08/29,7.35,7.45,6.98,6.99,5457321,39792208.00
2024/08/30,6.90,7.15,6.81,7.04,3272536,23422626.00
2024/09/02,7.10,7.21,6.72,6.72,1917382,13638841.00
2024/09/03,6.65,6.96,6.65,6.82,2659740,18535392.00
2024/09/04,6.68,6.81,6.49,6.49,2474742,16666076.00
2024/09/05,6.46,6.69,6.46,6.54,1532098,10303410.00
2024/09/06,6.55,6.63,6.38,6.41,1092985,7244245.00
2024/09/09,6.43,6.47,6.21,6.27,1042808,6742773.50
2024/09/10,6.31,6.57,6.22,6.51,1417082,9302471.00
2024/09/11,6.49,6.60,6.45,6.50,703242,4690610.50
2024/09/12,6.42,6.63,6.42,6.52,878867,5877230.50
2024/09/13,6.48,6.94,6.25,6.65,2967445,20108240.00
2024/09/18,6.52,6.69,6.48,6.53,951827,6399075.50
2024/09/19,6.65,6.90,6.55,6.90,2041158,14102100.00
2024/09/20,6.88,7.38,6.85,6.96,3557839,25965704.00
2024/09/23,6.88,6.96,5.91,6.62,2678667,18307080.00
2024/09/24,6.61,6.83,6.52,6.76,2585203,17698292.00
2024/09/25,6.75,7.02,6.75,6.80,2774442,19457430.00
2024/09/26,6.95,6.99,6.80,6.88,2252412,15897823.00
2024/09/27,6.90,7.92,6.90,7.68,4940809,37425900.00
2024/09/30,8.45,10.02,8.37,10.02,8869424,84420320.00
2024/10/08,13.04,13.07,11.65,13.07,10813100,137782864.00
2024/10/09,11.73,14.17,10.90,11.85,10898909,141425632.00
2024/10/10,12.84,13.38,10.75,10.93,7801155,94103872.00
2024/10/11,10.10,10.73,9.57,9.93,5505630,56547832.00
2024/10/14,9.84,11.31,9.55,11.29,6440505,69163376.00
2024/10/15,10.89,12.14,10.60,10.66,6878766,79541688.00
2024/10/16,10.26,11.13,10.17,10.88,4751813,51498816.00
2024/10/17,13.85,14.18,13.47,14.18,8217603,117073328.00
2024/10/18,16.65,18.47,15.75,18.47,21891446,380659680.00
2024/10/21,18.85,24.05,18.13,24.05,21442807,473082880.00
2024/10/22,24.91,29.35,17.05,22.45,23612541,588321536.00
2024/10/23,21.65,25.41,20.36,23.65,16680733,378110816.00
2024/10/24,22.45,27.35,21.85,24.86,16720318,406700512.00
2024/10/25,25.19,26.30,21.67,21.78,16938247,412314304.00
2024/10/28,20.85,21.43,19.35,21.02,10434958,214553616.00
2024/10/29,20.65,22.16,20.55,21.15,9799932,210113952.00
2024/10/30,21.82,21.82,19.87,20.33,6491024,134300640.00
2024/10/31,20.50,20.50,18.83,18.97,7375477,143808128.00
2024/11/01,18.89,19.80,16.66,16.72,5989693,109221048.00
2024/11/04,16.71,18.15,16.71,17.62,3689142,64876544.00
2024/11/05,18.33,20.64,17.83,20.26,8557128,170328432.00
2024/11/06,20.10,23.08,19.45,20.81,10898277,234468048.00
2024/11/07,20.42,21.97,19.45,21.93,8632138,182362000.00
2024/11/08,23.77,23.80,20.85,21.00,8491733,190975328.00
2024/11/11,20.25,21.72,20.04,21.26,5953501,125084648.00
2024/11/12,21.44,22.02,19.80,20.37,5300794,112299336.00
2024/11/13,19.86,20.56,18.65,20.34,4477210,88302808.00
2024/11/14,20.10,20.84,19.38,19.52,3546150,72188024.00
2024/11/15,20.35,23.75,20.00,21.85,13668896,302701760.00
2024/11/18,21.95,22.31,19.22,19.42,8303357,170802912.00
2024/11/19,18.34,19.73,17.05,19.35,7256837,133961152.00
2024/11/20,19.15,20.73,18.85,20.00,5685335,113212128.00
2024/11/21,21.03,23.28,20.55,21.44,11570251,254558624.00
2024/11/22,20.53,25.83,20.53,22.10,13939597,323811392.00
2024/11/25,23.35,25.65,21.15,24.24,11186187,263301120.00
2024/11/26,23.30,23.34,20.65,20.87,8718826,195268192.00
2024/11/27,19.82,23.85,19.00,23.00,8876120,190416240.00
2024/11/28,23.84,26.56,23.05,24.76,15478951,383967136.00
2024/11/29,25.82,26.85,22.73,23.71,13711525,340127680.00
2024/12/02,22.85,23.83,22.34,23.35,8069949,187599680.00
2024/12/03,24.13,30.40,22.47,28.95,24500851,681239232.00
2024/12/04,26.69,27.05,24.85,25.85,18557044,480135136.00
2024/12/05,24.59,26.25,24.59,25.01,10091997,257018320.00
2024/12/06,25.85,26.03,23.67,23.67,8719040,216785664.00
2024/12/09,23.67,24.70,22.66,23.72,7198763,170530272.00
2024/12/10,24.85,26.70,23.20,23.63,8773011,220237424.00
2024/12/11,23.14,24.14,22.09,22.17,6586775,151207680.00
2024/12/12,22.08,22.24,21.13,21.78,4816195,105496936.00
2024/12/13,21.56,23.22,21.26,22.10,5302248,119770736.00
2024/12/16,22.33,22.33,20.03,20.59,5755633,121156208.00
2024/12/17,20.55,20.74,19.47,19.90,3666780,73819168.00
2024/12/18,20.02,20.45,19.35,19.35,2940996,58944956.00
2024/12/19,18.85,21.30,18.23,20.76,6830079,135768848.00
2024/12/20,20.45,21.15,20.29,20.35,4106161,85432704.00
2024/12/23,20.29,20.35,19.26,19.34,2970048,59216648.00
2024/12/24,21.34,21.45,19.53,19.88,3898338,80240904.00
2024/12/25,19.61,20.00,18.72,18.72,3379393,65277300.00
2024/12/26,18.87,19.51,18.60,18.96,2894613,55628520.00
2024/12/27,19.24,19.33,18.53,18.53,2841829,54096668.00
2024/12/30,18.53,18.83,17.45,17.74,2507350,45887404.00
2024/12/31,18.50,18.85,17.63,17.73,2532379,46313392.00
2025/01/02,17.75,18.05,16.78,17.15,2457240,43248596.00
2025/01/03,17.33,17.55,16.30,16.44,2775748,47443852.00
2025/01/06,15.91,16.32,15.20,15.22,2813135,44894548.00
2025/01/07,15.35,16.21,15.01,16.17,3760978,59366464.00
2025/01/08,16.09,16.31,15.45,15.99,2861645,45949312.00
2025/01/09,15.95,17.02,15.85,16.47,3756544,62555628.00
2025/01/10,16.43,16.73,15.54,15.55,2481588,40284104.00
2025/01/13,15.25,15.60,14.73,15.24,1703948,26091208.00
2025/01/14,15.43,17.73,15.43,17.50,5333737,89869424.00
2025/01/15,17.36,18.21,16.91,17.29,4206926,74604592.00
2025/01/16,17.49,18.35,17.18,17.68,4085437,73161144.00
2025/01/17,17.38,17.84,17.07,17.29,2832152,49859928.00
2025/01/20,17.56,17.93,16.95,17.33,2008905,35325876.00
2025/01/21,17.83,17.83,16.94,17.06,1720391,29786866.00
2025/01/22,17.38,17.38,16.11,16.29,1913370,31920350.00
2025/01/23,16.60,17.53,16.38,16.38,2899649,49636496.00
2025/01/24,16.18,17.65,16.15,17.65,4558045,78736440.00
2025/01/27,17.55,17.83,16.17,16.20,3291019,56124104.00
2025/02/05,17.12,18.33,16.73,18.23,6596170,117983896.00
2025/02/06,17.88,18.86,17.44,18.78,6813631,125330632.00
2025/02/07,18.73,21.77,18.47,20.35,10596853,213587680.00
2025/02/10,21.40,25.01,21.23,25.01,15279493,359108096.00
2025/02/11,23.43,28.87,22.68,23.94,18361251,465856192.00
2025/02/12,24.13,24.83,22.84,23.47,9951824,236623808.00
2025/02/13,24.52,25.55,22.99,24.18,11905125,292984128.00
2025/02/14,24.65,31.22,24.25,28.32,19674514,541753280.00
2025/02/17,27.85,29.25,25.88,26.35,12769625,348571168.00
2025/02/18,25.90,26.30,23.97,24.08,9317575,234689248.00
2025/02/19,24.08,25.32,23.70,25.10,8108424,199694944.00
2025/02/20,25.10,26.17,24.35,25.49,8446399,214620640.00
2025/02/21,26.85,29.85,24.85,26.96,12734932,345385248.00
2025/02/24,27.84,31.22,26.70,28.79,14800643,431550496.00
2025/02/25,26.95,35.75,26.85,30.35,18465938,589118912.00
2025/02/26,30.45,38.35,29.97,36.85,20366730,679038080.00
2025/02/27,35.75,43.97,34.96,40.45,21275206,812716864.00
2025/02/28,39.85,41.65,34.05,34.05,16195918,610375616.00
2025/03/03,36.34,37.60,33.26,36.84,14435514,509299040.00
2025/03/04,34.85,37.80,34.35,35.93,13106756,471980512.00
2025/03/05,37.35,37.75,33.43,35.08,14392121,515436896.00
2025/03/06,35.80,39.85,34.47,38.16,17344165,648514112.00
2025/03/07,37.07,37.84,34.50,34.61,13045729,473127776.00
2025/03/10,33.85,35.83,32.13,32.61,8543836,285570528.00
2025/03/11,31.83,33.12,31.01,33.11,6860804,222740032.00
2025/03/12,33.60,33.83,32.16,32.23,6601008,218952592.00
2025/03/13,32.75,33.83,31.98,32.38,6611594,218485248.00
2025/03/14,31.17,33.81,30.20,33.00,8245908,267245344.00
2025/03/17,32.84,34.00,31.85,33.89,6428289,215609744.00
2025/03/18,34.05,34.53,32.65,32.77,5566751,187214304.00
2025/03/19,31.70,32.72,29.85,29.86,5765201,179449216.00
2025/03/20,29.29,31.08,28.44,28.50,5638033,167825664.00
2025/03/21,28.11,28.33,26.36,26.58,5121761,140013824.00
2025/03/24,27.42,27.73,25.78,27.64,3888908,104708448.00
2025/03/25,27.64,28.42,27.15,27.80,3884344,108264480.00
2025/03/26,27.27,28.05,26.95,26.95,2527129,69972976.00
2025/03/27,26.85,27.65,26.21,26.89,3073462,83560104.00
2025/03/28,26.75,27.14,25.83,25.88,2721891,71978840.00
2025/03/31,25.80,26.45,24.41,25.85,3334608,85191440.00
2025/04/01,26.34,26.72,25.53,25.68,2448064,64304444.00
2025/04/02,25.30,26.34,25.30,25.85,2092152,54558116.00
2025/04/03,25.67,26.21,25.42,25.90,1904131,49532936.00
2025/04/07,23.85,24.60,18.21,18.95,4749911,99605736.00
2025/04/08,19.35,20.32,19.20,20.09,3970334,78622984.00
2025/04/09,19.40,23.62,18.65,22.75,6016336,128600400.00
2025/04/10,23.35,24.82,23.35,23.41,5426940,131674984.00
2025/04/11,22.86,24.71,22.75,24.07,4667184,112471624.00
2025/04/14,24.95,24.95,24.11,24.25,3003717,73833952.00
2025/04/15,23.95,24.77,23.77,24.24,2689555,65405328.00
2025/04/16,24.15,24.26,22.84,23.33,2999301,71004464.00
2025/04/17,23.01,24.43,23.01,23.63,3046958,73355120.00
2025/04/18,23.85,24.43,23.52,23.96,2668833,64628792.00
2025/04/21,23.65,25.04,23.65,24.83,3184759,78651904.00
2025/04/22,25.10,26.35,24.75,24.85,4850994,124602840.00
2025/04/23,25.23,25.55,24.75,25.25,3517427,88898184.00
2025/04/24,24.85,25.27,23.17,23.30,3445465,83852904.00
2025/04/25,23.85,24.83,23.49,23.93,4180954,101595064.00
2025/04/28,24.05,24.79,22.35,22.55,3907175,93209184.00
2025/04/29,22.11,22.48,21.59,21.73,2953443,65200896.00
2025/04/30,21.71,23.53,21.10,23.53,4218931,97270888.00
2025/05/06,24.25,27.85,23.96,27.85,8966396,237562704.00
2025/05/07,28.85,29.03,25.90,27.07,8392164,229585504.00
2025/05/08,26.68,27.33,26.35,26.78,3622847,97596752.00
2025/05/09,26.63,27.84,26.51,26.87,5711070,156430592.00
2025/05/12,27.28,27.32,26.52,27.23,4239468,115068824.00
2025/05/13,27.37,27.74,26.16,26.25,3765023,102166968.00
2025/05/14,26.65,27.65,26.26,27.25,5136457,139596592.00
2025/05/15,27.25,27.25,26.35,26.47,3254416,87392128.00
2025/05/16,26.20,27.03,25.97,26.25,3170880,84562688.00
2025/05/19,26.25,28.20,25.75,28.19,6951961,190423168.00
2025/05/20,29.65,30.44,27.68,27.75,8557410,247291952.00
2025/05/21,27.23,28.00,26.45,26.68,5182423,141171872.00
2025/05/22,26.55,26.92,25.25,25.75,3683859,96309624.00
2025/05/23,25.70,26.19,24.50,24.50,3292849,84037856.00
2025/05/26,24.85,25.50,24.51,25.42,2284123,57504868.00
2025/05/27,25.42,25.64,24.70,24.99,2076001,52299628.00
2025/05/28,25.25,25.38,24.35,24.55,1643513,40951204.00
2025/05/29,24.60,26.15,24.57,25.79,3243016,83360312.00
2025/05/30,25.56,25.90,24.90,25.06,1997770,50824864.00
2025/06/03,24.83,25.65,24.83,25.01,1638359,41531544.00
2025/06/04,25.10,25.62,25.00,25.02,1913061,48657452.00
2025/06/05,24.88,26.45,24.72,25.89,3921864,101127616.00
2025/06/06,26.31,33.70,25.66,31.85,17222509,528834752.00
2025/06/09,29.86,32.67,29.35,31.11,12389809,382396128.00
2025/06/10,30.53,33.35,29.14,30.28,10884675,340821600.00
2025/06/11,29.85,30.79,28.87,29.18,7996686,237839888.00
2025/06/12,28.66,29.43,28.43,28.62,4995036,144561776.00
2025/06/13,28.22,28.85,27.12,27.26,4607125,128825744.00
2025/06/16,26.91,28.98,26.88,28.65,5825819,164885184.00
2025/06/17,28.37,28.62,27.61,27.88,3818900,107667272.00
2025/06/18,27.85,28.97,27.40,28.93,5800808,166100160.00
2025/06/19,28.93,29.73,27.35,27.42,4708312,134344800.00
2025/06/20,28.21,28.25,26.90,27.31,3799436,105464360.00
2025/06/23,26.79,27.86,26.36,27.61,3765056,102315832.00
2025/06/24,27.84,29.06,27.55,29.01,5767762,166100288.00
2025/06/25,29.88,31.14,28.65,30.65,8550642,255702528.00
2025/06/26,30.75,31.20,29.15,29.33,7209371,218081600.00
2025/06/27,29.47,30.58,29.22,29.90,5701059,170739648.00
2025/06/30,29.90,30.09,29.17,29.65,3580908,106276576.00
2025/07/01,29.50,29.65,28.69,28.74,3373232,98736600.00
2025/07/02,28.75,28.75,27.70,27.90,3126344,88259528.00
2025/07/03,28.10,28.73,27.85,27.91,2790083,78975992.00
2025/07/04,28.15,28.55,27.34,27.80,2998586,84644400.00
2025/07/07,27.94,28.33,27.50,27.79,2007855,56244592.00
2025/07/08,27.79,28.44,27.63,28.35,2619486,74278376.00
2025/07/09,28.63,29.01,27.15,27.43,2989279,83975336.00
2025/07/10,27.45,27.80,26.92,27.66,2131761,58548536.00
2025/07/11,27.69,28.65,27.50,28.54,3249483,92298568.00
2025/07/14,28.77,28.78,27.43,27.65,2886828,80663296.00
2025/07/15,27.85,28.35,26.96,28.35,3459567,96428952.00
2025/07/16,28.25,28.85,27.66,27.83,3009028,85599120.00
2025/07/17,27.55,30.75,27.40,29.33,7279530,213972672.00
2025/07/18,28.68,30.76,28.65,30.21,8389211,252115664.00
2025/07/21,29.46,29.82,28.85,29.18,5550474,163177472.00
2025/07/22,29.75,29.75,28.15,28.29,5071551,145691584.00
2025/07/23,28.55,28.82,27.80,28.03,3175683,90262072.00
2025/07/24,28.07,28.98,28.05,28.45,3419657,98085352.00
2025/07/25,29.15,31.51,29.12,30.53,10827494,330295904.00
2025/07/28,30.35,30.69,28.93,29.26,6660162,197960832.00
2025/07/29,28.60,29.03,28.13,28.62,4520952,129448496.00
2025/07/30,28.83,29.35,28.07,28.39,4102434,118261648.00
2025/07/31,28.65,31.15,28.31,30.01,9579134,286704192.00
2025/08/01,30.05,31.27,28.80,30.05,7912648,238301472.00
2025/08/04,29.72,31.16,28.81,31.13,6244515,189217776.00
2025/08/05,30.25,30.72,29.85,30.03,5266825,159820896.00
2025/08/06,29.85,33.05,29.23,32.48,11230460,354664256.00
2025/08/07,32.42,33.35,31.56,33.29,10678761,348574176.00
2025/08/08,32.23,32.65,30.31,30.31,8912204,278265632.00
2025/08/11,30.18,31.10,30.17,30.74,3794573,116972296.00
2025/08/12,30.73,31.37,30.25,30.85,3898467,120563440.00
2025/08/13,30.40,32.01,30.35,30.55,5553203,173444752.00
2025/08/14,30.20,30.56,28.96,29.00,6057588,180007584.00
2025/08/15,28.85,30.20,28.70,29.78,4225790,126032248.00
2025/08/18,30.65,31.63,29.96,30.95,6323844,196251760.00
2025/08/19,30.95,32.87,30.85,31.08,7843218,251340848.00
2025/08/20,30.36,31.21,30.05,31.09,4820803,148896000.00
2025/08/21,31.15,31.80,30.35,30.66,4568329,142674064.00
2025/08/22,31.64,32.32,30.85,31.18,5716530,181241040.00
2025/08/25,31.84,32.24,30.61,30.75,5912871,185012752.00
2025/08/26,30.75,32.15,30.15,30.87,5746309,180415568.00
2025/08/27,30.85,31.45,29.54,29.55,5648473,172335600.00
2025/08/28,29.82,29.97,28.38,29.05,4256920,124720328.00
2025/08/29,28.92,29.24,28.03,28.14,3796597,108528024.00
2025/09/01,28.39,28.54,27.76,27.90,2689260,75818944.00
2025/09/02,28.02,28.08,26.70,27.68,3783993,103739904.00
2025/09/03,27.70,27.88,26.87,27.02,1883634,51704284.00
2025/09/04,27.12,27.60,26.86,27.50,2413940,66395288.00
2025/09/05,27.84,28.35,27.46,28.22,2937705,82863904.00
2025/09/08,27.99,28.42,27.90,27.99,2161357,61058204.00
2025/09/09,28.01,28.10,26.88,27.35,2191934,60160308.00
2025/09/10,27.43,27.61,26.95,27.00,1561454,42750636.00
2025/09/11,27.50,28.01,27.25,27.55,2006707,55604260.00
2025/09/12,27.71,27.94,27.10,27.29,1936702,53436004.00
2025/09/15,27.23,27.64,26.67,26.86,1750132,47349948.00
2025/09/16,26.91,27.10,26.05,26.59,2280059,60477268.00
2025/09/17,26.67,26.74,26.30,26.37,1548711,41254096.00
2025/09/18,26.62,28.43,26.46,27.71,6076286,168929392.00
2025/09/19,27.85,28.15,26.65,26.67,3588488,98053192.00
2025/09/22,26.39,26.70,25.41,25.51,2677397,70069160.00
2025/09/23,25.17,25.75,23.64,24.14,3525526,85664016.00
2025/09/24,23.89,24.33,23.75,24.33,2242310,54318468.00
2025/09/25,24.51,25.45,24.51,24.60,3258854,81911320.00
2025/09/26,24.85,24.85,23.45,23.49,2103783,50789576.00
2025/09/29,23.85,24.17,23.34,23.97,1858777,44369108.00
2025/09/30,24.35,24.45,23.85,23.86,1580983,38459288.00
2025/10/09,23.94,24.25,23.40,23.69,1287288,30729120.00
2025/10/10,23.79,24.25,23.64,23.83,1334704,32233820.00
2025/10/13,22.75,24.26,22.35,23.80,1450389,34560240.00
2025/10/14,23.80,24.25,23.52,23.62,1192479,28734636.00
2025/10/15,23.61,24.20,23.38,23.97,1309184,31515670.00
2025/10/16,23.97,24.85,23.47,24.83,2751987,67130328.00
2025/10/17,24.40,24.48,22.84,23.45,2495114,59714732.00
2025/10/20,23.55,23.78,22.84,23.02,1370931,31882224.00
2025/10/21,23.03,23.60,22.81,23.38,1495787,34972696.00
2025/10/22,23.16,23.73,22.96,23.46,1632649,38543180.00
2025/10/23,23.69,23.75,22.51,22.84,1459885,33881980.00
2025/10/24,23.02,23.16,22.65,22.81,1296179,29899778.00
2025/10/27,22.88,23.21,22.56,22.77,1755494,40334296.00
2025/10/28,22.78,22.97,22.17,22.36,1484922,33657512.00
2025/10/29,22.62,24.45,22.23,24.23,3228445,75795040.00
2025/10/30,24.23,26.11,24.01,24.68,5352063,134812768.00
2025/10/31,24.76,26.29,24.05,25.65,5052366,129241896.00
2025/11/03,26.05,26.05,24.73,25.08,3542625,90283048.00
2025/11/04,25.09,25.39,24.03,24.36,2381421,58664664.00
2025/11/05,24.20,24.85,23.87,24.26,1889751,46461908.00
2025/11/06,24.25,24.35,23.89,23.91,1744515,42212496.00
2025/11/07,23.60,23.83,23.26,23.30,1473373,34772016.00
2025/11/10,23.72,23.72,22.93,23.27,968203,22620262.00
2025/11/11,23.27,23.53,22.90,23.05,1140661,26552930.00
2025/11/12,23.34,23.34,22.86,23.15,812765,18872614.00
2025/11/13,23.01,23.54,23.01,23.45,1312824,30844692.00
2025/11/14,23.42,23.42,22.62,22.66,1306902,30142636.00
2025/11/17,22.56,23.32,22.55,23.03,1569509,36294532.00
2025/11/18,23.06,24.09,22.82,23.29,2593325,60923120.00
2025/11/19,23.02,23.54,21.84,21.86,2391544,53974360.00
2025/11/20,22.05,22.91,21.67,22.18,2207712,49661276.00
2025/11/21,22.09,22.44,21.10,21.10,1834672,39994612.00
2025/11/24,21.21,21.84,20.93,21.55,1361886,29368338.00
2025/11/25,21.70,22.33,21.68,21.79,1633645,36178248.00
2025/11/26,21.91,22.16,21.30,21.49,1199795,26140998.00
2025/11/27,21.48,21.49,20.88,21.06,1147143,24485652.00
2025/11/28,21.21,21.44,20.97,21.44,797762,17069722.00
2025/12/01,21.44,22.06,21.01,21.85,1765287,38383008.00
2025/12/02,21.69,21.87,21.15,21.46,852867,18454224.00
2025/12/03,21.36,21.71,20.76,20.93,1115917,23630408.00
2025/12/04,20.93,21.00,19.95,20.00,1409785,28847086.00
2025/12/05,20.23,20.61,19.92,20.48,1159195,23712438.00
2025/12/08,20.56,21.09,20.54,20.75,1192816,25098754.00
2025/12/09,20.68,20.95,20.17,20.25,1068537,22030732.00
2025/12/10,20.47,21.05,19.85,20.75,1581210,32397700.00
2025/12/11,20.80,22.13,20.35,21.43,2422366,51901756.00
2025/12/12,21.23,21.96,21.01,21.22,1510158,32744298.00
2025/12/15,21.28,21.63,20.99,21.17,1000445,21470030.00
2025/12/16,20.98,22.15,20.98,21.78,2501937,54945468.00
2025/12/17,21.85,22.14,21.44,22.07,1817639,39801492.00
2025/12/18,22.05,22.14,21.56,21.68,956947,20992114.00
2025/12/19,21.84,22.14,21.58,21.77,949498,20911586.00
2025/12/22,21.62,22.01,21.46,21.58,1005572,21926248.00
2025/12/23,21.73,22.10,21.08,21.35,1468231,31758142.00
2025/12/24,21.18,21.29,20.86,21.05,1279464,27125974.00
2025/12/25,21.10,21.53,20.98,21.12,1084581,23210434.00
2025/12/26,20.99,21.38,20.75,20.80,1316024,27853250.00
2025/12/29,20.83,22.40,20.76,21.42,3051000,66567252.00
2025/12/30,21.16,22.02,21.10,21.59,2425193,52757428.00
2025/12/31,21.55,22.25,21.38,22.25,3242177,71390920.00
2026/01/05,22.03,22.35,21.62,21.99,2855900,63211460.00
2026/01/06,21.89,22.65,21.80,22.55,3542656,79260136.00
2026/01/07,22.67,22.67,21.70,21.77,2635667,58515792.00
2026/01/08,22.05,27.75,21.81,24.47,12419851,313781280.00
2026/01/09,23.81,31.85,23.72,31.85,19974132,572221888.00
2026/01/12,36.85,41.45,35.85,41.45,11051187,435813248.00
2026/01/13,53.93,53.93,40.85,42.22,25760393,1268250240.00
2026/01/14,40.85,45.55,37.73,39.35,23071786,965226688.00
2026/01/15,36.85,37.35,31.47,32.52,15352646,519185984.00
2026/01/16,32.21,33.70,31.63,31.75,10351931,337250784.00
2026/01/19,30.58,32.39,30.58,31.23,6220314,197109136.00
2026/01/20,31.94,33.03,30.85,31.56,9232549,297374048.00
2026/01/21,30.73,32.35,29.85,30.10,7738709,240080464.00
2026/01/22,30.10,31.44,30.10,30.94,6266768,193593904.00
2026/01/23,31.62,33.54,30.67,33.15,11547228,376727616.00
2026/01/26,33.84,33.84,30.25,30.75,8271864,260084672.00
2026/01/27,30.85,32.05,30.29,32.05,6875229,215707904.00
2026/01/28,32.03,32.04,30.30,30.36,5972711,185670272.00
2026/01/29,29.76,35.15,29.47,32.26,12968420,423600672.00
2026/01/30,31.45,32.63,30.70,30.70,7308113,232420352.00
2026/02/02,30.85,31.28,29.85,29.85,4813143,148067680.00
2026/02/03,30.43,31.22,30.00,30.77,5136901,158069408.00
2026/02/04,30.13,30.67,28.88,29.10,5695064,168679248.00
2026/02/05,29.05,29.64,28.62,28.80,3469262,101521984.00
2026/02/06,28.52,29.03,28.21,28.33,3256396,93526544.00
2026/02/09,29.15,29.80,28.87,29.41,4160940,122650672.00
2026/02/10,29.67,29.75,28.56,29.04,4019748,117468960.00
2026/02/11,29.28,29.28,27.77,28.19,3476838,99422096.00
2026/02/12,28.73,30.38,28.53,29.16,6274042,185146992.00
2026/02/13,29.45,32.34,29.13,30.43,7682411,238201456.00
2026/02/24,30.97,31.03,28.35,29.17,4406035,129205152.00
2026/02/25,29.27,29.63,28.95,29.11,2759120,80800528.00
2026/02/26,29.15,30.43,28.75,30.30,5219590,156102352.00
2026/02/27,30.20,36.35,29.90,34.74,14452725,493955008.00
2026/03/02,32.65,33.25,31.73,32.76,9028945,294537312.00
2026/03/03,32.25,37.73,31.89,37.73,11098209,374492320.00
2026/03/04,34.85,39.70,34.35,36.10,10959116,406298560.00
2026/03/05,37.85,38.83,33.47,34.08,8217660,287789760.00
2026/03/06,33.78,36.97,33.12,36.67,8865299,311416256.00
2026/03/09,34.74,39.73,34.65,38.94,11669639,439055328.00
2026/03/10,37.95,38.75,36.81,36.95,8904210,335510592.00
2026/03/11,36.41,38.10,35.67,36.33,6836656,251377872.00
2026/03/12,35.58,36.65,33.80,33.87,6297866,219703840.00
2026/03/13,33.83,33.83,32.35,32.44,4949483,163482016.00
2026/03/16,31.89,32.44,31.21,32.06,3075519,97874656.00
2026/03/17,32.38,32.50,30.61,30.70,3704157,116510120.00
2026/03/18,30.69,31.99,30.60,31.82,3672826,115772528.00
2026/03/19,30.99,31.67,30.66,30.80,3272053,101797656.00
2026/03/20,31.07,31.20,28.38,28.38,4260607,125528168.00
2026/03/23,27.75,28.83,27.00,27.35,2820846,78920528.00
2026/03/24,28.50,28.59,26.74,27.40,2398747,65845892.00
2026/03/25,27.86,28.94,27.50,28.39,3505207,99365544.00
2026/03/26,28.36,28.66,26.80,26.93,3051947,84229432.00
2026/03/27,27.09,28.32,26.53,27.97,2852117,77798272.00
2026/03/30,27.05,28.39,27.01,27.92,2836701,78667264.00
2026/03/31,28.10,28.81,27.08,27.14,3328912,93485080.00
2026/04/01,28.34,28.74,27.70,28.21,3351119,95000800.00
2026/04/02,28.05,28.40,27.30,27.52,2400730,66821576.00
2026/04/03,27.81,28.09,26.90,26.96,1918371,52893460.00
2026/04/07,27.00,27.58,26.21,26.21,2233301,59704588.00
2026/04/08,27.47,32.35,27.20,30.23,8725655,264436448.00
2026/04/09,28.70,30.30,28.70,29.90,5840483,172535424.00
2026/04/10,30.49,30.60,29.12,29.22,4436215,132181024.00
2026/04/13,28.60,29.51,28.60,29.51,2443292,71251312.00
2026/04/14,30.50,30.80,29.06,29.30,2996303,89158408.00
2026/04/15,29.45,30.18,29.33,29.69,3404724,101544680.00
2026/04/16,29.95,30.44,29.60,30.16,3174933,95541400.00
2026/04/17,30.34,32.29,30.00,31.75,6616408,205677968.00
2026/04/20,32.88,33.91,31.57,31.72,6704709,220207040.00
2026/04/21,31.00,31.43,30.05,30.49,4304312,131890024.00
2026/04/22,30.65,33.20,30.30,33.05,7815306,251549488.00
2026/04/23,32.36,33.48,31.71,31.96,5562910,180440960.00
2026/04/24,31.90,36.66,30.70,35.10,10937386,371448608.00
2026/04/27,34.00,35.00,32.81,32.81,7565269,255238288.00
2026/04/28,31.83,31.88,28.85,29.32,7643068,230440544.00
2026/04/29,28.75,29.93,28.62,29.34,3530479,103809288.00
2026/04/30,29.80,30.31,28.71,28.75,3738153,109970728.00
2026/05/06,29.05,30.50,29.05,29.80,4578727,137440624.00
2026/05/07,29.91,31.13,29.80,30.93,4219164,129300640.00
2026/05/08,31.45,31.93,30.53,30.87,4867269,151330320.00
2026/05/11,30.99,31.20,30.26,30.52,3884379,119034088.00
2026/05/12,30.54,31.13,29.33,29.63,3630032,109384096.00
2026/05/13,29.35,30.06,29.20,29.60,3399698,100728064.00
2026/05/14,29.95,30.07,27.99,28.00,3077146,88526464.00
2026/05/15,28.20,28.88,27.82,28.20,2575229,73068328.00
2026/05/18,28.15,28.70,28.00,28.24,1968497,55849480.00
2026/05/19,28.01,29.19,27.86,28.86,3059809,87919288.00
2026/05/20,29.15,29.16,26.11,27.03,4258058,117216480.00
2026/05/21,27.00,27.73,26.20,26.20,2517510,68000416.00
2026/05/22,26.46,26.56,25.80,26.38,1899742,49886676.00
2026/05/25,27.29,27.66,26.46,26.80,2556278,68976904.00
2026/05/26,26.37,27.03,25.55,26.19,2117933,55366348.00
2026/05/27,26.64,26.64,24.16,24.20,3303391,82366136.00
2026/05/28,24.19,24.98,23.69,24.81,2258659,55165608.00
2026/05/29,25.03,25.40,23.82,24.00,1851942,45490656.00
2026/06/01,24.18,26.67,24.18,25.77,4173257,106866600.00
2026/06/02,25.79,26.18,25.47,25.96,2988998,77267008.00
2026/06/03,25.95,26.17,25.05,25.43,2238606,57481844.00
2026/06/04,25.36,25.60,24.02,24.25,2168405,53017080.00
2026/06/05,24.34,25.75,24.01,25.11,2461802,61774632.00
2026/06/08,24.25,26.77,24.11,26.45,3876381,100872616.00
2026/06/09,26.53,27.30,25.62,25.83,2697291,70443800.00
2026/06/10,26.50,27.36,25.00,26.17,3517600,92975792.00
2026/06/11,25.00,25.90,23.55,23.58,3396732,82021432.00
2026/06/12,24.05,24.35,22.71,23.40,2454526,57951612.00
2026/06/15,23.61,24.30,23.19,23.62,2159482,51084768.00
2026/06/16,23.86,23.86,23.08,23.18,1867467,43558972.00
2026/06/17,23.37,23.53,22.82,23.00,1617712,37310188.00
2026/06/18,22.98,23.41,22.72,22.73,1427591,32907614.00
2026/06/22,22.54,24.20,22.00,23.86,3326012,77224784.00
2026/06/23,23.80,25.23,23.27,23.45,2905951,70125528.00
2026/06/24,23.22,23.62,22.33,22.58,1741873,39512972.00
2026/06/25,22.53,22.65,21.58,21.73,2139055,46790152.00
2026/06/26,21.96,22.07,20.78,20.78,1687478,35816456.00
2026/06/29,20.53,20.87,20.25,20.29,1538217,31569958.00
2026/06/30,20.64,21.30,20.30,20.85,1464587,30538128.00
2026/07/01,20.80,21.60,20.69,21.29,1940675,41142972.00
2026/07/02,21.30,22.98,21.20,21.50,3515556,77727856.00
2026/07/03,21.21,22.09,21.10,21.82,2451498,53010324.00
2026/07/06,22.22,22.66,20.86,21.60,2601777,56105576.00
2026/07/07,22.00,23.49,21.60,21.72,3062380,68770216.00
2026/07/08,21.85,26.99,21.85,25.30,8997942,225432768.00
2026/07/09,23.66,25.20,22.77,24.56,7207679,172944640.00
2026/07/10,24.56,25.80,23.66,24.24,5503254,136095744.00
2026/07/13,23.10,25.40,23.10,24.51,4076520,99260144.00
2026/07/14,24.59,25.80,22.88,23.64,3826437,92114200.00
2026/07/15,23.43,24.50,22.72,23.87,3518463,83480160.00
2026/07/16,23.50,25.99,23.50,25.24,5471335,136577520.00
2026/07/17,26.80,28.79,23.07,23.29,7558677,199471744.00
2026/07/20,23.08,25.25,22.33,22.75,4923240,116560056.00
2026/07/21,22.55,23.33,20.83,22.80,4704953,103197376.00
2026/07/22,22.60,23.69,22.38,22.40,3454170,79469848.00
2026/07/23,22.50,22.98,21.01,21.29,2910548,62816100.00
2026/07/24,21.10,21.59,20.41,20.50,2094999,43850788.00
2026/07/27,20.24,21.14,20.11,20.94,1582945,32922148.00
2026/07/28,20.64,21.96,20.58,21.09,1932753,41217556.00
2026/07/29,20.95,21.70,20.50,21.25,1792391,37662380.00
2026/07/30,21.28,21.96,20.80,20.93,2413721,51598508.00
2026/07/31,21.53,24.00,21.02,22.76,4956744,111856768.00
2026/08/03,22.49,22.79,21.70,21.84,3428519,75946648.00
2026/08/04,22.20,23.37,22.03,23.14,3960075,90055384.00
2026/08/05,23.10,24.24,22.89,23.78,4584624,108647208.00
2026/08/06,23.01,24.20,23.01,23.94,3503734,82900752.00
2026/08/07,24.74,25.65,22.91,24.28,5745559,139590128.00
2026/08/10,24.15,24.98,23.48,23.57,4221469,102001824.00
2026/08/11,23.30,23.84,23.04,23.20,2361103,55187920.00
2026/08/12,23.50,23.79,23.05,23.19,2032436,47325560.00
2026/08/13,23.56,24.19,22.62,22.62,3200765,75496784.00
2026/08/14,22.89,23.26,22.41,22.91,2303834,52462544.00
2026/08/17,22.80,23.20,22.42,22.72,1794550,40609480.00
2026/08/18,22.67,24.00,22.43,23.59,3496826,81019824.00
2026/08/19,22.97,23.00,21.52,21.59,2995197,66339928.00
2026/08/20,21.88,21.88,21.23,21.36,1576534,34003920.00
2026/08/21,20.36,20.62,19.80,20.42,2532246,51269988.00
2026/08/24,20.58,20.69,20.10,20.65,1379906,28244000.00
2026/08/25,20.44,20.81,20.29,20.75,942428,19489468.00
2026/08/26,20.95,21.12,20.51,20.83,1171986,24463364.00
2026/08/27,20.83,21.15,20.74,21.05,1251893,26267732.00
2026/08/28,22.06,22.69,21.60,21.60,3398309,75663912.00
2026/08/31,20.60,22.71,20.51,22.22,3004969,64980216.00
2026/09/01,22.29,23.33,21.94,23.10,3783242,86091024.00
2026/09/02,22.74,24.15,22.60,23.23,4210185,99010008.00
2026/09/03,23.95,24.68,22.56,22.70,3785435,89541384.00
2026/09/04,22.52,23.84,22.52,23.18,3699639,86269336.00
2026/09/07,23.15,23.50,22.34,22.64,2543077,57668732.00
2026/09/08,22.68,22.81,22.10,22.19,1752765,39324344.00
2026/09/09,22.00,22.34,21.30,21.38,1586562,34453552.00
2026/09/10,21.31,21.64,20.95,20.96,1104204,23338924.00
2026/09/11,21.38,21.60,20.22,20.47,1826873,37626856.00
2026/09/14,21.66,21.76,20.80,20.83,2142666,45451388.00
#数据来源:通达信
