920885 星辰科技 日线 前复权
      日期	    开盘	    最高	    最低	    收盘	    成交量	    成交额
2021/08/02,9.24,9.42,9.24,9.36,125700,2424551.75
2021/08/03,9.29,9.36,9.26,9.30,122400,2351358.50
2021/08/04,9.32,9.39,9.23,9.36,161200,3108264.00
2021/08/05,9.29,9.36,8.69,8.84,750600,14005093.00
2021/08/06,8.79,8.93,8.37,8.46,624900,11089033.00
2021/08/09,8.33,8.88,8.29,8.76,487300,8703430.00
2021/08/10,8.72,8.93,8.59,8.65,349300,6319024.00
2021/08/11,8.62,9.00,8.62,8.87,505000,9219831.00
2021/08/12,9.03,9.35,8.89,9.10,945100,17766146.00
2021/08/13,9.12,9.13,8.91,8.98,279100,5188058.00
2021/08/16,8.81,9.27,8.79,9.03,248300,4649671.50
2021/08/17,9.11,9.11,8.82,8.85,444600,8235764.50
2021/08/18,8.84,8.93,8.72,8.83,159500,2919130.75
2021/08/19,8.83,8.98,8.73,8.83,223500,4093004.25
2021/08/20,8.85,9.11,8.78,9.08,277500,5176062.00
2021/08/23,9.18,9.78,9.08,9.62,604200,11890807.00
2021/08/24,9.67,9.98,9.62,9.86,708200,14334837.00
2021/08/25,9.88,10.22,9.74,10.04,384300,7968665.50
2021/08/26,9.87,10.30,9.61,9.68,700900,14367202.00
2021/08/27,9.72,9.83,9.24,9.33,398000,7847539.00
2021/08/30,9.35,9.57,9.03,9.15,398000,7631053.50
2021/08/31,9.14,9.32,9.08,9.28,349200,6519872.50
2021/09/01,9.23,9.80,9.23,9.78,397300,7901982.00
2021/09/02,9.73,10.58,9.73,10.58,761800,16032955.00
2021/09/03,12.67,12.93,10.69,11.68,1578800,38164144.00
2021/09/06,12.08,14.86,11.68,12.84,2844700,77542648.00
2021/09/07,12.86,13.64,12.44,12.94,1130800,30089270.00
2021/09/08,12.90,14.82,12.90,14.59,1208000,34495400.00
2021/09/09,14.68,15.58,14.28,14.91,1054100,31701678.00
2021/09/10,14.96,15.41,13.86,14.15,971900,28557990.00
2021/09/13,14.03,14.23,12.95,13.49,834500,22957210.00
2021/09/14,13.43,13.67,12.90,13.18,559600,15285437.00
2021/09/15,13.25,13.38,12.91,12.94,361200,9674358.00
2021/09/16,13.12,13.27,12.84,12.94,409000,10904467.00
2021/09/17,12.93,13.74,12.93,13.63,457300,12551498.00
2021/09/22,14.43,14.74,13.83,14.11,803900,23339094.00
2021/09/23,14.01,14.50,13.77,13.93,498000,14363588.00
2021/09/24,13.93,14.15,13.77,13.93,244300,6952096.00
2021/09/27,13.91,14.03,13.44,13.77,344000,9654185.00
2021/09/28,13.77,13.83,12.68,13.50,243800,6715364.00
2021/09/29,13.43,13.43,13.02,13.17,222300,5980445.00
2021/09/30,13.14,13.57,12.99,13.51,198500,5430016.00
2021/10/08,13.11,13.63,12.43,12.58,339200,8928326.00
2021/10/11,12.58,12.88,12.12,12.32,290400,7374546.00
2021/10/12,12.36,12.36,11.18,11.66,313400,7514516.50
2021/10/13,11.62,11.98,11.49,11.73,273100,6569273.00
2021/10/14,11.73,11.78,11.50,11.60,90200,2156876.50
2021/10/15,11.60,11.71,11.52,11.66,98700,2354707.50
2021/10/18,11.66,12.16,11.53,12.08,126700,3077314.75
2021/10/19,12.09,12.13,11.92,12.07,92800,2290788.25
2021/10/20,12.13,12.13,11.96,12.00,128300,3160367.50
2021/10/21,12.00,12.00,11.74,11.82,197400,4791593.50
2021/10/22,11.83,11.96,11.59,11.69,206100,4964942.50
2021/10/25,11.68,11.68,11.28,11.29,258300,6113180.50
2021/10/26,11.28,11.29,10.59,10.61,454000,10108818.00
2021/10/27,10.67,10.67,10.06,10.14,392100,8289594.00
2021/10/28,8.82,8.88,8.47,8.64,1178600,21096182.00
2021/10/29,8.76,9.12,8.72,9.01,353600,6496601.50
2021/11/01,9.61,9.95,9.48,9.88,544400,11004661.00
2021/11/02,9.90,9.93,9.64,9.86,334300,6714908.00
2021/11/03,9.86,10.66,9.86,10.61,199300,4244754.00
2021/11/04,10.61,11.65,10.61,11.54,414300,9670773.00
2021/11/05,11.72,11.97,11.36,11.51,213100,5093946.50
2021/11/08,11.61,11.91,11.23,11.87,452900,10869857.00
2021/11/09,11.87,11.97,11.48,11.80,213100,5099000.00
2021/11/10,11.81,12.29,11.80,12.18,366700,9095178.00
2021/11/11,12.41,12.50,11.52,11.90,472400,11531939.00
2021/11/12,11.90,12.47,11.90,12.32,498000,12457966.00
2021/11/15,13.06,13.67,12.21,12.37,2616900,69279376.00
2021/11/16,12.38,12.40,10.25,10.67,1491000,34063208.00
2021/11/17,10.66,10.77,10.38,10.61,456800,9956460.00
2021/11/18,10.63,10.82,10.42,10.43,238400,5187638.00
2021/11/19,10.60,10.61,10.04,10.21,458100,9638543.00
2021/11/22,10.38,10.63,10.29,10.47,411400,8851732.00
2021/11/23,10.54,11.93,10.54,11.39,946500,21983906.00
2021/11/24,11.19,11.93,11.18,11.59,738800,17793310.00
2021/11/25,11.78,12.16,11.58,11.75,552200,13476106.00
2021/11/26,11.80,11.93,11.41,11.45,488400,11629962.00
2021/11/29,11.34,11.96,11.22,11.78,1148400,27698994.00
2021/11/30,11.78,11.78,11.58,11.75,347200,8319165.00
2021/12/01,11.75,11.76,11.56,11.71,294500,7058945.50
2021/12/02,11.72,11.73,11.50,11.51,188400,4477744.50
2021/12/03,11.41,11.51,10.99,11.17,373000,8578617.00
2021/12/06,11.04,11.18,10.63,10.68,356000,7969591.50
2021/12/07,10.54,10.68,10.53,10.57,224700,4909972.50
2021/12/08,10.58,11.00,10.58,10.69,179900,3997436.75
2021/12/09,10.76,10.76,10.64,10.69,130600,2875702.75
2021/12/10,10.86,10.86,10.46,10.47,243900,5300655.00
2021/12/13,10.48,10.61,10.46,10.48,198800,4296223.00
2021/12/14,10.66,10.97,10.51,10.71,216200,4777613.50
2021/12/15,10.58,10.84,10.44,10.54,122400,2668960.25
2021/12/16,10.58,10.60,10.49,10.49,65100,1411654.75
2021/12/17,10.60,10.91,10.51,10.73,250900,5562992.00
2021/12/20,10.48,10.76,10.18,10.33,196300,4250801.00
2021/12/21,10.34,10.41,10.19,10.32,78800,1664034.75
2021/12/22,10.22,10.28,10.08,10.09,167200,3491327.50
2021/12/23,10.28,10.28,9.98,10.03,93900,1949809.25
2021/12/24,9.99,10.00,9.43,9.50,252800,5033350.50
2021/12/27,9.52,9.78,9.52,9.61,124200,2482988.25
2021/12/28,9.75,10.18,9.62,10.08,154200,3176560.50
2021/12/29,10.11,10.28,10.05,10.12,137600,2868831.25
2021/12/30,10.22,10.43,10.18,10.28,224500,4778650.50
2021/12/31,10.43,10.93,10.18,10.43,416400,9125963.00
2022/01/04,10.43,10.43,9.94,10.08,209100,4353747.50
2022/01/05,10.20,10.23,9.70,9.81,164500,3362687.25
2022/01/06,9.81,9.88,9.48,9.75,141100,2812817.75
2022/01/07,9.78,9.78,9.54,9.60,66500,1320677.13
2022/01/10,9.87,9.87,9.57,9.65,73488,1461239.00
2022/01/11,9.61,9.77,9.44,9.46,91257,1804744.00
2022/01/12,9.68,9.70,9.50,9.63,102137,2028302.50
2022/01/13,9.55,9.65,9.52,9.53,76698,1515071.38
2022/01/14,9.53,9.68,9.46,9.55,84423,1671774.88
2022/01/17,9.51,9.72,9.51,9.72,108366,2158544.75
2022/01/18,9.67,9.82,9.56,9.72,85708,1714134.50
2022/01/19,9.72,9.72,9.54,9.64,104926,2084549.63
2022/01/20,9.59,10.00,9.59,9.91,346939,7041606.50
2022/01/21,9.71,9.98,9.68,9.85,273045,5546673.00
2022/01/24,9.81,9.92,9.69,9.82,83053,1677434.88
2022/01/25,9.82,9.98,9.64,9.68,147497,3002607.00
2022/01/26,9.64,9.64,9.34,9.43,136629,2665994.50
2022/01/27,9.43,9.58,9.19,9.20,79914,1540445.38
2022/01/28,9.21,9.48,9.21,9.37,52506,1015420.50
2022/02/07,9.58,9.63,9.29,9.34,11542,226675.03
2022/02/08,9.46,9.46,9.24,9.33,41689,804066.63
2022/02/09,9.50,9.50,9.24,9.32,51153,987344.06
2022/02/10,9.23,9.35,9.17,9.17,76867,1463621.88
2022/02/11,9.23,9.23,8.41,8.61,270338,4889176.00
2022/02/14,8.43,8.43,7.70,8.27,690472,11462049.00
2022/02/15,8.07,8.21,7.93,8.05,207910,3471627.00
2022/02/16,8.05,8.13,7.94,8.01,66502,1103901.75
2022/02/17,7.89,7.96,7.85,7.94,189267,3111207.00
2022/02/18,7.87,8.11,7.86,8.03,111564,1854049.75
2022/02/21,8.19,8.51,8.19,8.46,280405,4896516.00
2022/02/22,8.39,8.58,8.27,8.42,78679,1374273.13
2022/02/23,8.51,8.62,8.37,8.56,141338,2497272.50
2022/02/24,8.57,8.57,8.21,8.43,179759,3118472.75
2022/02/25,8.36,8.45,8.31,8.36,73638,1281185.13
2022/02/28,8.46,8.47,8.26,8.36,71914,1240891.25
2022/03/01,8.08,8.38,8.08,8.31,26432,454558.28
2022/03/02,8.16,8.43,8.16,8.32,25151,431106.88
2022/03/03,8.32,8.40,8.27,8.36,34044,590582.19
2022/03/04,8.44,8.51,8.38,8.43,57309,1005585.19
2022/03/07,8.37,8.50,8.26,8.27,110580,1923636.13
2022/03/08,8.32,8.32,7.93,7.95,75163,1257023.75
2022/03/09,8.11,8.17,7.56,7.87,75220,1218008.13
2022/03/10,7.86,8.04,7.68,7.87,105118,1718855.25
2022/03/11,7.64,7.64,7.40,7.63,157719,2467973.25
2022/03/14,7.52,7.52,7.22,7.24,112845,1728022.13
2022/03/15,7.18,7.18,6.43,6.49,429402,6051935.00
2022/03/16,6.39,6.73,6.06,6.33,442702,5846459.00
2022/03/17,6.43,7.08,6.36,6.76,367274,5209807.00
2022/03/18,6.68,7.16,6.68,7.08,241676,3571115.75
2022/03/21,7.23,7.29,6.89,7.07,174961,2619182.00
2022/03/22,7.11,7.17,6.98,7.08,35591,524197.03
2022/03/23,7.03,7.17,6.93,6.98,140331,2051993.63
2022/03/24,6.86,7.18,6.86,7.09,157917,2344769.75
2022/03/25,7.17,7.18,7.00,7.06,63273,934265.25
2022/03/28,6.94,7.07,6.78,7.03,53076,769884.25
2022/03/29,6.96,7.24,6.96,7.12,71444,1057073.38
2022/03/30,7.07,7.20,7.06,7.19,70879,1059692.00
2022/03/31,7.19,7.23,6.87,7.06,115157,1689891.13
2022/04/01,6.98,7.30,6.92,7.16,95484,1427661.00
2022/04/06,7.25,7.29,7.13,7.22,69213,1043539.38
2022/04/07,7.24,7.26,7.08,7.10,38669,576049.38
2022/04/08,7.13,7.13,6.94,6.96,22038,322238.97
2022/04/11,6.86,6.96,6.43,6.62,118326,1658959.88
2022/04/12,6.57,6.64,6.49,6.62,108436,1498916.25
2022/04/13,6.48,6.59,6.48,6.52,36926,504653.38
2022/04/14,6.52,6.61,6.39,6.43,70259,953480.75
2022/04/15,6.38,6.38,6.22,6.28,111848,1481632.38
2022/04/18,6.19,6.23,6.10,6.16,78600,1019187.94
2022/04/19,6.19,6.19,5.94,6.05,157620,2006627.00
2022/04/20,6.03,6.03,5.96,5.99,94332,1189139.75
2022/04/21,5.98,6.33,5.88,5.88,111278,1407678.50
2022/04/22,5.88,5.98,5.79,5.88,91047,1134338.63
2022/04/25,5.76,5.76,5.60,5.73,202782,2421887.50
2022/04/26,5.62,5.76,5.53,5.56,64845,768312.88
2022/04/27,5.45,6.08,5.44,5.78,204376,2423689.75
2022/04/28,5.73,5.82,5.62,5.79,61788,748141.00
2022/04/29,5.83,6.08,5.63,5.89,102799,1281715.75
2022/05/05,5.84,6.17,5.83,6.13,89451,1153808.50
2022/05/06,5.98,6.17,5.88,6.08,88115,1124617.50
2022/05/09,6.08,6.09,5.87,6.07,103171,1305645.38
2022/05/10,6.07,6.11,5.97,6.05,76787,981335.88
2022/05/11,5.99,6.28,5.99,6.13,172952,2235924.00
2022/05/12,6.13,6.23,5.93,6.01,85478,1088411.38
2022/05/13,6.02,6.26,5.97,6.22,206938,2671142.25
2022/05/16,6.20,6.46,6.18,6.26,180242,2387188.75
2022/05/17,6.23,6.57,6.18,6.52,350898,4696465.00
2022/05/18,6.48,6.54,6.38,6.48,81790,1112579.38
2022/05/19,6.26,6.78,6.24,6.78,302441,4185542.25
2022/05/20,6.74,7.03,6.64,6.97,235124,3386289.00
2022/05/23,6.86,7.01,6.79,6.90,54533,787340.06
2022/05/24,6.91,6.97,6.49,6.50,172554,2433953.75
2022/05/25,6.56,6.56,6.38,6.46,76275,1032866.19
2022/05/26,6.55,6.55,6.39,6.45,70039,948257.25
2022/05/27,6.50,6.50,6.31,6.38,47977,643442.25
2022/05/30,6.31,6.46,6.31,6.43,60762,811166.50
2022/05/31,6.40,6.58,6.38,6.50,96158,1301966.13
2022/06/01,6.45,6.76,6.45,6.73,116628,1629518.38
2022/06/02,6.64,6.80,6.64,6.77,108307,1528442.00
2022/06/06,6.76,7.00,6.73,6.86,226483,3264385.50
2022/06/07,6.86,6.93,6.76,6.89,83285,1192774.50
2022/06/08,6.91,6.91,6.64,6.78,97966,1389364.75
2022/06/09,6.83,6.83,6.62,6.72,59988,840785.56
2022/06/10,6.68,6.81,6.68,6.81,135075,1915589.25
2022/06/13,6.86,6.86,6.70,6.83,106679,1524196.13
2022/06/14,6.86,6.86,6.59,6.85,136329,1892034.00
2022/06/15,6.86,6.90,6.81,6.85,111617,1576069.25
2022/06/16,6.87,6.88,6.76,6.77,587546,6229548.00
2022/06/17,6.77,6.87,6.69,6.73,49086,679142.19
2022/06/20,6.73,6.84,6.70,6.83,96577,1345289.75
2022/06/21,6.85,7.06,6.75,7.02,264130,3787458.75
2022/06/22,6.91,7.05,6.76,6.94,616480,6676755.00
2022/06/23,6.45,6.95,6.45,6.93,36247,513853.09
2022/06/24,6.82,6.96,6.82,6.87,29576,418328.88
2022/06/27,6.95,7.70,6.95,7.40,562896,8402546.00
2022/06/28,7.45,7.89,7.45,7.76,339632,5340000.50
2022/06/29,7.86,7.86,7.40,7.65,373483,5858694.50
2022/06/30,7.56,7.69,7.47,7.55,246972,3812883.25
2022/07/01,7.49,7.62,7.41,7.56,42162,650467.06
2022/07/04,7.63,7.64,7.35,7.52,73227,1116160.25
2022/07/05,7.51,7.62,7.28,7.43,59170,892869.75
2022/07/06,7.43,7.43,7.16,7.29,31741,472275.06
2022/07/07,7.43,7.44,7.27,7.38,57700,872492.00
2022/07/08,7.30,7.41,7.30,7.41,14162,213990.58
2022/07/11,7.30,7.39,7.20,7.38,22272,333515.47
2022/07/12,7.22,7.33,7.18,7.31,27800,413077.69
2022/07/13,7.31,7.38,7.21,7.33,55054,821887.56
2022/07/14,7.31,7.31,7.09,7.21,93593,1379675.75
2022/07/15,7.16,7.19,7.13,7.16,27770,408877.19
2022/07/18,7.49,7.49,7.00,7.28,31336,457803.81
2022/07/19,7.26,7.27,7.06,7.07,39916,582395.75
2022/07/20,7.06,7.20,7.06,7.11,59076,863401.25
2022/07/21,7.11,7.11,7.02,7.09,33162,480802.47
2022/07/22,7.15,7.39,7.07,7.33,135344,2028554.50
2022/07/25,7.21,7.30,7.07,7.21,31267,461994.19
2022/07/26,7.05,7.30,6.96,7.30,50286,733493.81
2022/07/27,7.22,7.29,7.20,7.28,55149,820103.38
2022/07/28,7.21,7.29,7.19,7.25,27215,404471.97
2022/07/29,7.25,7.25,7.16,7.20,50956,753060.13
2022/08/01,7.08,7.25,7.08,7.19,64427,950659.75
2022/08/02,7.16,7.17,6.87,7.02,65031,938210.19
2022/08/03,7.07,7.51,6.97,7.17,82186,1208617.25
2022/08/04,7.20,7.23,7.07,7.17,59511,874436.31
2022/08/05,7.09,7.20,7.09,7.16,40751,595909.44
2022/08/08,7.17,7.20,7.09,7.18,28883,425078.59
2022/08/09,7.10,7.13,7.06,7.12,64254,934982.75
2022/08/10,7.06,7.15,7.01,7.08,75666,1095650.00
2022/08/11,7.11,7.13,7.01,7.10,175752,2549090.25
2022/08/12,7.10,7.18,7.09,7.12,86527,1267570.75
2022/08/15,7.23,7.23,7.06,7.15,41076,600369.69
2022/08/16,7.15,7.18,7.02,7.10,83766,1215238.75
2022/08/17,7.07,7.09,6.95,7.06,22946,330583.75
2022/08/18,6.97,7.09,6.96,7.06,24360,351762.19
2022/08/19,7.00,7.10,6.92,6.94,64635,932917.56
2022/08/22,6.95,7.11,6.86,7.09,68839,989818.06
2022/08/23,6.95,7.07,6.94,7.06,44488,635741.50
2022/08/24,6.95,7.07,6.76,6.92,93368,1319827.13
2022/08/25,6.66,6.92,6.66,6.81,24507,346442.19
2022/08/26,6.88,6.92,6.71,6.80,40521,561923.25
2022/08/29,6.66,6.81,6.66,6.76,21795,302475.03
2022/08/30,6.81,6.83,6.70,6.81,18046,249309.52
2022/08/31,6.75,6.82,6.56,6.71,49058,668982.50
2022/09/01,6.71,6.71,6.49,6.64,14780,201040.80
2022/09/02,6.60,6.80,6.49,6.64,36334,491819.59
2022/09/05,6.66,6.91,6.66,6.78,116146,1610826.75
2022/09/06,6.58,6.78,6.58,6.76,14956,206359.19
2022/09/07,6.76,6.78,6.66,6.75,7022,96847.68
2022/09/08,6.74,6.74,6.61,6.65,23425,320567.00
2022/09/09,6.61,6.70,6.59,6.66,9390,127951.30
2022/09/13,6.64,6.67,6.61,6.66,8288,113334.68
2022/09/14,6.58,6.65,6.52,6.53,40970,553086.06
2022/09/15,6.51,6.62,6.37,6.37,30711,408474.72
2022/09/16,6.38,6.64,6.35,6.55,101354,1362140.50
2022/09/19,6.55,7.30,6.46,6.66,128723,1824400.88
2022/09/20,6.51,6.97,6.46,6.81,62828,876237.13
2022/09/21,6.87,7.27,6.71,7.16,252826,3676300.25
2022/09/22,7.11,7.30,6.93,7.07,176954,2593284.75
2022/09/23,6.91,7.12,6.58,6.69,115661,1608280.75
2022/09/26,6.69,6.69,6.47,6.56,40938,550408.25
2022/09/27,6.37,6.56,6.37,6.55,27926,372395.34
2022/09/28,6.56,6.65,6.36,6.42,47015,623485.94
2022/09/29,6.41,6.47,6.18,6.30,67536,872406.19
2022/09/30,6.20,6.20,6.06,6.11,32519,408953.81
2022/10/10,6.08,6.08,5.87,5.87,43432,534873.25
2022/10/11,5.83,5.83,5.64,5.74,84377,1000557.69
2022/10/12,5.66,5.93,5.65,5.78,39516,467701.44
2022/10/13,5.76,5.91,5.57,5.68,104733,1229485.75
2022/10/14,5.66,5.87,5.58,5.85,145406,1703756.75
2022/10/17,5.85,5.90,5.75,5.78,78688,946219.13
2022/10/18,5.79,5.88,5.76,5.83,42564,510628.13
2022/10/19,5.84,5.84,5.72,5.79,26767,317852.81
2022/10/20,5.73,5.80,5.68,5.74,40906,482754.16
2022/10/21,5.76,5.76,5.60,5.68,68363,804137.94
2022/10/24,5.72,5.80,5.67,5.77,57746,686117.50
2022/10/25,5.79,5.95,5.77,5.81,73360,888122.25
2022/10/26,5.76,5.94,5.74,5.90,47935,580166.38
2022/10/27,5.82,5.98,5.77,5.88,20591,248037.45
2022/10/28,5.78,5.78,5.71,5.71,19787,234962.66
2022/10/31,5.71,5.80,5.67,5.71,50001,590211.19
2022/11/01,5.71,5.80,5.62,5.80,39491,466381.50
2022/11/02,5.75,5.80,5.75,5.78,24460,292300.31
2022/11/03,5.73,5.77,5.69,5.71,56864,670645.44
2022/11/04,5.71,5.87,5.62,5.87,387159,4560564.00
2022/11/07,5.90,6.03,5.81,5.81,195940,2386174.50
2022/11/08,5.85,5.85,5.73,5.76,180294,2146748.50
2022/11/09,5.82,5.82,5.70,5.75,61616,732089.75
2022/11/10,5.75,5.77,5.69,5.69,81285,957218.63
2022/11/11,5.76,5.76,5.69,5.76,127486,1507412.25
2022/11/14,5.76,5.81,5.70,5.75,82788,988230.81
2022/11/15,5.70,5.80,5.69,5.79,57241,682226.38
2022/11/16,5.79,5.84,5.75,5.79,74958,897120.94
2022/11/17,5.88,5.89,5.76,5.78,38339,456624.19
2022/11/18,5.81,5.81,5.71,5.76,36518,434831.22
2022/11/21,5.89,5.95,5.77,5.83,122690,1479833.50
2022/11/22,5.82,5.86,5.77,5.82,78968,948120.94
2022/11/23,5.76,5.76,5.40,5.75,38606,449978.28
2022/11/24,5.69,5.78,5.68,5.77,7043,83231.43
2022/11/25,5.71,5.76,5.70,5.70,14790,174535.20
2022/11/28,5.71,5.77,5.66,5.73,44489,523844.53
2022/11/29,5.66,5.80,5.66,5.79,71159,847569.81
2022/11/30,5.69,5.79,5.68,5.76,21904,258391.48
2022/12/01,5.78,5.79,5.66,5.76,44658,529349.69
2022/12/02,5.70,5.75,5.70,5.75,14002,165279.20
2022/12/05,5.93,5.95,5.70,5.76,50421,598577.88
2022/12/06,5.76,5.92,5.75,5.89,114294,1381866.75
2022/12/07,5.87,5.87,5.76,5.84,41656,497811.06
2022/12/08,5.71,5.79,5.69,5.78,40733,482310.13
2022/12/09,5.72,5.77,5.67,5.75,65542,770305.06
2022/12/12,5.68,5.68,5.58,5.63,74695,869510.63
2022/12/13,5.60,5.65,5.58,5.63,56800,658410.81
2022/12/14,5.49,5.63,5.49,5.62,42426,488076.72
2022/12/15,5.60,5.62,5.46,5.60,71117,815287.94
2022/12/16,5.50,5.62,5.46,5.56,33354,382529.28
2022/12/19,5.56,5.57,5.42,5.54,29203,334011.03
2022/12/20,5.53,5.53,5.42,5.48,48613,550870.19
2022/12/21,5.45,5.46,5.41,5.46,18493,208080.27
2022/12/22,5.46,5.50,5.36,5.43,26649,299579.25
2022/12/23,5.36,5.36,5.27,5.28,62637,688889.25
2022/12/26,5.09,5.28,5.09,5.28,15480,166519.56
2022/12/27,5.28,5.30,5.06,5.23,53609,574345.13
2022/12/28,5.12,5.26,5.12,5.22,9968,107299.41
2022/12/29,5.22,5.22,5.11,5.21,27619,296100.31
2022/12/30,5.21,5.21,5.14,5.18,27528,295987.25
2023/01/03,5.10,5.23,5.10,5.18,38762,415676.16
2023/01/04,5.36,5.36,5.17,5.29,36224,396617.03
2023/01/05,5.36,5.38,5.31,5.38,44815,496873.84
2023/01/06,5.27,5.45,5.27,5.41,33225,369723.88
2023/01/09,5.55,5.64,5.41,5.55,85075,974988.75
2023/01/10,5.66,5.66,5.43,5.59,38748,443478.78
2023/01/11,5.67,5.67,5.49,5.60,45491,525649.88
2023/01/12,5.63,5.63,5.53,5.58,12829,147391.41
2023/01/13,5.53,5.58,5.47,5.53,13560,155006.55
2023/01/16,5.41,5.62,5.41,5.53,39909,452123.00
2023/01/17,5.47,5.54,5.47,5.53,8325,94976.37
2023/01/18,5.55,5.58,5.48,5.52,7182,82081.85
2023/01/19,5.53,5.62,5.36,5.51,49986,564783.00
2023/01/20,5.64,5.64,5.46,5.57,18588,212912.45
2023/01/30,5.61,5.74,5.60,5.60,58564,684905.75
2023/01/31,5.70,6.24,5.60,6.11,336257,4128231.75
2023/02/01,6.18,6.48,6.06,6.27,401799,5222846.50
2023/02/02,6.48,6.48,6.07,6.14,115241,1485099.13
2023/02/03,6.10,6.34,6.06,6.20,138015,1764608.13
2023/02/06,6.46,6.47,6.08,6.19,110591,1420373.88
2023/02/07,6.28,6.28,5.98,6.14,112269,1401245.13
2023/02/08,6.03,6.14,5.88,5.90,85645,1054502.38
2023/02/09,5.86,6.00,5.86,5.99,53379,655218.31
2023/02/10,6.16,6.16,5.92,5.99,65824,806952.44
2023/02/13,6.18,6.18,5.99,6.09,90499,1129331.00
2023/02/14,6.18,6.18,5.97,6.00,38557,477901.41
2023/02/15,6.11,6.11,5.93,5.96,42341,521480.50
2023/02/16,5.95,6.03,5.86,5.97,35154,430831.44
2023/02/17,5.77,5.99,5.77,5.98,30593,373209.94
2023/02/20,5.84,6.03,5.84,5.94,43993,537182.63
2023/02/21,5.86,5.99,5.85,5.99,36980,452957.25
2023/02/22,5.96,5.98,5.88,5.96,11187,137012.77
2023/02/23,5.89,5.98,5.89,5.95,67985,834085.25
2023/02/24,6.02,6.02,5.82,5.95,14826,181739.44
2023/02/27,6.02,6.02,5.81,5.87,76601,928931.81
2023/02/28,5.70,5.70,5.58,5.62,237603,2756879.75
2023/03/01,5.57,5.62,5.53,5.60,117429,1357112.63
2023/03/02,5.64,5.64,5.52,5.61,20339,235469.09
2023/03/03,5.68,5.68,5.54,5.58,24830,285352.66
2023/03/06,5.58,5.62,5.46,5.50,28895,330917.28
2023/03/07,5.55,5.55,5.31,5.37,60346,679940.81
2023/03/08,5.38,5.47,5.31,5.35,28201,312435.53
2023/03/09,5.38,5.46,5.32,5.45,32892,365019.91
2023/03/10,5.35,5.42,5.34,5.39,19407,215412.00
2023/03/13,5.48,5.48,5.31,5.38,26801,296458.03
2023/03/14,5.37,5.38,5.26,5.30,48275,530232.63
2023/03/15,5.26,5.34,5.26,5.31,19699,215019.95
2023/03/16,5.35,5.35,5.17,5.26,29141,314728.34
2023/03/17,5.31,5.31,5.12,5.25,36994,398361.41
2023/03/20,5.28,5.28,5.16,5.16,18108,194380.36
2023/03/21,5.11,5.21,5.11,5.18,38594,411390.50
2023/03/22,5.25,5.29,5.18,5.21,8289,89953.66
2023/03/23,5.26,5.26,5.13,5.20,33385,360651.19
2023/03/24,5.26,5.34,5.20,5.34,41356,452752.66
2023/03/27,5.54,5.54,5.25,5.37,29165,326833.84
2023/03/28,5.45,5.45,5.31,5.33,31560,352229.94
2023/03/29,5.24,5.40,5.22,5.35,7756,85295.25
2023/03/30,5.39,5.39,5.24,5.26,18162,200739.38
2023/03/31,5.27,5.35,5.26,5.32,11110,122449.83
2023/04/03,5.26,5.31,5.11,5.29,119732,1280804.75
2023/04/04,5.15,5.26,5.15,5.26,24380,264753.41
2023/04/06,5.25,5.27,5.17,5.27,34883,379873.50
2023/04/07,5.20,5.38,5.12,5.31,84677,923755.81
2023/04/10,5.35,5.39,5.26,5.34,26959,297328.88
2023/04/11,5.37,5.37,5.24,5.28,51105,565238.06
2023/04/12,5.35,5.35,5.25,5.30,10167,111660.16
2023/04/13,5.31,5.36,5.21,5.28,26443,289220.75
2023/04/14,5.22,5.30,5.18,5.24,42134,455446.47
2023/04/17,5.27,5.31,5.22,5.26,49978,545332.13
2023/04/18,5.32,5.33,5.13,5.24,44118,480150.06
2023/04/19,5.28,5.30,5.14,5.23,70644,761483.88
2023/04/20,5.17,5.21,5.12,5.17,30669,327984.84
2023/04/21,5.11,5.15,5.02,5.10,32878,345577.66
2023/04/24,5.18,5.45,5.18,5.36,255815,2831032.50
2023/04/25,5.26,5.52,5.22,5.29,142948,1583992.75
2023/04/26,5.31,5.40,5.12,5.30,91137,993619.13
2023/04/27,5.14,5.28,5.12,5.12,120428,1290498.00
2023/04/28,5.20,5.27,5.15,5.15,178888,1923380.75
2023/05/04,5.14,5.18,5.06,5.17,45994,490405.94
2023/05/05,5.16,6.29,5.16,6.05,1217659,14681284.00
2023/05/08,6.02,6.26,5.80,5.98,477219,5953986.00
2023/05/09,5.98,6.12,5.66,5.70,316198,3807954.75
2023/05/10,5.66,6.19,5.65,6.04,588584,7369407.50
2023/05/11,6.13,6.14,5.73,5.93,400437,4848692.00
2023/05/12,5.84,5.86,5.66,5.71,189197,2236067.75
2023/05/15,5.71,6.00,5.71,5.82,201877,2430071.25
2023/05/16,5.87,5.88,5.72,5.83,116903,1391380.38
2023/05/17,5.77,5.84,5.72,5.78,95127,1133726.50
2023/05/18,5.74,6.04,5.68,5.92,229884,2787894.25
2023/05/19,5.82,5.86,5.70,5.83,122110,1455936.75
2023/05/22,5.74,5.90,5.74,5.78,79884,957974.63
2023/05/23,5.75,5.96,5.74,5.96,252766,3066711.50
2023/05/24,5.95,6.27,5.87,6.10,438124,5561255.50
2023/05/25,5.94,6.13,5.94,5.98,197073,2449091.75
2023/05/26,5.96,5.99,5.71,5.80,279919,3344005.25
2023/05/29,5.87,5.87,5.59,5.68,146677,1728961.75
2023/05/30,5.67,5.78,5.59,5.71,114156,1343059.63
2023/05/31,5.70,5.80,5.57,5.67,127363,1499017.75
2023/06/01,5.72,5.72,5.63,5.69,77951,911656.81
2023/06/02,5.63,5.71,5.62,5.63,44415,519924.25
2023/06/05,5.68,5.86,5.64,5.74,101919,1216318.25
2023/06/06,5.68,5.85,5.65,5.77,219950,2617834.75
2023/06/07,5.77,5.78,5.63,5.67,105904,1242892.75
2023/06/08,5.68,5.75,5.62,5.68,104938,1231188.50
2023/06/09,5.63,5.63,5.36,5.53,264302,3000547.50
2023/06/12,5.47,5.58,5.47,5.58,43787,499221.91
2023/06/13,5.58,5.60,5.50,5.57,40511,464179.69
2023/06/14,5.62,5.62,5.49,5.55,48317,554620.75
2023/06/15,5.53,5.61,5.49,5.56,43810,505927.59
2023/06/16,5.54,5.63,5.54,5.63,66728,770356.13
2023/06/19,5.59,5.68,5.53,5.61,72633,842253.25
2023/06/20,5.54,5.62,5.50,5.57,132032,1519761.13
2023/06/21,5.58,5.77,5.50,5.72,192790,2252475.75
2023/06/26,5.72,5.72,5.59,5.69,84235,985835.25
2023/06/27,5.65,5.75,5.64,5.74,126213,1488307.50
2023/06/28,5.78,5.83,5.65,5.80,177555,2114922.50
2023/06/29,5.76,5.96,5.76,5.93,335985,4079350.50
2023/06/30,5.95,5.97,5.75,5.84,255029,3079524.50
2023/07/03,5.84,5.92,5.81,5.88,140152,1699749.63
2023/07/04,5.92,5.92,5.86,5.91,203462,2475271.25
2023/07/05,5.91,6.01,5.87,5.99,360353,4418982.50
2023/07/06,5.97,5.97,5.70,5.82,361287,2156853.50
2023/07/07,5.76,5.83,5.69,5.76,268221,1571746.88
2023/07/10,5.69,5.71,5.57,5.60,302590,1741554.75
2023/07/11,5.57,5.62,5.42,5.49,306982,1727394.63
2023/07/12,5.49,5.49,5.36,5.44,142273,789311.31
2023/07/13,5.49,5.50,5.41,5.41,105001,587727.06
2023/07/14,5.38,5.40,5.34,5.40,147209,810173.94
2023/07/17,5.40,5.49,5.40,5.48,111064,619341.44
2023/07/18,5.51,5.51,5.32,5.34,223402,1232012.50
2023/07/19,5.34,5.39,5.28,5.36,103797,566998.88
2023/07/20,5.44,5.48,5.28,5.34,83962,460432.63
2023/07/21,5.38,5.39,5.28,5.35,52276,285760.81
2023/07/24,5.28,5.39,5.28,5.38,74913,412694.72
2023/07/25,5.40,5.44,5.36,5.41,226077,1254292.63
2023/07/26,5.46,5.46,5.39,5.42,37771,210119.61
2023/07/27,5.37,5.95,5.37,5.61,476546,2765675.75
2023/07/28,5.59,5.75,5.46,5.61,216999,1245516.63
2023/07/31,5.59,5.68,5.56,5.61,186865,1076238.00
2023/08/01,5.65,5.75,5.56,5.66,271840,1584794.50
2023/08/02,5.61,5.66,5.45,5.52,303583,1721143.63
2023/08/03,5.48,5.48,5.37,5.41,159878,885824.81
2023/08/04,5.48,5.48,5.38,5.41,50022,278109.81
2023/08/07,5.41,5.50,5.39,5.45,74767,417053.84
2023/08/08,5.40,5.46,5.40,5.41,15053,83720.90
2023/08/09,5.36,5.41,5.31,5.39,94279,517156.44
2023/08/10,5.32,5.45,5.30,5.36,104891,581022.63
2023/08/11,5.33,5.41,5.29,5.37,85159,464816.72
2023/08/14,5.41,5.42,5.28,5.35,42462,231692.52
2023/08/15,5.34,5.37,5.26,5.36,104542,568754.81
2023/08/16,5.22,5.22,4.24,4.32,2901973,13566010.00
2023/08/17,4.29,4.34,4.12,4.29,1118753,4878301.00
2023/08/18,4.19,4.26,4.18,4.22,672283,2918886.50
2023/08/21,4.20,4.24,4.16,4.17,207304,898875.31
2023/08/22,4.17,4.17,3.83,3.93,1576697,6432980.00
2023/08/23,3.91,3.91,3.80,3.82,643302,2558730.00
2023/08/24,3.81,3.91,3.80,3.82,216956,864149.00
2023/08/25,3.88,3.89,3.78,3.82,268857,1063971.38
2023/08/28,3.87,4.05,3.81,3.82,413192,1669044.13
2023/08/29,3.82,3.94,3.82,3.94,471097,1906403.75
2023/08/30,3.91,3.98,3.91,3.97,255687,1047526.63
2023/08/31,3.96,4.01,3.95,3.98,58569,241163.45
2023/09/01,4.02,4.16,3.99,4.06,435478,1827897.25
2023/09/04,4.19,4.57,4.17,4.56,1466161,6731821.50
2023/09/05,4.52,4.89,4.44,4.70,2523671,12350624.00
2023/09/06,4.62,4.66,4.41,4.55,1270530,5911760.00
2023/09/07,4.49,4.56,4.37,4.37,771340,3505283.25
2023/09/08,4.45,4.45,4.27,4.30,513770,2292403.75
2023/09/11,4.27,4.34,4.25,4.32,329392,1458662.75
2023/09/12,4.32,4.32,4.26,4.27,136327,602083.19
2023/09/13,4.26,4.26,4.16,4.21,246949,1070593.00
2023/09/14,4.16,4.31,4.15,4.25,269922,1174015.38
2023/09/15,4.22,4.29,4.22,4.25,88527,388317.06
2023/09/18,4.21,4.26,4.19,4.23,83543,365557.88
2023/09/19,4.18,4.35,4.18,4.26,127653,556789.56
2023/09/20,4.19,4.22,4.17,4.17,151499,655983.38
2023/09/21,4.13,4.15,4.04,4.05,292464,1235584.88
2023/09/22,4.09,4.11,4.01,4.09,130201,550384.69
2023/09/25,4.15,4.25,4.11,4.16,239477,1037631.44
2023/09/26,4.18,4.18,4.06,4.10,108768,460390.19
2023/09/27,4.08,4.16,4.04,4.11,189711,802538.00
2023/09/28,4.13,4.15,4.08,4.14,78644,335583.06
2023/10/09,4.09,4.16,4.09,4.14,22673,97037.44
2023/10/10,4.15,4.15,3.99,4.01,180243,754959.94
2023/10/11,4.01,4.07,3.98,4.01,147681,612273.19
2023/10/12,4.01,4.01,3.94,3.96,163069,669904.94
2023/10/13,3.95,4.04,3.88,3.90,190083,772471.50
2023/10/16,3.90,3.93,3.85,3.90,127570,514388.25
2023/10/17,3.90,4.02,3.85,3.91,62400,250813.91
2023/10/18,3.83,3.92,3.83,3.85,39160,156873.33
2023/10/19,3.82,3.92,3.82,3.83,135710,542856.69
2023/10/20,3.82,3.92,3.81,3.86,214449,852790.69
2023/10/23,3.95,3.96,3.48,3.70,338853,1314644.25
2023/10/24,3.67,3.81,3.56,3.73,503217,1908973.13
2023/10/25,3.81,3.81,3.60,3.61,562469,2140589.00
2023/10/26,3.71,3.73,3.38,3.60,523695,1926612.75
2023/10/27,3.50,3.73,3.49,3.69,544317,2038410.75
2023/10/30,3.77,3.77,3.56,3.64,551730,2094009.38
2023/10/31,3.58,3.65,3.52,3.55,490257,1819898.63
2023/11/01,3.54,3.54,3.49,3.53,382066,1395881.50
2023/11/02,3.50,3.58,3.46,3.51,263522,959037.25
2023/11/03,3.53,3.70,3.49,3.64,773082,2893062.00
2023/11/06,3.71,3.96,3.65,3.92,1261070,5014823.00
2023/11/07,3.87,3.92,3.83,3.90,689772,2765915.25
2023/11/08,3.87,4.18,3.87,4.06,1152565,4823840.50
2023/11/09,4.04,4.32,3.99,4.12,1350299,5798046.00
2023/11/10,4.04,4.16,3.98,4.02,463139,1941181.88
2023/11/13,4.01,4.11,3.98,4.05,591573,2466475.00
2023/11/14,4.04,4.09,3.99,4.01,574877,2393664.50
2023/11/15,4.04,4.10,3.99,4.05,1168569,4915789.00
2023/11/16,4.08,4.09,3.97,4.00,437389,1815500.00
2023/11/17,4.01,4.07,3.99,4.05,379506,1583649.50
2023/11/20,4.04,4.29,4.02,4.26,1581966,6878550.00
2023/11/21,4.28,5.58,4.28,5.58,6160589,33265934.00
2023/11/22,5.94,7.29,5.87,7.29,16069597,112068384.00
2023/11/23,8.47,9.41,7.04,7.81,21247327,181117808.00
2023/11/24,7.24,8.84,6.87,8.20,18707105,151143616.00
2023/11/27,8.23,9.39,7.66,9.36,20195784,181705200.00
2023/11/28,8.46,9.18,8.24,8.25,11766903,103694688.00
2023/11/29,8.31,8.66,6.94,7.21,9249696,72660640.00
2023/11/30,7.29,7.52,6.72,7.04,5435869,39026412.00
2023/12/01,6.96,7.20,6.45,6.56,5923499,40822460.00
2023/12/04,6.50,6.56,6.03,6.36,4324809,27786738.00
2023/12/05,6.31,8.16,6.31,8.09,12693613,93394760.00
2023/12/06,7.71,8.35,7.42,7.55,8293657,65645220.00
2023/12/07,7.47,8.14,7.42,7.72,7588356,60683132.00
2023/12/08,7.92,7.98,7.57,7.73,4995601,39429564.00
2023/12/11,7.66,7.79,7.06,7.26,4258314,32241080.00
2023/12/12,7.04,7.93,7.04,7.67,5814770,45273888.00
2023/12/13,7.74,8.30,7.74,8.10,8593429,70952176.00
2023/12/14,7.86,8.53,7.68,8.21,9818271,82038496.00
2023/12/15,8.11,8.49,7.92,8.21,5706173,47722348.00
2023/12/18,8.18,8.85,8.09,8.77,8380158,72292184.00
2023/12/19,8.75,8.93,8.27,8.57,6227654,53962820.00
2023/12/20,8.52,9.25,8.46,9.04,8824219,79617592.00
2023/12/21,9.35,10.96,8.64,9.26,20438921,204117952.00
2023/12/22,8.54,9.66,8.38,9.55,11488527,104440552.00
2023/12/25,9.66,10.91,9.62,10.62,15777833,164725760.00
2023/12/26,10.71,10.71,9.76,10.29,12689068,131481192.00
2023/12/27,10.05,10.15,9.21,9.54,8208718,80249448.00
2023/12/28,9.64,9.84,9.32,9.38,7169568,69293936.00
2023/12/29,9.43,9.61,9.14,9.54,7544248,72118216.00
2024/01/02,9.69,10.36,9.51,10.03,10938065,110919576.00
2024/01/03,9.90,10.46,9.69,9.91,7122471,71905832.00
2024/01/04,9.80,10.10,9.47,9.64,5154141,50721424.00
2024/01/05,9.46,9.73,8.67,8.94,6080978,56292832.00
2024/01/08,8.84,9.05,8.21,8.24,5276104,45667120.00
2024/01/09,8.35,8.77,7.71,8.28,4846439,40840104.00
2024/01/10,8.08,8.37,7.79,8.24,2474845,20557836.00
2024/01/11,8.22,8.36,8.11,8.24,2257565,18921808.00
2024/01/12,8.19,8.29,7.16,7.16,5686077,44426344.00
2024/01/15,7.10,7.27,6.56,6.61,4268658,29788912.00
2024/01/16,6.62,7.32,6.28,7.13,5609101,39230916.00
2024/01/17,6.96,7.72,6.90,7.24,6342514,47850172.00
2024/01/18,7.24,7.63,7.06,7.55,5644701,42379648.00
2024/01/19,7.56,7.93,7.49,7.80,5001754,39549388.00
2024/01/22,7.66,7.81,7.07,7.24,3693223,28170048.00
2024/01/23,7.20,7.62,7.20,7.44,2298272,17393116.00
2024/01/24,7.57,7.66,7.17,7.39,2633032,19623500.00
2024/01/25,7.36,7.44,6.78,7.04,4501711,32586612.00
2024/01/26,7.04,7.26,6.88,6.97,3135977,22657744.00
2024/01/29,7.06,7.06,6.22,6.22,3441265,22904730.00
2024/01/30,6.22,6.32,5.90,6.11,2100120,13110219.00
2024/01/31,5.92,6.47,5.92,6.27,2964684,19094034.00
2024/02/01,6.26,6.40,5.97,5.98,2026553,12773082.00
2024/02/02,6.16,6.27,5.34,5.65,3459081,20405514.00
2024/02/05,5.60,5.60,4.61,5.22,2889976,15427629.00
2024/02/06,5.15,5.82,5.07,5.79,3163178,18168630.00
2024/02/07,6.00,7.15,5.89,6.22,7539174,50179416.00
2024/02/08,6.04,6.32,5.56,6.16,5182893,31610512.00
2024/02/19,6.28,6.42,6.16,6.41,3302141,21265566.00
2024/02/20,6.54,6.80,6.35,6.65,3883009,26202452.00
2024/02/21,6.67,6.81,6.49,6.62,3858586,26269620.00
2024/02/22,6.50,6.74,6.47,6.57,3038145,20384302.00
2024/02/23,6.61,6.63,6.27,6.35,3499483,22833520.00
2024/02/26,6.54,6.72,6.44,6.52,4084625,27506484.00
2024/02/27,6.43,6.80,6.33,6.78,5590799,37881012.00
2024/02/28,6.77,7.06,6.46,6.46,5251721,36454816.00
2024/02/29,6.41,6.69,6.33,6.62,3189035,21304672.00
2024/03/01,6.74,6.93,6.59,6.81,3386551,23416374.00
2024/03/04,6.96,6.98,6.54,6.59,2668363,18096364.00
2024/03/05,6.54,6.54,6.29,6.32,2217726,14488229.00
2024/03/06,6.31,6.52,6.31,6.44,2039713,13440739.00
2024/03/07,6.44,6.63,6.36,6.38,2098306,13910376.00
2024/03/08,6.36,6.62,6.30,6.48,1587357,10486666.00
2024/03/11,6.49,6.49,6.28,6.48,1803792,11773345.00
2024/03/12,6.52,6.61,6.36,6.47,1455472,9638321.00
2024/03/13,6.53,6.53,6.29,6.31,1758249,11465999.00
2024/03/14,6.34,6.46,6.04,6.10,1908619,12160850.00
2024/03/15,6.16,6.51,6.06,6.47,3379830,22016742.00
2024/03/18,6.50,6.51,6.32,6.44,2385118,15668404.00
2024/03/19,6.44,6.47,6.33,6.34,2086546,13603458.00
2024/03/20,6.34,6.42,6.28,6.31,1781561,11512493.00
2024/03/21,6.32,6.35,6.18,6.23,1921012,12225969.00
2024/03/22,6.24,6.25,6.06,6.06,1326663,8296123.00
2024/03/25,5.98,6.12,5.90,5.93,1417412,8704505.00
2024/03/26,5.94,6.00,5.60,5.74,1261252,7467689.00
2024/03/27,5.76,6.01,5.62,5.66,1313088,7923747.00
2024/03/28,5.65,5.91,5.65,5.76,1301681,7734552.00
2024/03/29,5.87,6.04,5.76,5.87,1506702,9102831.00
2024/04/01,5.90,5.90,5.78,5.87,1384732,8270803.00
2024/04/02,6.06,7.06,6.06,6.86,12246146,83730096.00
2024/04/03,6.37,6.81,6.35,6.44,6334568,42059580.00
2024/04/08,6.37,6.37,5.91,5.91,4492643,28004218.00
2024/04/09,5.91,6.14,5.87,6.02,2288838,14094078.00
2024/04/10,5.97,6.83,5.96,6.55,7270259,48263344.00
2024/04/11,6.46,7.26,6.41,6.61,8187517,57318648.00
2024/04/12,6.44,7.22,6.44,6.95,8971051,63718072.00
2024/04/15,6.94,7.52,6.61,6.76,7837843,56498960.00
2024/04/16,6.56,6.69,5.86,5.88,7065500,43807416.00
2024/04/17,6.06,6.71,6.06,6.48,5393916,35236884.00
2024/04/18,6.46,6.68,6.19,6.33,5275581,34660352.00
2024/04/19,6.36,6.45,5.97,6.05,4613055,28781148.00
2024/04/22,6.17,6.51,6.10,6.33,4982942,32244454.00
2024/04/23,6.37,6.37,6.10,6.13,4205967,26680066.00
2024/04/24,6.20,6.20,5.90,6.06,3406094,20942802.00
2024/04/25,6.06,6.06,5.83,5.85,2785638,16942828.00
2024/04/26,5.93,6.21,5.93,6.00,2991092,18512344.00
2024/04/29,6.01,6.08,5.86,6.02,3095006,18890826.00
2024/04/30,6.05,6.06,5.90,5.94,2776358,16880744.00
2024/05/06,5.97,6.09,5.86,5.99,1927997,11765694.00
2024/05/07,6.01,6.20,5.94,6.15,3649748,22715704.00
2024/05/08,6.11,6.34,6.03,6.12,2919715,18539850.00
2024/05/09,6.03,6.21,6.03,6.09,2160995,13522532.00
2024/05/10,6.10,6.12,5.93,5.97,1550302,9511134.00
2024/05/13,5.97,6.02,5.73,5.74,2308290,13836588.00
2024/05/14,5.76,5.83,5.70,5.77,1002304,5928132.00
2024/05/15,5.81,5.81,5.68,5.69,903204,5304508.00
2024/05/16,5.75,5.86,5.68,5.70,1067770,6316388.50
2024/05/17,5.64,5.74,5.64,5.72,1137825,6633786.00
2024/05/20,5.70,5.81,5.70,5.76,1077303,6329540.00
2024/05/21,5.70,5.80,5.65,5.65,1073202,6240673.00
2024/05/22,5.71,5.88,5.71,5.83,1727568,10291064.00
2024/05/23,5.79,6.25,5.72,6.16,5892763,36754864.00
2024/05/24,6.08,6.20,5.86,5.96,3691158,22666464.00
2024/05/27,6.02,6.02,5.80,5.89,1332773,7998466.00
2024/05/28,5.93,5.98,5.77,5.84,1419960,8500260.00
2024/05/29,5.85,5.90,5.71,5.78,1425710,8440999.00
2024/05/30,5.79,5.79,5.71,5.77,812227,4772888.00
2024/05/31,5.79,6.03,5.72,5.94,2110958,12742684.00
2024/06/03,5.84,5.91,5.75,5.78,1387852,8258452.00
2024/06/04,5.84,5.96,5.74,5.80,1277794,7655748.00
2024/06/05,5.80,5.94,5.71,5.75,1488916,8833866.00
2024/06/06,5.76,5.80,5.42,5.42,1981615,11285324.00
2024/06/07,5.42,5.57,5.40,5.51,620021,3475286.75
2024/06/11,5.51,5.58,5.41,5.54,536443,3031141.00
2024/06/12,5.65,5.65,5.51,5.52,760002,4323585.00
2024/06/13,5.49,5.60,5.49,5.51,558707,3164988.25
2024/06/14,5.47,5.55,5.46,5.49,686769,3875266.75
2024/06/17,5.49,5.50,5.15,5.34,1626911,8913193.00
2024/06/18,5.26,5.38,5.25,5.33,558631,3047181.50
2024/06/19,5.31,5.62,5.27,5.51,1905262,10724639.00
2024/06/20,5.48,5.49,5.33,5.36,927030,5115431.50
2024/06/21,5.34,5.58,5.34,5.44,1080807,6096105.00
2024/06/24,5.45,5.48,5.16,5.21,1076058,5840161.00
2024/06/25,5.24,5.46,5.19,5.24,823325,4485547.50
2024/06/26,5.26,5.41,5.21,5.38,917578,5035425.00
2024/06/27,5.39,5.40,5.26,5.29,592082,3222950.50
2024/06/28,5.34,5.41,5.30,5.34,592809,3231529.00
2024/07/01,5.35,5.40,5.24,5.33,654781,3545543.75
2024/07/02,5.39,5.39,5.28,5.29,448480,2427748.75
2024/07/03,5.34,5.35,5.19,5.20,604236,3217700.75
2024/07/04,5.26,5.26,5.08,5.11,545611,2876372.50
2024/07/05,5.09,5.14,5.02,5.07,559038,2891812.25
2024/07/08,5.06,5.06,4.68,4.70,1372405,6714112.50
2024/07/09,4.63,4.85,4.56,4.76,748768,3597017.75
2024/07/10,4.75,4.82,4.67,4.68,603172,2919005.75
2024/07/11,4.73,4.85,4.68,4.83,1122183,5490014.50
2024/07/12,4.83,4.99,4.80,4.89,795348,3971716.50
2024/07/15,4.87,4.98,4.81,4.82,459452,2271380.50
2024/07/16,4.82,5.05,4.77,5.04,1424172,7194814.00
2024/07/17,5.05,5.98,5.05,5.88,7276788,42555680.00
2024/07/18,5.90,5.98,5.38,5.58,4638245,26516316.00
2024/07/19,5.68,6.39,5.66,5.80,6410349,39447028.00
2024/07/22,5.53,6.01,5.43,5.65,3667258,21179220.00
2024/07/23,5.60,5.95,5.50,5.74,3734036,21774872.00
2024/07/24,5.80,7.08,5.61,6.57,14149412,92591624.00
2024/07/25,6.30,7.79,6.18,6.68,14447123,101836976.00
2024/07/26,6.50,7.28,6.30,6.75,12253188,84168504.00
2024/07/29,6.56,6.75,6.24,6.39,10431544,68513304.00
2024/07/30,6.33,6.78,6.23,6.47,8218127,54398512.00
2024/07/31,6.30,6.49,6.20,6.39,7229867,46652476.00
2024/08/01,6.38,6.79,6.25,6.63,9134234,60848396.00
2024/08/02,6.52,6.78,5.92,5.97,7791771,50211184.00
2024/08/05,6.15,6.47,5.93,6.06,5882801,36976416.00
2024/08/06,5.95,6.40,5.92,6.19,5390972,33808976.00
2024/08/07,6.18,6.70,6.05,6.64,8678209,56944688.00
2024/08/08,6.57,6.90,6.27,6.48,7522350,49994172.00
2024/08/09,6.45,6.56,6.20,6.20,4589861,29466004.00
2024/08/12,6.11,6.22,5.80,5.91,4446770,27053832.00
2024/08/13,5.94,5.94,5.66,5.77,3112834,18275764.00
2024/08/14,5.77,5.84,5.50,5.56,3081239,17578096.00
2024/08/15,5.55,5.67,5.44,5.52,2034939,11491849.00
2024/08/16,5.53,5.72,5.52,5.61,2454212,14000929.00
2024/08/19,5.68,5.68,5.40,5.40,1959182,10982559.00
2024/08/20,5.45,5.57,5.32,5.46,2640492,14669552.00
2024/08/21,5.54,5.63,5.31,5.32,1849557,10187494.00
2024/08/22,5.41,5.41,5.10,5.11,1894340,10049695.00
2024/08/23,5.07,5.20,5.01,5.10,1129684,5870763.00
2024/08/26,5.15,5.48,5.06,5.44,2862506,15598044.00
2024/08/27,5.44,5.52,5.25,5.26,1782910,9723738.00
2024/08/28,5.26,5.45,5.24,5.36,1422939,7785103.50
2024/08/29,5.38,5.40,5.20,5.32,1279429,6919842.00
2024/08/30,5.39,5.50,5.32,5.49,1811406,10052267.00
2024/09/02,5.51,5.55,5.26,5.28,1454911,7997072.00
2024/09/03,5.28,5.44,5.28,5.34,823448,4495951.00
2024/09/04,5.33,5.36,5.16,5.21,827791,4405733.50
2024/09/05,5.22,5.33,5.18,5.23,668678,3577856.00
2024/09/06,5.23,5.31,5.17,5.22,829603,4412125.50
2024/09/09,5.19,5.27,5.03,5.20,590074,3120048.75
2024/09/10,5.21,5.27,5.09,5.21,784265,4129195.00
2024/09/11,5.26,5.26,5.13,5.17,536578,2831090.75
2024/09/12,5.17,5.25,5.08,5.09,692581,3641464.50
2024/09/13,5.12,5.35,4.91,5.21,1706222,8982612.00
2024/09/18,5.37,5.37,5.15,5.21,982793,5226297.00
2024/09/19,5.26,5.33,5.20,5.27,984719,5295952.50
2024/09/20,5.34,5.35,5.23,5.24,609896,3277136.25
2024/09/23,5.24,5.24,5.11,5.13,757157,4002874.00
2024/09/24,5.16,5.34,5.12,5.29,1372454,7365162.50
2024/09/25,5.30,5.50,5.30,5.36,1790737,9867222.00
2024/09/26,5.36,5.54,5.29,5.46,2550016,14125575.00
2024/09/27,5.46,6.19,5.46,6.01,5586369,33304372.00
2024/09/30,6.38,7.78,6.24,7.68,9782980,68466456.00
2024/10/08,10.00,10.01,8.45,10.01,14233258,135377776.00
2024/10/09,9.30,9.88,7.92,7.92,10780245,101178008.00
2024/10/10,8.18,10.32,8.18,10.31,22321606,221395072.00
2024/10/11,9.15,9.31,8.20,9.09,14702485,130052656.00
2024/10/14,9.23,9.80,8.53,9.57,11431627,108138728.00
2024/10/15,9.30,9.86,8.90,9.26,11257310,107524704.00
2024/10/16,8.80,9.40,8.80,9.07,7264802,66555244.00
2024/10/17,9.56,11.29,9.25,9.91,16156730,164988624.00
2024/10/18,10.00,12.70,9.77,11.90,19214508,215431792.00
2024/10/21,12.87,15.50,12.43,15.50,21607570,313416480.00
2024/10/22,17.25,19.58,12.90,16.40,25581275,428842976.00
2024/10/23,14.90,19.68,14.90,17.78,19823001,343641728.00
2024/10/24,16.90,18.72,16.57,17.23,15933390,279741984.00
2024/10/25,17.48,18.20,15.70,16.20,16857913,291267712.00
2024/10/28,15.45,16.45,14.83,15.56,10784814,168264096.00
2024/10/29,15.69,16.31,14.91,16.04,10183080,161635968.00
2024/10/30,16.30,17.16,15.71,16.10,8934722,146765712.00
2024/10/31,16.71,16.75,14.97,15.42,9408095,148109584.00
2024/11/01,15.42,15.70,12.90,13.40,8989300,128007608.00
2024/11/04,13.65,14.84,13.52,14.48,7413768,106384616.00
2024/11/05,15.17,18.78,14.50,18.19,19694377,332279328.00
2024/11/06,18.91,21.20,17.50,17.51,20531827,388699520.00
2024/11/07,17.15,18.10,16.15,17.73,13148097,229039616.00
2024/11/08,17.80,18.89,17.16,17.93,11559692,210523648.00
2024/11/11,18.15,18.85,17.75,18.35,8889986,163626768.00
2024/11/12,18.46,18.58,16.86,17.15,8042922,141245632.00
2024/11/13,17.15,17.15,16.07,16.96,5215000,86878992.00
2024/11/14,16.90,17.39,16.49,16.59,4551728,77550256.00
2024/11/15,16.40,16.95,15.90,16.02,4790088,78729680.00
2024/11/18,16.05,16.43,15.18,15.56,4943576,78208848.00
2024/11/19,15.89,16.72,14.55,16.72,6657623,104757336.00
2024/11/20,16.80,17.25,16.48,17.11,7316448,124624952.00
2024/11/21,17.26,17.46,16.60,17.11,6512555,111884072.00
2024/11/22,16.90,17.12,15.78,15.90,6246465,104924176.00
2024/11/25,15.60,15.96,14.70,15.55,3984459,61255256.00
2024/11/26,15.58,15.86,14.78,14.80,3012928,46405300.00
2024/11/27,14.60,15.18,13.86,15.09,3449862,50377984.00
2024/11/28,14.95,15.73,14.80,14.80,3401131,52347144.00
2024/11/29,14.81,15.40,14.46,15.21,3864729,58341352.00
2024/12/02,15.38,16.10,15.22,15.80,4462955,70560872.00
2024/12/03,15.80,16.39,15.59,16.27,5557353,90015272.00
2024/12/04,16.35,16.56,15.38,15.38,4205268,66970268.00
2024/12/05,15.28,16.28,15.21,16.20,4857242,77537760.00
2024/12/06,16.80,16.80,15.70,15.72,4923174,80313920.00
2024/12/09,15.66,15.68,14.62,14.72,3863900,58275612.00
2024/12/10,15.90,15.90,14.53,14.60,3479068,53140216.00
2024/12/11,14.41,14.78,14.06,14.38,3172677,45856552.00
2024/12/12,14.48,14.48,13.94,14.28,2444737,34936332.00
2024/12/13,14.30,14.64,13.98,14.10,2534533,36569892.00
2024/12/16,13.98,14.25,13.38,13.70,2318519,32231496.00
2024/12/17,13.82,13.89,13.01,13.05,2023650,27066304.00
2024/12/18,13.03,13.50,12.90,12.99,1592739,21014964.00
2024/12/19,13.03,14.28,12.65,14.18,4611531,63440560.00
2024/12/20,13.90,14.46,13.75,14.04,3497745,50002756.00
2024/12/23,14.04,14.17,13.46,13.46,2361803,32892246.00
2024/12/24,13.41,13.87,13.40,13.50,1659896,22752232.00
2024/12/25,13.56,13.56,12.65,12.85,2336961,30417964.00
2024/12/26,13.16,13.31,12.89,12.90,1697866,22390866.00
2024/12/27,12.97,13.70,12.97,13.23,3325221,44716328.00
2024/12/30,13.25,13.31,12.26,12.37,3049242,38819096.00
2024/12/31,12.48,12.80,11.84,12.10,2504380,31059722.00
2025/01/02,12.10,12.34,11.58,11.78,1997603,23911948.00
2025/01/03,11.88,12.01,10.99,11.13,2624901,30379862.00
2025/01/06,11.16,11.30,10.56,10.71,2362548,26053452.00
2025/01/07,10.78,11.39,10.42,11.39,2462545,26864332.00
2025/01/08,11.35,11.56,10.78,11.35,2631229,29768388.00
2025/01/09,11.23,11.87,11.14,11.68,3118617,36583036.00
2025/01/10,11.63,12.16,11.37,11.40,2896372,34220524.00
2025/01/13,11.20,11.47,10.91,11.02,1716900,19242906.00
2025/01/14,11.22,12.75,10.96,12.58,5275159,63614608.00
2025/01/15,12.48,13.70,12.31,12.80,7271359,96138336.00
2025/01/16,13.22,14.10,12.81,13.80,7504069,101373312.00
2025/01/17,13.85,13.85,13.03,13.12,4232648,56757332.00
2025/01/20,13.48,13.48,12.90,13.14,2937718,38922456.00
2025/01/21,13.30,13.40,12.97,13.30,2243041,29827478.00
2025/01/22,13.34,13.34,12.66,12.80,2744182,35663376.00
2025/01/23,13.15,13.90,13.15,13.16,5424129,73759952.00
2025/01/24,12.94,13.58,12.78,13.51,3203930,42761304.00
2025/01/27,13.50,13.60,12.86,12.89,2417093,32037010.00
2025/02/05,12.95,13.10,12.35,12.65,2419936,30996418.00
2025/02/06,12.53,13.39,12.43,13.35,3262781,42807876.00
2025/02/07,13.40,14.45,13.20,14.10,6864871,96164264.00
2025/02/10,14.15,14.68,13.83,14.65,5585320,80822216.00
2025/02/11,14.90,15.34,14.40,14.64,7764463,116613848.00
2025/02/12,14.64,14.99,14.35,14.80,4937023,72875048.00
2025/02/13,14.79,15.25,14.01,14.04,4922496,72977872.00
2025/02/14,14.19,14.19,13.64,13.76,4035702,56145708.00
2025/02/17,13.78,14.28,13.75,13.97,3368196,47457544.00
2025/02/18,13.98,14.40,13.55,13.56,4171324,59118224.00
2025/02/19,13.59,14.67,13.22,14.59,6482857,92272584.00
2025/02/20,15.00,15.18,14.35,14.71,6456634,95562024.00
2025/02/21,14.49,14.95,14.48,14.90,6088184,90650416.00
2025/02/24,14.98,15.34,14.65,14.75,6368047,96348600.00
2025/02/25,14.31,14.61,14.09,14.29,3997164,57570264.00
2025/02/26,14.19,14.55,14.16,14.50,2874859,41677640.00
2025/02/27,14.50,14.98,14.35,14.74,4827721,71062048.00
2025/02/28,14.48,14.98,13.88,13.90,4699496,67834184.00
2025/03/03,13.93,14.31,13.61,14.13,3633875,51216024.00
2025/03/04,14.12,16.28,14.00,15.85,13412248,207426160.00
2025/03/05,15.40,19.36,15.27,17.48,19382922,330099232.00
2025/03/06,17.10,17.62,16.45,16.97,13073364,223078832.00
2025/03/07,16.93,17.67,16.54,17.15,9793959,168281680.00
2025/03/10,17.15,18.30,16.90,18.20,13208200,236188832.00
2025/03/11,17.76,20.90,17.58,18.72,19522400,373550944.00
2025/03/12,18.54,19.60,17.55,17.72,15532130,287972736.00
2025/03/13,17.40,17.70,16.60,17.02,10357366,177707616.00
2025/03/14,17.20,17.45,16.59,17.39,7836420,134631472.00
2025/03/17,17.39,17.83,17.29,17.40,7584351,133605888.00
2025/03/18,17.43,17.79,17.20,17.52,6442805,113120552.00
2025/03/19,17.43,17.79,16.78,16.78,7486124,129677208.00
2025/03/20,16.49,16.89,15.70,15.70,7788240,127955200.00
2025/03/21,15.40,16.00,15.11,15.51,4715494,73736352.00
2025/03/24,15.75,16.30,14.81,15.75,5589668,88021008.00
2025/03/25,15.65,16.70,15.60,16.48,6756891,110671416.00
2025/03/26,16.26,16.63,16.02,16.05,4908446,80546568.00
2025/03/27,16.08,16.08,15.23,15.68,3850767,60561036.00
2025/03/28,15.41,15.83,14.93,15.06,3188328,49100232.00
2025/03/31,15.05,15.06,14.27,14.50,2934664,42984164.00
2025/04/01,14.79,15.03,14.58,14.87,2552312,38123944.00
2025/04/02,14.60,15.38,14.60,15.04,2544763,38652524.00
2025/04/03,14.58,15.46,14.58,15.23,3102144,47346992.00
2025/04/07,14.30,14.31,10.90,11.30,6892890,86923408.00
2025/04/08,11.55,12.35,11.55,12.28,4735184,57288304.00
2025/04/09,12.25,15.99,11.90,15.99,16359740,243759936.00
2025/04/10,15.45,17.18,15.45,16.87,19745431,327517472.00
2025/04/11,16.25,18.90,16.08,17.00,18644846,326949824.00
2025/04/14,17.18,17.58,16.35,17.13,13383833,227609856.00
2025/04/15,16.79,17.25,16.48,16.69,7805948,131641528.00
2025/04/16,16.87,17.63,16.01,16.41,8648503,146662864.00
2025/04/17,16.28,16.89,15.80,16.23,7696470,127570664.00
2025/04/18,16.34,17.40,15.83,17.39,11491412,193152848.00
2025/04/21,17.26,18.12,16.93,17.47,11257475,198579088.00
2025/04/22,17.19,17.54,16.57,16.57,7622194,130395024.00
2025/04/23,16.60,17.90,16.40,17.46,10491471,180711600.00
2025/04/24,17.90,18.10,15.90,16.60,8723307,149430272.00
2025/04/25,16.54,16.78,16.21,16.25,4921029,81666088.00
2025/04/28,16.90,16.90,15.34,15.49,4625457,74580264.00
2025/04/29,15.20,15.78,15.20,15.52,3697304,57837716.00
2025/04/30,16.05,16.70,15.78,16.60,6294968,103466640.00
2025/05/06,17.20,17.35,16.66,17.15,6391924,109569440.00
2025/05/07,17.60,20.30,17.28,18.00,20138225,372100352.00
2025/05/08,17.67,19.90,17.40,19.20,18934315,356990656.00
2025/05/09,19.00,22.12,18.28,20.34,23592621,474224544.00
2025/05/12,19.50,22.88,19.22,20.90,22100422,467879936.00
2025/05/13,20.90,21.14,19.05,19.20,16329381,328177920.00
2025/05/14,18.82,19.43,18.20,18.93,11356979,215393648.00
2025/05/15,18.69,19.62,18.56,18.75,8478854,162309456.00
2025/05/16,18.49,19.18,18.30,18.39,7947727,149799424.00
2025/05/19,18.50,19.05,18.17,18.81,6616973,124254472.00
2025/05/20,18.90,19.00,18.40,18.70,6697250,125191024.00
2025/05/21,18.78,18.78,18.03,18.05,6194582,114186408.00
2025/05/22,18.05,18.93,17.95,18.26,10142186,188690320.00
2025/05/23,18.06,18.19,17.01,17.10,8787938,155149632.00
2025/05/26,17.21,17.82,17.00,17.82,4886583,85656912.00
2025/05/27,17.90,18.15,17.42,17.71,4488238,80247544.00
2025/05/28,17.55,17.84,17.03,17.26,3844914,67209904.00
2025/05/29,17.26,18.38,17.10,18.37,7584602,137286592.00
2025/05/30,18.30,18.88,17.88,18.63,9069120,168704496.00
2025/06/03,18.81,20.28,18.73,19.80,13406084,263215440.00
2025/06/04,19.41,19.50,19.00,19.19,9292755,179775040.00
2025/06/05,19.20,19.67,18.70,18.76,8541792,163943328.00
2025/06/06,19.00,19.35,18.52,18.77,7690117,146552016.00
2025/06/09,18.74,19.10,18.58,18.88,7113289,134435136.00
2025/06/10,18.75,18.88,17.81,18.06,9067951,165939216.00
2025/06/11,18.11,18.25,17.88,17.99,4840418,87806432.00
2025/06/12,18.00,18.10,17.70,17.95,4639028,83640688.00
2025/06/13,18.16,19.20,17.91,18.84,15966987,297661600.00
2025/06/16,18.90,18.90,18.00,18.41,9314392,171792192.00
2025/06/17,18.21,18.41,17.88,18.11,6694011,121677936.00
2025/06/18,18.37,18.67,17.98,18.46,7277286,134579504.00
2025/06/19,18.40,18.43,17.29,17.68,7381009,132055840.00
2025/06/20,17.63,17.86,16.92,16.98,4609117,79904560.00
2025/06/23,17.21,19.32,17.01,19.18,14165553,260588080.00
2025/06/24,18.74,19.71,18.40,19.22,17126970,327778624.00
2025/06/25,18.93,25.00,18.89,24.16,34376717,771839872.00
2025/06/26,23.04,26.82,22.82,22.93,33508462,826312640.00
2025/06/27,21.94,23.52,21.67,22.37,21345517,480844256.00
2025/06/30,22.29,23.91,21.95,23.12,19686327,457263168.00
2025/07/01,23.12,23.13,21.94,21.95,14784900,330338752.00
2025/07/02,21.68,22.08,20.86,21.06,9750994,209098416.00
2025/07/03,21.18,21.84,21.05,21.14,5855420,125147128.00
2025/07/04,21.04,21.30,20.51,20.62,6086776,126687064.00
2025/07/07,20.63,21.14,20.49,20.83,4734586,98940800.00
2025/07/08,20.94,21.44,20.66,21.24,6665710,141517568.00
2025/07/09,21.88,21.92,20.55,20.65,8128501,172926688.00
2025/07/10,20.64,20.64,19.97,20.27,6057404,123189760.00
2025/07/11,20.43,21.14,20.28,21.08,7465685,155559008.00
2025/07/14,21.10,21.56,20.87,21.33,6598056,140729040.00
2025/07/15,21.38,21.44,20.65,20.88,5272624,110708744.00
2025/07/16,20.69,21.34,20.39,21.08,5807886,121428176.00
2025/07/17,20.85,21.50,20.60,21.26,7190304,153052704.00
2025/07/18,21.44,21.54,20.85,20.95,5649930,119550976.00
2025/07/21,20.80,21.29,20.68,21.27,4966974,105126152.00
2025/07/22,21.27,22.10,21.12,22.05,11751564,257168144.00
2025/07/23,21.82,21.94,21.14,21.22,7396664,159003328.00
2025/07/24,21.42,21.74,21.05,21.67,5626663,121297512.00
2025/07/25,21.97,22.12,21.42,21.48,5207037,113374984.00
2025/07/28,21.54,22.17,21.43,21.77,6610079,145051488.00
2025/07/29,21.56,22.36,21.49,22.32,8360919,185066064.00
2025/07/30,22.32,26.42,22.09,23.94,18403108,447964864.00
2025/07/31,23.42,24.94,23.04,24.66,14456836,347526784.00
2025/08/01,24.44,25.22,23.44,23.56,11465994,277362336.00
2025/08/04,23.06,29.82,23.05,27.31,24769277,662485824.00
2025/08/05,26.44,29.32,25.64,25.79,22205994,602903616.00
2025/08/06,25.53,27.30,25.27,25.64,16558015,434931072.00
2025/08/07,25.20,25.54,24.47,24.73,12828244,319118432.00
2025/08/08,24.85,25.61,24.55,24.77,8427447,211279136.00
2025/08/11,24.72,26.54,24.59,25.79,10222373,263066176.00
2025/08/12,25.79,26.04,24.06,24.33,11752360,291500416.00
2025/08/13,24.10,25.43,24.10,24.41,8654965,214216608.00
2025/08/14,24.54,24.58,23.34,23.58,8521665,203373664.00
2025/08/15,23.74,24.31,23.60,24.24,6737538,162121200.00
2025/08/18,24.78,26.42,24.17,25.97,12624732,320226880.00
2025/08/19,26.44,27.84,25.75,26.00,14737812,394541824.00
2025/08/20,25.89,27.46,25.75,26.35,12555519,333468896.00
2025/08/21,26.14,26.14,25.02,25.17,10290100,262652048.00
2025/08/22,25.16,25.67,24.80,25.58,7152229,180960496.00
2025/08/25,26.32,26.48,25.15,25.84,8124053,209251984.00
2025/08/26,25.87,26.12,25.20,25.22,5906633,151429376.00
2025/08/27,25.37,25.37,24.15,24.28,6648290,163428880.00
2025/08/28,25.67,25.67,24.37,25.22,8716370,219799504.00
2025/08/29,24.94,26.54,24.82,26.54,12030600,314024160.00
2025/09/01,26.90,27.14,25.34,25.99,9118031,235229744.00
2025/09/02,25.66,26.43,24.66,26.28,9072862,232408016.00
2025/09/03,26.40,26.40,23.32,23.32,10197036,249664432.00
2025/09/04,23.06,23.55,21.79,21.99,9030838,204087184.00
2025/09/05,22.24,22.62,21.94,22.49,5139001,115325248.00
2025/09/08,22.87,23.52,22.55,23.41,6389739,148426208.00
2025/09/09,23.42,23.43,22.32,22.39,4901880,111724088.00
2025/09/10,22.39,22.80,21.96,22.10,3362561,75471488.00
2025/09/11,22.08,22.46,21.75,22.33,3791820,84435928.00
2025/09/12,22.54,22.54,22.03,22.14,3570750,79696488.00
2025/09/15,22.15,22.15,21.23,21.35,5478202,117763120.00
2025/09/16,21.36,21.56,20.65,21.49,4773759,101039632.00
2025/09/17,21.39,21.67,21.20,21.45,2832419,61081164.00
2025/09/18,21.53,22.09,21.24,21.47,4454044,96832392.00
2025/09/19,21.60,21.89,21.17,21.27,3263082,70439968.00
2025/09/22,21.17,21.38,20.65,20.75,3591142,75021384.00
2025/09/23,20.94,20.94,19.35,19.84,5206121,103793336.00
2025/09/24,19.76,20.26,19.64,20.24,3339884,66978956.00
2025/09/25,20.24,20.27,19.60,19.65,3217783,64320420.00
2025/09/26,19.91,20.67,19.49,19.94,4349054,87464072.00
2025/09/29,19.70,20.29,19.62,20.14,3249793,65262108.00
2025/09/30,20.60,20.60,19.96,20.06,3007222,60884024.00
2025/10/09,20.01,20.14,19.33,19.68,3023670,59439300.00
2025/10/10,19.82,20.20,19.66,19.85,2502182,50110720.00
2025/10/13,19.37,20.42,18.95,20.39,3864455,76885104.00
2025/10/14,20.39,20.50,19.74,19.88,3346648,67601944.00
2025/10/15,19.75,20.01,19.56,19.88,1580084,31368946.00
2025/10/16,19.92,20.32,19.78,19.93,2613645,52629096.00
2025/10/17,19.78,20.00,18.88,18.95,2965330,57638384.00
2025/10/20,19.65,19.66,18.95,19.26,2055601,39587708.00
2025/10/21,19.24,19.69,19.07,19.57,2047505,40036152.00
2025/10/22,20.00,20.92,19.88,20.38,6583651,135564208.00
2025/10/23,20.32,20.32,19.54,19.89,3170854,63199480.00
2025/10/24,20.39,21.50,20.22,20.54,6226810,130635736.00
2025/10/27,20.39,21.17,19.99,20.91,5193193,107286480.00
2025/10/28,20.94,21.41,20.76,21.21,4916539,104311008.00
2025/10/29,21.28,22.03,20.64,21.95,6053394,129119640.00
2025/10/30,22.37,22.37,21.54,21.54,7213582,159021952.00
2025/10/31,21.33,21.99,21.14,21.14,4426726,95472040.00
2025/11/03,21.23,21.36,20.84,20.90,2832801,59776700.00
2025/11/04,20.79,20.88,20.19,20.42,2509269,51426008.00
2025/11/05,20.23,21.30,20.21,21.05,4332927,90203136.00
2025/11/06,20.94,21.11,20.55,20.61,2542696,52797588.00
2025/11/07,20.60,20.91,20.19,20.37,2516089,51550356.00
2025/11/10,20.22,20.37,20.11,20.21,1868087,37810364.00
2025/11/11,20.24,20.36,19.94,19.95,1658307,33412682.00
2025/11/12,19.95,20.09,19.55,19.64,1994805,39494904.00
2025/11/13,19.64,20.06,19.59,19.78,2183571,43532928.00
2025/11/14,19.94,20.27,19.65,19.76,2430780,48560948.00
2025/11/17,20.94,20.94,20.07,20.31,5530681,114352272.00
2025/11/18,20.06,20.06,19.54,19.62,3570820,70593272.00
2025/11/19,19.61,19.98,19.25,19.87,3363572,66585188.00
2025/11/20,19.57,19.86,19.04,19.05,2795378,54328080.00
2025/11/21,18.98,19.42,18.26,18.62,3217021,60541656.00
2025/11/24,18.69,19.34,18.69,19.34,3181000,60862448.00
2025/11/25,19.28,19.43,18.96,19.18,2868242,55343288.00
2025/11/26,19.25,19.41,18.52,18.64,2889340,54913304.00
2025/11/27,18.48,18.73,18.41,18.44,1584230,29480610.00
2025/11/28,18.67,18.92,18.48,18.73,1875629,35211200.00
2025/12/01,18.91,19.74,18.82,19.43,3842579,74556536.00
2025/12/02,19.32,19.73,19.04,19.35,3035421,59068836.00
2025/12/03,19.43,19.54,18.94,19.01,2174058,41741848.00
2025/12/04,19.14,19.29,18.64,18.98,2369794,45183152.00
2025/12/05,19.14,19.41,18.65,19.35,2418519,46531916.00
2025/12/08,19.53,20.14,19.53,19.69,4452555,88717248.00
2025/12/09,19.52,19.74,19.00,19.10,2695335,52117764.00
2025/12/10,19.19,19.19,18.75,18.89,1653452,31306382.00
2025/12/11,19.04,20.94,18.76,19.95,7488100,149897312.00
2025/12/12,19.93,21.79,19.75,21.12,11677005,246328288.00
2025/12/15,21.06,21.94,20.55,21.17,8324551,177548576.00
2025/12/16,21.40,22.39,20.65,22.19,12019151,261961232.00
2025/12/17,22.38,22.42,20.26,20.31,10208764,213939472.00
2025/12/18,20.63,26.42,20.51,26.42,33783750,840117568.00
2025/12/19,26.56,31.71,25.97,26.49,35561333,1011385536.00
2025/12/22,26.76,29.02,25.14,28.64,24984119,692471488.00
2025/12/23,27.49,28.34,24.77,24.82,23206475,615026944.00
2025/12/24,23.44,26.44,23.44,25.12,18521747,469175616.00
2025/12/25,24.49,26.42,24.23,25.21,18376913,465132352.00
2025/12/26,24.96,26.36,24.50,24.57,15263710,385876064.00
2025/12/29,24.08,24.42,23.27,23.34,12647693,301053120.00
2025/12/30,23.19,23.33,22.13,22.13,11841205,268542144.00
2025/12/31,22.29,23.69,22.29,23.40,12491891,290796288.00
2026/01/05,24.18,24.33,22.86,23.02,11333851,264463488.00
2026/01/06,23.03,26.52,22.65,25.76,20958814,511041184.00
2026/01/07,24.94,25.42,24.44,24.64,13685441,339882816.00
2026/01/08,24.39,25.94,24.34,25.34,15165741,386105056.00
2026/01/09,26.04,30.22,26.04,26.40,21178594,581085568.00
2026/01/12,27.64,31.17,26.65,29.82,23497246,677998464.00
2026/01/13,29.83,29.85,25.95,25.97,18931829,514656640.00
2026/01/14,25.52,28.21,25.52,26.58,15690240,420940192.00
2026/01/15,25.74,26.14,24.62,24.62,10803300,271818752.00
2026/01/16,24.84,25.49,24.56,24.64,7122432,178656416.00
2026/01/19,24.50,25.22,24.15,24.76,5557034,138080112.00
2026/01/20,24.80,25.04,23.36,23.63,7676981,184249296.00
2026/01/21,23.34,23.78,23.19,23.52,4327543,101974280.00
2026/01/22,23.71,24.73,23.59,24.45,7275393,177211200.00
2026/01/23,24.65,26.38,24.32,25.66,12178335,310925920.00
2026/01/26,25.69,25.69,23.94,24.23,8912274,219712864.00
2026/01/27,24.22,24.49,23.60,24.31,5342763,128902432.00
2026/01/28,24.31,24.42,23.46,23.49,5265490,125125624.00
2026/01/29,23.51,23.93,22.95,23.54,4624673,109246376.00
2026/01/30,23.98,25.50,23.65,24.52,9228475,226928016.00
2026/02/02,24.34,25.37,24.14,24.27,6178207,153013712.00
2026/02/03,24.60,25.45,23.94,25.44,9062690,226386912.00
2026/02/04,25.31,25.36,24.07,24.44,6934219,171440400.00
2026/02/05,24.19,24.36,23.67,23.72,4340353,103920208.00
2026/02/06,23.34,24.14,23.22,23.40,3586403,85157936.00
2026/02/09,24.08,24.22,23.71,23.79,3448839,82541608.00
2026/02/10,23.77,23.90,23.44,23.47,3227114,76223160.00
2026/02/11,23.48,23.66,23.07,23.23,2728153,64047832.00
2026/02/12,23.25,23.91,23.14,23.71,3722484,88236856.00
2026/02/13,23.69,24.19,23.60,23.79,3381870,81076896.00
2026/02/24,24.06,24.15,23.66,23.84,2725449,65258976.00
2026/02/25,24.09,24.29,23.77,24.29,4009205,96596880.00
2026/02/26,24.44,24.44,23.75,24.00,3802996,91537152.00
2026/02/27,24.19,24.39,23.99,24.12,3349472,81063464.00
2026/03/02,24.62,25.61,24.19,24.84,9539063,238298128.00
2026/03/03,24.74,24.74,22.64,22.74,7364778,174754304.00
2026/03/04,22.44,23.66,22.44,23.29,4353677,101297056.00
2026/03/05,23.74,23.86,22.84,23.36,3718314,86519464.00
2026/03/06,23.34,23.61,22.94,22.96,2913775,67809104.00
2026/03/09,22.54,22.57,21.44,21.96,4446473,97477816.00
2026/03/10,22.15,22.53,22.06,22.37,2705930,60606352.00
2026/03/11,22.42,22.48,22.07,22.09,2414057,53844220.00
2026/03/12,22.08,22.23,21.35,21.45,3173985,68847296.00
2026/03/13,21.47,21.60,20.99,21.17,2016622,43014520.00
2026/03/16,21.04,21.42,20.96,21.30,1773665,37641408.00
2026/03/17,21.42,21.43,20.50,20.51,2590017,54304380.00
2026/03/18,20.60,20.93,20.44,20.80,1957603,40627316.00
2026/03/19,20.51,20.64,19.80,19.92,3125497,62915756.00
2026/03/20,19.92,20.17,19.40,19.43,2343753,46493924.00
2026/03/23,19.14,19.17,17.94,18.02,3354444,62690756.00
2026/03/24,18.44,18.62,18.14,18.56,2761684,51030676.00
2026/03/25,18.86,19.47,18.86,19.31,3483407,67389416.00
2026/03/26,19.46,19.69,18.90,19.03,2919825,56427928.00
2026/03/27,18.84,19.17,18.55,19.00,2020671,38353184.00
2026/03/30,18.64,19.31,18.50,19.19,1921146,36669188.00
2026/03/31,19.22,20.25,19.22,19.36,4640856,91982768.00
2026/04/01,19.94,19.96,19.24,19.36,2849042,55556748.00
2026/04/02,19.42,19.61,18.99,19.01,2580348,49929128.00
2026/04/03,19.22,19.25,18.37,18.44,2025534,38008952.00
2026/04/07,18.46,18.74,18.14,18.30,1315741,24338656.00
2026/04/08,18.94,19.71,18.76,19.57,3262543,63151280.00
2026/04/09,19.34,19.48,19.13,19.15,2083152,40256236.00
2026/04/10,19.32,19.65,19.21,19.34,2107396,41104308.00
2026/04/13,19.30,19.41,19.15,19.30,1529131,29591436.00
2026/04/14,19.41,19.84,19.35,19.77,2441445,48041308.00
2026/04/15,19.86,20.36,19.74,19.87,3149759,63337624.00
2026/04/16,20.00,20.12,19.68,20.07,2200886,43941404.00
2026/04/17,20.03,21.15,19.88,20.87,4609230,94724072.00
2026/04/20,20.89,22.05,20.65,21.81,6801736,147219184.00
2026/04/21,21.94,21.94,20.76,21.06,4615239,97802104.00
2026/04/22,21.02,21.43,20.81,21.14,3152663,66777160.00
2026/04/23,21.34,21.34,20.31,20.39,3398112,70085120.00
2026/04/24,20.55,20.58,19.96,20.08,2227511,45067804.00
2026/04/27,20.08,20.29,19.49,20.19,2517491,50195912.00
2026/04/28,20.19,20.33,19.44,19.54,2121488,42131784.00
2026/04/29,17.95,18.34,17.82,18.19,4987550,90749504.00
2026/04/30,18.19,18.43,18.07,18.17,2254793,41317728.00
2026/05/06,18.30,18.68,18.17,18.40,2353129,43696168.00
2026/05/07,18.71,19.08,18.40,18.84,2694310,50720916.00
2026/05/08,18.74,19.40,18.56,19.28,3528248,67700560.00
2026/05/11,19.53,19.72,18.94,19.06,3077998,59297044.00
2026/05/12,19.08,19.46,18.74,18.97,2571234,49311872.00
2026/05/13,18.82,18.99,18.47,18.81,2607640,49067040.00
2026/05/14,18.80,19.00,18.04,18.04,2704527,49879192.00
2026/05/15,18.22,18.51,17.84,17.89,2243753,40668336.00
2026/05/18,18.01,18.01,17.55,17.67,2222192,39531136.00
2026/05/19,17.66,18.29,17.52,17.98,1837789,33256876.00
2026/05/20,17.83,17.87,16.82,16.87,4044259,69289576.00
2026/05/21,16.93,17.19,16.15,16.18,3049300,51269828.00
2026/05/22,16.18,16.42,15.78,15.91,3039191,48705508.00
2026/05/25,15.94,16.31,15.66,15.91,2049684,32700392.00
2026/05/26,15.86,15.90,14.86,15.00,2985671,45412828.00
2026/05/27,15.04,15.18,14.30,14.40,3323599,48587600.00
2026/05/28,14.44,14.99,14.26,14.77,2397985,35121600.00
2026/05/29,14.77,15.07,14.35,14.39,1887102,27754354.00
2026/06/01,14.70,14.82,14.26,14.66,1418620,20856688.00
2026/06/02,14.69,15.17,14.45,15.02,1928544,28809764.00
2026/06/03,15.14,15.25,14.62,14.81,2309086,34695808.00
2026/06/04,14.59,14.67,14.06,14.15,2049092,29442454.00
2026/06/05,14.17,16.71,14.17,15.79,6944496,108615432.00
2026/06/08,15.19,16.54,15.14,15.61,5637382,89988088.00
2026/06/09,15.68,15.74,14.98,15.22,3293459,50329492.00
2026/06/10,15.22,15.74,14.73,14.89,2629387,40070476.00
2026/06/11,14.70,14.72,14.08,14.15,2680546,38339540.00
2026/06/12,14.42,15.57,14.29,14.74,4304775,64674400.00
2026/06/15,14.58,14.79,14.43,14.63,3157439,46373384.00
2026/06/16,15.04,15.44,14.58,14.66,3175400,47749492.00
2026/06/17,14.53,15.14,14.34,14.84,2997645,44431660.00
2026/06/18,14.68,14.78,14.27,14.30,3130201,45312308.00
2026/06/22,14.36,14.44,13.45,14.20,3391206,47042820.00
2026/06/23,14.32,14.64,13.86,14.20,2703810,38978060.00
2026/06/24,14.22,14.31,13.59,13.80,2160340,29945816.00
2026/06/25,13.73,13.73,13.11,13.14,2843549,37924324.00
2026/06/26,13.15,13.27,12.47,12.88,2518866,32675188.00
2026/06/29,12.79,12.80,12.06,12.19,2248249,27815156.00
2026/06/30,12.58,12.79,12.34,12.43,2158326,27239490.00
2026/07/01,12.62,12.87,12.51,12.75,2581047,32935734.00
2026/07/02,12.68,13.08,12.31,12.54,2554666,32784884.00
2026/07/03,12.71,13.22,12.54,13.11,2845493,37059244.00
2026/07/06,13.50,13.69,12.49,12.56,2546172,32769696.00
2026/07/07,12.36,12.80,12.13,12.20,1659945,20521020.00
2026/07/08,12.28,12.29,11.76,11.79,1562800,18686604.00
2026/07/09,11.70,11.92,11.33,11.83,1841662,21436186.00
2026/07/10,11.83,15.37,11.64,14.13,9961748,139453232.00
2026/07/13,13.75,13.83,12.60,12.91,7209154,93211368.00
2026/07/14,12.70,12.83,11.95,12.32,4353557,53827464.00
2026/07/15,12.00,12.67,11.99,12.10,2804566,34575436.00
2026/07/16,12.01,12.17,11.65,11.70,2338909,27735046.00
2026/07/17,11.68,12.00,11.18,11.29,2500172,29012590.00
2026/07/20,11.30,11.58,10.63,10.79,2441686,27208554.00
2026/07/21,10.69,11.17,10.16,11.12,2561199,27397590.00
2026/07/22,10.98,11.40,10.88,10.90,2177794,24218368.00
2026/07/23,11.01,11.30,10.75,11.15,1938565,21375620.00
2026/07/24,11.00,11.75,10.83,11.24,3404111,38469188.00
2026/07/27,11.24,11.31,10.87,11.29,2633835,29419450.00
2026/07/28,11.11,11.37,10.93,10.98,2059660,23000872.00
2026/07/29,10.97,11.30,10.76,11.27,2417188,26738700.00
2026/07/30,11.22,11.39,10.91,11.02,2426950,27172126.00
2026/07/31,11.08,11.44,11.08,11.34,2657779,30135060.00
2026/08/03,11.55,11.63,11.29,11.41,2181374,24931936.00
2026/08/04,11.35,11.74,11.35,11.70,1816507,21044438.00
2026/08/05,11.77,12.39,11.64,12.16,2995690,36190772.00
2026/08/06,12.10,12.71,12.02,12.45,3395890,42303688.00
2026/08/07,12.45,12.73,12.18,12.67,3044794,38005856.00
2026/08/10,12.69,13.06,12.40,13.02,2770192,35364604.00
2026/08/11,12.50,12.56,12.09,12.27,2905976,35746424.00
2026/08/12,12.18,12.43,12.17,12.35,1405238,17321668.00
2026/08/13,12.50,12.55,12.20,12.21,1475586,18309684.00
2026/08/14,12.22,12.39,12.17,12.27,1041596,12790312.00
2026/08/17,12.39,12.75,12.30,12.75,2075387,26114090.00
2026/08/18,12.89,13.50,12.51,13.41,3149572,41189104.00
2026/08/19,13.98,14.04,12.80,12.86,5962351,79809096.00
2026/08/20,12.60,12.92,12.18,12.22,3520763,43897616.00
2026/08/21,12.18,12.39,12.14,12.18,1302315,15970832.00
2026/08/24,12.22,12.22,11.55,11.71,2572658,30399574.00
2026/08/25,11.62,11.82,11.55,11.74,1172064,13726032.00
2026/08/26,11.82,11.83,11.60,11.69,1396759,16403301.00
2026/08/27,11.73,11.81,11.58,11.78,1184938,13908706.00
2026/08/28,11.80,11.83,11.66,11.76,1376316,16195927.00
2026/08/31,11.75,11.98,11.61,11.94,1643199,19445854.00
2026/09/01,12.04,12.54,11.78,12.51,3233683,39646940.00
2026/09/02,12.50,13.99,12.22,13.34,7805929,103731696.00
2026/09/03,13.00,13.23,12.70,12.92,3935172,50793968.00
2026/09/04,12.92,13.32,12.90,13.06,3470772,45421060.00
2026/09/07,13.04,13.13,12.64,12.84,2055498,26341804.00
2026/09/08,12.90,12.91,12.60,12.74,1740244,22184374.00
2026/09/09,12.70,13.04,12.52,12.70,1958679,25024676.00
2026/09/10,12.66,12.91,12.40,12.42,2462049,31024858.00
2026/09/11,12.30,12.61,12.07,12.58,2502517,30923518.00
2026/09/14,12.48,12.72,12.20,12.21,1623265,20111350.00
#数据来源:通达信
