920076 国亮新材 日线 前复权
      日期	    开盘	    最高	    最低	    收盘	    成交量	    成交额
2026/01/22,23.44,24.31,19.56,19.83,16151737,483136192.00
2026/01/23,19.43,22.99,19.13,20.93,13382924,397851200.00
2026/01/26,20.66,22.32,20.14,20.21,10265512,303111200.00
2026/01/27,19.36,19.43,18.29,18.80,7929340,211186144.00
2026/01/28,18.57,18.93,18.43,18.46,4520777,118862912.00
2026/01/29,18.31,18.39,17.88,17.91,4216843,108085544.00
2026/01/30,17.65,18.14,17.65,17.71,2086071,52794400.00
2026/02/02,17.74,17.89,17.50,17.59,2039850,50953696.00
2026/02/03,17.86,17.94,17.55,17.74,1437849,36084100.00
2026/02/04,17.81,18.13,17.64,17.75,1713123,43272056.00
2026/02/05,17.65,17.76,17.01,17.12,1856978,45701388.00
2026/02/06,17.07,17.26,17.04,17.11,905154,22020896.00
2026/02/09,17.22,17.23,17.06,17.14,1267247,30773978.00
2026/02/10,17.14,17.14,16.70,16.73,1525430,36439096.00
2026/02/11,16.69,16.84,16.66,16.67,1179499,27979810.00
2026/02/12,16.67,16.81,16.61,16.71,1011520,24016838.00
2026/02/13,16.64,16.91,16.61,16.72,1380150,32759074.00
2026/02/24,16.82,16.86,16.69,16.75,1119476,26585742.00
2026/02/25,16.76,17.14,16.73,17.11,2239849,53995076.00
2026/02/26,17.31,17.61,17.14,17.21,2968212,73216248.00
2026/02/27,17.07,17.39,16.89,17.22,1620622,39308592.00
2026/03/02,16.94,16.99,16.47,16.59,1905863,45156988.00
2026/03/03,16.62,16.85,16.46,16.66,1306161,30882218.00
2026/03/04,16.61,16.75,16.19,16.25,1370391,31916276.00
2026/03/05,16.38,16.51,16.26,16.26,562023,13063645.00
2026/03/06,16.28,16.39,16.07,16.33,601641,13876549.00
2026/03/09,16.19,16.20,15.81,15.91,890635,20176628.00
2026/03/10,15.94,16.32,15.92,16.32,736247,16875980.00
2026/03/11,16.32,16.65,16.21,16.45,979371,22901996.00
2026/03/12,16.44,16.61,16.24,16.36,683505,15918397.00
2026/03/13,16.29,16.68,16.28,16.43,889973,20819332.00
2026/03/16,16.45,16.51,16.20,16.26,516615,11934424.00
2026/03/17,16.28,17.28,16.27,17.04,3156784,75677600.00
2026/03/18,17.13,17.27,16.79,16.96,2259435,54576616.00
2026/03/19,16.75,17.14,16.51,16.59,1526067,36435592.00
2026/03/20,16.51,16.66,15.91,15.94,1428819,33070622.00
2026/03/23,15.86,15.86,14.52,14.71,1256662,26852636.00
2026/03/24,14.99,15.16,14.56,14.96,806988,16986796.00
2026/03/25,14.94,15.11,14.86,15.05,623643,13282046.00
2026/03/26,15.05,15.21,14.84,14.93,399646,8535886.00
2026/03/27,14.72,15.07,14.72,14.98,459658,9763614.00
2026/03/30,14.76,15.14,14.54,15.06,638626,13465571.00
2026/03/31,15.10,15.10,14.66,14.68,508890,10753058.00
2026/04/01,14.86,15.03,14.75,14.89,382313,8074997.50
2026/04/02,15.29,15.31,14.66,14.72,816860,17384690.00
2026/04/03,14.89,14.89,13.82,13.92,1187670,23932108.00
2026/04/07,13.92,14.14,13.86,13.93,437693,8675184.00
2026/04/08,14.14,14.50,14.11,14.50,899530,18280914.00
2026/04/09,14.51,14.51,14.14,14.18,427886,8679203.00
2026/04/10,14.31,14.48,14.25,14.31,451079,9219771.00
2026/04/13,14.21,14.39,14.16,14.29,340037,6893137.50
2026/04/14,14.36,14.45,14.31,14.36,171140,3499313.25
2026/04/15,14.39,14.59,14.39,14.47,464897,9567120.00
2026/04/16,14.47,14.55,14.31,14.54,496934,10164831.00
2026/04/17,14.72,15.20,14.40,14.99,1639134,34590708.00
2026/04/20,14.93,15.50,14.91,15.14,2151354,46703652.00
2026/04/21,15.14,15.14,14.47,14.54,1402904,29302938.00
2026/04/22,14.73,15.11,14.64,14.96,1535931,32604664.00
2026/04/23,14.87,15.06,14.35,14.50,1274642,26486390.00
2026/04/24,14.46,14.53,14.16,14.17,712943,14447202.00
2026/04/27,14.15,14.24,13.93,14.23,522086,10440814.00
2026/04/28,14.20,14.24,13.96,14.04,424660,8496738.00
2026/04/29,14.40,14.79,14.32,14.78,1357781,28161674.00
2026/04/30,14.79,15.21,14.64,15.00,1276146,27099426.00
2026/05/06,15.00,15.00,14.77,14.82,1160222,24499006.00
2026/05/07,14.88,15.07,14.82,14.91,814636,17306066.00
2026/05/08,14.82,15.76,14.82,15.47,1942492,42604480.00
2026/05/11,15.40,15.77,15.24,15.76,1929029,42414208.00
2026/05/12,15.77,16.19,15.66,15.91,1551674,35133232.00
2026/05/13,15.93,15.93,15.62,15.68,1135418,25306990.00
2026/05/14,15.77,16.36,15.63,15.71,1942903,44092292.00
2026/05/15,15.63,16.07,15.22,15.97,1910057,42558096.00
2026/05/18,15.90,15.90,15.53,15.69,920918,20435286.00
2026/05/19,15.75,15.81,15.27,15.29,1645469,35676544.00
2026/05/20,15.25,15.33,15.03,15.11,1291722,27287718.00
2026/05/21,15.20,15.23,14.48,14.51,1501681,31734268.00
2026/05/22,14.57,14.79,14.36,14.73,1439384,29549924.00
2026/05/25,14.76,14.79,14.20,14.40,1282753,26282146.00
2026/05/26,14.28,14.40,14.09,14.36,622385,12589001.00
2026/05/27,14.29,14.54,14.04,14.18,724748,14680891.00
2026/05/28,14.14,14.51,14.09,14.37,687344,13996936.00
2026/05/29,14.38,14.58,14.04,14.27,1984493,27829962.00
2026/06/01,14.14,14.30,14.01,14.24,1634883,23159712.00
2026/06/02,14.21,14.28,14.05,14.24,647130,9168705.00
2026/06/03,14.20,14.26,13.91,14.04,696736,9818357.00
2026/06/04,13.92,13.97,13.50,13.68,948138,12967816.00
2026/06/05,13.68,14.36,13.54,14.34,1611551,22785254.00
2026/06/08,14.35,15.19,14.22,14.70,3515201,52003724.00
2026/06/09,14.57,14.73,14.20,14.51,2442454,34946288.00
2026/06/10,14.51,14.68,13.72,13.86,2259047,31822810.00
2026/06/11,13.78,13.85,12.99,13.06,1613298,21380286.00
2026/06/12,13.18,13.41,13.05,13.18,979544,12963478.00
2026/06/15,13.19,13.35,13.08,13.20,1593108,20720172.00
2026/06/16,13.38,13.38,12.86,12.90,2476063,31875098.00
2026/06/17,12.80,12.90,12.50,12.73,1961407,24919246.00
2026/06/18,12.80,14.42,12.70,13.69,5070194,69744808.00
2026/06/22,13.58,13.79,13.10,13.78,2916742,39238940.00
2026/06/23,13.82,14.79,13.82,13.99,2947517,42076212.00
2026/06/24,13.89,14.03,13.34,13.50,2064975,28148746.00
2026/06/25,13.59,13.59,12.99,13.07,1123646,14766528.00
2026/06/26,13.09,13.10,12.62,12.72,974299,12440546.00
2026/06/29,12.61,12.81,12.32,12.59,861521,10750085.00
2026/06/30,12.53,12.77,12.32,12.34,931970,11665717.00
2026/07/01,12.36,12.68,12.15,12.66,1084145,13520159.00
2026/07/02,12.45,12.89,12.43,12.43,636801,8043785.50
2026/07/03,12.52,12.85,12.44,12.79,972579,12297618.00
2026/07/06,12.78,12.94,12.58,12.64,588244,7478313.00
2026/07/07,12.60,12.79,12.36,12.45,585282,7324647.50
2026/07/08,12.53,12.55,12.30,12.30,340929,4217274.50
2026/07/09,12.28,12.72,12.18,12.63,890798,11141132.00
2026/07/10,12.61,12.97,12.35,12.85,1146495,14667986.00
2026/07/13,12.86,12.89,12.46,12.58,566266,7100092.00
2026/07/14,12.54,12.64,12.33,12.62,861397,10786530.00
2026/07/15,12.55,12.88,12.55,12.77,558360,7097305.50
2026/07/16,12.77,12.87,12.55,12.82,574759,7336846.50
2026/07/17,12.73,12.88,12.48,12.50,816521,10340388.00
2026/07/20,12.50,12.61,12.11,12.35,667364,8249883.00
2026/07/21,12.30,12.30,11.54,12.22,1122826,13418974.00
2026/07/22,12.09,12.38,11.90,12.01,455801,5524762.50
2026/07/23,12.07,12.26,11.89,12.21,582758,7045560.50
2026/07/24,12.09,12.09,11.87,11.90,504359,6025929.00
2026/07/27,11.90,12.25,11.70,12.21,599226,7227496.00
2026/07/28,12.07,12.50,12.07,12.29,689943,8463654.00
2026/07/29,12.34,12.70,12.27,12.64,823955,10283976.00
2026/07/30,12.91,12.91,12.51,12.57,650893,8226372.50
2026/07/31,12.65,12.68,12.52,12.58,901586,11361809.00
2026/08/03,12.60,12.62,12.47,12.60,427598,5367359.00
2026/08/04,12.63,12.66,12.55,12.60,566471,7136407.00
2026/08/05,12.62,12.76,12.56,12.72,730621,9250494.00
2026/08/06,12.73,12.84,12.56,12.74,613701,7813974.00
2026/08/07,12.73,13.07,12.58,12.93,775016,9969766.00
2026/08/10,13.05,13.05,12.90,12.94,414434,5378068.00
2026/08/11,12.94,12.97,12.71,12.73,432979,5557200.50
2026/08/12,12.70,12.84,12.62,12.80,299838,3824536.25
2026/08/13,12.85,12.95,12.75,12.75,502047,6440045.50
2026/08/14,12.73,12.75,12.61,12.68,284476,3600042.50
2026/08/17,12.68,12.95,12.63,12.82,402118,5154697.00
2026/08/18,12.88,13.25,12.78,13.10,1320313,17269248.00
2026/08/19,13.10,13.10,12.66,12.67,549255,7030371.00
2026/08/20,12.69,12.84,12.67,12.78,342794,4361356.50
2026/08/21,12.67,12.72,12.41,12.65,370586,4674814.50
2026/08/24,12.60,12.76,12.56,12.68,351631,4431305.00
2026/08/25,12.63,12.78,12.62,12.75,324517,4130491.00
2026/08/26,12.66,13.00,12.66,12.86,612030,7867503.00
2026/08/27,12.97,12.97,12.77,12.83,453828,5832839.00
2026/08/28,12.83,12.97,12.80,12.96,683095,8802202.00
2026/08/31,12.88,13.06,12.78,12.98,666435,8622056.00
2026/09/01,12.91,13.23,12.91,13.17,855745,11178030.00
2026/09/02,13.14,13.65,13.04,13.50,2770754,37342680.00
2026/09/03,13.40,13.46,13.06,13.17,1152011,15226927.00
2026/09/04,13.36,13.36,13.05,13.13,746638,9852662.00
2026/09/07,13.10,13.20,12.92,13.00,634592,8247616.50
2026/09/08,13.10,13.10,12.91,13.02,375847,4885756.50
2026/09/09,12.93,13.10,12.89,13.03,580551,7545441.50
2026/09/10,12.97,13.12,12.83,12.99,783207,10125565.00
2026/09/11,12.87,13.10,12.67,12.78,814632,10445972.00
2026/09/14,12.70,12.87,12.64,12.76,239121,3041455.50
#数据来源:通达信
