920050 爱伦医疗 日线 前复权
      日期	    开盘	    最高	    最低	    收盘	    成交量	    成交额
2026/01/21,47.88,54.00,43.01,43.04,14161823,688872960.00
2026/01/22,39.00,41.00,37.50,37.68,8664592,340897632.00
2026/01/23,37.97,38.96,37.80,38.06,5309139,208279088.00
2026/01/26,38.01,40.75,37.10,39.45,5783088,228639712.00
2026/01/27,38.60,38.60,37.51,37.63,3327750,129292824.00
2026/01/28,37.52,37.57,37.02,37.07,2564374,97859328.00
2026/01/29,37.01,37.15,36.20,36.24,2054446,77285128.00
2026/01/30,36.21,36.63,36.07,36.35,1148480,42872500.00
2026/02/02,36.45,36.50,35.66,35.66,1160046,42988040.00
2026/02/03,36.00,36.08,35.39,35.81,1001517,36686272.00
2026/02/04,35.91,36.29,35.71,36.16,762966,28287006.00
2026/02/05,36.16,36.25,35.58,35.66,632341,23262020.00
2026/02/06,35.88,35.96,35.68,35.73,487341,17927856.00
2026/02/09,36.00,36.26,35.69,35.77,653566,24056912.00
2026/02/10,35.86,35.93,35.59,35.73,483075,17761956.00
2026/02/11,35.71,35.97,35.69,35.70,409737,15070072.00
2026/02/12,35.65,35.70,35.06,35.06,904859,32878648.00
2026/02/13,35.00,35.47,35.00,35.07,622075,22486470.00
2026/02/24,35.26,35.48,35.08,35.29,412951,14957645.00
2026/02/25,35.52,35.52,35.26,35.38,457164,16626458.00
2026/02/26,35.45,35.58,35.13,35.29,715801,26012218.00
2026/02/27,35.49,36.68,35.36,36.35,2200313,81921136.00
2026/03/02,35.83,36.28,35.47,35.73,1181473,43383512.00
2026/03/03,35.75,35.94,34.79,34.87,1052357,38277148.00
2026/03/04,34.58,34.91,34.35,34.60,492927,17526098.00
2026/03/05,34.66,34.88,34.39,34.40,472043,16800790.00
2026/03/06,34.48,34.83,34.30,34.65,337265,12018115.00
2026/03/09,34.59,34.60,34.10,34.20,382089,13454240.00
2026/03/10,34.23,34.77,34.21,34.68,504721,17943144.00
2026/03/11,34.68,35.48,34.51,35.15,705366,25497356.00
2026/03/12,35.14,35.14,34.76,34.81,425089,15234633.00
2026/03/13,34.86,35.77,34.71,35.57,1024248,37289680.00
2026/03/16,35.44,35.45,35.00,35.02,522318,18889136.00
2026/03/17,35.03,36.56,35.03,35.95,1585255,58614404.00
2026/03/18,36.30,36.50,35.60,35.82,1112546,41194916.00
2026/03/19,35.56,35.80,34.31,34.50,971353,34997464.00
2026/03/20,34.26,34.68,33.86,33.86,793080,27859676.00
2026/03/23,33.32,33.45,30.56,30.60,1296628,42724908.00
2026/03/24,30.90,31.32,29.90,30.89,717634,22565844.00
2026/03/25,30.81,31.30,30.67,31.23,541624,17389214.00
2026/03/26,31.16,31.38,30.05,30.08,509341,16079195.00
2026/03/27,29.58,31.32,29.50,30.79,548758,17364964.00
2026/03/30,30.26,30.77,30.10,30.51,268397,8432430.00
2026/03/31,30.45,31.57,30.45,30.98,422573,13582567.00
2026/04/01,31.40,31.54,30.77,31.22,400490,12850967.00
2026/04/02,31.18,32.41,30.85,31.95,851647,27937458.00
2026/04/03,31.50,31.85,30.00,30.10,654967,20694870.00
2026/04/07,30.15,30.19,29.51,29.73,289166,8907099.00
2026/04/08,30.30,30.77,30.09,30.77,602534,18958554.00
2026/04/09,30.55,30.85,30.12,30.20,325748,10249221.00
2026/04/10,30.31,31.09,30.30,30.85,417576,13282895.00
2026/04/13,30.56,31.09,30.41,30.51,248520,7853241.50
2026/04/14,30.73,30.83,30.45,30.56,244965,7736515.50
2026/04/15,30.91,30.95,30.56,30.64,304265,9669141.00
2026/04/16,30.88,30.88,30.53,30.76,334709,10593493.00
2026/04/17,30.76,31.98,30.43,31.54,751506,24210784.00
2026/04/20,31.69,32.58,31.48,31.91,625554,20691606.00
2026/04/21,31.93,32.20,31.20,31.39,419846,13654309.00
2026/04/22,31.66,32.94,31.66,32.70,920742,30909828.00
2026/04/23,32.72,32.90,32.03,32.63,642773,21542274.00
2026/04/24,32.83,32.88,31.91,32.15,484018,16074623.00
2026/04/27,32.03,32.60,31.95,31.95,513111,17007828.00
2026/04/28,32.04,32.04,31.17,31.27,404774,13171961.00
2026/04/29,31.00,31.80,31.00,31.63,259713,8434063.00
2026/04/30,31.63,32.45,31.63,32.08,364063,12086526.00
2026/05/06,32.08,32.47,32.01,32.17,452420,15026765.00
2026/05/07,32.31,32.76,32.13,32.21,537503,17928602.00
2026/05/08,32.11,33.00,32.11,32.90,924872,31275014.00
2026/05/11,32.89,33.53,32.54,33.40,973013,33174994.00
2026/05/12,33.80,33.98,32.80,32.94,833608,28687266.00
2026/05/13,33.30,33.30,32.36,32.79,639370,21491778.00
2026/05/14,32.86,33.18,32.02,32.02,481657,16179561.00
2026/05/15,32.02,32.90,31.74,32.58,520384,17354368.00
2026/05/18,32.29,32.33,31.51,31.89,496140,16263119.00
2026/05/19,32.04,32.50,31.83,32.13,322835,10688300.00
2026/05/20,31.91,32.13,31.31,31.51,430273,14005183.00
2026/05/21,31.76,31.78,30.45,30.54,574647,18510516.00
2026/05/22,30.90,31.12,30.31,31.12,273795,8688284.00
2026/05/25,31.00,31.33,30.73,31.03,267569,8555936.00
2026/05/26,31.21,31.23,29.81,30.06,376901,11422584.00
2026/05/27,30.06,30.06,29.03,29.26,472851,13920196.00
2026/05/28,29.33,29.37,28.50,29.07,275120,7985755.50
2026/05/29,29.07,29.40,28.66,28.74,275223,7995473.50
2026/06/01,29.18,29.50,28.85,28.94,321183,9359118.00
2026/06/02,29.09,29.35,28.73,28.95,202647,5871546.50
2026/06/03,29.02,29.22,28.43,28.53,222613,6413371.00
2026/06/04,28.45,28.45,27.68,28.18,343539,9639644.00
2026/06/05,28.14,29.65,28.02,28.91,368725,10639191.00
2026/06/08,28.80,29.78,28.12,29.07,423835,12318871.00
2026/06/09,28.80,29.15,28.62,28.97,159209,4590351.50
2026/06/10,28.99,28.99,28.46,28.58,248507,7128048.00
2026/06/11,28.58,28.58,27.76,27.87,207499,5820657.50
2026/06/12,28.28,28.31,27.86,28.12,113775,3203422.75
2026/06/15,28.38,28.50,28.12,28.28,178588,5047670.50
2026/06/16,28.28,28.45,28.04,28.28,164004,4632751.00
2026/06/17,28.11,28.18,27.58,27.61,286468,7966777.50
2026/06/18,27.62,27.92,27.53,27.68,232024,6416207.50
2026/06/22,27.68,27.89,26.81,27.87,212218,5810098.50
2026/06/23,27.60,28.94,27.60,28.30,375449,10653522.00
2026/06/24,28.30,28.44,27.77,27.88,239959,6717705.00
2026/06/25,27.88,27.88,26.76,26.78,424593,11484010.00
2026/06/26,26.80,27.20,26.32,26.38,221580,5892233.00
2026/06/29,26.31,26.98,26.00,26.78,305210,8108601.00
2026/06/30,26.77,26.88,26.36,26.46,140514,3740075.00
2026/07/01,26.40,27.25,26.40,27.18,245123,6602995.00
2026/07/02,27.27,27.52,26.92,26.98,199647,5457015.00
2026/07/03,26.93,27.35,26.93,27.35,117999,3208103.75
2026/07/06,27.48,27.48,27.07,27.09,150237,4100365.75
2026/07/07,27.10,27.17,26.37,26.41,126837,3386302.75
2026/07/08,26.59,26.59,26.10,26.13,158861,4173523.25
2026/07/09,26.05,26.40,25.51,25.92,190407,4906889.00
2026/07/10,25.87,26.53,25.60,26.40,206585,5415968.50
2026/07/13,26.02,26.17,25.28,25.30,180425,4614293.00
2026/07/14,25.44,26.08,25.20,25.90,238173,6112540.50
2026/07/15,25.77,27.15,25.53,26.37,378343,10112505.00
2026/07/16,26.63,26.85,26.00,26.60,259482,6872550.50
2026/07/17,26.86,26.86,26.01,26.07,195066,5167232.00
2026/07/20,26.04,26.40,25.04,25.05,268439,6868881.00
2026/07/21,25.06,25.30,24.59,25.10,183380,4577556.00
2026/07/22,25.25,26.23,25.16,25.50,204645,5280488.50
2026/07/23,25.34,25.97,25.25,25.95,117050,2999707.00
2026/07/24,25.71,25.98,25.45,25.67,157364,4051092.00
2026/07/27,25.80,26.07,25.40,26.07,127285,3292963.75
2026/07/28,26.07,26.60,25.72,26.28,176425,4644814.50
2026/07/29,26.54,26.72,26.25,26.62,185063,4912943.00
2026/07/30,26.77,26.79,26.29,26.50,216769,5761307.00
2026/07/31,26.56,27.16,26.41,27.14,316438,8510483.00
2026/08/03,27.58,28.42,27.56,27.83,589730,16476235.00
2026/08/04,27.82,27.98,27.30,27.58,326232,9004902.00
2026/08/05,27.60,27.88,27.31,27.72,272533,7553784.50
2026/08/06,27.99,28.28,27.76,28.04,236135,6613122.50
2026/08/07,28.38,29.19,28.00,29.14,762034,21809608.00
2026/08/10,29.03,29.21,28.60,29.05,461394,13328797.00
2026/08/11,29.00,29.17,28.51,28.71,221469,6389659.00
2026/08/12,28.98,29.19,28.50,28.70,194387,5606507.50
2026/08/13,28.81,29.66,28.23,29.06,742613,21561958.00
2026/08/14,29.10,29.11,28.25,28.79,300870,8643327.00
2026/08/17,28.86,28.86,28.36,28.70,260564,7441437.00
2026/08/18,28.70,30.00,28.50,29.77,589221,17308116.00
2026/08/19,29.88,29.88,28.91,28.93,326143,9548603.00
2026/08/20,29.38,29.92,28.92,29.40,313899,9298916.00
2026/08/21,29.40,29.79,29.07,29.45,179080,5270721.00
2026/08/24,29.79,29.79,28.63,28.75,189736,5501018.50
2026/08/25,28.86,29.26,28.52,29.09,166985,4844707.50
2026/08/26,29.20,29.45,28.58,29.20,178020,5189198.50
2026/08/27,29.20,29.33,28.86,29.08,146960,4267957.00
2026/08/28,29.23,29.64,28.95,29.59,252683,7411431.50
2026/08/31,29.60,29.78,29.23,29.35,166208,4892771.00
2026/09/01,29.43,29.68,29.05,29.49,193217,5669191.00
2026/09/02,29.58,30.80,29.33,29.80,670803,20293056.00
2026/09/03,29.53,29.70,28.68,28.70,385565,11211495.00
2026/09/04,28.85,29.24,28.62,29.10,299933,8694051.00
2026/09/07,29.01,29.27,28.52,28.80,213020,6141648.50
2026/09/08,28.85,28.96,28.53,28.75,154640,4446047.50
2026/09/09,28.63,28.97,28.41,28.84,191773,5509918.00
2026/09/10,28.84,28.84,28.01,28.04,211906,5981241.50
2026/09/11,27.91,27.92,27.03,27.45,366771,9995862.00
2026/09/14,27.36,27.96,27.00,27.68,164021,4527649.00
#数据来源:通达信
