920185 贝特瑞 日线 前复权
      日期	    开盘	    最高	    最低	    收盘	    成交量	    成交额
2021/08/02,33.27,34.96,33.18,34.24,716000,57550356.00
2021/08/03,34.24,34.90,33.72,33.80,580000,46561084.00
2021/08/04,33.75,35.16,33.75,35.14,1098200,89305560.00
2021/08/05,35.40,36.07,34.62,35.53,975500,81277088.00
2021/08/06,35.98,37.75,35.98,37.08,1897300,165047488.00
2021/08/09,37.08,37.10,35.23,35.62,974800,82847384.00
2021/08/10,35.83,35.98,34.75,35.31,557300,46115128.00
2021/08/11,35.32,36.24,35.18,35.89,571200,47871616.00
2021/08/12,36.24,37.57,36.13,36.93,1080500,93391496.00
2021/08/13,36.30,37.40,35.63,36.23,754500,64618708.00
2021/08/16,36.56,36.56,34.56,34.88,847400,69979672.00
2021/08/17,34.56,35.04,34.07,34.37,547000,46790548.00
2021/08/18,34.89,34.96,33.92,33.98,494900,39659292.00
2021/08/19,33.67,34.96,33.18,34.76,769500,61950980.00
2021/08/20,34.77,35.16,34.11,34.82,490400,39942164.00
2021/08/23,34.83,35.09,34.52,34.88,639600,52173796.00
2021/08/24,34.89,36.29,34.88,35.79,817400,68352848.00
2021/08/25,35.78,36.96,35.78,36.16,919100,78460248.00
2021/08/26,35.92,36.25,35.21,35.25,589700,49330564.00
2021/08/27,34.96,35.62,34.96,35.20,1003500,76614176.00
2021/08/30,35.18,36.44,35.18,35.66,801300,67148048.00
2021/08/31,35.66,36.44,35.40,35.84,954300,80161512.00
2021/09/01,35.96,36.42,35.40,36.38,1327400,111778944.00
2021/09/02,36.40,38.61,36.38,38.59,1847500,164080528.00
2021/09/03,49.03,49.03,41.87,42.87,4681900,488856128.00
2021/09/06,45.00,51.80,44.87,50.47,4223800,476045440.00
2021/09/07,51.40,58.85,50.51,55.67,4002200,502462208.00
2021/09/08,54.47,62.56,54.47,61.53,2915300,400618432.00
2021/09/09,61.53,64.32,59.31,61.62,2384800,340916640.00
2021/09/10,61.18,62.29,57.31,61.04,2056100,283249280.00
2021/09/13,60.73,60.73,57.44,58.20,1152400,156086672.00
2021/09/14,58.07,61.62,56.38,60.22,1923300,263934272.00
2021/09/15,59.84,62.69,59.49,62.04,1523900,217156336.00
2021/09/16,61.18,62.73,58.07,59.83,1100200,153745184.00
2021/09/17,58.98,64.67,58.96,64.67,2039300,294373216.00
2021/09/22,67.40,72.73,67.40,72.73,2032100,330023968.00
2021/09/23,73.06,77.76,69.64,71.04,1937200,331984288.00
2021/09/24,69.67,74.07,69.49,70.07,1225900,199023888.00
2021/09/27,69.18,70.42,65.41,66.64,1090600,168316480.00
2021/09/28,66.96,69.61,66.07,67.52,808300,126382224.00
2021/09/29,66.51,68.36,63.44,64.43,1049000,157434416.00
2021/09/30,64.15,70.84,63.40,70.84,840900,131964224.00
2021/10/08,70.51,70.87,66.09,68.28,684100,106288512.00
2021/10/11,67.84,68.16,65.64,66.46,340700,52417924.00
2021/10/12,67.35,67.84,61.18,62.50,869400,128003216.00
2021/10/13,63.75,66.01,63.73,65.84,665800,99326832.00
2021/10/14,65.84,67.22,65.27,67.01,421900,64583316.00
2021/10/15,66.51,70.27,66.51,68.67,861500,136404080.00
2021/10/18,67.85,70.92,67.23,68.30,702700,111838824.00
2021/10/19,69.07,70.23,68.38,69.65,407300,64993616.00
2021/10/20,69.62,73.53,69.57,73.44,884900,147787184.00
2021/10/21,73.44,74.24,72.96,74.07,391900,66180684.00
2021/10/22,74.24,76.29,73.71,75.31,501900,86501768.00
2021/10/25,76.27,79.25,76.06,79.18,869100,155345968.00
2021/10/26,79.49,82.91,76.73,77.81,892800,162741824.00
2021/10/27,77.80,78.07,74.52,76.62,819700,130592608.00
2021/10/28,76.62,77.18,73.40,74.07,666200,110227712.00
2021/10/29,74.51,77.49,71.93,74.07,742900,123769688.00
2021/11/01,76.74,80.29,75.67,78.51,1062000,179528192.00
2021/11/02,79.40,79.40,74.96,75.84,467200,82185656.00
2021/11/03,76.29,77.38,74.84,75.86,309200,53857188.00
2021/11/04,75.84,78.07,75.79,76.24,416200,73173928.00
2021/11/05,76.24,76.68,74.51,75.71,992700,148075584.00
2021/11/08,76.11,79.62,74.96,79.62,1383600,220229824.00
2021/11/09,80.24,80.73,78.36,79.63,964200,154934048.00
2021/11/10,79.40,79.78,78.07,79.35,717700,113076976.00
2021/11/11,79.84,80.28,78.44,79.35,851900,139685152.00
2021/11/12,79.40,83.49,79.40,82.01,1431200,254154944.00
2021/11/15,86.46,86.55,73.57,74.81,3826900,692725376.00
2021/11/16,73.38,77.07,67.40,75.84,2201700,368480512.00
2021/11/17,74.66,78.46,74.51,77.84,1140300,190902864.00
2021/11/18,79.29,79.75,74.98,75.84,871300,150491104.00
2021/11/19,75.40,75.40,70.29,72.73,1573100,257093936.00
2021/11/22,72.51,75.93,70.75,75.85,1508000,250425648.00
2021/11/23,76.66,80.58,75.85,79.20,2065200,363990944.00
2021/11/24,78.07,80.87,77.63,78.85,1566200,284265312.00
2021/11/25,78.96,80.53,77.21,78.07,1000300,180828416.00
2021/11/26,78.07,80.07,77.27,77.67,1001100,180173568.00
2021/11/29,74.56,79.22,74.52,76.29,1176000,208797568.00
2021/11/30,77.11,77.60,73.78,74.07,894800,154034688.00
2021/12/01,73.93,74.00,72.20,72.43,1049200,162443568.00
2021/12/02,72.30,72.69,70.02,70.02,747500,122747560.00
2021/12/03,70.71,70.86,67.88,68.47,884100,139635856.00
2021/12/06,67.87,69.53,62.37,62.65,1354200,201687104.00
2021/12/07,63.24,64.16,58.51,63.18,1354200,191261984.00
2021/12/08,62.96,68.51,62.96,68.42,1911900,266755424.00
2021/12/09,68.29,72.14,67.24,69.87,1477900,216499504.00
2021/12/10,69.04,70.06,67.36,69.71,824900,114838640.00
2021/12/13,71.40,71.40,68.42,69.82,923000,133786448.00
2021/12/14,69.62,70.02,67.84,68.95,675500,96508552.00
2021/12/15,68.95,68.95,65.27,66.21,692300,106701752.00
2021/12/16,66.30,66.30,62.07,63.41,1003600,146319152.00
2021/12/17,62.29,65.49,62.29,64.96,1016100,135141696.00
2021/12/20,64.29,64.29,62.23,62.73,399600,58025296.00
2021/12/21,62.07,62.96,59.29,61.00,935600,119021392.00
2021/12/22,60.73,60.73,58.98,59.40,903400,111972840.00
2021/12/23,59.79,59.84,56.32,56.67,1371300,171989648.00
2021/12/24,56.67,57.02,53.62,54.04,1703300,216460976.00
2021/12/27,55.22,58.76,54.51,57.68,2158600,254989296.00
2021/12/28,57.89,60.72,57.88,60.53,1793200,206034928.00
2021/12/29,61.09,65.30,60.53,65.19,2474800,310542144.00
2021/12/30,65.40,65.49,62.12,64.60,1666900,210547904.00
2021/12/31,64.30,66.33,62.51,64.30,1624700,209302384.00
2022/01/04,65.26,65.91,64.29,65.21,1964300,266670352.00
2022/01/05,65.17,65.17,60.84,61.58,584500,83443792.00
2022/01/06,60.74,62.83,59.00,61.75,1273500,156146784.00
2022/01/07,61.62,62.26,59.44,59.44,580700,80880088.00
2022/01/10,58.56,60.82,58.55,59.79,1094086,130838960.00
2022/01/11,61.40,63.17,61.18,62.29,2040763,262243584.00
2022/01/12,63.17,63.17,60.82,62.60,727550,104551920.00
2022/01/13,62.60,63.40,58.96,60.24,610995,85307752.00
2022/01/14,58.76,59.83,58.52,59.22,796385,108814312.00
2022/01/17,58.73,61.58,58.07,60.58,745748,102683456.00
2022/01/18,59.98,60.73,58.96,60.14,559109,77040752.00
2022/01/19,59.49,60.15,56.73,57.03,442343,58871076.00
2022/01/20,56.71,57.56,54.54,55.21,498514,63851152.00
2022/01/21,55.17,55.17,53.62,54.75,801398,100337352.00
2022/01/24,54.07,57.18,52.88,57.08,741642,95002384.00
2022/01/25,56.29,57.04,54.51,54.51,290886,37603216.00
2022/01/26,54.16,56.55,54.16,55.39,497643,64232844.00
2022/01/27,55.58,56.53,54.51,54.67,262527,33333018.00
2022/01/28,54.67,56.72,52.42,55.84,584574,73820160.00
2022/02/07,56.73,56.96,55.88,56.21,238944,31167394.00
2022/02/08,56.21,56.21,53.04,55.27,361848,45607912.00
2022/02/09,54.96,55.35,54.12,55.16,401172,50728932.00
2022/02/10,55.00,55.09,52.24,52.29,306753,37790928.00
2022/02/11,52.24,52.70,47.89,48.51,869059,96723608.00
2022/02/14,48.47,48.47,43.75,44.24,1029993,109671552.00
2022/02/15,44.51,46.04,43.80,45.56,939155,98538000.00
2022/02/16,46.01,46.90,44.36,45.05,486334,51174336.00
2022/02/17,46.07,51.48,46.07,49.18,1151113,133095800.00
2022/02/18,49.17,49.17,47.40,48.28,496102,55597256.00
2022/02/21,50.51,50.56,47.91,48.65,538765,61430312.00
2022/02/22,47.45,49.06,47.13,47.40,492503,54675908.00
2022/02/23,46.76,50.02,46.76,49.84,920033,104549232.00
2022/02/24,49.40,50.51,47.00,48.20,647779,73109432.00
2022/02/25,49.41,50.51,48.64,49.32,309339,35576268.00
2022/02/28,48.41,49.86,48.16,49.46,349400,39983904.00
2022/03/01,50.73,52.68,49.78,52.07,817032,97498440.00
2022/03/02,52.68,52.68,50.51,52.29,255575,30466460.00
2022/03/03,53.18,53.53,50.73,50.76,349680,41833344.00
2022/03/04,49.97,50.49,48.38,48.87,420358,48129692.00
2022/03/07,49.08,49.17,45.62,46.50,513516,55993092.00
2022/03/08,46.28,46.58,42.95,42.98,637961,66120784.00
2022/03/09,44.29,44.36,40.51,42.99,691926,67596760.00
2022/03/10,46.06,46.32,44.36,45.16,459841,48572456.00
2022/03/11,43.84,45.20,43.09,44.88,369330,38222040.00
2022/03/14,44.07,44.43,42.07,43.07,347734,35007824.00
2022/03/15,41.87,42.94,40.80,41.64,451015,44312572.00
2022/03/16,42.17,43.04,39.67,42.79,947058,87998840.00
2022/03/17,44.51,47.12,43.89,45.17,1003483,105092264.00
2022/03/18,44.68,46.58,43.90,46.07,718156,75346712.00
2022/03/21,46.05,46.78,45.47,46.29,542158,57651268.00
2022/03/22,46.06,47.84,44.08,47.22,561728,59573908.00
2022/03/23,47.08,48.23,45.84,46.07,369379,40021400.00
2022/03/24,45.62,46.62,44.80,46.24,275253,28877486.00
2022/03/25,46.24,46.38,43.27,43.51,382077,39127696.00
2022/03/28,43.40,44.03,41.48,41.85,415818,40582140.00
2022/03/29,42.69,43.36,41.63,42.42,440240,43406628.00
2022/03/30,41.22,45.03,41.22,44.73,526812,53443412.00
2022/03/31,45.20,45.71,43.06,44.06,515322,52412196.00
2022/04/01,43.76,44.50,43.00,43.62,300931,30658202.00
2022/04/06,43.62,44.28,42.96,43.19,337689,33396096.00
2022/04/07,43.19,43.19,41.53,41.84,286031,28084348.00
2022/04/08,41.56,42.06,40.15,41.35,319063,30260416.00
2022/04/11,41.17,41.17,38.10,39.07,588832,53405000.00
2022/04/12,38.52,39.59,38.43,39.09,692270,61940472.00
2022/04/13,38.16,38.80,37.24,37.67,565066,49303936.00
2022/04/14,38.27,38.28,35.67,35.67,901456,75960048.00
2022/04/15,35.40,35.40,33.53,33.57,892804,70756936.00
2022/04/18,34.16,39.48,33.85,39.26,1367584,119359232.00
2022/04/19,38.51,38.91,37.20,37.62,434639,38143164.00
2022/04/20,37.80,37.80,36.02,36.91,382739,32912530.00
2022/04/21,37.13,37.13,35.18,35.60,358423,29558832.00
2022/04/22,34.94,36.39,34.51,35.73,545719,45022404.00
2022/04/25,35.40,35.40,32.45,33.18,539114,41985676.00
2022/04/26,33.80,34.28,31.60,31.60,734273,56066764.00
2022/04/27,30.58,34.91,30.07,34.54,1087681,83439464.00
2022/04/28,34.07,35.18,33.18,33.80,410287,32790008.00
2022/04/29,34.08,36.96,34.08,36.96,686404,57672384.00
2022/05/05,37.40,39.90,36.00,38.73,795039,47508896.00
2022/05/06,37.67,39.87,36.01,38.96,625958,37537792.00
2022/05/09,38.59,39.99,38.38,39.45,648046,39376416.00
2022/05/10,38.35,40.67,38.35,40.61,721695,44752084.00
2022/05/11,40.99,43.20,40.67,41.07,762518,50118388.00
2022/05/12,40.74,41.33,39.52,40.55,550370,34543172.00
2022/05/13,40.34,42.57,40.34,41.91,529802,34394748.00
2022/05/16,41.99,42.99,41.85,42.25,538678,35312972.00
2022/05/17,42.49,43.85,41.75,43.72,610218,40790096.00
2022/05/18,43.90,44.32,43.11,44.07,373312,25314202.00
2022/05/19,43.27,44.27,42.87,43.89,282569,19070810.00
2022/05/20,43.04,44.32,43.04,43.20,487707,32805926.00
2022/05/23,43.60,44.28,43.03,43.53,264137,17847306.00
2022/05/24,43.71,43.78,40.59,41.00,1070028,69004888.00
2022/05/25,40.99,41.27,38.88,39.45,858551,52578004.00
2022/05/26,40.13,40.22,37.32,39.13,689425,41445736.00
2022/05/27,39.17,41.36,39.07,39.51,469238,29287656.00
2022/05/30,40.24,43.11,40.00,42.20,990652,64291380.00
2022/05/31,42.67,43.25,42.67,43.08,465408,30933078.00
2022/06/01,43.54,44.59,43.01,43.77,680716,46113596.00
2022/06/02,43.91,45.53,43.65,45.45,870906,60604204.00
2022/06/06,46.33,49.33,46.33,47.73,839209,61773228.00
2022/06/07,46.87,48.20,46.01,47.01,699304,50735456.00
2022/06/08,46.47,48.30,46.19,48.05,933659,68386840.00
2022/06/09,48.90,49.93,47.33,48.89,710454,53683092.00
2022/06/10,48.67,49.29,47.01,48.98,382997,28784086.00
2022/06/13,48.54,49.10,47.34,47.99,534050,39531764.00
2022/06/14,47.33,47.33,46.23,47.19,520867,37649608.00
2022/06/15,47.33,48.37,47.33,47.33,460284,34006828.00
2022/06/16,47.89,48.50,47.49,48.00,511279,37924152.00
2022/06/17,48.60,51.25,47.71,50.80,1515731,117329592.00
2022/06/20,51.79,55.74,51.47,55.44,1965835,163985072.00
2022/06/21,55.40,55.40,53.45,53.87,864964,72223288.00
2022/06/22,54.35,55.47,53.33,53.65,660463,55389704.00
2022/06/23,54.57,55.19,53.47,55.10,755879,63424512.00
2022/06/24,55.50,57.99,54.00,57.07,1095781,93833560.00
2022/06/27,58.00,58.56,57.55,58.52,1029037,91719224.00
2022/06/28,58.49,58.79,56.59,58.00,927941,82494712.00
2022/06/29,57.01,57.92,54.67,54.69,920191,79224736.00
2022/06/30,54.07,55.33,52.85,53.79,942427,78443976.00
2022/07/01,53.49,55.32,53.37,53.85,382074,31740260.00
2022/07/04,53.85,54.17,52.32,53.99,866130,70692608.00
2022/07/05,53.92,55.91,53.37,54.33,447187,37444172.00
2022/07/06,53.78,54.51,52.87,53.20,315279,26036006.00
2022/07/07,53.33,54.67,51.53,53.99,533235,43789580.00
2022/07/08,54.87,54.88,51.88,52.05,691206,55722344.00
2022/07/11,51.67,52.67,49.00,49.34,840246,64363872.00
2022/07/12,48.73,49.77,47.47,47.64,636323,47603580.00
2022/07/13,47.01,49.73,46.47,47.67,1027754,75537856.00
2022/07/14,47.32,48.65,46.87,48.41,998050,73702736.00
2022/07/15,48.00,48.41,46.45,46.93,706507,51491684.00
2022/07/18,46.87,48.33,45.54,48.00,1039883,74590128.00
2022/07/19,47.91,49.01,47.01,47.94,963035,71288256.00
2022/07/20,47.80,48.19,47.07,47.89,382715,28162464.00
2022/07/21,45.35,46.25,43.15,45.59,3658980,253671344.00
2022/07/22,45.00,45.17,44.35,44.69,2030010,139929392.00
2022/07/25,44.48,44.64,42.53,43.23,1217454,81274392.00
2022/07/26,43.31,45.13,42.91,44.59,802796,55028884.00
2022/07/27,45.26,45.83,44.43,45.45,601028,41485832.00
2022/07/28,46.00,46.00,43.63,44.22,800072,54600672.00
2022/07/29,43.70,44.65,42.66,42.67,796260,53306544.00
2022/08/01,43.03,43.03,41.17,42.30,1010112,65519560.00
2022/08/02,41.98,41.98,40.48,40.66,1221195,77217144.00
2022/08/03,40.37,41.85,39.40,39.59,1058405,66608636.00
2022/08/04,40.33,40.52,39.37,39.87,515387,31758778.00
2022/08/05,39.85,41.23,39.85,41.13,587494,36954628.00
2022/08/08,41.13,44.16,40.67,42.59,1145629,76040184.00
2022/08/09,42.67,44.00,42.59,43.93,590944,39970224.00
2022/08/10,44.13,45.00,43.13,44.07,509478,34744572.00
2022/08/11,44.56,44.79,43.33,44.56,620157,42283936.00
2022/08/12,44.53,44.53,42.13,42.27,963064,64434700.00
2022/08/15,42.13,43.97,42.05,43.97,485169,32546158.00
2022/08/16,43.44,44.67,43.44,44.18,902117,61866872.00
2022/08/17,44.18,44.50,43.33,44.33,450372,30219598.00
2022/08/18,44.37,44.65,43.00,43.77,735591,49930100.00
2022/08/19,43.38,43.66,41.92,42.20,870401,57452412.00
2022/08/22,42.20,43.01,41.87,43.01,416374,27467538.00
2022/08/23,43.33,43.73,42.11,42.12,576269,37995344.00
2022/08/24,42.23,42.52,38.67,41.20,1341947,82962008.00
2022/08/25,40.20,40.78,39.08,40.27,513804,31923748.00
2022/08/26,40.37,41.33,39.53,40.31,493165,30852212.00
2022/08/29,39.33,40.31,39.01,39.85,555302,34030972.00
2022/08/30,39.47,39.96,39.20,39.33,431547,26441510.00
2022/08/31,39.00,39.44,38.67,38.83,327555,19761662.00
2022/09/01,38.83,39.22,38.25,38.27,356422,21417100.00
2022/09/02,38.65,39.13,37.88,39.13,523103,31121730.00
2022/09/05,40.87,41.19,38.22,39.00,1098014,66012648.00
2022/09/06,38.99,39.33,38.01,38.46,925597,55168776.00
2022/09/07,38.41,39.45,37.67,38.52,794989,47497392.00
2022/09/08,38.38,38.66,37.57,37.73,435729,25668620.00
2022/09/09,37.97,37.97,36.97,37.66,835865,48675472.00
2022/09/13,37.93,38.09,36.17,36.99,921352,52873360.00
2022/09/14,36.33,36.55,35.20,35.67,1230907,68227760.00
2022/09/15,35.64,35.65,33.91,34.13,908755,48730608.00
2022/09/16,33.89,34.20,32.67,33.19,1607104,83242272.00
2022/09/19,32.72,33.32,32.21,32.77,924612,47415020.00
2022/09/20,33.05,34.13,32.90,33.19,996562,51453560.00
2022/09/21,32.93,34.67,32.10,33.45,1855754,97115592.00
2022/09/22,33.32,34.13,33.13,33.35,752150,39350156.00
2022/09/23,33.30,33.33,31.71,32.87,1329838,67367576.00
2022/09/26,32.12,32.99,32.11,32.52,701560,35570172.00
2022/09/27,32.46,32.65,31.72,32.34,797962,40018384.00
2022/09/28,32.50,32.66,29.73,30.67,1151243,56344848.00
2022/09/29,31.73,31.73,30.33,30.71,957301,46228180.00
2022/09/30,30.65,30.90,29.92,29.99,649952,30783006.00
2022/10/10,29.53,29.99,28.51,28.52,985869,44792664.00
2022/10/11,28.65,29.05,27.80,28.21,1240523,54990792.00
2022/10/12,28.05,28.67,26.53,28.67,1621752,69907312.00
2022/10/13,28.33,29.12,28.00,28.51,711900,32137214.00
2022/10/14,28.54,30.00,28.28,29.73,1554257,72901176.00
2022/10/17,29.64,29.64,28.67,29.07,791421,36023084.00
2022/10/18,29.07,29.87,29.07,29.79,804810,37103936.00
2022/10/19,29.80,31.23,29.38,30.67,1299971,62539572.00
2022/10/20,30.33,30.51,29.27,29.66,842050,39435544.00
2022/10/21,29.67,30.70,29.45,30.70,796652,37821928.00
2022/10/24,30.37,31.17,29.64,29.92,801855,38130804.00
2022/10/25,29.67,29.93,28.84,29.93,514661,23766696.00
2022/10/26,29.94,30.23,28.59,28.66,1092986,50276084.00
2022/10/27,27.26,28.37,27.13,27.22,1569196,67965224.00
2022/10/28,27.22,27.33,26.25,26.61,681707,28614788.00
2022/10/31,26.39,27.35,26.39,27.33,487470,20596182.00
2022/11/01,27.46,28.12,27.46,27.79,771342,33673340.00
2022/11/02,27.48,28.77,27.39,28.07,947871,41913252.00
2022/11/03,27.79,28.25,27.52,27.81,550041,24079000.00
2022/11/04,27.81,29.34,27.81,29.34,1492182,67813176.00
2022/11/07,29.90,31.73,29.53,31.01,2374272,115746056.00
2022/11/08,31.13,32.33,31.05,31.53,1381945,68379424.00
2022/11/09,31.51,31.51,30.59,30.72,981798,47419552.00
2022/11/10,30.40,30.40,29.44,29.88,850193,39667268.00
2022/11/11,30.67,31.25,30.05,30.11,990719,47384024.00
2022/11/14,30.41,30.93,29.54,29.67,868906,41874172.00
2022/11/15,29.52,30.51,29.41,30.51,908651,42981988.00
2022/11/16,30.67,31.18,30.29,30.59,967765,46644116.00
2022/11/17,30.57,30.57,29.93,30.44,511635,24123834.00
2022/11/18,30.52,30.80,30.21,30.63,791212,37902108.00
2022/11/21,31.33,31.85,30.71,31.41,1597649,78838456.00
2022/11/22,31.07,31.40,30.21,30.21,831616,40001280.00
2022/11/23,30.25,30.33,29.58,29.87,671941,31446390.00
2022/11/24,29.57,30.20,29.57,29.87,482147,22623026.00
2022/11/25,29.99,30.11,29.21,29.33,657937,30498018.00
2022/11/28,29.07,29.07,27.55,28.13,709488,31491640.00
2022/11/29,28.01,28.53,27.80,28.37,559273,24793572.00
2022/11/30,28.39,29.00,28.34,28.59,506783,22744020.00
2022/12/01,29.27,29.33,28.50,28.60,871322,39618772.00
2022/12/02,28.37,29.03,28.37,28.68,518572,23329898.00
2022/12/05,28.67,28.83,28.13,28.29,827131,36797004.00
2022/12/06,28.39,28.40,27.92,27.99,770336,33938036.00
2022/12/07,27.93,28.69,27.68,28.27,588407,25849764.00
2022/12/08,28.32,28.61,27.80,28.45,681809,30232500.00
2022/12/09,28.43,28.53,28.00,28.49,481937,21460160.00
2022/12/12,28.52,28.53,27.91,28.11,419949,18545012.00
2022/12/13,28.25,28.27,27.87,27.90,484750,21328594.00
2022/12/14,27.68,28.27,27.68,28.07,229882,10114240.00
2022/12/15,27.90,28.85,27.90,28.80,536537,23971980.00
2022/12/16,28.63,28.63,28.27,28.44,295487,13178785.00
2022/12/19,28.13,28.73,28.08,28.15,268411,11932603.00
2022/12/20,27.89,28.20,27.59,28.13,221966,9714835.00
2022/12/21,28.00,28.49,27.91,28.07,165054,7291415.50
2022/12/22,28.33,28.33,27.53,27.86,311132,13580053.00
2022/12/23,27.55,27.75,27.01,27.20,359754,15472284.00
2022/12/26,27.15,27.47,26.94,27.19,386060,16544169.00
2022/12/27,27.57,27.57,26.84,27.23,320479,13641784.00
2022/12/28,27.15,27.16,26.59,26.60,264457,11130740.00
2022/12/29,26.60,26.86,26.32,26.32,338969,14139248.00
2022/12/30,26.45,26.73,26.31,26.42,231749,9665921.00
2023/01/03,26.38,26.53,25.89,26.40,324318,13409089.00
2023/01/04,26.07,26.52,25.92,26.19,482224,19833428.00
2023/01/05,26.32,26.72,25.79,26.68,844226,34876284.00
2023/01/06,26.59,27.00,26.33,26.83,536660,22654608.00
2023/01/09,26.87,27.23,26.67,26.99,306178,13015660.00
2023/01/10,26.98,27.65,26.87,27.53,406399,17428658.00
2023/01/11,27.24,27.90,26.93,26.99,403302,17402480.00
2023/01/12,27.07,27.75,27.07,27.47,515233,22277578.00
2023/01/13,27.27,28.67,27.27,28.47,947800,41926452.00
2023/01/16,28.66,29.40,28.15,29.40,602835,27434072.00
2023/01/17,29.40,29.78,28.80,29.37,677685,31217118.00
2023/01/18,29.53,30.43,29.09,30.21,714170,33706812.00
2023/01/19,30.21,30.65,30.01,30.53,587177,27941536.00
2023/01/20,30.61,30.79,29.92,30.59,587511,27953820.00
2023/01/30,31.20,31.87,30.02,30.23,1209275,58799324.00
2023/01/31,31.00,33.81,30.53,33.50,1936685,97300408.00
2023/02/01,33.67,36.19,32.67,34.60,2081898,112217192.00
2023/02/02,34.60,34.60,33.01,33.23,1189948,62680604.00
2023/02/03,33.37,33.40,32.47,32.86,859398,44106368.00
2023/02/06,32.20,32.81,32.13,32.14,546009,27562720.00
2023/02/07,32.23,33.33,32.04,32.75,491946,25191386.00
2023/02/08,33.49,33.49,32.37,33.26,436020,22486456.00
2023/02/09,33.28,33.57,33.02,33.52,359075,18669652.00
2023/02/10,33.79,34.15,33.26,33.55,488310,25616794.00
2023/02/13,34.00,36.06,33.92,34.01,1287375,70007448.00
2023/02/14,33.80,34.64,33.45,34.01,547980,29159756.00
2023/02/15,34.27,35.26,34.08,34.13,826269,44450016.00
2023/02/16,34.39,34.39,32.30,32.67,1166463,60889904.00
2023/02/17,32.56,32.98,31.33,31.52,857580,42738120.00
2023/02/20,31.59,31.98,31.45,31.69,607480,30067802.00
2023/02/21,31.75,32.13,31.45,31.57,492182,24407648.00
2023/02/22,31.33,31.33,30.65,30.73,1048616,50709296.00
2023/02/23,30.73,30.73,30.27,30.36,486435,23143188.00
2023/02/24,30.27,30.72,29.99,30.72,343904,16284091.00
2023/02/27,30.53,31.27,30.53,30.95,377787,18261642.00
2023/02/28,31.23,31.49,30.87,31.47,505620,24722602.00
2023/03/01,31.24,31.47,31.12,31.29,426873,20826086.00
2023/03/02,31.33,31.43,30.53,30.87,596266,28852190.00
2023/03/03,29.33,29.81,28.67,29.43,1286769,59026592.00
2023/03/06,29.33,29.39,28.67,29.07,770494,35090180.00
2023/03/07,29.03,29.07,28.81,28.83,256624,11645773.00
2023/03/08,28.75,28.75,27.94,27.97,1067445,47284484.00
2023/03/09,27.87,28.39,27.87,28.11,439389,19387582.00
2023/03/10,28.25,28.25,27.55,27.87,335088,14643187.00
2023/03/13,27.63,27.73,27.33,27.44,502623,21765028.00
2023/03/14,27.38,27.47,25.99,26.63,996661,41753764.00
2023/03/15,26.80,27.05,26.45,26.70,512722,21597710.00
2023/03/16,26.66,26.75,26.40,26.40,383230,16010334.00
2023/03/17,26.54,26.64,26.30,26.30,462131,19227912.00
2023/03/20,26.40,26.73,26.31,26.62,669130,27978304.00
2023/03/21,26.66,28.13,26.66,27.73,849494,36939524.00
2023/03/22,27.75,28.72,27.75,28.27,795397,35440728.00
2023/03/23,28.00,28.00,27.53,27.57,612830,26627682.00
2023/03/24,27.80,27.91,27.32,27.67,497814,21551026.00
2023/03/27,27.47,27.65,27.17,27.23,482388,20758882.00
2023/03/28,27.20,27.51,26.85,27.19,288535,12330788.00
2023/03/29,26.91,27.33,26.91,27.19,303919,12990324.00
2023/03/30,27.29,27.29,26.84,27.17,356799,15132940.00
2023/03/31,27.21,27.99,27.18,27.79,405835,17673198.00
2023/04/03,27.73,27.93,27.53,27.53,446880,19413310.00
2023/04/04,27.47,27.67,26.85,26.90,451449,19281462.00
2023/04/06,26.93,26.99,26.47,26.57,425767,17861298.00
2023/04/07,26.58,26.93,26.57,26.90,346622,14595327.00
2023/04/10,26.97,27.67,26.84,27.65,611833,26138144.00
2023/04/11,27.57,28.00,27.37,27.48,428289,18652116.00
2023/04/12,27.61,27.61,27.07,27.33,509458,21866420.00
2023/04/13,27.31,27.33,26.67,26.99,488022,20673350.00
2023/04/14,27.03,27.77,26.91,27.39,430146,18542310.00
2023/04/17,27.69,28.30,27.67,28.18,1123845,49596744.00
2023/04/18,28.18,28.53,27.93,28.37,546247,24268766.00
2023/04/19,28.21,28.33,27.67,27.73,700032,30648584.00
2023/04/20,27.91,28.00,26.80,27.15,562286,24087022.00
2023/04/21,27.07,27.59,27.07,27.27,475653,20499862.00
2023/04/24,27.27,27.53,26.77,26.80,351135,14910610.00
2023/04/25,26.87,26.87,25.42,25.53,903426,36826312.00
2023/04/26,25.67,27.33,25.61,26.72,796275,33353646.00
2023/04/27,26.91,26.97,26.20,26.36,480588,20036548.00
2023/04/28,26.33,26.86,26.20,26.28,463356,18693006.00
2023/05/04,26.01,26.30,25.13,25.26,1056265,42507192.00
2023/05/05,25.26,25.99,25.26,25.53,487804,19706684.00
2023/05/08,25.66,26.59,25.61,26.57,671332,27682962.00
2023/05/09,26.67,26.86,25.98,26.31,601854,25040232.00
2023/05/10,26.37,26.73,26.05,26.39,277999,11564986.00
2023/05/11,26.41,27.48,26.21,27.27,826750,35132812.00
2023/05/12,27.11,27.50,26.73,27.19,536922,22931270.00
2023/05/15,27.08,27.60,27.00,27.20,685214,29563766.00
2023/05/16,27.23,27.65,26.85,26.85,502675,21567382.00
2023/05/17,26.93,27.51,26.85,26.99,581537,24818342.00
2023/05/18,27.00,27.27,26.59,26.82,469264,19802920.00
2023/05/19,26.70,26.80,26.67,26.79,536361,22576188.00
2023/05/22,26.90,27.18,26.61,26.74,862086,24156472.00
2023/05/23,26.76,27.14,26.21,26.43,676121,18868364.00
2023/05/24,26.40,26.40,25.95,26.05,434779,11850520.00
2023/05/25,26.05,26.35,25.90,25.95,464302,12987631.00
2023/05/26,26.11,26.69,25.93,26.34,618215,16889646.00
2023/05/29,26.10,26.33,25.96,26.04,511963,13931461.00
2023/05/30,26.05,26.29,26.01,26.05,449487,12236425.00
2023/05/31,26.14,26.20,24.89,25.38,1350300,35787868.00
2023/06/01,25.41,25.49,25.11,25.26,523949,13821652.00
2023/06/02,25.28,25.62,25.17,25.56,504196,13410840.00
2023/06/05,25.57,25.59,24.95,25.02,723692,18979286.00
2023/06/06,25.02,25.06,23.80,24.09,1230255,31177860.00
2023/06/07,24.10,24.35,23.27,23.39,1082362,26677286.00
2023/06/08,23.40,23.41,22.73,22.84,1036841,24937106.00
2023/06/09,22.85,23.41,22.85,23.13,678179,16426601.00
2023/06/12,23.08,23.08,22.27,22.44,1099166,25888368.00
2023/06/13,22.46,22.71,21.80,21.88,1979787,46002844.00
2023/06/14,21.90,21.98,21.76,21.81,807773,18528938.00
2023/06/15,21.71,23.63,21.70,23.41,1915793,45868032.00
2023/06/16,23.41,24.28,23.16,23.83,1077528,27018772.00
2023/06/19,23.51,23.79,23.13,23.27,843956,20589270.00
2023/06/20,23.29,23.72,23.15,23.27,623809,15374733.00
2023/06/21,23.29,24.05,23.20,23.92,1069745,26699160.00
2023/06/26,23.90,24.57,23.67,23.94,907648,22909752.00
2023/06/27,23.91,23.91,23.21,23.52,803742,19717542.00
2023/06/28,23.50,23.50,22.91,22.94,784133,18967126.00
2023/06/29,22.96,23.03,22.52,22.77,988078,23653294.00
2023/06/30,22.70,23.40,22.54,23.20,1808960,43761152.00
2023/07/03,23.20,23.40,22.90,22.90,906878,21921192.00
2023/07/04,22.82,23.08,22.82,22.91,394736,9495601.00
2023/07/05,22.90,22.90,22.42,22.55,771802,18299106.00
2023/07/06,22.58,22.58,21.85,21.92,1372379,31845016.00
2023/07/07,22.00,22.02,21.48,21.80,1129148,25701880.00
2023/07/10,21.71,22.19,21.71,21.92,734160,16932106.00
2023/07/11,21.92,21.92,21.55,21.62,1027107,23332004.00
2023/07/12,21.65,21.65,21.25,21.40,962072,21713446.00
2023/07/13,21.40,21.80,21.40,21.59,838674,19070818.00
2023/07/14,21.59,21.90,21.57,21.85,681467,15604360.00
2023/07/17,21.88,22.18,21.60,21.94,571162,13134344.00
2023/07/18,21.94,22.20,21.81,21.96,452554,10486501.00
2023/07/19,21.96,22.08,21.80,21.86,430135,9884991.00
2023/07/20,21.86,22.05,21.74,21.76,382144,8775484.00
2023/07/21,21.77,21.95,21.67,21.69,518086,11852296.00
2023/07/24,21.70,21.79,21.41,21.46,537729,12178505.00
2023/07/25,21.58,22.11,21.58,21.78,856335,19685362.00
2023/07/26,21.89,21.89,21.42,21.52,530731,12008247.00
2023/07/27,21.53,21.69,21.33,21.33,713592,16099870.00
2023/07/28,21.34,21.40,20.87,21.34,592929,13208517.00
2023/07/31,21.52,22.05,21.41,21.80,614936,14097281.00
2023/08/01,22.00,22.08,21.63,22.05,654458,15015542.00
2023/08/02,22.00,22.04,21.86,21.95,483623,11138257.00
2023/08/03,22.08,22.09,21.90,22.03,273294,6319772.00
2023/08/04,22.04,22.81,22.04,22.66,980555,23180810.00
2023/08/07,22.64,22.74,22.17,22.31,954119,22438956.00
2023/08/08,22.15,22.18,21.55,21.90,721325,16591047.00
2023/08/09,21.70,21.90,21.44,21.54,431652,9776500.00
2023/08/10,21.40,21.75,21.40,21.63,280271,6373950.50
2023/08/11,21.51,21.76,21.35,21.39,587937,13258278.00
2023/08/14,21.40,21.40,21.00,21.15,402599,8940022.00
2023/08/15,21.15,21.40,20.90,21.38,292525,6502047.00
2023/08/16,21.22,21.27,21.03,21.06,327587,7279600.00
2023/08/17,21.00,21.45,21.00,21.29,347870,7786032.50
2023/08/18,21.19,21.54,21.19,21.19,502100,11281437.00
2023/08/21,21.27,21.43,21.01,21.08,374135,8348158.50
2023/08/22,21.21,21.24,20.58,21.02,584765,12865490.00
2023/08/23,20.91,20.97,20.65,20.66,384192,8392211.00
2023/08/24,20.66,20.72,19.75,19.82,1150219,24363050.00
2023/08/25,19.95,20.17,19.76,19.88,915478,19300468.00
2023/08/28,20.95,21.78,20.09,20.15,1052663,23032024.00
2023/08/29,20.36,21.88,20.36,21.62,1959100,44132364.00
2023/08/30,21.80,22.78,21.49,22.48,2255766,52910204.00
2023/08/31,22.71,22.72,22.08,22.31,1239228,29029306.00
2023/09/01,22.40,23.04,22.29,22.80,1441396,34287480.00
2023/09/04,23.52,24.53,23.40,23.73,3984259,99748448.00
2023/09/05,23.74,23.90,23.06,23.15,1492423,36376156.00
2023/09/06,23.11,24.00,22.83,23.57,1301288,31976454.00
2023/09/07,23.50,23.78,22.90,22.90,1474119,35881172.00
2023/09/08,23.09,23.09,22.60,22.61,1176080,27961594.00
2023/09/11,22.80,22.80,22.56,22.66,653432,15517225.00
2023/09/12,22.68,22.87,22.60,22.72,544901,13003304.00
2023/09/13,22.72,22.83,21.90,21.91,780068,18304044.00
2023/09/14,21.91,22.60,21.77,21.80,689695,15985373.00
2023/09/15,21.70,22.12,21.70,21.89,449413,10335333.00
2023/09/18,21.90,22.67,21.89,22.28,556137,12989945.00
2023/09/19,22.29,22.43,21.80,21.91,393905,9103412.00
2023/09/20,21.83,21.90,21.25,21.44,478483,10824228.00
2023/09/21,21.44,21.54,21.15,21.19,427141,9570746.00
2023/09/22,21.39,21.51,21.05,21.50,566742,12711148.00
2023/09/25,21.39,22.30,21.32,21.80,699729,15986958.00
2023/09/26,21.80,21.81,21.48,21.62,387393,8806059.00
2023/09/27,21.63,21.84,21.60,21.69,475393,10846258.00
2023/09/28,21.69,21.88,21.59,21.70,386677,8806052.00
2023/10/09,21.75,21.85,21.56,21.57,607304,13857696.00
2023/10/10,21.58,21.67,20.72,20.73,1155722,25662128.00
2023/10/11,20.73,21.20,20.68,20.73,438552,9650227.00
2023/10/12,20.74,21.08,20.74,20.95,597102,13164484.00
2023/10/13,20.85,20.90,20.35,20.44,561721,12209623.00
2023/10/16,20.50,20.57,19.82,19.92,1011786,21296604.00
2023/10/17,19.88,20.08,19.80,19.85,590888,12422465.00
2023/10/18,19.87,19.90,19.49,19.76,833931,17366432.00
2023/10/19,19.62,20.10,19.40,19.42,868327,18033442.00
2023/10/20,19.37,19.80,18.90,19.44,1382712,28350348.00
2023/10/23,19.70,19.92,18.82,18.99,2204703,45055868.00
2023/10/24,18.83,19.55,18.30,19.49,2478826,50099640.00
2023/10/25,19.68,20.30,19.68,20.01,1281198,27178040.00
2023/10/26,20.00,20.00,19.33,19.75,632419,13108576.00
2023/10/27,19.63,21.30,19.63,21.20,2045426,44516988.00
2023/10/30,21.08,22.45,20.71,22.38,1729309,39647212.00
2023/10/31,22.59,22.87,22.08,22.51,2242936,53194356.00
2023/11/01,22.59,22.59,21.78,22.07,1473858,34130592.00
2023/11/02,22.29,22.46,21.90,21.91,770674,17866266.00
2023/11/03,21.91,22.75,21.91,22.72,1098234,25859112.00
2023/11/06,22.79,23.72,22.78,23.52,1289291,31400734.00
2023/11/07,23.40,23.75,23.02,23.35,1064508,26070808.00
2023/11/08,23.13,23.91,23.13,23.29,1523359,37593908.00
2023/11/09,23.40,23.50,22.83,23.30,1151471,27948740.00
2023/11/10,23.07,23.28,22.76,23.02,819519,19784998.00
2023/11/13,23.05,23.85,22.90,23.64,731664,17959334.00
2023/11/14,23.70,24.09,23.42,23.60,954109,23812830.00
2023/11/15,23.62,23.88,23.46,23.72,1027094,25480494.00
2023/11/16,23.55,24.05,22.89,22.89,1112761,27438070.00
2023/11/17,22.80,22.97,22.51,22.63,874334,20785258.00
2023/11/20,22.49,22.84,22.30,22.57,869394,20571686.00
2023/11/21,22.69,24.90,22.60,23.26,4582967,115220824.00
2023/11/22,23.35,24.50,22.92,24.47,9289034,230823744.00
2023/11/23,24.60,25.54,23.10,23.39,9738826,247886640.00
2023/11/24,23.58,24.38,23.33,24.35,9445196,237647904.00
2023/11/27,24.35,27.40,24.35,27.00,23264794,633230016.00
2023/11/28,25.67,27.00,25.43,25.78,13133149,358230944.00
2023/11/29,25.79,26.55,23.90,24.12,10155970,266993376.00
2023/11/30,24.20,24.78,23.30,23.30,5840109,145838096.00
2023/12/01,23.29,23.58,22.21,22.22,5608670,133103824.00
2023/12/04,21.90,22.84,21.42,22.28,3898924,90892240.00
2023/12/05,22.00,23.86,21.94,23.44,6612152,160623600.00
2023/12/06,23.39,24.88,22.90,23.96,8849447,223831552.00
2023/12/07,23.95,24.46,23.40,23.98,5209848,130531032.00
2023/12/08,24.07,24.20,23.34,23.39,4127533,102491640.00
2023/12/11,23.50,23.50,22.24,22.57,3466986,81984272.00
2023/12/12,22.39,22.86,22.29,22.60,2081016,49334820.00
2023/12/13,22.62,23.20,22.41,22.96,3524649,84579528.00
2023/12/14,23.06,23.64,22.78,22.96,3989476,97205808.00
2023/12/15,22.91,23.12,22.22,22.37,3133774,74232264.00
2023/12/18,22.36,22.68,22.24,22.56,2844000,67011776.00
2023/12/19,22.58,22.80,22.23,22.26,2185500,51239772.00
2023/12/20,22.21,22.75,22.21,22.37,2310483,54292496.00
2023/12/21,22.50,23.90,22.35,22.70,7376944,178134688.00
2023/12/22,22.49,22.62,21.62,21.89,5295397,122330792.00
2023/12/25,21.91,22.28,21.64,22.08,3218972,74242120.00
2023/12/26,22.00,22.02,20.65,21.28,4289072,96985560.00
2023/12/27,20.90,21.06,20.26,20.28,3658935,79152592.00
2023/12/28,20.26,21.87,20.03,21.59,5597721,124047112.00
2023/12/29,21.68,22.20,21.37,21.81,3931659,89847440.00
2024/01/02,21.65,21.99,21.42,21.73,2995932,68289864.00
2024/01/03,21.60,22.38,21.51,21.94,3137315,72356848.00
2024/01/04,21.86,22.19,21.68,21.82,1899249,43551292.00
2024/01/05,22.90,24.08,22.26,22.52,9132340,220935056.00
2024/01/08,21.56,22.48,21.41,21.66,4193525,96292984.00
2024/01/09,21.44,21.64,20.40,20.82,3958672,87214520.00
2024/01/10,20.89,21.10,20.54,20.91,2288662,50299408.00
2024/01/11,20.75,21.88,20.75,21.62,3449505,77559488.00
2024/01/12,21.53,21.75,21.01,21.06,2919706,65597932.00
2024/01/15,21.20,21.43,20.55,20.55,2043824,44812928.00
2024/01/16,20.70,21.38,20.24,21.06,3202408,70366752.00
2024/01/17,20.90,21.35,20.54,20.61,1629875,35993752.00
2024/01/18,20.75,20.78,20.11,20.46,2318813,49834756.00
2024/01/19,20.40,20.83,20.40,20.55,2013082,43710760.00
2024/01/22,20.45,20.45,18.70,19.08,3943644,81339680.00
2024/01/23,18.91,19.56,18.88,19.23,1609374,32762552.00
2024/01/24,19.43,19.49,18.57,19.17,1564795,31426948.00
2024/01/25,19.00,20.08,19.00,19.68,2423677,49977700.00
2024/01/26,19.49,19.86,19.13,19.22,1455692,29956736.00
2024/01/29,19.29,19.36,18.41,18.41,1658190,32978330.00
2024/01/30,18.61,18.78,16.72,17.19,3361970,63105648.00
2024/01/31,17.22,17.70,16.77,16.81,2013545,36792368.00
2024/02/01,16.70,16.89,16.30,16.55,2428723,42894616.00
2024/02/02,16.61,16.72,15.13,15.34,3027460,50990276.00
2024/02/05,15.28,15.34,14.12,14.69,2864540,45111804.00
2024/02/06,14.40,16.51,14.27,16.23,3485070,58604608.00
2024/02/07,16.42,17.67,16.42,16.50,3270785,59401884.00
2024/02/08,16.85,17.55,16.35,17.49,3258582,59323584.00
2024/02/19,17.62,17.75,16.91,17.50,2112479,39004952.00
2024/02/20,17.35,17.60,17.10,17.59,1669928,30823706.00
2024/02/21,17.56,18.38,17.24,17.92,2324470,44280624.00
2024/02/22,17.76,18.20,17.58,17.70,2172114,40871988.00
2024/02/23,17.70,17.85,17.59,17.64,1902816,35783224.00
2024/02/26,17.64,17.64,17.22,17.37,2102203,38898096.00
2024/02/27,17.25,18.20,17.08,18.19,4500179,83699064.00
2024/02/28,18.00,19.20,17.70,17.71,5232913,102554368.00
2024/02/29,17.50,18.22,17.46,18.12,3030005,57840200.00
2024/03/01,18.31,18.42,17.98,18.16,2118908,40788208.00
2024/03/04,18.19,18.36,17.95,18.21,2073047,39890116.00
2024/03/05,18.12,18.21,17.52,17.56,1788519,33770184.00
2024/03/06,17.47,18.00,17.41,17.65,1669158,31352166.00
2024/03/07,17.62,17.82,17.33,17.34,1620566,30157396.00
2024/03/08,17.31,17.54,17.17,17.26,1598532,29453332.00
2024/03/11,17.35,19.06,17.35,18.69,5910762,115155192.00
2024/03/12,18.58,18.60,18.21,18.27,2876079,56008644.00
2024/03/13,18.25,18.56,18.03,18.09,1799742,34716004.00
2024/03/14,18.27,18.46,18.02,18.24,2370400,45895360.00
2024/03/15,18.34,18.78,17.88,18.60,3029229,59111960.00
2024/03/18,18.70,18.95,18.51,18.78,2591285,51494292.00
2024/03/19,18.70,18.73,18.44,18.50,1688546,33166008.00
2024/03/20,18.34,18.61,18.32,18.37,1462323,28514244.00
2024/03/21,18.39,18.50,18.09,18.15,1763748,34146508.00
2024/03/22,18.25,18.25,17.60,17.60,2038493,38518512.00
2024/03/25,17.60,17.92,17.21,17.65,2548807,47563736.00
2024/03/26,17.58,18.46,17.43,18.30,2854926,54495816.00
2024/03/27,18.39,19.39,18.21,18.48,4150976,82845368.00
2024/03/28,18.20,18.36,17.80,18.11,3161197,60427640.00
2024/03/29,18.30,18.78,18.20,18.38,2165333,42376888.00
2024/04/01,18.39,18.99,18.36,18.80,2367170,47087840.00
2024/04/02,18.89,19.95,18.70,19.74,5916363,121218856.00
2024/04/03,19.93,20.85,19.41,19.98,6118594,130768384.00
2024/04/08,19.90,19.90,18.66,18.71,4613705,93889744.00
2024/04/09,18.73,20.13,18.73,20.08,5667779,117634456.00
2024/04/10,20.39,21.10,19.50,19.88,7981164,172514800.00
2024/04/11,19.48,19.80,19.02,19.18,4465380,91122176.00
2024/04/12,18.98,19.39,18.70,18.81,3203229,63984272.00
2024/04/15,18.99,19.42,18.45,18.77,3277391,65781328.00
2024/04/16,18.58,18.88,17.71,17.72,3451268,65957256.00
2024/04/17,17.94,18.55,17.94,18.52,2564851,49961716.00
2024/04/18,18.38,18.78,18.00,18.55,2336558,45725712.00
2024/04/19,18.39,18.39,17.85,18.16,2042645,39195616.00
2024/04/22,17.97,18.48,17.68,18.24,1980065,37720196.00
2024/04/23,18.06,18.28,17.94,18.16,1207966,23219522.00
2024/04/24,18.18,18.30,17.93,18.21,1423421,27409476.00
2024/04/25,18.20,18.48,18.00,18.05,1226371,23657274.00
2024/04/26,18.05,18.14,17.35,17.89,3391648,63757752.00
2024/04/29,18.04,18.55,17.85,18.29,2465143,47683436.00
2024/04/30,18.20,18.46,17.85,18.17,2177539,41696804.00
2024/05/06,19.10,19.48,18.61,18.76,3243723,65298684.00
2024/05/07,18.59,18.69,18.29,18.35,2230242,43488032.00
2024/05/08,18.35,18.57,18.14,18.15,1444790,28065612.00
2024/05/09,18.31,19.10,18.31,18.90,4632107,92594512.00
2024/05/10,18.60,18.75,18.55,18.66,1909037,37625176.00
2024/05/13,18.46,18.46,18.18,18.19,1766346,34236800.00
2024/05/14,18.16,18.40,18.16,18.18,1162738,22473906.00
2024/05/15,18.18,18.31,18.00,18.12,1181396,22723730.00
2024/05/16,18.15,18.23,18.08,18.14,895728,17228066.00
2024/05/17,18.15,18.17,18.02,18.17,1037226,19913890.00
2024/05/20,18.41,18.41,18.05,18.09,1402718,26481186.00
2024/05/21,18.08,18.10,17.52,17.74,1552662,28602714.00
2024/05/22,17.75,18.01,17.75,17.86,1063227,19756480.00
2024/05/23,17.86,18.35,17.48,18.10,2779001,52160644.00
2024/05/24,18.09,18.09,17.63,17.63,1043302,19376222.00
2024/05/27,17.55,17.82,17.50,17.65,970451,17831340.00
2024/05/28,17.66,17.77,17.51,17.53,944433,17274960.00
2024/05/29,17.51,17.77,17.51,17.64,1284541,23542480.00
2024/05/30,17.64,17.74,17.31,17.36,1133790,20666214.00
2024/05/31,17.38,17.53,17.00,17.02,1623478,29001994.00
2024/06/03,17.02,17.02,16.56,16.75,1710323,29798370.00
2024/06/04,16.74,16.95,16.62,16.85,1174673,20515456.00
2024/06/05,17.09,17.37,17.03,17.07,1382785,24736206.00
2024/06/06,16.90,17.18,16.41,16.96,2586957,45341420.00
2024/06/07,17.00,17.29,17.00,17.18,916128,16366117.00
2024/06/11,17.16,17.51,17.10,17.37,1128537,20313334.00
2024/06/12,17.35,17.70,17.12,17.70,1446491,26360266.00
2024/06/13,17.72,18.30,17.72,18.29,4508563,84954520.00
2024/06/14,18.30,19.29,18.30,18.56,6984406,137075088.00
2024/06/17,18.40,19.20,18.32,18.77,3014270,58994076.00
2024/06/18,18.79,18.90,18.25,18.31,1653612,31588510.00
2024/06/19,18.33,18.39,17.90,17.98,1193261,22402898.00
2024/06/20,17.98,17.99,17.51,17.51,1210629,22217444.00
2024/06/21,17.48,18.01,17.45,17.84,904304,16732678.00
2024/06/24,17.84,17.95,17.42,17.53,895686,16464699.00
2024/06/25,17.53,17.95,17.53,17.72,838118,15464873.00
2024/06/26,17.70,18.07,17.50,18.03,1020108,18981904.00
2024/06/27,18.00,18.16,17.68,17.69,886980,16542521.00
2024/06/28,17.71,17.94,17.68,17.68,661250,12222906.00
2024/07/01,17.66,17.75,17.10,17.20,1297709,23318156.00
2024/07/02,17.18,17.29,17.11,17.16,612569,10963168.00
2024/07/03,17.18,17.29,16.88,16.98,644705,11421165.00
2024/07/04,17.00,17.21,16.85,16.86,675029,11949879.00
2024/07/05,16.84,16.84,16.33,16.68,1127338,19372284.00
2024/07/08,16.70,16.75,16.24,16.24,690738,11854287.00
2024/07/09,16.12,16.46,15.82,16.32,843243,14245992.00
2024/07/10,16.30,16.77,16.30,16.46,730578,12627194.00
2024/07/11,16.50,16.86,16.48,16.75,1494148,26056696.00
2024/07/12,16.77,16.85,16.50,16.55,567579,9819324.00
2024/07/15,16.45,16.48,16.09,16.43,827802,14039585.00
2024/07/16,16.53,16.76,16.42,16.76,826463,14304840.00
2024/07/17,16.82,17.77,16.59,17.76,3729076,67796896.00
2024/07/18,17.66,17.66,16.98,17.16,2163957,38738352.00
2024/07/19,17.15,17.58,16.95,17.01,1203833,21589374.00
2024/07/22,17.01,17.24,16.91,16.98,844280,14983644.00
2024/07/23,17.00,17.18,16.69,16.69,670467,11849298.00
2024/07/24,16.61,16.93,16.46,16.47,607358,10548694.00
2024/07/25,16.42,16.95,16.40,16.67,902353,15649178.00
2024/07/26,16.67,17.09,16.65,16.75,596686,10459431.00
2024/07/29,16.80,16.80,16.39,16.39,554279,9507638.00
2024/07/30,16.39,16.47,16.12,16.30,597066,10157833.00
2024/07/31,16.36,16.85,16.25,16.82,819902,14243229.00
2024/08/01,16.79,17.38,16.72,17.26,2662956,47779928.00
2024/08/02,17.23,17.28,16.92,17.08,1315911,23352310.00
2024/08/05,17.16,17.17,16.42,16.43,753892,13173490.00
2024/08/06,16.46,16.72,16.43,16.58,611504,10545575.00
2024/08/07,16.56,16.70,16.45,16.55,347132,6000615.50
2024/08/08,16.53,16.61,16.42,16.46,452137,7767482.50
2024/08/09,16.45,16.60,16.31,16.34,582583,9981165.00
2024/08/12,16.46,16.59,16.23,16.30,1006076,17215618.00
2024/08/13,16.30,16.35,16.14,16.33,526065,8907306.00
2024/08/14,16.39,16.40,16.12,16.14,628160,10622617.00
2024/08/15,16.16,16.28,16.02,16.10,896728,15107490.00
2024/08/16,16.13,16.13,15.70,15.72,1068570,17674862.00
2024/08/19,15.58,15.95,15.58,15.66,827710,13603620.00
2024/08/20,15.65,15.84,15.56,15.63,798829,13089425.00
2024/08/21,15.57,15.88,15.48,15.66,641858,10506169.00
2024/08/22,15.66,15.84,15.45,15.45,550990,8989012.00
2024/08/23,15.31,15.56,15.30,15.30,692237,11137573.00
2024/08/26,15.30,15.76,15.30,15.52,582519,9477273.00
2024/08/27,15.48,15.52,15.30,15.48,547808,8796054.00
2024/08/28,15.45,15.64,15.33,15.37,519321,8386843.50
2024/08/29,15.43,15.58,15.32,15.53,623838,10082694.00
2024/08/30,15.48,15.93,15.36,15.73,1309358,21514282.00
2024/09/02,15.73,15.76,14.43,14.49,3433455,53481696.00
2024/09/03,14.52,14.80,14.46,14.63,1186930,17511398.00
2024/09/04,14.30,14.65,14.26,14.41,1384372,20953962.00
2024/09/05,14.19,14.56,14.19,14.30,1327737,19900032.00
2024/09/06,14.30,14.32,13.76,13.78,1711446,25225280.00
2024/09/09,13.73,13.79,13.20,13.27,1972775,27870224.00
2024/09/10,13.32,13.34,12.75,12.98,2654513,36231716.00
2024/09/11,12.96,13.44,12.80,13.16,2160103,29998938.00
2024/09/12,13.03,13.22,12.92,13.00,1085265,14899215.00
2024/09/13,13.04,13.42,12.95,13.19,1413166,19618540.00
2024/09/18,13.17,13.24,12.77,12.79,1229067,16683730.00
2024/09/19,12.81,13.26,12.81,13.00,1054187,14498329.00
2024/09/20,13.05,13.22,12.98,13.03,634316,8728293.00
2024/09/23,13.07,13.24,13.00,13.18,979013,13597012.00
2024/09/24,13.30,13.75,13.25,13.73,1528233,21789694.00
2024/09/25,13.83,14.35,13.82,13.92,2073817,30809038.00
2024/09/26,13.92,14.35,13.64,14.25,1757376,25873902.00
2024/09/27,14.51,16.46,14.47,15.93,5921692,95901960.00
2024/09/30,16.90,20.91,16.90,20.91,14975643,296303232.00
2024/10/08,27.39,27.39,23.18,27.39,29146391,790535424.00
2024/10/09,27.10,27.10,23.22,23.30,19217990,499183904.00
2024/10/10,23.53,26.00,23.53,24.13,15029237,381810368.00
2024/10/11,23.39,23.39,20.60,21.44,10832273,243633920.00
2024/10/14,21.30,22.62,21.13,22.13,8661166,196541040.00
2024/10/15,22.01,22.48,20.95,21.17,6613964,148600672.00
2024/10/16,20.65,21.28,19.59,20.20,7310605,154846480.00
2024/10/17,20.30,22.25,20.24,21.00,10300253,224743616.00
2024/10/18,20.80,23.51,20.30,22.40,12854602,292673856.00
2024/10/21,22.65,25.30,22.65,24.50,20005786,494110176.00
2024/10/22,24.53,24.54,22.30,22.75,13591730,326159584.00
2024/10/23,22.74,23.40,22.10,22.88,9636536,227871184.00
2024/10/24,22.30,23.77,22.11,23.22,10268745,245171664.00
2024/10/25,24.69,28.39,24.67,25.35,30610299,831346496.00
2024/10/28,25.70,25.75,24.00,25.09,14499555,370485728.00
2024/10/29,25.35,25.35,24.31,24.87,12327043,313631456.00
2024/10/30,24.74,25.55,23.20,23.97,10942701,275174528.00
2024/10/31,23.61,25.30,23.60,24.30,10593038,265299600.00
2024/11/01,24.20,24.80,22.30,22.55,8818179,216014608.00
2024/11/04,22.36,23.80,22.31,23.10,6082955,145114144.00
2024/11/05,23.59,24.94,23.39,24.66,11591277,290907264.00
2024/11/06,25.10,29.45,24.97,26.29,23860984,669357184.00
2024/11/07,26.59,27.84,25.68,27.08,15650521,431801472.00
2024/11/08,27.77,28.83,26.67,26.78,14698178,420610400.00
2024/11/11,26.69,27.48,25.32,27.48,11323335,305896096.00
2024/11/12,27.82,29.30,26.26,26.69,11951274,342044000.00
2024/11/13,26.37,27.84,26.03,27.70,9400698,259117568.00
2024/11/14,27.80,29.10,26.96,27.08,13211227,381171648.00
2024/11/15,26.70,27.80,26.29,26.56,9369454,257568096.00
2024/11/18,29.30,31.30,27.31,27.56,21526112,637615168.00
2024/11/19,26.30,27.40,24.46,26.75,16289796,434015616.00
2024/11/20,26.70,28.35,26.33,27.78,13003110,367994176.00
2024/11/21,27.85,28.52,26.80,27.41,12183335,345091840.00
2024/11/22,27.30,27.30,25.79,25.79,10123849,276159392.00
2024/11/25,25.75,27.12,25.66,26.42,7912783,213714080.00
2024/11/26,26.15,26.46,24.53,24.54,8185194,213528256.00
2024/11/27,24.69,25.05,23.12,24.26,6905009,169976304.00
2024/11/28,24.47,24.91,23.90,23.96,6761839,170460864.00
2024/11/29,23.89,24.64,23.15,24.40,6803614,167808352.00
2024/12/02,24.45,24.95,24.20,24.87,6293330,159216176.00
2024/12/03,25.06,25.12,24.46,24.77,5525351,140803712.00
2024/12/04,24.77,24.90,23.67,23.79,5341143,132735624.00
2024/12/05,23.41,24.02,23.41,23.91,3288858,80616352.00
2024/12/06,23.83,24.49,23.42,24.10,4417210,109203968.00
2024/12/09,24.01,24.09,23.10,23.25,4350615,105263352.00
2024/12/10,24.29,24.68,23.33,23.36,6473578,160184848.00
2024/12/11,23.21,23.46,22.65,22.84,4673641,110851040.00
2024/12/12,22.63,22.85,22.30,22.63,4416847,102630256.00
2024/12/13,22.29,22.29,21.57,21.64,7103476,160306080.00
2024/12/16,21.43,21.69,20.48,20.69,7080125,152673616.00
2024/12/17,20.65,21.26,20.50,20.70,5162545,111068496.00
2024/12/18,20.92,21.29,20.70,20.80,4618394,100186168.00
2024/12/19,20.66,21.24,20.32,21.18,5054215,108580920.00
2024/12/20,21.15,21.78,21.00,21.55,4412516,97878024.00
2024/12/23,21.55,21.80,21.11,21.20,3710258,82396192.00
2024/12/24,21.25,21.36,20.40,20.98,2999149,64546304.00
2024/12/25,21.01,21.30,20.39,20.70,3333122,71831240.00
2024/12/26,20.75,20.96,20.56,20.79,2374834,51008224.00
2024/12/27,20.76,20.82,20.43,20.46,3467680,73797560.00
2024/12/30,20.53,20.59,19.40,19.43,4815132,98580328.00
2024/12/31,19.60,19.79,18.88,18.91,4102552,82247272.00
2025/01/02,19.10,19.10,17.94,18.06,4312822,82500304.00
2025/01/03,18.22,18.43,17.57,17.63,3892962,72344184.00
2025/01/06,17.60,17.97,17.20,17.91,3372097,62211268.00
2025/01/07,18.05,18.27,17.81,18.18,2877324,54023716.00
2025/01/08,18.16,18.17,17.50,18.00,3760741,69828656.00
2025/01/09,18.01,18.55,17.90,18.18,3414048,64603628.00
2025/01/10,18.31,18.48,17.58,17.62,2857022,53573184.00
2025/01/13,17.53,17.54,17.00,17.39,2466637,44375860.00
2025/01/14,17.40,18.90,17.35,18.90,5976732,113133024.00
2025/01/15,18.91,19.44,18.60,18.91,5866768,115457840.00
2025/01/16,18.92,19.79,18.92,19.67,6407418,128934832.00
2025/01/17,19.66,19.66,19.07,19.31,3175953,63646064.00
2025/01/20,19.49,19.74,18.80,19.10,3770026,75905864.00
2025/01/21,19.13,19.31,18.70,18.71,2903283,56797852.00
2025/01/22,18.74,18.76,17.93,17.98,3394292,63807836.00
2025/01/23,18.26,18.57,17.90,17.90,3110305,59025444.00
2025/01/24,17.75,18.22,17.65,18.07,3356966,62689432.00
2025/01/27,18.14,18.39,17.73,17.74,2934746,55431276.00
2025/02/05,17.76,17.95,17.42,17.83,3630451,66612696.00
2025/02/06,17.80,18.65,17.56,18.65,5362204,101393760.00
2025/02/07,18.62,20.10,18.60,19.62,9995227,201761392.00
2025/02/10,19.65,20.05,19.58,20.03,6459051,132485264.00
2025/02/11,20.02,20.79,19.58,20.25,7317186,152229120.00
2025/02/12,20.18,20.40,19.72,20.40,6872896,142397344.00
2025/02/13,20.60,24.50,20.30,22.12,20555561,472849504.00
2025/02/14,22.24,22.85,21.31,21.90,11270560,252939824.00
2025/02/17,21.75,22.27,21.34,21.79,8795981,196909824.00
2025/02/18,22.38,23.82,21.93,21.98,14370197,339449728.00
2025/02/19,21.66,22.30,21.18,22.30,10310125,232218416.00
2025/02/20,22.29,22.89,21.85,22.41,10032032,230197472.00
2025/02/21,22.41,24.04,21.98,23.43,15007414,358569632.00
2025/02/24,23.44,23.70,22.85,23.14,8866545,211982528.00
2025/02/25,22.68,23.10,22.19,22.32,8526213,198086160.00
2025/02/26,22.64,23.28,22.32,22.75,8508841,199873280.00
2025/02/27,23.26,25.08,22.96,23.96,20815760,513333600.00
2025/02/28,23.95,24.50,22.51,22.52,14915215,361646720.00
2025/03/03,23.05,25.98,23.05,25.23,30299926,771440128.00
2025/03/04,24.50,24.70,23.70,24.56,18378009,456834112.00
2025/03/05,24.65,24.65,23.98,24.23,10269177,255765264.00
2025/03/06,24.56,24.76,23.66,24.00,13035674,324417344.00
2025/03/07,23.30,23.98,23.07,23.22,10333410,249928272.00
2025/03/10,23.23,23.80,23.23,23.43,6322402,152955904.00
2025/03/11,23.13,23.39,22.96,23.20,6481549,154574528.00
2025/03/12,23.42,23.75,23.32,23.50,6936826,168110400.00
2025/03/13,23.59,23.76,22.65,22.81,7777484,185528928.00
2025/03/14,22.90,23.48,22.30,23.30,7671325,181998560.00
2025/03/17,23.29,24.27,23.10,23.98,10363358,254111840.00
2025/03/18,24.35,24.80,23.81,24.06,10874605,272145984.00
2025/03/19,23.80,23.88,23.18,23.20,7931464,192240624.00
2025/03/20,23.46,23.67,22.45,22.45,7348683,174652400.00
2025/03/21,22.52,23.02,21.40,21.60,7770417,176818848.00
2025/03/24,21.82,21.87,21.00,21.72,4967118,110204008.00
2025/03/25,21.76,22.80,21.73,22.58,6689250,153239760.00
2025/03/26,22.46,22.80,22.37,22.37,3444779,80204960.00
2025/03/27,22.47,22.50,21.72,22.08,3252876,74211976.00
2025/03/28,22.08,22.25,21.38,21.46,3435269,76995648.00
2025/03/31,21.31,21.43,20.48,20.98,3432851,74365312.00
2025/04/01,20.99,21.49,20.99,21.09,2876132,63002016.00
2025/04/02,21.30,21.49,21.06,21.17,2660789,58475708.00
2025/04/03,20.99,21.18,20.51,20.83,3048043,65703968.00
2025/04/07,19.48,19.48,15.69,16.35,10858077,199860976.00
2025/04/08,16.65,17.44,16.62,17.19,6678498,118122696.00
2025/04/09,16.76,18.70,16.50,18.49,8893035,164590080.00
2025/04/10,18.90,20.12,18.90,19.34,8465766,171542832.00
2025/04/11,19.16,20.10,19.03,19.72,6512414,133100888.00
2025/04/14,20.10,20.24,19.56,19.82,4315732,88848432.00
2025/04/15,19.87,20.78,19.46,20.23,6727760,141187504.00
2025/04/16,20.20,20.20,19.20,19.61,5023576,101730272.00
2025/04/17,19.58,19.77,19.28,19.42,4232207,85721424.00
2025/04/18,19.44,19.80,19.20,19.66,4598744,93050216.00
2025/04/21,19.60,20.09,19.46,20.04,4273529,88153984.00
2025/04/22,20.32,20.70,19.86,19.93,4913558,102890216.00
2025/04/23,20.01,20.24,19.80,20.13,4923920,102113096.00
2025/04/24,20.19,20.19,19.32,19.32,4479001,91230840.00
2025/04/25,19.21,19.55,19.11,19.28,3040712,61077324.00
2025/04/28,19.23,19.46,18.88,19.00,2816708,55889920.00
2025/04/29,18.99,19.33,18.77,19.04,2861870,56692176.00
2025/04/30,18.89,19.68,18.86,19.50,4080609,82113832.00
2025/05/06,19.76,20.15,19.75,20.07,4093028,84648248.00
2025/05/07,20.50,20.64,19.82,20.07,5078600,105907360.00
2025/05/08,19.94,20.42,19.69,20.29,4307965,89817160.00
2025/05/09,20.50,21.29,20.30,21.14,11051059,238604736.00
2025/05/12,22.70,23.80,22.32,23.13,19821368,471083552.00
2025/05/13,23.13,24.29,22.40,22.75,16663420,399285824.00
2025/05/14,22.43,22.70,21.90,22.33,11985024,273984832.00
2025/05/15,22.21,22.25,21.50,21.55,7345782,164588160.00
2025/05/16,21.35,22.11,21.35,21.62,6594275,147453552.00
2025/05/19,21.56,22.04,21.07,21.78,6267141,139355760.00
2025/05/20,21.99,22.54,21.64,22.33,9422413,216206080.00
2025/05/21,22.20,23.80,22.00,23.09,20200463,483517728.00
2025/05/22,22.74,22.77,21.52,21.58,13048379,296626176.00
2025/05/23,21.42,22.23,21.22,21.28,6991667,156415200.00
2025/05/26,21.15,21.79,21.03,21.79,5556289,123254200.00
2025/05/27,21.93,22.50,21.62,22.22,7117305,162258080.00
2025/05/28,22.02,22.26,21.50,21.57,5023963,113460888.00
2025/05/29,21.45,22.27,21.41,22.20,5230099,118388680.00
2025/05/30,22.18,22.63,22.01,22.10,5419694,124418872.00
2025/06/03,22.07,22.15,21.57,22.05,3978521,88451480.00
2025/06/04,22.06,22.58,21.89,22.28,5302774,120138240.00
2025/06/05,22.38,22.47,21.71,21.87,5472428,121507024.00
2025/06/06,21.86,22.13,21.60,21.76,4575716,101346256.00
2025/06/09,21.71,22.05,21.67,21.87,4311238,95589304.00
2025/06/10,21.87,22.70,21.76,22.02,8739728,196757536.00
2025/06/11,22.01,22.50,21.90,22.30,6743607,152372624.00
2025/06/12,22.20,22.29,21.80,22.11,6427049,143253584.00
2025/06/13,21.92,21.98,20.90,20.91,8551462,185964336.00
2025/06/16,20.99,21.10,20.81,20.94,4879712,103789464.00
2025/06/17,21.03,21.50,20.99,21.31,5316811,114711312.00
2025/06/18,21.22,21.22,20.71,21.05,5165200,109698064.00
2025/06/19,21.06,21.69,20.50,20.58,6526068,140363760.00
2025/06/20,20.20,21.24,20.20,20.66,4533268,95649776.00
2025/06/23,20.50,21.34,20.38,21.31,5418962,115896040.00
2025/06/24,21.46,22.88,21.36,22.62,13679942,308352768.00
2025/06/25,22.62,23.66,22.50,22.76,15302372,357241120.00
2025/06/26,22.74,24.12,22.46,23.18,17523007,416845568.00
2025/06/27,23.69,23.80,22.62,22.84,12028638,281172224.00
2025/06/30,23.01,23.04,22.32,23.00,8179808,187840336.00
2025/07/01,22.95,22.95,22.30,22.54,7080277,161813280.00
2025/07/02,22.51,22.90,22.23,22.80,6975887,159750064.00
2025/07/03,22.81,23.20,22.29,22.87,9880047,227803872.00
2025/07/04,22.78,22.93,22.21,22.28,7196844,163849728.00
2025/07/07,21.97,22.41,21.97,22.30,3434695,77500928.00
2025/07/08,22.26,22.81,22.21,22.47,5101793,116350256.00
2025/07/09,22.59,22.70,21.97,22.04,5608586,127134424.00
2025/07/10,22.08,22.20,21.90,22.10,4094580,91356712.00
2025/07/11,22.07,22.49,21.99,22.19,4829913,109118416.00
2025/07/14,22.10,22.66,22.10,22.48,4479294,101756384.00
2025/07/15,22.50,22.57,21.86,21.93,5076356,114015912.00
2025/07/16,22.00,22.19,21.91,21.94,3093634,69104168.00
2025/07/17,21.97,22.56,21.91,22.55,5916646,133928272.00
2025/07/18,22.48,23.08,22.45,22.52,7460397,171394560.00
2025/07/21,22.45,22.63,22.31,22.61,6138919,139976960.00
2025/07/22,22.63,23.04,22.40,22.74,9351556,215597808.00
2025/07/23,22.88,22.88,22.16,22.18,7812121,177722480.00
2025/07/24,22.18,23.00,22.18,22.97,11379007,261670592.00
2025/07/25,22.99,23.00,22.71,22.81,5773613,133544992.00
2025/07/28,22.88,23.10,22.50,22.84,6629071,153033968.00
2025/07/29,22.70,22.83,22.44,22.54,6005923,137119312.00
2025/07/30,22.49,22.59,22.13,22.23,4764535,107859536.00
2025/07/31,22.29,22.43,21.72,21.84,5062939,113149200.00
2025/08/01,21.92,22.03,21.67,21.90,3616882,80079944.00
2025/08/04,21.89,22.06,21.71,22.04,3756028,83540136.00
2025/08/05,22.10,22.26,21.96,22.16,3898784,87251776.00
2025/08/06,22.19,22.20,21.91,22.12,4146063,92666464.00
2025/08/07,22.13,22.25,21.91,21.95,4098746,91380368.00
2025/08/08,21.95,21.95,21.65,21.68,5206366,114716648.00
2025/08/11,21.88,22.28,21.85,22.23,6644149,148954464.00
2025/08/12,22.29,22.29,21.89,22.03,4093997,91270632.00
2025/08/13,22.00,22.17,21.93,22.03,5045661,112746232.00
2025/08/14,22.10,22.13,21.38,21.41,7510476,165094880.00
2025/08/15,21.39,21.79,21.38,21.70,6196886,135818016.00
2025/08/18,21.70,22.49,21.62,22.39,12098469,271445664.00
2025/08/19,22.50,23.00,22.42,22.60,13351451,307301600.00
2025/08/20,22.56,22.96,22.22,22.80,9072142,208413872.00
2025/08/21,22.80,23.00,22.45,22.57,7575724,174480176.00
2025/08/22,22.57,22.91,22.40,22.67,8687858,198938176.00
2025/08/25,22.73,23.57,22.72,23.18,13957354,327355136.00
2025/08/26,23.12,23.75,22.97,23.09,11123932,263726608.00
2025/08/27,23.07,23.30,22.40,22.41,10672446,246719408.00
2025/08/28,22.41,22.69,21.97,22.67,7743302,175726624.00
2025/08/29,22.82,27.70,22.82,25.79,36684144,953023872.00
2025/09/01,25.84,27.56,25.84,26.66,28048236,757962432.00
2025/09/02,26.54,29.20,25.94,28.14,32918328,932392640.00
2025/09/03,28.13,29.60,26.83,27.05,27586055,784423808.00
2025/09/04,27.77,28.92,26.52,27.39,28159626,792587584.00
2025/09/05,27.11,34.38,26.91,32.66,48947492,1500679168.00
2025/09/08,33.50,37.58,31.80,34.56,50491981,1749619584.00
2025/09/09,32.70,35.30,32.66,33.35,30847442,1057351744.00
2025/09/10,32.80,34.39,32.48,34.37,24006866,812484608.00
2025/09/11,34.00,35.39,33.40,34.39,24242926,837807808.00
2025/09/12,35.06,35.95,32.36,32.49,27050730,919474176.00
2025/09/15,32.50,35.43,32.50,32.89,24004072,820132864.00
2025/09/16,32.95,33.48,30.48,31.50,26104790,830417536.00
2025/09/17,31.74,32.05,30.58,31.30,15971648,504231616.00
2025/09/18,31.50,32.06,30.43,30.81,17343830,544557632.00
2025/09/19,30.73,31.56,30.23,30.50,13015227,406902624.00
2025/09/22,30.45,31.15,30.08,31.12,12165880,376715584.00
2025/09/23,31.19,32.85,30.96,32.25,21997328,707298176.00
2025/09/24,32.35,33.39,31.36,32.82,19736856,643503232.00
2025/09/25,32.40,33.33,32.09,32.30,15416742,509655552.00
2025/09/26,31.91,33.19,31.35,31.35,12950883,421726688.00
2025/09/29,31.78,32.99,31.76,32.39,16270475,533946880.00
2025/09/30,32.85,33.15,32.31,32.70,14219030,469122560.00
2025/10/09,33.80,33.88,32.50,32.61,16276773,544872256.00
2025/10/10,33.86,34.26,31.00,31.33,18176035,601161664.00
2025/10/13,28.93,30.52,28.91,30.30,13562435,409949504.00
2025/10/14,30.60,31.18,29.00,29.20,11710582,354823136.00
2025/10/15,29.48,29.65,28.57,29.19,8935306,261551408.00
2025/10/16,29.19,31.10,28.88,30.00,12137328,367233568.00
2025/10/17,29.73,31.28,29.03,29.42,11636472,355140544.00
2025/10/20,29.88,30.58,29.35,29.93,8934520,269966368.00
2025/10/21,30.25,30.38,29.41,30.07,7406386,223280864.00
2025/10/22,29.77,29.80,28.91,28.92,7888565,232495104.00
2025/10/23,29.10,29.22,28.02,28.54,7262702,208735840.00
2025/10/24,28.80,29.45,28.72,29.42,6879777,201778992.00
2025/10/27,30.00,30.06,29.26,29.50,6842528,204907264.00
2025/10/28,29.61,29.80,29.21,29.26,5803592,172551344.00
2025/10/29,29.43,35.04,29.06,34.99,29217118,952812032.00
2025/10/30,34.70,37.20,33.99,34.51,34576329,1239839616.00
2025/10/31,34.80,39.58,34.80,36.15,36533402,1359225088.00
2025/11/03,34.70,37.45,34.70,36.27,21935399,797840064.00
2025/11/04,35.90,36.96,34.78,35.38,17167492,617834368.00
2025/11/05,33.92,36.20,33.92,35.44,16576065,587852352.00
2025/11/06,35.40,36.50,35.10,35.55,12699422,456295360.00
2025/11/07,35.55,38.30,34.72,37.07,24659594,914232128.00
2025/11/10,37.89,39.12,36.28,36.40,19254668,726605312.00
2025/11/11,36.65,37.16,34.79,35.13,15623931,565009152.00
2025/11/12,34.78,34.90,33.20,34.25,14275693,490446112.00
2025/11/13,34.69,38.03,34.51,36.82,27149332,999255744.00
2025/11/14,36.10,38.34,35.90,36.99,21900653,823238080.00
2025/11/17,36.99,38.19,36.10,37.93,19714663,742304704.00
2025/11/18,37.70,38.58,34.71,35.09,21224914,775897024.00
2025/11/19,34.94,35.95,34.51,35.14,13591761,482293152.00
2025/11/20,35.14,35.96,33.23,33.32,15229282,529380224.00
2025/11/21,32.72,32.98,30.73,30.79,15602103,500783104.00
2025/11/24,31.50,31.67,30.71,30.83,8515884,267576432.00
2025/11/25,31.32,31.80,30.89,31.12,10180883,321208064.00
2025/11/26,31.57,31.70,30.70,30.96,9262365,290794080.00
2025/11/27,30.72,31.90,30.60,31.00,8790633,277785216.00
2025/11/28,31.00,31.70,30.88,31.29,7296405,231018880.00
2025/12/01,31.48,31.82,31.23,31.51,7376195,234462448.00
2025/12/02,31.64,31.64,30.66,30.73,6697104,209779056.00
2025/12/03,30.97,32.28,30.97,31.30,10655871,340087136.00
2025/12/04,31.01,31.62,30.75,31.49,6557699,206438944.00
2025/12/05,31.27,31.98,31.17,31.79,6204544,198140960.00
2025/12/08,31.93,32.08,31.47,32.05,8064039,259322144.00
2025/12/09,32.10,32.11,31.26,31.26,7604640,241718656.00
2025/12/10,31.20,31.38,30.08,30.12,10510448,323183904.00
2025/12/11,30.26,33.35,30.10,32.18,20168219,650711168.00
2025/12/12,31.85,32.78,31.28,31.30,14995435,483247680.00
2025/12/15,32.28,33.20,31.39,31.79,12213079,397358816.00
2025/12/16,31.31,32.78,31.00,31.40,10574149,340263392.00
2025/12/17,31.35,32.30,31.35,32.14,10014578,322065568.00
2025/12/18,31.88,32.37,31.60,31.66,7739176,249277280.00
2025/12/19,31.80,32.28,31.49,32.03,6702520,216424112.00
2025/12/22,32.03,32.69,31.77,32.41,8240709,267629088.00
2025/12/23,32.56,34.26,32.20,33.14,15815154,529564736.00
2025/12/24,33.20,33.46,32.81,33.23,8120088,271019744.00
2025/12/25,33.25,33.27,32.52,32.84,8093741,268165184.00
2025/12/26,33.15,34.10,33.15,33.43,12653351,428199584.00
2025/12/29,33.36,33.39,32.15,32.56,9882059,325835808.00
2025/12/30,32.21,32.60,31.88,32.25,7595768,246887232.00
2025/12/31,32.42,32.66,31.90,32.06,6144135,199987424.00
2026/01/05,32.00,33.30,31.80,33.17,12263657,403467200.00
2026/01/06,33.36,34.26,32.73,33.94,13201367,450686336.00
2026/01/07,34.20,34.68,33.41,33.90,11802480,405791168.00
2026/01/08,33.41,33.70,32.90,33.32,11072824,371335776.00
2026/01/09,33.48,34.18,32.95,33.56,11243529,380893408.00
2026/01/12,33.16,33.28,32.15,33.28,18505803,610937792.00
2026/01/13,33.23,33.97,32.40,33.08,16100566,539070272.00
2026/01/14,33.00,33.68,32.21,32.60,16405477,545518528.00
2026/01/15,32.61,33.97,32.56,33.28,14882154,501863008.00
2026/01/16,33.50,33.50,32.69,33.30,9704825,323731392.00
2026/01/19,33.19,33.19,32.63,32.70,9474589,313551520.00
2026/01/20,32.90,32.90,31.38,31.51,11768154,378254432.00
2026/01/21,31.33,32.05,31.27,31.43,7599437,242734768.00
2026/01/22,31.68,31.71,30.83,31.02,7616039,238612448.00
2026/01/23,31.32,32.25,31.07,32.25,10857324,349627488.00
2026/01/26,32.55,32.75,31.73,31.75,8521853,276335552.00
2026/01/27,31.79,31.98,30.60,31.33,7158603,225078672.00
2026/01/28,31.32,31.63,30.95,31.37,5502159,173724336.00
2026/01/29,31.37,31.59,30.71,30.75,7447165,232925296.00
2026/01/30,31.05,31.24,30.40,30.88,6275983,195645920.00
2026/02/02,30.56,30.84,30.30,30.32,5450182,168171648.00
2026/02/03,30.58,30.87,30.33,30.77,4199741,129961008.00
2026/02/04,30.86,30.95,30.40,30.74,4225338,130579736.00
2026/02/05,30.75,30.90,30.26,30.28,3622954,111412584.00
2026/02/06,30.17,30.85,29.83,30.56,5248360,161850640.00
2026/02/09,30.82,31.00,30.58,30.81,5409529,168071968.00
2026/02/10,30.76,30.94,30.29,30.34,4186337,129011160.00
2026/02/11,29.58,29.69,29.14,29.23,8888739,264197728.00
2026/02/12,29.20,29.40,28.60,29.16,6791376,198664944.00
2026/02/13,29.03,29.54,28.88,28.91,4508339,132846696.00
2026/02/24,29.19,29.73,29.00,29.63,4676764,139216816.00
2026/02/25,29.79,30.50,29.49,30.38,6170065,187933456.00
2026/02/26,30.56,30.65,30.01,30.11,4522823,138047408.00
2026/02/27,29.81,30.29,29.50,29.59,5859797,176192144.00
2026/03/02,28.80,29.19,28.34,28.55,7797781,225800320.00
2026/03/03,28.60,29.08,27.36,27.47,7275835,208020864.00
2026/03/04,27.24,27.90,27.15,27.46,4646455,129135008.00
2026/03/05,27.78,28.06,27.62,27.82,4065275,114422808.00
2026/03/06,27.93,28.18,27.77,27.89,3740835,105692312.00
2026/03/09,27.20,28.00,26.95,27.88,5933844,164339648.00
2026/03/10,28.09,28.38,28.09,28.30,4232235,120905576.00
2026/03/11,28.51,30.58,28.36,29.70,12962361,390858720.00
2026/03/12,29.40,30.11,29.10,29.56,6877438,206023872.00
2026/03/13,30.93,32.51,30.24,30.66,20932761,661934720.00
2026/03/16,30.84,32.40,30.21,30.83,15842541,498921184.00
2026/03/17,30.83,30.85,29.60,29.67,9567497,291810432.00
2026/03/18,29.40,29.70,29.08,29.52,6156690,183036896.00
2026/03/19,29.08,29.45,28.16,28.38,7989404,231685424.00
2026/03/20,28.30,30.20,28.30,29.15,10816957,320262048.00
2026/03/23,28.70,29.99,28.47,28.95,10136862,298682720.00
2026/03/24,29.38,29.54,27.85,28.86,8055134,232398160.00
2026/03/25,29.24,30.28,29.24,29.67,8504754,255046064.00
2026/03/26,29.67,31.35,29.38,30.23,13675028,422465504.00
2026/03/27,29.80,30.78,29.36,30.30,11193370,340576096.00
2026/03/30,30.14,30.77,29.84,30.20,7691937,234663360.00
2026/03/31,30.19,30.37,28.77,28.77,7246413,215658992.00
2026/04/01,29.15,29.51,28.57,28.83,6167269,179923456.00
2026/04/02,28.66,29.57,28.42,28.63,5539455,162416208.00
2026/04/03,28.65,29.05,27.70,27.81,5280483,149840720.00
2026/04/07,27.70,28.42,27.70,28.07,3777874,107608752.00
2026/04/08,28.69,29.16,28.59,29.15,5545425,161875872.00
2026/04/09,28.85,29.38,28.62,28.71,5121979,150171808.00
2026/04/10,29.00,30.04,28.74,29.78,9525649,286213984.00
2026/04/13,29.48,29.88,29.30,29.57,6532661,195177024.00
2026/04/14,29.80,30.35,29.50,30.13,8410600,253856688.00
2026/04/15,30.14,30.30,29.38,29.41,7412825,222534768.00
2026/04/16,29.72,30.47,29.29,30.15,10587178,321273728.00
2026/04/17,30.29,31.95,30.10,31.36,17702195,554958144.00
2026/04/20,31.38,31.98,30.78,31.07,13400045,423313120.00
2026/04/21,31.25,31.28,30.36,30.70,9119319,283043936.00
2026/04/22,32.20,33.20,31.43,31.60,20926621,682971392.00
2026/04/23,31.28,31.70,30.70,31.00,12045627,378572992.00
2026/04/24,31.07,32.25,30.85,31.88,12394323,395346848.00
2026/04/27,31.39,32.06,31.29,31.73,9517859,305216672.00
2026/04/28,32.04,32.05,30.30,30.41,11782500,370234944.00
2026/04/29,29.98,31.70,29.31,31.70,13481277,418186624.00
2026/04/30,30.71,31.30,30.23,30.44,11382971,352040480.00
2026/05/06,30.60,31.61,30.36,31.30,10787837,338203872.00
2026/05/07,31.45,31.95,30.97,31.46,11146773,352697504.00
2026/05/08,31.19,31.77,30.91,31.06,9757937,309227968.00
2026/05/11,30.87,30.88,30.23,30.87,10021987,309331520.00
2026/05/12,31.02,31.26,29.91,29.94,9899666,305671968.00
2026/05/13,29.80,30.15,29.25,29.67,9692069,290679936.00
2026/05/14,29.67,29.87,28.67,28.70,8498123,251143008.00
2026/05/15,28.80,29.33,28.39,28.91,7609424,221799376.00
2026/05/18,28.82,28.88,28.31,28.42,6975980,201102384.00
2026/05/19,28.61,28.89,28.24,28.89,4867578,140882128.00
2026/05/20,28.70,29.47,28.52,29.21,7294695,214061808.00
2026/05/21,29.20,29.58,27.81,27.90,8414967,244987184.00
2026/05/22,27.93,28.17,27.40,28.00,6472971,182132480.00
2026/05/25,28.00,28.13,26.81,27.32,8339754,230749104.00
2026/05/26,27.29,27.33,26.09,26.48,7849109,210754304.00
2026/05/27,26.57,27.15,25.86,25.97,6553507,175376800.00
2026/05/28,26.07,26.49,25.58,26.22,6532005,172048944.00
2026/05/29,26.20,26.58,26.01,26.15,5575978,148352752.00
2026/06/01,26.98,27.96,26.98,27.22,9429405,262005472.00
2026/06/02,27.07,27.70,26.91,27.65,7328773,202941600.00
2026/06/03,27.78,27.79,26.71,26.90,6569312,180790320.00
2026/06/04,26.65,27.00,25.83,26.02,6266438,164020288.00
2026/06/05,26.38,28.25,26.02,27.58,12053710,330085280.00
2026/06/08,27.00,28.58,26.73,27.81,11374316,316250368.00
2026/06/09,27.77,28.25,27.49,27.88,7782656,216666176.00
2026/06/10,27.52,27.52,26.75,26.75,7397835,200479408.00
2026/06/11,26.53,27.20,26.13,26.57,6151812,163493120.00
2026/06/12,26.75,27.25,26.50,26.58,6216626,166878880.00
2026/06/15,26.67,27.35,26.67,27.25,5669187,153443328.00
2026/06/16,27.57,27.98,27.21,27.62,7355186,203377584.00
2026/06/17,27.36,27.85,27.12,27.18,5727725,156896192.00
2026/06/18,27.35,27.35,26.48,26.51,6011190,160834288.00
2026/06/22,26.50,27.66,25.52,27.63,10330979,274288448.00
2026/06/23,27.68,28.18,27.22,27.36,9201782,255444640.00
2026/06/24,27.57,27.66,26.80,27.10,6402822,174603360.00
2026/06/25,26.96,27.05,26.28,26.38,6807230,181235504.00
2026/06/26,26.46,26.73,25.65,25.66,6813443,177689280.00
2026/06/29,25.83,25.83,24.23,24.35,9124502,224493616.00
2026/06/30,24.23,25.05,24.20,24.88,5959694,146835296.00
2026/07/01,25.18,25.98,24.80,25.14,7247093,183184016.00
2026/07/02,24.98,25.95,24.80,25.31,7412461,188919296.00
2026/07/03,25.79,25.97,25.26,25.50,5186855,132557096.00
2026/07/06,25.41,25.73,24.52,24.54,6386176,159850080.00
2026/07/07,24.50,25.04,24.38,24.52,4276900,105634592.00
2026/07/08,24.46,24.75,22.91,22.95,7319930,172915616.00
2026/07/09,23.07,23.34,21.71,22.44,8209147,182674944.00
2026/07/10,22.36,23.07,22.27,22.70,5925398,134280256.00
2026/07/13,22.50,22.62,21.25,21.52,5150871,112505224.00
2026/07/14,21.53,21.94,21.39,21.68,4354672,94170624.00
2026/07/15,21.69,22.05,21.51,21.61,3381872,73629832.00
2026/07/16,21.60,21.72,20.83,21.02,4935081,105059280.00
2026/07/17,21.08,21.45,20.37,21.02,5018690,105283472.00
2026/07/20,21.23,21.29,19.96,20.23,6060464,125392112.00
2026/07/21,20.03,20.68,19.71,20.51,6714966,136369440.00
2026/07/22,20.50,20.63,19.85,19.90,6056432,121989216.00
2026/07/23,20.03,20.45,19.75,20.35,5274743,106539600.00
2026/07/24,20.13,20.21,19.52,19.57,4928725,98007648.00
2026/07/27,19.73,20.23,19.60,20.06,5148362,103257192.00
2026/07/28,19.82,20.69,19.82,20.45,5865189,119027792.00
2026/07/29,20.34,21.28,20.01,21.05,6568206,136536128.00
2026/07/30,20.84,21.54,20.84,21.05,6242008,132533016.00
2026/07/31,21.31,21.47,21.03,21.42,5559072,118226128.00
2026/08/03,21.30,21.42,21.07,21.35,3276620,69601688.00
2026/08/04,21.39,21.60,21.03,21.25,4411363,94009576.00
2026/08/05,21.29,21.43,21.08,21.40,4616683,98444320.00
2026/08/06,21.38,21.57,21.08,21.19,3939105,83847320.00
2026/08/07,21.19,21.69,21.03,21.68,5468631,116971600.00
2026/08/10,21.95,22.01,21.49,21.67,4121392,89485456.00
2026/08/11,21.61,21.78,21.29,21.33,2888893,62221328.00
2026/08/12,21.28,21.55,21.10,21.34,2479853,52915908.00
2026/08/13,21.42,21.46,20.91,20.93,3790914,80067208.00
2026/08/14,20.99,21.13,20.33,20.60,4042372,83686768.00
2026/08/17,20.69,20.91,20.34,20.91,2637405,54516536.00
2026/08/18,20.91,21.15,20.66,21.00,3796988,79583400.00
2026/08/19,20.93,20.98,20.20,20.22,3826581,78340968.00
2026/08/20,20.36,20.55,20.09,20.17,3029653,61511700.00
2026/08/21,20.07,20.57,20.03,20.40,2999548,61162828.00
2026/08/24,20.40,21.16,20.28,20.92,5820699,121720696.00
2026/08/25,20.72,21.12,20.70,21.12,3721390,77777680.00
2026/08/26,21.01,22.14,20.91,21.61,6772827,147353232.00
2026/08/27,21.50,21.50,21.08,21.41,4186250,89049560.00
2026/08/28,21.32,21.59,20.86,20.89,4204886,88968600.00
2026/08/31,20.70,20.70,20.23,20.53,3628877,74159592.00
2026/09/01,20.50,21.04,20.49,20.96,3594185,74722552.00
2026/09/02,20.80,21.73,20.34,21.29,7448817,158905968.00
2026/09/03,21.33,21.49,21.04,21.25,4462682,94771240.00
2026/09/04,21.38,21.63,21.20,21.33,4522179,96879480.00
2026/09/07,21.22,21.44,20.92,21.25,3787748,80093936.00
2026/09/08,21.20,21.35,20.61,20.71,4656072,97125936.00
2026/09/09,20.60,20.82,20.42,20.69,2855154,58886108.00
2026/09/10,20.60,20.60,20.26,20.31,2223185,45280716.00
2026/09/11,20.21,20.24,19.56,19.68,4575932,90453192.00
2026/09/14,19.75,19.87,19.29,19.39,4653246,90823048.00
#数据来源:通达信
