600423 *ST柳化 日线 前复权
      日期	    开盘	    最高	    最低	    收盘	    成交量	    成交额
2021/08/02,3.57,3.78,3.50,3.73,6928550,25309976.00
2021/08/03,3.72,3.78,3.64,3.68,4192001,15510961.00
2021/08/04,3.68,3.70,3.59,3.61,3861450,13973748.00
2021/08/05,3.61,3.61,3.50,3.54,4418400,15616173.00
2021/08/06,3.54,3.58,3.49,3.54,3496000,12343390.00
2021/08/09,3.54,3.64,3.50,3.61,4730600,16977896.00
2021/08/10,3.58,3.66,3.53,3.63,3117400,11290760.00
2021/08/11,3.61,3.64,3.57,3.59,2858400,10258271.00
2021/08/12,3.60,3.63,3.54,3.61,4300027,15399961.00
2021/08/13,3.61,3.69,3.58,3.63,4631001,16842796.00
2021/08/16,3.63,3.69,3.55,3.57,6395722,22981336.00
2021/08/17,3.53,3.58,3.51,3.54,4341521,15375824.00
2021/08/18,3.54,3.56,3.47,3.55,4054721,14214779.00
2021/08/19,3.58,3.58,3.46,3.51,2664960,9303101.00
2021/08/20,3.51,3.51,3.36,3.40,4457600,15209807.00
2021/08/23,3.43,3.54,3.40,3.53,3979513,13856136.00
2021/08/24,3.53,3.57,3.51,3.55,2799983,9918661.00
2021/08/25,3.50,3.67,3.44,3.65,8210896,29213516.00
2021/08/26,3.65,3.67,3.54,3.63,6676781,24091992.00
2021/08/27,3.65,3.66,3.56,3.60,4141000,14843443.00
2021/08/30,3.60,3.64,3.51,3.55,5023600,17944272.00
2021/08/31,3.54,3.68,3.50,3.62,5879375,21236240.00
2021/09/01,3.66,3.71,3.60,3.61,6336001,23156616.00
2021/09/02,3.60,3.68,3.56,3.68,7462100,27174840.00
2021/09/03,3.67,3.76,3.63,3.71,7131400,26362768.00
2021/09/06,3.71,3.76,3.61,3.72,6798853,25018420.00
2021/09/07,3.72,4.09,3.68,4.09,16889113,67216608.00
2021/09/08,4.09,4.24,3.95,4.04,28511951,115200688.00
2021/09/09,3.98,4.25,3.95,4.25,26308415,108856040.00
2021/09/10,4.23,4.25,4.02,4.11,18979864,78346624.00
2021/09/13,4.06,4.32,4.03,4.29,21322753,89886680.00
2021/09/14,4.29,4.30,4.05,4.13,14781462,61535712.00
2021/09/15,4.13,4.53,4.09,4.38,21313981,92092480.00
2021/09/16,4.48,4.64,4.33,4.40,27427295,123016592.00
2021/09/17,4.36,4.81,4.32,4.65,28922784,133640712.00
2021/09/22,4.56,4.71,4.38,4.70,21904976,99039912.00
2021/09/23,4.64,4.77,4.27,4.36,25214372,112150360.00
2021/09/24,4.33,4.37,4.05,4.07,18231882,75732136.00
2021/09/27,3.99,4.10,3.75,3.79,13816500,53496340.00
2021/09/28,3.79,3.94,3.72,3.87,7935600,30425878.00
2021/09/29,3.83,3.90,3.67,3.70,6394792,24052356.00
2021/09/30,3.76,3.83,3.69,3.80,4922100,18601820.00
2021/10/08,3.84,3.92,3.76,3.81,8546453,32781438.00
2021/10/11,3.83,3.89,3.78,3.81,4557301,17416836.00
2021/10/12,3.82,3.82,3.60,3.72,4764120,17790228.00
2021/10/13,3.71,3.76,3.66,3.74,3618502,13386316.00
2021/10/14,3.74,3.80,3.66,3.77,3119400,11640630.00
2021/10/15,3.77,3.78,3.68,3.72,2648400,9840510.00
2021/10/18,3.74,3.79,3.67,3.77,3135822,11742585.00
2021/10/19,3.79,3.79,3.69,3.71,3341801,12489014.00
2021/10/20,3.73,3.73,3.64,3.67,2090601,7688874.00
2021/10/21,3.67,3.73,3.64,3.65,3269801,12008362.00
2021/10/22,3.65,3.67,3.52,3.59,4377051,15674745.00
2021/10/25,3.58,3.62,3.46,3.58,3474600,12299869.00
2021/10/26,3.62,3.62,3.49,3.53,2537101,8946724.00
2021/10/27,3.50,3.52,3.41,3.45,2524600,8713995.00
2021/10/28,3.41,3.48,3.36,3.45,4485901,15286156.00
2021/10/29,3.42,3.48,3.38,3.41,3320801,11345102.00
2021/11/01,3.42,3.43,3.38,3.40,1996000,6788551.00
2021/11/02,3.42,3.42,3.28,3.28,5532520,18418992.00
2021/11/03,3.28,3.36,3.24,3.32,2876101,9486704.00
2021/11/04,3.32,3.37,3.31,3.33,2150401,7187141.00
2021/11/05,3.33,3.36,3.27,3.31,2166900,7185949.00
2021/11/08,3.32,3.35,3.26,3.34,2531271,8377299.00
2021/11/09,3.35,3.46,3.33,3.41,3027393,10280899.00
2021/11/10,3.42,3.48,3.39,3.47,3008894,10333665.00
2021/11/11,3.46,3.49,3.42,3.44,2221401,7655977.00
2021/11/12,3.45,3.45,3.38,3.39,2486700,8462934.00
2021/11/15,3.39,3.42,3.35,3.38,2644300,8933053.00
2021/11/16,3.41,3.72,3.39,3.72,7789280,28183280.00
2021/11/17,3.88,4.09,3.79,4.09,17057151,67813096.00
2021/11/18,4.40,4.44,4.05,4.08,31697263,133000480.00
2021/11/19,4.00,4.08,3.85,3.92,24459794,96097432.00
2021/11/22,3.89,4.04,3.81,3.86,16013780,62147088.00
2021/11/23,3.88,3.90,3.81,3.88,9026200,34734256.00
2021/11/24,3.89,4.27,3.89,4.27,22349795,94155312.00
2021/11/25,4.25,4.25,3.97,4.10,28742698,117064528.00
2021/11/26,4.08,4.17,4.01,4.07,13549353,55320544.00
2021/11/29,4.00,4.15,3.89,4.12,13332110,53500620.00
2021/11/30,4.11,4.16,3.99,4.02,9703310,39241944.00
2021/12/01,4.04,4.08,3.91,4.07,8286102,33391760.00
2021/12/02,4.05,4.08,3.90,3.92,6700400,26616120.00
2021/12/03,3.93,3.97,3.85,3.95,5395800,21159610.00
2021/12/06,3.93,4.00,3.88,3.88,4633200,18167072.00
2021/12/07,3.90,3.93,3.52,3.83,6606501,25280506.00
2021/12/08,3.78,3.88,3.78,3.83,4441001,16988804.00
2021/12/09,3.82,3.85,3.76,3.78,4070110,15430147.00
2021/12/10,3.80,4.04,3.76,3.95,8638611,33907468.00
2021/12/13,3.95,4.04,3.90,3.99,6739333,26781758.00
2021/12/14,3.98,4.22,3.95,4.05,8780811,35839208.00
2021/12/15,4.06,4.10,4.00,4.07,5884502,23803740.00
2021/12/16,4.06,4.15,4.04,4.09,6287811,25762168.00
2021/12/17,4.10,4.13,4.01,4.09,6144001,24889684.00
2021/12/20,4.08,4.08,3.95,3.95,4861728,19464524.00
2021/12/21,3.95,4.12,3.95,4.08,7033300,28491570.00
2021/12/22,4.04,4.49,4.04,4.49,13865169,60850640.00
2021/12/23,4.55,4.80,4.21,4.26,31519820,139704592.00
2021/12/24,4.19,4.30,4.10,4.13,14136352,59026112.00
2021/12/27,4.04,4.25,4.02,4.16,10505336,43453788.00
2021/12/28,4.16,4.20,4.08,4.09,6902771,28475890.00
2021/12/29,4.10,4.17,4.04,4.09,5662333,23342716.00
2021/12/30,4.12,4.14,4.06,4.10,5910966,24147960.00
2021/12/31,4.07,4.15,4.07,4.10,5827600,23933504.00
2022/01/04,4.13,4.22,4.09,4.21,9451049,39316500.00
2022/01/05,4.20,4.63,4.16,4.63,32706118,147528720.00
2022/01/06,4.63,4.85,4.46,4.74,42306685,197938800.00
2022/01/07,4.61,4.75,4.54,4.54,24082993,111180784.00
2022/01/10,4.46,4.64,4.46,4.54,15827260,71901392.00
2022/01/11,4.50,4.99,4.49,4.72,34650600,165323440.00
2022/01/12,4.76,4.78,4.51,4.64,21707800,100000720.00
2022/01/13,4.56,4.61,4.46,4.47,14378283,64803248.00
2022/01/14,4.52,4.55,4.36,4.38,10756561,47605968.00
2022/01/17,4.38,4.43,4.32,4.43,8433100,36962444.00
2022/01/18,4.41,4.42,4.20,4.22,12137302,51874428.00
2022/01/19,4.24,4.30,4.20,4.28,7909396,33734584.00
2022/01/20,4.31,4.32,4.11,4.14,10988075,45770756.00
2022/01/21,4.16,4.30,4.13,4.20,8461604,35688268.00
2022/01/24,4.22,4.25,4.12,4.19,5291500,22147708.00
2022/01/25,4.18,4.20,3.90,3.95,8388904,33796588.00
2022/01/26,3.96,4.03,3.90,3.95,4474154,17688348.00
2022/01/27,3.95,4.01,3.80,3.89,5847050,22936400.00
2022/01/28,3.89,3.97,3.80,3.89,5963027,23251952.00
2022/02/07,4.04,4.19,3.98,4.13,7402600,30271800.00
2022/02/08,4.07,4.19,4.07,4.17,4673900,19379248.00
2022/02/09,4.16,4.17,4.10,4.14,5064500,20903974.00
2022/02/10,4.11,4.16,4.10,4.15,3436900,14186064.00
2022/02/11,4.13,4.13,4.03,4.04,4408450,17898252.00
2022/02/14,4.01,4.13,4.00,4.11,3868911,15799645.00
2022/02/15,4.14,4.15,4.00,4.06,4367800,17655844.00
2022/02/16,4.08,4.19,4.04,4.17,5782929,23969580.00
2022/02/17,4.19,4.24,4.11,4.18,5498200,22947828.00
2022/02/18,4.17,4.20,4.12,4.19,3590407,14951041.00
2022/02/21,4.20,4.27,4.17,4.27,4745201,20066126.00
2022/02/22,4.24,4.43,4.21,4.37,9222942,40055568.00
2022/02/23,4.38,4.41,4.30,4.39,7155801,31236148.00
2022/02/24,4.38,4.70,4.30,4.40,17004052,76064680.00
2022/02/25,4.39,4.53,4.34,4.49,10495900,46687624.00
2022/02/28,4.49,4.50,4.29,4.34,9927356,43116176.00
2022/03/01,4.34,4.35,4.22,4.30,6547100,28021524.00
2022/03/02,4.33,4.37,4.28,4.35,4734000,20535668.00
2022/03/03,4.32,4.42,4.31,4.41,7149304,31344956.00
2022/03/04,4.40,4.46,4.31,4.36,7092601,31029332.00
2022/03/07,4.35,4.54,4.32,4.38,9823502,43504368.00
2022/03/08,4.33,4.37,4.16,4.22,10858400,46276920.00
2022/03/09,4.21,4.28,3.91,4.10,12139104,49457840.00
2022/03/10,4.12,4.20,4.05,4.17,4917400,20437198.00
2022/03/11,4.11,4.25,4.06,4.22,6146700,25651606.00
2022/03/14,4.22,4.32,4.15,4.16,7783900,33012236.00
2022/03/15,4.15,4.18,3.92,3.92,11247956,45534624.00
2022/03/16,4.00,4.03,3.83,4.01,8205593,32339760.00
2022/03/17,4.08,4.08,3.96,3.98,6615700,26510534.00
2022/03/18,4.00,4.04,3.94,4.04,4059000,16274230.00
2022/03/21,4.03,4.14,4.01,4.09,4524592,18432892.00
2022/03/22,4.09,4.15,4.05,4.12,4775000,19581600.00
2022/03/23,4.12,4.39,4.10,4.28,13953370,59388376.00
2022/03/24,4.35,4.35,4.21,4.24,9063182,38683416.00
2022/03/25,4.22,4.26,4.19,4.20,5783910,24423598.00
2022/03/28,4.24,4.24,4.12,4.20,4848841,20203388.00
2022/03/29,4.20,4.46,4.16,4.35,13027900,56537072.00
2022/03/30,4.34,4.35,4.23,4.30,7696800,32934220.00
2022/03/31,4.30,4.40,4.25,4.35,8386383,36447796.00
2022/04/01,4.31,4.39,4.29,4.37,5542100,24090524.00
2022/04/06,4.37,4.47,4.33,4.44,7883300,34852416.00
2022/04/07,4.44,4.44,4.30,4.32,5725900,24845100.00
2022/04/08,4.30,4.54,4.23,4.45,11966900,52772856.00
2022/04/11,4.40,4.44,4.26,4.32,8676702,37761748.00
2022/04/12,4.31,4.33,4.18,4.30,7217700,30745152.00
2022/04/13,4.20,4.34,4.19,4.22,5426500,22998156.00
2022/04/14,4.22,4.26,4.11,4.19,6456801,26898048.00
2022/04/15,4.19,4.61,4.18,4.42,51245543,232167648.00
2022/04/18,4.11,4.29,3.98,4.24,38203467,158735248.00
2022/04/19,4.18,4.66,4.13,4.66,26021534,118061328.00
2022/04/20,4.66,4.88,4.58,4.70,66610839,314101760.00
2022/04/21,4.66,4.77,4.47,4.52,38172089,175271776.00
2022/04/22,4.47,4.57,4.10,4.24,35180762,151206592.00
2022/04/25,4.11,4.21,3.82,3.82,26802343,106451856.00
2022/04/26,3.71,3.80,3.44,3.48,19812400,70642568.00
2022/04/27,3.50,3.54,3.32,3.51,15160027,52144852.00
2022/04/28,3.50,3.63,3.34,3.37,12886300,44535812.00
2022/04/29,3.44,3.54,3.41,3.52,12194201,42592764.00
2022/05/05,3.54,3.65,3.42,3.58,10356901,37060220.00
2022/05/06,3.51,3.52,3.38,3.44,10400000,35870656.00
2022/05/09,3.45,3.49,3.41,3.45,7538150,25981570.00
2022/05/10,3.46,3.47,3.36,3.47,9375500,32100042.00
2022/05/11,3.45,3.53,3.43,3.45,9984800,34799340.00
2022/05/12,3.42,3.49,3.38,3.43,8707900,29819764.00
2022/05/13,3.45,3.60,3.42,3.53,10186644,35731756.00
2022/05/16,3.55,3.65,3.53,3.63,10809000,38917200.00
2022/05/17,3.62,3.62,3.51,3.58,7236500,25730912.00
2022/05/18,3.58,3.73,3.56,3.68,10580300,38930024.00
2022/05/19,3.63,3.72,3.60,3.69,7101146,26017946.00
2022/05/20,3.70,3.77,3.68,3.74,7858000,29311090.00
2022/05/23,3.75,3.86,3.72,3.84,7023091,26794412.00
2022/05/24,3.81,3.85,3.62,3.63,8168000,30501824.00
2022/05/25,3.65,3.78,3.62,3.76,7228000,26793864.00
2022/05/26,3.77,3.80,3.69,3.78,5230200,19600996.00
2022/05/27,3.76,3.80,3.71,3.78,5158800,19400092.00
2022/05/30,3.75,4.06,3.73,3.87,11293460,43573928.00
2022/05/31,3.82,3.93,3.81,3.87,7484060,28971828.00
2022/06/01,3.83,3.89,3.82,3.88,4332800,16749391.00
2022/06/02,3.87,3.88,3.82,3.87,3263200,12553771.00
2022/06/06,3.85,3.89,3.83,3.89,5262400,20327006.00
2022/06/07,3.88,3.94,3.78,3.92,6891700,26711542.00
2022/06/08,3.89,3.94,3.81,3.88,5136700,19909168.00
2022/06/09,3.88,3.90,3.78,3.79,5386800,20597144.00
2022/06/10,3.79,3.92,3.75,3.88,6454501,24928240.00
2022/06/13,3.87,3.93,3.82,3.87,5355272,20699524.00
2022/06/14,3.84,4.03,3.79,3.92,9649750,37632880.00
2022/06/15,3.92,3.97,3.83,3.84,8322701,32271644.00
2022/06/16,3.87,3.87,3.79,3.86,6493250,24828288.00
2022/06/17,3.82,3.85,3.78,3.83,4420601,16850644.00
2022/06/20,3.83,3.83,3.74,3.82,5588200,21188266.00
2022/06/21,3.82,3.83,3.73,3.76,4447300,16768960.00
2022/06/22,3.76,3.81,3.71,3.75,4625702,17405156.00
2022/06/23,3.73,3.76,3.68,3.75,4938819,18378692.00
2022/06/24,3.75,3.83,3.75,3.82,4641950,17623382.00
2022/06/27,3.82,3.83,3.78,3.80,4369546,16615692.00
2022/06/28,3.80,3.87,3.75,3.83,5635510,21538594.00
2022/06/29,3.83,3.85,3.74,3.76,4747300,18033014.00
2022/06/30,3.76,3.80,3.72,3.75,5102304,19098420.00
2022/07/01,3.77,3.85,3.70,3.81,6629021,25049938.00
2022/07/04,3.79,3.81,3.72,3.76,4548100,17061052.00
2022/07/05,3.78,3.85,3.72,3.82,6616400,25075812.00
2022/07/06,3.81,3.82,3.74,3.76,5147000,19449912.00
2022/07/07,3.80,3.80,3.71,3.77,4227504,15903979.00
2022/07/08,3.77,3.79,3.73,3.74,3966400,14868997.00
2022/07/11,3.72,3.74,3.56,3.63,7122000,25795692.00
2022/07/12,3.65,3.65,3.54,3.57,4713600,16882184.00
2022/07/13,3.57,3.63,3.50,3.60,4954732,17719048.00
2022/07/14,3.62,3.63,3.49,3.53,5469100,19318284.00
2022/07/15,3.49,3.52,3.42,3.49,4944900,17183108.00
2022/07/18,3.45,3.62,3.43,3.60,4818140,17190140.00
2022/07/19,3.58,3.70,3.58,3.67,3583700,13126596.00
2022/07/20,3.68,3.72,3.65,3.67,2504892,9200781.00
2022/07/21,3.67,3.69,3.64,3.66,2228167,8167971.00
2022/07/22,3.65,3.68,3.60,3.65,3131600,11408332.00
2022/07/25,3.65,3.69,3.62,3.64,2689200,9819688.00
2022/07/26,3.66,3.67,3.59,3.66,2412200,8757233.00
2022/07/27,3.65,3.71,3.63,3.68,3645901,13415116.00
2022/07/28,3.68,3.85,3.68,3.78,6469100,24452156.00
2022/07/29,3.77,3.97,3.75,3.86,11275955,43706696.00
2022/08/01,3.86,3.94,3.84,3.91,7099900,27590330.00
2022/08/02,3.89,3.90,3.66,3.70,7812800,29301290.00
2022/08/03,3.71,3.78,3.57,3.57,6469800,23780736.00
2022/08/04,3.58,3.71,3.58,3.71,4337100,15833642.00
2022/08/05,3.71,3.73,3.61,3.67,3734900,13642461.00
2022/08/08,3.65,3.70,3.63,3.69,3285800,12064373.00
2022/08/09,3.68,3.71,3.64,3.64,2957145,10844590.00
2022/08/10,3.64,3.69,3.60,3.66,2501750,9128121.00
2022/08/11,3.68,3.76,3.66,3.72,4490500,16706141.00
2022/08/12,3.75,3.88,3.71,3.80,7178295,27432616.00
2022/08/15,3.80,3.80,3.72,3.76,4729600,17792332.00
2022/08/16,3.79,3.91,3.75,3.83,5708900,21859192.00
2022/08/17,3.81,3.87,3.80,3.82,3658140,13983815.00
2022/08/18,3.80,3.83,3.75,3.76,3735950,14089633.00
2022/08/19,3.75,3.82,3.73,3.76,3892200,14644686.00
2022/08/22,3.78,3.79,3.70,3.77,3287600,12281136.00
2022/08/23,3.77,3.85,3.74,3.82,4811792,18258596.00
2022/08/24,3.82,3.90,3.78,3.87,9973751,38358672.00
2022/08/25,3.86,3.86,3.74,3.84,6072442,23087262.00
2022/08/26,3.84,3.92,3.82,3.85,5435501,21000144.00
2022/08/29,3.81,3.88,3.77,3.85,4410600,16896190.00
2022/08/30,3.85,3.90,3.78,3.84,3800600,14581825.00
2022/08/31,3.84,3.84,3.73,3.74,5045200,18960164.00
2022/09/01,3.74,3.76,3.70,3.71,3468550,12938366.00
2022/09/02,3.71,3.84,3.71,3.83,6555600,24881600.00
2022/09/05,3.83,3.91,3.80,3.89,6214350,24077556.00
2022/09/06,3.91,4.05,3.89,4.00,11937650,47562516.00
2022/09/07,4.00,4.07,3.97,4.00,5726500,22916232.00
2022/09/08,4.02,4.03,3.95,3.98,4167300,16576887.00
2022/09/09,3.98,4.01,3.92,3.96,3625400,14348679.00
2022/09/13,3.98,4.00,3.91,3.92,4230400,16647896.00
2022/09/14,3.92,3.92,3.84,3.87,4007300,15500159.00
2022/09/15,3.89,3.90,3.73,3.77,4913401,18618236.00
2022/09/16,3.78,3.78,3.65,3.67,5187900,19165368.00
2022/09/19,3.67,3.70,3.55,3.59,3409600,12292277.00
2022/09/20,3.59,3.65,3.57,3.60,3107300,11182784.00
2022/09/21,3.59,3.67,3.53,3.65,3959201,14307651.00
2022/09/22,3.66,3.68,3.59,3.60,2857801,10344291.00
2022/09/23,3.61,3.61,3.51,3.55,4005000,14233241.00
2022/09/26,3.55,3.55,3.41,3.44,4126571,14325321.00
2022/09/27,3.45,3.49,3.39,3.49,2787600,9627907.00
2022/09/28,3.49,3.49,3.38,3.38,2496952,8535709.00
2022/09/29,3.41,3.44,3.33,3.37,2842600,9595018.00
2022/09/30,3.37,3.42,3.34,3.37,2612200,8800196.00
2022/10/10,3.38,3.42,3.27,3.30,3747651,12502482.00
2022/10/11,3.30,3.33,3.20,3.33,3110300,10186878.00
2022/10/12,3.33,3.35,3.25,3.35,2457100,8119354.00
2022/10/13,3.36,3.38,3.30,3.35,2600500,8681657.00
2022/10/14,3.35,3.43,3.32,3.41,3209950,10915360.00
2022/10/17,3.41,3.45,3.38,3.44,2902500,9929332.00
2022/10/18,3.47,3.47,3.39,3.42,2818600,9672810.00
2022/10/19,3.42,3.43,3.34,3.36,2500601,8438668.00
2022/10/20,3.35,3.37,3.29,3.36,2955700,9867591.00
2022/10/21,3.36,3.37,3.31,3.32,2036800,6790644.00
2022/10/24,3.32,3.37,3.24,3.25,3359200,11072748.00
2022/10/25,3.25,3.30,3.16,3.25,3805700,12203280.00
2022/10/26,3.22,3.30,3.22,3.26,3050200,9939416.00
2022/10/27,3.27,3.29,3.23,3.24,4070301,13258476.00
2022/10/28,3.24,3.25,3.07,3.09,5147701,16118669.00
2022/10/31,3.14,3.16,3.08,3.12,4249200,13282839.00
2022/11/01,3.12,3.24,3.12,3.24,3577554,11446719.00
2022/11/02,3.27,3.27,3.20,3.23,3686152,11886871.00
2022/11/03,3.23,3.28,3.22,3.25,2727869,8864214.00
2022/11/04,3.30,3.31,3.25,3.27,3555841,11640512.00
2022/11/07,3.29,3.35,3.28,3.34,3981542,13257632.00
2022/11/08,3.35,3.36,3.31,3.36,2613201,8736902.00
2022/11/09,3.39,3.40,3.34,3.36,2705203,9119881.00
2022/11/10,3.35,3.38,3.33,3.37,2559200,8598492.00
2022/11/11,3.41,3.43,3.37,3.40,4346201,14780597.00
2022/11/14,3.39,3.45,3.35,3.43,3833400,13107755.00
2022/11/15,3.41,3.46,3.41,3.46,2866500,9859088.00
2022/11/16,3.46,3.48,3.44,3.46,2731602,9453344.00
2022/11/17,3.49,3.51,3.45,3.50,3510594,12256630.00
2022/11/18,3.50,3.59,3.44,3.45,3724045,13044473.00
2022/11/21,3.49,3.51,3.40,3.49,3981194,13794189.00
2022/11/22,3.50,3.52,3.43,3.47,3350500,11655982.00
2022/11/23,3.48,3.48,3.40,3.43,3087774,10575351.00
2022/11/24,3.43,3.46,3.41,3.44,2358701,8106781.00
2022/11/25,3.46,3.54,3.42,3.43,4108401,14227376.00
2022/11/28,3.46,3.46,3.37,3.42,3560300,12118818.00
2022/11/29,3.42,3.48,3.40,3.47,2806000,9671403.00
2022/11/30,3.47,3.49,3.43,3.45,2571100,8899324.00
2022/12/01,3.48,3.56,3.46,3.48,2984120,10431889.00
2022/12/02,3.49,3.53,3.44,3.52,2251994,7868762.00
2022/12/05,3.52,3.56,3.49,3.54,3290100,11609844.00
2022/12/06,3.53,3.54,3.50,3.52,2478400,8725763.00
2022/12/07,3.51,3.54,3.48,3.52,3371700,11807314.00
2022/12/08,3.52,3.64,3.48,3.60,7874100,28232790.00
2022/12/09,3.59,3.59,3.50,3.53,5233301,18471506.00
2022/12/12,3.53,3.53,3.42,3.46,5456653,18882508.00
2022/12/13,3.47,3.52,3.45,3.48,3794318,13221625.00
2022/12/14,3.46,3.82,3.46,3.67,16757800,61054672.00
2022/12/15,3.59,3.66,3.55,3.59,10257602,36836456.00
2022/12/16,3.62,3.62,3.55,3.58,6108300,21855708.00
2022/12/19,3.57,3.59,3.41,3.45,6219256,21598260.00
2022/12/20,3.50,3.50,3.38,3.42,4087300,13932798.00
2022/12/21,3.39,3.42,3.35,3.39,2936500,9912249.00
2022/12/22,3.38,3.42,3.31,3.33,2940053,9904998.00
2022/12/23,3.26,3.36,3.26,3.33,2224302,7398240.00
2022/12/26,3.39,3.39,3.29,3.30,3050902,10128906.00
2022/12/27,3.30,3.37,3.29,3.35,3749900,12472704.00
2022/12/28,3.36,3.38,3.33,3.37,2800821,9393059.00
2022/12/29,3.36,3.39,3.35,3.36,2821640,9506528.00
2022/12/30,3.37,3.45,3.34,3.43,3392400,11532291.00
2023/01/03,3.43,3.51,3.42,3.47,3307600,11467204.00
2023/01/04,3.47,3.53,3.46,3.49,2928418,10254972.00
2023/01/05,3.52,3.52,3.42,3.45,2969900,10242007.00
2023/01/06,3.47,3.47,3.37,3.40,2676500,9102116.00
2023/01/09,3.45,3.45,3.37,3.39,2082400,7063484.00
2023/01/10,3.39,3.43,3.30,3.32,2564300,8537431.00
2023/01/11,3.30,3.33,3.28,3.30,2434600,8043071.00
2023/01/12,3.28,3.30,3.23,3.30,2889201,9444389.00
2023/01/13,3.30,3.31,3.26,3.29,1855300,6089715.00
2023/01/16,3.30,3.34,3.29,3.33,2194100,7268219.00
2023/01/17,3.33,3.33,3.28,3.32,2035600,6734490.00
2023/01/18,3.30,3.38,3.30,3.36,2433600,8158168.00
2023/01/19,3.36,3.38,3.33,3.37,1956600,6552271.00
2023/01/20,3.37,3.41,3.35,3.40,2490400,8422187.00
2023/01/30,3.45,3.48,3.42,3.46,3589700,12393975.00
2023/01/31,3.46,3.60,3.43,3.55,6543796,23116824.00
2023/02/01,3.57,3.67,3.52,3.63,7839397,28336708.00
2023/02/02,3.65,3.65,3.60,3.63,5048151,18295760.00
2023/02/03,3.65,3.65,3.59,3.63,4428800,16049711.00
2023/02/06,3.61,3.63,3.57,3.60,4240651,15258383.00
2023/02/07,3.61,3.62,3.57,3.62,3038928,10918794.00
2023/02/08,3.63,3.65,3.60,3.61,3053957,11059459.00
2023/02/09,3.62,3.63,3.57,3.60,2941697,10583557.00
2023/02/10,3.69,3.77,3.62,3.70,11100029,41033632.00
2023/02/13,3.68,3.70,3.63,3.67,6137800,22508634.00
2023/02/14,3.70,3.70,3.62,3.64,2974200,10852106.00
2023/02/15,3.64,3.66,3.59,3.61,3056030,11046598.00
2023/02/16,3.61,3.66,3.51,3.56,5119800,18323696.00
2023/02/17,3.54,3.61,3.54,3.58,4202400,15055230.00
2023/02/20,3.58,3.65,3.52,3.57,3749252,13334046.00
2023/02/21,3.59,3.62,3.55,3.58,3586952,12862280.00
2023/02/22,3.59,3.59,3.54,3.56,2429200,8651035.00
2023/02/23,3.59,3.59,3.53,3.54,3047801,10852286.00
2023/02/24,3.55,3.57,3.51,3.55,2012000,7117776.00
2023/02/27,3.55,3.57,3.52,3.54,2847501,10093510.00
2023/02/28,3.55,3.62,3.49,3.55,4357700,15409827.00
2023/03/01,3.55,3.59,3.55,3.58,2794900,9989780.00
2023/03/02,3.59,3.59,3.54,3.55,3033600,10799839.00
2023/03/03,3.57,3.59,3.53,3.57,2538400,9036209.00
2023/03/06,3.57,3.59,3.52,3.55,2751320,9746213.00
2023/03/07,3.54,3.56,3.49,3.49,4470002,15744273.00
2023/03/08,3.48,3.54,3.47,3.53,2506802,8792196.00
2023/03/09,3.53,3.54,3.48,3.53,2395300,8402300.00
2023/03/10,3.53,3.67,3.50,3.62,9146016,32987770.00
2023/03/13,3.59,3.63,3.50,3.63,8687301,30949432.00
2023/03/14,3.62,3.69,3.54,3.58,10317300,37304188.00
2023/03/15,3.61,3.72,3.54,3.67,8307601,30293882.00
2023/03/16,3.68,3.69,3.59,3.59,6358400,23136312.00
2023/03/17,3.64,3.66,3.55,3.58,5208018,18816524.00
2023/03/20,3.62,3.69,3.57,3.60,6169600,22299624.00
2023/03/21,3.60,3.63,3.55,3.61,3207918,11520463.00
2023/03/22,3.62,3.63,3.58,3.60,2788750,10016746.00
2023/03/23,3.60,3.60,3.52,3.54,3796300,13432047.00
2023/03/24,3.54,3.55,3.44,3.46,4712181,16346388.00
2023/03/27,3.45,3.47,3.38,3.42,4058900,13869860.00
2023/03/28,3.44,3.44,3.38,3.41,3005061,10228503.00
2023/03/29,3.41,3.42,3.33,3.36,4009000,13475357.00
2023/03/30,3.34,3.37,3.28,3.32,3311800,10961605.00
2023/03/31,3.29,3.34,3.28,3.32,3182000,10548182.00
2023/04/03,3.32,3.35,3.31,3.34,2882297,9603090.00
2023/04/04,3.35,3.35,3.23,3.24,4675800,15295350.00
2023/04/06,3.25,3.30,3.20,3.27,3880852,12609427.00
2023/04/07,3.27,3.28,3.24,3.26,3016710,9815728.00
2023/04/10,3.26,3.26,3.18,3.21,5478700,17588628.00
2023/04/11,3.21,3.22,3.14,3.21,5263000,16711725.00
2023/04/12,3.19,3.28,3.18,3.23,3304000,10669869.00
2023/04/13,3.23,3.24,3.20,3.24,2184739,7051017.00
2023/04/14,3.24,3.25,3.20,3.20,2707800,8707278.00
2023/04/17,3.22,3.27,3.20,3.25,3672760,11896700.00
2023/04/18,3.25,3.27,3.20,3.22,2633700,8468452.00
2023/04/19,3.24,3.24,3.17,3.17,3227500,10289045.00
2023/04/20,3.17,3.19,3.14,3.17,3469200,10986951.00
2023/04/21,3.17,3.19,3.09,3.10,4005200,12542630.00
2023/04/24,3.10,3.12,3.05,3.09,3539850,10910561.00
2023/04/25,3.13,3.13,3.00,3.05,3884052,11795392.00
2023/04/26,3.04,3.08,3.01,3.08,2295250,7031810.00
2023/04/27,3.09,3.12,3.06,3.08,2259800,6980964.00
2023/04/28,3.09,3.17,3.07,3.16,2654900,8328501.00
2023/05/04,3.22,3.28,3.19,3.21,6329100,20428998.00
2023/05/05,3.20,3.24,3.16,3.17,3090600,9828738.00
2023/05/08,3.17,3.20,3.15,3.17,3489900,11068140.00
2023/05/09,3.16,3.19,3.14,3.15,3866920,12235646.00
2023/05/10,3.15,3.16,3.11,3.14,2389710,7491395.00
2023/05/11,3.15,3.19,3.12,3.17,2675550,8465282.00
2023/05/12,3.17,3.19,3.13,3.15,2805900,8862358.00
2023/05/15,3.15,3.19,3.11,3.17,3100542,9771017.00
2023/05/16,3.17,3.18,3.13,3.13,2480600,7797522.00
2023/05/17,3.14,3.23,3.11,3.22,4788601,15258853.00
2023/05/18,3.22,3.24,3.19,3.20,1910200,6138506.00
2023/05/19,3.17,3.20,3.15,3.19,2064182,6559990.00
2023/05/22,3.20,3.22,3.16,3.19,2394000,7622790.00
2023/05/23,3.19,3.22,3.17,3.17,1950343,6224951.00
2023/05/24,3.17,3.18,3.14,3.16,1853700,5860564.00
2023/05/25,3.15,3.16,3.11,3.15,3092600,9698785.00
2023/05/26,3.15,3.17,3.11,3.16,2055900,6438556.00
2023/05/29,3.16,3.17,3.13,3.13,1870404,5881607.00
2023/05/30,3.15,3.15,3.10,3.14,2093701,6541708.00
2023/05/31,3.14,3.16,3.06,3.06,2593100,8013002.00
2023/06/01,3.06,3.11,3.04,3.08,2229400,6881091.00
2023/06/02,3.12,3.13,3.10,3.11,1630900,5078892.00
2023/06/05,3.12,3.17,3.11,3.16,2632251,8252433.00
2023/06/06,3.15,3.17,3.08,3.10,2366800,7397964.00
2023/06/07,3.10,3.11,3.05,3.07,1726002,5304829.00
2023/06/08,3.05,3.09,3.04,3.07,1525000,4678603.00
2023/06/09,3.07,3.09,3.06,3.07,1963400,6030618.00
2023/06/12,3.07,3.19,2.99,3.16,7035760,21955110.00
2023/06/13,3.15,3.17,3.11,3.12,2547960,7985830.00
2023/06/14,3.12,3.13,3.08,3.09,1770200,5488495.00
2023/06/15,3.11,3.11,3.04,3.07,2388800,7312964.00
2023/06/16,3.08,3.09,3.05,3.07,2475700,7608947.00
2023/06/19,3.09,3.09,3.00,3.00,3863000,11688905.00
2023/06/20,3.01,3.02,2.98,2.99,3385662,10166881.00
2023/06/21,2.99,3.00,2.91,2.92,3576000,10555548.00
2023/06/26,2.92,2.98,2.87,2.88,4968213,14451753.00
2023/06/27,2.91,3.01,2.88,2.97,2782700,8253488.00
2023/06/28,2.97,3.00,2.95,2.98,2503100,7452224.00
2023/06/29,3.00,3.08,2.97,3.06,4147740,12601803.00
2023/06/30,3.08,3.12,3.03,3.11,4274600,13226307.00
2023/07/03,3.12,3.15,3.10,3.11,3465700,10810041.00
2023/07/04,3.11,3.14,3.09,3.12,2607300,8123552.00
2023/07/05,3.13,3.17,3.11,3.14,2460701,7737759.00
2023/07/06,3.11,3.15,3.11,3.13,1871201,5858837.00
2023/07/07,3.15,3.18,3.11,3.16,2830500,8927697.00
2023/07/10,3.16,3.20,3.15,3.17,2415838,7682562.00
2023/07/11,3.20,3.26,3.16,3.24,4666310,15012299.00
2023/07/12,3.26,3.26,3.16,3.18,3080400,9848804.00
2023/07/13,3.14,3.26,3.14,3.25,4644800,14995038.00
2023/07/14,3.25,3.28,3.23,3.25,2772400,9014765.00
2023/07/17,3.20,3.32,3.19,3.30,6297300,20685576.00
2023/07/18,3.30,3.36,3.27,3.35,3383839,11243916.00
2023/07/19,3.34,3.42,3.33,3.38,6461500,21854920.00
2023/07/20,3.38,3.40,3.35,3.36,3333700,11263131.00
2023/07/21,3.34,3.43,3.34,3.41,4214200,14315349.00
2023/07/24,3.40,3.44,3.37,3.42,3060100,10417361.00
2023/07/25,3.43,3.44,3.37,3.40,4169200,14164682.00
2023/07/26,3.42,3.49,3.38,3.47,6148201,21228420.00
2023/07/27,3.48,3.49,3.42,3.43,3469399,11983954.00
2023/07/28,3.41,3.45,3.39,3.41,4568710,15567749.00
2023/07/31,3.44,3.46,3.38,3.39,5113899,17425952.00
2023/08/01,3.40,3.44,3.38,3.41,3886811,13251429.00
2023/08/02,3.42,3.44,3.37,3.41,3929902,13372119.00
2023/08/03,3.42,3.42,3.37,3.38,3752900,12721045.00
2023/08/04,3.36,3.44,3.34,3.35,3392300,11442929.00
2023/08/07,3.35,3.35,3.30,3.32,4714158,15641293.00
2023/08/08,3.33,3.34,3.28,3.32,4539300,15017555.00
2023/08/09,3.32,3.34,3.28,3.29,3062900,10111589.00
2023/08/10,3.32,3.49,3.30,3.41,10685000,36524232.00
2023/08/11,3.38,3.41,3.31,3.32,6102738,20490498.00
2023/08/14,3.32,3.36,3.26,3.34,5666810,18705022.00
2023/08/15,3.35,3.35,3.28,3.31,3483950,11550067.00
2023/08/16,3.34,3.34,3.26,3.28,3868600,12735552.00
2023/08/17,3.27,3.30,3.23,3.29,4216200,13764085.00
2023/08/18,3.30,3.34,3.25,3.26,4132800,13640176.00
2023/08/21,3.26,3.33,3.26,3.28,3309430,10904344.00
2023/08/22,3.31,3.32,3.17,3.23,4855792,15611880.00
2023/08/23,3.20,3.26,3.15,3.17,3192110,10199140.00
2023/08/24,3.20,3.24,3.15,3.17,3083700,9830689.00
2023/08/25,3.22,3.28,3.15,3.17,3412400,10967902.00
2023/08/28,3.38,3.38,3.22,3.25,6434300,21110244.00
2023/08/29,3.27,3.32,3.24,3.31,4472900,14704939.00
2023/08/30,3.30,3.35,3.26,3.28,2801801,9243837.00
2023/08/31,3.31,3.34,3.24,3.26,3899201,12778311.00
2023/09/01,3.29,3.29,3.22,3.25,3419000,11103432.00
2023/09/04,3.24,3.33,3.23,3.32,4271600,14076241.00
2023/09/05,3.36,3.36,3.27,3.28,3140000,10329970.00
2023/09/06,3.29,3.34,3.28,3.33,4143900,13735157.00
2023/09/07,3.33,3.33,3.26,3.27,2813700,9266814.00
2023/09/08,3.29,3.29,3.24,3.25,2719901,8856270.00
2023/09/11,3.26,3.39,3.22,3.29,5107880,16785094.00
2023/09/12,3.33,3.34,3.28,3.33,3645300,12071214.00
2023/09/13,3.35,3.39,3.28,3.30,4838000,16126778.00
2023/09/14,3.30,3.31,3.25,3.28,4068600,13354781.00
2023/09/15,3.29,3.39,3.27,3.34,7429500,24830694.00
2023/09/18,3.38,3.38,3.30,3.34,4618200,15411106.00
2023/09/19,3.34,3.38,3.30,3.32,5207602,17370728.00
2023/09/20,3.30,3.31,3.26,3.29,3766700,12370377.00
2023/09/21,3.27,3.32,3.23,3.31,4713180,15465449.00
2023/09/22,3.29,3.34,3.25,3.30,5156900,16989870.00
2023/09/25,3.29,3.29,3.23,3.24,4630500,15053509.00
2023/09/26,3.22,3.24,3.14,3.15,5141100,16332805.00
2023/09/27,3.15,3.18,3.12,3.14,3427302,10778386.00
2023/09/28,3.15,3.20,3.14,3.19,3167400,10082450.00
2023/10/09,3.21,3.23,3.12,3.13,3119500,9807834.00
2023/10/10,3.12,3.17,3.12,3.13,2510775,7888444.00
2023/10/11,3.13,3.14,3.08,3.11,3929200,12226390.00
2023/10/12,3.10,3.14,3.08,3.13,2485400,7743436.00
2023/10/13,3.11,3.12,3.07,3.07,2684700,8288641.00
2023/10/16,3.09,3.11,3.05,3.10,3011775,9287292.00
2023/10/17,3.09,3.12,3.07,3.09,2261900,6991187.00
2023/10/18,3.09,3.09,3.02,3.03,2800168,8547139.00
2023/10/19,3.02,3.09,3.01,3.06,3353568,10283434.00
2023/10/20,3.04,3.08,3.00,3.04,2697349,8218907.00
2023/10/23,3.04,3.04,2.94,2.95,3140649,9368632.00
2023/10/24,2.97,3.10,2.95,3.07,7340500,22349296.00
2023/10/25,3.08,3.18,3.07,3.16,6521300,20518844.00
2023/10/26,3.15,3.15,3.09,3.12,3629700,11288029.00
2023/10/27,3.02,3.18,3.02,3.18,4492400,14185892.00
2023/10/30,3.16,3.50,3.16,3.50,25598604,86929880.00
2023/10/31,3.50,3.64,3.45,3.50,29337714,103213904.00
2023/11/01,3.53,3.66,3.50,3.56,22491984,80362008.00
2023/11/02,3.56,3.61,3.48,3.50,12099200,42627592.00
2023/11/03,3.53,3.54,3.44,3.46,10978437,38316960.00
2023/11/06,3.50,3.50,3.44,3.46,7415641,25617864.00
2023/11/07,3.46,3.52,3.41,3.50,12706100,44189676.00
2023/11/08,3.50,3.52,3.43,3.46,10269600,35538420.00
2023/11/09,3.45,3.48,3.43,3.45,6360052,21975796.00
2023/11/10,3.44,3.49,3.42,3.49,7530452,26067712.00
2023/11/13,3.47,3.54,3.46,3.54,6815802,23873064.00
2023/11/14,3.54,3.57,3.50,3.52,5985200,21082988.00
2023/11/15,3.53,3.56,3.50,3.52,4472000,15744510.00
2023/11/16,3.52,3.53,3.48,3.49,4325101,15163896.00
2023/11/17,3.49,3.59,3.47,3.57,8442040,29970324.00
2023/11/20,3.57,3.63,3.55,3.58,7241640,25988646.00
2023/11/21,3.59,3.61,3.54,3.54,6827400,24365520.00
2023/11/22,3.54,3.59,3.54,3.56,5644900,20131820.00
2023/11/23,3.57,3.59,3.55,3.57,4745300,16939272.00
2023/11/24,3.57,3.62,3.54,3.58,6888550,24659380.00
2023/11/27,3.56,3.58,3.51,3.52,5809400,20529106.00
2023/11/28,3.54,3.62,3.53,3.57,6851600,24510976.00
2023/11/29,3.60,3.60,3.50,3.53,5199599,18403432.00
2023/11/30,3.53,3.54,3.41,3.51,7788896,27244452.00
2023/12/01,3.52,3.55,3.51,3.54,4710100,16625352.00
2023/12/04,3.55,3.58,3.52,3.54,4353300,15435080.00
2023/12/05,3.55,3.57,3.48,3.49,4874100,17160100.00
2023/12/06,3.47,3.63,3.45,3.58,9362500,33526764.00
2023/12/07,3.58,3.58,3.53,3.54,7629200,27154950.00
2023/12/08,3.54,3.55,3.44,3.46,6757900,23539500.00
2023/12/11,3.45,3.53,3.42,3.49,7170710,24995072.00
2023/12/12,3.50,3.53,3.44,3.53,6443483,22430488.00
2023/12/13,3.55,3.62,3.50,3.60,12539900,44904708.00
2023/12/14,3.60,3.69,3.55,3.63,13198500,47846156.00
2023/12/15,3.68,3.95,3.59,3.74,36263111,135144608.00
2023/12/18,3.69,4.11,3.60,4.11,57510057,222610432.00
2023/12/19,3.96,4.10,3.76,3.82,63896768,247112976.00
2023/12/20,3.82,3.82,3.63,3.69,38343205,142390688.00
2023/12/21,3.62,3.71,3.51,3.71,33994500,122197264.00
2023/12/22,3.67,3.67,3.46,3.50,27469392,97299104.00
2023/12/25,3.48,3.51,3.36,3.38,18985600,64606308.00
2023/12/26,3.35,3.60,3.35,3.45,19909602,69429184.00
2023/12/27,3.41,3.50,3.40,3.43,13992562,48250040.00
2023/12/28,3.46,3.57,3.46,3.54,16000600,56430416.00
2023/12/29,3.52,3.71,3.51,3.66,17864300,64946320.00
2024/01/02,3.65,3.83,3.63,3.79,21226100,80268448.00
2024/01/03,3.76,3.79,3.71,3.75,12966600,48626716.00
2024/01/04,3.69,3.88,3.69,3.77,13379800,50707352.00
2024/01/05,3.80,3.80,3.65,3.67,10899600,40286872.00
2024/01/08,3.66,3.74,3.65,3.66,9521200,35144144.00
2024/01/09,3.66,3.69,3.61,3.67,7152800,26130126.00
2024/01/10,3.65,3.72,3.60,3.66,7873000,28781344.00
2024/01/11,3.64,3.71,3.63,3.70,7370500,27122558.00
2024/01/12,3.69,3.73,3.64,3.65,6723500,24784424.00
2024/01/15,3.64,3.71,3.62,3.65,6270800,22977336.00
2024/01/16,3.69,3.69,3.58,3.63,8252900,29910882.00
2024/01/17,3.64,3.66,3.54,3.55,6636600,23913968.00
2024/01/18,3.54,3.57,3.38,3.49,8975300,31076304.00
2024/01/19,3.50,3.52,3.43,3.45,5812195,20193962.00
2024/01/22,3.40,3.45,3.20,3.21,10710000,35552460.00
2024/01/23,3.21,3.21,3.08,3.16,11010385,34683648.00
2024/01/24,3.14,3.25,3.08,3.22,7741785,24521428.00
2024/01/25,3.23,3.33,3.20,3.32,7068100,23183844.00
2024/01/26,3.28,3.44,3.28,3.38,6849300,23245056.00
2024/01/29,3.36,3.41,3.24,3.26,6163000,20252012.00
2024/01/30,3.22,3.28,3.13,3.15,6594400,21171108.00
2024/01/31,3.11,3.15,3.00,3.01,9611500,29375038.00
2024/02/01,2.96,3.00,2.85,2.90,9953600,29113380.00
2024/02/02,2.93,2.97,2.61,2.69,19768700,54916664.00
2024/02/05,2.64,2.65,2.42,2.42,17245900,42302988.00
2024/02/06,2.19,2.37,2.18,2.26,25478201,56400664.00
2024/02/07,2.28,2.28,2.03,2.04,22903091,48089352.00
2024/02/08,2.02,2.22,1.97,2.21,20871984,43160712.00
2024/02/19,2.28,2.41,2.28,2.40,16789753,39270628.00
2024/02/20,2.40,2.45,2.34,2.42,7521559,18060140.00
2024/02/21,2.40,2.62,2.38,2.50,8862638,22277118.00
2024/02/22,2.48,2.57,2.44,2.57,8356254,21021986.00
2024/02/23,2.56,2.75,2.56,2.72,12331700,33035072.00
2024/02/26,2.67,2.83,2.67,2.78,12297041,33945264.00
2024/02/27,2.76,2.83,2.73,2.82,7544653,21090336.00
2024/02/28,2.84,2.95,2.57,2.60,13036800,36186008.00
2024/02/29,2.57,2.70,2.55,2.68,9776900,25908752.00
2024/03/01,2.70,2.71,2.62,2.68,6350900,16920876.00
2024/03/04,2.67,2.71,2.62,2.70,6169644,16488043.00
2024/03/05,2.68,2.68,2.61,2.63,5786000,15270047.00
2024/03/06,2.65,2.71,2.62,2.68,5122800,13674793.00
2024/03/07,2.65,2.73,2.64,2.68,3929600,10557699.00
2024/03/08,2.66,2.71,2.62,2.66,3499100,9284736.00
2024/03/11,2.68,2.73,2.66,2.73,5328600,14413250.00
2024/03/12,2.74,2.80,2.71,2.80,5540600,15318407.00
2024/03/13,2.81,2.81,2.70,2.78,6580800,18216324.00
2024/03/14,2.78,2.82,2.74,2.79,5116253,14252088.00
2024/03/15,2.78,2.88,2.75,2.86,4287200,12079842.00
2024/03/18,2.86,2.89,2.83,2.86,5424100,15495767.00
2024/03/19,2.85,2.93,2.84,2.92,7493200,21760570.00
2024/03/20,2.94,2.99,2.90,2.97,5727400,16893588.00
2024/03/21,2.97,3.01,2.93,2.99,5181100,15436756.00
2024/03/22,3.01,3.02,2.90,2.93,6601650,19371454.00
2024/03/25,2.93,2.95,2.84,2.85,6501600,18801380.00
2024/03/26,2.84,2.90,2.81,2.88,5657600,16142418.00
2024/03/27,2.85,2.91,2.79,2.80,5304601,15111212.00
2024/03/28,2.77,2.88,2.77,2.83,4413375,12543296.00
2024/03/29,2.83,2.96,2.83,2.93,5379500,15568633.00
2024/04/01,3.10,3.22,3.10,3.22,5381017,17279740.00
2024/04/02,3.49,3.54,3.23,3.28,47947134,164525168.00
2024/04/03,3.24,3.55,3.24,3.32,30826521,103193784.00
2024/04/08,3.20,3.45,3.19,3.25,22582639,74384328.00
2024/04/09,3.33,3.40,3.28,3.35,18384102,61345560.00
2024/04/10,3.30,3.35,3.19,3.22,16304254,52972912.00
2024/04/11,3.21,3.29,3.20,3.22,12371891,40200548.00
2024/04/12,3.26,3.27,3.16,3.20,9485944,30440860.00
2024/04/15,3.19,3.19,2.91,2.95,17149991,51666132.00
2024/04/16,2.88,2.89,2.66,2.66,13090450,35137364.00
2024/04/17,2.54,2.74,2.51,2.71,20975000,55698172.00
2024/04/18,2.72,2.72,2.57,2.63,14270800,37778260.00
2024/04/19,2.66,2.84,2.60,2.69,12136300,32808080.00
2024/04/22,2.67,2.71,2.57,2.59,9800500,25691032.00
2024/04/23,2.60,2.66,2.59,2.62,8704291,22812450.00
2024/04/24,2.63,2.69,2.62,2.66,7194300,19017842.00
2024/04/25,2.66,2.78,2.65,2.77,9844500,26968556.00
2024/04/26,2.78,2.81,2.70,2.80,11067801,30505964.00
2024/04/29,2.75,2.88,2.69,2.87,12051332,33744612.00
2024/04/30,2.86,2.89,2.81,2.85,7969902,22641920.00
2024/05/06,2.86,3.02,2.85,3.00,11717351,34329964.00
2024/05/07,2.99,3.03,2.96,3.03,8297600,24893364.00
2024/05/08,3.03,3.06,2.96,2.99,7630200,22879252.00
2024/05/09,2.99,3.03,2.94,2.96,6761121,20077542.00
2024/05/10,2.95,2.97,2.91,2.93,6071001,17793436.00
2024/05/13,2.90,2.95,2.86,2.90,6302200,18270784.00
2024/05/14,2.93,2.97,2.92,2.94,5257221,15483916.00
2024/05/15,2.95,3.02,2.89,2.96,4930400,14599351.00
2024/05/16,2.97,3.26,2.96,3.07,30925600,97004760.00
2024/05/17,3.05,3.17,3.02,3.07,22140900,68262400.00
2024/05/20,3.05,3.08,3.01,3.02,12952600,39382280.00
2024/05/21,3.01,3.01,2.91,2.95,10203300,30074082.00
2024/05/22,2.95,2.95,2.90,2.91,7665300,22334940.00
2024/05/23,2.92,2.92,2.79,2.81,7671000,21705138.00
2024/05/24,2.83,2.86,2.79,2.81,5308800,15014662.00
2024/05/27,2.82,2.83,2.76,2.83,4920950,13747480.00
2024/05/28,2.83,2.83,2.76,2.77,4329600,12076015.00
2024/05/29,2.74,2.81,2.74,2.76,4735600,13106063.00
2024/05/30,2.75,2.83,2.74,2.76,5299400,14732238.00
2024/05/31,2.78,2.79,2.72,2.74,5768500,15803556.00
2024/06/03,2.76,2.76,2.61,2.64,6026900,16027936.00
2024/06/04,2.62,2.62,2.56,2.61,6930200,17963556.00
2024/06/05,2.58,2.61,2.49,2.50,8247100,21063004.00
2024/06/06,2.45,2.52,2.29,2.34,10821900,25651328.00
2024/06/07,2.38,2.51,2.35,2.48,7932500,19486520.00
2024/06/11,2.52,2.52,2.40,2.45,5689600,13864470.00
2024/06/12,2.44,2.55,2.43,2.52,5998400,14967230.00
2024/06/13,2.56,2.57,2.45,2.48,5419200,13448809.00
2024/06/14,2.47,2.50,2.42,2.44,4367200,10677810.00
2024/06/17,2.44,2.46,2.37,2.39,4884000,11744336.00
2024/06/18,2.37,2.43,2.36,2.42,5979600,14370607.00
2024/06/19,2.41,2.44,2.36,2.37,5193200,12406357.00
2024/06/20,2.35,2.39,2.32,2.33,4506900,10596316.00
2024/06/21,2.31,2.39,2.28,2.34,3975200,9347293.00
2024/06/24,2.35,2.35,2.19,2.22,7892800,17685400.00
2024/06/25,2.21,2.32,2.21,2.28,5917800,13439229.00
2024/06/26,2.23,2.35,2.23,2.35,4625401,10640684.00
2024/06/27,2.36,2.37,2.29,2.29,4007600,9317488.00
2024/06/28,2.25,2.35,2.25,2.31,4113500,9561878.00
2024/07/01,2.31,2.38,2.29,2.37,3360501,7857028.00
2024/07/02,2.37,2.42,2.34,2.39,4197701,10046460.00
2024/07/03,2.39,2.45,2.39,2.39,3503200,8450193.00
2024/07/04,2.40,2.41,2.29,2.30,4398000,10284106.00
2024/07/05,2.30,2.36,2.26,2.35,3102000,7193668.00
2024/07/08,2.33,2.37,2.25,2.26,4181611,9559165.00
2024/07/09,2.27,2.29,2.19,2.27,4071000,9154017.00
2024/07/10,2.28,2.28,2.20,2.21,3532400,7867718.00
2024/07/11,2.26,2.34,2.24,2.32,4588400,10536930.00
2024/07/12,2.31,2.36,2.30,2.32,3956800,9239526.00
2024/07/15,2.30,2.32,2.26,2.29,2702750,6165321.00
2024/07/16,2.27,2.29,2.22,2.23,4237900,9493228.00
2024/07/17,2.23,2.24,2.20,2.22,3489300,7742465.00
2024/07/18,2.21,2.25,2.16,2.24,3415100,7535155.00
2024/07/19,2.24,2.26,2.19,2.23,3218373,7159992.00
2024/07/22,2.22,2.24,2.19,2.24,2605720,5788957.00
2024/07/23,2.23,2.28,2.23,2.24,3307120,7480127.00
2024/07/24,2.22,2.24,2.18,2.20,5005300,11040944.00
2024/07/25,2.18,2.25,2.17,2.24,3555800,7887441.00
2024/07/26,2.20,2.27,2.20,2.24,4057800,9076318.00
2024/07/29,2.24,2.33,2.22,2.31,5364753,12245481.00
2024/07/30,2.32,2.40,2.30,2.38,7807503,18411732.00
2024/07/31,2.48,2.61,2.42,2.45,27641036,68657872.00
2024/08/01,2.43,2.49,2.41,2.43,19003733,46722504.00
2024/08/02,2.45,2.47,2.39,2.40,10130994,24608260.00
2024/08/05,2.37,2.45,2.35,2.36,7925547,18979804.00
2024/08/06,2.35,2.41,2.33,2.40,6827600,16228528.00
2024/08/07,2.39,2.41,2.35,2.39,5785000,13789945.00
2024/08/08,2.39,2.41,2.35,2.39,5646634,13474085.00
2024/08/09,2.36,2.41,2.34,2.35,5940100,14132305.00
2024/08/12,2.34,2.37,2.31,2.32,4175900,9730913.00
2024/08/13,2.30,2.35,2.27,2.33,4486500,10380278.00
2024/08/14,2.32,2.36,2.32,2.34,4856600,11366587.00
2024/08/15,2.34,2.37,2.30,2.36,4830800,11348409.00
2024/08/16,2.37,2.41,2.34,2.35,5206000,12336780.00
2024/08/19,2.35,2.38,2.31,2.32,3718100,8693537.00
2024/08/20,2.32,2.36,2.28,2.29,4512969,10464858.00
2024/08/21,2.28,2.32,2.27,2.29,3645300,8360870.00
2024/08/22,2.29,2.30,2.24,2.24,2684700,6081162.00
2024/08/23,2.24,2.27,2.22,2.25,3539700,7934381.00
2024/08/26,2.24,2.31,2.23,2.29,3861700,8804240.00
2024/08/27,2.28,2.32,2.26,2.29,3715801,8497935.00
2024/08/28,2.30,2.31,2.26,2.27,7104443,16197182.00
2024/08/29,2.27,2.30,2.24,2.29,6191300,14049821.00
2024/08/30,2.29,2.37,2.28,2.34,7018296,16416341.00
2024/09/02,2.34,2.39,2.33,2.34,5881100,13893158.00
2024/09/03,2.34,2.38,2.32,2.34,4006500,9418951.00
2024/09/04,2.34,2.35,2.28,2.29,4146900,9590226.00
2024/09/05,2.29,2.31,2.27,2.30,3482900,7971262.00
2024/09/06,2.30,2.31,2.23,2.23,4232900,9551361.00
2024/09/09,2.22,2.28,2.20,2.24,2937500,6591090.00
2024/09/10,2.24,2.28,2.22,2.25,4770301,10714213.00
2024/09/11,2.24,2.26,2.21,2.23,2791500,6236481.00
2024/09/12,2.23,2.26,2.22,2.24,3193401,7171820.00
2024/09/13,2.25,2.25,2.21,2.22,3350060,7453954.00
2024/09/18,2.20,2.24,2.14,2.20,5028401,10985260.00
2024/09/19,2.21,2.27,2.20,2.27,5375900,12074176.00
2024/09/20,2.28,2.28,2.25,2.26,3407500,7708286.00
2024/09/23,2.26,2.29,2.25,2.27,3593600,8165004.00
2024/09/24,2.28,2.34,2.26,2.34,5800300,13409155.00
2024/09/25,2.36,2.42,2.35,2.38,8817500,21084554.00
2024/09/26,2.38,2.45,2.38,2.44,7184800,17377588.00
2024/09/27,2.47,2.56,2.46,2.54,7294700,18259182.00
2024/09/30,2.60,2.79,2.54,2.74,27341276,73099528.00
2024/10/08,2.99,3.00,2.73,2.82,27117016,76899048.00
2024/10/09,2.77,2.77,2.55,2.55,18271100,48487112.00
2024/10/10,2.55,2.70,2.55,2.61,11055584,28997176.00
2024/10/11,2.61,2.63,2.49,2.52,9563500,24428082.00
2024/10/14,2.57,2.59,2.49,2.55,7824000,19854788.00
2024/10/15,2.55,2.60,2.51,2.56,8177036,20973988.00
2024/10/16,2.55,2.57,2.51,2.55,8128596,20625200.00
2024/10/17,2.55,2.58,2.49,2.50,9394050,23789496.00
2024/10/18,2.49,2.56,2.47,2.53,11516777,28983640.00
2024/10/21,2.54,2.56,2.51,2.52,9063100,22961888.00
2024/10/22,2.52,2.59,2.51,2.58,10504600,26915936.00
2024/10/23,2.56,2.62,2.56,2.58,10288800,26634644.00
2024/10/24,2.59,2.62,2.55,2.60,11388401,29485464.00
2024/10/25,2.60,2.73,2.60,2.73,22693423,61174480.00
2024/10/28,2.75,2.86,2.73,2.86,23573001,66042848.00
2024/10/29,2.93,2.95,2.74,2.78,23836271,66757520.00
2024/10/30,2.76,2.83,2.74,2.80,16882479,46923680.00
2024/10/31,2.80,2.90,2.79,2.87,18247301,52036116.00
2024/11/01,2.86,2.91,2.77,2.78,18388782,51869192.00
2024/11/04,2.78,2.81,2.74,2.79,10915200,30240036.00
2024/11/05,2.79,2.89,2.78,2.88,18097700,51446816.00
2024/11/06,2.88,2.93,2.83,2.89,16079262,46310948.00
2024/11/07,2.86,3.18,2.85,3.10,33390400,102283560.00
2024/11/08,3.11,3.18,2.99,3.01,24612800,74845312.00
2024/11/11,3.01,3.06,2.98,3.05,15446870,46717112.00
2024/11/12,3.05,3.09,2.99,3.02,19175666,58506288.00
2024/11/13,3.01,3.04,2.94,3.03,13646040,40879840.00
2024/11/14,3.01,3.02,2.93,2.93,10442100,31044334.00
2024/11/15,2.90,2.96,2.85,2.85,11994500,34967944.00
2024/11/18,2.87,2.93,2.79,2.81,11410634,32541756.00
2024/11/19,2.80,2.86,2.76,2.84,10837416,30378520.00
2024/11/20,2.85,2.96,2.82,2.94,11972400,34828596.00
2024/11/21,2.94,3.02,2.91,2.99,14383502,42796388.00
2024/11/22,3.00,3.00,2.85,2.87,12915100,37966044.00
2024/11/25,2.87,3.10,2.87,3.07,30647076,92065808.00
2024/11/26,3.05,3.07,2.99,3.02,23603712,71536120.00
2024/11/27,3.01,3.02,2.85,3.01,19734201,58108952.00
2024/11/28,3.01,3.08,3.00,3.06,19508650,59421608.00
2024/11/29,3.05,3.07,3.00,3.05,17272502,52580364.00
2024/12/02,3.07,3.13,3.04,3.13,16852270,52154020.00
2024/12/03,3.12,3.17,3.10,3.15,14760320,46317000.00
2024/12/04,3.15,3.15,3.06,3.10,19181797,59507472.00
2024/12/05,3.08,3.14,3.08,3.13,11156634,34733304.00
2024/12/06,3.13,3.23,3.11,3.23,20230654,64269984.00
2024/12/09,3.25,3.35,3.20,3.26,22596002,73993648.00
2024/12/10,3.37,3.37,3.22,3.24,17882300,58499852.00
2024/12/11,3.24,3.32,3.23,3.30,13572702,44651692.00
2024/12/12,3.30,3.40,3.29,3.39,14505900,48557552.00
2024/12/13,3.39,3.40,3.28,3.30,15331776,51111124.00
2024/12/16,3.31,3.37,3.30,3.33,10914800,36363584.00
2024/12/17,3.32,3.33,3.10,3.13,20317200,64512208.00
2024/12/18,3.13,3.20,3.03,3.14,14271100,44645016.00
2024/12/19,3.08,3.13,3.03,3.10,12287000,37777624.00
2024/12/20,3.09,3.20,3.08,3.15,13036176,41139168.00
2024/12/23,3.13,3.16,2.92,2.93,19696100,58668056.00
2024/12/24,2.93,2.98,2.89,2.97,16058010,47282948.00
2024/12/25,2.96,2.96,2.79,2.85,14734200,42007020.00
2024/12/26,2.84,2.88,2.81,2.83,10393710,29576228.00
2024/12/27,2.82,2.95,2.81,2.93,12899611,37579868.00
2024/12/30,2.93,2.95,2.80,2.91,12110000,34895588.00
2024/12/31,2.91,2.97,2.90,2.94,11417500,33586984.00
2025/01/02,2.91,2.98,2.88,2.91,11854700,34644556.00
2025/01/03,2.92,2.93,2.76,2.77,13980800,39775812.00
2025/01/06,2.79,2.80,2.65,2.75,9958100,27159636.00
2025/01/07,2.74,2.84,2.73,2.83,6398000,17815762.00
2025/01/08,2.81,2.85,2.74,2.80,7022400,19582296.00
2025/01/09,2.81,3.08,2.77,2.91,18680737,54819952.00
2025/01/10,2.88,2.97,2.80,2.80,12866161,36976104.00
2025/01/13,2.80,3.08,2.75,3.08,12669510,38507016.00
2025/01/14,3.39,3.39,3.39,3.39,7213363,24453300.00
2025/01/15,3.60,3.73,3.39,3.73,139541447,504290560.00
2025/01/16,3.78,4.10,3.77,3.89,209425687,840268928.00
2025/01/17,3.65,4.28,3.50,4.28,148668028,564175232.00
2025/01/20,4.24,4.48,3.85,3.85,174559455,702738304.00
2025/01/21,3.51,3.67,3.47,3.47,116563270,410351776.00
2025/01/22,3.26,3.33,3.12,3.12,99492483,316333952.00
2025/01/23,3.14,3.18,3.03,3.03,64494598,200200336.00
2025/01/24,3.03,3.08,2.97,3.06,45077343,136466752.00
2025/01/27,3.08,3.09,3.02,3.02,33348317,101902616.00
2025/02/05,3.02,3.10,2.99,3.09,35729318,109461888.00
2025/02/06,3.05,3.11,3.03,3.11,36238735,111407848.00
2025/02/07,3.11,3.16,3.06,3.09,42486091,132507488.00
2025/02/10,3.12,3.20,3.11,3.19,49028591,154931680.00
2025/02/11,3.19,3.21,3.12,3.16,29748527,93582512.00
2025/02/12,3.15,3.17,3.11,3.15,27306943,85541968.00
2025/02/13,3.15,3.19,3.13,3.17,33113434,104946960.00
2025/02/14,3.18,3.19,3.10,3.11,25726800,80381928.00
2025/02/17,3.10,3.16,3.07,3.14,24413803,76045424.00
2025/02/18,3.14,3.16,3.05,3.06,27398200,85277848.00
2025/02/19,3.06,3.09,3.06,3.09,14961284,46016888.00
2025/02/20,3.08,3.10,3.05,3.08,16385393,50437416.00
2025/02/21,3.09,3.09,3.02,3.05,19370500,58947728.00
2025/02/24,3.02,3.12,3.02,3.09,22585984,69655984.00
2025/02/25,3.09,3.15,3.05,3.08,19851300,61675288.00
2025/02/26,3.09,3.15,3.07,3.11,20423002,63607544.00
2025/02/27,3.11,3.17,3.07,3.14,31784900,99161576.00
2025/02/28,3.14,3.14,3.01,3.05,22544200,69609808.00
2025/03/03,3.04,3.18,3.04,3.11,36104098,113094920.00
2025/03/04,3.14,3.16,3.07,3.14,26914201,84110360.00
2025/03/05,3.14,3.14,3.05,3.13,26209403,80988288.00
2025/03/06,3.13,3.17,3.08,3.16,32216150,100901576.00
2025/03/07,3.13,3.21,3.12,3.14,27529100,87115736.00
2025/03/10,3.14,3.45,3.14,3.45,61253853,207336080.00
2025/03/11,3.39,3.46,3.30,3.36,84472068,284304512.00
2025/03/12,3.36,3.46,3.33,3.40,57244631,194997904.00
2025/03/13,3.41,3.57,3.38,3.54,79194534,275580160.00
2025/03/14,3.49,3.52,3.36,3.50,55855361,191968400.00
2025/03/17,3.49,3.49,3.40,3.42,35472800,121494776.00
2025/03/18,3.44,3.44,3.36,3.38,28182726,95362880.00
2025/03/19,3.35,3.39,3.35,3.37,17802712,59862236.00
2025/03/20,3.38,3.44,3.35,3.39,24439564,82869496.00
2025/03/21,3.35,3.36,3.27,3.30,28899098,95551928.00
2025/03/24,3.29,3.30,3.18,3.25,24230672,78237248.00
2025/03/25,3.25,3.48,3.22,3.44,56547000,190425248.00
2025/03/26,3.46,3.52,3.42,3.50,58874500,204502912.00
2025/03/27,3.46,3.82,3.45,3.60,88072260,318142464.00
2025/03/28,3.47,3.55,3.37,3.38,59691850,205218960.00
2025/03/31,3.42,3.42,3.15,3.24,37619500,121408064.00
2025/04/01,3.23,3.34,3.22,3.31,26734610,87932224.00
2025/04/02,3.34,3.34,3.23,3.25,18473700,60268856.00
2025/04/03,3.20,3.30,3.18,3.27,24286200,78825936.00
2025/04/07,3.11,3.14,2.94,2.94,25253000,75432000.00
2025/04/08,2.80,2.95,2.79,2.84,29355000,83435336.00
2025/04/09,2.80,2.90,2.58,2.87,25190600,69067424.00
2025/04/10,2.89,3.00,2.88,2.94,18414809,54413084.00
2025/04/11,2.91,3.09,2.90,2.98,24408786,73298336.00
2025/04/14,3.00,3.09,2.98,3.04,20832800,63495728.00
2025/04/15,3.06,3.09,3.02,3.08,15750400,48145976.00
2025/04/16,3.07,3.09,2.96,3.01,15176300,45835480.00
2025/04/17,3.00,3.13,2.97,3.10,17432009,53873900.00
2025/04/18,3.09,3.10,3.03,3.06,13713800,41997560.00
2025/04/21,3.06,3.09,3.03,3.08,10477500,32114324.00
2025/04/22,3.10,3.14,3.07,3.12,12345400,38372912.00
2025/04/23,3.12,3.15,3.08,3.10,9944900,30944086.00
2025/04/24,3.09,3.11,3.04,3.08,10666702,32727004.00
2025/04/25,3.07,3.11,3.05,3.07,10573100,32602342.00
2025/04/28,3.08,3.08,2.98,2.99,12327000,37055512.00
2025/04/29,2.96,3.09,2.96,3.05,13086200,39902288.00
2025/04/30,3.07,3.12,3.04,3.05,11210220,34532564.00
2025/05/06,3.08,3.14,3.06,3.14,13418921,41896308.00
2025/05/07,3.17,3.23,3.13,3.22,21326000,68128256.00
2025/05/08,3.21,3.23,3.18,3.22,14260100,45754116.00
2025/05/09,3.22,3.25,3.18,3.19,10630800,34082496.00
2025/05/12,3.20,3.22,3.16,3.20,13933412,44417400.00
2025/05/13,3.24,3.24,3.16,3.19,14335800,45855128.00
2025/05/14,3.18,3.32,3.18,3.28,28780702,93769960.00
2025/05/15,3.26,3.34,3.24,3.26,22084500,72456616.00
2025/05/16,3.23,3.30,3.21,3.29,14307900,46663840.00
2025/05/19,3.33,3.35,3.27,3.35,17005400,56481680.00
2025/05/20,3.35,3.36,3.29,3.33,15755500,52234200.00
2025/05/21,3.31,3.34,3.28,3.30,12097300,39974756.00
2025/05/22,3.28,3.32,3.22,3.24,13619200,44324992.00
2025/05/23,3.22,3.30,3.21,3.22,11835200,38529184.00
2025/05/26,3.23,3.27,3.21,3.26,8684100,28147206.00
2025/05/27,3.26,3.28,3.21,3.27,10458500,33919208.00
2025/05/28,3.27,3.33,3.21,3.22,14574780,47411864.00
2025/05/29,3.21,3.27,3.18,3.24,12917981,41880296.00
2025/05/30,3.23,3.27,3.17,3.19,15506900,49619080.00
2025/06/03,3.18,3.27,3.15,3.26,14863800,48201988.00
2025/06/04,3.25,3.30,3.24,3.29,10800002,35389072.00
2025/06/05,3.31,3.31,3.25,3.29,10411704,34065712.00
2025/06/06,3.27,3.35,3.27,3.34,15218402,50600680.00
2025/06/09,3.32,3.34,3.29,3.33,13165800,43662136.00
2025/06/10,3.34,3.35,3.25,3.30,12794680,42197592.00
2025/06/11,3.28,3.34,3.28,3.30,9496750,31497820.00
2025/06/12,3.29,3.33,3.26,3.32,14410809,47471272.00
2025/06/13,3.32,3.45,3.30,3.35,28461800,95698760.00
2025/06/16,3.34,3.45,3.33,3.39,30147600,102515608.00
2025/06/17,3.36,3.55,3.36,3.48,45793481,158765968.00
2025/06/18,3.47,3.69,3.41,3.46,61510011,217250880.00
2025/06/19,3.45,3.60,3.37,3.54,61265213,212611776.00
2025/06/20,3.49,3.54,3.33,3.33,40506967,137652832.00
2025/06/23,3.30,3.49,3.27,3.42,30452200,103654736.00
2025/06/24,3.39,3.41,3.25,3.37,31908601,106421048.00
2025/06/25,3.37,3.48,3.32,3.39,24650200,83359664.00
2025/06/26,3.38,3.69,3.38,3.48,40299000,141168736.00
2025/06/27,3.48,3.50,3.40,3.41,25576900,87970520.00
2025/06/30,3.44,3.45,3.37,3.41,19597900,66691144.00
2025/07/01,3.40,3.44,3.34,3.39,21005550,71020000.00
2025/07/02,3.36,3.40,3.35,3.39,16475099,55575008.00
2025/07/03,3.39,3.39,3.33,3.37,18539400,62394568.00
2025/07/04,3.37,3.71,3.35,3.71,111799939,410329856.00
2025/07/07,3.63,3.96,3.60,3.80,162813743,614667328.00
2025/07/08,3.72,3.85,3.63,3.80,90517144,337486240.00
2025/07/09,3.76,3.82,3.70,3.72,63599041,238142432.00
2025/07/10,3.71,3.72,3.63,3.66,50676684,185090592.00
2025/07/11,3.65,3.69,3.56,3.66,52870200,192204752.00
2025/07/14,3.65,3.70,3.63,3.66,34893500,127841200.00
2025/07/15,3.68,3.68,3.49,3.54,42164299,149397104.00
2025/07/16,3.54,3.57,3.48,3.50,26558300,93607936.00
2025/07/17,3.50,3.59,3.47,3.58,28464800,100903824.00
2025/07/18,3.58,3.59,3.53,3.57,17563400,62405636.00
2025/07/21,3.58,3.73,3.56,3.65,36147877,131947472.00
2025/07/22,3.65,3.74,3.59,3.69,37917586,138707712.00
2025/07/23,3.69,4.06,3.64,3.85,118251246,463402848.00
2025/07/24,3.80,3.89,3.73,3.81,75481354,287150464.00
2025/07/25,3.82,3.83,3.67,3.68,40649100,150828208.00
2025/07/28,3.67,3.70,3.65,3.68,23777500,87272440.00
2025/07/29,3.67,3.68,3.56,3.61,25977100,93412960.00
2025/07/30,3.60,3.77,3.60,3.75,53631844,198935632.00
2025/07/31,3.71,3.74,3.59,3.62,33893700,123840120.00
2025/08/01,3.61,3.75,3.59,3.66,24035550,88058784.00
2025/08/04,3.62,3.90,3.61,3.79,44735550,168463584.00
2025/08/05,3.79,3.84,3.76,3.79,27384542,103729304.00
2025/08/06,3.79,3.81,3.73,3.76,19874980,74548392.00
2025/08/07,3.76,3.80,3.72,3.76,23161380,87009520.00
2025/08/08,3.90,4.05,3.82,3.84,54207411,210986512.00
2025/08/11,3.77,3.86,3.76,3.82,30232400,115164424.00
2025/08/12,3.81,3.82,3.74,3.77,20880675,78734432.00
2025/08/13,3.78,3.85,3.76,3.79,23759601,90340280.00
2025/08/14,3.81,3.81,3.67,3.68,27118100,100866584.00
2025/08/15,3.68,3.72,3.66,3.70,15912811,58798480.00
2025/08/18,3.72,3.75,3.70,3.72,18101161,67372656.00
2025/08/19,3.74,3.75,3.68,3.74,22641100,84232240.00
2025/08/20,3.73,3.79,3.71,3.79,22546600,84576808.00
2025/08/21,3.84,3.85,3.78,3.82,29188563,111414576.00
2025/08/22,3.79,3.80,3.69,3.74,35893802,133599056.00
2025/08/25,3.75,3.77,3.70,3.74,20004823,74613656.00
2025/08/26,3.72,3.76,3.69,3.73,17566713,65598232.00
2025/08/27,3.73,3.74,3.59,3.59,31609400,115749464.00
2025/08/28,3.58,3.62,3.44,3.56,25799100,90997792.00
2025/08/29,3.54,3.57,3.52,3.55,11635042,41210312.00
2025/09/01,3.55,3.61,3.51,3.60,12468201,44496528.00
2025/09/02,3.60,3.60,3.53,3.60,13169501,46953376.00
2025/09/03,3.62,3.62,3.49,3.50,10206400,36072104.00
2025/09/04,3.47,3.56,3.47,3.52,9301700,32813476.00
2025/09/05,3.52,3.54,3.49,3.53,7552427,26568782.00
2025/09/08,3.55,3.60,3.54,3.60,9750550,34878328.00
2025/09/09,3.60,3.63,3.57,3.59,10155700,36551448.00
2025/09/10,3.58,3.61,3.57,3.59,9110128,32712516.00
2025/09/11,3.59,3.64,3.56,3.64,13275335,47915448.00
2025/09/12,3.63,3.64,3.61,3.62,11139835,40388372.00
2025/09/15,3.62,3.63,3.58,3.61,7602800,27361884.00
2025/09/16,3.61,3.67,3.60,3.67,14172800,51526976.00
2025/09/17,3.66,3.78,3.64,3.72,26511400,98663312.00
2025/09/18,3.71,3.74,3.62,3.67,20877515,77088992.00
2025/09/19,3.66,3.67,3.57,3.60,11973915,43170336.00
2025/09/22,3.61,3.61,3.55,3.57,8221300,29316810.00
2025/09/23,3.59,3.59,3.45,3.47,12379900,43214340.00
2025/09/24,3.48,3.56,3.47,3.55,7941302,27941572.00
2025/09/25,3.55,3.55,3.49,3.54,6483700,22819396.00
2025/09/26,3.53,3.64,3.50,3.60,12651503,45404976.00
2025/09/29,3.60,3.65,3.56,3.63,8877100,32135542.00
2025/09/30,3.63,3.65,3.61,3.64,8357320,30373632.00
2025/10/09,3.64,3.66,3.59,3.61,9051551,32631774.00
2025/10/10,3.61,3.72,3.60,3.69,20395151,74971416.00
2025/10/13,3.61,3.72,3.58,3.72,16874333,61974364.00
2025/10/14,3.73,3.74,3.69,3.72,13944126,51828640.00
2025/10/15,3.72,3.76,3.71,3.74,15725666,58757596.00
2025/10/16,3.74,3.76,3.70,3.72,12368100,46046224.00
2025/10/17,3.72,3.74,3.66,3.68,11388900,42164264.00
2025/10/20,3.68,3.73,3.67,3.73,11586400,42916128.00
2025/10/21,3.73,3.78,3.71,3.78,14055300,52724352.00
2025/10/22,3.77,3.81,3.75,3.80,13081002,49632012.00
2025/10/23,3.82,3.86,3.79,3.85,17130800,65605008.00
2025/10/24,3.85,3.87,3.77,3.78,14127101,53991856.00
2025/10/27,3.80,3.83,3.75,3.78,13250842,50156856.00
2025/10/28,3.79,3.81,3.76,3.78,8470700,31986790.00
2025/10/29,3.76,3.76,3.71,3.75,14217000,53095576.00
2025/10/30,3.76,3.77,3.71,3.73,7332400,27380812.00
2025/10/31,3.73,3.77,3.73,3.74,7396701,27711220.00
2025/11/03,3.74,3.82,3.74,3.81,13896171,52590728.00
2025/11/04,3.79,3.83,3.78,3.81,10636199,40455500.00
2025/11/05,3.78,3.87,3.77,3.85,12375401,47494084.00
2025/11/06,3.86,3.89,3.82,3.88,9737371,37681120.00
2025/11/07,3.89,3.96,3.86,3.95,16288501,63970064.00
2025/11/10,3.95,4.35,3.95,4.35,85927791,367343648.00
2025/11/11,4.37,4.44,4.26,4.32,101610542,440540160.00
2025/11/12,4.34,4.36,4.25,4.29,44665215,191710832.00
2025/11/13,4.32,4.58,4.28,4.47,84416387,375476864.00
2025/11/14,4.45,4.64,4.43,4.52,66907205,303159616.00
2025/11/17,4.52,4.57,4.40,4.52,39501805,176685568.00
2025/11/18,4.51,4.51,4.27,4.30,32999501,143079232.00
2025/11/19,4.27,4.32,4.17,4.21,22427599,94974200.00
2025/11/20,4.21,4.23,4.10,4.14,17612766,73164128.00
2025/11/21,4.10,4.13,3.79,3.80,35558822,139300416.00
2025/11/24,3.89,3.92,3.80,3.89,22726499,87771616.00
2025/11/25,3.88,3.99,3.88,3.90,14882199,58202728.00
2025/11/26,3.92,3.96,3.87,3.88,11306800,44240696.00
2025/11/27,3.89,3.95,3.85,3.91,12909500,50594476.00
2025/11/28,3.93,4.00,3.89,3.98,13497300,53378648.00
2025/12/01,3.99,4.28,3.98,4.10,27748415,114195536.00
2025/12/02,4.11,4.23,4.03,4.18,29097030,120985920.00
2025/12/03,4.18,4.20,4.09,4.20,20253800,84140048.00
2025/12/04,4.17,4.18,4.04,4.05,14799080,60483828.00
2025/12/05,4.02,4.15,4.02,4.12,11490900,47121908.00
2025/12/08,4.17,4.18,4.03,4.10,12575400,51397180.00
2025/12/09,4.11,4.13,4.01,4.03,12201100,49677436.00
2025/12/10,4.02,4.06,3.98,3.98,9947100,39897940.00
2025/12/11,4.00,4.00,3.86,3.86,14325300,55893744.00
2025/12/12,3.85,3.90,3.82,3.83,9706900,37482688.00
2025/12/15,3.83,3.91,3.80,3.88,10555600,40742104.00
2025/12/16,3.88,3.88,3.76,3.77,10119400,38405580.00
2025/12/17,3.80,3.81,3.69,3.73,12385600,46245472.00
2025/12/18,3.72,3.78,3.71,3.75,11234100,42243800.00
2025/12/19,3.77,3.84,3.72,3.83,9593700,36481528.00
2025/12/22,3.85,3.87,3.81,3.83,9136500,35092524.00
2025/12/23,3.83,3.85,3.78,3.83,8227000,31392540.00
2025/12/24,3.83,3.84,3.79,3.83,6794600,25938592.00
2025/12/25,3.82,3.90,3.79,3.87,7842300,30167566.00
2025/12/26,3.86,3.88,3.82,3.83,7082400,27224988.00
2025/12/29,3.84,3.85,3.78,3.80,10288900,39185404.00
2025/12/30,3.79,3.81,3.73,3.75,9999000,37609500.00
2025/12/31,3.76,3.76,3.67,3.72,9817600,36408684.00
2026/01/05,3.72,3.78,3.72,3.74,9714200,36384744.00
2026/01/06,3.75,3.82,3.73,3.78,12897900,48894376.00
2026/01/07,3.80,3.80,3.70,3.73,13968500,52268360.00
2026/01/08,3.73,3.84,3.70,3.79,15078774,56915336.00
2026/01/09,3.80,3.81,3.74,3.79,10523642,39713556.00
2026/01/12,3.79,3.80,3.73,3.76,21185106,79466808.00
2026/01/13,3.75,3.76,3.67,3.68,25616600,95199520.00
2026/01/14,3.69,3.70,3.59,3.64,21380300,78286800.00
2026/01/15,3.63,3.65,3.60,3.64,13713403,49688432.00
2026/01/16,3.66,3.66,3.57,3.61,11053950,39936956.00
2026/01/19,3.60,3.70,3.58,3.70,13222511,48582268.00
2026/01/20,3.71,3.72,3.68,3.71,10540900,39033788.00
2026/01/21,3.71,3.75,3.67,3.75,13960142,51909096.00
2026/01/22,3.74,3.79,3.71,3.79,15506302,58378340.00
2026/01/23,3.82,3.90,3.77,3.89,20069130,77011160.00
2026/01/26,3.92,3.93,3.82,3.89,21486620,83322768.00
2026/01/27,3.88,3.92,3.76,3.92,23155550,89106920.00
2026/01/28,3.90,4.31,3.87,4.05,108962780,452601632.00
2026/01/29,3.96,4.21,3.96,4.03,78755144,317462592.00
2026/01/30,3.94,4.06,3.90,3.98,45154700,179421664.00
2026/02/02,3.95,3.99,3.74,3.74,33588643,129619304.00
2026/02/03,3.79,3.88,3.76,3.86,27217900,104434032.00
2026/02/04,3.90,3.93,3.83,3.90,18935942,73602632.00
2026/02/05,3.89,3.96,3.86,3.86,15780100,61579868.00
2026/02/06,3.83,3.98,3.82,3.91,16323226,63918544.00
2026/02/09,3.98,3.99,3.89,3.94,14591400,57351016.00
2026/02/10,3.93,3.97,3.90,3.93,13017543,51301476.00
2026/02/11,3.93,4.02,3.89,3.98,21632800,85978944.00
2026/02/12,3.98,3.98,3.86,3.86,19128700,74430872.00
2026/02/13,3.85,3.88,3.81,3.81,11508400,44220240.00
2026/02/24,3.84,4.02,3.84,3.99,26277300,104140520.00
2026/02/25,4.00,4.09,3.99,4.03,26348500,106805912.00
2026/02/26,4.05,4.07,3.96,3.97,17338000,69482776.00
2026/02/27,3.95,4.03,3.95,4.03,15330800,61248316.00
2026/03/02,4.07,4.12,3.97,4.03,23717900,95888120.00
2026/03/03,4.03,4.07,3.88,3.89,22061400,87632344.00
2026/03/04,3.83,3.95,3.81,3.88,14074600,54672324.00
2026/03/05,3.92,3.94,3.83,3.84,16960600,65557640.00
2026/03/06,3.84,4.05,3.84,4.04,25304400,100693064.00
2026/03/09,4.06,4.10,3.96,4.00,23402100,94059344.00
2026/03/10,4.00,4.01,3.93,3.94,21881600,86590944.00
2026/03/11,3.94,4.00,3.88,3.99,19999730,78746856.00
2026/03/12,4.01,4.11,3.95,4.06,37329072,151297520.00
2026/03/13,4.04,4.19,4.03,4.12,44089701,182064704.00
2026/03/16,4.10,4.28,4.04,4.07,39179910,162374048.00
2026/03/17,4.04,4.21,4.03,4.03,33541930,137792720.00
2026/03/18,4.04,4.09,3.92,3.98,26730000,106565968.00
2026/03/19,4.04,4.25,3.81,3.84,58678122,233279264.00
2026/03/20,3.83,3.85,3.65,3.67,38837401,144776240.00
2026/03/23,3.51,3.66,3.39,3.43,33308850,117289776.00
2026/03/24,3.49,3.55,3.37,3.54,24777500,85769512.00
2026/03/25,3.54,3.67,3.52,3.64,17124872,61813112.00
2026/03/26,3.65,3.70,3.59,3.64,15496300,56433452.00
2026/03/27,3.61,3.82,3.61,3.75,26581400,99721392.00
2026/03/30,3.82,4.13,3.79,3.95,91964025,368962144.00
2026/03/31,4.03,4.12,3.85,3.86,93235650,372789472.00
2026/04/01,3.88,3.94,3.68,3.75,49812786,186812880.00
2026/04/02,3.72,3.74,3.57,3.61,24149050,87880088.00
2026/04/03,3.61,3.61,3.25,3.28,46047900,154386528.00
2026/04/07,3.28,3.61,3.28,3.61,54429470,191622176.00
2026/04/08,3.68,3.72,3.59,3.61,52843701,192909664.00
2026/04/09,3.68,3.70,3.52,3.54,30895500,110332536.00
2026/04/10,3.58,3.63,3.52,3.57,20608722,73856448.00
2026/04/13,3.21,3.21,3.21,3.21,10319400,33125274.00
2026/04/14,3.11,3.21,2.93,2.98,122876120,371521280.00
2026/04/15,2.96,2.97,2.75,2.77,89211715,251117360.00
2026/04/16,2.75,2.87,2.67,2.84,68660002,190357360.00
2026/04/17,2.89,2.96,2.68,2.71,63672901,175555856.00
2026/04/20,2.73,2.75,2.66,2.72,37969202,102952304.00
2026/04/21,2.78,2.81,2.70,2.73,34443880,94536256.00
2026/04/22,2.73,2.82,2.69,2.75,37724161,104005952.00
2026/04/23,2.75,2.90,2.73,2.81,57692401,163189472.00
2026/04/24,2.77,2.97,2.75,2.95,72232860,207275792.00
2026/04/28,2.83,2.98,2.83,2.92,69423286,201370592.00
2026/04/29,2.91,3.07,2.91,3.07,38302321,116630144.00
2026/04/30,3.08,3.18,3.04,3.09,28487650,88361384.00
2026/05/06,3.10,3.17,3.02,3.07,18773906,57782860.00
2026/05/07,3.08,3.19,3.05,3.16,13515806,42433284.00
2026/05/08,3.18,3.25,3.13,3.22,12128300,38904260.00
2026/05/11,3.25,3.30,3.14,3.14,18629502,59791344.00
2026/05/12,3.14,3.16,3.05,3.07,14760200,45532936.00
2026/05/13,3.06,3.08,3.01,3.02,14381742,43663880.00
2026/05/14,3.01,3.02,2.87,2.88,18194600,52972200.00
2026/05/15,2.91,2.97,2.88,2.92,11882142,34799616.00
2026/05/18,2.89,2.90,2.78,2.87,11933101,33673500.00
2026/05/19,2.86,2.93,2.84,2.91,10336929,29752288.00
2026/05/20,2.92,2.94,2.82,2.84,9226680,26415488.00
2026/05/21,2.84,2.84,2.72,2.73,17955141,49719896.00
2026/05/22,2.75,2.76,2.71,2.75,7528800,20606568.00
2026/05/25,2.78,2.82,2.74,2.81,8697401,24184848.00
2026/05/26,2.80,2.81,2.74,2.80,6283700,17399854.00
2026/05/27,2.78,2.79,2.72,2.73,6381300,17517268.00
2026/05/28,2.70,2.80,2.70,2.77,5687480,15712833.00
2026/05/29,2.77,2.86,2.74,2.75,8261800,23131298.00
2026/06/01,2.75,2.82,2.74,2.82,10144942,28355126.00
2026/06/02,2.84,2.84,2.76,2.79,8703442,24219864.00
2026/06/03,2.79,2.80,2.70,2.71,9294500,25492800.00
2026/06/04,2.71,2.72,2.61,2.64,8068000,21472172.00
2026/06/05,2.65,2.69,2.59,2.66,7451800,19673160.00
2026/06/08,2.60,2.70,2.53,2.54,9752900,25339104.00
2026/06/09,2.56,2.59,2.49,2.50,6704375,16975756.00
2026/06/10,2.49,2.53,2.39,2.48,9383800,23164380.00
2026/06/11,2.44,2.52,2.44,2.48,6145500,15163267.00
2026/06/12,2.51,2.53,2.43,2.48,7112300,17607878.00
2026/06/15,2.47,2.60,2.45,2.48,9759760,24670780.00
2026/06/16,2.48,2.49,2.41,2.49,7264000,17827032.00
2026/06/17,2.50,2.51,2.37,2.37,8978700,21612880.00
2026/06/18,2.34,2.38,2.29,2.29,7540500,17495340.00
2026/06/22,2.29,2.31,2.18,2.27,11532809,25589788.00
2026/06/23,2.25,2.38,2.24,2.38,7527900,17710996.00
2026/06/24,2.38,2.46,2.29,2.32,8521700,20067404.00
2026/06/25,2.27,2.32,2.20,2.22,7674500,17045594.00
2026/06/26,2.22,2.25,2.15,2.22,5666200,12512343.00
2026/06/29,2.22,2.23,2.12,2.22,5326300,11649288.00
2026/06/30,2.22,2.28,2.16,2.25,6804400,15276691.00
2026/07/01,2.25,2.36,2.25,2.36,7471530,17454176.00
2026/07/02,2.41,2.48,2.41,2.48,5370880,13216280.00
2026/07/03,2.60,2.60,2.49,2.59,12882950,32911376.00
2026/07/06,2.59,2.67,2.54,2.58,8615276,22404564.00
2026/07/07,2.56,2.57,2.39,2.39,6883588,16899400.00
2026/07/08,2.54,2.63,2.43,2.46,16315100,41211680.00
2026/07/09,2.39,2.53,2.37,2.44,10939580,26568304.00
2026/07/10,2.45,2.49,2.38,2.45,8448500,20612802.00
2026/07/13,2.47,2.55,2.42,2.44,7397500,18361212.00
2026/07/14,2.44,2.51,2.42,2.51,6157800,15224063.00
2026/07/15,2.48,2.63,2.48,2.57,9127800,23524292.00
2026/07/16,2.57,2.62,2.54,2.59,7214700,18629340.00
2026/07/17,2.58,2.75,2.52,2.56,11269300,29531008.00
2026/07/20,2.55,2.60,2.38,2.48,8382800,20709140.00
2026/07/21,2.41,2.48,2.37,2.45,5579300,13482357.00
2026/07/22,2.42,2.46,2.41,2.44,3496300,8531102.00
2026/07/23,2.42,2.54,2.40,2.54,5806300,14497548.00
2026/07/24,2.53,2.56,2.51,2.52,3748700,9489627.00
2026/07/27,2.53,2.58,2.52,2.58,4509100,11516684.00
2026/07/28,2.56,2.65,2.56,2.65,5648600,14832605.00
2026/07/29,2.68,2.72,2.64,2.69,6150150,16456497.00
2026/07/30,2.68,2.72,2.63,2.70,5662600,15165567.00
2026/07/31,2.69,2.71,2.64,2.71,6462000,17311596.00
2026/08/03,2.71,2.83,2.71,2.81,8193300,22803704.00
2026/08/04,2.85,2.88,2.76,2.79,7037200,19627528.00
2026/08/05,2.79,2.79,2.73,2.79,6012900,16606074.00
2026/08/06,2.77,2.83,2.75,2.83,6335200,17655754.00
2026/08/07,2.83,2.83,2.78,2.83,5800000,16279674.00
2026/08/10,2.83,2.92,2.80,2.92,7901200,22796436.00
2026/08/11,2.92,2.94,2.89,2.89,5401900,15746480.00
2026/08/12,2.88,2.93,2.87,2.92,4839342,14023626.00
2026/08/13,2.92,2.93,2.78,2.79,8975042,25454262.00
2026/08/14,2.79,2.83,2.76,2.81,4061584,11361433.00
2026/08/17,2.81,2.90,2.79,2.89,5888601,16736233.00
2026/08/18,2.90,2.90,2.85,2.87,4088600,11736007.00
2026/08/19,2.86,2.87,2.73,2.73,4790200,13407540.00
2026/08/20,2.77,2.82,2.75,2.81,2477000,6919270.00
2026/08/21,2.81,2.82,2.76,2.81,2835600,7904118.00
2026/08/24,2.80,2.83,2.77,2.82,3189902,8940237.00
2026/08/25,2.82,2.90,2.80,2.89,3625200,10365550.00
2026/08/26,2.89,2.93,2.88,2.91,4173000,12163191.00
2026/08/27,2.91,2.93,2.88,2.90,3648700,10586190.00
2026/08/28,2.92,2.94,2.88,2.94,3337500,9711627.00
2026/08/31,2.94,2.97,2.92,2.97,3553100,10486894.00
2026/09/01,2.96,2.97,2.94,2.97,1870200,5534653.00
2026/09/02,2.96,2.97,2.91,2.94,3200900,9372956.00
2026/09/03,2.95,2.95,2.86,2.88,4193600,12142036.00
2026/09/04,2.89,2.90,2.86,2.86,2413200,6950057.00
2026/09/07,2.86,2.87,2.82,2.83,3101900,8801164.00
2026/09/08,2.84,2.86,2.81,2.84,3651000,10356929.00
2026/09/09,2.83,2.85,2.77,2.80,4089500,11459991.00
2026/09/10,2.80,2.82,2.79,2.81,2440400,6842428.00
2026/09/11,2.80,2.81,2.74,2.79,3972180,10996522.00
2026/09/14,2.79,2.80,2.76,2.77,1702000,4731755.00
#数据来源:通达信
