688472 阿特斯 日线 前复权
      日期	    开盘	    最高	    最低	    收盘	    成交量	    成交额
2023/06/09,12.59,13.29,11.65,12.74,283169140,3588367104.00
2023/06/12,12.67,14.82,12.50,14.36,208777787,2921000192.00
2023/06/13,14.04,15.36,14.04,14.49,133164505,2013896960.00
2023/06/14,14.36,15.25,14.33,14.88,86679311,1310631808.00
2023/06/15,14.79,16.54,14.39,16.09,116127819,1864999936.00
2023/06/16,16.24,19.37,16.15,19.37,110718441,2017545984.00
2023/06/19,19.94,19.94,17.57,18.69,131289387,2463510272.00
2023/06/20,18.21,20.25,17.75,18.74,115489784,2211669504.00
2023/06/21,18.46,19.24,18.29,18.50,65438895,1247296640.00
2023/06/26,18.30,19.15,17.09,18.72,70460513,1311875456.00
2023/06/27,18.51,20.48,18.51,18.96,75794592,1494848640.00
2023/06/28,18.83,19.27,18.42,19.06,53982659,1038569024.00
2023/06/29,19.01,19.09,18.10,18.43,52507488,990991296.00
2023/06/30,18.27,18.67,17.79,18.05,46574579,864562112.00
2023/07/03,18.34,18.55,17.63,18.11,30664377,563325568.00
2023/07/04,18.04,18.34,17.17,17.36,49492533,885990528.00
2023/07/05,17.41,17.49,16.27,16.49,48521788,827246400.00
2023/07/06,16.41,16.76,16.09,16.63,24834061,417104128.00
2023/07/07,16.49,16.52,15.40,15.62,34658465,562200832.00
2023/07/10,15.76,17.08,15.57,16.69,47873489,806004480.00
2023/07/11,16.56,16.90,16.39,16.84,39994214,680232576.00
2023/07/12,16.93,16.95,15.62,16.45,43558512,725352256.00
2023/07/13,16.46,17.18,16.46,16.71,32354784,555428352.00
2023/07/14,16.70,16.74,15.94,16.06,34829962,575710976.00
2023/07/17,16.17,16.38,15.76,15.84,20446913,333821216.00
2023/07/18,15.95,16.08,15.57,15.84,19693329,317357248.00
2023/07/19,15.73,15.93,15.61,15.83,15333610,246138928.00
2023/07/20,15.94,16.15,15.33,15.49,26069650,417307168.00
2023/07/21,15.41,15.61,15.18,15.19,16876037,264042240.00
2023/07/24,15.15,15.30,14.70,14.71,20011023,304655936.00
2023/07/25,14.96,15.46,14.93,15.13,27044604,417345088.00
2023/07/26,15.03,15.79,14.85,15.39,30756740,482187040.00
2023/07/27,15.24,15.73,15.15,15.28,19410873,304734656.00
2023/07/28,15.18,15.97,15.01,15.75,30274132,481878592.00
2023/07/31,15.69,15.69,15.20,15.39,30190965,472714432.00
2023/08/01,15.32,15.32,14.79,14.96,21083529,322503232.00
2023/08/02,14.89,15.23,14.83,14.93,12547342,191653920.00
2023/08/03,14.89,15.48,14.89,15.23,24736283,385345536.00
2023/08/04,15.12,15.32,14.85,15.17,27778724,427275616.00
2023/08/07,15.17,15.26,14.90,14.93,12095821,185593200.00
2023/08/08,15.03,15.48,14.92,15.00,14155163,218155792.00
2023/08/09,15.14,15.72,14.80,15.58,32220085,505918816.00
2023/08/10,15.53,16.89,15.53,16.37,50834484,848988352.00
2023/08/11,16.24,16.39,15.83,15.91,26967462,440745376.00
2023/08/14,15.76,16.28,15.52,15.98,19628609,319673024.00
2023/08/15,16.10,16.13,15.10,15.35,26487262,418534496.00
2023/08/16,15.19,15.68,15.16,15.26,17720591,279953120.00
2023/08/17,15.27,15.85,14.99,15.75,17833895,281721056.00
2023/08/18,15.80,16.12,15.49,15.59,22376847,361627488.00
2023/08/21,15.49,15.70,14.49,14.72,31739203,482035552.00
2023/08/22,14.64,14.88,13.89,14.27,26650817,388234240.00
2023/08/23,14.27,14.36,13.44,13.46,34819864,488522176.00
2023/08/24,13.56,14.66,13.49,14.03,34064289,491146976.00
2023/08/25,13.87,14.28,13.70,13.85,19977671,284818528.00
2023/08/28,14.96,15.54,14.42,14.61,49517695,756537536.00
2023/08/29,14.60,15.44,14.60,15.29,42674162,657950336.00
2023/08/30,15.49,15.67,15.10,15.46,29904103,470493504.00
2023/08/31,15.36,15.49,15.06,15.09,18486030,287032576.00
2023/09/01,15.14,15.28,14.80,14.88,17353780,265598832.00
2023/09/04,14.96,15.02,14.61,14.89,13910990,210254080.00
2023/09/05,14.83,15.25,14.45,14.87,27581433,417624352.00
2023/09/06,14.68,14.79,14.25,14.42,25844441,380004224.00
2023/09/07,14.43,14.43,13.77,13.77,22899443,327697184.00
2023/09/08,13.74,13.91,13.68,13.85,11035363,155614368.00
2023/09/11,13.85,14.07,13.61,13.92,12478578,177044640.00
2023/09/12,13.89,14.01,13.78,13.92,10250338,145788928.00
2023/09/13,13.91,14.04,13.71,13.92,11490172,162913392.00
2023/09/14,13.80,14.04,13.80,13.93,10417502,148312192.00
2023/09/15,14.00,14.03,13.65,13.70,13749023,193896128.00
2023/09/18,13.68,13.87,13.48,13.51,15834647,220611280.00
2023/09/19,13.48,13.55,13.03,13.11,19325233,261375456.00
2023/09/20,13.08,13.19,12.83,12.86,13539804,179523920.00
2023/09/21,12.84,12.95,12.75,12.83,8774499,115413368.00
2023/09/22,12.79,12.98,12.76,12.97,16592340,218904496.00
2023/09/25,12.88,12.89,12.57,12.72,19083240,247742784.00
2023/09/26,12.73,12.92,12.65,12.69,13188410,172226048.00
2023/09/27,12.64,13.94,12.64,13.69,54054405,750935232.00
2023/09/28,13.83,14.33,13.60,13.91,38388076,551075008.00
2023/10/09,13.66,13.90,13.50,13.54,19374414,270743840.00
2023/10/10,13.56,13.73,13.17,13.25,17038925,232989344.00
2023/10/11,13.46,13.88,13.32,13.41,18141629,252883904.00
2023/10/12,13.54,13.82,13.25,13.64,20971946,290120128.00
2023/10/13,13.59,13.61,12.99,13.11,23487721,317255584.00
2023/10/16,13.10,13.16,12.75,12.84,12733210,168110656.00
2023/10/17,12.87,12.98,12.69,12.82,13434565,176131360.00
2023/10/18,12.73,12.87,12.44,12.49,14660130,188286944.00
2023/10/19,12.46,12.65,12.40,12.57,15117817,194371264.00
2023/10/20,12.51,12.88,12.48,12.62,15841746,205781344.00
2023/10/23,12.49,12.52,12.02,12.08,14350029,179068192.00
2023/10/24,12.22,12.36,11.99,12.28,10577620,132414936.00
2023/10/25,12.40,12.51,12.23,12.29,10394629,131712184.00
2023/10/26,12.16,12.17,11.89,12.15,14200470,175091904.00
2023/10/27,12.04,12.84,11.90,12.69,27747944,352513664.00
2023/10/30,12.59,13.17,12.39,13.07,26272211,345395456.00
2023/10/31,13.06,13.10,12.62,12.71,15971588,209451968.00
2023/11/01,12.74,12.85,12.60,12.62,12125972,157968128.00
2023/11/02,12.60,12.73,12.35,12.37,10111723,129610560.00
2023/11/03,12.53,13.19,12.52,12.95,25981392,343863840.00
2023/11/06,13.00,13.64,13.00,13.35,19697517,268863232.00
2023/11/07,13.23,13.34,13.09,13.19,12300860,166033584.00
2023/11/08,13.18,13.78,13.10,13.66,28057018,388701856.00
2023/11/09,13.61,15.33,13.61,14.93,70442085,1060273792.00
2023/11/10,14.70,14.83,14.35,14.60,28171856,420767904.00
2023/11/13,14.89,15.03,14.49,14.83,27909143,421229312.00
2023/11/14,14.79,15.16,14.40,14.64,28626142,431140448.00
2023/11/15,15.07,15.29,14.54,14.64,34277474,519968608.00
2023/11/16,14.49,14.49,13.61,13.61,39858264,566773632.00
2023/11/17,13.63,13.83,13.50,13.64,16382341,228727872.00
2023/11/20,13.67,13.68,13.39,13.52,18320262,252988656.00
2023/11/21,13.51,13.68,13.27,13.34,16001422,220167344.00
2023/11/22,13.33,13.33,12.95,12.96,17572434,234899888.00
2023/11/23,13.03,13.14,12.89,13.08,12711768,169676528.00
2023/11/24,13.04,13.04,12.80,12.92,9723040,128689224.00
2023/11/27,12.90,12.92,12.57,12.62,19009767,247064576.00
2023/11/28,12.54,12.63,12.42,12.51,18050720,231514048.00
2023/11/29,12.55,12.55,11.97,12.02,30680955,382578656.00
2023/11/30,12.00,12.07,11.45,11.56,32919613,395170464.00
2023/12/01,11.57,11.63,11.35,11.41,24532705,289131616.00
2023/12/04,11.45,11.47,11.13,11.14,24047881,277973504.00
2023/12/05,11.14,11.43,11.12,11.16,21533981,249776224.00
2023/12/06,11.17,11.57,11.11,11.40,25241509,296094976.00
2023/12/07,11.39,11.39,11.13,11.31,18015627,208024368.00
2023/12/08,11.34,11.64,11.32,11.39,24832219,292485728.00
2023/12/11,11.25,11.44,11.09,11.44,28000819,323605440.00
2023/12/12,11.34,11.36,11.10,11.18,23558618,271804096.00
2023/12/13,11.15,11.17,10.92,10.92,16461072,186041504.00
2023/12/14,11.09,11.19,10.92,10.93,13667456,155054224.00
2023/12/15,11.03,11.32,10.99,11.07,22443882,256961648.00
2023/12/18,11.04,11.09,10.79,10.81,13797285,154740816.00
2023/12/19,10.81,11.11,10.74,10.95,15964843,180107440.00
2023/12/20,10.98,11.06,10.89,10.91,11592780,130522520.00
2023/12/21,10.88,11.55,10.82,11.39,35362450,408311424.00
2023/12/22,11.35,12.04,11.26,11.68,46431370,555937280.00
2023/12/25,11.67,11.76,11.47,11.60,21342759,254067248.00
2023/12/26,11.49,11.74,11.44,11.61,17766282,210731616.00
2023/12/27,11.57,11.64,11.36,11.43,14374289,169177456.00
2023/12/28,11.46,12.89,11.41,12.64,67377291,850009216.00
2023/12/29,12.59,12.67,12.31,12.32,33888307,432175904.00
2024/01/02,12.39,12.54,12.19,12.33,21957532,278550656.00
2024/01/03,12.29,12.45,12.07,12.28,18870506,236776352.00
2024/01/04,12.26,12.27,12.01,12.13,13907353,172774736.00
2024/01/05,12.15,12.28,11.79,11.90,22637493,278794368.00
2024/01/08,11.83,12.20,11.65,12.04,27799256,343970304.00
2024/01/09,12.01,12.83,11.89,12.52,40924025,522967968.00
2024/01/10,12.50,13.40,12.38,13.04,52264014,696301568.00
2024/01/11,13.09,13.84,13.00,13.64,53814536,743047104.00
2024/01/12,13.69,13.95,13.47,13.60,45594522,641258880.00
2024/01/15,13.52,14.04,13.19,13.89,36607243,512776320.00
2024/01/16,13.71,14.47,13.63,14.12,32396769,466303936.00
2024/01/17,13.98,14.13,13.71,13.78,19507216,277029600.00
2024/01/18,13.68,14.17,13.50,13.87,28125681,397332800.00
2024/01/19,14.09,14.72,13.92,13.96,35378447,516490880.00
2024/01/22,13.81,13.98,13.39,13.44,27981692,392288768.00
2024/01/23,13.57,14.57,13.50,14.08,28006590,404145696.00
2024/01/24,14.40,14.54,13.82,14.27,24184619,350738816.00
2024/01/25,14.19,14.27,13.50,13.96,24031057,340045568.00
2024/01/26,13.87,14.19,13.52,13.53,16529837,232635056.00
2024/01/29,13.49,13.67,12.28,12.46,34715008,453932384.00
2024/01/30,12.43,13.05,12.33,12.58,15761192,205551376.00
2024/01/31,12.54,13.09,12.49,12.67,18583855,243791168.00
2024/02/01,12.54,13.61,12.54,13.13,24741855,335281856.00
2024/02/02,13.04,13.14,11.69,12.00,27333588,344035392.00
2024/02/05,11.77,11.89,10.95,11.19,26871659,315385728.00
2024/02/06,11.09,12.11,11.08,12.04,21972746,262956896.00
2024/02/07,11.96,12.19,11.22,11.47,37109091,441329088.00
2024/02/08,12.19,12.78,12.03,12.63,33736053,429274912.00
2024/02/19,12.57,12.81,12.25,12.81,20292066,262055248.00
2024/02/20,12.69,12.71,12.14,12.52,20267454,256553760.00
2024/02/21,12.37,13.44,12.29,13.20,28126893,376529504.00
2024/02/22,13.39,13.95,13.37,13.57,21705477,303227968.00
2024/02/23,13.60,14.22,13.60,13.98,21145343,302792768.00
2024/02/26,13.84,14.13,13.40,13.62,17976120,251098160.00
2024/02/27,13.72,14.14,13.62,14.14,17734345,252714496.00
2024/02/28,14.19,14.61,13.45,13.47,25793621,368126336.00
2024/02/29,13.37,13.65,13.25,13.65,21556070,297155232.00
2024/03/01,13.57,13.58,13.04,13.28,29109538,393263360.00
2024/03/04,13.37,13.40,12.92,13.07,19827424,266077808.00
2024/03/05,12.97,13.09,12.51,12.90,21772387,285593056.00
2024/03/06,12.78,13.67,12.77,13.31,27244302,370330880.00
2024/03/07,13.28,13.42,12.93,12.93,19282822,259578912.00
2024/03/08,12.97,13.88,12.97,13.39,55471516,765412032.00
2024/03/11,13.66,14.05,13.45,13.92,40810864,575272704.00
2024/03/12,13.87,14.15,13.69,13.92,22575149,320607520.00
2024/03/13,13.99,14.01,13.46,13.54,22297395,311347872.00
2024/03/14,13.47,13.56,13.14,13.35,13180301,180254048.00
2024/03/15,13.65,13.99,13.42,13.74,24022978,337359616.00
2024/03/18,13.76,13.93,13.54,13.83,17651147,247951184.00
2024/03/19,13.79,14.25,13.73,13.89,20199935,290232832.00
2024/03/20,13.83,14.07,13.62,13.71,15868653,223492560.00
2024/03/21,13.75,13.79,13.42,13.56,11982004,166196928.00
2024/03/22,13.45,13.59,13.09,13.15,12724983,172168432.00
2024/03/25,13.14,13.28,13.03,13.04,10706750,143734128.00
2024/03/26,13.07,13.10,12.48,12.79,14019574,183011328.00
2024/03/27,12.79,12.79,12.09,12.10,17411634,220042496.00
2024/03/28,12.09,12.34,12.04,12.15,13445089,167864000.00
2024/03/29,12.09,12.25,11.72,12.11,18833556,230638352.00
2024/04/01,12.06,12.48,12.02,12.37,13933972,175890352.00
2024/04/02,12.44,12.45,12.04,12.15,9069830,113378048.00
2024/04/03,12.16,12.27,11.92,12.24,9411579,117071744.00
2024/04/08,12.17,12.17,11.35,11.52,29876541,355488288.00
2024/04/09,11.49,11.85,11.49,11.72,11654706,140315232.00
2024/04/10,11.78,11.79,11.52,11.61,8958404,106867784.00
2024/04/11,11.51,11.70,11.42,11.47,13267485,157161488.00
2024/04/12,11.51,11.55,11.23,11.38,12409218,144937728.00
2024/04/15,11.30,11.65,11.22,11.56,13946116,163991360.00
2024/04/16,11.42,11.56,11.02,11.13,12272580,141646592.00
2024/04/17,11.13,11.52,11.13,11.49,13056389,153039888.00
2024/04/18,11.46,11.52,11.23,11.42,12158408,142438048.00
2024/04/19,11.44,11.44,11.09,11.18,11861119,136462848.00
2024/04/22,11.14,11.76,11.14,11.49,13610688,160658208.00
2024/04/23,11.50,11.73,11.44,11.54,10033677,119103256.00
2024/04/24,11.49,11.61,11.25,11.37,11401871,133675288.00
2024/04/25,11.35,11.45,11.18,11.26,7975964,92682008.00
2024/04/26,11.25,11.47,11.22,11.42,13334798,155707824.00
2024/04/29,11.44,12.56,11.39,12.25,39608654,494087488.00
2024/04/30,12.17,12.26,11.82,11.95,13306826,164203216.00
2024/05/06,11.95,12.56,11.95,12.50,25841361,329224960.00
2024/05/07,12.44,12.58,12.40,12.52,9878096,126395336.00
2024/05/08,12.52,12.52,12.22,12.24,7011042,88662488.00
2024/05/09,12.25,12.77,12.25,12.43,15075626,193892048.00
2024/05/10,12.44,12.56,11.94,12.00,13622756,168938224.00
2024/05/13,11.84,12.04,11.78,11.86,6879204,83856600.00
2024/05/14,12.00,12.04,11.79,11.86,6137586,74980760.00
2024/05/15,12.51,12.69,12.04,12.10,18047541,228003744.00
2024/05/16,11.99,12.34,11.85,12.06,10506667,129888824.00
2024/05/17,11.92,12.07,11.77,12.00,11342883,138514080.00
2024/05/20,11.92,12.07,11.82,11.95,8174160,100184976.00
2024/05/21,11.95,11.95,11.63,11.73,7870950,94953032.00
2024/05/22,11.87,12.96,11.83,12.67,40780046,519916032.00
2024/05/23,12.57,12.62,12.19,12.26,20737118,262625872.00
2024/05/24,12.29,12.54,12.12,12.17,11240005,141824064.00
2024/05/27,12.31,12.44,11.76,12.07,9550078,117080256.00
2024/05/28,11.99,12.13,11.75,11.84,9223482,112217376.00
2024/05/29,11.89,12.76,11.87,12.33,35209236,450297120.00
2024/05/30,12.44,12.78,12.22,12.29,15056163,191976848.00
2024/05/31,12.39,12.52,12.22,12.40,11062378,140888848.00
2024/06/03,12.19,12.24,11.86,12.01,14336339,176675856.00
2024/06/04,12.01,12.02,11.74,11.80,12987990,157765232.00
2024/06/05,11.76,11.76,11.49,11.51,11290648,133968944.00
2024/06/06,11.49,11.62,11.15,11.20,10139138,117923136.00
2024/06/07,11.29,11.49,11.09,11.26,8775840,101302432.00
2024/06/11,11.24,11.24,10.52,10.64,32915869,363700864.00
2024/06/12,10.66,10.68,9.92,10.20,46769195,490128512.00
2024/06/13,10.10,10.66,10.04,10.56,36642258,394188288.00
2024/06/14,10.49,11.02,10.47,10.90,39587435,442528800.00
2024/06/17,10.75,10.80,10.21,10.44,29769993,320508000.00
2024/06/18,10.47,10.82,10.39,10.59,18770598,205926928.00
2024/06/19,10.59,10.61,10.20,10.23,17439882,184547040.00
2024/06/20,10.19,10.44,9.99,10.26,25638033,270853600.00
2024/06/21,10.39,10.43,10.09,10.14,12130987,127466568.00
2024/06/24,9.98,10.08,9.65,9.66,19151825,193576128.00
2024/06/25,9.68,9.71,9.40,9.61,12351110,122000560.00
2024/06/26,9.60,10.08,9.53,9.96,27325312,280089664.00
2024/06/27,9.96,9.96,9.72,9.76,8824972,89155520.00
2024/06/28,9.77,10.09,9.77,9.87,13077575,133959224.00
2024/07/01,9.97,10.02,9.72,9.83,10153492,103128296.00
2024/07/02,9.80,9.86,9.72,9.83,7782385,78737976.00
2024/07/03,9.74,9.88,9.56,9.81,11273085,113417024.00
2024/07/04,9.85,10.04,9.62,9.65,6844464,68954464.00
2024/07/05,9.68,9.76,9.49,9.61,8927620,88549424.00
2024/07/08,9.48,9.54,8.90,8.94,17703867,166268592.00
2024/07/09,8.94,9.09,8.75,9.01,15358704,141875648.00
2024/07/10,8.95,9.21,8.81,9.00,13145251,123502304.00
2024/07/11,9.12,9.36,9.07,9.20,12841778,122074736.00
2024/07/12,9.19,9.63,9.19,9.21,20920463,203926192.00
2024/07/15,9.00,9.14,8.82,8.84,14822258,137106800.00
2024/07/16,8.83,8.83,8.61,8.75,11966947,108195472.00
2024/07/17,8.94,9.01,8.76,8.79,10188157,93641896.00
2024/07/18,9.49,9.96,9.29,9.63,68294849,677294592.00
2024/07/19,9.64,9.98,9.53,9.75,38447603,386365568.00
2024/07/22,9.71,10.00,9.45,9.66,27870420,278805632.00
2024/07/23,9.60,9.65,9.27,9.31,17276841,168272096.00
2024/07/24,9.31,9.41,8.99,9.05,15841073,149940800.00
2024/07/25,9.04,9.65,9.02,9.25,33030247,315823840.00
2024/07/26,9.17,9.20,9.00,9.05,21426562,198159152.00
2024/07/29,9.08,9.08,8.79,8.81,17410321,157797872.00
2024/07/30,8.77,8.82,8.69,8.80,11232214,100521944.00
2024/07/31,8.79,9.15,8.65,9.15,25173635,230940976.00
2024/08/01,9.10,9.16,8.91,8.95,18352615,168827584.00
2024/08/02,8.91,9.03,8.86,8.92,11299230,103306048.00
2024/08/05,8.86,9.35,8.82,9.05,36612780,342548896.00
2024/08/06,9.16,9.64,9.14,9.44,34258004,330353856.00
2024/08/07,9.44,9.62,9.20,9.55,23031243,221395792.00
2024/08/08,9.52,9.84,9.52,9.66,23213741,229500256.00
2024/08/09,9.68,9.76,9.50,9.54,15279743,149726704.00
2024/08/12,9.62,9.74,9.42,9.66,17445898,170689840.00
2024/08/13,9.63,10.03,9.43,9.86,21782590,217418112.00
2024/08/14,9.99,10.21,9.74,10.03,29699808,302863232.00
2024/08/15,9.95,10.25,9.91,10.01,20822478,213792992.00
2024/08/16,10.01,10.23,9.88,9.99,16224233,166581296.00
2024/08/19,9.92,10.01,9.76,9.90,14618940,147405312.00
2024/08/20,9.90,10.08,9.84,9.98,12826726,130346784.00
2024/08/21,9.90,10.01,9.76,9.77,8453382,85057888.00
2024/08/22,9.77,9.84,9.58,9.71,14173655,140061008.00
2024/08/23,9.60,9.74,9.46,9.57,9681649,94650832.00
2024/08/26,9.76,10.09,9.76,9.94,16258409,164921040.00
2024/08/27,9.98,10.16,9.78,10.02,18478006,188249392.00
2024/08/28,9.89,10.31,9.88,10.23,18660540,193757696.00
2024/08/29,10.19,10.63,10.12,10.53,22586284,240106848.00
2024/08/30,10.43,10.54,10.18,10.38,23912759,253282688.00
2024/09/02,10.38,10.85,10.37,10.57,29659787,323212608.00
2024/09/03,10.69,10.95,10.44,10.86,21490384,235489680.00
2024/09/04,10.76,11.01,10.69,10.76,15065268,166069696.00
2024/09/05,10.67,10.97,10.67,10.94,11977309,132844512.00
2024/09/06,10.84,10.92,10.37,10.42,18626755,200164544.00
2024/09/09,10.39,10.50,10.31,10.36,8435722,89259600.00
2024/09/10,10.29,10.44,10.19,10.36,8866044,93195024.00
2024/09/11,10.39,10.96,10.31,10.88,35484028,389795488.00
2024/09/12,10.96,11.52,10.91,11.04,39859962,457146848.00
2024/09/13,11.19,11.19,10.57,10.58,19897551,217595552.00
2024/09/18,10.52,10.88,10.44,10.79,15092105,164909328.00
2024/09/19,10.86,11.32,10.86,10.96,26151415,295543008.00
2024/09/20,10.91,11.12,10.64,11.06,25522101,283380704.00
2024/09/23,10.99,11.16,10.60,10.71,20703614,227213200.00
2024/09/24,11.08,11.47,10.87,11.33,56917450,649682816.00
2024/09/25,11.39,11.66,11.07,11.15,37464164,433176960.00
2024/09/26,11.14,11.33,10.91,11.31,30371563,343282272.00
2024/09/27,11.49,11.94,11.46,11.86,32397495,387813952.00
2024/09/30,12.51,14.03,12.25,13.78,92650549,1233965312.00
2024/10/08,16.49,16.50,14.61,16.04,104595279,1659026816.00
2024/10/09,15.04,15.79,13.65,13.74,87606115,1298709504.00
2024/10/10,13.89,15.09,13.81,14.39,74495185,1089860224.00
2024/10/11,14.36,14.79,13.72,14.30,45765592,661364544.00
2024/10/14,14.30,15.16,14.21,15.00,56496334,848108352.00
2024/10/15,14.61,15.22,14.55,14.62,30373632,457711392.00
2024/10/16,14.31,14.54,13.94,14.08,41317151,592486976.00
2024/10/17,14.17,14.30,13.36,13.39,42453061,587950848.00
2024/10/18,13.39,14.23,13.22,13.74,47673923,658216384.00
2024/10/21,14.00,14.77,14.00,14.09,49516009,720619968.00
2024/10/22,13.96,15.01,13.71,14.92,55266684,803520064.00
2024/10/23,14.51,15.91,14.16,14.99,70747506,1079966720.00
2024/10/24,14.77,14.77,13.87,13.92,49636202,715701824.00
2024/10/25,13.81,15.91,13.81,15.39,90869602,1392111360.00
2024/10/28,15.41,15.41,14.47,15.02,47027309,709100864.00
2024/10/29,15.50,16.31,14.77,14.89,46587453,720965248.00
2024/10/30,14.76,15.06,14.44,14.66,28296787,422437184.00
2024/10/31,15.14,15.31,14.50,14.56,37409226,561471296.00
2024/11/01,14.55,14.77,13.94,14.02,35155713,507092736.00
2024/11/04,14.05,14.81,14.02,14.61,25403944,373900640.00
2024/11/05,14.67,15.18,14.42,15.07,34328660,519666848.00
2024/11/06,15.07,15.94,14.78,14.81,64752334,998835456.00
2024/11/07,14.03,14.07,12.91,13.49,94798662,1288174592.00
2024/11/08,13.53,13.97,13.45,13.68,66288294,923302336.00
2024/11/11,13.48,14.26,13.47,14.10,42944030,608842624.00
2024/11/12,14.13,14.34,13.76,13.94,37690562,537436096.00
2024/11/13,13.73,14.10,13.72,14.08,28861657,408002752.00
2024/11/14,14.06,14.15,13.67,13.67,23748331,334197088.00
2024/11/15,13.63,13.95,13.02,13.05,31859345,433381536.00
2024/11/18,13.11,13.15,12.31,12.46,36496695,469702016.00
2024/11/19,12.55,12.67,12.17,12.57,30584746,385938560.00
2024/11/20,12.53,12.65,12.32,12.61,22757223,288976640.00
2024/11/21,12.91,13.17,12.76,12.88,29539114,386355584.00
2024/11/22,12.80,12.88,12.31,12.31,19560264,250621792.00
2024/11/25,12.41,12.87,12.29,12.71,22580813,289014432.00
2024/11/26,12.83,13.49,12.72,13.21,38528067,519878112.00
2024/11/27,13.07,13.38,13.01,13.33,23565370,315949984.00
2024/11/28,13.31,13.82,13.31,13.69,27470827,381060000.00
2024/11/29,13.63,14.15,13.51,14.07,27451802,387408256.00
2024/12/02,14.49,14.66,14.01,14.51,56189762,822281536.00
2024/12/03,14.54,14.88,14.51,14.82,32608100,486225920.00
2024/12/04,14.76,14.85,14.29,14.50,33481697,492535104.00
2024/12/05,14.47,14.84,14.41,14.70,24660241,365963936.00
2024/12/06,14.69,14.76,14.42,14.46,33197414,490014304.00
2024/12/09,14.31,14.60,14.22,14.52,36168625,529228256.00
2024/12/10,14.93,14.96,14.10,14.11,36173630,527579488.00
2024/12/11,14.30,14.36,13.73,13.80,40355869,572358528.00
2024/12/12,13.77,14.00,13.62,13.79,57482142,806767808.00
2024/12/13,13.73,14.16,13.36,13.36,183063312,2547817984.00
2024/12/16,13.46,13.59,12.94,13.03,48746880,652947200.00
2024/12/17,13.04,13.09,12.58,12.61,26425303,343314912.00
2024/12/18,12.64,12.71,12.48,12.51,17484937,222905200.00
2024/12/19,12.39,12.44,12.20,12.25,18759990,234072096.00
2024/12/20,12.27,12.36,12.07,12.30,19852654,247175040.00
2024/12/23,12.31,12.54,12.17,12.20,26096888,326486432.00
2024/12/24,12.16,12.46,12.16,12.33,18663428,233071184.00
2024/12/25,12.46,12.47,12.13,12.20,15612830,193958608.00
2024/12/26,12.16,12.22,11.95,12.05,20267806,248491392.00
2024/12/27,12.04,12.15,11.90,11.99,16603591,203169248.00
2024/12/30,11.96,12.06,11.85,11.99,19072917,231570640.00
2024/12/31,11.96,12.69,11.92,12.37,44994177,563501120.00
2025/01/02,12.37,12.46,12.02,12.09,27298077,337206272.00
2025/01/03,12.14,12.31,11.71,11.72,23486374,284171776.00
2025/01/06,11.70,11.99,11.46,11.63,19505236,231800832.00
2025/01/07,11.61,11.78,11.56,11.71,14469176,171891568.00
2025/01/08,11.74,11.96,11.54,11.81,20153713,241113216.00
2025/01/09,11.96,12.57,11.59,11.70,31477324,380715232.00
2025/01/10,11.59,11.68,10.95,10.98,34327540,389821920.00
2025/01/13,10.91,11.21,10.81,11.19,23486797,264644288.00
2025/01/14,11.25,11.36,11.09,11.32,25350540,290268256.00
2025/01/15,11.27,11.36,10.97,11.08,28234691,319113920.00
2025/01/16,11.07,11.33,10.99,11.18,23598872,267430016.00
2025/01/17,11.14,11.24,11.00,11.11,17508047,197564144.00
2025/01/20,11.18,11.80,11.18,11.26,33562259,391704896.00
2025/01/21,11.28,11.38,10.87,11.01,28397720,318302784.00
2025/01/22,11.01,11.02,10.64,10.72,25944794,284573152.00
2025/01/23,10.80,11.06,10.73,10.95,23629791,262364240.00
2025/01/24,10.89,11.03,10.81,10.92,19983560,222172160.00
2025/01/27,10.96,11.15,10.92,11.00,21036173,235794080.00
2025/02/05,11.00,11.06,10.47,10.59,40643515,442434592.00
2025/02/06,10.59,10.77,10.39,10.69,27978889,303111616.00
2025/02/07,10.70,11.03,10.67,10.77,52323286,577393024.00
2025/02/10,10.81,10.81,10.43,10.65,49359681,530588064.00
2025/02/11,10.50,10.50,10.03,10.04,59934128,620322688.00
2025/02/12,10.10,10.27,10.00,10.26,40545726,418592608.00
2025/02/13,10.30,10.42,10.22,10.24,31716204,333790272.00
2025/02/14,10.21,10.38,10.10,10.16,27591472,287001472.00
2025/02/17,10.20,10.36,10.11,10.28,29457235,306981952.00
2025/02/18,10.41,10.51,10.06,10.08,39649367,415577152.00
2025/02/19,10.08,10.29,10.05,10.22,27699813,287373792.00
2025/02/20,10.22,10.26,10.06,10.19,19706922,204262416.00
2025/02/21,10.18,10.23,9.93,10.15,36539699,375621408.00
2025/02/24,10.16,10.21,10.00,10.09,31797757,327215968.00
2025/02/25,10.00,10.26,9.95,10.14,38554216,398798080.00
2025/02/26,10.20,10.52,10.15,10.48,52228203,549142912.00
2025/02/27,10.48,10.56,10.27,10.44,37418920,394644192.00
2025/02/28,10.51,11.01,10.51,10.83,98941689,1089650304.00
2025/03/03,10.84,11.17,10.62,10.71,63361657,701605760.00
2025/03/04,10.71,10.76,10.49,10.56,40035705,431012352.00
2025/03/05,10.61,10.62,10.17,10.32,39097025,411307360.00
2025/03/06,10.39,10.51,10.18,10.44,35807929,377497152.00
2025/03/07,10.42,10.46,10.24,10.30,28089655,295188992.00
2025/03/10,10.31,10.78,10.29,10.56,39077544,419107584.00
2025/03/11,10.47,10.66,10.30,10.66,29443677,314591680.00
2025/03/12,10.67,10.72,10.49,10.51,24748320,266129184.00
2025/03/13,10.52,10.57,10.27,10.34,24149252,255034336.00
2025/03/14,10.35,10.54,10.27,10.51,26810564,285541728.00
2025/03/17,10.60,10.72,10.45,10.52,32804064,352098688.00
2025/03/18,10.54,10.56,10.36,10.38,41397877,440095360.00
2025/03/19,10.40,10.45,10.25,10.31,29466675,310093184.00
2025/03/20,10.36,10.41,10.23,10.25,21887465,230046080.00
2025/03/21,10.24,10.33,10.13,10.18,25238854,262548784.00
2025/03/24,10.18,10.18,9.86,9.96,26985907,274669088.00
2025/03/25,9.94,10.06,9.91,10.01,20337685,207207392.00
2025/03/26,9.99,10.25,9.94,10.11,29250689,301119104.00
2025/03/27,10.10,10.10,9.91,9.98,20755906,211244896.00
2025/03/28,9.98,10.11,9.89,9.89,17802961,180876400.00
2025/03/31,9.88,9.88,9.49,9.54,28836670,283815136.00
2025/04/01,9.54,9.73,9.54,9.70,21116695,207894912.00
2025/04/02,9.70,9.73,9.65,9.67,11566733,114231312.00
2025/04/03,9.56,9.73,9.56,9.60,13773059,135175120.00
2025/04/07,9.00,9.00,8.15,8.41,44709593,393777664.00
2025/04/08,8.46,8.90,8.46,8.76,35920833,321506784.00
2025/04/09,8.56,8.90,8.40,8.84,26796844,237996704.00
2025/04/10,9.15,9.25,9.05,9.06,22247255,207119168.00
2025/04/11,8.96,9.10,8.95,9.00,16965506,156082192.00
2025/04/14,9.13,9.22,9.04,9.11,15747510,146877616.00
2025/04/15,9.09,9.14,9.00,9.09,13440213,124316008.00
2025/04/16,9.05,9.07,8.86,9.02,14839306,135877760.00
2025/04/17,8.97,9.04,8.96,8.97,8926734,82003840.00
2025/04/18,8.99,9.00,8.87,8.97,9467263,86470592.00
2025/04/21,9.01,9.02,8.93,9.00,9228683,84693560.00
2025/04/22,8.97,9.05,8.94,8.96,14668092,134601680.00
2025/04/23,8.99,9.11,8.97,9.09,15334808,141667696.00
2025/04/24,9.06,9.21,9.02,9.08,19867316,184939072.00
2025/04/25,9.16,9.35,9.06,9.06,13771660,129104160.00
2025/04/28,9.15,9.18,9.00,9.06,11024655,102223352.00
2025/04/29,8.88,8.88,8.56,8.65,27975427,248437936.00
2025/04/30,8.64,8.77,8.59,8.59,17998810,159163120.00
2025/05/06,8.63,8.66,8.56,8.63,30379298,266945552.00
2025/05/07,8.73,8.86,8.72,8.78,28245021,253834240.00
2025/05/08,8.76,9.06,8.70,8.99,26142880,238721840.00
2025/05/09,9.02,9.02,8.81,8.82,16285728,147649040.00
2025/05/12,8.92,9.36,8.90,9.34,33801893,315589664.00
2025/05/13,9.44,9.95,9.38,9.79,69284067,688670976.00
2025/05/14,9.61,9.62,9.39,9.44,31109299,300552000.00
2025/05/15,9.39,9.44,9.17,9.19,18109015,171606928.00
2025/05/16,9.24,9.45,9.22,9.27,16590904,158347408.00
2025/05/19,9.36,9.48,9.19,9.43,18624054,177648576.00
2025/05/20,9.37,9.43,9.25,9.34,14160046,134480784.00
2025/05/21,9.35,9.38,9.28,9.35,9838475,93552656.00
2025/05/22,9.29,9.31,9.16,9.16,12365015,116347296.00
2025/05/23,9.14,9.20,8.79,8.85,32694669,300017248.00
2025/05/26,8.85,8.88,8.74,8.84,10635202,95951232.00
2025/05/27,8.86,8.86,8.67,8.78,15527317,138411248.00
2025/05/28,8.77,8.82,8.63,8.73,16831455,149561408.00
2025/05/29,8.73,8.83,8.68,8.81,11776284,105626888.00
2025/05/30,8.80,8.80,8.71,8.74,13331639,119098136.00
2025/06/03,8.66,8.69,8.50,8.57,16725314,146370192.00
2025/06/04,8.61,8.76,8.61,8.76,13470778,119925840.00
2025/06/05,8.71,8.76,8.65,8.71,10617775,94385520.00
2025/06/06,8.72,8.76,8.65,8.67,9183173,81642224.00
2025/06/09,8.53,8.71,8.50,8.70,13478271,119059064.00
2025/06/10,8.68,8.74,8.49,8.53,17585043,154255104.00
2025/06/11,8.54,8.63,8.51,8.56,17370938,152399424.00
2025/06/12,8.54,8.56,8.43,8.47,16708539,144571168.00
2025/06/13,8.43,8.46,8.27,8.33,23788007,202688928.00
2025/06/16,8.25,8.31,8.23,8.25,17923605,151398784.00
2025/06/17,8.25,8.40,8.22,8.36,19453894,165962000.00
2025/06/18,8.41,8.71,8.38,8.49,28612791,250119584.00
2025/06/19,8.47,8.50,8.24,8.25,16527720,141030704.00
2025/06/20,8.31,8.45,8.22,8.32,21097782,179462800.00
2025/06/23,8.23,8.37,8.22,8.34,13803646,117271288.00
2025/06/24,8.37,8.59,8.33,8.55,20951516,181601280.00
2025/06/25,8.58,8.61,8.46,8.59,17148032,149755120.00
2025/06/26,8.58,8.66,8.52,8.54,16609333,145848784.00
2025/06/27,8.58,8.70,8.56,8.63,14851148,131143584.00
2025/06/30,8.66,9.03,8.66,8.96,36200186,329381152.00
2025/07/01,8.95,8.95,8.78,8.83,18855721,170368256.00
2025/07/02,8.92,9.10,8.86,9.09,36766631,337940224.00
2025/07/03,9.12,9.15,9.01,9.06,23489045,217627792.00
2025/07/04,9.10,9.21,8.94,8.97,25362675,234054928.00
2025/07/07,8.98,9.10,8.91,8.98,13870556,127318136.00
2025/07/08,9.01,9.47,8.98,9.39,59071944,554729664.00
2025/07/09,9.36,9.55,9.31,9.46,37696298,359424832.00
2025/07/10,9.44,9.71,9.44,9.48,35078710,337998496.00
2025/07/11,9.52,9.54,9.35,9.36,23170675,219797760.00
2025/07/14,9.32,9.37,9.24,9.31,22068906,207238688.00
2025/07/15,9.30,9.36,9.14,9.25,23361873,218080016.00
2025/07/16,9.25,9.28,9.14,9.25,14519248,135330240.00
2025/07/17,9.30,9.40,9.22,9.32,22202186,208364544.00
2025/07/18,9.26,9.41,9.19,9.20,22520592,210745584.00
2025/07/21,9.21,9.28,9.17,9.25,16826820,157323872.00
2025/07/22,9.26,9.43,9.21,9.42,32961833,310721376.00
2025/07/23,9.46,9.51,9.30,9.30,28007055,266330320.00
2025/07/24,9.31,9.44,9.26,9.42,24206109,229225200.00
2025/07/25,9.42,9.44,9.27,9.30,21775502,205553056.00
2025/07/28,9.30,9.33,9.22,9.25,14868182,139302112.00
2025/07/29,9.24,9.35,9.16,9.35,30703157,287205696.00
2025/07/30,9.31,9.36,9.16,9.16,28936900,270754528.00
2025/07/31,9.15,9.20,8.81,8.83,31991247,290515488.00
2025/08/01,8.85,9.08,8.84,9.01,26128921,237851152.00
2025/08/04,8.97,8.98,8.84,8.93,20438172,183761920.00
2025/08/05,8.93,9.04,8.89,9.04,12746665,115761504.00
2025/08/06,9.04,9.23,8.96,9.20,19940871,183344432.00
2025/08/07,9.20,9.21,9.01,9.02,20341953,186455168.00
2025/08/08,9.03,9.19,9.03,9.10,18200610,167630608.00
2025/08/11,9.12,9.32,9.09,9.29,28070605,261852160.00
2025/08/12,9.30,9.30,9.11,9.16,22457794,208520544.00
2025/08/13,9.16,9.29,9.14,9.21,21847953,203284624.00
2025/08/14,9.24,9.24,8.94,8.98,27783045,255075408.00
2025/08/15,8.95,9.32,8.95,9.32,50712335,472839104.00
2025/08/18,9.49,9.83,9.49,9.70,70666319,691022272.00
2025/08/19,9.69,9.69,9.46,9.52,52631623,507815008.00
2025/08/20,9.60,9.69,9.40,9.53,46062710,442666176.00
2025/08/21,9.52,9.68,9.47,9.61,43063269,416786592.00
2025/08/22,9.59,9.91,9.50,9.86,98575525,974676992.00
2025/08/25,9.97,10.04,9.60,9.72,92850673,920758528.00
2025/08/26,9.74,9.98,9.62,9.85,65830428,652422144.00
2025/08/27,9.86,9.91,9.52,9.53,60412086,594179840.00
2025/08/28,9.50,9.67,9.29,9.58,61297471,589069056.00
2025/08/29,9.58,10.04,9.50,10.02,93139679,919596736.00
2025/09/01,10.00,10.42,9.90,10.35,117142595,1203755520.00
2025/09/02,10.34,10.36,9.95,10.09,68818753,705945088.00
2025/09/03,10.15,10.56,10.04,10.43,103385551,1075742336.00
2025/09/04,10.56,11.12,10.30,10.46,132649593,1442299776.00
2025/09/05,10.52,11.95,10.48,11.88,178079996,2060686976.00
2025/09/08,12.70,13.46,12.40,12.76,203883390,2635283968.00
2025/09/09,12.73,13.76,12.68,12.92,121561622,1610846464.00
2025/09/10,12.81,12.95,12.15,12.31,121036011,1518338688.00
2025/09/11,12.19,12.42,11.91,12.28,87651897,1077343616.00
2025/09/12,12.25,12.25,11.83,12.01,86243187,1044664256.00
2025/09/15,12.05,12.91,12.05,12.18,135247282,1701697536.00
2025/09/16,12.39,12.78,12.12,12.40,97390030,1217956352.00
2025/09/17,12.11,12.35,11.78,12.08,94638114,1150064896.00
2025/09/18,12.05,12.13,11.46,11.60,78235467,934060352.00
2025/09/19,11.59,11.97,11.46,11.69,62626599,738645312.00
2025/09/22,11.58,11.63,11.09,11.17,78173445,886868800.00
2025/09/23,11.25,11.95,11.23,11.87,120588521,1422112896.00
2025/09/24,11.68,12.22,11.60,12.01,98571929,1189594752.00
2025/09/25,12.38,12.87,12.23,12.39,115928860,1456866816.00
2025/09/26,12.30,12.95,12.28,12.45,90109637,1142671488.00
2025/09/29,12.70,13.23,12.49,12.79,111840123,1448734720.00
2025/09/30,12.71,13.54,12.60,13.34,94127858,1249522816.00
2025/10/09,13.90,14.73,13.58,13.89,129244372,1832248192.00
2025/10/10,14.15,14.27,13.01,13.13,98993578,1340135168.00
2025/10/13,12.26,12.60,12.16,12.57,81950319,1023985088.00
2025/10/14,12.76,13.69,12.71,12.80,106913968,1418843520.00
2025/10/15,13.40,13.98,12.98,13.54,116242169,1579308032.00
2025/10/16,13.18,13.66,13.08,13.38,85140683,1144635520.00
2025/10/17,13.27,13.42,12.05,12.14,83582015,1051246528.00
2025/10/20,12.30,12.44,11.94,12.01,71771376,879534272.00
2025/10/21,12.08,12.09,11.85,11.94,55367979,668343616.00
2025/10/22,11.87,11.95,11.61,11.79,37269095,443184896.00
2025/10/23,11.64,11.92,11.30,11.90,58657540,687126400.00
2025/10/24,11.93,12.28,11.92,12.04,59980366,730314368.00
2025/10/27,12.31,13.01,12.30,12.78,103151813,1318489600.00
2025/10/28,12.71,12.80,12.14,12.27,49433618,616152064.00
2025/10/29,12.22,14.74,12.20,14.74,162770699,2264804096.00
2025/10/30,15.63,16.70,15.63,16.15,225431109,3672300800.00
2025/10/31,15.90,16.85,15.15,15.40,216514574,3475792128.00
2025/11/03,15.80,17.61,15.80,17.29,218302840,3657528064.00
2025/11/04,17.93,18.30,17.08,17.63,192691417,3434964224.00
2025/11/05,16.73,21.18,16.48,21.18,215297913,4065726720.00
2025/11/06,20.89,22.87,20.50,21.19,253971697,5487548928.00
2025/11/07,21.57,22.75,21.20,21.61,206427578,4541065728.00
2025/11/10,21.90,23.08,21.20,21.99,226934953,5029183488.00
2025/11/11,22.90,24.18,22.32,23.90,236327204,5504250368.00
2025/11/12,22.40,22.70,19.58,20.46,280227802,5817709056.00
2025/11/13,20.15,21.45,19.60,20.43,226685176,4698650624.00
2025/11/14,20.88,21.90,20.21,20.21,195798810,4151737600.00
2025/11/17,21.20,21.62,19.42,20.12,177630139,3646907904.00
2025/11/18,19.10,19.78,18.21,18.52,201606930,3801970432.00
2025/11/19,18.32,18.63,17.82,18.12,120502961,2199213824.00
2025/11/20,18.40,18.63,17.62,17.70,95360450,1726845184.00
2025/11/21,16.28,16.98,16.24,16.30,113036932,1884566016.00
2025/11/24,16.45,17.10,16.30,17.05,104377927,1760349184.00
2025/11/25,17.40,17.83,17.13,17.32,117899226,2068772736.00
2025/11/26,17.34,17.56,16.72,16.96,93931236,1610182016.00
2025/11/27,17.68,17.96,16.81,16.88,107018065,1880562816.00
2025/11/28,17.15,17.58,16.70,17.10,101613997,1758168448.00
2025/12/01,17.26,17.77,15.68,15.91,200340991,3261904128.00
2025/12/02,15.91,16.21,15.60,16.00,102363223,1636395648.00
2025/12/03,15.80,16.08,15.53,15.63,76010671,1204301184.00
2025/12/04,15.45,15.66,15.10,15.28,73315272,1127729152.00
2025/12/05,15.50,16.02,15.33,15.83,94337959,1495043456.00
2025/12/08,15.60,16.14,15.39,16.05,87065340,1388118016.00
2025/12/09,15.99,16.49,15.77,16.16,84104686,1368690560.00
2025/12/10,16.16,16.20,15.31,15.52,90290452,1411238016.00
2025/12/11,15.68,16.07,15.46,15.48,68423747,1082284160.00
2025/12/12,15.71,16.26,15.49,15.90,103834479,1664663296.00
2025/12/15,15.90,16.15,15.56,15.62,69697558,1109601408.00
2025/12/16,15.55,15.56,14.55,14.72,77764630,1167590400.00
2025/12/17,14.86,15.21,14.75,15.15,59850810,902350272.00
2025/12/18,15.00,15.09,14.75,14.89,50942433,764977216.00
2025/12/19,14.94,15.32,14.92,15.01,50038206,758973056.00
2025/12/22,15.02,15.16,14.77,14.84,58029589,873383552.00
2025/12/23,15.27,16.02,15.25,15.62,120975464,1903124096.00
2025/12/24,15.07,15.78,14.70,15.64,81575239,1261706880.00
2025/12/25,15.57,15.64,15.22,15.61,62773672,974481792.00
2025/12/26,15.79,17.08,15.79,16.44,136112135,2258549504.00
2025/12/29,16.28,16.37,15.42,15.58,116720833,1847226496.00
2025/12/30,15.46,15.52,15.20,15.27,61511336,949312896.00
2025/12/31,15.33,15.40,14.71,14.81,66234027,992981184.00
2026/01/05,14.94,15.25,14.72,15.24,58614835,888819008.00
2026/01/06,15.18,15.78,15.16,15.53,68473555,1068677696.00
2026/01/07,15.31,15.91,15.27,15.78,79799198,1252126208.00
2026/01/08,15.50,16.08,15.26,15.92,83726604,1331427456.00
2026/01/09,15.63,15.83,15.27,15.44,97017055,1514856960.00
2026/01/12,15.10,16.07,14.98,15.78,100645111,1591021568.00
2026/01/13,15.71,16.56,14.93,16.36,163751766,2579871488.00
2026/01/14,16.38,18.40,16.38,17.26,199252312,3455420928.00
2026/01/15,16.90,17.76,16.77,16.87,107177364,1851609728.00
2026/01/16,17.35,17.53,16.41,16.81,93174584,1581128320.00
2026/01/19,16.79,17.80,16.44,17.55,106150633,1833532032.00
2026/01/20,17.50,17.86,16.20,16.44,116747159,1987303808.00
2026/01/21,16.10,16.41,15.90,16.01,67409111,1093718272.00
2026/01/22,16.03,16.31,15.71,16.08,55099636,888138368.00
2026/01/23,16.42,18.18,16.42,17.95,191242060,3369419264.00
2026/01/26,18.09,18.25,16.87,17.00,134409114,2347592192.00
2026/01/27,16.89,17.16,16.02,16.78,115937125,1929011584.00
2026/01/28,16.78,16.83,16.23,16.31,75849076,1254719872.00
2026/01/29,16.31,16.88,15.99,16.17,81172108,1340221184.00
2026/01/30,15.69,15.82,15.08,15.18,88824025,1370141696.00
2026/02/02,15.16,15.45,14.75,14.77,52118992,792132224.00
2026/02/03,15.00,15.74,14.88,15.62,73379124,1132955904.00
2026/02/04,15.64,16.82,15.54,16.59,123242698,2005229696.00
2026/02/05,16.13,16.13,15.17,15.27,89820897,1405191680.00
2026/02/06,15.00,15.68,14.83,15.44,56779790,875637504.00
2026/02/09,15.82,16.20,15.54,15.62,73422899,1175133056.00
2026/02/10,15.60,15.77,15.16,15.17,55937947,862329216.00
2026/02/11,15.31,15.47,15.01,15.03,37585245,574211968.00
2026/02/12,14.88,15.13,14.85,14.94,37625814,567125184.00
2026/02/13,14.97,14.98,14.16,14.20,63128241,925592512.00
2026/02/24,14.45,14.73,14.34,14.58,38010882,557152000.00
2026/02/25,14.57,14.96,14.52,14.74,40088475,596413888.00
2026/02/26,14.65,14.66,14.27,14.35,49284840,715852544.00
2026/02/27,14.27,14.54,14.25,14.43,33254512,482896032.00
2026/03/02,13.93,14.25,13.73,13.92,58029465,814237312.00
2026/03/03,13.96,14.54,13.74,13.78,60687775,860588928.00
2026/03/04,13.61,13.87,13.36,13.46,41364606,565355840.00
2026/03/05,13.75,13.85,13.43,13.54,31164456,427100448.00
2026/03/06,13.47,14.00,13.37,13.94,43447708,603441472.00
2026/03/09,13.73,14.57,13.62,14.37,68039914,972404544.00
2026/03/10,14.25,14.59,14.21,14.52,51193459,744575232.00
2026/03/11,14.50,16.00,14.38,15.50,149223416,2308650496.00
2026/03/12,15.50,16.13,15.37,15.95,127364855,2026905728.00
2026/03/13,15.90,16.04,15.49,15.57,92008250,1459944832.00
2026/03/16,15.74,15.90,15.28,15.34,67897195,1061684992.00
2026/03/17,15.33,15.70,14.80,14.85,65380872,1001721472.00
2026/03/18,15.21,15.93,15.05,15.29,96339295,1497848064.00
2026/03/19,14.93,15.36,14.93,15.04,67457414,1025560256.00
2026/03/20,13.90,15.73,13.82,14.93,146335239,2173728768.00
2026/03/23,14.62,15.39,14.50,14.63,84920274,1274017024.00
2026/03/24,14.78,14.89,13.70,14.46,77803724,1114410624.00
2026/03/25,14.41,14.75,14.12,14.30,61780026,895515264.00
2026/03/26,14.45,14.56,13.86,13.90,53923237,766702976.00
2026/03/27,13.60,14.20,13.60,14.04,46374333,652578432.00
2026/03/30,14.00,14.06,13.03,13.36,74010092,998313344.00
2026/03/31,13.25,13.41,12.68,12.70,55618926,729184384.00
2026/04/01,13.00,13.49,12.73,13.15,53528455,707482240.00
2026/04/02,13.05,13.10,12.63,12.73,40095033,517762848.00
2026/04/03,12.78,12.82,12.45,12.49,33613144,426937728.00
2026/04/07,12.43,12.56,12.31,12.44,23138730,290383840.00
2026/04/08,12.71,13.25,12.61,13.23,49613366,649234816.00
2026/04/09,13.02,13.05,12.70,12.86,37822512,490073152.00
2026/04/10,12.97,13.35,12.95,13.10,40318415,535617440.00
2026/04/13,12.98,13.61,12.98,13.39,48091539,645225216.00
2026/04/14,13.44,13.49,13.08,13.28,50686390,677128704.00
2026/04/15,13.36,13.41,13.04,13.10,38912238,516544032.00
2026/04/16,13.14,13.35,12.99,13.29,40455344,539552128.00
2026/04/17,13.20,13.35,13.06,13.11,45050789,598357824.00
2026/04/20,13.11,13.43,13.05,13.26,41048796,548789888.00
2026/04/21,13.29,13.39,13.08,13.24,32673518,434959328.00
2026/04/22,13.15,13.20,12.80,12.94,60288719,786781440.00
2026/04/23,13.12,13.42,12.82,12.92,61940417,814861504.00
2026/04/24,13.02,13.20,12.91,12.98,44866803,589441600.00
2026/04/27,12.81,12.85,12.52,12.67,57547274,735655680.00
2026/04/28,13.43,14.25,13.43,13.65,154151684,2150345472.00
2026/04/29,13.80,14.45,13.33,14.27,128768228,1824779648.00
2026/04/30,14.12,14.43,14.11,14.33,76660588,1102398720.00
2026/05/06,14.38,14.68,14.20,14.48,90089760,1312392448.00
2026/05/07,14.48,14.82,14.27,14.33,68301820,995701632.00
2026/05/08,14.34,14.50,14.11,14.40,60621060,873269504.00
2026/05/11,14.67,15.51,14.67,14.98,96934320,1470197504.00
2026/05/12,15.10,15.69,14.96,15.37,110291644,1696756224.00
2026/05/13,15.15,15.26,14.90,15.16,71830559,1089497344.00
2026/05/14,15.23,15.75,14.93,15.23,98298905,1517314176.00
2026/05/15,14.80,14.90,14.15,14.48,100344358,1460156160.00
2026/05/18,14.22,15.18,14.17,14.81,71258365,1055173184.00
2026/05/19,14.71,14.99,14.44,14.54,49927166,733751744.00
2026/05/20,14.27,15.06,14.13,14.95,75457245,1112487936.00
2026/05/21,14.89,14.98,13.92,13.96,65444736,953748480.00
2026/05/22,14.31,14.53,14.05,14.34,53004008,763956160.00
2026/05/25,14.34,14.36,13.62,13.70,68359333,949958656.00
2026/05/26,13.64,13.76,13.12,13.52,58136734,785864512.00
2026/05/27,13.43,14.37,13.43,13.70,79268914,1115452416.00
2026/05/28,13.72,14.06,13.43,13.93,56648447,785480640.00
2026/05/29,14.20,14.25,13.06,13.15,65486163,885663296.00
2026/06/01,13.14,13.61,12.88,12.89,54738431,727594240.00
2026/06/02,12.97,12.98,12.02,12.06,65759088,815654592.00
2026/06/03,12.24,12.36,11.79,11.94,54189021,662134016.00
2026/06/04,11.70,11.99,11.48,11.82,44549545,527966400.00
2026/06/05,11.78,11.82,11.24,11.35,68838347,795043392.00
2026/06/08,11.10,11.25,10.71,10.87,54974040,608558208.00
2026/06/09,10.97,11.23,10.72,11.16,43180694,480514784.00
2026/06/10,10.98,11.35,10.76,11.18,56634230,626911872.00
2026/06/11,10.98,11.26,10.94,11.09,52985912,592711936.00
2026/06/12,11.26,11.40,11.03,11.10,63810108,720246144.00
2026/06/15,11.10,11.21,10.93,11.07,48642189,542313984.00
2026/06/16,11.10,11.43,10.95,11.38,53021295,601753664.00
2026/06/17,11.36,11.54,11.15,11.28,43917185,499653184.00
2026/06/18,11.20,11.36,11.04,11.10,46206637,519885216.00
2026/06/22,11.08,11.53,10.83,11.45,63596462,715667136.00
2026/06/23,11.40,11.44,10.89,10.94,62187878,696247488.00
2026/06/24,10.90,10.99,10.62,10.79,45638486,497038624.00
2026/06/25,10.82,10.98,10.65,10.84,52391655,570902592.00
2026/06/26,10.96,11.21,10.50,10.57,64524260,706216064.00
2026/06/29,10.44,10.77,10.29,10.64,54203938,578582592.00
2026/06/30,10.61,10.88,10.50,10.72,50205476,543097600.00
2026/07/01,10.75,11.16,10.47,10.80,60478742,656706304.00
2026/07/02,10.71,10.82,10.43,10.45,56781412,610533312.00
2026/07/03,10.47,10.66,10.41,10.57,42755718,455215200.00
2026/07/06,10.58,10.61,10.08,10.11,49430407,513757888.00
2026/07/07,10.20,10.35,10.07,10.07,38359020,394403392.00
2026/07/08,10.08,10.08,9.68,9.69,39258000,389744832.00
2026/07/09,9.71,9.87,9.49,9.84,39878798,391047968.00
2026/07/10,9.84,10.38,9.80,10.01,57162260,582304064.00
2026/07/13,9.96,9.99,9.14,9.17,64201070,611005504.00
2026/07/14,9.15,9.22,8.98,9.22,47638865,439076800.00
2026/07/15,9.22,9.62,9.20,9.38,44392779,419039552.00
2026/07/16,9.35,9.46,9.19,9.23,34642570,322091808.00
2026/07/17,9.23,9.31,8.98,9.02,50884304,464556000.00
2026/07/20,9.12,9.49,9.00,9.47,59859039,550122112.00
2026/07/21,9.38,10.05,9.31,10.03,88702910,852535872.00
2026/07/22,9.70,9.84,9.52,9.56,71841219,693139008.00
2026/07/23,9.50,9.87,9.42,9.82,52362590,505752864.00
2026/07/24,9.69,9.74,9.30,9.30,39765346,377875424.00
2026/07/27,9.24,9.63,9.21,9.62,39677835,377633376.00
2026/07/28,9.53,9.72,9.49,9.57,33160151,317270592.00
2026/07/29,9.57,10.18,9.49,10.04,67800208,671448832.00
2026/07/30,9.97,10.70,9.97,10.60,79071699,830934912.00
2026/07/31,10.67,10.69,10.33,10.49,53023642,557872768.00
2026/08/03,10.53,10.72,10.40,10.61,43263514,457422272.00
2026/08/04,10.58,10.65,10.43,10.51,40417100,424731776.00
2026/08/05,10.48,10.54,10.40,10.47,39230891,410882240.00
2026/08/06,10.41,10.52,10.08,10.20,53026097,544031552.00
2026/08/07,10.23,10.48,10.18,10.41,42580101,439555840.00
2026/08/10,10.40,10.58,10.28,10.43,37378215,389567104.00
2026/08/11,10.37,10.47,10.26,10.36,30180944,312894368.00
2026/08/12,10.36,10.59,10.30,10.51,37475831,392019552.00
2026/08/13,10.48,10.51,10.25,10.28,31086787,322599200.00
2026/08/14,10.30,10.38,10.17,10.28,23123347,237220320.00
2026/08/17,10.29,10.47,10.28,10.42,31309167,324989056.00
2026/08/18,10.38,10.54,10.26,10.48,34064084,354796000.00
2026/08/19,10.38,10.39,10.10,10.19,38931788,398790816.00
2026/08/20,10.26,10.47,10.24,10.26,29476889,304485792.00
2026/08/21,10.20,10.58,10.16,10.47,34681198,361281408.00
2026/08/24,10.40,10.75,10.20,10.25,41711581,434336800.00
2026/08/25,10.25,10.26,9.98,10.13,25862756,261492928.00
2026/08/26,10.10,10.42,10.10,10.25,31970524,329778368.00
2026/08/27,10.24,10.26,9.81,9.99,50457235,502366816.00
2026/08/28,9.60,9.81,9.51,9.73,65205595,628852864.00
2026/08/31,9.61,9.65,8.83,9.10,90727480,820997504.00
2026/09/01,8.95,9.08,8.85,8.95,44803765,402143648.00
2026/09/02,8.96,9.01,8.82,8.82,30530524,270869632.00
2026/09/03,8.86,8.91,8.69,8.71,30888514,270952064.00
2026/09/04,8.74,8.89,8.73,8.78,30202870,266561552.00
2026/09/07,8.78,8.83,8.66,8.68,32618153,283766560.00
2026/09/08,8.66,8.72,8.63,8.68,24537182,212652784.00
2026/09/09,8.73,8.73,8.58,8.62,24109340,208348816.00
2026/09/10,8.57,8.57,8.45,8.47,22603591,192130176.00
2026/09/11,8.42,8.42,8.20,8.35,38265067,317244288.00
2026/09/14,8.30,8.36,8.17,8.21,26612052,219272080.00
#数据来源:通达信
