601518 吉林高速 日线 前复权
      日期	    开盘	    最高	    最低	    收盘	    成交量	    成交额
2021/08/02,1.23,1.25,1.21,1.25,3700257,8042429.00
2021/08/03,1.24,1.26,1.23,1.26,2851220,6265401.00
2021/08/04,1.25,1.26,1.23,1.24,1466730,3221515.00
2021/08/05,1.24,1.25,1.23,1.24,2106802,4598219.00
2021/08/06,1.24,1.24,1.23,1.23,1098301,2394327.00
2021/08/09,1.23,1.26,1.23,1.26,1931331,4243561.00
2021/08/10,1.26,1.26,1.24,1.25,966400,2127532.00
2021/08/11,1.25,1.26,1.25,1.26,1930550,4273309.00
2021/08/12,1.26,1.28,1.26,1.27,2212745,4928053.00
2021/08/13,1.27,1.28,1.26,1.27,1566600,3486016.00
2021/08/16,1.27,1.28,1.26,1.28,2737444,6120285.00
2021/08/17,1.28,1.28,1.26,1.26,2373502,5292222.00
2021/08/18,1.25,1.28,1.25,1.28,2826492,6305058.00
2021/08/19,1.27,1.28,1.27,1.28,2138900,4789484.00
2021/08/20,1.28,1.28,1.27,1.28,3361231,7530031.00
2021/08/23,1.28,1.33,1.28,1.31,5459450,12488819.00
2021/08/24,1.32,1.39,1.31,1.36,14549899,34384104.00
2021/08/25,1.36,1.37,1.33,1.36,8976018,21002104.00
2021/08/26,1.35,1.41,1.35,1.40,9021194,21621594.00
2021/08/27,1.39,1.41,1.36,1.38,9312175,22308752.00
2021/08/30,1.39,1.39,1.36,1.38,6408714,15238441.00
2021/08/31,1.38,1.39,1.36,1.38,6342098,15072885.00
2021/09/01,1.39,1.44,1.39,1.43,9758483,23802668.00
2021/09/02,1.43,1.44,1.40,1.43,7239701,17648060.00
2021/09/03,1.43,1.48,1.43,1.47,8139739,20331780.00
2021/09/06,1.46,1.53,1.46,1.52,12107905,30838868.00
2021/09/07,1.54,1.54,1.49,1.53,10652686,27403724.00
2021/09/08,1.51,1.57,1.51,1.56,9288454,24305708.00
2021/09/09,1.56,1.61,1.54,1.58,8808393,23415080.00
2021/09/10,1.58,1.66,1.56,1.65,19779662,53653652.00
2021/09/13,1.65,1.66,1.59,1.64,14309235,39073832.00
2021/09/14,1.64,1.67,1.56,1.57,14332517,38815920.00
2021/09/15,1.57,1.64,1.56,1.63,11198741,30407798.00
2021/09/16,1.62,1.67,1.58,1.58,11636830,31705116.00
2021/09/17,1.58,1.62,1.53,1.59,8927856,23782582.00
2021/09/22,1.57,1.64,1.54,1.63,9357770,25146488.00
2021/09/23,1.63,1.70,1.63,1.66,11246794,31133570.00
2021/09/24,1.65,1.68,1.63,1.65,9069610,25084200.00
2021/09/27,1.63,1.65,1.50,1.52,12756273,33519964.00
2021/09/28,1.53,1.56,1.52,1.56,6252790,16326761.00
2021/09/29,1.57,1.57,1.48,1.48,5289885,13618623.00
2021/09/30,1.48,1.56,1.48,1.54,6358234,16473948.00
2021/10/08,1.54,1.60,1.54,1.59,6611796,17548632.00
2021/10/11,1.59,1.61,1.56,1.61,6259200,16741130.00
2021/10/12,1.59,1.59,1.53,1.56,4657800,12294024.00
2021/10/13,1.56,1.56,1.49,1.51,4866200,12500883.00
2021/10/14,1.51,1.61,1.48,1.59,9335303,24607082.00
2021/10/15,1.59,1.59,1.53,1.53,6198995,16313040.00
2021/10/18,1.53,1.61,1.52,1.60,7043925,18738350.00
2021/10/19,1.59,1.61,1.56,1.58,4978738,13261017.00
2021/10/20,1.58,1.59,1.55,1.55,5244630,13827744.00
2021/10/21,1.56,1.56,1.51,1.52,3946100,10235981.00
2021/10/22,1.53,1.53,1.43,1.43,7095534,17738956.00
2021/10/25,1.45,1.45,1.39,1.41,6486960,15740707.00
2021/10/26,1.42,1.43,1.38,1.40,5294600,12790382.00
2021/10/27,1.40,1.40,1.36,1.38,5214200,12393465.00
2021/10/28,1.40,1.41,1.34,1.36,7667366,18118120.00
2021/10/29,1.36,1.41,1.33,1.41,9041070,21581284.00
2021/11/01,1.38,1.41,1.36,1.38,6579964,15644465.00
2021/11/02,1.38,1.38,1.32,1.34,7608630,17777192.00
2021/11/03,1.33,1.35,1.32,1.34,4816150,11180214.00
2021/11/04,1.34,1.36,1.33,1.35,4271430,9942279.00
2021/11/05,1.34,1.34,1.32,1.33,3862955,8943026.00
2021/11/08,1.33,1.33,1.31,1.32,4050496,9315514.00
2021/11/09,1.32,1.34,1.31,1.33,4828733,11139870.00
2021/11/10,1.33,1.35,1.31,1.34,3971765,9175853.00
2021/11/11,1.33,1.37,1.33,1.36,5521000,12984967.00
2021/11/12,1.35,1.37,1.35,1.36,3482892,8186474.00
2021/11/15,1.36,1.38,1.34,1.37,5538053,13027832.00
2021/11/16,1.36,1.38,1.35,1.36,4538727,10735358.00
2021/11/17,1.36,1.36,1.34,1.35,3057400,7173583.00
2021/11/18,1.35,1.38,1.35,1.37,4393678,10404779.00
2021/11/19,1.37,1.40,1.37,1.40,4721801,11311914.00
2021/11/22,1.40,1.40,1.37,1.39,3292600,7866356.00
2021/11/23,1.39,1.42,1.38,1.41,3602700,8698239.00
2021/11/24,1.41,1.43,1.39,1.42,3457230,8386710.00
2021/11/25,1.41,1.46,1.41,1.45,5387365,13272409.00
2021/11/26,1.44,1.50,1.43,1.49,7783051,19551498.00
2021/11/29,1.48,1.49,1.44,1.45,6982865,17467364.00
2021/11/30,1.46,1.47,1.43,1.43,4459904,11027082.00
2021/12/01,1.43,1.49,1.43,1.48,6295788,15769986.00
2021/12/02,1.48,1.48,1.46,1.46,5272528,13209834.00
2021/12/03,1.46,1.51,1.46,1.48,5434852,13746409.00
2021/12/06,1.47,1.48,1.45,1.46,4198500,10514636.00
2021/12/07,1.46,1.47,1.43,1.46,4132701,10267369.00
2021/12/08,1.46,1.46,1.43,1.45,3199190,7914159.00
2021/12/09,1.45,1.46,1.44,1.46,3544600,8820275.00
2021/12/10,1.46,1.47,1.44,1.46,2688700,6711238.00
2021/12/13,1.46,1.47,1.46,1.46,2440705,6094966.00
2021/12/14,1.46,1.46,1.44,1.45,3128301,7756886.00
2021/12/15,1.44,1.51,1.44,1.49,8570891,21662706.00
2021/12/16,1.49,1.58,1.49,1.53,9144780,23793298.00
2021/12/17,1.53,1.56,1.52,1.53,6004391,15632835.00
2021/12/20,1.53,1.66,1.53,1.58,15892372,42655752.00
2021/12/21,1.56,1.66,1.56,1.65,15568833,42432884.00
2021/12/22,1.66,1.69,1.60,1.66,11138100,30622622.00
2021/12/23,1.64,1.70,1.61,1.63,13664212,37873056.00
2021/12/24,1.63,1.65,1.57,1.58,8717465,23430322.00
2021/12/27,1.57,1.61,1.57,1.58,4417130,11834905.00
2021/12/28,1.59,1.60,1.56,1.57,4128274,10995344.00
2021/12/29,1.58,1.66,1.58,1.63,10224888,27814842.00
2021/12/30,1.63,1.65,1.61,1.63,5098632,13884702.00
2021/12/31,1.63,1.63,1.59,1.61,4492401,12129204.00
2022/01/04,1.61,1.66,1.59,1.66,7884301,21610628.00
2022/01/05,1.64,1.66,1.63,1.64,4582030,12603981.00
2022/01/06,1.63,1.66,1.63,1.64,5039872,13873952.00
2022/01/07,1.64,1.66,1.63,1.63,5260166,14505114.00
2022/01/10,1.63,1.66,1.62,1.66,5124625,14137862.00
2022/01/11,1.66,1.74,1.65,1.71,10892417,30894996.00
2022/01/12,1.70,1.71,1.66,1.69,5665100,15929281.00
2022/01/13,1.68,1.71,1.68,1.69,4326269,12199653.00
2022/01/14,1.68,1.68,1.61,1.61,6611602,18171082.00
2022/01/17,1.61,1.64,1.60,1.62,5313400,14400179.00
2022/01/18,1.62,1.62,1.58,1.61,4821796,12971121.00
2022/01/19,1.59,1.63,1.58,1.61,5593100,15193180.00
2022/01/20,1.62,1.63,1.58,1.58,4397065,11820192.00
2022/01/21,1.58,1.60,1.55,1.56,3893524,10310452.00
2022/01/24,1.55,1.58,1.53,1.56,4232603,11154048.00
2022/01/25,1.55,1.56,1.49,1.49,4210100,10862913.00
2022/01/26,1.51,1.54,1.49,1.53,3862200,9961127.00
2022/01/27,1.55,1.56,1.51,1.53,4464000,11635275.00
2022/01/28,1.53,1.58,1.51,1.57,5279602,13817937.00
2022/02/07,1.57,1.64,1.57,1.64,8465800,22980532.00
2022/02/08,1.64,1.73,1.64,1.73,16698567,47005732.00
2022/02/09,1.73,1.74,1.69,1.71,9972060,28417412.00
2022/02/10,1.71,1.72,1.68,1.71,7431431,21080958.00
2022/02/11,1.71,1.73,1.68,1.68,6919866,19583964.00
2022/02/14,1.68,1.71,1.66,1.67,5534860,15505186.00
2022/02/15,1.67,1.68,1.62,1.63,5284030,14549766.00
2022/02/16,1.64,1.71,1.63,1.71,6640362,18589444.00
2022/02/17,1.70,1.71,1.66,1.67,6892430,19251008.00
2022/02/18,1.68,1.73,1.66,1.72,7870929,22318436.00
2022/02/21,1.72,1.73,1.70,1.73,9122262,26002840.00
2022/02/22,1.72,1.75,1.68,1.70,8295561,23638212.00
2022/02/23,1.70,1.71,1.67,1.68,5300900,14883216.00
2022/02/24,1.67,1.69,1.60,1.61,8564400,23577272.00
2022/02/25,1.63,1.73,1.62,1.70,12269026,34301324.00
2022/02/28,1.70,1.74,1.68,1.69,10069113,28559020.00
2022/03/01,1.71,1.72,1.68,1.72,7328500,20831232.00
2022/03/02,1.72,1.76,1.69,1.76,11183690,32278068.00
2022/03/03,1.76,1.86,1.74,1.85,21843701,65583560.00
2022/03/04,1.83,1.83,1.77,1.78,17806566,52795448.00
2022/03/07,1.75,1.80,1.74,1.75,11175500,32597824.00
2022/03/08,1.74,1.78,1.70,1.73,11592500,33524808.00
2022/03/09,1.73,1.76,1.61,1.68,12287200,34583624.00
2022/03/10,1.70,1.73,1.68,1.69,7488165,21216932.00
2022/03/11,1.68,1.72,1.62,1.72,7709566,21505070.00
2022/03/14,1.68,1.72,1.63,1.63,7694700,21563156.00
2022/03/15,1.62,1.63,1.47,1.47,13677301,35690960.00
2022/03/16,1.48,1.57,1.48,1.55,12676175,32928848.00
2022/03/17,1.55,1.60,1.53,1.54,8846600,23348288.00
2022/03/18,1.53,1.61,1.52,1.59,7049455,18650156.00
2022/03/21,1.61,1.62,1.57,1.60,7207564,19253864.00
2022/03/22,1.59,1.65,1.58,1.65,8558066,23357222.00
2022/03/23,1.65,1.65,1.60,1.61,6367601,17331000.00
2022/03/24,1.61,1.64,1.58,1.59,5364565,14472355.00
2022/03/25,1.58,1.65,1.58,1.63,6372000,17332204.00
2022/03/28,1.61,1.64,1.57,1.63,5016200,13615035.00
2022/03/29,1.64,1.64,1.60,1.61,4543501,12344729.00
2022/03/30,1.61,1.64,1.61,1.61,5687299,15519261.00
2022/03/31,1.61,1.65,1.61,1.64,7903000,21693532.00
2022/04/01,1.64,1.71,1.63,1.71,9463293,26427342.00
2022/04/06,1.70,1.78,1.68,1.77,14900950,43391640.00
2022/04/07,1.78,1.78,1.71,1.72,13091225,37778336.00
2022/04/08,1.75,1.77,1.69,1.75,8891323,25568324.00
2022/04/11,1.76,1.83,1.73,1.73,16182038,47455504.00
2022/04/12,1.73,1.80,1.71,1.78,13257612,38439968.00
2022/04/13,1.79,1.83,1.76,1.77,13466265,39955356.00
2022/04/14,1.79,1.81,1.76,1.76,8807530,25963164.00
2022/04/15,1.78,1.81,1.73,1.75,11828337,34614080.00
2022/04/18,1.72,1.76,1.68,1.73,8601425,24594178.00
2022/04/19,1.75,1.75,1.68,1.73,12805800,36364000.00
2022/04/20,1.72,1.81,1.71,1.75,17396861,51024656.00
2022/04/21,1.76,1.78,1.66,1.66,8717165,24714790.00
2022/04/22,1.66,1.73,1.66,1.70,7787200,22053474.00
2022/04/25,1.68,1.68,1.51,1.53,10258100,27421376.00
2022/04/26,1.52,1.56,1.42,1.43,12617192,31862600.00
2022/04/27,1.41,1.44,1.33,1.43,13401627,32014446.00
2022/04/28,1.43,1.49,1.41,1.43,11141400,27678602.00
2022/04/29,1.45,1.51,1.44,1.49,7719300,19485808.00
2022/05/05,1.49,1.56,1.48,1.54,8727600,22708688.00
2022/05/06,1.53,1.53,1.46,1.49,6696901,17081406.00
2022/05/09,1.49,1.56,1.48,1.56,6061700,15781968.00
2022/05/10,1.55,1.58,1.51,1.57,6838927,17887216.00
2022/05/11,1.55,1.58,1.52,1.53,6907300,18175144.00
2022/05/12,1.53,1.56,1.51,1.56,5406600,14113332.00
2022/05/13,1.56,1.59,1.54,1.58,6401830,17017204.00
2022/05/16,1.58,1.61,1.56,1.61,6569330,17586702.00
2022/05/17,1.59,1.63,1.56,1.59,5296875,14178779.00
2022/05/18,1.59,1.61,1.57,1.58,5161372,13826373.00
2022/05/19,1.57,1.59,1.54,1.58,5525304,14633023.00
2022/05/20,1.59,1.63,1.58,1.62,6471965,17559290.00
2022/05/23,1.63,1.65,1.61,1.61,4581500,12463125.00
2022/05/24,1.62,1.63,1.54,1.55,5885768,15673722.00
2022/05/25,1.55,1.63,1.54,1.63,6446199,17332922.00
2022/05/26,1.63,1.65,1.60,1.64,6399830,17494908.00
2022/05/27,1.63,1.65,1.61,1.64,5442725,14862143.00
2022/05/30,1.63,1.67,1.62,1.66,6351730,17590292.00
2022/05/31,1.67,1.68,1.63,1.66,5792911,16089171.00
2022/06/01,1.66,1.68,1.65,1.68,6513182,18188664.00
2022/06/02,1.68,1.68,1.66,1.66,4932131,13747696.00
2022/06/06,1.67,1.68,1.63,1.65,7642666,21098900.00
2022/06/07,1.65,1.66,1.62,1.66,7194300,19774078.00
2022/06/08,1.66,1.66,1.59,1.63,7366860,20127858.00
2022/06/09,1.63,1.63,1.58,1.58,6966400,18755462.00
2022/06/10,1.58,1.64,1.58,1.63,6904166,18716718.00
2022/06/13,1.62,1.63,1.58,1.59,6194000,16668788.00
2022/06/14,1.58,1.60,1.55,1.58,6592900,17485452.00
2022/06/15,1.58,1.62,1.58,1.60,5986010,16139106.00
2022/06/16,1.60,1.61,1.58,1.61,6570057,17672120.00
2022/06/17,1.59,1.60,1.56,1.58,7350066,19470698.00
2022/06/20,1.57,1.59,1.56,1.57,5942821,15741684.00
2022/06/21,1.56,1.59,1.56,1.58,5214714,13849039.00
2022/06/22,1.57,1.58,1.53,1.55,9416125,24736480.00
2022/06/23,1.54,1.57,1.54,1.57,5593500,14581657.00
2022/06/24,1.57,1.57,1.55,1.57,4440500,11617929.00
2022/06/27,1.57,1.58,1.54,1.55,5370566,14058944.00
2022/06/28,1.55,1.58,1.55,1.58,5677532,14918744.00
2022/06/29,1.58,1.59,1.56,1.57,5245066,13812665.00
2022/06/30,1.57,1.64,1.57,1.60,13862116,37046396.00
2022/07/01,1.60,1.62,1.59,1.59,7143715,19074682.00
2022/07/04,1.59,1.59,1.56,1.58,7299025,19194368.00
2022/07/05,1.57,1.60,1.55,1.57,7043273,18520808.00
2022/07/06,1.57,1.57,1.52,1.54,11498772,29724996.00
2022/07/07,1.52,1.56,1.52,1.55,6120800,15891510.00
2022/07/08,1.55,1.57,1.54,1.55,7100734,18478296.00
2022/07/11,1.56,1.62,1.53,1.57,12186990,31730508.00
2022/07/12,1.63,1.76,1.62,1.76,54414564,154958928.00
2022/07/13,1.88,1.97,1.83,1.97,31568723,98728784.00
2022/07/14,2.08,2.19,1.81,1.82,138361213,454713536.00
2022/07/15,1.76,1.89,1.69,1.85,95424090,277002688.00
2022/07/18,1.75,1.84,1.72,1.82,67549902,198765600.00
2022/07/19,1.82,1.84,1.74,1.77,46210652,134991248.00
2022/07/20,1.77,1.78,1.73,1.76,32405583,93079856.00
2022/07/21,1.75,1.76,1.69,1.70,29528800,83581728.00
2022/07/22,1.69,1.86,1.69,1.80,58794455,172305776.00
2022/07/25,1.78,1.88,1.77,1.77,36428952,107729592.00
2022/07/26,1.77,1.84,1.75,1.81,26472740,77528232.00
2022/07/27,1.80,1.82,1.77,1.79,19115395,55807124.00
2022/07/28,1.79,1.81,1.75,1.76,19107301,55479768.00
2022/07/29,1.77,1.78,1.74,1.78,17087461,49448184.00
2022/08/01,1.77,1.77,1.71,1.72,13750400,39183252.00
2022/08/02,1.70,1.72,1.62,1.64,22474936,61621920.00
2022/08/03,1.64,1.69,1.61,1.62,11480540,31384188.00
2022/08/04,1.62,1.67,1.59,1.64,8553566,23138280.00
2022/08/05,1.64,1.65,1.59,1.64,9062700,24520452.00
2022/08/08,1.64,1.66,1.62,1.66,7480600,20424300.00
2022/08/09,1.65,1.66,1.63,1.64,5455837,14845298.00
2022/08/10,1.64,1.64,1.61,1.62,5976072,16092478.00
2022/08/11,1.62,1.66,1.62,1.65,9840081,26902988.00
2022/08/12,1.66,1.68,1.64,1.67,8143800,22508252.00
2022/08/15,1.67,1.68,1.64,1.66,5633500,15457497.00
2022/08/16,1.65,1.68,1.65,1.68,6452378,17875334.00
2022/08/17,1.67,1.72,1.67,1.71,8157900,22821484.00
2022/08/18,1.70,1.71,1.67,1.67,7221200,20036602.00
2022/08/19,1.67,1.69,1.66,1.67,8146401,22586232.00
2022/08/22,1.67,1.71,1.66,1.69,8088400,22472296.00
2022/08/23,1.68,1.70,1.67,1.69,6685600,18600460.00
2022/08/24,1.69,1.72,1.67,1.70,15142530,42414000.00
2022/08/25,1.70,1.77,1.69,1.77,26011630,74566504.00
2022/08/26,1.75,1.77,1.71,1.73,17137700,48827620.00
2022/08/29,1.69,1.72,1.67,1.71,11618710,32480526.00
2022/08/30,1.70,1.77,1.70,1.75,18981732,54421400.00
2022/08/31,1.76,1.77,1.70,1.70,11504600,32601272.00
2022/09/01,1.72,1.77,1.71,1.72,11475800,32763880.00
2022/09/02,1.72,1.76,1.72,1.74,10721097,30674064.00
2022/09/05,1.74,1.79,1.73,1.79,15509000,45103260.00
2022/09/06,1.79,1.81,1.77,1.79,12038199,35263716.00
2022/09/07,1.81,1.82,1.78,1.80,12539877,36920288.00
2022/09/08,1.80,1.82,1.79,1.80,10992330,32438692.00
2022/09/09,1.80,1.82,1.78,1.79,9413915,27733778.00
2022/09/13,1.79,1.80,1.75,1.76,10417010,30416692.00
2022/09/14,1.74,1.79,1.73,1.77,9252380,26800570.00
2022/09/15,1.77,1.78,1.70,1.73,10805166,30866368.00
2022/09/16,1.73,1.73,1.65,1.65,9319432,25935314.00
2022/09/19,1.67,1.67,1.61,1.64,7667708,20805174.00
2022/09/20,1.63,1.68,1.63,1.66,7198338,19800148.00
2022/09/21,1.66,1.72,1.63,1.70,8478370,23531472.00
2022/09/22,1.69,1.72,1.66,1.67,6217364,17322440.00
2022/09/23,1.67,1.71,1.65,1.66,9187500,25480224.00
2022/09/26,1.65,1.66,1.56,1.58,8741200,23436422.00
2022/09/27,1.59,1.67,1.58,1.63,8415063,22589022.00
2022/09/28,1.63,1.63,1.57,1.58,7195600,19165588.00
2022/09/29,1.59,1.61,1.54,1.55,6862400,18008856.00
2022/09/30,1.56,1.57,1.54,1.54,4042817,10511207.00
2022/10/10,1.55,1.58,1.52,1.54,4831100,12560413.00
2022/10/11,1.54,1.54,1.49,1.54,6591096,16837132.00
2022/10/12,1.53,1.57,1.52,1.57,5275450,13609276.00
2022/10/13,1.56,1.57,1.52,1.55,6018080,15605016.00
2022/10/14,1.55,1.59,1.55,1.57,6866300,18065244.00
2022/10/17,1.57,1.59,1.54,1.58,5309456,13938374.00
2022/10/18,1.58,1.59,1.57,1.58,6756100,17851774.00
2022/10/19,1.57,1.59,1.56,1.57,4389500,11538136.00
2022/10/20,1.56,1.57,1.54,1.55,6262801,16278817.00
2022/10/21,1.55,1.57,1.54,1.55,5522700,14401686.00
2022/10/24,1.55,1.57,1.49,1.49,8241800,21068224.00
2022/10/25,1.49,1.51,1.47,1.50,5625705,14150970.00
2022/10/26,1.49,1.53,1.49,1.51,5406200,13765611.00
2022/10/27,1.52,1.54,1.50,1.52,4819100,12335334.00
2022/10/28,1.52,1.52,1.46,1.46,7217100,18059404.00
2022/10/31,1.48,1.55,1.47,1.54,18861031,48432408.00
2022/11/01,1.53,1.62,1.53,1.61,14589365,38509408.00
2022/11/02,1.62,1.64,1.59,1.60,10196045,27313126.00
2022/11/03,1.60,1.62,1.59,1.62,6422900,17248278.00
2022/11/04,1.62,1.64,1.60,1.61,9121840,24525968.00
2022/11/07,1.62,1.65,1.59,1.64,9269274,25020052.00
2022/11/08,1.64,1.64,1.62,1.64,4620180,12540828.00
2022/11/09,1.64,1.67,1.62,1.66,6728506,18389254.00
2022/11/10,1.64,1.67,1.62,1.66,6398630,17551908.00
2022/11/11,1.68,1.70,1.66,1.67,6666600,18492516.00
2022/11/14,1.69,1.69,1.65,1.67,6925311,19137280.00
2022/11/15,1.67,1.68,1.64,1.67,6888623,19012188.00
2022/11/16,1.67,1.69,1.65,1.66,4557800,12613851.00
2022/11/17,1.66,1.72,1.64,1.72,14323553,40087004.00
2022/11/18,1.71,1.72,1.67,1.68,8178307,22863708.00
2022/11/21,1.67,1.67,1.64,1.64,8032665,21947660.00
2022/11/22,1.64,1.71,1.64,1.70,10194196,28428772.00
2022/11/23,1.70,1.71,1.67,1.67,7515300,20952960.00
2022/11/24,1.68,1.72,1.68,1.69,8070400,22664630.00
2022/11/25,1.69,1.73,1.69,1.72,6218500,17566810.00
2022/11/28,1.72,1.72,1.67,1.70,6826040,19110264.00
2022/11/29,1.70,1.76,1.70,1.75,10755230,30794750.00
2022/11/30,1.76,1.76,1.73,1.74,5681100,16300206.00
2022/12/01,1.76,1.77,1.73,1.74,7247562,20821888.00
2022/12/02,1.74,1.75,1.71,1.74,8507853,24253104.00
2022/12/05,1.74,1.84,1.74,1.82,15009919,44366572.00
2022/12/06,1.82,1.84,1.78,1.81,10476100,30997316.00
2022/12/07,1.82,1.84,1.79,1.82,8108899,24010444.00
2022/12/08,1.82,1.85,1.81,1.84,10827607,32427200.00
2022/12/09,1.84,1.87,1.79,1.79,9319200,27774672.00
2022/12/12,1.81,1.83,1.79,1.82,11762100,34886072.00
2022/12/13,1.82,1.87,1.80,1.86,9797425,29606120.00
2022/12/14,1.84,1.86,1.79,1.82,8138310,24263178.00
2022/12/15,1.83,1.84,1.78,1.79,6383161,18807632.00
2022/12/16,1.77,1.82,1.76,1.82,6884600,20323432.00
2022/12/19,1.81,1.82,1.74,1.76,8266798,24051720.00
2022/12/20,1.74,1.79,1.74,1.78,9584100,27903768.00
2022/12/21,1.78,1.83,1.77,1.79,5568960,16406149.00
2022/12/22,1.80,1.81,1.72,1.73,6402300,18483376.00
2022/12/23,1.72,1.77,1.72,1.73,5048000,14460752.00
2022/12/26,1.74,1.74,1.69,1.70,6874881,19421588.00
2022/12/27,1.72,1.82,1.71,1.77,10737928,31351636.00
2022/12/28,1.79,1.79,1.74,1.74,6942556,20102056.00
2022/12/29,1.74,1.75,1.70,1.70,6397000,18160932.00
2022/12/30,1.71,1.78,1.71,1.77,8732339,25077024.00
2023/01/03,1.77,1.80,1.76,1.79,9132696,26707558.00
2023/01/04,1.79,1.80,1.76,1.79,6299445,18394196.00
2023/01/05,1.79,1.79,1.76,1.77,7861835,22891504.00
2023/01/06,1.77,1.77,1.72,1.73,7527020,21587798.00
2023/01/09,1.74,1.75,1.72,1.74,5571113,15958835.00
2023/01/10,1.74,1.74,1.71,1.72,6120475,17361148.00
2023/01/11,1.72,1.73,1.70,1.70,4990400,14095023.00
2023/01/12,1.70,1.71,1.67,1.69,6104600,17015090.00
2023/01/13,1.69,1.71,1.68,1.69,5119099,14355084.00
2023/01/16,1.69,1.72,1.69,1.69,6077401,17080272.00
2023/01/17,1.70,1.71,1.67,1.69,7505145,20963476.00
2023/01/18,1.68,1.70,1.68,1.69,5676900,15874468.00
2023/01/19,1.69,1.72,1.69,1.71,5849365,16413822.00
2023/01/20,1.70,1.73,1.70,1.73,6174885,17501628.00
2023/01/30,1.74,1.77,1.73,1.75,7924016,22759966.00
2023/01/31,1.74,1.77,1.74,1.76,6209631,17858388.00
2023/02/01,1.75,1.78,1.75,1.77,6756284,19586780.00
2023/02/02,1.79,1.79,1.76,1.77,5705119,16616961.00
2023/02/03,1.78,1.78,1.74,1.77,6253718,18089072.00
2023/02/06,1.77,1.79,1.75,1.77,5682552,16526348.00
2023/02/07,1.77,1.79,1.75,1.78,5291000,15346012.00
2023/02/08,1.78,1.78,1.76,1.77,5857590,17017772.00
2023/02/09,1.77,1.78,1.75,1.77,5371510,15608347.00
2023/02/10,1.77,1.79,1.77,1.78,5189930,15165300.00
2023/02/13,1.79,1.82,1.78,1.80,10294973,30384360.00
2023/02/14,1.81,1.81,1.77,1.79,7886700,23133082.00
2023/02/15,1.79,1.79,1.77,1.77,5135901,14956908.00
2023/02/16,1.78,1.79,1.72,1.74,8463328,24590928.00
2023/02/17,1.73,1.77,1.73,1.74,8487361,24408826.00
2023/02/20,1.73,1.77,1.72,1.77,9370755,26857358.00
2023/02/21,1.77,1.79,1.76,1.79,7266064,21190264.00
2023/02/22,1.78,1.79,1.76,1.78,6210700,18062316.00
2023/02/23,1.78,1.79,1.77,1.78,8024090,23456812.00
2023/02/24,1.79,1.79,1.77,1.78,6445160,18844828.00
2023/02/27,1.78,1.79,1.77,1.77,6805630,19891348.00
2023/02/28,1.77,1.82,1.77,1.82,8553263,25179080.00
2023/03/01,1.81,1.83,1.80,1.82,8710620,25889034.00
2023/03/02,1.83,1.87,1.82,1.85,12885619,38905248.00
2023/03/03,1.86,1.87,1.84,1.87,8467796,25692416.00
2023/03/06,1.87,1.89,1.85,1.87,9809595,29870388.00
2023/03/07,1.88,1.90,1.85,1.86,10270446,31391548.00
2023/03/08,1.85,1.90,1.84,1.89,12544628,38429728.00
2023/03/09,1.90,1.92,1.89,1.92,8834648,27367750.00
2023/03/10,1.92,1.92,1.87,1.89,7122830,21893080.00
2023/03/13,1.87,1.92,1.87,1.91,7337551,22666276.00
2023/03/14,1.92,1.93,1.88,1.89,6420723,19863914.00
2023/03/15,1.91,1.97,1.89,1.96,10535715,33056836.00
2023/03/16,1.93,1.96,1.91,1.92,8323003,26069352.00
2023/03/17,1.94,1.97,1.91,1.96,9722101,30679516.00
2023/03/20,1.97,2.02,1.94,1.94,14560847,46450356.00
2023/03/21,1.96,1.97,1.92,1.93,8763588,27462004.00
2023/03/22,1.94,1.94,1.92,1.93,7479259,23444142.00
2023/03/23,1.94,1.95,1.89,1.94,9386894,29183252.00
2023/03/24,1.93,1.94,1.86,1.87,10126502,31076536.00
2023/03/27,1.89,1.89,1.82,1.86,11606100,34927152.00
2023/03/28,1.87,1.87,1.82,1.82,7244900,21685902.00
2023/03/29,1.82,1.82,1.77,1.78,9051000,26598336.00
2023/03/30,1.79,1.80,1.75,1.79,8071310,23491640.00
2023/03/31,1.80,1.81,1.77,1.79,5826301,17085762.00
2023/04/03,1.78,1.82,1.78,1.80,9520800,28092042.00
2023/04/04,1.82,1.83,1.79,1.82,8119376,24118804.00
2023/04/06,1.80,1.81,1.74,1.77,10483880,30481318.00
2023/04/07,1.77,1.78,1.75,1.77,7297200,21189532.00
2023/04/10,1.75,1.76,1.69,1.71,13350513,37841748.00
2023/04/11,1.70,1.71,1.69,1.71,8624200,24187854.00
2023/04/12,1.71,1.73,1.71,1.73,8005902,22718806.00
2023/04/13,1.73,1.75,1.72,1.73,8242690,23531440.00
2023/04/14,1.74,1.75,1.72,1.74,6687032,19135888.00
2023/04/17,1.86,1.95,1.82,1.95,25698434,79634304.00
2023/04/18,2.02,2.04,1.89,1.99,63100146,200063632.00
2023/04/19,2.02,2.09,1.98,2.06,36964819,121742344.00
2023/04/20,2.07,2.13,2.04,2.11,25303945,84701376.00
2023/04/21,2.13,2.19,2.06,2.07,26005701,88141952.00
2023/04/24,2.07,2.08,2.02,2.05,23746463,78116264.00
2023/04/25,2.07,2.11,2.02,2.06,13243326,43814336.00
2023/04/26,2.09,2.10,2.04,2.07,17726379,59021532.00
2023/04/27,2.07,2.12,2.05,2.09,13404230,44959832.00
2023/04/28,2.10,2.19,2.08,2.19,20854717,71799760.00
2023/05/04,2.19,2.25,2.15,2.24,24926340,87828624.00
2023/05/05,2.25,2.28,2.22,2.26,25963546,92941552.00
2023/05/08,2.25,2.33,2.24,2.32,21029006,76802760.00
2023/05/09,2.32,2.35,2.26,2.26,15702630,57149224.00
2023/05/10,2.27,2.31,2.25,2.28,16200935,58625960.00
2023/05/11,2.29,2.33,2.26,2.30,10248501,37268224.00
2023/05/12,2.30,2.38,2.29,2.33,11498822,42597792.00
2023/05/15,2.52,2.59,2.28,2.45,61071555,232646176.00
2023/05/16,2.47,2.47,2.35,2.37,41454598,156920496.00
2023/05/17,2.38,2.41,2.32,2.37,19866328,74311128.00
2023/05/18,2.37,2.39,2.32,2.32,17246803,63943424.00
2023/05/19,2.33,2.33,2.24,2.25,19436056,69889320.00
2023/05/22,2.26,2.28,2.21,2.23,12871579,45867972.00
2023/05/23,2.22,2.24,2.17,2.17,13008000,45501520.00
2023/05/24,2.17,2.17,2.11,2.12,10842699,37010424.00
2023/05/25,2.13,2.15,2.11,2.14,11692034,39874420.00
2023/05/26,2.14,2.17,2.12,2.15,8176600,28007822.00
2023/05/29,2.14,2.18,2.14,2.15,10195156,35156352.00
2023/05/30,2.14,2.19,2.14,2.18,9130360,31607962.00
2023/05/31,2.18,2.22,2.15,2.19,9549400,33297076.00
2023/06/01,2.20,2.21,2.16,2.17,9125301,31714232.00
2023/06/02,2.17,2.19,2.12,2.13,9505700,32625350.00
2023/06/05,2.13,2.16,2.12,2.15,7133000,24437416.00
2023/06/06,2.15,2.17,2.09,2.10,7286600,24828844.00
2023/06/07,2.10,2.18,2.09,2.18,11469727,39430872.00
2023/06/08,2.17,2.23,2.17,2.22,11015518,38643676.00
2023/06/09,2.22,2.22,2.18,2.19,6581363,23095356.00
2023/06/12,2.19,2.19,2.14,2.15,8129988,28078840.00
2023/06/13,2.15,2.17,2.12,2.13,7279500,24866896.00
2023/06/14,2.12,2.13,2.11,2.12,7562100,25672194.00
2023/06/15,2.12,2.12,2.08,2.10,7167400,24112582.00
2023/06/16,2.09,2.13,2.09,2.10,7406700,25039358.00
2023/06/19,2.09,2.10,2.07,2.07,9086000,30382334.00
2023/06/20,2.07,2.10,2.05,2.06,9185200,30562622.00
2023/06/21,2.07,2.14,2.07,2.09,15926490,53771592.00
2023/06/26,2.09,2.11,2.00,2.01,13304374,43636132.00
2023/06/27,2.02,2.12,2.02,2.12,13440500,44945452.00
2023/06/28,2.12,2.16,2.09,2.14,15385100,52383540.00
2023/06/29,2.14,2.14,2.07,2.09,28160720,67844096.00
2023/06/30,2.08,2.10,2.05,2.07,27939861,66626504.00
2023/07/03,2.06,2.15,2.06,2.13,21245769,51477944.00
2023/07/04,2.13,2.16,2.12,2.14,14694067,35912028.00
2023/07/05,2.13,2.15,2.12,2.13,10258780,25046356.00
2023/07/06,2.12,2.13,2.08,2.10,12166680,29299236.00
2023/07/07,2.09,2.12,2.08,2.10,8861140,21363158.00
2023/07/10,2.11,2.12,2.09,2.12,9827340,23786432.00
2023/07/11,2.12,2.12,2.10,2.11,7602340,18387656.00
2023/07/12,2.11,2.12,2.06,2.06,13756640,32921392.00
2023/07/13,2.06,2.11,2.05,2.11,11176441,26863156.00
2023/07/14,2.10,2.11,2.08,2.08,9428640,22674110.00
2023/07/17,2.08,2.12,2.06,2.11,13988435,33648188.00
2023/07/18,2.11,2.16,2.09,2.15,14543885,35535232.00
2023/07/19,2.14,2.17,2.13,2.16,8881985,21927664.00
2023/07/20,2.17,2.18,2.12,2.14,11195223,27471212.00
2023/07/21,2.13,2.31,2.11,2.21,51748238,130573552.00
2023/07/24,2.21,2.26,2.18,2.20,42768733,108048368.00
2023/07/25,2.21,2.26,2.20,2.25,26060184,66225700.00
2023/07/26,2.25,2.26,2.21,2.23,12674722,32182648.00
2023/07/27,2.23,2.25,2.21,2.22,10603602,26944236.00
2023/07/28,2.22,2.26,2.21,2.26,13477917,34412316.00
2023/07/31,2.26,2.30,2.25,2.29,18320000,47328544.00
2023/08/01,2.29,2.34,2.27,2.32,19436853,50825928.00
2023/08/02,2.31,2.33,2.27,2.29,12124877,31517284.00
2023/08/03,2.28,2.29,2.25,2.28,11586824,29836528.00
2023/08/04,2.27,2.29,2.23,2.23,14479153,37131840.00
2023/08/07,2.23,2.24,2.19,2.20,12276800,31044588.00
2023/08/08,2.22,2.23,2.20,2.21,9359402,23607856.00
2023/08/09,2.20,2.20,2.14,2.17,14610242,36248948.00
2023/08/10,2.16,2.19,2.15,2.18,9295580,23037068.00
2023/08/11,2.18,2.19,2.14,2.15,12393760,30693372.00
2023/08/14,2.14,2.19,2.12,2.18,10888680,26810668.00
2023/08/15,2.17,2.22,2.17,2.22,14587300,36601564.00
2023/08/16,2.21,2.22,2.16,2.19,9867220,24581480.00
2023/08/17,2.17,2.20,2.16,2.19,13049658,32400948.00
2023/08/18,2.19,2.24,2.18,2.20,16583074,41846920.00
2023/08/21,2.19,2.23,2.18,2.19,10992944,27645168.00
2023/08/22,2.19,2.20,2.14,2.17,12554300,31068280.00
2023/08/23,2.17,2.21,2.13,2.14,15643580,38712456.00
2023/08/24,2.15,2.16,2.10,2.10,13510653,32821758.00
2023/08/25,2.08,2.18,2.08,2.14,19963686,48862416.00
2023/08/28,2.24,2.25,2.18,2.20,20205999,50942760.00
2023/08/29,2.18,2.21,2.16,2.19,16946980,42254108.00
2023/08/30,2.19,2.20,2.10,2.12,23305840,57041884.00
2023/08/31,2.11,2.11,2.07,2.09,17171866,41127372.00
2023/09/01,2.09,2.11,2.06,2.10,12180980,29224748.00
2023/09/04,2.10,2.23,2.09,2.23,36326781,90631232.00
2023/09/05,2.22,2.22,2.15,2.16,21100460,52553472.00
2023/09/06,2.16,2.17,2.14,2.15,13575851,33466776.00
2023/09/07,2.14,2.16,2.12,2.13,14057697,34450048.00
2023/09/08,2.13,2.13,2.09,2.10,13468160,32535736.00
2023/09/11,2.10,2.11,2.08,2.11,13581151,32660252.00
2023/09/12,2.10,2.19,2.10,2.17,28553593,70445232.00
2023/09/13,2.16,2.21,2.14,2.18,27333784,67949048.00
2023/09/14,2.18,2.23,2.15,2.23,31195444,78169648.00
2023/09/15,2.21,2.40,2.20,2.34,75585271,197992032.00
2023/09/18,2.30,2.43,2.29,2.42,70594862,189165296.00
2023/09/19,2.37,2.69,2.36,2.69,116093613,340013632.00
2023/09/20,2.75,2.79,2.39,2.41,167963507,478298176.00
2023/09/21,2.32,2.48,2.32,2.35,98037430,266078448.00
2023/09/22,2.32,2.37,2.26,2.26,76134500,197185536.00
2023/09/25,2.28,2.29,2.25,2.26,42467549,109522080.00
2023/09/26,2.26,2.37,2.23,2.32,51015186,133289704.00
2023/09/27,2.32,2.36,2.31,2.35,35515367,94061720.00
2023/09/28,2.35,2.36,2.32,2.35,23247506,61583056.00
2023/10/09,2.34,2.34,2.25,2.30,18963214,49361500.00
2023/10/10,2.29,2.33,2.25,2.27,22557336,58355592.00
2023/10/11,2.26,2.28,2.23,2.25,18551360,47467036.00
2023/10/12,2.25,2.31,2.25,2.29,19253527,49816948.00
2023/10/13,2.28,2.29,2.24,2.25,12711460,32688888.00
2023/10/16,2.26,2.30,2.24,2.29,17277960,44743200.00
2023/10/17,2.29,2.33,2.26,2.28,15320456,39781588.00
2023/10/18,2.29,2.29,2.23,2.24,18193761,46629884.00
2023/10/19,2.22,2.23,2.18,2.20,16637540,41867424.00
2023/10/20,2.19,2.22,2.17,2.19,12309613,30841134.00
2023/10/23,2.19,2.19,2.11,2.13,13640440,33544766.00
2023/10/24,2.14,2.22,2.13,2.20,17412989,43460324.00
2023/10/25,2.21,2.31,2.21,2.30,20874420,53952352.00
2023/10/26,2.28,2.37,2.26,2.36,23701281,62427612.00
2023/10/27,2.36,2.44,2.35,2.42,29226308,79130240.00
2023/10/30,2.44,2.55,2.37,2.39,32246293,88708704.00
2023/10/31,2.39,2.39,2.31,2.34,25426230,67357488.00
2023/11/01,2.34,2.34,2.28,2.29,13994760,36578008.00
2023/11/02,2.29,2.33,2.28,2.29,18099780,47389116.00
2023/11/03,2.30,2.32,2.24,2.26,21382589,55130480.00
2023/11/06,2.26,2.28,2.24,2.27,17247478,44326368.00
2023/11/07,2.27,2.28,2.23,2.27,17906940,46019888.00
2023/11/08,2.27,2.27,2.22,2.24,16766451,42837992.00
2023/11/09,2.23,2.27,2.22,2.23,14553639,37094780.00
2023/11/10,2.23,2.25,2.19,2.24,15649960,39653064.00
2023/11/13,2.24,2.30,2.23,2.30,20807900,53675128.00
2023/11/14,2.29,2.32,2.26,2.28,15387568,39846168.00
2023/11/15,2.29,2.31,2.25,2.26,12016040,31010568.00
2023/11/16,2.26,2.30,2.25,2.27,16225653,41922660.00
2023/11/17,2.27,2.31,2.25,2.28,13460013,34847240.00
2023/11/20,2.29,2.30,2.27,2.28,11488892,29797518.00
2023/11/21,2.29,2.34,2.28,2.32,21301294,55957056.00
2023/11/22,2.32,2.36,2.31,2.33,15990800,42381648.00
2023/11/23,2.34,2.35,2.31,2.34,11950200,31594236.00
2023/11/24,2.34,2.37,2.33,2.34,14495661,38592924.00
2023/11/27,2.35,2.39,2.34,2.37,21220081,56718400.00
2023/11/28,2.36,2.37,2.32,2.35,13263829,35203364.00
2023/11/29,2.35,2.37,2.32,2.33,14103520,37385488.00
2023/11/30,2.33,2.36,2.31,2.33,12205080,32284396.00
2023/12/01,2.33,2.38,2.33,2.37,16208113,43264312.00
2023/12/04,2.37,2.44,2.36,2.43,21575901,58544216.00
2023/12/05,2.43,2.43,2.38,2.39,16868862,45728232.00
2023/12/06,2.38,2.41,2.36,2.40,12441040,33538140.00
2023/12/07,2.40,2.41,2.35,2.36,13796573,36884376.00
2023/12/08,2.36,2.38,2.32,2.33,15260224,40622980.00
2023/12/11,2.32,2.37,2.30,2.36,14748378,39038100.00
2023/12/12,2.35,2.40,2.34,2.40,12939360,34711628.00
2023/12/13,2.40,2.43,2.38,2.38,11916700,32352800.00
2023/12/14,2.38,2.42,2.36,2.40,14866780,40194872.00
2023/12/15,2.40,2.44,2.38,2.41,14315844,38960832.00
2023/12/18,2.39,2.44,2.37,2.40,23030072,62618776.00
2023/12/19,2.39,2.41,2.35,2.38,18244204,49049560.00
2023/12/20,2.38,2.41,2.34,2.34,13605357,36447680.00
2023/12/21,2.34,2.36,2.29,2.35,14027426,36971000.00
2023/12/22,2.35,2.37,2.30,2.32,14120000,37402968.00
2023/12/25,2.30,2.32,2.25,2.27,11998852,30966968.00
2023/12/26,2.27,2.31,2.25,2.26,11139240,28783844.00
2023/12/27,2.27,2.28,2.23,2.27,10969486,28135688.00
2023/12/28,2.27,2.28,2.24,2.26,13664863,35155464.00
2023/12/29,2.25,2.26,2.23,2.24,13478500,34403184.00
2024/01/02,2.24,2.37,2.24,2.35,31083660,81427168.00
2024/01/03,2.35,2.43,2.33,2.39,20331661,54770112.00
2024/01/04,2.39,2.47,2.38,2.44,24657278,67395312.00
2024/01/05,2.42,2.46,2.40,2.41,21680180,59446632.00
2024/01/08,2.42,2.43,2.36,2.37,14521622,39176368.00
2024/01/09,2.37,2.50,2.36,2.49,40213578,111212712.00
2024/01/10,2.46,2.48,2.40,2.42,35059483,96131544.00
2024/01/11,2.41,2.44,2.38,2.40,19108940,51981312.00
2024/01/12,2.40,2.46,2.40,2.42,18464760,50487020.00
2024/01/15,2.40,2.46,2.39,2.43,18146740,49744592.00
2024/01/16,2.43,2.45,2.37,2.42,19036709,51852032.00
2024/01/17,2.42,2.45,2.40,2.41,19912860,54559508.00
2024/01/18,2.39,2.39,2.27,2.35,25220480,66493152.00
2024/01/19,2.35,2.36,2.29,2.31,14021420,36955896.00
2024/01/22,2.30,2.30,2.11,2.13,28490103,71534424.00
2024/01/23,2.12,2.13,2.03,2.10,23179942,55395920.00
2024/01/24,2.11,2.20,2.09,2.20,26393400,64888112.00
2024/01/25,2.20,2.33,2.19,2.32,20898022,53946432.00
2024/01/26,2.32,2.42,2.30,2.41,26486140,71433864.00
2024/01/29,2.41,2.43,2.33,2.34,21650600,58257796.00
2024/01/30,2.33,2.36,2.24,2.26,18686241,49013096.00
2024/01/31,2.25,2.27,2.14,2.15,27115560,67926528.00
2024/02/01,2.14,2.15,2.05,2.08,26948220,64916720.00
2024/02/02,2.07,2.12,1.93,2.00,32899381,77155896.00
2024/02/05,1.97,1.97,1.77,1.78,44133621,94310712.00
2024/02/06,1.75,1.88,1.64,1.81,49566066,101449488.00
2024/02/07,1.80,1.80,1.72,1.75,45706502,94099864.00
2024/02/08,1.78,1.90,1.74,1.90,45970039,97413296.00
2024/02/19,1.94,2.01,1.93,1.97,37052036,84226424.00
2024/02/20,1.97,2.01,1.94,2.00,19815520,45370860.00
2024/02/21,1.99,2.09,1.97,2.05,21475313,50642604.00
2024/02/22,2.05,2.07,2.02,2.06,14232704,33537556.00
2024/02/23,2.06,2.11,2.06,2.10,17358300,41486464.00
2024/02/26,2.10,2.11,2.05,2.08,19906961,47570488.00
2024/02/27,2.07,2.11,2.06,2.11,13878625,33296156.00
2024/02/28,2.11,2.15,2.01,2.01,29807780,71734480.00
2024/02/29,1.98,2.06,1.98,2.05,19512741,45710792.00
2024/03/01,2.06,2.10,2.03,2.08,21613120,51357952.00
2024/03/04,2.07,2.08,2.02,2.05,16994160,39938608.00
2024/03/05,2.04,2.05,2.00,2.01,12958960,30117124.00
2024/03/06,2.00,2.03,1.99,2.03,11346130,26371438.00
2024/03/07,2.02,2.05,2.00,2.01,16101220,37539020.00
2024/03/08,2.01,2.03,1.99,2.02,11730140,27222184.00
2024/03/11,2.01,2.06,2.01,2.05,15139950,35559408.00
2024/03/12,2.05,2.06,2.02,2.05,16108580,37926472.00
2024/03/13,2.04,2.05,2.01,2.03,10775252,25240120.00
2024/03/14,2.04,2.07,2.03,2.06,18836140,44533600.00
2024/03/15,2.07,2.08,2.04,2.07,13586937,32207836.00
2024/03/18,2.07,2.11,2.07,2.11,14133640,33947204.00
2024/03/19,2.10,2.12,2.07,2.07,13192853,31695276.00
2024/03/20,2.07,2.10,2.05,2.09,9459460,22585888.00
2024/03/21,2.10,2.11,2.07,2.09,14269227,34253704.00
2024/03/22,2.09,2.10,2.03,2.05,13376120,31660406.00
2024/03/25,2.04,2.08,2.03,2.03,13834913,32668074.00
2024/03/26,2.03,2.05,2.00,2.03,15015559,35009740.00
2024/03/27,2.03,2.04,2.00,2.00,14877804,34762400.00
2024/03/28,2.00,2.04,1.99,2.02,11879092,27659318.00
2024/03/29,2.02,2.10,2.01,2.10,21576405,51091104.00
2024/04/01,2.11,2.13,2.09,2.10,18831544,45513772.00
2024/04/02,2.11,2.14,2.09,2.14,19917072,48489448.00
2024/04/03,2.14,2.19,2.13,2.18,19067773,46961288.00
2024/04/08,2.18,2.20,2.14,2.16,18779279,46700472.00
2024/04/09,2.15,2.17,2.13,2.17,13887184,34179252.00
2024/04/10,2.16,2.18,2.12,2.16,14291871,35185668.00
2024/04/11,2.14,2.20,2.12,2.18,22613283,56024020.00
2024/04/12,2.17,2.20,2.16,2.19,18068697,45039596.00
2024/04/15,2.30,2.44,2.29,2.44,68091559,185196224.00
2024/04/16,2.59,2.72,2.30,2.42,181375441,510660160.00
2024/04/17,2.30,2.41,2.18,2.38,124150391,328764320.00
2024/04/18,2.34,2.46,2.29,2.35,89020124,237454192.00
2024/04/19,2.33,2.40,2.29,2.29,76275841,201514912.00
2024/04/22,2.29,2.31,2.20,2.22,46381752,118324976.00
2024/04/23,2.21,2.24,2.19,2.23,26221114,66293956.00
2024/04/24,2.23,2.29,2.22,2.26,29125491,74473848.00
2024/04/25,2.24,2.29,2.23,2.27,24708951,63564528.00
2024/04/26,2.26,2.27,2.23,2.26,29744452,76080648.00
2024/04/29,2.24,2.28,2.21,2.26,32038906,81895616.00
2024/04/30,2.26,2.28,2.25,2.25,23477901,60375204.00
2024/05/06,2.27,2.34,2.26,2.32,39004481,101981304.00
2024/05/07,2.31,2.32,2.29,2.31,20861220,54437280.00
2024/05/08,2.30,2.31,2.28,2.28,19974120,51985400.00
2024/05/09,2.28,2.32,2.27,2.32,24414180,63923948.00
2024/05/10,2.31,2.34,2.31,2.33,20561580,54207352.00
2024/05/13,2.32,2.36,2.30,2.36,32133529,84862480.00
2024/05/14,2.35,2.40,2.34,2.39,27252821,73233792.00
2024/05/15,2.41,2.41,2.33,2.33,29878839,79467432.00
2024/05/16,2.33,2.39,2.33,2.35,27167947,72429448.00
2024/05/17,2.37,2.38,2.30,2.34,29725346,78569352.00
2024/05/20,2.36,2.46,2.35,2.42,55980927,152358912.00
2024/05/21,2.45,2.46,2.38,2.40,28458820,77279272.00
2024/05/22,2.39,2.42,2.39,2.40,18951854,51379216.00
2024/05/23,2.39,2.40,2.30,2.33,25319440,67036796.00
2024/05/24,2.32,2.35,2.31,2.32,13274000,35086968.00
2024/05/27,2.33,2.37,2.32,2.35,14441640,38283832.00
2024/05/28,2.34,2.35,2.31,2.31,17582600,46352884.00
2024/05/29,2.31,2.32,2.27,2.29,14494182,37812976.00
2024/05/30,2.28,2.29,2.24,2.25,12515140,32193880.00
2024/05/31,2.25,2.27,2.24,2.25,8931400,22890054.00
2024/06/03,2.25,2.26,2.17,2.20,19642047,49469224.00
2024/06/04,2.19,2.23,2.17,2.23,13326540,33556872.00
2024/06/05,2.22,2.23,2.17,2.18,12776140,32027938.00
2024/06/06,2.17,2.18,2.09,2.11,17562719,42826132.00
2024/06/07,2.11,2.18,2.11,2.18,15913122,39200040.00
2024/06/11,2.16,2.17,2.12,2.14,15271548,37479256.00
2024/06/12,2.13,2.16,2.11,2.15,11079461,27104320.00
2024/06/13,2.16,2.16,2.12,2.13,7401240,18098396.00
2024/06/14,2.13,2.15,2.12,2.15,11026380,26960392.00
2024/06/17,2.14,2.15,2.12,2.13,10492817,25588330.00
2024/06/18,2.12,2.16,2.12,2.16,10500325,25780576.00
2024/06/19,2.16,2.19,2.15,2.17,13176620,32710876.00
2024/06/20,2.16,2.16,2.09,2.10,14592960,35466728.00
2024/06/21,2.09,2.14,2.09,2.13,13333720,32469900.00
2024/06/24,2.12,2.12,2.05,2.08,16517660,39458920.00
2024/06/25,2.07,2.11,2.06,2.09,11541140,27728284.00
2024/06/26,2.08,2.11,2.07,2.11,9748702,23423520.00
2024/06/27,2.10,2.11,2.07,2.07,7463880,17867344.00
2024/06/28,2.08,2.15,2.07,2.13,13666602,33152050.00
2024/07/01,2.12,2.18,2.12,2.18,11387286,28118768.00
2024/07/02,2.19,2.22,2.17,2.20,14016031,35130756.00
2024/07/03,2.20,2.25,2.20,2.20,16030720,40527056.00
2024/07/04,2.23,2.23,2.18,2.19,16777540,40755816.00
2024/07/05,2.19,2.22,2.19,2.22,12167940,29554864.00
2024/07/08,2.21,2.22,2.17,2.17,11493260,27670144.00
2024/07/09,2.18,2.24,2.16,2.24,16309997,39415576.00
2024/07/10,2.23,2.24,2.19,2.20,10403200,25330052.00
2024/07/11,2.21,2.23,2.20,2.23,12311861,30001812.00
2024/07/12,2.23,2.24,2.20,2.22,10865720,26526568.00
2024/07/15,2.22,2.22,2.18,2.21,10902560,26411328.00
2024/07/16,2.20,2.21,2.19,2.20,7068340,17096514.00
2024/07/17,2.19,2.21,2.18,2.18,8088600,19494020.00
2024/07/18,2.18,2.24,2.14,2.24,21868919,52895356.00
2024/07/19,2.22,2.23,2.17,2.20,16070500,38805328.00
2024/07/22,2.19,2.19,2.17,2.18,9087500,21813744.00
2024/07/23,2.18,2.25,2.18,2.21,25366495,61971576.00
2024/07/24,2.19,2.21,2.17,2.19,17232382,41518388.00
2024/07/25,2.19,2.24,2.18,2.24,18509702,45090324.00
2024/07/26,2.22,2.28,2.21,2.27,16325187,40206016.00
2024/07/29,2.26,2.30,2.25,2.28,13625884,34041764.00
2024/07/30,2.28,2.29,2.26,2.29,9691360,24160772.00
2024/07/31,2.28,2.35,2.28,2.32,20111954,50996412.00
2024/08/01,2.31,2.36,2.30,2.35,18225499,46512104.00
2024/08/02,2.34,2.35,2.31,2.33,18480100,47168392.00
2024/08/05,2.32,2.34,2.29,2.29,16314420,41388008.00
2024/08/06,2.30,2.32,2.27,2.29,10691791,26865832.00
2024/08/07,2.29,2.31,2.28,2.29,8877160,22354596.00
2024/08/08,2.30,2.33,2.29,2.32,9053780,22952444.00
2024/08/09,2.33,2.34,2.31,2.31,5678700,14427801.00
2024/08/12,2.31,2.31,2.28,2.30,7731280,19463488.00
2024/08/13,2.30,2.32,2.29,2.32,9158060,23148820.00
2024/08/14,2.31,2.32,2.30,2.30,5372180,13588520.00
2024/08/15,2.30,2.33,2.29,2.33,10431461,26470726.00
2024/08/16,2.33,2.35,2.31,2.33,10515356,26863020.00
2024/08/19,2.33,2.34,2.32,2.34,9022360,23015936.00
2024/08/20,2.34,2.34,2.28,2.30,10757520,27149246.00
2024/08/21,2.29,2.30,2.25,2.28,10182180,25383420.00
2024/08/22,2.27,2.31,2.27,2.27,8287240,20782198.00
2024/08/23,2.27,2.28,2.22,2.25,9871660,24333156.00
2024/08/26,2.24,2.26,2.22,2.24,8846556,21732416.00
2024/08/27,2.23,2.25,2.22,2.24,8257100,20303830.00
2024/08/28,2.26,2.29,2.24,2.26,10869681,27001318.00
2024/08/29,2.25,2.25,2.21,2.22,11470733,28071908.00
2024/08/30,2.22,2.24,2.18,2.23,15500720,37799648.00
2024/09/02,2.22,2.25,2.20,2.20,12235500,29945632.00
2024/09/03,2.20,2.21,2.14,2.17,14024511,33559240.00
2024/09/04,2.15,2.18,2.13,2.13,7646500,18140836.00
2024/09/05,2.14,2.19,2.13,2.17,10225106,24352508.00
2024/09/06,2.18,2.20,2.15,2.16,10574791,25401280.00
2024/09/09,2.18,2.18,2.11,2.14,7304671,17180768.00
2024/09/10,2.14,2.16,2.11,2.14,8380151,19719374.00
2024/09/11,2.15,2.15,2.08,2.10,7628571,17749904.00
2024/09/12,2.10,2.12,2.09,2.11,7398980,17245370.00
2024/09/13,2.10,2.13,2.09,2.09,7097128,16502336.00
2024/09/18,2.10,2.10,2.04,2.08,7985442,18262412.00
2024/09/19,2.09,2.12,2.07,2.11,9265216,21523042.00
2024/09/20,2.11,2.11,2.06,2.08,11993140,27595204.00
2024/09/23,2.08,2.10,2.06,2.09,6518780,15032853.00
2024/09/24,2.09,2.16,2.09,2.16,17078040,40222672.00
2024/09/25,2.18,2.26,2.17,2.21,20840842,50810604.00
2024/09/26,2.22,2.29,2.20,2.29,18936770,46660380.00
2024/09/27,2.31,2.33,2.28,2.32,20524802,51856576.00
2024/09/30,2.36,2.55,2.36,2.52,51030329,135873984.00
2024/10/08,2.77,2.79,2.48,2.53,68589702,192723312.00
2024/10/09,2.50,2.51,2.28,2.28,46558921,120752512.00
2024/10/10,2.33,2.41,2.30,2.36,37487804,96792872.00
2024/10/11,2.36,2.41,2.32,2.34,26229329,67790808.00
2024/10/14,2.36,2.42,2.34,2.40,22077581,57449236.00
2024/10/15,2.40,2.55,2.37,2.42,38759441,103449104.00
2024/10/16,2.41,2.46,2.39,2.44,26863140,71212984.00
2024/10/17,2.44,2.45,2.35,2.36,28807376,75239856.00
2024/10/18,2.36,2.42,2.33,2.38,27105801,70160792.00
2024/10/21,2.38,2.40,2.36,2.37,19483691,50605824.00
2024/10/22,2.36,2.39,2.35,2.39,14325144,37210840.00
2024/10/23,2.39,2.42,2.38,2.40,17158700,44997132.00
2024/10/24,2.40,2.41,2.38,2.40,13774960,36026624.00
2024/10/25,2.40,2.44,2.39,2.44,18776632,49692744.00
2024/10/28,2.44,2.52,2.43,2.51,25734885,69497024.00
2024/10/29,2.52,2.53,2.43,2.46,24018862,64502236.00
2024/10/30,2.45,2.47,2.42,2.47,21440579,57154604.00
2024/10/31,2.46,2.50,2.45,2.49,23520809,63445700.00
2024/11/01,2.49,2.51,2.45,2.46,22000699,59319296.00
2024/11/04,2.46,2.49,2.45,2.49,17736499,47735320.00
2024/11/05,2.48,2.54,2.47,2.54,24627281,67369944.00
2024/11/06,2.53,2.57,2.51,2.54,28424842,78378488.00
2024/11/07,2.53,2.65,2.52,2.64,35268139,99488400.00
2024/11/08,2.64,2.67,2.56,2.58,35796769,101033432.00
2024/11/11,2.57,2.60,2.53,2.57,17820082,49583160.00
2024/11/12,2.57,2.58,2.49,2.52,24078020,66468232.00
2024/11/13,2.50,2.55,2.48,2.52,19828408,54154928.00
2024/11/14,2.51,2.52,2.44,2.46,18915479,51000836.00
2024/11/15,2.45,2.49,2.43,2.44,18419510,49443936.00
2024/11/18,2.46,2.53,2.46,2.48,27783339,75560312.00
2024/11/19,2.48,2.52,2.46,2.50,20324182,55110680.00
2024/11/20,2.49,2.53,2.48,2.52,16615120,45276068.00
2024/11/21,2.51,2.53,2.48,2.50,12239620,33267416.00
2024/11/22,2.50,2.55,2.44,2.45,30545741,83343152.00
2024/11/25,2.46,2.51,2.44,2.47,21728180,58533808.00
2024/11/26,2.47,2.51,2.46,2.49,15728557,42665696.00
2024/11/27,2.49,2.49,2.40,2.48,23043944,61541616.00
2024/11/28,2.48,2.54,2.46,2.52,27265902,74542800.00
2024/11/29,2.51,2.55,2.51,2.53,18325440,50434832.00
2024/12/02,2.53,2.60,2.53,2.58,26130876,72719416.00
2024/12/03,2.58,2.59,2.54,2.58,23904521,66604216.00
2024/12/04,2.57,2.58,2.53,2.55,20129602,55827036.00
2024/12/05,2.54,2.56,2.53,2.56,12713582,35190980.00
2024/12/06,2.57,2.66,2.56,2.66,38892638,110465600.00
2024/12/09,2.68,2.72,2.62,2.65,29764860,85879032.00
2024/12/10,2.71,2.71,2.61,2.61,24173760,69501864.00
2024/12/11,2.61,2.71,2.61,2.70,28180618,81527232.00
2024/12/12,2.70,2.79,2.68,2.77,40090411,119130880.00
2024/12/13,2.76,2.79,2.68,2.69,30418645,89524744.00
2024/12/16,2.71,2.93,2.69,2.82,69262455,211533104.00
2024/12/17,2.87,2.90,2.72,2.73,51342242,154297280.00
2024/12/18,2.73,2.77,2.70,2.71,29825308,88129912.00
2024/12/19,2.68,2.70,2.63,2.65,25173162,72341680.00
2024/12/20,2.64,2.71,2.64,2.65,25038361,72373560.00
2024/12/23,2.66,2.68,2.55,2.56,26379257,74536672.00
2024/12/24,2.56,2.63,2.54,2.62,22063800,62216728.00
2024/12/25,2.61,2.62,2.53,2.58,22386468,62519460.00
2024/12/26,2.56,2.62,2.56,2.57,15148540,42422200.00
2024/12/27,2.56,2.63,2.55,2.62,21589802,60947112.00
2024/12/30,2.62,2.62,2.57,2.59,13543020,38061804.00
2024/12/31,2.59,2.62,2.55,2.56,17214333,48208652.00
2025/01/02,2.56,2.61,2.47,2.50,30609311,84546992.00
2025/01/03,2.50,2.51,2.40,2.42,24466601,65272156.00
2025/01/06,2.42,2.47,2.38,2.45,18417120,48790680.00
2025/01/07,2.44,2.45,2.40,2.44,13464424,35623832.00
2025/01/08,2.44,2.46,2.39,2.46,20891780,55464788.00
2025/01/09,2.44,2.45,2.40,2.41,13497400,35606868.00
2025/01/10,2.41,2.42,2.36,2.36,13004180,33894664.00
2025/01/13,2.35,2.35,2.31,2.33,14038660,35793652.00
2025/01/14,2.33,2.42,2.33,2.42,18777021,48912984.00
2025/01/15,2.41,2.45,2.40,2.42,14100169,37349832.00
2025/01/16,2.42,2.48,2.42,2.45,20974888,56136216.00
2025/01/17,2.45,2.46,2.41,2.44,11853480,31561916.00
2025/01/20,2.46,2.49,2.44,2.48,16535360,44497160.00
2025/01/21,2.49,2.50,2.44,2.45,12552121,33609840.00
2025/01/22,2.44,2.44,2.40,2.43,11047740,29196056.00
2025/01/23,2.45,2.48,2.45,2.46,15908702,42738560.00
2025/01/24,2.46,2.47,2.43,2.46,13582595,36266632.00
2025/01/27,2.46,2.53,2.46,2.50,20915353,57021064.00
2025/02/05,2.50,2.51,2.44,2.46,17731326,47728000.00
2025/02/06,2.46,2.48,2.43,2.47,14550542,38958940.00
2025/02/07,2.47,2.50,2.45,2.48,19093500,51543948.00
2025/02/10,2.51,2.56,2.50,2.51,19747482,54047096.00
2025/02/11,2.50,2.53,2.50,2.51,13168620,35981096.00
2025/02/12,2.53,2.53,2.46,2.49,15956060,43274020.00
2025/02/13,2.49,2.50,2.47,2.47,9915061,26836592.00
2025/02/14,2.48,2.48,2.44,2.45,13189140,35304040.00
2025/02/17,2.46,2.48,2.43,2.47,14948263,40036536.00
2025/02/18,2.47,2.50,2.44,2.45,18547662,49888172.00
2025/02/19,2.45,2.47,2.43,2.45,10560140,28207652.00
2025/02/20,2.45,2.46,2.43,2.44,8683220,23151424.00
2025/02/21,2.45,2.45,2.41,2.42,13888407,36716088.00
2025/02/24,2.43,2.46,2.41,2.45,13164480,34990808.00
2025/02/25,2.44,2.44,2.39,2.39,13260580,34920520.00
2025/02/26,2.41,2.44,2.40,2.43,14977891,39609668.00
2025/02/27,2.43,2.44,2.40,2.43,13060400,34535512.00
2025/02/28,2.42,2.45,2.40,2.41,14674880,38888552.00
2025/03/03,2.41,2.43,2.38,2.38,14456733,37965344.00
2025/03/04,2.38,2.41,2.38,2.41,9029820,23646880.00
2025/03/05,2.41,2.42,2.38,2.40,8383566,21894280.00
2025/03/06,2.40,2.43,2.39,2.42,10335482,27202056.00
2025/03/07,2.43,2.45,2.42,2.43,12845740,34076224.00
2025/03/10,2.44,2.46,2.42,2.43,11416561,30343848.00
2025/03/11,2.43,2.43,2.40,2.43,9470820,24968732.00
2025/03/12,2.43,2.45,2.42,2.44,8664326,23012132.00
2025/03/13,2.45,2.45,2.42,2.44,13258355,35188788.00
2025/03/14,2.44,2.49,2.43,2.48,19912726,53484712.00
2025/03/17,2.49,2.51,2.47,2.51,14800615,40222100.00
2025/03/18,2.52,2.53,2.48,2.52,18315483,49982384.00
2025/03/19,2.52,2.53,2.51,2.52,10940460,29964392.00
2025/03/20,2.53,2.58,2.52,2.55,17484075,48324752.00
2025/03/21,2.55,2.61,2.54,2.57,23223356,65038384.00
2025/03/24,2.59,2.63,2.52,2.57,18287007,50905260.00
2025/03/25,2.58,2.61,2.56,2.61,14423084,40545844.00
2025/03/26,2.61,2.63,2.60,2.63,10430920,29559396.00
2025/03/27,2.63,2.64,2.58,2.59,13835506,39046116.00
2025/03/28,2.59,2.60,2.55,2.58,15005491,41854464.00
2025/03/31,2.56,2.60,2.53,2.55,14836802,41246420.00
2025/04/01,2.56,2.62,2.55,2.61,13414503,37784184.00
2025/04/02,2.60,2.63,2.59,2.61,9302886,26316594.00
2025/04/03,2.59,2.65,2.57,2.64,15986946,45393160.00
2025/04/07,2.57,2.57,2.36,2.40,33764207,90757600.00
2025/04/08,2.42,2.54,2.41,2.51,23911929,64560688.00
2025/04/09,2.48,2.59,2.40,2.59,23357428,63374360.00
2025/04/10,2.59,2.62,2.56,2.58,21181382,59345376.00
2025/04/11,2.56,2.61,2.55,2.56,22206944,62090168.00
2025/04/14,2.57,2.60,2.55,2.59,17517037,49002848.00
2025/04/15,2.59,2.59,2.54,2.56,14838453,41269508.00
2025/04/16,2.56,2.60,2.53,2.57,17568879,48924584.00
2025/04/17,2.55,2.59,2.53,2.58,13802080,38500880.00
2025/04/18,2.57,2.59,2.54,2.57,10212640,28397472.00
2025/04/21,2.56,2.57,2.54,2.56,11885960,33001850.00
2025/04/22,2.55,2.60,2.55,2.59,18771148,52565040.00
2025/04/23,2.59,2.67,2.58,2.63,32225120,91500096.00
2025/04/24,2.62,2.62,2.58,2.59,16880693,47548360.00
2025/04/25,2.58,2.62,2.56,2.56,32968080,92511264.00
2025/04/28,2.57,2.57,2.47,2.49,29619242,80660560.00
2025/04/29,2.49,2.52,2.47,2.50,16727000,45468824.00
2025/04/30,2.49,2.51,2.47,2.48,16739540,45277528.00
2025/05/06,2.49,2.50,2.48,2.50,13672464,37087804.00
2025/05/07,2.51,2.53,2.50,2.52,19173640,52465616.00
2025/05/08,2.52,2.53,2.50,2.52,11648662,31872500.00
2025/05/09,2.51,2.53,2.51,2.52,13070772,35811920.00
2025/05/12,2.52,2.54,2.50,2.51,17082400,46624152.00
2025/05/13,2.52,2.54,2.51,2.52,18176260,49874088.00
2025/05/14,2.51,2.54,2.50,2.54,19188420,52585032.00
2025/05/15,2.54,2.58,2.53,2.55,20599412,57097184.00
2025/05/16,2.54,2.55,2.51,2.51,16040618,44023976.00
2025/05/19,2.52,2.57,2.51,2.56,22875657,63358080.00
2025/05/20,2.56,2.57,2.54,2.56,10374224,28767264.00
2025/05/21,2.55,2.59,2.55,2.59,16489338,46112732.00
2025/05/22,2.58,2.59,2.55,2.56,13024240,36302048.00
2025/05/23,2.57,2.57,2.51,2.51,15182000,41864012.00
2025/05/26,2.52,2.53,2.50,2.51,10636722,29062256.00
2025/05/27,2.51,2.52,2.49,2.52,11013400,30041734.00
2025/05/28,2.52,2.52,2.50,2.52,7861604,21462102.00
2025/05/29,2.51,2.56,2.51,2.56,14171452,39129560.00
2025/05/30,2.55,2.57,2.54,2.56,12684143,35248172.00
2025/06/03,2.55,2.57,2.53,2.57,10716680,29743324.00
2025/06/04,2.56,2.58,2.55,2.57,8253960,22980820.00
2025/06/05,2.56,2.58,2.52,2.54,13946800,38611468.00
2025/06/06,2.53,2.56,2.53,2.56,8502220,23526778.00
2025/06/09,2.55,2.56,2.53,2.54,15092200,41653136.00
2025/06/10,2.54,2.55,2.52,2.53,17074873,47010308.00
2025/06/11,2.53,2.58,2.52,2.56,23477062,65091908.00
2025/06/12,2.56,2.57,2.53,2.55,12233860,33803576.00
2025/06/13,2.54,2.56,2.51,2.53,17446180,47991164.00
2025/06/16,2.52,2.53,2.50,2.52,13084980,35804280.00
2025/06/17,2.52,2.53,2.50,2.53,11483180,31444180.00
2025/06/18,2.52,2.53,2.50,2.51,9710120,26504802.00
2025/06/19,2.51,2.52,2.46,2.47,16092680,43493312.00
2025/06/20,2.47,2.49,2.46,2.48,5794179,15645819.00
2025/06/23,2.47,2.50,2.47,2.50,6739162,18227572.00
2025/06/24,2.50,2.53,2.49,2.52,11972980,32725844.00
2025/06/25,2.53,2.53,2.51,2.53,9165715,25129676.00
2025/06/26,2.53,2.53,2.52,2.52,5960739,16359314.00
2025/06/27,2.52,2.55,2.52,2.53,14340963,39500492.00
2025/06/30,2.54,2.54,2.51,2.52,9115942,25004954.00
2025/07/01,2.52,2.55,2.52,2.54,15038842,41441700.00
2025/07/02,2.54,2.55,2.52,2.55,18577999,51313400.00
2025/07/03,2.57,2.58,2.56,2.58,17811600,48061552.00
2025/07/04,2.58,2.61,2.57,2.59,19990580,54371340.00
2025/07/07,2.59,2.61,2.57,2.60,19749720,53755744.00
2025/07/08,2.61,2.62,2.59,2.61,17190100,47030548.00
2025/07/09,2.61,2.65,2.60,2.63,24462677,67487056.00
2025/07/10,2.63,2.65,2.62,2.65,15981320,44253200.00
2025/07/11,2.65,2.66,2.63,2.64,15801690,43875880.00
2025/07/14,2.64,2.67,2.64,2.65,14209522,39561928.00
2025/07/15,2.66,2.66,2.60,2.62,16448382,45162576.00
2025/07/16,2.61,2.63,2.61,2.63,11517320,31685504.00
2025/07/17,2.62,2.65,2.60,2.62,16350502,44993368.00
2025/07/18,2.63,2.63,2.61,2.62,9572443,26306636.00
2025/07/21,2.62,2.68,2.62,2.68,22709483,63239124.00
2025/07/22,2.68,2.69,2.64,2.69,17211929,48213800.00
2025/07/23,2.69,2.71,2.66,2.68,15559829,43842776.00
2025/07/24,2.68,2.69,2.66,2.69,14120582,39678080.00
2025/07/25,2.69,2.70,2.65,2.66,15274799,42808700.00
2025/07/28,2.66,2.66,2.62,2.63,17167860,47462640.00
2025/07/29,2.63,2.64,2.58,2.61,18053334,49329744.00
2025/07/30,2.61,2.63,2.59,2.61,14713121,40370548.00
2025/07/31,2.60,2.61,2.57,2.58,18375080,49863956.00
2025/08/01,2.58,2.60,2.57,2.59,11936180,32463548.00
2025/08/04,2.58,2.60,2.57,2.60,10806423,29396836.00
2025/08/05,2.60,2.62,2.59,2.62,15834340,43357372.00
2025/08/06,2.61,2.62,2.59,2.60,10698460,29211844.00
2025/08/07,2.61,2.61,2.59,2.60,10827640,29583062.00
2025/08/08,2.60,2.62,2.59,2.62,10514113,28795416.00
2025/08/11,2.61,2.62,2.60,2.62,14906893,40907288.00
2025/08/12,2.62,2.62,2.60,2.61,8857777,24294224.00
2025/08/13,2.61,2.62,2.59,2.61,12691164,34710384.00
2025/08/14,2.61,2.62,2.58,2.58,14976392,40878476.00
2025/08/15,2.59,2.60,2.58,2.59,11229196,30523102.00
2025/08/18,2.59,2.61,2.59,2.59,13887140,37885000.00
2025/08/19,2.60,2.60,2.58,2.59,11044052,30038268.00
2025/08/20,2.59,2.60,2.58,2.60,9771120,26579928.00
2025/08/21,2.60,2.63,2.59,2.62,17600194,48283100.00
2025/08/22,2.63,2.63,2.60,2.62,12104634,33177656.00
2025/08/25,2.62,2.65,2.61,2.64,21798008,60218180.00
2025/08/26,2.64,2.66,2.62,2.64,16012934,44374760.00
2025/08/27,2.64,2.65,2.59,2.60,17309421,47559624.00
2025/08/28,2.59,2.62,2.58,2.61,21114723,57556892.00
2025/08/29,2.60,2.68,2.60,2.66,39682951,110403304.00
2025/09/01,2.66,2.67,2.63,2.65,22290913,61974008.00
2025/09/02,2.65,2.70,2.64,2.69,32399390,90630208.00
2025/09/03,2.69,2.70,2.61,2.62,26262900,72785080.00
2025/09/04,2.62,2.63,2.59,2.63,25583216,70128200.00
2025/09/05,2.63,2.65,2.59,2.64,31517646,86436472.00
2025/09/08,2.62,2.64,2.61,2.63,15683959,43289152.00
2025/09/09,2.63,2.63,2.61,2.63,12307500,33862584.00
2025/09/10,2.63,2.64,2.61,2.63,9778026,26968106.00
2025/09/11,2.63,2.65,2.61,2.65,14845291,40970156.00
2025/09/12,2.66,2.71,2.66,2.68,32101466,90382888.00
2025/09/15,2.68,2.70,2.65,2.68,22711435,63673760.00
2025/09/16,2.68,2.73,2.67,2.72,31325014,88996976.00
2025/09/17,2.72,2.75,2.69,2.72,22374311,63757972.00
2025/09/18,2.72,2.74,2.68,2.70,31172327,88602024.00
2025/09/19,2.70,2.70,2.63,2.63,20110678,55972760.00
2025/09/22,2.64,2.64,2.60,2.62,15107426,41456832.00
2025/09/23,2.61,2.62,2.55,2.59,22146898,60075912.00
2025/09/24,2.58,2.63,2.57,2.60,19860737,54229536.00
2025/09/25,2.60,2.60,2.55,2.56,16525097,44724616.00
2025/09/26,2.57,2.61,2.56,2.60,16356005,44534984.00
2025/09/29,2.59,2.61,2.57,2.60,17850302,48549792.00
2025/09/30,2.61,2.61,2.57,2.57,13497182,36665984.00
2025/10/09,2.58,2.60,2.57,2.60,13318565,36181280.00
2025/10/10,2.59,2.64,2.58,2.63,26796467,73666208.00
2025/10/13,2.60,2.64,2.59,2.64,21608372,59238692.00
2025/10/14,2.64,2.67,2.63,2.67,26037847,72561552.00
2025/10/15,2.65,2.68,2.65,2.67,14887335,41612652.00
2025/10/16,2.67,2.67,2.65,2.67,11317720,31581792.00
2025/10/17,2.67,2.69,2.65,2.66,15111540,42291880.00
2025/10/20,2.67,2.70,2.64,2.69,19879180,55731132.00
2025/10/21,2.69,2.74,2.68,2.73,25264619,71917880.00
2025/10/22,2.73,2.78,2.72,2.75,23537979,67853808.00
2025/10/23,2.76,2.78,2.73,2.77,19080444,55069228.00
2025/10/24,2.78,2.78,2.71,2.72,17965800,51436684.00
2025/10/27,2.73,2.73,2.69,2.71,17938840,50952492.00
2025/10/28,2.72,2.76,2.71,2.75,16517681,47438508.00
2025/10/29,2.75,2.75,2.70,2.71,14462646,41192304.00
2025/10/30,2.76,2.93,2.75,2.87,80377164,239959360.00
2025/10/31,2.82,2.87,2.80,2.83,33784918,100155200.00
2025/11/03,2.84,2.92,2.84,2.90,28850322,87128752.00
2025/11/04,2.91,2.99,2.89,2.94,28362911,87221096.00
2025/11/05,2.92,2.98,2.91,2.95,19500750,59966928.00
2025/11/06,2.95,3.05,2.92,2.98,27089593,84021528.00
2025/11/07,2.98,3.02,2.95,2.96,15491000,47968060.00
2025/11/10,2.97,2.98,2.92,2.95,17031558,52525240.00
2025/11/11,2.96,2.98,2.94,2.97,16193866,50197832.00
2025/11/12,2.97,3.01,2.96,2.98,15295293,47638232.00
2025/11/13,2.97,2.98,2.93,2.96,14986316,46174768.00
2025/11/14,2.95,3.01,2.95,2.99,18159679,56722900.00
2025/11/17,2.99,2.99,2.93,2.94,17002803,52361600.00
2025/11/18,2.94,2.98,2.88,2.91,20366668,62071936.00
2025/11/19,2.91,2.93,2.84,2.86,21536120,64758080.00
2025/11/20,2.86,2.89,2.82,2.84,20776020,61840716.00
2025/11/21,2.82,2.86,2.73,2.75,21699380,63338184.00
2025/11/24,2.77,2.86,2.75,2.76,22771860,66111136.00
2025/11/25,2.78,2.81,2.76,2.78,18497238,53998820.00
2025/11/26,2.79,2.81,2.77,2.77,13795400,40257468.00
2025/11/27,2.77,2.78,2.75,2.75,14111335,40791540.00
2025/11/28,2.76,2.80,2.74,2.79,16656172,48375624.00
2025/12/01,2.81,2.85,2.79,2.82,21999983,64923564.00
2025/12/02,2.82,2.84,2.77,2.83,17740862,52035520.00
2025/12/03,2.84,2.86,2.81,2.85,17894963,53177060.00
2025/12/04,2.84,2.86,2.80,2.81,14006040,41389996.00
2025/12/05,2.82,2.83,2.78,2.81,13082940,38393032.00
2025/12/08,2.83,2.85,2.79,2.82,15238546,44884496.00
2025/12/09,2.81,2.82,2.77,2.79,15651042,45793708.00
2025/12/10,2.80,2.82,2.75,2.79,17092560,49885872.00
2025/12/11,2.80,2.80,2.75,2.75,17968760,52167092.00
2025/12/12,2.76,2.76,2.69,2.72,19692664,56227552.00
2025/12/15,2.71,2.72,2.69,2.71,20932117,59343792.00
2025/12/16,2.71,2.72,2.66,2.67,17941299,50480236.00
2025/12/17,2.67,2.69,2.65,2.68,11744417,32879288.00
2025/12/18,2.67,2.72,2.67,2.71,13480273,38119780.00
2025/12/19,2.71,2.75,2.68,2.75,14581959,41603744.00
2025/12/22,2.75,2.76,2.72,2.73,12180420,34901972.00
2025/12/23,2.73,2.74,2.70,2.71,11853380,33758000.00
2025/12/24,2.71,2.73,2.70,2.71,9697411,27582748.00
2025/12/25,2.71,2.73,2.71,2.72,8326261,23747288.00
2025/12/26,2.72,2.74,2.71,2.72,15193359,43363568.00
2025/12/29,2.72,2.73,2.69,2.72,17200509,48904704.00
2025/12/30,2.71,2.72,2.66,2.68,17908723,50447944.00
2025/12/31,2.68,2.70,2.67,2.69,10878091,30662840.00
2026/01/05,2.69,2.69,2.66,2.67,24745384,69383296.00
2026/01/06,2.67,2.71,2.67,2.71,20564010,58016408.00
2026/01/07,2.71,2.72,2.67,2.68,12910402,36425984.00
2026/01/08,2.68,2.69,2.67,2.68,9857887,27720146.00
2026/01/09,2.69,2.70,2.68,2.70,12104152,34135940.00
2026/01/12,2.70,2.70,2.68,2.70,12761918,36043880.00
2026/01/13,2.70,2.72,2.69,2.70,21820980,61813168.00
2026/01/14,2.69,2.71,2.66,2.68,25342526,71405160.00
2026/01/15,2.67,2.68,2.64,2.64,18609604,51852352.00
2026/01/16,2.65,2.66,2.64,2.64,13236902,36786600.00
2026/01/19,2.64,2.68,2.63,2.68,11660793,32524520.00
2026/01/20,2.67,2.73,2.67,2.73,25362311,71869480.00
2026/01/21,2.72,2.73,2.70,2.72,10989400,31239964.00
2026/01/22,2.71,2.77,2.71,2.77,18447098,53073752.00
2026/01/23,2.77,2.77,2.74,2.77,12488022,36025892.00
2026/01/26,2.77,2.78,2.73,2.77,16282328,47016060.00
2026/01/27,2.77,2.78,2.72,2.73,15012062,43159580.00
2026/01/28,2.74,2.79,2.73,2.79,19584730,56812716.00
2026/01/29,2.79,2.79,2.74,2.76,14424020,41613984.00
2026/01/30,2.75,2.81,2.75,2.77,21250440,61734536.00
2026/02/02,2.78,2.82,2.75,2.76,29070531,84759312.00
2026/02/03,2.77,2.79,2.72,2.73,19514130,56197076.00
2026/02/04,2.73,2.80,2.73,2.80,21264602,61880776.00
2026/02/05,2.80,2.81,2.77,2.79,13748620,40193412.00
2026/02/06,2.79,2.81,2.77,2.78,12696580,37112040.00
2026/02/09,2.81,2.82,2.79,2.81,16685837,48983180.00
2026/02/10,2.81,2.81,2.79,2.80,9498033,27823092.00
2026/02/11,2.80,2.82,2.78,2.82,16929615,49734504.00
2026/02/12,2.81,2.82,2.76,2.76,18020920,52474552.00
2026/02/13,2.77,2.78,2.74,2.75,11752620,33930220.00
2026/02/24,2.76,2.82,2.75,2.81,16265025,47547824.00
2026/02/25,2.81,2.87,2.81,2.84,19084148,56769012.00
2026/02/26,2.85,2.85,2.82,2.84,12825900,38033632.00
2026/02/27,2.84,2.88,2.83,2.86,16073103,48013596.00
2026/03/02,2.85,2.86,2.78,2.83,25939560,76725064.00
2026/03/03,2.83,2.89,2.82,2.83,31239326,93292504.00
2026/03/04,2.82,2.83,2.76,2.78,23186364,67815384.00
2026/03/05,2.80,2.82,2.77,2.80,18456426,54063512.00
2026/03/06,2.79,2.86,2.78,2.86,20535400,60721280.00
2026/03/09,2.83,2.87,2.82,2.84,23415700,69616840.00
2026/03/10,2.85,2.87,2.83,2.85,15304480,45649148.00
2026/03/11,2.85,2.90,2.81,2.89,21220798,63304868.00
2026/03/12,2.89,3.01,2.88,2.94,30037454,92683024.00
2026/03/13,2.93,2.96,2.92,2.92,19764957,60638348.00
2026/03/16,2.93,2.94,2.89,2.92,17058640,51940660.00
2026/03/17,2.92,2.94,2.90,2.92,17461052,53334920.00
2026/03/18,2.92,2.93,2.85,2.87,15817932,47498492.00
2026/03/19,2.85,2.90,2.84,2.85,16702720,50100888.00
2026/03/20,2.86,2.90,2.83,2.84,18335480,54852904.00
2026/03/23,2.82,2.83,2.62,2.63,33059179,93625432.00
2026/03/24,2.66,2.74,2.65,2.74,24171359,68348080.00
2026/03/25,2.75,2.89,2.73,2.87,32835825,97327144.00
2026/03/26,2.86,2.91,2.86,2.88,23300205,70316712.00
2026/03/27,2.87,2.90,2.82,2.85,20993940,62722224.00
2026/03/30,2.83,2.86,2.78,2.84,16381121,48372772.00
2026/03/31,2.84,2.91,2.84,2.85,18474424,55548264.00
2026/04/01,2.86,2.88,2.81,2.84,19327951,57373028.00
2026/04/02,2.83,2.85,2.79,2.82,11101700,32712404.00
2026/04/03,2.81,2.82,2.72,2.74,14864260,42898984.00
2026/04/07,2.72,2.77,2.68,2.76,17972100,51391332.00
2026/04/08,2.78,2.87,2.78,2.86,21848281,64824156.00
2026/04/09,2.86,2.87,2.80,2.81,14509300,42898324.00
2026/04/10,2.83,2.84,2.80,2.82,14169400,41820976.00
2026/04/13,2.80,2.81,2.65,2.71,67803334,190865440.00
2026/04/14,2.70,2.71,2.65,2.68,38003533,106698496.00
2026/04/15,2.69,2.69,2.66,2.66,22057089,61789808.00
2026/04/16,2.66,2.69,2.66,2.69,15164724,42564376.00
2026/04/17,2.68,2.69,2.67,2.67,10740240,30150024.00
2026/04/20,2.67,2.68,2.66,2.67,14102464,39492052.00
2026/04/21,2.67,2.71,2.67,2.70,17319922,48834456.00
2026/04/22,2.69,2.71,2.69,2.70,11436410,32391048.00
2026/04/23,2.71,2.73,2.67,2.72,20235946,57332700.00
2026/04/24,2.72,2.72,2.68,2.70,16835222,47607624.00
2026/04/27,2.72,2.73,2.69,2.72,18210146,51756312.00
2026/04/28,2.71,2.78,2.70,2.76,27939042,80378968.00
2026/04/29,2.76,2.84,2.76,2.83,23070288,67804744.00
2026/04/30,2.82,2.83,2.79,2.80,15748352,46236576.00
2026/05/06,2.80,2.81,2.78,2.80,17405765,50844760.00
2026/05/07,2.80,2.82,2.76,2.78,19863978,57963476.00
2026/05/08,2.78,2.82,2.77,2.81,14274439,41794448.00
2026/05/11,2.81,2.81,2.77,2.80,12395511,36234340.00
2026/05/12,2.80,2.82,2.78,2.79,13501231,39540416.00
2026/05/13,2.80,2.80,2.77,2.78,10315121,30057858.00
2026/05/14,2.78,2.79,2.75,2.75,13001699,37679700.00
2026/05/15,2.75,2.76,2.71,2.72,14032109,40174152.00
2026/05/18,2.73,2.73,2.69,2.70,13810418,39136016.00
2026/05/19,2.70,2.79,2.70,2.78,18934586,54522064.00
2026/05/20,2.78,2.81,2.76,2.81,27832437,81219832.00
2026/05/21,2.84,3.00,2.84,2.91,69081488,211871312.00
2026/05/22,2.90,3.02,2.89,2.98,44623380,137637520.00
2026/05/25,2.96,3.00,2.88,2.94,31293680,95764416.00
2026/05/26,2.95,2.99,2.88,2.91,25101742,76599640.00
2026/05/27,2.91,2.91,2.74,2.76,36838820,107729304.00
2026/05/28,2.76,2.84,2.75,2.79,22832344,66820544.00
2026/05/29,2.79,2.94,2.78,2.91,35823089,107778952.00
2026/06/01,2.90,3.00,2.88,3.00,30256625,93422848.00
2026/06/02,3.00,3.01,2.94,2.97,22909100,71032160.00
2026/06/03,2.96,3.02,2.94,2.99,26596775,82765024.00
2026/06/04,2.99,3.03,2.98,3.02,22328880,69975520.00
2026/06/05,3.03,3.10,2.99,3.06,31872924,101428104.00
2026/06/08,3.03,3.04,2.86,2.90,30840520,94553128.00
2026/06/09,2.91,2.93,2.86,2.89,16034960,48389900.00
2026/06/10,2.88,2.89,2.81,2.89,18362061,54678712.00
2026/06/11,2.85,2.88,2.79,2.83,16353540,48285356.00
2026/06/12,2.83,2.86,2.78,2.86,17133041,50713372.00
2026/06/15,2.85,2.90,2.82,2.82,15579480,46403440.00
2026/06/16,2.82,2.83,2.78,2.80,15716900,46092776.00
2026/06/17,2.80,2.82,2.77,2.81,12077100,35317556.00
2026/06/18,2.79,2.80,2.70,2.73,21033824,60330148.00
2026/06/22,2.73,2.84,2.71,2.82,30147087,87332128.00
2026/06/23,2.80,2.93,2.80,2.88,27687232,83323376.00
2026/06/24,2.87,2.89,2.74,2.76,27471000,80325272.00
2026/06/25,2.76,2.79,2.72,2.76,12603362,36409200.00
2026/06/26,2.75,2.80,2.72,2.72,16699780,48085040.00
2026/06/29,2.71,2.72,2.62,2.70,17297480,48605440.00
2026/06/30,2.71,2.72,2.65,2.67,12644860,35509568.00
2026/07/01,2.66,2.70,2.65,2.69,16306162,45796288.00
2026/07/02,2.67,2.72,2.66,2.69,13711040,38614744.00
2026/07/03,2.69,2.73,2.68,2.72,16322400,46360288.00
2026/07/06,2.73,2.78,2.73,2.77,16831985,46352568.00
2026/07/07,2.77,2.78,2.66,2.68,22094291,59540732.00
2026/07/08,2.67,2.70,2.64,2.69,10960294,29281536.00
2026/07/09,2.69,2.69,2.64,2.67,10717600,28544928.00
2026/07/10,2.66,2.70,2.64,2.68,12760880,34098952.00
2026/07/13,2.67,2.72,2.66,2.71,18992180,51168352.00
2026/07/14,2.70,2.78,2.69,2.77,19299110,53116392.00
2026/07/15,2.76,2.83,2.76,2.82,17981060,50490596.00
2026/07/16,2.82,2.85,2.78,2.79,15979480,44782376.00
2026/07/17,2.79,2.85,2.77,2.79,18794662,52908456.00
2026/07/20,2.80,2.84,2.77,2.79,22894558,64172776.00
2026/07/21,2.79,2.81,2.72,2.74,23897006,66013156.00
2026/07/22,2.73,2.75,2.71,2.74,13880740,37904996.00
2026/07/23,2.74,2.78,2.73,2.77,14800065,40830268.00
2026/07/24,2.76,2.78,2.73,2.73,10527000,28965108.00
2026/07/27,2.73,2.75,2.72,2.74,9954260,27281034.00
2026/07/28,2.74,2.76,2.72,2.75,10320042,28296556.00
2026/07/29,2.75,2.79,2.74,2.78,14216504,39451868.00
2026/07/30,2.77,2.81,2.76,2.80,17082529,47599208.00
2026/07/31,2.79,2.81,2.76,2.80,18733985,52067884.00
2026/08/03,2.79,2.86,2.79,2.86,21869487,61888192.00
2026/08/04,2.86,2.86,2.79,2.79,18456760,51860772.00
2026/08/05,2.79,2.81,2.77,2.79,10646202,29635576.00
2026/08/06,2.78,2.79,2.75,2.77,11885086,32868596.00
2026/08/07,2.77,2.77,2.75,2.76,8093883,22324914.00
2026/08/10,2.75,2.80,2.75,2.79,12058980,33591384.00
2026/08/11,2.79,2.81,2.76,2.76,9119140,25368624.00
2026/08/12,2.76,2.81,2.76,2.79,10637286,29615940.00
2026/08/13,2.79,2.82,2.77,2.77,10179700,28406892.00
2026/08/14,2.78,2.79,2.76,2.77,7667042,21233292.00
2026/08/17,2.77,2.79,2.75,2.78,9082920,25196966.00
2026/08/18,2.78,2.79,2.77,2.78,9422920,26169480.00
2026/08/19,2.77,2.78,2.74,2.75,13488729,37172512.00
2026/08/20,2.76,2.79,2.75,2.77,12839200,35513880.00
2026/08/21,2.77,2.77,2.74,2.75,7978920,21950476.00
2026/08/24,2.75,2.77,2.74,2.76,8367026,23053200.00
2026/08/25,2.75,2.80,2.75,2.79,16695460,46454020.00
2026/08/26,2.79,2.85,2.78,2.84,22650611,64039060.00
2026/08/27,2.83,2.83,2.76,2.79,22561358,62944280.00
2026/08/28,2.79,2.84,2.78,2.83,19741817,55561852.00
2026/08/31,2.82,2.84,2.79,2.81,13816920,38749212.00
2026/09/01,2.80,2.84,2.80,2.83,18008466,50994212.00
2026/09/02,2.83,2.85,2.80,2.84,17531054,49549992.00
2026/09/03,2.84,2.87,2.83,2.84,17351312,49473400.00
2026/09/04,2.84,2.90,2.83,2.88,18873025,54139468.00
2026/09/07,2.88,2.88,2.83,2.85,13575600,38613528.00
2026/09/08,2.84,2.88,2.83,2.88,20767131,59363112.00
2026/09/09,2.87,2.89,2.85,2.88,11378943,32724704.00
2026/09/10,2.88,2.89,2.86,2.87,11124080,31988844.00
2026/09/11,2.87,2.87,2.82,2.84,14245560,40457260.00
2026/09/14,2.84,2.87,2.83,2.84,12819820,36504848.00
#数据来源:通达信
