603320 迪贝电气 日线 前复权
      日期	    开盘	    最高	    最低	    收盘	    成交量	    成交额
2021/08/02,10.82,11.61,10.82,11.51,1884470,22763476.00
2021/08/03,11.59,11.66,11.31,11.38,1640710,19965450.00
2021/08/04,11.26,11.55,11.24,11.48,1035900,12610537.00
2021/08/05,11.48,11.55,11.32,11.49,929408,11287668.00
2021/08/06,11.48,11.51,11.26,11.37,758110,9128232.00
2021/08/09,11.37,11.54,11.22,11.50,920070,11153563.00
2021/08/10,11.42,11.59,11.37,11.49,1072920,13060674.00
2021/08/11,11.48,11.57,11.42,11.53,1300046,15869864.00
2021/08/12,11.54,11.62,11.29,11.33,1416150,17114400.00
2021/08/13,11.44,11.44,11.15,11.28,964822,11536796.00
2021/08/16,11.23,11.39,11.14,11.19,903662,10781068.00
2021/08/17,11.29,11.36,10.94,11.04,1161304,13802357.00
2021/08/18,11.39,11.39,10.80,11.18,949128,11277154.00
2021/08/19,11.07,11.26,11.07,11.24,648650,7682626.00
2021/08/20,11.07,11.31,10.83,10.94,598920,6984711.00
2021/08/23,10.96,11.70,10.96,11.58,2112190,25735396.00
2021/08/24,11.70,11.70,11.39,11.51,1052028,12844426.00
2021/08/25,11.73,12.73,11.73,12.73,6589360,87496104.00
2021/08/26,12.16,12.88,12.16,12.56,7615143,101029912.00
2021/08/27,12.58,13.23,12.42,12.76,5841951,78691800.00
2021/08/30,12.52,12.89,12.47,12.78,3269883,43721412.00
2021/08/31,12.81,13.08,12.40,13.03,3594234,48063444.00
2021/09/01,13.01,13.01,12.39,12.40,3188754,42288452.00
2021/09/02,12.40,12.70,12.34,12.59,1904483,25208030.00
2021/09/03,12.51,12.88,12.44,12.65,1836862,24526012.00
2021/09/06,12.64,13.98,12.57,13.98,8097718,115302912.00
2021/09/07,14.13,14.13,13.30,13.48,7204572,102407032.00
2021/09/08,13.69,13.70,13.32,13.41,3078291,43474432.00
2021/09/09,13.31,13.50,12.99,13.16,3390254,46874176.00
2021/09/10,13.16,13.49,13.08,13.37,3648048,51070888.00
2021/09/13,13.21,13.66,12.74,13.56,3333860,46493432.00
2021/09/14,13.49,13.49,13.00,13.01,2041070,28334390.00
2021/09/15,12.97,13.35,12.88,13.17,2293659,31863172.00
2021/09/16,13.28,13.68,13.07,13.21,2086910,29370552.00
2021/09/17,13.21,13.38,12.83,13.35,1695856,23353208.00
2021/09/22,12.77,13.29,12.67,12.77,1991943,26996554.00
2021/09/23,12.72,13.59,12.72,13.47,2907875,40738060.00
2021/09/24,13.29,13.30,12.77,12.83,1720476,23436350.00
2021/09/27,12.79,13.00,11.51,11.81,3390172,42893360.00
2021/09/28,11.80,12.35,11.67,11.76,1892830,23935356.00
2021/09/29,11.81,12.68,11.73,12.19,2880672,37340036.00
2021/09/30,12.19,12.48,11.73,11.98,2631230,33184064.00
2021/10/08,12.20,13.24,12.06,13.14,4140870,55915180.00
2021/10/11,13.03,13.15,12.27,12.38,2929180,38574064.00
2021/10/12,12.45,12.61,12.00,12.17,1714410,22186368.00
2021/10/13,12.19,12.38,11.81,12.33,1481092,18992844.00
2021/10/14,12.29,12.43,12.08,12.37,1091170,14161396.00
2021/10/15,12.47,12.76,12.13,12.60,1556588,20539856.00
2021/10/18,12.59,13.24,12.43,13.11,2017729,27484518.00
2021/10/19,13.11,13.49,12.68,13.25,2352920,32472824.00
2021/10/20,12.81,14.24,12.81,13.75,4801154,69347088.00
2021/10/21,13.67,13.74,13.37,13.49,2239920,31835724.00
2021/10/22,13.41,13.57,13.08,13.11,1765500,24656098.00
2021/10/25,13.36,13.43,12.94,13.27,1516560,20978392.00
2021/10/26,13.27,13.30,12.38,12.70,3247330,43319216.00
2021/10/27,12.77,12.97,11.63,11.86,4238210,53756036.00
2021/10/28,11.86,11.86,10.72,10.89,4549422,53267604.00
2021/10/29,10.92,11.04,10.50,10.78,2738837,31213372.00
2021/11/01,10.68,10.89,10.65,10.80,2550800,29241560.00
2021/11/02,10.75,10.94,10.46,10.63,2309760,26308836.00
2021/11/03,10.64,10.79,10.54,10.71,1364630,15511669.00
2021/11/04,10.78,11.11,10.77,11.07,2084669,24239600.00
2021/11/05,11.09,11.20,10.83,10.85,1357840,15800824.00
2021/11/08,10.89,11.08,10.69,10.95,1217844,14152198.00
2021/11/09,11.03,11.43,10.91,11.34,1605800,19194444.00
2021/11/10,11.34,11.75,11.34,11.66,2108679,25830406.00
2021/11/11,11.67,12.40,11.54,12.17,2856910,36473968.00
2021/11/12,12.17,12.99,12.17,12.93,3670140,49299484.00
2021/11/15,13.03,13.26,12.46,12.65,3134660,41840984.00
2021/11/16,12.58,12.58,12.03,12.14,2652560,34238292.00
2021/11/17,12.26,12.59,12.02,12.50,1972600,25757508.00
2021/11/18,12.48,12.85,12.29,12.33,1364030,18017816.00
2021/11/19,12.31,12.63,12.04,12.55,1766960,23233854.00
2021/11/22,12.54,12.74,12.31,12.44,1209340,15888911.00
2021/11/23,12.83,13.17,12.57,12.84,2799830,37833020.00
2021/11/24,12.71,12.94,12.56,12.76,1866619,25056044.00
2021/11/25,12.67,12.91,12.53,12.82,1359600,18277786.00
2021/11/26,12.70,13.06,12.58,12.97,1990720,26924904.00
2021/11/29,12.67,13.26,12.65,13.22,1900100,26156870.00
2021/11/30,13.31,13.56,12.99,13.04,3120281,43458872.00
2021/12/01,13.18,13.42,13.14,13.33,2096660,29321216.00
2021/12/02,13.33,13.51,13.06,13.07,1385710,19197246.00
2021/12/03,13.15,13.28,12.85,12.89,1319009,18027962.00
2021/12/06,13.01,13.01,12.49,12.53,1165280,15547959.00
2021/12/07,12.53,12.73,11.61,12.30,1446560,18656480.00
2021/12/08,12.30,12.38,12.13,12.30,1022600,13259262.00
2021/12/09,12.29,12.34,12.09,12.31,1163271,15026737.00
2021/12/10,12.26,12.56,12.11,12.43,1267161,16584048.00
2021/12/13,12.46,12.46,12.14,12.45,1240391,16109907.00
2021/12/14,12.35,12.78,12.26,12.56,1568500,20711964.00
2021/12/15,12.56,12.66,12.29,12.41,1533921,20190974.00
2021/12/16,12.42,12.75,12.42,12.71,1525250,20365730.00
2021/12/17,12.81,12.81,12.42,12.42,990833,13121366.00
2021/12/20,12.41,12.91,12.31,12.35,1572960,20860460.00
2021/12/21,12.30,12.59,12.08,12.54,1296570,17017026.00
2021/12/22,12.58,12.70,12.41,12.47,965966,12755475.00
2021/12/23,12.49,12.55,12.13,12.20,1259403,16318971.00
2021/12/24,12.16,12.28,11.63,11.68,1742870,21877578.00
2021/12/27,11.76,11.99,11.64,11.97,1030550,12917065.00
2021/12/28,11.99,12.19,11.90,12.14,787569,10051222.00
2021/12/29,12.16,12.69,12.06,12.56,2190340,28860996.00
2021/12/30,12.57,12.66,12.41,12.57,1033220,13640377.00
2021/12/31,12.57,12.69,12.48,12.52,856232,11350071.00
2022/01/04,12.63,12.97,12.56,12.84,1917150,25846948.00
2022/01/05,12.79,13.00,12.41,12.57,1543610,20566800.00
2022/01/06,12.62,12.97,12.53,12.87,1538490,20742064.00
2022/01/07,12.87,13.00,12.59,12.63,1513761,20468000.00
2022/01/10,12.61,12.91,12.40,12.86,1154500,15500072.00
2022/01/11,12.83,13.06,12.77,12.85,1251371,17027708.00
2022/01/12,12.84,13.25,12.81,13.19,1955532,26997692.00
2022/01/13,13.16,13.35,13.06,13.12,1060980,14725143.00
2022/01/14,13.12,13.31,12.81,12.88,1973402,27137898.00
2022/01/17,13.01,13.40,13.01,13.24,1839920,25614064.00
2022/01/18,13.24,13.39,12.71,12.75,1796670,24402424.00
2022/01/19,12.70,13.17,12.64,13.08,2152320,29559518.00
2022/01/20,13.13,13.25,12.12,12.15,2558871,33679160.00
2022/01/21,12.16,12.40,11.97,12.27,1243290,16033518.00
2022/01/24,12.27,12.48,11.96,12.04,1221580,15662762.00
2022/01/25,12.03,12.25,11.53,11.53,1559860,19441484.00
2022/01/26,11.52,12.00,11.52,11.93,1305000,16316011.00
2022/01/27,11.86,12.18,11.43,11.54,1307250,16051043.00
2022/01/28,11.59,12.09,11.59,11.91,1523310,19092820.00
2022/02/07,12.03,12.24,11.83,12.08,1850350,23599352.00
2022/02/08,12.27,12.28,12.01,12.27,1056861,13600463.00
2022/02/09,12.30,12.44,12.09,12.35,1044820,13600156.00
2022/02/10,12.40,12.41,12.12,12.20,1151471,14855780.00
2022/02/11,12.20,12.31,11.92,12.04,1759160,22584264.00
2022/02/14,11.93,12.47,11.92,12.46,1649460,21483708.00
2022/02/15,12.40,12.48,12.07,12.20,1553500,20038428.00
2022/02/16,12.25,12.89,12.25,12.81,2904780,38691916.00
2022/02/17,13.01,13.68,12.71,13.23,4363890,60744720.00
2022/02/18,13.29,13.31,12.91,13.25,2192470,30317420.00
2022/02/21,13.31,14.00,13.11,13.67,3457841,49457936.00
2022/02/22,13.67,13.68,13.32,13.49,2009340,28495304.00
2022/02/23,13.55,13.67,13.21,13.44,1644420,23142138.00
2022/02/24,13.36,13.46,12.93,13.17,2781330,38605832.00
2022/02/25,13.26,13.57,13.17,13.45,2232530,31584874.00
2022/02/28,13.51,13.60,13.22,13.44,1630730,23027910.00
2022/03/01,13.44,13.78,13.43,13.54,2515359,35907968.00
2022/03/02,13.67,14.09,13.49,13.93,2929250,42617584.00
2022/03/03,13.78,14.11,13.61,13.68,1952450,28209916.00
2022/03/04,13.72,13.74,13.32,13.46,1769870,25132256.00
2022/03/07,13.45,13.73,13.31,13.40,1877100,26634552.00
2022/03/08,13.51,13.65,13.09,13.15,2035380,28550598.00
2022/03/09,13.15,13.30,12.43,13.08,1914030,26099884.00
2022/03/10,13.35,14.46,13.11,14.46,5884320,86905240.00
2022/03/11,15.09,15.98,14.11,14.71,14667390,229649952.00
2022/03/14,14.11,14.54,13.65,13.67,8487674,125229840.00
2022/03/15,13.74,15.11,13.67,14.34,15984188,248426720.00
2022/03/16,14.76,15.84,14.41,15.84,18042229,284987808.00
2022/03/17,15.16,15.84,14.77,14.90,17342264,276266752.00
2022/03/18,14.61,15.54,14.34,14.97,10461080,163588512.00
2022/03/21,14.93,15.76,14.76,15.54,11095082,177873824.00
2022/03/22,15.33,15.41,14.69,14.76,7783128,121405968.00
2022/03/23,14.77,15.20,14.22,15.20,7744221,118952048.00
2022/03/24,15.16,15.16,14.27,14.34,5278171,80169344.00
2022/03/25,14.33,14.46,13.52,13.58,6292089,91766072.00
2022/03/28,13.43,13.80,13.19,13.52,3441711,48895628.00
2022/03/29,13.57,13.60,12.82,12.91,4810780,66399168.00
2022/03/30,12.99,13.06,12.77,13.00,3030450,41309000.00
2022/03/31,13.00,13.13,12.82,13.04,2520350,34508608.00
2022/04/01,12.92,12.93,12.34,12.44,4273140,56614728.00
2022/04/06,12.41,12.71,12.39,12.64,2300761,30591364.00
2022/04/07,12.59,12.59,12.16,12.23,2271107,29616648.00
2022/04/08,12.22,12.52,11.93,12.14,1926240,24690914.00
2022/04/11,12.05,12.39,11.75,11.83,2355950,30124542.00
2022/04/12,11.81,12.14,11.69,12.13,2007437,25236574.00
2022/04/13,12.08,12.34,11.83,12.16,2348150,30116760.00
2022/04/14,12.13,12.23,12.01,12.08,2026967,25982676.00
2022/04/15,12.09,12.09,11.47,11.49,2782450,34269312.00
2022/04/18,11.35,11.82,10.97,11.77,1534484,18810108.00
2022/04/19,11.71,12.06,11.68,11.85,1174340,14707957.00
2022/04/20,11.83,11.98,11.69,11.84,1220285,15237310.00
2022/04/21,11.81,11.83,11.18,11.24,1813940,21949256.00
2022/04/22,11.12,11.43,10.86,11.05,2684365,31857646.00
2022/04/25,10.93,10.93,10.21,10.28,3817327,42763004.00
2022/04/26,10.30,10.65,9.81,10.36,3138810,34401892.00
2022/04/27,9.88,10.06,9.26,9.94,5071540,52193664.00
2022/04/28,9.54,9.91,9.25,9.32,2151880,21925272.00
2022/04/29,9.41,9.85,9.41,9.74,2069000,21534064.00
2022/05/05,9.85,10.11,9.64,9.96,1809000,19188608.00
2022/05/06,9.78,9.87,9.65,9.72,1124000,11743999.00
2022/05/09,9.64,10.07,9.61,9.96,1412100,15006423.00
2022/05/10,9.90,10.08,9.74,10.02,1197600,12762542.00
2022/05/11,10.10,10.26,9.88,9.91,1997640,21593428.00
2022/05/12,9.93,10.10,9.89,10.09,1828550,19570106.00
2022/05/13,10.08,10.27,10.04,10.23,1372100,14885959.00
2022/05/16,10.31,10.43,10.13,10.29,1472311,16112930.00
2022/05/17,10.12,10.35,10.06,10.19,1088145,11842123.00
2022/05/18,10.26,10.48,10.12,10.38,1202600,13306397.00
2022/05/19,10.21,10.53,10.19,10.49,1288430,14337084.00
2022/05/20,10.49,10.62,10.41,10.57,1321830,14813798.00
2022/05/23,10.63,10.76,10.56,10.71,1076360,12004567.00
2022/05/24,10.74,10.79,10.21,10.23,1547650,17034700.00
2022/05/25,10.38,10.55,10.01,10.54,1321940,14440824.00
2022/05/26,10.51,10.61,10.33,10.49,1209450,13255146.00
2022/05/27,10.56,11.59,10.56,11.59,2254351,26891616.00
2022/05/30,11.57,11.61,11.03,11.22,6419276,75224928.00
2022/05/31,11.10,11.22,10.91,11.20,3489814,40369948.00
2022/06/01,11.17,11.34,11.04,11.27,3202094,37400556.00
2022/06/02,11.19,11.24,11.02,11.15,2219657,25761348.00
2022/06/06,11.12,11.46,11.12,11.36,2724611,32171176.00
2022/06/07,11.36,11.44,11.16,11.26,1595350,18758920.00
2022/06/08,11.34,11.34,10.89,11.12,1595500,18467836.00
2022/06/09,11.07,11.13,10.88,10.89,1368540,15698099.00
2022/06/10,10.81,11.08,10.81,11.06,1099100,12663276.00
2022/06/13,10.97,11.21,10.81,11.17,1376110,15924707.00
2022/06/14,11.05,11.08,10.76,11.06,1190078,13600348.00
2022/06/15,11.09,11.21,11.01,11.05,1576600,18297248.00
2022/06/16,11.09,11.25,10.82,11.24,1548990,18046808.00
2022/06/17,11.23,11.36,11.01,11.28,1693580,19820208.00
2022/06/20,11.31,11.47,11.17,11.41,1799920,21386390.00
2022/06/21,11.51,11.74,11.26,11.46,2529080,30345272.00
2022/06/22,11.46,11.46,11.12,11.18,1595960,18761380.00
2022/06/23,11.17,11.46,11.13,11.46,1762460,20865964.00
2022/06/24,11.47,11.57,11.40,11.56,1979210,23735210.00
2022/06/27,11.76,11.76,11.54,11.63,2009801,24341744.00
2022/06/28,11.63,11.96,11.51,11.86,2421460,29729568.00
2022/06/29,11.86,11.91,11.45,11.52,2059731,24998746.00
2022/06/30,11.44,11.72,11.44,11.49,1412070,17074784.00
2022/07/01,11.53,11.69,11.34,11.41,1202090,14364911.00
2022/07/04,11.49,11.56,11.28,11.44,1285000,15312297.00
2022/07/05,11.44,11.50,11.17,11.35,1638200,19288244.00
2022/07/06,11.35,11.35,11.08,11.20,1474530,17181832.00
2022/07/07,11.20,11.39,11.07,11.33,1233360,14547907.00
2022/07/08,11.42,11.74,11.33,11.39,2094680,25191484.00
2022/07/11,11.39,11.67,11.32,11.54,1627207,19557876.00
2022/07/12,11.52,12.02,11.45,11.56,3158318,38619928.00
2022/07/13,11.43,11.99,11.43,11.92,3304931,40716144.00
2022/07/14,12.26,12.40,11.94,12.06,3793250,47746628.00
2022/07/15,11.90,12.00,11.50,11.50,3500590,42571984.00
2022/07/18,11.53,11.99,11.53,11.76,2376900,29282210.00
2022/07/19,11.80,12.02,11.78,11.97,1836950,22791596.00
2022/07/20,11.97,12.11,11.78,11.94,1235700,15275938.00
2022/07/21,11.90,12.02,11.79,11.82,1319200,16324630.00
2022/07/22,11.73,12.26,11.73,12.22,2520850,31631228.00
2022/07/25,12.19,12.36,11.93,12.12,1876760,23617880.00
2022/07/26,12.14,12.29,11.87,12.22,1412060,17714930.00
2022/07/27,12.12,12.35,12.10,12.17,1504830,19059028.00
2022/07/28,12.22,12.80,12.13,12.48,2545942,32960228.00
2022/07/29,12.48,12.89,12.37,12.76,2481060,32720302.00
2022/08/01,12.70,12.77,12.51,12.63,1830290,24008340.00
2022/08/02,12.52,12.56,11.84,12.00,2204870,27713222.00
2022/08/03,12.08,12.37,11.69,11.75,1978894,24822200.00
2022/08/04,11.84,12.29,11.83,12.21,1760610,22210490.00
2022/08/05,12.21,12.27,11.78,12.01,1663243,20710778.00
2022/08/08,12.07,12.58,11.90,12.48,1690610,21670102.00
2022/08/09,12.48,12.85,12.35,12.37,1728090,22484082.00
2022/08/10,12.41,12.92,12.23,12.92,2853788,37677212.00
2022/08/11,12.83,12.98,12.68,12.76,1963600,26012944.00
2022/08/12,12.75,12.78,12.51,12.52,1767291,23144312.00
2022/08/15,12.52,13.09,12.44,12.96,2651680,35355464.00
2022/08/16,12.97,13.26,12.86,12.99,2461588,33250098.00
2022/08/17,13.01,13.51,12.77,13.35,3945729,53821676.00
2022/08/18,13.36,14.73,13.21,14.73,9391089,139941920.00
2022/08/19,14.73,14.96,13.71,13.90,12217827,177240032.00
2022/08/22,13.81,13.85,13.40,13.58,5623660,78892528.00
2022/08/23,13.52,13.76,13.34,13.68,6043990,84821376.00
2022/08/24,13.66,13.66,12.78,12.78,5401470,73451824.00
2022/08/25,12.86,13.00,12.33,12.56,3755515,49055832.00
2022/08/26,12.50,12.80,12.49,12.56,2424199,31886144.00
2022/08/29,12.20,13.00,12.17,12.86,2639439,34809480.00
2022/08/30,13.18,13.43,12.60,12.68,3510260,47297588.00
2022/08/31,12.64,12.68,11.95,11.99,3013455,38265320.00
2022/09/01,11.93,12.19,11.87,11.90,1611500,20167366.00
2022/09/02,11.86,12.39,11.84,12.22,2258850,28537644.00
2022/09/05,12.13,12.54,12.13,12.34,1715200,22031416.00
2022/09/06,12.34,12.41,12.21,12.39,1437930,18425728.00
2022/09/07,12.32,12.63,12.31,12.54,2093121,27148540.00
2022/09/08,12.54,12.71,12.19,12.21,2185892,28204428.00
2022/09/09,12.28,12.30,11.86,11.90,1882630,23442496.00
2022/09/13,11.95,12.11,11.87,11.96,1135610,14132699.00
2022/09/14,11.96,11.96,11.58,11.75,1621442,19788478.00
2022/09/15,11.77,11.85,11.14,11.26,2365290,28054244.00
2022/09/16,11.26,11.35,10.91,11.01,1418020,16489590.00
2022/09/19,10.99,11.12,10.71,10.85,1552360,17642500.00
2022/09/20,10.98,11.23,10.86,11.17,1396990,16200757.00
2022/09/21,11.17,11.32,11.02,11.27,930300,10882562.00
2022/09/22,11.31,11.39,11.13,11.16,935000,11007212.00
2022/09/23,11.14,11.27,10.93,10.97,1015630,11709868.00
2022/09/26,10.97,11.10,10.77,10.81,1171515,13353501.00
2022/09/27,10.77,11.16,10.77,11.14,1201820,13798593.00
2022/09/28,11.09,11.58,11.00,11.24,3245050,38201100.00
2022/09/29,11.16,11.61,10.88,11.49,4411890,51887028.00
2022/09/30,11.26,11.36,10.51,10.64,3430430,38968044.00
2022/10/10,10.67,10.76,10.43,10.46,1559820,17295724.00
2022/10/11,10.46,10.71,10.46,10.63,1008700,11174894.00
2022/10/12,10.58,10.80,10.28,10.80,1720060,18955924.00
2022/10/13,10.71,10.95,10.68,10.83,1096180,12397213.00
2022/10/14,10.91,11.17,10.81,11.12,1486830,17183700.00
2022/10/17,11.10,11.29,11.01,11.27,1139550,13317601.00
2022/10/18,11.22,11.41,11.14,11.28,1011900,11913500.00
2022/10/19,11.19,11.35,11.17,11.31,859050,10097836.00
2022/10/20,11.25,11.43,11.09,11.37,1073750,12612546.00
2022/10/21,11.17,11.76,11.17,11.48,1579890,18930656.00
2022/10/24,11.48,11.89,11.41,11.57,1936312,23539556.00
2022/10/25,11.56,11.99,11.46,11.92,2516351,30853940.00
2022/10/26,11.90,11.92,11.69,11.80,1781190,21877756.00
2022/10/27,11.63,12.19,11.56,11.83,2736150,33891960.00
2022/10/28,11.83,11.83,11.39,11.46,1808180,21812626.00
2022/10/31,11.61,11.74,11.26,11.56,1066780,12913801.00
2022/11/01,11.67,11.88,11.54,11.86,1537446,18844984.00
2022/11/02,11.91,11.95,11.77,11.87,1365620,16849732.00
2022/11/03,11.76,12.06,11.76,12.06,1845940,23011280.00
2022/11/04,12.14,12.14,11.96,12.10,1386360,17406354.00
2022/11/07,12.12,12.26,12.01,12.16,1391450,17565434.00
2022/11/08,12.14,12.18,11.93,12.13,943500,11827023.00
2022/11/09,12.07,12.21,12.04,12.11,1012800,12780098.00
2022/11/10,12.11,12.13,11.98,12.01,701360,8787825.00
2022/11/11,12.18,12.29,11.91,11.94,1224490,15364903.00
2022/11/14,12.06,12.15,11.79,11.99,960500,11993226.00
2022/11/15,11.97,12.15,11.86,12.11,1062480,13340151.00
2022/11/16,12.17,12.49,12.07,12.36,1631670,20978040.00
2022/11/17,12.49,12.49,12.21,12.39,790930,10136750.00
2022/11/18,12.39,12.51,12.25,12.28,1087840,13992013.00
2022/11/21,12.20,12.48,12.08,12.48,1126690,14428164.00
2022/11/22,12.48,12.51,12.18,12.31,1316035,16898682.00
2022/11/23,12.44,12.44,11.88,12.11,1158520,14558498.00
2022/11/24,12.14,12.59,12.11,12.48,2242105,28967584.00
2022/11/25,12.48,12.48,12.17,12.21,1019900,13015097.00
2022/11/28,12.21,12.21,11.86,12.03,970400,12097698.00
2022/11/29,11.98,12.24,11.98,12.14,947497,11955017.00
2022/11/30,12.18,12.18,11.96,12.00,857327,10763299.00
2022/12/01,12.07,12.36,12.00,12.01,941170,11847567.00
2022/12/02,12.08,12.30,12.02,12.23,978750,12430002.00
2022/12/05,12.25,12.47,12.21,12.41,1244000,15954290.00
2022/12/06,12.40,12.41,12.19,12.25,994100,12676441.00
2022/12/07,12.19,12.36,12.05,12.16,813080,10309135.00
2022/12/08,12.14,12.18,11.99,12.07,813060,10227235.00
2022/12/09,12.13,12.22,12.01,12.13,863660,10909319.00
2022/12/12,12.14,13.39,12.11,12.67,5313110,70344320.00
2022/12/13,12.67,12.67,12.31,12.60,2488490,32221642.00
2022/12/14,12.51,12.61,12.16,12.27,1838570,23618864.00
2022/12/15,12.18,12.41,12.01,12.33,1563890,19972692.00
2022/12/16,12.38,12.38,11.89,11.93,1646200,20645116.00
2022/12/19,11.93,12.07,11.33,11.55,1516350,18258708.00
2022/12/20,11.35,11.80,11.35,11.77,848980,10296336.00
2022/12/21,11.70,11.81,11.57,11.61,614800,7482268.00
2022/12/22,11.70,11.77,11.16,11.19,899680,10698778.00
2022/12/23,11.13,11.34,10.94,11.07,883600,10247381.00
2022/12/26,11.07,11.54,11.07,11.46,760691,9036474.00
2022/12/27,11.46,11.68,11.36,11.48,681500,8163294.00
2022/12/28,11.49,11.55,11.29,11.33,600400,7127486.00
2022/12/29,11.33,11.46,11.15,11.19,395010,4649133.00
2022/12/30,11.22,11.29,11.17,11.22,439710,5153686.00
2023/01/03,11.25,11.60,11.25,11.53,893260,10654395.00
2023/01/04,11.53,12.39,11.50,12.11,2518260,31573612.00
2023/01/05,12.21,12.29,11.84,12.21,1234500,15651416.00
2023/01/06,12.20,12.58,12.16,12.31,1548500,19921536.00
2023/01/09,12.37,12.67,12.37,12.58,1835800,23984292.00
2023/01/10,12.65,12.68,12.41,12.62,1155586,15126508.00
2023/01/11,12.59,12.89,12.57,12.61,2141420,28288276.00
2023/01/12,12.60,13.12,12.56,12.87,2478260,33152714.00
2023/01/13,12.77,13.05,12.68,12.77,1529030,20420584.00
2023/01/16,12.85,12.99,12.54,12.59,1509740,19916476.00
2023/01/17,12.74,12.77,12.57,12.63,867200,11372334.00
2023/01/18,12.63,13.01,12.58,12.88,1275600,16938392.00
2023/01/19,12.82,12.93,12.71,12.83,945500,12558692.00
2023/01/20,12.87,12.93,12.71,12.80,869100,11562651.00
2023/01/30,13.01,13.23,12.87,12.99,1412500,19081878.00
2023/01/31,13.01,13.11,12.76,13.08,1276400,17205816.00
2023/02/01,13.11,13.33,12.91,13.31,1619070,22103704.00
2023/02/02,13.31,13.34,13.12,13.18,890070,12205885.00
2023/02/03,13.20,13.42,13.01,13.16,1761250,23998592.00
2023/02/06,13.16,13.29,12.91,12.97,988720,13386049.00
2023/02/07,13.05,13.11,12.97,13.10,782340,10583737.00
2023/02/08,13.17,13.35,13.01,13.25,1174330,16066391.00
2023/02/09,13.31,13.41,13.17,13.40,1288500,17809648.00
2023/02/10,13.39,13.42,13.21,13.40,1046500,14446625.00
2023/02/13,13.34,13.71,13.34,13.53,1942490,27285272.00
2023/02/14,13.61,13.65,13.42,13.55,1060670,14860789.00
2023/02/15,13.58,13.61,13.47,13.54,865550,12148276.00
2023/02/16,13.59,13.76,13.11,13.19,1847820,25835186.00
2023/02/17,13.30,13.47,13.11,13.18,1454320,20020020.00
2023/02/20,13.24,13.24,13.00,13.18,962430,13093085.00
2023/02/21,13.08,13.26,13.01,13.14,924520,12603020.00
2023/02/22,13.14,13.23,12.97,13.05,676000,9178091.00
2023/02/23,13.07,13.17,13.00,13.03,606800,8234132.00
2023/02/24,13.10,13.21,12.92,13.01,634900,8583926.00
2023/02/27,13.09,13.61,13.01,13.45,3119850,43263768.00
2023/02/28,13.38,13.47,12.98,13.18,1947530,26567556.00
2023/03/01,13.17,13.17,12.86,12.97,2082927,27986888.00
2023/03/02,13.00,13.41,12.97,13.11,1998516,27324704.00
2023/03/03,13.01,13.69,12.99,13.20,2089759,28824432.00
2023/03/06,13.16,13.20,12.78,12.87,1985650,26645888.00
2023/03/07,12.91,12.91,12.46,12.48,1240500,16368117.00
2023/03/08,12.48,12.76,12.48,12.69,825500,10821744.00
2023/03/09,12.82,12.87,12.57,12.84,1022200,13491360.00
2023/03/10,12.79,12.88,12.53,12.55,915630,12052846.00
2023/03/13,12.60,12.63,12.39,12.51,958760,12465276.00
2023/03/14,12.51,12.60,12.12,12.29,911890,11662036.00
2023/03/15,12.36,12.83,12.26,12.78,1451670,19097892.00
2023/03/16,12.71,12.92,12.47,12.54,1130360,14789242.00
2023/03/17,12.64,12.69,12.38,12.42,922700,11988088.00
2023/03/20,12.45,12.59,12.29,12.44,923630,11923320.00
2023/03/21,12.38,12.77,12.38,12.74,1018900,13356942.00
2023/03/22,12.74,13.09,12.74,12.95,1053100,14160838.00
2023/03/23,12.97,12.98,12.74,12.83,949880,12648335.00
2023/03/24,12.83,13.07,12.77,12.95,1114600,14979388.00
2023/03/27,12.96,13.18,12.88,13.03,953260,12893874.00
2023/03/28,13.03,13.30,12.93,13.17,1386000,18899444.00
2023/03/29,13.17,13.36,12.93,12.99,1406890,19159872.00
2023/03/30,13.07,13.07,12.81,12.87,1048900,14030721.00
2023/03/31,12.87,13.07,12.81,12.98,865500,11640721.00
2023/04/03,13.08,13.08,12.85,12.97,1212510,16275649.00
2023/04/04,12.99,13.05,12.45,12.53,1451360,19089760.00
2023/04/06,12.52,12.52,12.27,12.44,771360,9932177.00
2023/04/07,12.39,12.59,12.37,12.56,779450,10108442.00
2023/04/10,12.59,12.65,12.14,12.21,1230640,15806004.00
2023/04/11,12.15,12.31,11.74,11.83,1338000,16593281.00
2023/04/12,11.88,12.06,11.83,12.03,850690,10611688.00
2023/04/13,12.00,12.06,11.79,11.82,940460,11634480.00
2023/04/14,11.82,11.93,11.73,11.85,742900,9160991.00
2023/04/17,11.85,11.96,11.79,11.83,735100,9089612.00
2023/04/18,11.83,11.87,11.65,11.76,763800,9326986.00
2023/04/19,11.81,11.81,11.50,11.61,734000,8880583.00
2023/04/20,11.54,11.62,11.34,11.50,675000,8058528.00
2023/04/21,11.43,11.60,11.21,11.23,939600,11123337.00
2023/04/24,11.21,11.36,11.15,11.29,1030720,12084867.00
2023/04/25,11.16,11.29,10.87,11.05,1254880,14534264.00
2023/04/26,11.06,11.68,11.05,11.66,1550057,18601584.00
2023/04/27,11.66,11.78,11.43,11.64,943060,11485027.00
2023/04/28,11.82,11.97,11.61,11.93,637900,7860726.00
2023/05/04,11.93,12.12,11.81,12.05,983300,12320723.00
2023/05/05,12.09,12.11,11.85,12.06,784000,9786796.00
2023/05/08,11.91,12.34,11.91,12.31,1099030,13995241.00
2023/05/09,12.14,12.30,12.04,12.04,795930,10078035.00
2023/05/10,12.24,12.31,12.07,12.24,761610,9650294.00
2023/05/11,12.24,12.44,12.14,12.40,720810,9224543.00
2023/05/12,12.33,12.45,12.27,12.40,744330,9577329.00
2023/05/15,12.46,12.57,12.32,12.43,768100,9911608.00
2023/05/16,12.54,12.56,12.32,12.41,556100,7201593.00
2023/05/17,12.46,12.65,12.42,12.60,885030,11570419.00
2023/05/18,12.75,12.76,12.57,12.68,1299107,17095432.00
2023/05/19,12.69,12.89,12.62,12.77,921300,12230629.00
2023/05/22,12.72,12.91,12.72,12.81,736910,9738350.00
2023/05/23,12.81,13.01,12.77,12.90,1230470,16407588.00
2023/05/24,12.88,13.03,12.56,12.86,833539,11085821.00
2023/05/25,12.79,13.09,12.78,13.07,1335500,17915492.00
2023/05/26,13.12,13.12,12.76,13.00,839400,11165381.00
2023/05/29,12.98,13.06,12.83,12.89,950800,12674546.00
2023/05/30,12.99,13.01,12.77,12.82,652500,8669174.00
2023/05/31,13.02,13.04,12.75,12.79,737930,9789504.00
2023/06/01,12.90,12.90,12.65,12.85,805890,10634248.00
2023/06/02,12.85,13.04,12.74,12.83,1115800,14807474.00
2023/06/05,12.89,12.98,12.59,12.98,1125400,14894334.00
2023/06/06,12.90,12.97,12.59,12.61,1106190,14536706.00
2023/06/07,12.59,12.75,12.58,12.64,694760,9072074.00
2023/06/08,12.65,12.76,12.46,12.52,527630,6851519.00
2023/06/09,12.55,12.65,12.41,12.60,835600,10824900.00
2023/06/12,12.62,13.08,12.39,13.06,1208520,15959884.00
2023/06/13,12.90,13.58,12.90,13.14,2319490,31555074.00
2023/06/14,13.13,13.31,12.92,13.22,1687181,22836060.00
2023/06/15,13.18,13.27,12.97,13.10,1285680,17342500.00
2023/06/16,13.09,13.32,13.02,13.22,1386940,18878400.00
2023/06/19,13.23,13.46,13.07,13.32,1148100,15697127.00
2023/06/20,13.32,13.56,13.11,13.40,1519531,20977102.00
2023/06/21,13.37,13.73,13.25,13.34,1769730,24592502.00
2023/06/26,13.33,13.46,13.04,13.08,1535230,20888676.00
2023/06/27,13.17,13.67,13.09,13.60,2352360,32714674.00
2023/06/28,13.69,13.69,13.29,13.66,1392110,19379060.00
2023/06/29,13.72,14.27,13.59,14.02,2301354,33217144.00
2023/06/30,14.03,14.28,13.84,14.13,1909070,27655896.00
2023/07/03,14.13,14.34,13.98,14.18,1880741,27426512.00
2023/07/04,14.10,14.39,14.01,14.15,1914264,27960744.00
2023/07/05,14.14,14.14,13.81,13.86,1555485,22370936.00
2023/07/06,13.96,14.04,13.78,13.95,1190530,17066432.00
2023/07/07,13.92,14.15,13.77,14.00,1088600,15661011.00
2023/07/10,13.98,14.19,13.83,13.93,882700,12679560.00
2023/07/11,14.07,14.14,13.79,14.12,912140,13145490.00
2023/07/12,14.11,14.26,14.00,14.14,1151630,16793968.00
2023/07/13,14.23,14.44,14.02,14.39,1378210,20249304.00
2023/07/14,14.47,14.47,14.18,14.22,859160,12603445.00
2023/07/17,14.34,14.65,14.12,14.46,1140170,16849746.00
2023/07/18,14.47,14.47,14.16,14.31,1103500,16173797.00
2023/07/19,14.34,14.37,14.03,14.07,863590,12569977.00
2023/07/20,14.15,14.18,13.80,13.87,1202390,17301404.00
2023/07/21,13.89,14.14,13.80,14.03,1465100,21060236.00
2023/07/24,13.98,14.24,13.87,14.18,750080,10901939.00
2023/07/25,14.33,14.42,14.12,14.39,938500,13766440.00
2023/07/26,14.39,14.43,14.18,14.28,819140,12028389.00
2023/07/27,14.46,14.60,13.97,14.05,1096800,16080739.00
2023/07/28,14.06,14.21,13.95,14.04,1226250,17772626.00
2023/07/31,14.02,14.28,14.01,14.26,1246202,18197058.00
2023/08/01,14.21,14.26,13.68,13.79,1525544,21755624.00
2023/08/02,13.75,13.89,13.67,13.86,927830,13201391.00
2023/08/03,13.90,13.90,13.60,13.75,805400,11401443.00
2023/08/04,13.89,13.93,13.23,13.27,1534250,21315410.00
2023/08/07,13.29,13.44,13.15,13.35,1807280,24812512.00
2023/08/08,13.37,13.45,13.07,13.17,990300,13476113.00
2023/08/09,13.19,13.26,13.04,13.07,811960,10999629.00
2023/08/10,13.15,13.44,13.06,13.39,720390,9876125.00
2023/08/11,13.24,13.59,13.24,13.31,925000,12776775.00
2023/08/14,13.42,13.50,13.06,13.42,1122530,15406378.00
2023/08/15,13.49,13.54,13.18,13.27,528090,7242745.00
2023/08/16,13.27,13.27,12.96,12.97,606730,8190624.00
2023/08/17,13.14,13.51,12.84,13.46,977600,13346666.00
2023/08/18,13.45,13.75,13.37,13.47,1405940,19698944.00
2023/08/21,13.47,13.69,13.43,13.45,1061050,14786916.00
2023/08/22,13.55,13.66,12.99,13.27,842400,11541030.00
2023/08/23,13.27,13.27,12.91,12.98,1025220,13762411.00
2023/08/24,13.24,13.24,12.74,13.01,1260040,16855260.00
2023/08/25,13.01,13.13,12.66,12.69,928990,12324455.00
2023/08/28,13.59,13.59,12.97,13.03,1540400,21125930.00
2023/08/29,12.99,13.93,12.86,13.78,2480960,34797696.00
2023/08/30,13.76,14.29,13.76,14.03,2210889,32083074.00
2023/08/31,14.10,14.27,13.99,14.14,1839100,26681882.00
2023/09/01,14.07,14.15,13.86,14.03,1378900,19812780.00
2023/09/04,14.03,14.12,13.82,14.10,1745000,25129968.00
2023/09/05,14.08,14.20,13.97,14.07,958550,13894891.00
2023/09/06,14.05,14.20,13.97,14.19,946340,13778233.00
2023/09/07,14.20,14.25,13.90,14.01,1016300,14674896.00
2023/09/08,14.00,14.42,13.98,14.33,2027160,29692072.00
2023/09/11,14.32,14.32,13.86,14.05,2010820,29021648.00
2023/09/12,14.05,14.09,13.90,13.98,901200,12968583.00
2023/09/13,13.87,13.97,13.70,13.79,1286280,18281952.00
2023/09/14,13.81,13.89,13.49,13.65,867200,12214237.00
2023/09/15,13.67,13.84,13.43,13.65,1362000,19146712.00
2023/09/18,13.55,14.36,13.55,14.07,1701310,24695444.00
2023/09/19,14.07,14.07,13.68,13.74,1257860,17895280.00
2023/09/20,13.60,14.08,13.60,13.80,1045100,14906493.00
2023/09/21,13.84,13.84,13.46,13.58,1499720,20986930.00
2023/09/22,13.55,14.06,13.53,13.98,1568620,22376476.00
2023/09/25,13.98,14.18,13.92,14.03,1158790,16744998.00
2023/09/26,14.05,14.16,13.88,14.01,1425030,20523232.00
2023/09/27,13.99,14.18,13.59,13.99,1455219,20892164.00
2023/09/28,13.99,14.12,13.85,14.06,1561230,22515304.00
2023/10/09,14.01,14.15,13.73,13.92,1795920,25753390.00
2023/10/10,14.04,14.04,13.75,13.80,1426190,20339320.00
2023/10/11,13.95,13.96,13.53,13.83,1631800,23113036.00
2023/10/12,13.85,14.07,13.51,13.59,2319850,32699236.00
2023/10/13,13.54,13.63,13.08,13.17,1916350,26196344.00
2023/10/16,13.25,13.29,12.98,13.24,1614543,21884248.00
2023/10/17,13.24,13.42,13.16,13.32,1038400,14205673.00
2023/10/18,13.27,13.30,13.05,13.10,1269814,17246312.00
2023/10/19,12.96,13.50,12.89,13.12,1257900,17161678.00
2023/10/20,13.19,13.66,13.00,13.37,1843400,25484314.00
2023/10/23,13.24,13.56,12.85,12.96,2347070,31814208.00
2023/10/24,12.95,13.47,12.87,13.43,2023600,27761670.00
2023/10/25,13.59,13.88,13.53,13.75,1813970,25660452.00
2023/10/26,13.71,13.77,13.37,13.57,1160800,16165580.00
2023/10/27,13.58,13.93,13.52,13.86,2169590,30740952.00
2023/10/30,13.86,13.93,13.67,13.85,1490579,21229880.00
2023/10/31,13.84,14.13,13.83,13.93,1419214,20386322.00
2023/11/01,13.93,14.09,13.81,14.09,1591650,22966368.00
2023/11/02,14.09,14.25,13.99,14.07,1404400,20398772.00
2023/11/03,14.07,14.62,14.01,14.41,2442860,36219816.00
2023/11/06,14.40,14.69,14.40,14.63,2064330,30889812.00
2023/11/07,14.59,14.79,14.54,14.76,1895930,28670254.00
2023/11/08,14.71,15.00,14.64,14.75,1816039,27659716.00
2023/11/09,14.75,16.27,14.75,16.27,4396591,71657024.00
2023/11/10,17.94,17.94,17.94,17.94,2911090,53418504.00
2023/11/13,16.89,17.24,16.11,16.11,16739510,282779520.00
2023/11/14,15.54,15.81,15.26,15.60,14632932,232268784.00
2023/11/15,15.60,15.62,15.29,15.34,10063170,159137744.00
2023/11/16,15.27,15.27,14.92,14.97,9206252,142263456.00
2023/11/17,14.89,15.08,14.87,15.04,5567252,85796544.00
2023/11/20,15.04,15.41,14.99,15.41,7610690,119287928.00
2023/11/21,15.32,15.38,15.08,15.18,4888900,76376144.00
2023/11/22,15.11,15.33,14.99,14.99,4006300,62083192.00
2023/11/23,14.98,15.39,14.98,15.39,5249690,82351960.00
2023/11/24,15.44,15.58,15.17,15.47,5636100,89125480.00
2023/11/27,15.50,15.65,15.30,15.37,4358200,68956256.00
2023/11/28,15.28,15.75,15.28,15.69,5743910,91977904.00
2023/11/29,15.55,15.79,15.44,15.53,3889300,62255608.00
2023/11/30,15.58,15.62,15.07,15.32,3816950,59923632.00
2023/12/01,15.33,15.42,15.19,15.23,3254500,51184660.00
2023/12/04,15.22,15.48,15.14,15.33,3482490,55009024.00
2023/12/05,15.36,15.49,15.16,15.16,2591900,40664996.00
2023/12/06,15.17,15.51,15.08,15.28,2892100,45563952.00
2023/12/07,15.43,15.43,14.98,15.13,2872020,44648800.00
2023/12/08,15.00,15.23,14.63,14.68,3170540,48512224.00
2023/12/11,14.67,15.06,14.64,14.91,2781400,42546292.00
2023/12/12,14.89,15.12,14.76,15.07,2046952,31485228.00
2023/12/13,15.14,15.33,14.90,15.09,1714195,26620708.00
2023/12/14,15.07,15.22,14.95,15.01,1758500,27219978.00
2023/12/15,15.04,15.24,14.96,15.08,1721090,26649088.00
2023/12/18,15.00,15.27,14.91,15.08,2411580,37511764.00
2023/12/19,15.08,15.24,14.77,15.22,2039650,31504604.00
2023/12/20,15.28,15.43,15.14,15.16,2149733,33745164.00
2023/12/21,15.16,15.27,14.65,15.22,2395320,36858352.00
2023/12/22,15.21,15.45,15.12,15.24,2792790,43837360.00
2023/12/25,15.20,15.52,14.97,15.01,3380415,52713200.00
2023/12/26,14.91,15.01,14.59,14.68,2712190,41082528.00
2023/12/27,14.68,14.95,14.56,14.86,1744020,26473604.00
2023/12/28,14.76,15.38,14.59,15.33,2356511,36550472.00
2023/12/29,15.26,15.56,15.16,15.50,3129330,49571408.00
2024/01/02,15.56,15.76,15.49,15.67,3037490,48808072.00
2024/01/03,15.61,15.79,15.50,15.75,2668710,42901112.00
2024/01/04,15.72,15.81,15.57,15.78,2001940,32216236.00
2024/01/05,15.80,15.94,15.42,15.54,2679860,43014420.00
2024/01/08,15.45,15.54,15.09,15.14,2317750,36381204.00
2024/01/09,15.17,15.71,15.17,15.70,3767830,60162568.00
2024/01/10,15.78,15.78,15.20,15.27,4333440,68453792.00
2024/01/11,15.29,15.58,15.29,15.56,2761030,43891040.00
2024/01/12,15.51,16.02,15.51,15.78,4487600,72614320.00
2024/01/15,15.74,15.83,15.54,15.61,3013400,48457632.00
2024/01/16,15.64,15.86,15.12,15.42,3163820,50119280.00
2024/01/17,15.52,15.55,15.16,15.17,2260560,35591712.00
2024/01/18,15.00,15.24,14.41,15.02,3382490,51745264.00
2024/01/19,14.99,15.08,14.52,14.65,2170445,32862308.00
2024/01/22,14.56,14.63,13.29,13.40,3616390,52181596.00
2024/01/23,13.41,13.42,12.57,12.90,3295920,43667948.00
2024/01/24,13.00,13.51,12.72,13.28,3079400,41564940.00
2024/01/25,13.31,13.74,13.16,13.72,1892700,26260120.00
2024/01/26,13.77,14.28,13.77,14.03,2147800,31160592.00
2024/01/29,14.03,14.21,13.38,13.49,1783830,24954670.00
2024/01/30,13.38,13.38,12.68,12.84,1954290,26232926.00
2024/01/31,12.87,12.94,11.81,11.82,2119885,26719972.00
2024/02/01,11.71,11.82,11.13,11.67,2568279,30582960.00
2024/02/02,11.67,11.88,10.46,10.59,3294441,37677028.00
2024/02/05,10.78,10.78,9.49,9.49,2111300,21230500.00
2024/02/06,8.95,9.08,8.50,8.59,5369485,48453832.00
2024/02/07,8.79,8.79,7.69,7.69,5885980,48865164.00
2024/02/08,7.33,8.50,7.03,8.50,6109119,51000132.00
2024/02/19,8.91,9.39,8.77,9.39,2852851,27244908.00
2024/02/20,9.55,9.83,9.19,9.69,4125976,41188124.00
2024/02/21,9.59,10.44,9.53,9.94,3131478,32694196.00
2024/02/22,10.09,10.50,9.91,10.46,2782920,29561224.00
2024/02/23,10.53,11.07,10.53,11.03,2810153,31646780.00
2024/02/26,11.27,11.75,11.03,11.39,3090030,36512700.00
2024/02/27,11.38,11.83,11.24,11.80,2340570,28250372.00
2024/02/28,12.01,12.39,10.58,10.58,4836325,56924544.00
2024/02/29,10.15,10.91,10.03,10.75,4662500,51182684.00
2024/03/01,10.94,11.06,10.67,10.79,2683400,30219344.00
2024/03/04,10.79,10.92,10.58,10.70,2474700,27541172.00
2024/03/05,10.75,10.76,10.43,10.50,2217278,24416998.00
2024/03/06,10.48,11.02,10.40,10.89,2433080,27153628.00
2024/03/07,10.92,11.39,10.92,11.23,3073235,35677372.00
2024/03/08,11.21,11.34,11.00,11.10,1783480,20605168.00
2024/03/11,11.05,11.82,10.94,11.43,3193700,37432352.00
2024/03/12,11.41,11.60,11.25,11.59,2161210,25600984.00
2024/03/13,11.71,11.85,11.49,11.70,1904628,23015200.00
2024/03/14,11.59,11.82,11.37,11.69,1924760,23148154.00
2024/03/15,11.57,11.92,11.49,11.88,1514200,18426472.00
2024/03/18,11.96,12.37,11.89,12.27,2315085,29105192.00
2024/03/19,12.35,13.12,12.29,12.73,4823330,63612324.00
2024/03/20,12.67,12.67,12.31,12.49,3400660,43594184.00
2024/03/21,12.50,12.58,12.15,12.46,2628483,33597968.00
2024/03/22,12.49,12.50,12.17,12.28,1843200,23506352.00
2024/03/25,12.16,12.38,11.89,11.94,1970780,24785172.00
2024/03/26,11.82,12.13,11.66,11.92,1854700,22687240.00
2024/03/27,11.96,12.06,11.58,11.58,1447790,17694132.00
2024/03/28,11.58,12.06,11.58,11.87,1720600,21102576.00
2024/03/29,11.87,12.24,11.87,12.22,1681000,21063232.00
2024/04/01,12.51,12.54,12.25,12.53,1791880,23015662.00
2024/04/02,12.52,13.09,12.52,12.78,3201307,42413784.00
2024/04/03,12.72,12.78,12.31,12.58,1802200,23303604.00
2024/04/08,12.62,12.62,11.80,11.86,2124870,26642444.00
2024/04/09,11.82,12.33,11.82,12.27,1512800,19016562.00
2024/04/10,12.28,12.31,11.78,11.96,1521720,18811406.00
2024/04/11,11.90,12.22,11.75,12.01,1297620,16175904.00
2024/04/12,12.19,13.25,12.09,13.25,2961580,39957320.00
2024/04/15,13.37,13.94,11.88,11.88,10293051,136159568.00
2024/04/16,10.65,10.76,10.65,10.65,1900300,21019108.00
2024/04/17,9.71,11.09,9.71,10.97,7826631,86971024.00
2024/04/18,11.35,12.11,11.22,11.70,10573396,128748264.00
2024/04/19,11.09,11.82,10.97,11.35,8003272,94437648.00
2024/04/22,11.41,11.67,10.71,11.03,4183730,47957104.00
2024/04/23,10.91,11.54,10.80,11.39,3529297,41260880.00
2024/04/24,11.37,11.80,11.29,11.67,3139410,37933980.00
2024/04/25,12.08,12.47,11.57,11.73,4456400,54539580.00
2024/04/26,11.98,12.26,11.65,12.22,6461430,80549344.00
2024/04/29,12.19,12.83,12.02,12.61,5589980,71647048.00
2024/04/30,12.57,12.99,12.54,12.63,3916160,51542480.00
2024/05/06,12.65,13.23,12.65,13.09,4555250,60834708.00
2024/05/07,13.20,13.20,12.85,13.07,2886100,38655232.00
2024/05/08,13.06,13.40,13.05,13.23,2890000,39498832.00
2024/05/09,13.17,13.66,13.15,13.61,2746520,38284632.00
2024/05/10,13.71,13.71,13.07,13.38,2680330,36749584.00
2024/05/13,13.32,13.75,13.05,13.38,3018500,41805996.00
2024/05/14,13.39,13.74,13.38,13.71,2654615,37264620.00
2024/05/15,13.71,13.84,13.47,13.48,1918200,27020200.00
2024/05/16,13.47,13.67,13.36,13.42,1833200,25444692.00
2024/05/17,13.43,13.57,13.35,13.55,1242420,17239436.00
2024/05/20,13.65,14.44,13.63,13.85,3907390,56476816.00
2024/05/21,13.78,13.96,13.49,13.69,2503160,35139592.00
2024/05/22,13.78,13.78,13.45,13.55,1596520,22271028.00
2024/05/23,13.47,13.63,13.34,13.42,1470120,20393268.00
2024/05/24,13.46,13.64,13.26,13.50,1292860,17981424.00
2024/05/27,13.64,13.74,13.34,13.69,1558870,21601840.00
2024/05/28,13.70,14.08,13.48,14.01,2761180,39387900.00
2024/05/29,13.99,14.07,13.62,13.73,2246511,31660472.00
2024/05/30,13.69,13.79,13.46,13.56,1449400,20147764.00
2024/05/31,13.68,13.73,13.46,13.67,1128910,15719882.00
2024/06/03,13.81,14.16,13.25,13.39,3357220,47124908.00
2024/06/04,13.30,13.31,12.79,13.25,2502450,33492684.00
2024/06/05,13.07,13.11,12.64,12.69,2233300,29286718.00
2024/06/06,12.68,12.72,11.65,11.79,2463325,30406272.00
2024/06/07,12.29,13.00,11.89,13.00,2456730,31574216.00
2024/06/11,13.73,13.96,13.19,13.37,6568780,91136688.00
2024/06/12,13.41,14.16,13.34,13.71,6605825,92535576.00
2024/06/13,13.95,15.11,13.56,15.11,9074402,133779464.00
2024/06/14,15.57,15.87,14.40,14.51,12570392,192686928.00
2024/06/17,14.34,14.63,14.00,14.57,8814695,128553144.00
2024/06/18,14.56,14.81,14.04,14.62,7968237,117338336.00
2024/06/19,14.52,14.65,14.14,14.19,5261985,76924592.00
2024/06/20,14.19,14.21,13.79,13.86,3733557,53254516.00
2024/06/21,13.72,14.50,13.29,14.29,5998910,85332120.00
2024/06/24,14.02,14.16,13.29,13.34,4711330,65778956.00
2024/06/25,13.19,13.83,13.15,13.31,3720200,51251316.00
2024/06/26,13.19,13.62,13.01,13.59,2421700,33015236.00
2024/06/27,13.50,13.77,13.22,13.22,1985060,27372912.00
2024/06/28,13.25,13.99,13.16,13.83,3470030,48827996.00
2024/07/01,13.70,14.09,13.62,13.85,3801600,53811712.00
2024/07/02,13.79,13.91,13.29,13.44,3868360,53447120.00
2024/07/03,13.29,13.38,12.87,12.93,2491100,33241524.00
2024/07/04,14.25,14.25,13.78,14.25,9728195,140459408.00
2024/07/05,14.39,15.68,13.94,14.39,16832985,253331808.00
2024/07/08,14.21,15.63,13.82,15.27,14399998,217885600.00
2024/07/09,15.14,15.58,14.41,15.34,11978040,183115504.00
2024/07/10,14.97,15.29,14.79,14.99,8307846,127198264.00
2024/07/11,15.04,16.52,14.69,16.52,10657303,170307392.00
2024/07/12,16.91,17.89,16.34,16.34,18236469,315392384.00
2024/07/15,16.26,16.39,15.36,15.49,11500210,183474960.00
2024/07/16,15.19,15.58,15.04,15.41,8063193,126460800.00
2024/07/17,15.21,15.29,13.84,13.84,11739834,172246096.00
2024/07/18,13.40,13.49,12.70,13.24,9987587,133398792.00
2024/07/19,12.99,13.34,12.80,13.11,5658941,75871584.00
2024/07/22,13.12,13.16,12.83,13.04,3936184,52312376.00
2024/07/23,13.52,13.58,12.85,12.87,5710304,77131336.00
2024/07/24,12.70,12.99,12.37,12.40,5550995,71576288.00
2024/07/25,12.38,12.63,12.01,12.48,5104438,64232944.00
2024/07/26,12.45,12.97,12.44,12.86,5166709,67828928.00
2024/07/29,12.79,12.90,12.55,12.68,3775834,48996604.00
2024/07/30,12.69,13.01,12.57,12.91,4331420,57093400.00
2024/07/31,12.79,13.34,12.70,13.32,4567395,61246584.00
2024/08/01,13.18,14.01,13.18,13.97,7314775,102338176.00
2024/08/02,13.70,13.76,13.22,13.28,5774280,79620768.00
2024/08/05,13.07,13.22,12.63,12.65,4216461,55762872.00
2024/08/06,12.81,12.97,12.63,12.83,2755400,36012712.00
2024/08/07,12.79,12.95,12.71,12.75,1941635,25457660.00
2024/08/08,12.61,12.75,12.29,12.67,3550635,45590064.00
2024/08/09,12.75,12.90,12.71,12.78,1954260,25613980.00
2024/08/12,12.78,12.88,12.49,12.79,1874400,24419450.00
2024/08/13,12.75,12.99,12.70,12.99,2127400,28032026.00
2024/08/14,13.00,13.17,12.90,13.11,2637400,35257148.00
2024/08/15,13.07,13.07,12.67,12.84,3330600,43825544.00
2024/08/16,12.87,12.98,12.74,12.74,2274868,29946740.00
2024/08/19,12.74,12.89,12.58,12.74,2437360,31732460.00
2024/08/20,12.70,12.76,12.40,12.48,1968456,25272424.00
2024/08/21,12.48,12.61,12.44,12.58,1620091,20820872.00
2024/08/22,12.49,12.57,12.22,12.22,2611205,33095812.00
2024/08/23,12.54,12.57,11.69,11.85,4529500,55508936.00
2024/08/26,11.82,12.04,11.71,11.99,2346060,28750960.00
2024/08/27,11.87,12.07,11.78,11.84,1823700,22268756.00
2024/08/28,11.54,12.11,11.54,11.92,1970900,24126900.00
2024/08/29,11.92,12.22,11.76,12.18,1916131,23681288.00
2024/08/30,12.20,12.59,12.10,12.43,2296800,29227336.00
2024/09/02,12.40,12.59,12.32,12.39,2450997,31259440.00
2024/09/03,12.39,12.58,12.33,12.48,1389098,17748652.00
2024/09/04,12.40,12.53,12.28,12.36,1363600,17336416.00
2024/09/05,12.46,13.11,12.36,12.83,4780958,62349028.00
2024/09/06,12.77,13.03,12.42,12.47,3290900,42706420.00
2024/09/09,12.37,12.51,12.17,12.40,1775330,22487294.00
2024/09/10,12.49,12.66,12.35,12.48,2215359,28347672.00
2024/09/11,12.36,12.53,12.29,12.41,1350720,17203016.00
2024/09/12,12.24,12.53,12.18,12.24,1395819,17647642.00
2024/09/13,12.19,12.36,12.01,12.01,1409802,17518492.00
2024/09/18,11.98,12.16,11.66,11.86,1461005,17696056.00
2024/09/19,12.00,12.21,11.75,12.08,1420210,17525042.00
2024/09/20,12.09,12.17,11.78,11.85,1467920,17921112.00
2024/09/23,11.75,11.94,11.70,11.78,1121109,13595847.00
2024/09/24,11.77,12.17,11.75,12.16,1922100,23636972.00
2024/09/25,12.31,12.56,12.18,12.22,2494319,31668768.00
2024/09/26,12.22,12.53,12.16,12.53,2353169,29889732.00
2024/09/27,12.61,13.14,12.49,13.03,3586130,47114560.00
2024/09/30,13.49,14.19,13.00,14.09,8821621,123508048.00
2024/10/08,15.52,15.52,14.35,15.35,13315418,205313760.00
2024/10/09,15.02,15.02,13.78,13.78,7422206,107227408.00
2024/10/10,13.63,13.99,13.36,13.69,4523436,63633100.00
2024/10/11,13.69,13.86,13.35,13.56,3170331,44017648.00
2024/10/14,13.56,13.63,13.17,13.63,3582836,49268516.00
2024/10/15,13.56,13.63,13.25,13.27,3152677,43302792.00
2024/10/16,13.19,13.40,13.05,13.27,2237516,30398054.00
2024/10/17,13.27,13.50,13.16,13.16,2522900,34408432.00
2024/10/18,13.14,13.97,13.09,13.70,5251249,73005720.00
2024/10/21,13.70,14.04,13.44,13.94,5351750,75302288.00
2024/10/22,13.79,14.19,13.77,14.14,4486573,64273736.00
2024/10/23,14.10,14.23,13.88,14.18,5024580,72300744.00
2024/10/24,14.10,14.10,13.86,13.98,3569543,50884740.00
2024/10/25,14.06,14.20,14.00,14.11,3974313,57299064.00
2024/10/28,14.05,14.47,14.04,14.45,4286505,62707932.00
2024/10/29,14.45,14.55,14.15,14.25,4316806,63147632.00
2024/10/30,14.15,14.35,13.89,14.09,4174686,60232472.00
2024/10/31,14.80,15.05,14.26,14.38,6272070,93276296.00
2024/11/01,14.28,14.68,13.69,13.70,5150860,73718632.00
2024/11/04,13.70,14.19,13.70,14.09,3484814,50029032.00
2024/11/05,14.07,14.33,14.02,14.26,4328219,62694960.00
2024/11/06,14.27,14.45,14.14,14.28,3986558,58255472.00
2024/11/07,14.19,14.55,14.06,14.55,3779639,55548548.00
2024/11/08,14.64,14.75,14.40,14.56,3545444,52639320.00
2024/11/11,14.39,14.94,14.38,14.93,3721975,56067360.00
2024/11/12,14.95,15.14,14.54,14.74,4415518,67198024.00
2024/11/13,14.61,14.97,14.41,14.94,3405130,51203744.00
2024/11/14,14.89,15.02,14.35,14.48,3066250,45901072.00
2024/11/15,14.42,14.61,14.05,14.07,2566160,37660800.00
2024/11/18,14.17,14.34,13.76,13.87,3376290,48534432.00
2024/11/19,14.04,14.46,13.87,14.46,2469558,35876820.00
2024/11/20,14.48,14.90,14.40,14.84,3579701,53860888.00
2024/11/21,14.81,15.05,14.69,14.94,3204102,48786448.00
2024/11/22,14.94,14.97,14.19,14.25,2821381,42127888.00
2024/11/25,14.24,14.74,14.23,14.74,2305390,34165572.00
2024/11/26,14.82,15.03,14.64,14.85,3943301,59936568.00
2024/11/27,14.84,15.28,14.43,15.27,5125484,78163616.00
2024/11/28,15.18,15.28,15.04,15.14,3937650,60909000.00
2024/11/29,15.21,16.14,15.18,15.93,9582329,154350512.00
2024/12/02,15.79,15.99,15.51,15.93,7536595,120971968.00
2024/12/03,15.92,15.92,15.36,15.53,4876943,77494968.00
2024/12/04,15.46,15.65,15.14,15.27,3247577,50883044.00
2024/12/05,15.27,15.56,15.21,15.47,2405360,37885040.00
2024/12/06,15.39,15.52,15.14,15.39,2743757,42831040.00
2024/12/09,15.39,15.62,15.29,15.59,2940197,46463340.00
2024/12/10,15.87,15.93,15.31,15.38,3695040,58727960.00
2024/12/11,15.33,15.47,15.23,15.41,2564836,40165832.00
2024/12/12,15.39,15.67,15.35,15.66,3115220,49369240.00
2024/12/13,15.66,15.97,15.49,15.69,4495461,72260824.00
2024/12/16,15.71,15.99,15.50,15.66,3997042,64183560.00
2024/12/17,15.63,15.78,14.67,14.74,4624583,70924560.00
2024/12/18,14.76,14.93,14.26,14.74,2509485,37635240.00
2024/12/19,14.55,14.81,14.40,14.69,2124944,31679616.00
2024/12/20,14.69,15.13,14.63,14.98,2108116,32137678.00
2024/12/23,14.95,14.98,13.94,13.98,3528852,51513632.00
2024/12/24,14.07,14.47,14.07,14.40,2641202,38651192.00
2024/12/25,14.24,14.39,13.57,13.94,2791420,39552864.00
2024/12/26,13.92,14.37,13.87,14.33,2111300,30742712.00
2024/12/27,14.31,14.54,14.25,14.41,1457000,21478244.00
2024/12/30,14.19,14.45,13.89,14.14,1771930,25612632.00
2024/12/31,14.08,14.26,13.70,13.81,1861425,26596396.00
2025/01/02,13.81,13.99,13.36,13.54,2366137,33187280.00
2025/01/03,14.93,14.93,14.93,14.93,3844677,58592876.00
2025/01/06,14.80,16.45,14.64,16.45,26950040,431889408.00
2025/01/07,16.19,18.13,15.71,18.13,28896572,505289184.00
2025/01/08,17.10,17.84,16.29,17.24,30707466,532846912.00
2025/01/09,16.50,17.12,16.34,16.68,20007852,339952416.00
2025/01/10,16.69,16.98,15.43,15.53,16519715,269978624.00
2025/01/13,14.89,14.99,14.01,14.24,13450262,197703408.00
2025/01/14,14.46,15.70,14.46,15.70,14086574,217251760.00
2025/01/15,15.86,16.07,15.42,15.48,12679932,202517872.00
2025/01/16,15.57,16.07,15.39,15.63,9827839,156866896.00
2025/01/17,15.42,15.98,15.42,15.75,10846447,174222160.00
2025/01/20,15.91,16.19,15.77,16.01,11399701,185798864.00
2025/01/21,16.09,16.37,15.87,16.19,11842428,194685008.00
2025/01/22,16.18,16.18,15.74,15.81,7732833,125448136.00
2025/01/23,15.84,16.08,15.70,15.72,7039222,114118568.00
2025/01/24,15.59,15.92,15.31,15.85,7105862,113011320.00
2025/01/27,15.87,15.94,15.17,15.21,5379451,84812728.00
2025/02/05,15.20,15.32,14.84,15.27,4866776,75015640.00
2025/02/06,15.14,16.04,15.01,16.04,7620460,121263008.00
2025/02/07,15.94,16.97,15.85,16.79,15665242,264304000.00
2025/02/10,16.57,16.63,16.14,16.38,12412432,207143104.00
2025/02/11,16.30,16.54,16.19,16.45,9355082,156571360.00
2025/02/12,16.25,16.40,16.04,16.27,7712958,127653832.00
2025/02/13,16.14,16.22,15.60,15.63,8662679,140241376.00
2025/02/14,15.58,15.76,15.37,15.65,6296446,99944264.00
2025/02/17,15.65,16.74,15.61,16.59,16428009,272603904.00
2025/02/18,16.56,16.60,15.99,16.14,10127833,168059776.00
2025/02/19,16.05,16.90,15.87,16.85,13720759,231624000.00
2025/02/20,16.79,17.33,16.56,17.18,16266209,281402208.00
2025/02/21,17.09,17.24,16.77,17.17,12650583,219179008.00
2025/02/24,17.07,17.07,16.65,16.86,8194681,140205728.00
2025/02/25,16.60,16.92,16.55,16.63,6075121,103584104.00
2025/02/26,16.57,18.32,16.57,18.32,9921806,179110016.00
2025/02/27,18.69,18.93,17.81,18.28,22104438,412313088.00
2025/02/28,18.19,18.52,17.32,17.36,12142659,219994368.00
2025/03/03,17.63,17.84,17.01,17.23,8104896,142907680.00
2025/03/04,17.17,18.98,16.96,18.98,7885524,146371616.00
2025/03/05,19.32,19.58,18.57,19.12,20901178,403299776.00
2025/03/06,19.15,20.07,18.82,19.33,17714636,349311040.00
2025/03/07,19.32,20.07,18.74,18.87,14899321,293410912.00
2025/03/10,18.61,18.97,18.36,18.67,9338114,176870160.00
2025/03/11,18.44,18.86,18.12,18.55,8582557,160783488.00
2025/03/12,18.62,19.19,18.60,18.98,10875636,209384768.00
2025/03/13,18.80,18.86,17.85,18.12,9282380,171905136.00
2025/03/14,18.19,18.58,17.92,18.48,6898032,128624816.00
2025/03/17,18.41,19.09,18.21,18.75,8217251,156045248.00
2025/03/18,18.69,20.66,18.49,19.66,18821148,373687104.00
2025/03/19,19.49,19.49,18.99,19.20,10240877,199903760.00
2025/03/20,19.19,19.58,18.91,19.29,9653408,188883248.00
2025/03/21,19.29,19.29,18.20,18.32,7677533,145362224.00
2025/03/24,18.39,19.69,16.99,17.98,9236592,172757248.00
2025/03/25,17.81,18.43,17.39,18.28,8257359,150617632.00
2025/03/26,18.03,18.43,17.84,18.27,5778706,106976424.00
2025/03/27,18.18,18.18,17.51,17.81,4844108,88045152.00
2025/03/28,17.73,17.91,17.09,17.10,4895636,86540112.00
2025/03/31,16.94,17.39,16.42,17.30,5483053,93949456.00
2025/04/01,17.37,17.76,17.30,17.37,4104643,73091544.00
2025/04/02,17.37,17.86,17.25,17.61,4207619,75646880.00
2025/04/03,17.36,17.59,16.91,17.15,3723229,65389396.00
2025/04/07,15.51,16.09,15.40,15.40,2681100,42351508.00
2025/04/08,14.50,15.35,13.83,14.22,6562217,96162824.00
2025/04/09,13.90,15.33,12.90,14.71,5520768,79306648.00
2025/04/10,15.17,15.49,14.94,15.09,4597016,71479192.00
2025/04/11,15.08,15.53,14.82,15.34,3378062,52836264.00
2025/04/14,15.45,15.86,15.45,15.54,2643100,42217784.00
2025/04/15,15.42,15.69,15.34,15.68,2960280,46879684.00
2025/04/16,15.71,15.73,14.99,15.27,2726700,42626876.00
2025/04/17,15.07,15.67,15.07,15.36,2607856,41149948.00
2025/04/18,15.41,15.53,15.16,15.35,1813351,28373702.00
2025/04/21,15.37,15.63,15.15,15.63,2034951,32195792.00
2025/04/22,15.65,15.80,15.45,15.61,2228683,35450824.00
2025/04/23,15.73,16.30,15.66,16.11,5113500,83715440.00
2025/04/24,16.11,16.35,15.75,16.05,3313129,54138108.00
2025/04/25,16.13,16.43,15.89,16.40,3960421,65467896.00
2025/04/28,16.41,16.70,16.12,16.48,5820419,97468768.00
2025/04/29,16.31,16.44,15.94,16.17,4568361,75693112.00
2025/04/30,16.24,16.41,16.18,16.24,3099131,51470344.00
2025/05/06,16.28,16.72,16.28,16.67,3720000,62805376.00
2025/05/07,16.90,16.99,16.53,16.64,3349700,56865564.00
2025/05/08,16.71,17.49,16.61,17.18,5184295,90534256.00
2025/05/09,17.67,17.95,17.07,17.09,5714695,101345336.00
2025/05/12,17.23,17.65,17.08,17.19,3552783,62432232.00
2025/05/13,17.29,17.47,17.00,17.05,2663473,46490768.00
2025/05/14,16.98,17.07,16.72,16.83,2864029,49143532.00
2025/05/15,16.79,16.88,16.53,16.62,2230100,37797324.00
2025/05/16,16.62,17.05,16.56,16.96,2365656,40808112.00
2025/05/19,16.97,17.05,16.70,16.85,2367113,40657908.00
2025/05/20,16.85,17.07,16.62,17.06,2130737,36762004.00
2025/05/21,17.06,17.06,16.59,16.85,2663430,45506748.00
2025/05/22,16.69,17.03,16.38,16.39,2470300,41842320.00
2025/05/23,16.24,16.76,16.23,16.33,2634883,44224292.00
2025/05/26,16.33,16.52,16.17,16.38,1832323,30324360.00
2025/05/27,16.38,16.43,16.04,16.23,1710600,28029280.00
2025/05/28,16.34,16.55,16.11,16.20,1689831,27842532.00
2025/05/29,16.15,16.70,16.15,16.58,2180351,36415952.00
2025/05/30,16.59,16.59,16.04,16.07,2412000,39472896.00
2025/06/03,15.96,17.63,15.96,17.23,10058530,174253952.00
2025/06/04,17.43,17.98,17.20,17.77,10235958,182675248.00
2025/06/05,17.77,17.82,17.50,17.58,4254616,75632848.00
2025/06/06,17.66,17.72,17.29,17.50,2454985,43167112.00
2025/06/09,17.45,17.68,17.36,17.47,2286400,40398796.00
2025/06/10,17.49,17.55,17.16,17.29,3338768,58396400.00
2025/06/11,17.37,17.55,17.21,17.48,2206382,38770608.00
2025/06/12,17.48,17.78,17.32,17.52,2828291,50169416.00
2025/06/13,17.55,17.62,16.69,16.73,4110581,70408896.00
2025/06/16,16.74,17.05,16.73,16.78,1890237,32179148.00
2025/06/17,16.78,16.90,16.62,16.77,1704070,28765640.00
2025/06/18,16.77,16.88,16.52,16.66,1463675,24635380.00
2025/06/19,16.58,16.83,16.13,16.24,2151700,35700216.00
2025/06/20,16.19,16.44,16.10,16.15,1599800,26252950.00
2025/06/23,16.06,16.40,15.97,16.34,1356425,22344060.00
2025/06/24,16.42,17.10,16.35,17.03,2528330,42962176.00
2025/06/25,17.28,17.28,16.86,17.07,2196052,37821344.00
2025/06/26,17.04,17.49,16.91,17.18,2929830,50705784.00
2025/06/27,17.25,17.29,17.02,17.25,2261726,39269024.00
2025/06/30,17.32,18.25,17.19,17.96,6761222,121566328.00
2025/07/01,18.06,18.31,17.54,17.81,6203855,111507304.00
2025/07/02,17.77,18.12,17.64,17.84,3306997,59727656.00
2025/07/03,17.84,18.23,17.77,18.14,3152555,57313836.00
2025/07/04,18.07,18.27,17.91,18.04,2940274,53584084.00
2025/07/07,17.75,18.67,17.72,18.61,4072621,75432584.00
2025/07/08,18.53,19.12,18.50,18.75,4510887,85579280.00
2025/07/09,18.79,19.00,18.29,18.38,3284013,61565448.00
2025/07/10,18.35,18.85,18.23,18.61,3568181,66510584.00
2025/07/11,18.53,18.70,18.31,18.36,2630377,48917172.00
2025/07/14,18.43,18.90,18.32,18.63,2770170,52203316.00
2025/07/15,18.58,18.88,18.51,18.68,2693410,50704976.00
2025/07/16,18.68,18.82,18.53,18.72,3016690,56892828.00
2025/07/17,18.68,18.77,18.51,18.58,2425600,45629304.00
2025/07/18,18.61,18.66,18.31,18.50,3132706,58402340.00
2025/07/21,18.63,18.89,18.38,18.54,4386254,82304336.00
2025/07/22,18.58,18.88,18.39,18.71,4306780,81060968.00
2025/07/23,18.76,18.78,18.35,18.43,3063420,57313784.00
2025/07/24,18.43,18.80,18.35,18.51,2607671,48951052.00
2025/07/25,18.51,18.88,18.16,18.67,3295050,61549888.00
2025/07/28,18.68,19.12,18.61,19.03,3865456,73867912.00
2025/07/29,19.07,19.29,18.77,19.03,3127551,59957932.00
2025/07/30,19.03,19.09,18.32,18.54,3277105,61427320.00
2025/07/31,18.60,18.71,18.23,18.34,2649262,49390576.00
2025/08/01,18.28,18.84,18.24,18.82,2993600,56292580.00
2025/08/04,18.76,19.74,18.62,19.52,4555965,88795616.00
2025/08/05,19.61,20.39,19.57,20.33,4890837,98932480.00
2025/08/06,20.31,20.74,20.06,20.56,4839185,99410912.00
2025/08/07,20.59,20.77,20.33,20.56,3191308,66019764.00
2025/08/08,20.28,20.33,19.32,19.70,4978858,98835392.00
2025/08/11,19.70,19.83,19.40,19.79,2920126,57996212.00
2025/08/12,19.89,19.98,19.49,19.74,2459674,48892376.00
2025/08/13,19.88,20.13,19.38,19.65,2893860,57519912.00
2025/08/14,19.76,19.76,19.02,19.10,3293800,63892652.00
2025/08/15,19.04,19.43,19.04,19.27,2820642,54892820.00
2025/08/18,19.39,21.21,19.39,21.21,4762326,98508776.00
2025/08/19,22.06,22.07,20.43,21.18,12937450,273613504.00
2025/08/20,21.12,21.33,20.72,20.96,6786545,143409088.00
2025/08/21,20.92,21.04,20.46,20.60,5079780,106011320.00
2025/08/22,20.53,20.66,20.09,20.18,5115880,104391432.00
2025/08/25,20.25,20.49,19.99,20.18,5101910,103859320.00
2025/08/26,20.19,20.70,19.86,20.36,6301800,129659992.00
2025/08/27,20.57,21.18,20.01,20.10,8801533,183607392.00
2025/08/28,19.96,20.30,19.13,19.90,6635904,131741752.00
2025/08/29,19.78,19.97,19.23,19.47,4576000,90084792.00
2025/09/01,19.58,19.67,19.30,19.43,3798220,74603976.00
2025/09/02,19.43,19.53,18.57,19.03,4417290,84338016.00
2025/09/03,18.97,19.25,18.33,18.38,3249090,61540856.00
2025/09/04,18.45,19.45,18.45,18.82,4640913,88848904.00
2025/09/05,18.84,19.28,18.69,19.28,3045183,58580556.00
2025/09/08,19.28,19.51,19.18,19.41,2550897,49933292.00
2025/09/09,19.29,19.39,18.83,18.89,2420860,46544188.00
2025/09/10,18.91,19.08,18.71,18.87,1629905,31051388.00
2025/09/11,18.92,19.71,18.57,19.45,3902897,75665568.00
2025/09/12,19.56,19.73,19.24,19.24,2682600,52569960.00
2025/09/15,19.34,20.12,19.24,19.59,3094850,61415688.00
2025/09/16,19.43,20.27,19.29,20.22,4611100,92616616.00
2025/09/17,20.05,20.90,20.05,20.34,5703194,117594144.00
2025/09/18,20.44,20.62,19.61,19.86,4387653,88641320.00
2025/09/19,20.11,20.12,19.44,19.59,2750200,54504668.00
2025/09/22,19.68,19.68,19.32,19.41,1694520,33236982.00
2025/09/23,19.34,19.51,18.49,19.14,3257900,62180288.00
2025/09/24,19.12,19.14,18.74,19.11,1788343,34286976.00
2025/09/25,19.16,19.18,18.51,18.52,3146630,59489040.00
2025/09/26,18.48,18.89,18.35,18.59,2068583,38908848.00
2025/09/29,18.59,19.01,18.43,18.82,2325883,44125620.00
2025/09/30,18.80,20.72,18.64,20.40,13187120,269858272.00
2025/10/09,20.57,21.32,19.99,20.79,10854833,227485408.00
2025/10/10,20.68,20.93,20.34,20.45,5107906,105973472.00
2025/10/13,19.66,20.33,19.15,20.25,4244930,85030584.00
2025/10/14,20.38,20.56,19.75,20.02,3021000,61293600.00
2025/10/15,20.02,20.26,19.66,20.14,3231100,64855912.00
2025/10/16,20.48,21.28,20.13,20.79,11652549,242606864.00
2025/10/17,20.38,21.63,19.76,21.12,10871658,228162112.00
2025/10/20,21.03,21.24,20.33,20.44,8522700,177632160.00
2025/10/21,20.60,20.60,19.98,20.20,5639286,114680608.00
2025/10/22,20.16,21.73,19.84,21.33,11998833,254386528.00
2025/10/23,20.93,21.18,20.53,21.03,5844950,122486840.00
2025/10/24,21.17,21.71,20.73,21.04,10247031,219874096.00
2025/10/27,21.03,21.16,20.49,20.92,6813480,142781120.00
2025/10/28,20.81,20.92,20.39,20.51,4573200,94754416.00
2025/10/29,20.53,20.54,19.91,20.34,4174900,85108040.00
2025/10/30,20.27,20.62,19.53,19.53,5263095,106263024.00
2025/10/31,19.53,20.10,19.48,19.93,4533580,91050248.00
2025/11/03,20.13,20.13,19.65,19.99,2463180,49318476.00
2025/11/04,19.94,19.98,19.55,19.74,2226945,44292872.00
2025/11/05,19.74,20.06,19.58,19.84,2436504,48696808.00
2025/11/06,19.84,20.34,19.82,20.22,4005914,81448136.00
2025/11/07,20.34,20.34,19.39,19.42,4340900,86138904.00
2025/11/10,19.42,19.57,19.24,19.36,2559000,50103528.00
2025/11/11,19.33,20.78,19.29,19.85,4829687,97267440.00
2025/11/12,19.66,19.66,19.24,19.32,3256800,63818316.00
2025/11/13,19.25,19.35,19.08,19.24,2071515,40074440.00
2025/11/14,19.19,19.46,19.11,19.23,1545955,30123652.00
2025/11/17,19.26,19.42,19.09,19.34,1544360,30023744.00
2025/11/18,19.37,19.58,19.21,19.32,1908560,37297732.00
2025/11/19,19.32,19.48,18.64,18.81,2883400,54927676.00
2025/11/20,18.89,19.19,18.77,18.91,1614900,30904450.00
2025/11/21,18.63,19.00,17.84,17.93,2566510,47301108.00
2025/11/24,18.12,18.48,17.96,18.37,2052701,37747736.00
2025/11/25,18.43,18.68,18.32,18.45,1244010,23241596.00
2025/11/26,18.57,18.62,18.24,18.30,1293382,24037874.00
2025/11/27,18.30,18.56,18.15,18.43,1007800,18779234.00
2025/11/28,18.38,18.70,18.34,18.63,1443521,27027904.00
2025/12/01,18.64,19.07,18.51,18.88,1773020,33791412.00
2025/12/02,18.88,19.18,18.75,18.85,1620000,31050704.00
2025/12/03,18.71,18.98,18.64,18.72,1400583,26498260.00
2025/12/04,18.73,18.80,18.38,18.52,1161644,21786794.00
2025/12/05,18.59,18.94,18.39,18.82,1258851,23788280.00
2025/12/08,18.78,19.00,18.78,18.85,1548900,29455634.00
2025/12/09,18.81,19.05,18.73,18.77,1264900,24150032.00
2025/12/10,18.74,18.85,18.54,18.62,1026933,19334392.00
2025/12/11,18.62,18.78,18.41,18.41,1277628,23965948.00
2025/12/12,18.30,18.64,18.20,18.23,1617400,30066428.00
2025/12/15,18.22,18.57,18.15,18.27,1260022,23352920.00
2025/12/16,18.27,18.30,17.31,17.42,3606617,64140896.00
2025/12/17,17.52,17.69,17.22,17.60,1890400,33290534.00
2025/12/18,17.44,17.83,17.43,17.65,1212600,21620352.00
2025/12/19,17.77,18.08,17.67,18.05,1668900,30292048.00
2025/12/22,18.08,18.60,18.04,18.07,2119435,39117048.00
2025/12/23,18.07,18.48,17.94,18.34,2089530,38558344.00
2025/12/24,18.20,18.58,18.04,18.34,1932850,35841296.00
2025/12/25,18.28,18.53,18.24,18.51,1270155,23628210.00
2025/12/26,18.59,18.60,18.23,18.28,2786000,51612512.00
2025/12/29,18.40,18.82,18.23,18.54,2280830,42743456.00
2025/12/30,18.42,18.59,18.29,18.38,1341200,24962930.00
2025/12/31,18.42,18.99,18.08,18.89,3421865,64239224.00
2026/01/05,19.04,19.04,18.51,18.65,2530183,47734392.00
2026/01/06,18.65,18.83,18.37,18.52,3350709,62749008.00
2026/01/07,18.52,18.52,18.24,18.30,2496378,46337160.00
2026/01/08,18.30,18.62,18.24,18.53,2137690,39904552.00
2026/01/09,18.53,18.81,18.50,18.69,2196210,41393536.00
2026/01/12,18.83,18.83,18.47,18.71,2730200,51336408.00
2026/01/13,18.73,18.95,18.53,18.71,2769482,52470416.00
2026/01/14,18.71,18.87,18.53,18.81,3017728,56983420.00
2026/01/15,18.68,20.71,18.66,20.71,16763863,344415904.00
2026/01/16,20.77,21.02,20.14,20.53,13442733,278110336.00
2026/01/19,20.29,21.26,20.19,20.95,9057885,191083888.00
2026/01/20,21.33,23.06,21.33,23.06,7957113,181912624.00
2026/01/21,22.23,23.12,21.78,22.90,13110499,299731584.00
2026/01/22,23.06,23.10,22.33,22.56,5997240,136512080.00
2026/01/23,22.76,22.94,22.08,22.86,5631314,128401680.00
2026/01/26,23.11,23.66,22.24,22.49,5403196,123561512.00
2026/01/27,22.48,22.77,21.63,22.17,4929316,109483744.00
2026/01/28,22.41,22.41,21.45,21.78,4029700,88442616.00
2026/01/29,21.73,22.11,21.37,21.72,3501296,76577552.00
2026/01/30,21.64,21.80,21.11,21.64,2863495,61962284.00
2026/02/02,21.85,22.02,21.28,21.32,3741493,81394840.00
2026/02/03,21.47,21.77,21.23,21.73,2490900,54206008.00
2026/02/04,21.83,21.85,21.40,21.63,1904138,41416200.00
2026/02/05,21.61,22.71,21.34,22.43,6328838,141144896.00
2026/02/06,22.23,22.93,21.96,22.39,3960010,90088192.00
2026/02/09,22.99,23.22,22.38,22.79,3973300,91362528.00
2026/02/10,22.76,25.09,22.65,25.09,5659981,139591888.00
2026/02/11,25.02,25.52,24.45,25.19,9881719,248408096.00
2026/02/12,25.20,26.31,24.71,24.82,7575210,191531440.00
2026/02/13,24.82,24.94,24.21,24.42,3774203,93398160.00
2026/02/24,24.41,24.73,23.73,24.53,3861800,94870720.00
2026/02/25,24.53,24.82,24.23,24.26,3051680,74927064.00
2026/02/26,24.25,24.43,23.85,24.19,2738260,66489716.00
2026/02/27,24.03,24.61,23.66,24.61,4006790,98133616.00
2026/03/02,24.12,24.99,23.87,24.83,5444779,134391520.00
2026/03/03,24.98,25.12,23.66,23.71,4744150,116233120.00
2026/03/04,23.43,24.79,23.33,24.14,3303421,80509216.00
2026/03/05,24.58,24.93,24.33,24.76,3569560,88701856.00
2026/03/06,24.83,25.45,24.56,24.96,3945047,99332720.00
2026/03/09,24.54,24.64,23.76,24.58,2910210,71321416.00
2026/03/10,24.99,25.41,24.68,25.17,2892774,73099760.00
2026/03/11,25.03,25.77,24.44,24.59,4845024,122083464.00
2026/03/12,24.54,24.75,23.15,23.52,4898410,116875272.00
2026/03/13,23.25,23.93,22.86,22.97,3528830,82901296.00
2026/03/16,22.90,22.91,20.91,21.33,7485472,161820512.00
2026/03/17,21.33,21.42,20.58,20.58,3629583,76505352.00
2026/03/18,20.68,21.26,20.56,21.25,2901300,61320828.00
2026/03/19,21.04,21.23,20.33,20.45,2384160,49801688.00
2026/03/20,20.56,21.30,19.63,19.82,3172713,65266824.00
2026/03/23,19.73,19.87,18.63,18.93,3824084,74427616.00
2026/03/24,19.67,19.68,18.98,19.57,3046703,59304656.00
2026/03/25,19.77,20.03,19.63,19.85,1996100,39906328.00
2026/03/26,20.04,20.04,19.22,19.37,2609500,51405120.00
2026/03/27,19.25,20.32,19.13,20.11,3377037,67567760.00
2026/03/30,20.03,20.79,19.78,20.18,3046500,61764124.00
2026/03/31,20.08,20.58,19.73,19.81,2059643,41856340.00
2026/04/01,20.11,20.21,19.82,20.13,1998283,40308428.00
2026/04/02,20.11,20.15,19.51,19.75,1541600,30807136.00
2026/04/03,19.70,19.89,19.23,19.32,1674437,32836466.00
2026/04/07,19.51,19.85,19.34,19.57,2107700,41777780.00
2026/04/08,19.93,20.41,19.93,20.41,2210738,45174176.00
2026/04/09,20.33,20.43,19.89,20.04,1907000,38553068.00
2026/04/10,20.03,20.50,20.03,20.16,1574760,32235156.00
2026/04/13,20.12,21.57,19.85,21.25,6596127,138337056.00
2026/04/14,21.18,21.93,21.08,21.77,5552502,120534808.00
2026/04/15,21.82,22.73,21.80,22.57,5958587,133451696.00
2026/04/16,22.47,23.13,22.25,22.64,5399939,123495408.00
2026/04/17,22.57,22.78,22.06,22.12,3742680,83870448.00
2026/04/20,22.08,23.61,21.88,23.36,6447069,147932416.00
2026/04/21,23.30,23.55,22.70,23.39,4440823,103383344.00
2026/04/22,23.33,24.11,23.11,23.73,4474915,106641824.00
2026/04/23,23.73,23.83,23.00,23.23,2804600,65932536.00
2026/04/24,23.14,23.47,22.85,23.22,2102800,48998496.00
2026/04/27,23.51,25.03,23.31,24.41,5334120,130633448.00
2026/04/28,24.06,25.23,23.83,24.73,9038898,224714544.00
2026/04/29,24.72,25.32,24.25,24.28,3688340,91297632.00
2026/04/30,24.28,24.62,23.98,24.07,3241856,78862688.00
2026/05/06,24.08,24.41,23.23,23.64,4857700,115494712.00
2026/05/07,23.64,24.09,23.34,23.62,3290400,78766280.00
2026/05/08,23.33,24.09,23.14,23.75,3868970,92214704.00
2026/05/11,24.10,24.22,23.43,23.73,4286400,102765008.00
2026/05/12,23.85,26.12,23.63,26.12,3562240,90960472.00
2026/05/13,26.58,26.58,24.83,25.23,11959169,304223200.00
2026/05/14,25.04,25.69,24.21,24.48,8016100,200111648.00
2026/05/15,24.51,26.57,24.44,26.01,9004890,232393600.00
2026/05/18,25.56,26.24,24.84,25.80,6848560,177017488.00
2026/05/19,26.30,26.31,24.60,24.91,5966500,151360752.00
2026/05/20,24.82,25.35,24.38,24.99,3402833,85188232.00
2026/05/21,24.86,24.94,23.73,23.93,4422694,108362560.00
2026/05/22,23.77,25.58,23.39,24.84,6132822,151898448.00
2026/05/25,24.96,26.03,24.60,25.71,5588419,142370528.00
2026/05/26,25.71,25.71,24.55,24.83,2720500,68301656.00
2026/05/27,24.84,25.13,24.07,24.43,2329600,57368272.00
2026/05/28,24.40,24.86,24.15,24.45,2233350,54646928.00
2026/05/29,24.32,25.10,23.03,23.10,3323511,79352176.00
2026/06/01,22.93,23.65,22.60,22.87,3969700,91628280.00
2026/06/02,22.89,22.89,21.70,22.14,2796330,61580212.00
2026/06/03,22.36,22.81,21.60,21.86,2148200,47358448.00
2026/06/04,21.98,21.98,21.06,21.14,2517700,53817060.00
2026/06/05,21.38,21.95,20.70,21.51,2182430,46742464.00
2026/06/08,21.30,21.32,19.70,20.20,3195730,65526592.00
2026/06/09,20.27,20.60,19.91,20.08,2232320,44940224.00
2026/06/10,19.96,20.16,19.11,19.78,2414750,47390284.00
2026/06/11,19.88,19.88,18.97,19.38,2098500,40419536.00
2026/06/12,19.57,20.08,19.40,19.67,2132000,42018412.00
2026/06/15,19.70,20.45,19.70,20.21,2209120,44258920.00
2026/06/16,20.19,22.09,19.95,21.47,4043150,86207104.00
2026/06/17,21.18,21.42,20.31,20.49,3065800,63699504.00
2026/06/18,20.48,20.48,19.92,20.00,2274300,45734676.00
2026/06/22,19.88,20.30,19.45,20.17,2822463,55962352.00
2026/06/23,20.46,21.00,19.97,20.31,2348860,48058112.00
2026/06/24,20.31,20.47,19.59,20.00,1894270,37802720.00
2026/06/25,20.00,20.00,18.89,18.90,2890900,55524720.00
2026/06/26,18.95,19.00,17.40,17.56,4211650,75517472.00
2026/06/29,17.50,17.71,16.60,17.35,3297800,56540328.00
2026/06/30,17.20,17.81,17.20,17.45,1589200,27737110.00
2026/07/01,17.48,18.45,17.12,18.09,3020700,53649628.00
2026/07/02,18.18,18.55,17.74,18.02,2306700,41977496.00
2026/07/03,18.16,19.29,17.95,19.06,2862900,54140544.00
2026/07/06,19.00,19.79,18.33,18.99,3865000,73717992.00
2026/07/07,19.03,19.25,17.50,17.61,3042300,55343096.00
2026/07/08,17.69,17.69,16.70,16.87,2875650,48838020.00
2026/07/09,16.98,17.05,16.12,16.65,1998000,33119794.00
2026/07/10,16.50,17.15,16.43,16.66,2214200,37299592.00
2026/07/13,16.68,16.68,15.88,16.00,2294500,37091260.00
2026/07/14,16.00,16.49,15.63,16.45,2172700,35052140.00
2026/07/15,16.44,16.62,16.25,16.47,1480700,24320308.00
2026/07/16,16.56,17.33,16.15,17.11,4869871,82369808.00
2026/07/17,17.12,17.86,15.67,15.76,4517460,75050296.00
2026/07/20,15.90,17.15,15.55,16.08,4406454,72483336.00
2026/07/21,15.92,16.10,14.47,15.35,6233553,93675232.00
2026/07/22,15.10,15.71,14.93,15.05,2640300,40206448.00
2026/07/23,14.88,15.69,14.88,15.65,2513700,38693684.00
2026/07/24,15.60,15.68,15.11,15.20,1491500,22924624.00
2026/07/27,15.50,15.59,15.24,15.48,1583000,24425420.00
2026/07/28,15.52,15.84,15.29,15.59,1804200,28061720.00
2026/07/29,15.64,16.08,15.53,15.94,2138000,33975580.00
2026/07/30,16.05,16.19,15.15,15.21,2332200,36365588.00
2026/07/31,15.40,16.15,15.40,15.59,2210500,34638552.00
2026/08/03,15.60,16.22,15.41,16.18,2144300,34235360.00
2026/08/04,16.26,16.71,16.21,16.42,2501000,41250260.00
2026/08/05,16.57,16.64,16.33,16.54,1705300,28106628.00
2026/08/06,16.42,16.82,16.42,16.77,1593800,26514336.00
2026/08/07,16.63,16.83,16.28,16.58,1451900,23965316.00
2026/08/10,16.57,16.83,16.43,16.74,1760300,29393802.00
2026/08/11,16.74,16.92,16.42,16.77,1487300,24800068.00
2026/08/12,16.84,16.94,16.56,16.90,1479800,24882758.00
2026/08/13,16.89,17.08,16.55,16.62,1569400,26409408.00
2026/08/14,16.69,16.76,16.39,16.61,1466261,24348834.00
2026/08/17,16.88,17.12,16.47,17.05,1800300,30452660.00
2026/08/18,16.99,17.13,16.73,16.93,1421783,24036134.00
2026/08/19,17.01,17.01,16.12,16.31,1796300,29388868.00
2026/08/20,16.40,16.67,16.20,16.52,1357400,22341398.00
2026/08/21,16.63,16.67,16.09,16.54,1182900,19457862.00
2026/08/24,16.73,18.19,16.54,17.09,6090767,104814168.00
2026/08/25,16.68,18.61,16.66,17.90,7839778,136819440.00
2026/08/26,17.52,18.31,17.14,17.22,6710705,117176208.00
2026/08/27,17.00,17.85,16.93,17.63,5995846,104220600.00
2026/08/28,17.48,17.82,17.05,17.15,4755485,82132952.00
2026/08/31,16.98,17.75,16.89,17.54,4323300,75230672.00
2026/09/01,17.61,18.06,17.34,17.70,4419484,78060360.00
2026/09/02,17.52,18.34,17.45,18.22,4691265,84834384.00
2026/09/03,18.58,18.74,18.03,18.34,4517182,83073184.00
2026/09/04,18.35,18.50,17.66,17.76,3301300,59261760.00
2026/09/07,17.75,18.37,17.75,18.02,2467160,44473336.00
2026/09/08,18.12,18.59,17.83,18.57,3099500,56765236.00
2026/09/09,18.57,19.65,18.47,18.96,4458500,85425616.00
2026/09/10,18.90,19.14,18.36,18.38,2684500,49875712.00
2026/09/11,18.26,18.37,17.50,17.56,2438279,43396120.00
2026/09/14,17.50,17.80,17.34,17.55,1742079,30595914.00
#数据来源:通达信
