600478 科力远 日线 前复权
      日期	    开盘	    最高	    最低	    收盘	    成交量	    成交额
2021/08/02,6.79,7.22,6.74,6.95,76013450,531647040.00
2021/08/03,6.96,6.96,6.50,6.60,54887933,367980608.00
2021/08/04,6.60,6.87,6.55,6.84,40529403,274418144.00
2021/08/05,6.71,6.71,6.49,6.53,44725288,294324000.00
2021/08/06,6.58,7.03,6.56,6.91,70236906,483457408.00
2021/08/09,6.91,7.32,6.84,6.97,61975783,435858912.00
2021/08/10,7.04,7.22,6.85,6.99,61396943,433092608.00
2021/08/11,6.91,7.54,6.74,7.51,97901730,703613440.00
2021/08/12,7.54,7.57,7.17,7.34,70582225,516072736.00
2021/08/13,7.29,7.43,7.20,7.24,49717158,364316736.00
2021/08/16,7.14,7.34,6.99,7.07,39211558,278849888.00
2021/08/17,7.14,7.22,6.48,6.53,73566570,499579776.00
2021/08/18,6.53,6.59,6.22,6.39,49390528,316442656.00
2021/08/19,6.40,6.57,6.12,6.47,45571839,290074816.00
2021/08/20,6.41,6.57,6.30,6.56,32031320,207847312.00
2021/08/23,6.58,6.84,6.57,6.77,35400235,238743024.00
2021/08/24,6.77,7.45,6.70,7.45,119503401,877053120.00
2021/08/25,7.55,8.20,7.53,8.20,182905792,1481623168.00
2021/08/26,8.28,8.46,7.96,8.01,222421116,1831377920.00
2021/08/27,8.16,8.25,7.64,7.97,120853373,954621760.00
2021/08/30,8.01,8.24,7.85,7.90,77024125,616676416.00
2021/08/31,7.96,8.01,7.66,7.76,54641904,424847328.00
2021/09/01,7.79,7.99,7.32,7.52,86390537,656884096.00
2021/09/02,7.52,7.64,7.35,7.57,53431078,402535136.00
2021/09/03,7.64,8.04,7.39,7.41,80018106,613802624.00
2021/09/06,7.41,7.84,7.40,7.59,49903625,379728256.00
2021/09/07,7.49,8.02,7.49,7.81,63105995,492543264.00
2021/09/08,7.82,7.88,7.61,7.65,44343519,343099040.00
2021/09/09,7.64,7.66,7.43,7.51,35564975,267788400.00
2021/09/10,7.54,7.55,7.27,7.40,39616849,293495232.00
2021/09/13,7.40,7.64,7.23,7.50,42564154,315679136.00
2021/09/14,7.44,8.04,7.41,7.87,69528583,542849280.00
2021/09/15,7.79,7.98,7.75,7.90,42525647,335065120.00
2021/09/16,7.89,7.96,7.11,7.14,73650715,550669248.00
2021/09/17,7.11,7.55,7.07,7.45,40621896,300045664.00
2021/09/22,7.29,7.91,7.29,7.76,45124507,344870208.00
2021/09/23,7.77,8.15,7.74,7.77,39800575,314173088.00
2021/09/24,7.67,7.91,7.55,7.56,28132310,217590624.00
2021/09/27,7.56,7.67,6.80,6.98,54791332,387759584.00
2021/09/28,6.99,7.07,6.81,6.85,25668093,177543376.00
2021/09/29,6.79,6.91,6.41,6.46,34923163,230419152.00
2021/09/30,6.48,6.78,6.43,6.72,21768843,144353648.00
2021/10/08,6.80,6.93,6.57,6.67,22738749,153430592.00
2021/10/11,6.67,6.80,6.52,6.59,15553079,102951760.00
2021/10/12,6.54,6.65,6.18,6.33,30584041,194180096.00
2021/10/13,6.34,6.38,6.16,6.34,18389310,115435408.00
2021/10/14,6.33,6.60,6.27,6.55,18789820,121883360.00
2021/10/15,6.50,6.56,6.35,6.46,16902600,108972472.00
2021/10/18,6.46,6.67,6.43,6.64,20936500,138282800.00
2021/10/19,6.62,7.08,6.59,7.00,32827436,227466496.00
2021/10/20,6.96,7.16,6.91,7.05,26608528,187928944.00
2021/10/21,6.99,7.11,6.93,6.97,18840502,132204648.00
2021/10/22,6.91,7.00,6.70,6.74,20509580,140509568.00
2021/10/25,6.79,6.89,6.64,6.81,15398700,104939056.00
2021/10/26,6.81,6.97,6.65,6.68,20471550,138989392.00
2021/10/27,6.69,6.72,6.43,6.49,19185960,125321616.00
2021/10/28,6.52,6.52,6.22,6.24,20949291,132254704.00
2021/10/29,6.26,6.44,6.20,6.31,18872691,119056960.00
2021/11/01,6.34,6.44,6.22,6.39,15701076,100065264.00
2021/11/02,6.39,6.52,5.99,6.15,29742794,184909104.00
2021/11/03,6.14,6.33,6.04,6.16,17250053,105758328.00
2021/11/04,6.20,6.25,6.09,6.12,18496703,114131128.00
2021/11/05,6.11,6.18,5.83,5.88,36395849,217527424.00
2021/11/08,5.94,6.09,5.74,6.01,33315500,197218992.00
2021/11/09,6.03,6.58,5.97,6.50,54058316,343705792.00
2021/11/10,6.47,6.57,6.29,6.46,28249840,180915440.00
2021/11/11,6.48,6.48,6.25,6.29,23903564,151660544.00
2021/11/12,6.29,6.45,6.27,6.40,20946946,133733528.00
2021/11/15,6.38,6.85,6.36,6.68,37165333,247282512.00
2021/11/16,6.64,6.92,6.51,6.54,34694508,232504944.00
2021/11/17,6.54,7.08,6.51,7.04,55211072,382487744.00
2021/11/18,6.97,7.33,6.91,6.98,50950011,361395200.00
2021/11/19,6.96,7.08,6.75,7.07,38897920,269946016.00
2021/11/22,7.09,7.33,7.09,7.14,35002762,252372240.00
2021/11/23,7.06,7.23,7.02,7.16,32284715,230657424.00
2021/11/24,7.17,7.20,7.01,7.08,25295208,179858864.00
2021/11/25,7.02,7.19,6.94,7.07,25750842,181795760.00
2021/11/26,7.11,7.29,7.04,7.27,44131550,318417952.00
2021/11/29,7.09,7.45,7.04,7.43,50929623,373665856.00
2021/11/30,7.47,7.52,7.17,7.25,44245409,322547136.00
2021/12/01,7.20,7.28,7.05,7.18,32921398,236411408.00
2021/12/02,7.16,7.29,7.07,7.08,32281378,231713024.00
2021/12/03,7.06,7.22,7.02,7.17,23583755,168811344.00
2021/12/06,7.16,7.22,7.05,7.07,23788095,169494640.00
2021/12/07,7.06,7.10,6.59,6.79,42146940,286143808.00
2021/12/08,6.83,7.13,6.80,7.08,31721149,222139536.00
2021/12/09,7.08,7.14,6.82,6.86,27036953,187636608.00
2021/12/10,6.79,6.86,6.65,6.68,27313966,183259728.00
2021/12/13,6.67,6.69,6.52,6.67,21741355,143551248.00
2021/12/14,6.69,6.71,6.50,6.52,22171816,145664480.00
2021/12/15,6.53,6.63,6.51,6.54,15870689,104236624.00
2021/12/16,6.55,6.68,6.44,6.67,21402105,140384784.00
2021/12/17,6.68,7.25,6.68,6.98,60939950,427824832.00
2021/12/20,7.00,7.32,6.95,7.19,54562751,389791456.00
2021/12/21,7.14,7.22,6.96,7.18,29828419,212329872.00
2021/12/22,7.19,7.74,7.08,7.65,71409493,533061984.00
2021/12/23,7.62,7.64,7.40,7.53,40277800,302606048.00
2021/12/24,7.56,7.85,7.51,7.57,46976694,360499296.00
2021/12/27,7.44,7.69,7.40,7.59,36878041,279704192.00
2021/12/28,7.60,7.85,7.45,7.52,36555544,279295680.00
2021/12/29,7.49,7.53,7.24,7.28,40044031,295608544.00
2021/12/30,7.27,7.36,7.19,7.23,23030384,167753632.00
2021/12/31,7.29,7.30,7.06,7.12,30499342,218573520.00
2022/01/04,7.15,7.17,6.89,7.00,24318672,170204800.00
2022/01/05,6.97,7.07,6.76,6.78,30628098,211494736.00
2022/01/06,6.75,7.46,6.73,7.46,54917814,398333952.00
2022/01/07,7.74,7.77,7.13,7.16,74842232,558864512.00
2022/01/10,7.07,7.24,7.01,7.11,26530996,189297888.00
2022/01/11,7.12,7.24,7.07,7.09,28992707,207197824.00
2022/01/12,7.09,7.14,6.95,7.04,25680302,181048160.00
2022/01/13,6.99,7.02,6.86,6.88,18821802,130293432.00
2022/01/14,6.84,7.11,6.82,6.95,18093827,126135400.00
2022/01/17,6.92,7.18,6.89,7.10,23292158,164050832.00
2022/01/18,7.05,7.27,7.03,7.04,20348257,145451712.00
2022/01/19,7.00,7.08,6.79,6.90,19072474,131889128.00
2022/01/20,6.94,6.98,6.56,6.60,23927746,160769872.00
2022/01/21,6.62,6.81,6.49,6.79,16493331,110499960.00
2022/01/24,6.84,6.94,6.57,6.59,16302480,108996192.00
2022/01/25,6.57,6.65,6.22,6.23,17578241,112091040.00
2022/01/26,6.23,6.34,6.19,6.25,11110774,69740592.00
2022/01/27,6.26,6.31,6.03,6.05,12952524,79490744.00
2022/01/28,6.09,6.20,5.89,6.12,14152491,86112656.00
2022/02/07,6.25,6.37,6.15,6.18,11801300,73864816.00
2022/02/08,6.18,6.24,6.09,6.24,8565750,52926156.00
2022/02/09,6.16,6.30,6.16,6.29,10897019,68201120.00
2022/02/10,6.28,6.32,6.10,6.16,12121231,75325704.00
2022/02/11,6.12,6.30,6.09,6.16,16625990,103281120.00
2022/02/14,6.12,6.24,6.03,6.05,13417135,81919096.00
2022/02/15,5.99,6.06,5.94,6.02,10182607,61060144.00
2022/02/16,6.07,6.17,6.03,6.08,13128881,80004640.00
2022/02/17,6.08,6.14,5.99,6.05,15299798,92922736.00
2022/02/18,6.03,6.10,6.00,6.07,10270898,62192168.00
2022/02/21,6.07,6.24,6.05,6.24,17054963,105031072.00
2022/02/22,6.23,6.25,6.06,6.09,14759400,90494264.00
2022/02/23,6.09,6.22,6.09,6.15,13382300,82489472.00
2022/02/24,6.04,6.17,5.86,5.96,26694900,160961968.00
2022/02/25,5.99,6.07,5.98,6.00,13165363,79466024.00
2022/02/28,6.04,6.17,5.93,6.12,14621806,88891000.00
2022/03/01,6.12,6.18,6.06,6.12,10166597,62202880.00
2022/03/02,6.08,6.09,6.03,6.07,7988197,48515564.00
2022/03/03,6.10,6.12,6.02,6.02,9699325,58760200.00
2022/03/04,6.02,6.03,5.91,5.94,10715488,64004192.00
2022/03/07,5.93,5.93,5.64,5.69,17705550,102026712.00
2022/03/08,5.90,6.19,5.68,5.82,24505796,144429568.00
2022/03/09,5.75,5.75,5.24,5.35,42412291,229289152.00
2022/03/10,5.44,5.79,5.44,5.56,33409518,187836608.00
2022/03/11,5.50,5.60,5.38,5.56,16848724,92702608.00
2022/03/14,5.54,5.59,5.31,5.31,16242083,87814656.00
2022/03/15,5.25,5.28,4.97,4.97,20296504,104219080.00
2022/03/16,5.07,5.14,4.79,5.12,23023494,114491464.00
2022/03/17,5.17,5.35,5.16,5.25,20615832,108605312.00
2022/03/18,5.23,5.34,5.20,5.30,12313102,65126376.00
2022/03/21,5.44,5.45,5.29,5.37,12811378,68866040.00
2022/03/22,5.52,5.68,5.41,5.59,26725400,148929872.00
2022/03/23,5.67,6.01,5.63,5.76,36295718,211432064.00
2022/03/24,5.74,5.83,5.63,5.66,20463182,116823720.00
2022/03/25,5.61,5.71,5.47,5.48,16835928,93448800.00
2022/03/28,5.36,5.53,5.30,5.45,13236000,71608824.00
2022/03/29,5.43,5.54,5.33,5.39,12977001,70588576.00
2022/03/30,5.38,5.48,5.31,5.47,13721728,74297440.00
2022/03/31,5.49,5.49,5.30,5.31,12784300,68700792.00
2022/04/01,5.32,5.58,5.23,5.52,24757335,135055232.00
2022/04/06,5.51,5.74,5.42,5.74,21520153,121988840.00
2022/04/07,5.71,5.83,5.66,5.73,20327650,117512992.00
2022/04/08,5.72,6.26,5.68,6.18,50987104,308689888.00
2022/04/11,6.26,6.34,6.04,6.34,45358928,283200928.00
2022/04/12,6.40,6.98,6.17,6.21,64963255,421229312.00
2022/04/13,6.18,6.26,5.80,5.84,37217151,223568672.00
2022/04/14,5.86,6.16,5.70,5.94,30959677,182550256.00
2022/04/15,6.02,6.04,5.73,5.74,21286650,124664808.00
2022/04/18,5.73,5.82,5.57,5.82,13469215,76979208.00
2022/04/19,5.76,5.86,5.68,5.74,14522162,83878712.00
2022/04/20,5.72,5.74,5.36,5.43,20885800,115619416.00
2022/04/21,5.44,5.47,5.19,5.23,17191652,92011416.00
2022/04/22,5.34,5.42,5.21,5.36,14070540,74627280.00
2022/04/25,5.23,5.27,4.82,4.86,22733294,114746344.00
2022/04/26,4.87,4.95,4.39,4.55,23860270,112278352.00
2022/04/27,4.48,4.78,4.33,4.76,18404609,83636528.00
2022/04/28,4.71,4.73,4.55,4.62,12705708,58917904.00
2022/04/29,4.73,5.08,4.72,5.08,21423526,105755400.00
2022/05/05,5.08,5.49,5.08,5.37,27773013,147214896.00
2022/05/06,5.23,5.31,5.14,5.21,17458546,91223640.00
2022/05/09,5.18,5.39,5.18,5.28,10911047,57614252.00
2022/05/10,5.21,5.34,5.12,5.29,12423010,65484572.00
2022/05/11,5.33,5.44,5.26,5.26,14806778,79530928.00
2022/05/12,5.25,5.46,5.22,5.37,13132876,70620688.00
2022/05/13,5.37,5.42,5.31,5.37,7562444,40624036.00
2022/05/16,5.40,5.64,5.40,5.45,16183720,89612952.00
2022/05/17,5.46,5.78,5.39,5.63,22982764,128554192.00
2022/05/18,5.61,5.74,5.59,5.64,16400105,93211648.00
2022/05/19,5.53,5.71,5.49,5.70,16364130,92475456.00
2022/05/20,5.70,5.81,5.63,5.78,20552817,118026360.00
2022/05/23,5.81,5.99,5.74,5.97,21078385,124773696.00
2022/05/24,5.96,6.02,5.66,5.67,24576121,143748880.00
2022/05/25,5.67,5.76,5.58,5.71,15513050,88130048.00
2022/05/26,5.69,5.84,5.64,5.79,12964429,74598048.00
2022/05/27,5.78,5.87,5.72,5.78,10834684,62946028.00
2022/05/30,5.83,5.88,5.72,5.76,11635920,67538424.00
2022/05/31,5.80,5.88,5.69,5.79,15461922,89222984.00
2022/06/01,5.78,6.14,5.76,6.04,31626430,190183200.00
2022/06/02,6.02,6.11,5.94,6.08,14982190,90887592.00
2022/06/06,6.27,6.32,6.10,6.24,23097629,144133056.00
2022/06/07,6.24,6.27,6.04,6.14,20411803,125205464.00
2022/06/08,6.14,6.17,5.95,6.11,19233012,116504016.00
2022/06/09,6.07,6.20,6.05,6.10,18064853,110624400.00
2022/06/10,6.04,6.54,6.00,6.34,29487782,185778512.00
2022/06/13,6.30,6.59,6.28,6.49,29658685,191760592.00
2022/06/14,6.42,6.61,6.33,6.60,29774388,194035504.00
2022/06/15,6.62,6.75,6.54,6.54,32399980,216150992.00
2022/06/16,6.54,6.85,6.50,6.76,32395226,218041952.00
2022/06/17,6.70,7.41,6.69,7.35,65848112,473067936.00
2022/06/20,7.43,7.88,7.37,7.71,75983254,585575936.00
2022/06/21,7.89,7.91,7.49,7.65,55025087,421714912.00
2022/06/22,7.70,8.42,7.70,8.35,97638054,801165952.00
2022/06/23,8.39,9.19,7.99,9.19,116750423,1012684096.00
2022/06/24,9.45,9.57,8.99,9.29,89927313,834662080.00
2022/06/27,9.44,9.49,8.36,8.69,143774685,1261472128.00
2022/06/28,8.45,9.48,8.40,9.16,129390396,1172935168.00
2022/06/29,9.05,9.09,8.42,8.59,82675525,720292544.00
2022/06/30,8.71,8.78,8.17,8.26,83319767,698748160.00
2022/07/01,8.26,8.64,8.16,8.35,56190730,471814208.00
2022/07/04,8.39,8.84,8.07,8.79,85181492,717862592.00
2022/07/05,8.59,8.84,8.30,8.54,71644246,611800704.00
2022/07/06,8.63,8.94,8.55,8.68,57769490,504115936.00
2022/07/07,8.68,9.14,8.61,8.90,60133129,537372032.00
2022/07/08,9.04,9.79,9.04,9.79,119739492,1158575360.00
2022/07/11,10.07,10.45,9.56,10.21,161707133,1625245440.00
2022/07/12,10.29,10.29,9.45,9.63,99232769,975085632.00
2022/07/13,9.79,9.82,9.25,9.55,57630642,548242688.00
2022/07/14,9.37,10.14,9.35,9.67,68977390,678970880.00
2022/07/15,9.56,10.26,9.56,9.94,65640139,649983104.00
2022/07/18,9.94,10.05,9.38,9.44,67149825,646098624.00
2022/07/19,9.49,10.13,9.30,9.70,75384265,738311872.00
2022/07/20,9.79,10.07,9.44,9.60,60189761,582364160.00
2022/07/21,9.59,9.64,9.07,9.07,61606860,572411328.00
2022/07/22,9.16,9.25,8.74,9.05,52870310,474556864.00
2022/07/25,9.09,9.10,8.57,8.60,43687939,382357728.00
2022/07/26,8.60,8.99,8.42,8.84,39002373,342864480.00
2022/07/27,8.84,9.08,8.84,9.03,32637639,293587968.00
2022/07/28,9.12,9.20,8.73,8.83,38168584,341034816.00
2022/07/29,8.83,8.93,8.67,8.72,25954864,228175728.00
2022/08/01,8.59,8.92,8.54,8.86,25759388,226958848.00
2022/08/02,8.74,8.83,8.28,8.36,47597097,403827072.00
2022/08/03,8.38,8.74,8.16,8.18,43923900,372050272.00
2022/08/04,8.22,8.41,8.07,8.22,30256277,249508768.00
2022/08/05,8.28,8.37,8.03,8.18,30672955,250116288.00
2022/08/08,8.21,8.89,8.14,8.71,52383714,448200832.00
2022/08/09,8.69,9.26,8.64,8.90,63401177,571823360.00
2022/08/10,8.88,9.08,8.79,8.92,34063844,304272800.00
2022/08/11,8.94,9.41,8.94,9.33,58912755,542973760.00
2022/08/12,9.29,9.41,9.16,9.22,29873186,276618592.00
2022/08/15,9.24,9.47,9.19,9.24,36051373,336814944.00
2022/08/16,9.25,9.32,9.14,9.17,28919355,266704064.00
2022/08/17,9.18,9.28,8.97,9.03,33199175,300949248.00
2022/08/18,9.04,9.41,8.99,9.24,45173700,417140480.00
2022/08/19,9.29,9.48,9.07,9.24,46069545,429988992.00
2022/08/22,9.24,9.64,9.00,9.53,53943183,506662944.00
2022/08/23,9.41,9.89,9.41,9.73,57525738,558079360.00
2022/08/24,9.79,9.84,9.16,9.28,54392759,515012608.00
2022/08/25,9.32,9.37,8.79,9.14,38125841,345390720.00
2022/08/26,9.17,9.58,9.10,9.21,32318721,302133504.00
2022/08/29,9.05,9.17,8.90,8.99,28774984,260222528.00
2022/08/30,9.04,9.21,8.70,8.86,27275867,244132864.00
2022/08/31,8.74,8.83,7.97,7.99,62644347,517440544.00
2022/09/01,8.01,8.49,8.01,8.39,38778001,322923328.00
2022/09/02,8.41,8.58,8.21,8.43,25696730,216251376.00
2022/09/05,8.41,8.79,8.35,8.61,28013565,241344576.00
2022/09/06,8.61,8.93,8.61,8.85,30409949,267959728.00
2022/09/07,8.85,8.92,8.74,8.84,23457434,207225712.00
2022/09/08,8.94,9.27,8.71,8.74,41692088,375951584.00
2022/09/09,8.74,8.87,8.44,8.68,24171008,208398352.00
2022/09/13,8.65,8.84,8.50,8.61,23724591,205084688.00
2022/09/14,8.44,8.64,8.23,8.41,31181829,260319984.00
2022/09/15,8.46,8.48,8.01,8.16,29234625,238788944.00
2022/09/16,8.08,8.24,7.93,8.12,22916799,185738016.00
2022/09/19,8.09,8.17,7.68,7.77,28713747,226368448.00
2022/09/20,7.84,8.09,7.82,7.99,21829213,174750096.00
2022/09/21,7.99,8.06,7.82,8.01,15470318,123246176.00
2022/09/22,7.98,8.18,7.84,8.04,18640453,150481520.00
2022/09/23,8.04,8.10,7.70,7.74,21032342,165187424.00
2022/09/26,7.70,7.96,7.54,7.75,22252552,173357504.00
2022/09/27,7.81,7.95,7.67,7.92,17804578,139192080.00
2022/09/28,7.85,7.87,7.36,7.46,24911176,187706688.00
2022/09/29,7.55,7.61,7.33,7.38,15378567,114158472.00
2022/09/30,7.37,7.42,7.03,7.04,21665023,155239456.00
2022/10/10,7.19,7.75,7.19,7.62,55981289,425971072.00
2022/10/11,7.62,8.04,7.55,7.76,49141593,385183616.00
2022/10/12,7.74,8.24,7.58,8.06,45704341,363019040.00
2022/10/13,8.01,8.24,7.98,8.11,29595653,241002720.00
2022/10/14,8.19,8.52,8.09,8.44,39751220,333037216.00
2022/10/17,8.42,8.58,8.15,8.32,30222990,250018544.00
2022/10/18,8.33,8.60,8.29,8.50,30209580,256104896.00
2022/10/19,8.47,8.59,8.29,8.36,27537372,231941680.00
2022/10/20,8.26,8.34,8.01,8.17,28141689,229784208.00
2022/10/21,8.21,8.55,8.17,8.53,35177517,296268384.00
2022/10/24,8.74,8.88,8.53,8.62,54874076,478620896.00
2022/10/25,8.46,8.85,8.31,8.75,45324217,392681728.00
2022/10/26,8.74,8.92,8.69,8.81,34622271,305192640.00
2022/10/27,8.85,8.86,8.57,8.58,23619138,205171024.00
2022/10/28,8.51,8.74,8.17,8.22,27089244,227918976.00
2022/10/31,8.22,8.53,8.19,8.38,28247411,236602816.00
2022/11/01,8.38,8.64,8.20,8.63,28865606,243365568.00
2022/11/02,8.63,9.19,8.55,9.01,51025889,457995392.00
2022/11/03,8.99,9.33,8.83,9.24,40854390,375398368.00
2022/11/04,9.39,10.02,9.25,9.79,70885850,682319936.00
2022/11/07,9.80,10.23,9.79,10.05,60388331,608341824.00
2022/11/08,10.07,10.19,9.89,10.18,43089967,434129024.00
2022/11/09,10.23,10.30,9.95,10.02,47686864,483088768.00
2022/11/10,10.04,10.72,9.97,10.67,70904542,741796864.00
2022/11/11,10.64,10.92,10.24,10.35,70037829,734731840.00
2022/11/14,10.54,10.77,9.84,9.96,66949863,687369920.00
2022/11/15,10.14,10.48,9.91,10.25,47463215,486726176.00
2022/11/16,10.26,10.42,10.13,10.27,27380356,281008416.00
2022/11/17,10.27,10.27,9.86,10.08,39061963,390783648.00
2022/11/18,10.08,10.65,9.75,10.32,47212949,485568256.00
2022/11/21,10.52,10.67,10.34,10.44,37294058,391267264.00
2022/11/22,10.42,10.74,10.29,10.37,41622718,439329984.00
2022/11/23,10.41,10.63,10.20,10.58,42946872,450511712.00
2022/11/24,10.74,11.64,10.74,11.64,98225970,1120969600.00
2022/11/25,11.64,11.64,10.48,10.50,122822980,1348649088.00
2022/11/28,9.89,10.36,9.87,10.29,56180391,572295936.00
2022/11/29,10.30,10.33,9.97,10.15,38712603,393584960.00
2022/11/30,10.17,10.58,9.99,10.30,41561235,427134272.00
2022/12/01,10.33,11.27,10.29,10.99,71744673,776375040.00
2022/12/02,10.99,11.62,10.64,11.34,121161374,1353926528.00
2022/12/05,11.29,11.46,10.90,11.05,65940926,734108992.00
2022/12/06,10.90,11.04,10.60,10.81,45724026,495216000.00
2022/12/07,10.70,11.08,10.65,10.72,36127734,391097888.00
2022/12/08,10.67,10.90,10.41,10.60,28935914,308492864.00
2022/12/09,10.60,10.76,10.34,10.76,44866202,474766144.00
2022/12/12,10.74,10.81,10.44,10.48,27754991,292481440.00
2022/12/13,10.42,10.54,9.99,10.01,42176277,430550528.00
2022/12/14,10.03,10.23,9.93,10.00,27906771,280996960.00
2022/12/15,9.92,10.10,9.81,10.05,24118263,240583808.00
2022/12/16,10.05,10.05,9.49,9.58,36282132,352696160.00
2022/12/19,9.47,9.86,9.47,9.57,26321995,254208016.00
2022/12/20,9.49,9.88,9.49,9.78,28586407,279456480.00
2022/12/21,9.79,10.24,9.69,10.09,34288718,344201856.00
2022/12/22,10.26,10.26,9.44,9.53,39325399,384783264.00
2022/12/23,9.50,9.60,9.19,9.37,28167404,263517840.00
2022/12/26,9.33,9.78,9.23,9.76,24270095,233191936.00
2022/12/27,9.75,9.87,9.48,9.66,21212384,204674784.00
2022/12/28,9.62,9.65,9.31,9.49,16407062,155950912.00
2022/12/29,9.47,9.57,9.29,9.30,15277743,143664976.00
2022/12/30,9.37,9.52,9.28,9.37,15651112,147603152.00
2023/01/03,9.36,9.79,9.34,9.69,35729659,343487136.00
2023/01/04,9.69,9.69,9.37,9.47,24558782,234049840.00
2023/01/05,9.49,9.70,9.43,9.61,23826045,228757456.00
2023/01/06,9.60,10.19,9.55,9.94,48657732,484681088.00
2023/01/09,9.99,10.18,9.94,9.98,28495713,286597056.00
2023/01/10,10.00,10.09,9.86,9.92,23516259,233951264.00
2023/01/11,9.88,9.97,9.67,9.70,21974633,214755296.00
2023/01/12,9.70,9.83,9.58,9.62,13923670,134758800.00
2023/01/13,9.61,9.71,9.42,9.48,18516943,175925552.00
2023/01/16,9.40,9.58,9.33,9.46,20940403,198236320.00
2023/01/17,9.45,9.56,9.40,9.45,13653450,129552568.00
2023/01/18,9.62,9.72,9.44,9.63,21665596,207748592.00
2023/01/19,9.60,9.63,9.46,9.49,18021232,171501152.00
2023/01/20,9.49,9.95,9.49,9.87,30817482,302135232.00
2023/01/30,10.28,10.29,9.91,9.94,39029165,394078016.00
2023/01/31,10.06,10.33,9.79,10.25,46466179,471735168.00
2023/02/01,10.24,10.32,10.14,10.28,32883239,335949888.00
2023/02/02,10.27,10.27,10.12,10.18,22926253,233546176.00
2023/02/03,10.15,10.15,9.81,9.94,33933937,337803232.00
2023/02/06,9.94,10.00,9.74,9.83,25960123,255985504.00
2023/02/07,9.87,10.29,9.77,10.19,37691668,380121376.00
2023/02/08,10.27,10.27,10.01,10.07,21857484,221537392.00
2023/02/09,10.07,10.30,10.02,10.25,39032660,398533888.00
2023/02/10,10.24,10.32,10.10,10.16,25572559,260772368.00
2023/02/13,10.24,10.51,10.15,10.49,45363635,473352832.00
2023/02/14,10.49,10.53,10.35,10.46,22988512,239870096.00
2023/02/15,10.46,10.71,10.40,10.57,37191617,393012512.00
2023/02/16,10.57,10.57,9.99,10.12,38039159,391982752.00
2023/02/17,10.11,10.28,9.91,10.01,28882478,290615808.00
2023/02/20,10.00,10.00,9.65,9.91,26696686,262234704.00
2023/02/21,9.94,9.94,9.70,9.81,26076776,255608416.00
2023/02/22,9.74,9.79,9.59,9.65,25076400,242577504.00
2023/02/23,9.65,9.83,9.62,9.78,22842775,222275232.00
2023/02/24,9.79,9.79,9.50,9.57,24699777,237205200.00
2023/02/27,9.47,9.55,9.21,9.46,27350808,257310208.00
2023/02/28,9.52,9.57,9.43,9.56,13589975,129245016.00
2023/03/01,9.61,9.61,9.46,9.54,13436168,128067024.00
2023/03/02,9.53,9.57,9.23,9.28,28967358,271049056.00
2023/03/03,9.25,9.33,9.19,9.30,14344074,132988608.00
2023/03/06,9.29,9.29,8.95,9.17,28346500,257874144.00
2023/03/07,9.18,9.21,8.94,8.96,22883548,207439040.00
2023/03/08,8.96,8.98,8.81,8.86,18508278,164424736.00
2023/03/09,8.89,8.90,8.69,8.75,21437218,188072864.00
2023/03/10,8.68,8.77,8.55,8.70,16319531,141530352.00
2023/03/13,8.62,8.70,8.49,8.60,16450779,141273264.00
2023/03/14,8.59,8.59,8.30,8.42,19449859,164012800.00
2023/03/15,8.49,8.59,8.42,8.45,13386062,114043936.00
2023/03/16,8.39,8.42,8.20,8.20,16504812,136939312.00
2023/03/17,8.25,8.38,8.18,8.34,19605410,162405888.00
2023/03/20,8.30,8.68,8.26,8.53,30309862,258077952.00
2023/03/21,8.53,8.84,8.49,8.82,26737009,232725376.00
2023/03/22,8.85,8.86,8.63,8.68,17950521,156677424.00
2023/03/23,8.63,8.72,8.59,8.66,11680587,101000416.00
2023/03/24,8.66,8.74,8.58,8.58,13374333,115646272.00
2023/03/27,8.55,8.65,8.46,8.62,17984033,154428432.00
2023/03/28,8.62,8.65,8.44,8.46,16411234,139983920.00
2023/03/29,8.46,8.56,8.36,8.41,12224000,103409864.00
2023/03/30,8.38,8.55,8.31,8.52,14023124,118526856.00
2023/03/31,8.52,8.70,8.47,8.53,15457900,132638456.00
2023/04/03,8.54,8.62,8.46,8.59,19507132,166952016.00
2023/04/04,8.59,8.59,8.02,8.02,53460409,437262240.00
2023/04/06,7.95,8.06,7.88,7.96,27089897,215851616.00
2023/04/07,7.96,8.25,7.95,8.21,26575222,216817872.00
2023/04/10,8.22,8.36,8.19,8.20,16757400,138521904.00
2023/04/11,8.20,8.20,8.01,8.06,18095760,146277200.00
2023/04/12,8.06,8.09,7.94,7.99,14207395,113535048.00
2023/04/13,7.99,8.02,7.86,7.87,16338700,129416720.00
2023/04/14,7.87,8.13,7.83,8.00,18108457,144986800.00
2023/04/17,8.09,8.13,7.97,8.01,12995098,104755328.00
2023/04/18,8.02,8.08,7.94,8.02,10910494,87707560.00
2023/04/19,8.04,8.07,7.89,7.90,12601757,100172624.00
2023/04/20,7.89,7.89,7.59,7.79,23728286,183362944.00
2023/04/21,7.75,7.85,7.59,7.59,15907143,122561352.00
2023/04/24,7.60,7.65,7.42,7.45,17486975,131151544.00
2023/04/25,7.40,7.49,7.11,7.23,22473906,163233040.00
2023/04/26,7.24,7.56,7.19,7.48,18793710,140019408.00
2023/04/27,7.52,7.68,7.46,7.56,15670052,118767248.00
2023/04/28,7.58,7.66,7.37,7.41,19064735,142611408.00
2023/05/04,7.38,7.66,7.35,7.54,25060282,188835200.00
2023/05/05,7.50,7.57,7.27,7.28,16486656,120951352.00
2023/05/08,7.33,7.42,7.24,7.28,10994042,80404784.00
2023/05/09,7.28,7.31,7.14,7.15,13285648,95791712.00
2023/05/10,7.19,7.44,7.10,7.35,17844387,129896344.00
2023/05/11,7.37,7.40,7.21,7.30,11980684,87534880.00
2023/05/12,7.27,7.34,7.11,7.12,15830000,113872792.00
2023/05/15,7.13,7.38,7.13,7.38,19843300,145102848.00
2023/05/16,7.39,7.45,7.29,7.30,13762700,101361656.00
2023/05/17,7.27,7.70,7.24,7.60,27601265,207667296.00
2023/05/18,7.54,7.59,7.39,7.43,20056674,149538272.00
2023/05/19,7.45,7.51,7.37,7.51,11452803,85411760.00
2023/05/22,7.49,7.54,7.40,7.53,11184898,83683088.00
2023/05/23,7.53,7.80,7.51,7.62,25434630,195475632.00
2023/05/24,7.57,7.70,7.53,7.56,14187094,107934992.00
2023/05/25,7.49,7.59,7.42,7.56,13068372,98291152.00
2023/05/26,7.55,7.55,7.31,7.40,14030786,103730304.00
2023/05/29,7.42,7.43,7.23,7.25,12634600,92119944.00
2023/05/30,7.28,7.31,7.12,7.29,12148450,87779072.00
2023/05/31,7.24,7.28,7.03,7.09,17711400,126304216.00
2023/06/01,7.06,7.13,6.99,7.01,14606448,103438440.00
2023/06/02,6.99,7.32,6.99,7.27,17580241,126765808.00
2023/06/05,7.32,7.33,7.12,7.20,10898460,78456384.00
2023/06/06,7.20,7.20,6.91,6.92,21352300,150282656.00
2023/06/07,6.91,6.97,6.76,6.82,14136400,96555728.00
2023/06/08,6.79,6.89,6.68,6.69,13420774,90772312.00
2023/06/09,6.69,6.77,6.60,6.70,11636300,77748504.00
2023/06/12,6.74,6.89,6.68,6.86,14093166,96017096.00
2023/06/13,6.85,6.97,6.82,6.89,10544001,72904632.00
2023/06/14,6.90,6.95,6.77,6.79,10509587,71695664.00
2023/06/15,6.81,6.97,6.75,6.95,16603850,114681664.00
2023/06/16,6.97,7.08,6.90,7.02,13817280,97005792.00
2023/06/19,7.04,7.14,7.01,7.02,12619700,89353720.00
2023/06/20,7.03,7.07,6.92,6.93,8803014,61346540.00
2023/06/21,6.97,7.02,6.80,6.81,10050500,69288080.00
2023/06/26,6.80,6.87,6.71,6.73,12132977,82156680.00
2023/06/27,6.72,6.84,6.67,6.79,11124411,75484888.00
2023/06/28,6.76,6.82,6.65,6.79,12809800,86517392.00
2023/06/29,6.83,6.97,6.81,6.90,13174108,91201136.00
2023/06/30,6.90,7.23,6.83,7.13,21514052,152779616.00
2023/07/03,7.19,7.29,7.10,7.13,18179838,130935128.00
2023/07/04,7.13,7.19,7.11,7.16,9897759,70808152.00
2023/07/05,7.20,7.23,7.09,7.10,9411000,67351104.00
2023/07/06,7.09,7.16,7.06,7.10,9832870,70036152.00
2023/07/07,7.11,7.13,6.95,6.98,9912800,69664336.00
2023/07/10,6.99,7.13,6.97,7.03,8474663,59806120.00
2023/07/11,7.07,7.14,7.03,7.14,9351780,66439624.00
2023/07/12,7.12,7.19,7.06,7.08,8680700,61852872.00
2023/07/13,7.10,7.17,7.07,7.12,9617547,68497376.00
2023/07/14,7.12,7.14,6.93,6.94,14156795,99373696.00
2023/07/17,6.91,6.96,6.84,6.92,9127032,63039320.00
2023/07/18,6.93,7.10,6.84,7.04,10536095,73717304.00
2023/07/19,7.01,7.07,6.90,6.92,8645550,60183700.00
2023/07/20,6.92,7.07,6.92,6.94,10274100,71743824.00
2023/07/21,6.93,6.95,6.80,6.84,10932473,75011024.00
2023/07/24,6.78,6.81,6.64,6.72,10343195,69854792.00
2023/07/25,6.78,6.91,6.77,6.90,11771987,80986704.00
2023/07/26,6.86,6.90,6.73,6.74,10359322,70293952.00
2023/07/27,6.75,6.82,6.63,6.66,10939912,73578192.00
2023/07/28,6.64,6.70,6.48,6.68,14693161,96867952.00
2023/07/31,6.72,6.89,6.69,6.83,14369596,98289208.00
2023/08/01,6.83,6.84,6.72,6.73,9009520,60972736.00
2023/08/02,6.73,6.79,6.69,6.69,6390100,43026028.00
2023/08/03,6.70,6.73,6.66,6.68,6970300,46683828.00
2023/08/04,6.71,6.83,6.69,6.74,9651764,65272748.00
2023/08/07,6.74,6.79,6.66,6.68,6831072,45824392.00
2023/08/08,6.67,6.70,6.49,6.52,14146188,92802192.00
2023/08/09,6.52,6.52,6.44,6.47,6828131,44257104.00
2023/08/10,6.47,6.58,6.47,6.52,7390350,48200112.00
2023/08/11,6.52,6.54,6.28,6.28,13935910,88953528.00
2023/08/14,6.25,6.25,6.08,6.20,11830048,72986352.00
2023/08/15,6.20,6.24,6.05,6.11,10597553,64911368.00
2023/08/16,6.11,6.17,6.06,6.08,7456100,45737580.00
2023/08/17,6.09,6.23,6.03,6.18,9097199,55928072.00
2023/08/18,6.17,6.22,6.04,6.04,9084503,55645316.00
2023/08/21,6.04,6.11,5.92,5.92,10707703,64469608.00
2023/08/22,5.95,6.02,5.80,5.93,12462459,73659688.00
2023/08/23,5.92,5.93,5.80,5.82,8419850,49487152.00
2023/08/24,5.84,5.89,5.76,5.76,10443717,60871124.00
2023/08/25,5.76,5.80,5.65,5.68,11067651,63478956.00
2023/08/28,5.88,6.00,5.71,5.75,16836250,98913784.00
2023/08/29,5.76,5.89,5.70,5.85,13403587,78182176.00
2023/08/30,5.88,5.93,5.81,5.83,8974595,52749580.00
2023/08/31,5.83,5.84,5.74,5.75,7584150,43833256.00
2023/09/01,5.75,5.79,5.71,5.73,6991120,40187072.00
2023/09/04,5.76,5.89,5.71,5.89,13276825,77404448.00
2023/09/05,5.86,5.91,5.75,5.80,12137002,70606176.00
2023/09/06,5.76,5.86,5.72,5.85,8856052,51426548.00
2023/09/07,5.85,5.86,5.62,5.63,16427422,93730144.00
2023/09/08,5.62,5.63,5.53,5.54,9576982,53387224.00
2023/09/11,5.58,5.70,5.48,5.67,11815324,66577352.00
2023/09/12,5.66,5.78,5.65,5.73,9655262,55393940.00
2023/09/13,5.73,5.75,5.57,5.60,8763859,49462560.00
2023/09/14,5.62,5.62,5.50,5.51,7294830,40497616.00
2023/09/15,5.54,5.63,5.48,5.59,10891726,60566076.00
2023/09/18,5.55,5.69,5.49,5.68,14468916,81626928.00
2023/09/19,5.66,5.68,5.53,5.55,11038000,61716332.00
2023/09/20,5.55,5.58,5.41,5.41,11724700,64288364.00
2023/09/21,5.42,5.46,5.37,5.39,7566000,40978644.00
2023/09/22,5.36,5.57,5.35,5.56,15772059,86745424.00
2023/09/25,5.56,5.60,5.39,5.40,12997568,71021224.00
2023/09/26,5.40,5.42,5.36,5.36,6546350,35282424.00
2023/09/27,5.35,5.56,5.32,5.46,15326068,84022024.00
2023/09/28,5.49,5.57,5.47,5.52,10826615,59885448.00
2023/10/09,5.51,5.52,5.41,5.46,10863587,59384228.00
2023/10/10,5.47,5.58,5.45,5.49,9459995,52214564.00
2023/10/11,5.54,5.67,5.47,5.57,17813090,99408632.00
2023/10/12,5.61,5.79,5.58,5.78,23813313,136412752.00
2023/10/13,5.76,5.76,5.61,5.67,16233550,92139248.00
2023/10/16,5.69,5.69,5.46,5.49,16192857,89698800.00
2023/10/17,5.49,5.53,5.41,5.43,11003749,60181176.00
2023/10/18,5.45,5.45,5.26,5.28,12181526,64972656.00
2023/10/19,5.27,5.28,5.17,5.19,11315622,59128368.00
2023/10/20,5.21,5.40,5.17,5.31,16780582,89470176.00
2023/10/23,5.31,5.31,5.06,5.09,13472287,69538288.00
2023/10/24,5.15,5.24,5.07,5.20,14391160,74505176.00
2023/10/25,5.27,5.32,5.21,5.23,9569397,50408220.00
2023/10/26,5.21,5.32,5.10,5.30,10525118,54789632.00
2023/10/27,5.26,5.43,5.20,5.40,15465993,83071944.00
2023/10/30,5.37,5.39,5.29,5.35,14726079,78605832.00
2023/10/31,5.37,5.39,5.26,5.28,9775450,51963756.00
2023/11/01,5.29,5.35,5.26,5.28,7888742,41862492.00
2023/11/02,5.29,5.33,5.19,5.20,7640300,40148456.00
2023/11/03,5.19,5.34,5.19,5.32,13395631,71272016.00
2023/11/06,5.35,5.51,5.35,5.50,15766457,86145256.00
2023/11/07,5.49,5.51,5.44,5.47,9829550,53856208.00
2023/11/08,5.48,5.48,5.38,5.42,12063028,65577812.00
2023/11/09,5.44,5.47,5.39,5.41,10282630,55938952.00
2023/11/10,5.41,5.42,5.33,5.38,7651850,41207940.00
2023/11/13,5.42,5.45,5.38,5.43,7901050,42789660.00
2023/11/14,5.41,5.48,5.40,5.45,7885400,42949512.00
2023/11/15,5.49,5.58,5.47,5.56,16529667,91760248.00
2023/11/16,5.54,5.54,5.42,5.42,11852438,64917292.00
2023/11/17,5.41,5.58,5.37,5.54,15562300,85908976.00
2023/11/20,5.56,5.60,5.46,5.58,14700726,81581792.00
2023/11/21,5.60,5.61,5.53,5.54,13112700,73219552.00
2023/11/22,5.51,5.54,5.38,5.39,15931319,86878992.00
2023/11/23,5.38,5.41,5.34,5.40,8083667,43565620.00
2023/11/24,5.39,5.39,5.24,5.26,12806669,67859864.00
2023/11/27,5.22,5.25,5.07,5.12,16947150,86984904.00
2023/11/28,5.12,5.25,5.07,5.21,11329456,58671984.00
2023/11/29,5.21,5.23,5.10,5.12,9406656,48532460.00
2023/11/30,5.13,5.13,4.99,5.02,15273041,77091920.00
2023/12/01,5.02,5.02,4.87,4.94,18803603,92740392.00
2023/12/04,4.94,4.95,4.85,4.86,16405200,80362600.00
2023/12/05,4.83,4.90,4.81,4.83,12829900,62485744.00
2023/12/06,4.81,5.02,4.80,4.93,18984852,94177656.00
2023/12/07,4.93,4.94,4.83,4.88,13726650,66986812.00
2023/12/08,4.91,4.94,4.81,4.82,14371941,70025760.00
2023/12/11,4.83,4.88,4.72,4.87,12145450,58381728.00
2023/12/12,4.85,4.85,4.79,4.83,8346800,40303600.00
2023/12/13,4.82,4.83,4.76,4.78,9317350,44705960.00
2023/12/14,4.78,4.87,4.78,4.81,9180100,44403200.00
2023/12/15,4.81,4.89,4.76,4.77,11447700,55342096.00
2023/12/18,4.75,4.78,4.63,4.66,10519776,49434000.00
2023/12/19,4.64,4.70,4.62,4.65,6386362,29770392.00
2023/12/20,4.65,4.67,4.59,4.60,7994600,37055184.00
2023/12/21,4.56,4.72,4.54,4.68,11098927,51481452.00
2023/12/22,4.66,4.78,4.57,4.72,15547424,72993632.00
2023/12/25,4.72,4.75,4.64,4.65,7842958,36806408.00
2023/12/26,4.66,4.66,4.59,4.62,7664350,35472696.00
2023/12/27,4.59,4.63,4.52,4.58,7682825,35118736.00
2023/12/28,4.57,4.89,4.55,4.89,28695134,137627120.00
2023/12/29,4.88,4.93,4.83,4.91,12873200,63229308.00
2024/01/02,4.90,4.92,4.84,4.85,11095250,54199992.00
2024/01/03,4.85,4.88,4.77,4.82,9052131,43735916.00
2024/01/04,4.83,4.84,4.72,4.75,9006522,42916444.00
2024/01/05,4.79,4.88,4.67,4.70,12500400,59882216.00
2024/01/08,4.67,4.74,4.57,4.58,11177021,51996228.00
2024/01/09,4.58,4.70,4.52,4.60,12079470,55718912.00
2024/01/10,4.59,4.72,4.50,4.63,12965822,60263424.00
2024/01/11,4.62,4.84,4.60,4.79,17341744,82263680.00
2024/01/12,4.76,4.94,4.74,4.82,21398306,104087624.00
2024/01/15,4.74,4.89,4.73,4.78,16119868,77620392.00
2024/01/16,4.80,4.88,4.70,4.78,14875969,71286104.00
2024/01/17,4.85,4.95,4.66,4.66,27109808,130911216.00
2024/01/18,4.64,4.75,4.53,4.73,23237250,108030264.00
2024/01/19,4.70,4.83,4.54,4.55,21188411,98920168.00
2024/01/22,4.50,4.53,4.25,4.25,20438174,89990448.00
2024/01/23,4.24,4.40,4.16,4.37,15658186,67729016.00
2024/01/24,4.39,4.43,4.17,4.36,15619063,67290912.00
2024/01/25,4.36,4.47,4.30,4.47,15269312,67245112.00
2024/01/26,4.44,4.50,4.43,4.45,11811300,52822600.00
2024/01/29,4.44,4.46,4.26,4.27,12151700,52748816.00
2024/01/30,4.27,4.27,4.06,4.09,14154800,59034648.00
2024/01/31,3.96,4.06,3.77,3.79,23590283,91867880.00
2024/02/01,3.74,3.86,3.69,3.70,15569800,58695464.00
2024/02/02,3.71,3.77,3.37,3.51,25565255,91426896.00
2024/02/05,3.51,3.51,3.16,3.16,30999228,100592000.00
2024/02/06,2.85,3.38,2.85,3.28,32079401,100451304.00
2024/02/07,3.28,3.61,3.25,3.59,38408816,135378624.00
2024/02/08,3.59,3.95,3.57,3.79,35241915,134523616.00
2024/02/19,3.82,3.88,3.73,3.80,26090566,99290016.00
2024/02/20,3.79,3.79,3.68,3.75,18078550,67471880.00
2024/02/21,3.77,4.03,3.77,3.88,28440927,111281248.00
2024/02/22,3.85,3.94,3.84,3.92,15440500,60305712.00
2024/02/23,3.93,4.01,3.88,4.00,17289503,68306080.00
2024/02/26,4.01,4.19,4.00,4.11,24152065,99156656.00
2024/02/27,4.11,4.18,4.05,4.18,16782900,69334912.00
2024/02/28,4.21,4.38,3.98,3.99,35625574,150026336.00
2024/02/29,3.99,4.19,3.95,4.19,23066827,94865232.00
2024/03/01,4.27,4.32,4.18,4.27,24516100,104368272.00
2024/03/04,4.29,4.32,4.17,4.23,16020454,67832912.00
2024/03/05,4.19,4.22,4.10,4.14,16931056,70428232.00
2024/03/06,4.11,4.28,4.09,4.20,15231655,63646748.00
2024/03/07,4.27,4.27,4.11,4.14,15214250,63457312.00
2024/03/08,4.14,4.17,4.04,4.11,14600766,59998428.00
2024/03/11,4.13,4.29,4.13,4.29,26854000,113876328.00
2024/03/12,4.30,4.35,4.27,4.31,16580050,71429920.00
2024/03/13,4.30,4.32,4.24,4.29,12688595,54384168.00
2024/03/14,4.28,4.34,4.18,4.25,12316700,52649864.00
2024/03/15,4.25,4.32,4.19,4.32,14339150,61298296.00
2024/03/18,4.34,4.41,4.33,4.40,18059434,79336688.00
2024/03/19,4.41,4.60,4.39,4.44,27136550,122007432.00
2024/03/20,4.41,4.51,4.40,4.48,13809950,61840392.00
2024/03/21,4.48,4.51,4.39,4.43,12778297,56821652.00
2024/03/22,4.40,4.43,4.31,4.35,14581100,63738696.00
2024/03/25,4.36,4.37,4.18,4.20,14791750,63299896.00
2024/03/26,4.23,4.27,4.14,4.24,14460500,61073192.00
2024/03/27,4.25,4.27,4.00,4.00,16471900,67994720.00
2024/03/28,4.01,4.16,4.00,4.11,14166748,58071472.00
2024/03/29,4.10,4.17,4.10,4.16,9392755,38975848.00
2024/04/01,4.16,4.34,4.15,4.34,17378820,74423792.00
2024/04/02,4.39,4.52,4.38,4.46,32663081,145706192.00
2024/04/03,4.41,4.53,4.41,4.47,25113419,112478816.00
2024/04/08,4.45,4.52,4.30,4.31,20546265,90716888.00
2024/04/09,4.29,4.51,4.29,4.48,28336420,126568440.00
2024/04/10,4.47,4.48,4.32,4.36,18231440,79954040.00
2024/04/11,4.37,4.40,4.25,4.30,21440000,92884824.00
2024/04/12,4.33,4.33,4.16,4.18,18883900,79592240.00
2024/04/15,4.15,4.22,3.85,3.93,31234648,124769584.00
2024/04/16,3.88,3.89,3.54,3.54,29133162,106717888.00
2024/04/17,3.58,3.90,3.58,3.90,26090193,99706176.00
2024/04/18,3.99,4.01,3.80,3.94,22187300,87178488.00
2024/04/19,3.92,3.93,3.78,3.79,18371601,70591536.00
2024/04/22,3.81,3.84,3.65,3.75,13877831,52171324.00
2024/04/23,3.73,3.83,3.70,3.72,17211900,64631856.00
2024/04/24,3.75,3.82,3.66,3.80,14913600,55836740.00
2024/04/25,3.79,3.90,3.75,3.82,13031269,50158196.00
2024/04/26,3.79,3.96,3.77,3.96,17576007,68654976.00
2024/04/29,3.96,4.36,3.96,4.36,33838800,145049808.00
2024/04/30,4.49,4.50,4.33,4.36,61475500,271255584.00
2024/05/06,4.40,4.48,4.36,4.42,37953000,168011744.00
2024/05/07,4.43,4.45,4.35,4.40,22122971,97210520.00
2024/05/08,4.42,4.42,4.27,4.28,28085600,122048264.00
2024/05/09,4.37,4.71,4.37,4.71,55427041,254197056.00
2024/05/10,5.05,5.07,4.72,4.77,110340204,535727040.00
2024/05/13,4.75,4.83,4.53,4.57,53342100,247089056.00
2024/05/14,4.57,4.63,4.51,4.53,31840830,145025248.00
2024/05/15,4.51,4.56,4.40,4.42,28053796,125723760.00
2024/05/16,4.45,4.51,4.42,4.46,25334300,113375704.00
2024/05/17,4.44,4.62,4.35,4.60,38102700,172212528.00
2024/05/20,4.64,4.72,4.57,4.60,33807754,157221056.00
2024/05/21,4.61,4.64,4.53,4.56,19630700,89824024.00
2024/05/22,4.49,4.60,4.49,4.54,17988850,81781992.00
2024/05/23,4.49,4.69,4.43,4.66,58183895,267742032.00
2024/05/24,4.63,4.86,4.58,4.83,80464599,384781056.00
2024/05/27,4.76,4.79,4.59,4.71,46349976,216203984.00
2024/05/28,4.71,4.71,4.50,4.51,34278920,156203216.00
2024/05/29,4.47,4.58,4.42,4.51,28140056,126729568.00
2024/05/30,4.48,4.50,4.39,4.40,20784401,92205040.00
2024/05/31,4.39,4.46,4.37,4.39,17034917,75405616.00
2024/06/03,4.39,4.40,4.19,4.24,23640958,101139104.00
2024/06/04,4.19,4.26,4.09,4.25,17757906,74236592.00
2024/06/05,4.28,4.29,4.16,4.16,13219525,55969900.00
2024/06/06,4.19,4.21,3.94,3.98,23021511,92789688.00
2024/06/07,4.02,4.08,3.95,4.01,12623201,50884804.00
2024/06/11,4.01,4.03,3.91,4.02,12019100,47903552.00
2024/06/12,4.00,4.08,4.00,4.07,10928070,44393760.00
2024/06/13,4.07,4.09,4.02,4.04,10098220,40917384.00
2024/06/14,4.04,4.09,3.97,4.07,11379550,46008336.00
2024/06/17,4.04,4.14,4.03,4.11,12701400,52256904.00
2024/06/18,4.13,4.18,4.10,4.18,11210906,46673592.00
2024/06/19,4.20,4.24,4.10,4.11,13069484,54276548.00
2024/06/20,4.11,4.13,3.97,3.97,14123400,56923744.00
2024/06/21,3.98,3.99,3.85,3.86,13970950,54910436.00
2024/06/24,3.87,3.87,3.72,3.75,13772756,52261720.00
2024/06/25,3.78,3.81,3.72,3.74,9747600,36756800.00
2024/06/26,3.74,3.86,3.68,3.85,12239350,46355716.00
2024/06/27,3.85,3.85,3.74,3.75,9155400,34729412.00
2024/06/28,3.72,3.85,3.72,3.76,10517350,40042024.00
2024/07/01,3.75,3.83,3.70,3.77,9811210,36892296.00
2024/07/02,3.76,3.79,3.71,3.73,7429500,27928184.00
2024/07/03,3.73,3.81,3.73,3.76,9229000,34851064.00
2024/07/04,3.76,3.78,3.62,3.65,10074500,37201644.00
2024/07/05,3.65,3.72,3.59,3.69,9161450,33644632.00
2024/07/08,3.71,3.71,3.55,3.57,10252000,37000936.00
2024/07/09,3.55,3.63,3.47,3.60,14477152,51640688.00
2024/07/10,3.60,3.66,3.50,3.52,14720650,52836284.00
2024/07/11,3.57,3.74,3.57,3.71,22263762,82081840.00
2024/07/12,3.73,3.73,3.67,3.69,11435650,42379208.00
2024/07/15,3.69,3.70,3.58,3.62,10710350,38922696.00
2024/07/16,3.61,3.65,3.59,3.62,8316285,30129528.00
2024/07/17,3.63,3.65,3.58,3.61,8191479,29645500.00
2024/07/18,3.59,3.63,3.50,3.60,9556250,34221484.00
2024/07/19,3.58,3.64,3.53,3.63,8773350,31621282.00
2024/07/22,3.63,3.65,3.56,3.60,10079500,36343056.00
2024/07/23,3.58,3.64,3.46,3.50,10575850,37749008.00
2024/07/24,3.50,3.53,3.37,3.39,14216800,48849576.00
2024/07/25,3.38,3.52,3.35,3.47,12938991,44809976.00
2024/07/26,3.53,3.56,3.48,3.53,8453800,29849036.00
2024/07/29,3.53,3.55,3.46,3.49,7463050,26154980.00
2024/07/30,3.49,3.52,3.43,3.51,6776700,23730408.00
2024/07/31,3.53,3.74,3.50,3.73,20440447,74844880.00
2024/08/01,3.74,3.76,3.69,3.72,10936221,40857292.00
2024/08/02,3.69,3.74,3.65,3.66,10641300,39397320.00
2024/08/05,3.64,3.74,3.58,3.59,11802555,43195996.00
2024/08/06,3.64,3.67,3.60,3.66,8998438,32835194.00
2024/08/07,3.64,3.67,3.61,3.64,7564550,27573904.00
2024/08/08,3.62,3.69,3.55,3.61,13628600,49437480.00
2024/08/09,3.63,3.68,3.54,3.54,10930700,39331024.00
2024/08/12,3.53,3.57,3.48,3.51,8273400,29197432.00
2024/08/13,3.51,3.56,3.44,3.56,8858200,31211484.00
2024/08/14,3.56,3.58,3.48,3.50,8180754,28766532.00
2024/08/15,3.48,3.57,3.45,3.54,11464670,40448000.00
2024/08/16,3.54,3.57,3.46,3.46,7905850,27642546.00
2024/08/19,3.46,3.50,3.39,3.40,10606803,36456464.00
2024/08/20,3.40,3.41,3.26,3.27,15348470,50786776.00
2024/08/21,3.27,3.34,3.25,3.27,10983328,36140232.00
2024/08/22,3.29,3.32,3.18,3.20,14773178,47849592.00
2024/08/23,3.21,3.21,3.12,3.13,13568198,42689632.00
2024/08/26,3.13,3.31,3.12,3.24,16339231,52921504.00
2024/08/27,3.26,3.27,3.14,3.16,13022151,41381656.00
2024/08/28,3.17,3.24,3.12,3.18,10927170,34816740.00
2024/08/29,3.22,3.34,3.17,3.32,20415900,66939400.00
2024/08/30,3.27,3.40,3.27,3.33,19401940,64845404.00
2024/09/02,3.37,3.38,3.21,3.22,16540000,54349784.00
2024/09/03,3.22,3.30,3.18,3.25,16827571,54620512.00
2024/09/04,3.22,3.34,3.20,3.27,20330772,66769572.00
2024/09/05,3.25,3.33,3.25,3.29,14625950,48028764.00
2024/09/06,3.29,3.30,3.19,3.19,14507700,46764392.00
2024/09/09,3.16,3.51,3.16,3.37,44305297,147518768.00
2024/09/10,3.36,3.37,3.17,3.26,39473738,127850032.00
2024/09/11,3.22,3.34,3.19,3.25,27397341,89678448.00
2024/09/12,3.24,3.33,3.21,3.24,22791409,74556592.00
2024/09/13,3.24,3.25,3.14,3.14,19667154,62242948.00
2024/09/18,3.14,3.15,3.04,3.09,13689013,42179332.00
2024/09/19,3.15,3.27,3.11,3.23,22961138,73548240.00
2024/09/20,3.23,3.24,3.16,3.19,15263343,48680564.00
2024/09/23,3.18,3.25,3.16,3.21,10968299,35189804.00
2024/09/24,3.24,3.40,3.22,3.39,32787993,108978352.00
2024/09/25,3.40,3.53,3.40,3.44,26745703,92929144.00
2024/09/26,3.44,3.56,3.41,3.55,21907275,76342984.00
2024/09/27,3.60,3.76,3.59,3.74,26820035,98975856.00
2024/09/30,3.89,4.11,3.88,4.11,56779358,229289648.00
2024/10/08,4.52,4.52,4.25,4.52,70141402,311479904.00
2024/10/09,4.48,4.48,4.12,4.18,55179844,238060208.00
2024/10/10,4.15,4.30,4.06,4.10,38075056,158570336.00
2024/10/11,4.10,4.10,3.80,3.85,33101879,129600888.00
2024/10/14,3.84,3.94,3.78,3.93,25121455,96950848.00
2024/10/15,3.92,3.95,3.81,3.82,23184655,89864712.00
2024/10/16,3.73,3.87,3.73,3.80,18490200,70191936.00
2024/10/17,3.83,3.86,3.73,3.73,21498600,81608504.00
2024/10/18,3.73,3.96,3.71,3.88,34822962,133646776.00
2024/10/21,3.91,3.99,3.86,3.91,30386120,119414880.00
2024/10/22,3.91,3.99,3.86,3.99,26882149,105783704.00
2024/10/23,4.02,4.17,3.98,4.12,34888181,142269920.00
2024/10/24,4.13,4.13,3.99,4.01,25444440,102533760.00
2024/10/25,4.03,4.32,4.02,4.28,50345215,212374880.00
2024/10/28,4.28,4.34,4.23,4.33,34543440,148716992.00
2024/10/29,4.35,4.42,4.20,4.23,32706146,139965104.00
2024/10/30,4.20,4.26,4.13,4.18,23775483,99470152.00
2024/10/31,4.18,4.34,4.18,4.29,33579171,143482224.00
2024/11/01,4.23,4.34,4.14,4.25,36898575,156575120.00
2024/11/04,4.24,4.30,4.15,4.29,28605195,121764600.00
2024/11/05,4.28,4.41,4.26,4.39,35117132,153209520.00
2024/11/06,4.39,4.52,4.39,4.43,38929916,173376080.00
2024/11/07,4.50,4.64,4.46,4.62,53210773,242176112.00
2024/11/08,4.68,5.08,4.68,4.80,125459928,616914816.00
2024/11/11,4.66,4.98,4.58,4.97,106900282,519270496.00
2024/11/12,4.99,5.05,4.77,4.82,69136189,339488288.00
2024/11/13,4.76,4.92,4.68,4.81,40959350,196058688.00
2024/11/14,4.82,4.85,4.60,4.61,37174169,174687936.00
2024/11/15,4.58,4.69,4.50,4.51,31372057,144443472.00
2024/11/18,4.54,4.62,4.40,4.43,34517900,155438528.00
2024/11/19,4.43,4.59,4.41,4.59,29568769,132970824.00
2024/11/20,4.60,4.73,4.59,4.69,35212115,164360048.00
2024/11/21,4.71,4.78,4.65,4.72,30665708,144693616.00
2024/11/22,4.70,4.77,4.52,4.54,32067329,149365712.00
2024/11/25,4.53,4.99,4.52,4.99,121426916,589222592.00
2024/11/26,5.14,5.15,4.73,4.80,115366336,562333888.00
2024/11/27,4.68,4.78,4.53,4.77,66848390,309615680.00
2024/11/28,4.77,4.90,4.71,4.76,52209286,251485328.00
2024/11/29,4.73,4.78,4.58,4.72,50038921,234383008.00
2024/12/02,4.72,4.91,4.64,4.86,53039791,256107504.00
2024/12/03,4.90,4.94,4.76,4.84,37623545,180998464.00
2024/12/04,4.82,4.83,4.68,4.73,34645200,164395920.00
2024/12/05,4.70,4.81,4.69,4.78,30769500,146682128.00
2024/12/06,4.77,4.83,4.65,4.82,36862550,175220448.00
2024/12/09,4.80,4.85,4.69,4.77,29511300,140814176.00
2024/12/10,4.91,4.97,4.74,4.75,39750653,192081888.00
2024/12/11,4.75,4.81,4.71,4.76,29117591,138687392.00
2024/12/12,4.78,4.80,4.65,4.72,34374962,161588432.00
2024/12/13,4.70,4.70,4.56,4.57,34547587,158963200.00
2024/12/16,4.55,4.59,4.48,4.51,24682390,111601016.00
2024/12/17,4.50,4.54,4.40,4.42,23508083,104762128.00
2024/12/18,4.43,4.45,4.35,4.36,19832200,87075408.00
2024/12/19,4.31,4.38,4.28,4.38,19633597,84946288.00
2024/12/20,4.36,4.40,4.32,4.35,18221050,79408856.00
2024/12/23,4.34,4.36,4.18,4.19,22134500,93948136.00
2024/12/24,4.19,4.28,4.19,4.24,14127394,59863664.00
2024/12/25,4.25,4.27,4.12,4.18,16058653,66889480.00
2024/12/26,4.19,4.24,4.16,4.19,12771400,53818960.00
2024/12/27,4.21,4.35,4.18,4.29,20762609,88961528.00
2024/12/30,4.29,4.33,4.20,4.24,15302000,64752160.00
2024/12/31,4.29,4.33,4.13,4.13,17956740,75368784.00
2025/01/02,4.13,4.18,4.00,4.05,19990800,81984344.00
2025/01/03,4.03,4.08,3.88,3.90,21195726,84272880.00
2025/01/06,3.93,4.13,3.83,3.98,24953003,99368552.00
2025/01/07,3.94,4.05,3.92,4.03,18923450,75601280.00
2025/01/08,4.03,4.03,3.85,3.97,20568809,80905504.00
2025/01/09,3.93,4.02,3.93,3.97,13778200,54942568.00
2025/01/10,3.99,4.02,3.85,3.86,14852200,58343284.00
2025/01/13,3.85,3.91,3.77,3.90,14612103,56343440.00
2025/01/14,3.88,4.04,3.87,4.04,19067350,75723928.00
2025/01/15,4.03,4.03,3.93,3.97,15941002,63339392.00
2025/01/16,3.98,4.08,3.97,4.01,15984902,64368408.00
2025/01/17,4.00,4.05,3.98,4.02,11579407,46513252.00
2025/01/20,4.04,4.13,4.03,4.11,18348800,75146144.00
2025/01/21,4.21,4.39,4.15,4.19,39403407,167137344.00
2025/01/22,4.18,4.26,4.12,4.23,23892600,100272848.00
2025/01/23,4.24,4.33,4.17,4.18,22738689,96692352.00
2025/01/24,4.16,4.24,4.15,4.24,17174798,72339360.00
2025/01/27,4.27,4.28,4.16,4.17,13857900,58374196.00
2025/02/05,4.19,4.23,4.12,4.17,16669359,69788488.00
2025/02/06,4.13,4.29,4.13,4.28,19962109,84433088.00
2025/02/07,4.28,4.36,4.27,4.33,22753850,98314960.00
2025/02/10,4.32,4.35,4.28,4.32,19900506,85754336.00
2025/02/11,4.29,4.31,4.22,4.27,17445338,74102840.00
2025/02/12,4.27,4.36,4.24,4.36,22323132,96413792.00
2025/02/13,4.36,4.41,4.30,4.31,19516855,84647240.00
2025/02/14,4.28,4.40,4.28,4.31,17658185,76643120.00
2025/02/17,4.33,4.34,4.26,4.32,21189378,91013504.00
2025/02/18,4.38,4.44,4.30,4.32,36177589,158120304.00
2025/02/19,4.28,4.36,4.26,4.34,24245700,104927856.00
2025/02/20,4.31,4.39,4.26,4.35,26729520,115604000.00
2025/02/21,4.35,4.43,4.34,4.42,30107510,132373104.00
2025/02/24,4.46,4.52,4.40,4.44,32565305,144923104.00
2025/02/25,4.40,4.47,4.36,4.42,21096570,93485600.00
2025/02/26,4.42,4.50,4.41,4.48,27536130,123088656.00
2025/02/27,4.50,4.60,4.47,4.59,49148890,223746512.00
2025/02/28,4.64,4.80,4.52,4.63,84927747,396974880.00
2025/03/03,4.75,5.09,4.75,5.09,77253940,388258048.00
2025/03/04,5.09,5.10,4.86,4.91,155845064,770107904.00
2025/03/05,4.93,4.99,4.75,4.84,80182652,388012128.00
2025/03/06,4.86,5.05,4.82,4.97,90611494,448787456.00
2025/03/07,4.96,5.26,4.91,5.07,107812808,548043648.00
2025/03/10,5.08,5.58,5.01,5.42,149296500,798865536.00
2025/03/11,5.26,5.33,5.17,5.31,85464099,448091136.00
2025/03/12,5.33,5.53,5.24,5.38,92041112,496012416.00
2025/03/13,5.38,5.75,5.32,5.68,124691212,696000640.00
2025/03/14,5.58,6.25,5.57,5.87,211759745,1278776448.00
2025/03/17,5.76,6.04,5.66,5.67,159969234,927310272.00
2025/03/18,5.68,6.00,5.68,5.81,120670635,703041216.00
2025/03/19,5.70,5.72,5.49,5.51,100798381,559709568.00
2025/03/20,5.56,5.57,5.43,5.43,69134469,379448256.00
2025/03/21,5.36,5.46,5.32,5.33,55123122,295990496.00
2025/03/24,5.37,5.37,5.14,5.25,52389243,274103168.00
2025/03/25,5.24,5.39,5.19,5.25,46721445,246467712.00
2025/03/26,5.21,5.33,5.20,5.22,35123689,184471808.00
2025/03/27,5.19,5.21,5.07,5.14,37346006,192058224.00
2025/03/28,5.11,5.16,5.06,5.07,27059450,137955488.00
2025/03/31,5.07,5.07,4.90,4.99,35569758,176743648.00
2025/04/01,4.99,5.08,4.99,5.04,29381465,148138864.00
2025/04/02,5.04,5.14,5.00,5.08,24568797,124828864.00
2025/04/03,5.02,5.09,4.98,5.04,28179021,141850112.00
2025/04/07,4.69,4.76,4.54,4.54,29648251,136167616.00
2025/04/08,4.40,4.51,4.20,4.31,62371081,269487936.00
2025/04/09,4.24,4.47,3.99,4.43,49613450,211229136.00
2025/04/10,4.54,4.62,4.49,4.52,38195068,174163376.00
2025/04/11,4.49,4.73,4.47,4.64,37743141,174447648.00
2025/04/14,4.67,4.90,4.67,4.86,45005937,216796608.00
2025/04/15,4.86,4.91,4.78,4.81,31137956,150602096.00
2025/04/16,4.76,4.82,4.61,4.69,26246600,123224320.00
2025/04/17,4.66,4.73,4.64,4.69,17492279,82283680.00
2025/04/18,4.69,4.70,4.60,4.66,17592500,81672864.00
2025/04/21,4.63,4.80,4.61,4.80,19918504,94430592.00
2025/04/22,4.83,4.84,4.72,4.77,19216014,91452696.00
2025/04/23,4.78,4.84,4.76,4.79,19228850,92130680.00
2025/04/24,4.82,4.83,4.69,4.71,19115948,90607632.00
2025/04/25,4.70,4.75,4.68,4.71,17356769,81851056.00
2025/04/28,4.71,4.72,4.59,4.61,13882671,64226240.00
2025/04/29,4.64,4.74,4.62,4.68,15997584,75089040.00
2025/04/30,4.71,4.75,4.68,4.73,16689800,78781784.00
2025/05/06,4.78,4.88,4.76,4.88,24636706,119441408.00
2025/05/07,4.94,4.98,4.86,4.90,26193400,128741896.00
2025/05/08,4.87,4.98,4.87,4.95,21865950,108094576.00
2025/05/09,4.95,4.97,4.82,4.88,19629392,95627352.00
2025/05/12,4.98,5.02,4.94,4.98,32375848,160879968.00
2025/05/13,5.03,5.06,4.92,4.96,28499027,141947296.00
2025/05/14,4.93,4.96,4.89,4.92,19150350,94250080.00
2025/05/15,4.93,4.93,4.81,4.81,17863088,86346776.00
2025/05/16,4.81,4.89,4.77,4.83,15675362,76111152.00
2025/05/19,4.83,4.88,4.77,4.86,16279052,78578784.00
2025/05/20,4.86,4.89,4.83,4.87,19061888,92567160.00
2025/05/21,4.88,5.00,4.83,4.97,49537864,244448928.00
2025/05/22,4.96,4.99,4.78,4.80,43669086,212633840.00
2025/05/23,4.76,4.83,4.67,4.67,32068772,152289200.00
2025/05/26,4.67,4.77,4.67,4.74,21217137,100222824.00
2025/05/27,4.75,4.79,4.65,4.76,21622551,102084960.00
2025/05/28,4.75,4.77,4.67,4.69,15242400,71750488.00
2025/05/29,4.69,5.05,4.66,4.99,68752716,337376608.00
2025/05/30,4.97,4.97,4.77,4.80,54811199,264287488.00
2025/06/03,4.95,4.96,4.83,4.87,47430552,231759216.00
2025/06/04,4.86,4.99,4.84,4.93,43908793,216153904.00
2025/06/05,4.92,4.96,4.87,4.92,31583723,154763712.00
2025/06/06,4.89,4.95,4.88,4.91,26163100,128608648.00
2025/06/09,4.94,5.08,4.92,5.03,40817539,204832624.00
2025/06/10,5.04,5.08,4.94,5.03,42814506,214935856.00
2025/06/11,5.02,5.18,5.01,5.12,49978718,256366416.00
2025/06/12,5.13,5.15,5.05,5.08,32486641,165193168.00
2025/06/13,5.11,5.11,4.95,4.96,32638130,163475728.00
2025/06/16,4.94,5.03,4.91,5.02,26522586,132028016.00
2025/06/17,5.05,5.52,5.05,5.52,135742188,729828416.00
2025/06/18,5.51,5.72,5.35,5.70,179865339,987026432.00
2025/06/19,5.60,5.84,5.49,5.54,148912189,841107648.00
2025/06/20,5.51,5.72,5.38,5.41,107765640,597230848.00
2025/06/23,5.41,5.80,5.35,5.80,146332702,827208320.00
2025/06/24,5.75,6.18,5.65,5.97,178646826,1052888384.00
2025/06/25,5.97,6.07,5.83,5.91,130364929,771390720.00
2025/06/26,5.83,6.12,5.81,5.90,119708753,711833600.00
2025/06/27,5.94,6.49,5.94,6.24,229805665,1462151424.00
2025/06/30,6.39,6.39,6.13,6.25,173938857,1084757504.00
2025/07/01,6.24,6.31,5.96,6.08,118644263,723499520.00
2025/07/02,6.01,6.06,5.84,5.87,88671915,522359424.00
2025/07/03,5.81,5.93,5.72,5.90,75567047,440869184.00
2025/07/04,5.88,5.89,5.72,5.80,62634500,362642368.00
2025/07/07,5.77,5.85,5.75,5.79,38983701,225649696.00
2025/07/08,5.82,5.84,5.76,5.81,49970100,289980672.00
2025/07/09,5.84,5.84,5.71,5.74,52003350,300331200.00
2025/07/10,5.77,5.88,5.75,5.80,61082121,354943296.00
2025/07/11,5.83,5.89,5.74,5.86,61056835,355480416.00
2025/07/14,5.87,5.98,5.82,5.85,60898095,359026368.00
2025/07/15,5.82,5.85,5.65,5.68,65651949,375131200.00
2025/07/16,5.67,5.75,5.65,5.69,31351380,178523664.00
2025/07/17,5.68,5.71,5.64,5.70,31111706,176803968.00
2025/07/18,5.69,5.82,5.68,5.77,42562000,245447456.00
2025/07/21,5.77,5.79,5.72,5.78,32899396,189603856.00
2025/07/22,5.80,5.91,5.73,5.90,72076081,421841920.00
2025/07/23,5.96,5.96,5.71,5.72,59398758,342944608.00
2025/07/24,5.72,5.91,5.70,5.87,55595057,324132160.00
2025/07/25,5.87,5.87,5.76,5.79,32717300,189419904.00
2025/07/28,5.81,5.91,5.76,5.88,47034274,275733664.00
2025/07/29,5.84,5.96,5.80,5.87,45166900,265542192.00
2025/07/30,5.89,5.89,5.66,5.72,48705800,279536032.00
2025/07/31,5.71,5.78,5.63,5.66,28798299,163998848.00
2025/08/01,5.66,5.68,5.57,5.59,25683545,144003296.00
2025/08/04,5.55,5.66,5.51,5.64,21402353,119497728.00
2025/08/05,5.67,5.74,5.66,5.70,24270344,138510224.00
2025/08/06,5.70,5.74,5.66,5.72,19278196,109950824.00
2025/08/07,5.74,5.75,5.65,5.69,22320136,126976960.00
2025/08/08,5.68,5.71,5.64,5.66,20216192,114508704.00
2025/08/11,5.72,5.96,5.72,5.90,72007100,421069984.00
2025/08/12,5.90,5.91,5.77,5.84,35506205,206470048.00
2025/08/13,5.83,5.94,5.82,5.91,46862606,275659168.00
2025/08/14,5.93,6.33,5.87,6.09,120143783,732254976.00
2025/08/15,6.08,6.18,6.02,6.08,86833047,529445984.00
2025/08/18,6.16,6.18,6.07,6.15,68811639,421493536.00
2025/08/19,6.13,6.17,6.08,6.14,51580516,316366848.00
2025/08/20,6.23,6.27,6.13,6.21,72758099,450695136.00
2025/08/21,6.22,6.23,6.05,6.10,59932030,365502400.00
2025/08/22,6.10,6.18,6.06,6.11,40308701,246146528.00
2025/08/25,6.12,6.15,6.05,6.11,58792632,358742176.00
2025/08/26,6.13,6.14,6.06,6.09,41813549,255093456.00
2025/08/27,6.06,6.12,5.88,5.88,56344206,339359776.00
2025/08/28,5.86,5.95,5.67,5.88,50298446,292361536.00
2025/08/29,5.88,6.17,5.81,6.14,92488644,560533376.00
2025/09/01,6.09,6.24,6.07,6.18,65920031,406554496.00
2025/09/02,6.16,6.24,6.06,6.08,58489142,358631648.00
2025/09/03,6.09,6.25,6.02,6.04,58757250,358958976.00
2025/09/04,6.07,6.36,6.01,6.15,115527660,718974848.00
2025/09/05,6.07,6.45,6.06,6.43,154256207,981993728.00
2025/09/08,6.59,6.66,6.38,6.49,134030050,867437696.00
2025/09/09,6.40,6.84,6.39,6.74,150597364,1004096704.00
2025/09/10,6.60,6.68,6.46,6.50,101440271,664262976.00
2025/09/11,6.43,6.49,6.31,6.45,73618427,471470432.00
2025/09/12,6.51,6.79,6.35,6.73,128312199,845164608.00
2025/09/15,6.82,7.04,6.71,6.72,125149440,857054656.00
2025/09/16,6.82,6.85,6.52,6.72,85329273,568248192.00
2025/09/17,6.70,6.74,6.58,6.63,58636794,389872864.00
2025/09/18,6.62,6.75,6.35,6.44,82655662,541212672.00
2025/09/19,6.43,6.55,6.39,6.47,48294602,312487008.00
2025/09/22,6.48,6.59,6.30,6.36,40120656,255919024.00
2025/09/23,6.32,6.36,6.08,6.22,53426713,330589600.00
2025/09/24,6.17,6.43,6.13,6.42,47874932,302761568.00
2025/09/25,6.40,6.48,6.28,6.29,36848923,234585136.00
2025/09/26,6.26,6.38,6.23,6.27,32616390,206075376.00
2025/09/29,6.30,6.56,6.30,6.48,59079981,381713536.00
2025/09/30,6.50,6.66,6.46,6.57,53579666,352790336.00
2025/10/09,6.65,6.72,6.57,6.62,55828409,371253888.00
2025/10/10,6.56,6.65,6.40,6.41,47247695,305796352.00
2025/10/13,6.16,6.54,6.11,6.51,49387419,313694976.00
2025/10/14,6.53,6.55,6.18,6.21,54566219,347105120.00
2025/10/15,6.21,6.33,6.20,6.32,34852750,218681888.00
2025/10/16,6.32,6.44,6.27,6.31,34624273,219678736.00
2025/10/17,6.32,6.43,5.90,5.92,54109362,330055008.00
2025/10/20,6.01,6.11,5.99,6.08,30820115,186619376.00
2025/10/21,6.10,6.12,6.02,6.07,26401121,160456016.00
2025/10/22,6.06,6.10,5.98,6.02,24122475,145810608.00
2025/10/23,6.02,6.59,5.91,6.40,90875265,570187264.00
2025/10/24,6.39,6.44,6.25,6.27,60782466,384938752.00
2025/10/27,6.35,6.39,6.25,6.29,40141816,253313872.00
2025/10/28,6.29,6.53,6.26,6.48,66264552,426406720.00
2025/10/29,6.78,7.13,6.77,7.13,111603266,788501696.00
2025/10/30,7.59,7.84,7.36,7.40,260331064,1957838976.00
2025/10/31,7.38,7.83,7.38,7.51,196169951,1491690880.00
2025/11/03,7.51,7.59,7.18,7.47,126095405,929877440.00
2025/11/04,7.47,7.64,7.44,7.59,98089692,740219712.00
2025/11/05,7.41,8.03,7.31,7.87,152124141,1185169664.00
2025/11/06,7.71,8.13,7.71,7.97,137281259,1086494080.00
2025/11/07,7.90,8.03,7.74,7.78,88116121,689468736.00
2025/11/10,7.87,7.95,7.61,7.65,81353354,630246336.00
2025/11/11,7.70,7.78,7.48,7.63,76851440,584511232.00
2025/11/12,7.52,7.63,7.36,7.49,57140870,426419136.00
2025/11/13,7.49,7.93,7.46,7.78,88180903,683429888.00
2025/11/14,7.67,7.83,7.65,7.68,49403815,382124672.00
2025/11/17,7.78,7.91,7.71,7.80,77689608,605872256.00
2025/11/18,7.82,8.03,7.63,7.71,102419109,801648384.00
2025/11/19,7.77,7.93,7.45,7.51,67485617,511535456.00
2025/11/20,7.58,7.94,7.55,7.60,73223995,563362880.00
2025/11/21,7.36,7.47,6.87,6.89,101067820,717248512.00
2025/11/24,6.91,6.97,6.60,6.75,64815569,436849600.00
2025/11/25,6.81,6.88,6.73,6.82,44746352,304154016.00
2025/11/26,6.85,6.88,6.71,6.73,38348656,260442880.00
2025/11/27,6.75,6.98,6.74,6.77,45020855,308394880.00
2025/11/28,6.78,7.00,6.75,6.93,38734850,267167296.00
2025/12/01,6.98,7.29,6.94,6.97,56238819,397503040.00
2025/12/02,6.97,6.97,6.79,6.86,31623603,216446272.00
2025/12/03,6.87,6.89,6.67,6.72,31084195,209859904.00
2025/12/04,6.68,6.76,6.58,6.61,26977000,178941264.00
2025/12/05,6.62,6.73,6.53,6.69,29771226,198057008.00
2025/12/08,6.71,6.74,6.65,6.68,37455915,250606816.00
2025/12/09,6.65,6.67,6.55,6.57,26632122,175653840.00
2025/12/10,6.57,6.61,6.48,6.56,25533407,166999872.00
2025/12/11,6.59,6.65,6.51,6.51,29608547,194673696.00
2025/12/12,6.54,6.66,6.47,6.61,35697150,234151792.00
2025/12/15,6.58,6.67,6.56,6.64,33745935,223332512.00
2025/12/16,6.61,6.62,6.40,6.43,34107903,220400912.00
2025/12/17,6.47,6.60,6.38,6.59,31524746,205047344.00
2025/12/18,6.52,6.66,6.49,6.54,27816447,183119360.00
2025/12/19,6.56,6.68,6.52,6.64,31085550,205691680.00
2025/12/22,6.65,6.73,6.64,6.67,31617650,211179040.00
2025/12/23,6.70,6.87,6.68,6.79,49429594,335550048.00
2025/12/24,6.77,6.88,6.73,6.82,35766837,243439712.00
2025/12/25,6.79,6.88,6.73,6.85,32546386,221458448.00
2025/12/26,6.92,7.07,6.91,7.00,50866901,355356416.00
2025/12/29,7.01,7.06,6.84,6.86,41378800,285563904.00
2025/12/30,6.81,6.95,6.72,6.92,34237453,234484864.00
2025/12/31,6.95,6.98,6.83,6.89,26077552,179861264.00
2026/01/05,6.93,6.98,6.84,6.95,33165923,229069424.00
2026/01/06,6.99,7.12,6.99,7.07,41559501,293544416.00
2026/01/07,7.10,7.43,7.04,7.28,87169953,629724928.00
2026/01/08,7.25,7.25,7.01,7.08,75750824,537993984.00
2026/01/09,7.06,7.28,7.03,7.28,69188103,498094272.00
2026/01/12,7.42,7.49,7.28,7.36,67559547,496334336.00
2026/01/13,7.34,7.50,7.24,7.33,66006410,485178752.00
2026/01/14,7.30,7.41,7.09,7.19,70437734,512055200.00
2026/01/15,7.13,7.39,7.11,7.32,53778160,393734624.00
2026/01/16,7.39,7.40,7.21,7.29,39086023,284703200.00
2026/01/19,7.30,7.42,7.23,7.38,38813481,285313344.00
2026/01/20,7.38,7.43,7.13,7.26,43968350,318166496.00
2026/01/21,7.22,7.44,7.19,7.41,53396075,393914816.00
2026/01/22,7.42,7.48,7.36,7.45,38353146,284691296.00
2026/01/23,7.50,7.72,7.46,7.68,57982550,441615584.00
2026/01/26,7.70,7.78,7.54,7.62,53609648,410270976.00
2026/01/27,7.55,7.65,7.09,7.29,88334364,641703936.00
2026/01/28,7.28,7.37,7.14,7.33,48499630,352226848.00
2026/01/29,7.27,7.36,7.16,7.18,43956059,318395616.00
2026/01/30,7.15,7.17,6.79,7.01,53201900,370990208.00
2026/02/02,6.98,7.08,6.80,6.83,36956800,256369664.00
2026/02/03,6.90,6.97,6.84,6.94,29457270,203569536.00
2026/02/04,6.95,7.19,6.92,7.14,43845949,311618208.00
2026/02/05,7.09,7.16,6.86,6.92,44212450,307548608.00
2026/02/06,6.83,7.09,6.79,6.97,33871523,236175024.00
2026/02/09,7.07,7.09,7.01,7.05,28385051,200238976.00
2026/02/10,7.07,7.09,6.98,7.07,26424150,185774304.00
2026/02/11,7.06,7.19,7.04,7.09,28608058,204043440.00
2026/02/12,7.10,7.15,7.02,7.08,20853178,147688160.00
2026/02/13,7.05,7.18,7.02,7.04,27744936,197073056.00
2026/02/24,7.15,7.27,7.10,7.18,31516753,226890016.00
2026/02/25,7.17,7.45,7.17,7.40,44441576,327535040.00
2026/02/26,8.10,8.14,7.88,8.14,74676321,603399040.00
2026/02/27,8.55,8.55,7.97,8.36,240901852,1989025280.00
2026/03/02,8.26,8.46,8.07,8.11,145180929,1193154048.00
2026/03/03,8.13,8.17,7.69,7.70,116325349,915824640.00
2026/03/04,7.57,7.91,7.57,7.67,69318246,537348096.00
2026/03/05,7.87,7.92,7.71,7.76,55537582,432734400.00
2026/03/06,7.71,7.85,7.65,7.73,49260800,381823360.00
2026/03/09,7.61,7.69,7.33,7.67,60736376,455521824.00
2026/03/10,7.77,7.88,7.68,7.72,52353758,406173536.00
2026/03/11,7.68,7.90,7.66,7.81,55156916,430841536.00
2026/03/12,7.79,7.87,7.70,7.84,49972244,389299712.00
2026/03/13,7.80,8.03,7.77,7.82,66488699,525731840.00
2026/03/16,7.81,7.88,7.62,7.71,48803889,376134272.00
2026/03/17,7.76,7.86,7.47,7.47,45962344,351022176.00
2026/03/18,7.49,7.55,7.35,7.45,34865257,259168272.00
2026/03/19,7.34,7.35,7.10,7.14,44191523,318506464.00
2026/03/20,7.15,7.42,7.06,7.12,54647032,395175136.00
2026/03/23,7.05,7.23,6.80,6.86,56403927,395134816.00
2026/03/24,7.00,7.07,6.75,7.04,48876650,339193152.00
2026/03/25,7.08,7.21,7.03,7.17,45783264,325643840.00
2026/03/26,7.14,7.39,7.08,7.19,52512693,380484192.00
2026/03/27,7.10,7.58,7.08,7.54,83375851,616191296.00
2026/03/30,7.53,7.61,7.26,7.53,65571187,487112800.00
2026/03/31,7.45,7.48,7.15,7.17,57571457,418158176.00
2026/04/01,7.31,7.43,7.15,7.18,56220841,407302976.00
2026/04/02,7.15,7.33,7.07,7.21,45723776,329909344.00
2026/04/03,7.20,7.30,6.90,6.95,42345839,296655872.00
2026/04/07,6.99,7.17,6.98,7.03,37205141,263106912.00
2026/04/08,7.15,7.27,7.13,7.26,43701388,314278336.00
2026/04/09,7.18,7.27,7.11,7.18,30274694,217519152.00
2026/04/10,7.21,7.56,7.21,7.43,71470733,529616352.00
2026/04/13,7.35,7.51,7.33,7.48,52296007,389619584.00
2026/04/14,7.55,7.70,7.48,7.70,58700740,445903264.00
2026/04/15,7.75,7.75,7.48,7.49,48939838,370447456.00
2026/04/16,7.52,7.69,7.48,7.67,48366870,368747680.00
2026/04/17,7.64,7.82,7.61,7.71,45575632,352034176.00
2026/04/20,7.69,7.78,7.63,7.67,37381475,287220768.00
2026/04/21,7.65,7.80,7.55,7.70,49762869,383240224.00
2026/04/22,7.69,7.83,7.64,7.72,47407755,366155296.00
2026/04/23,7.71,7.72,7.43,7.53,43701345,328847680.00
2026/04/24,7.47,7.78,7.44,7.73,57519098,438916480.00
2026/04/27,7.80,7.83,7.60,7.75,48517290,373982368.00
2026/04/28,7.73,7.90,7.56,7.87,68628015,534595840.00
2026/04/29,7.81,8.03,7.68,8.00,78749955,621623744.00
2026/04/30,7.86,7.86,7.58,7.59,95826518,735505408.00
2026/05/06,7.63,7.77,7.45,7.72,77445601,589956800.00
2026/05/07,7.70,7.72,7.44,7.56,78204786,591257280.00
2026/05/08,7.53,8.03,7.47,7.48,113399375,869340672.00
2026/05/11,7.46,7.61,7.25,7.28,83391575,612724544.00
2026/05/12,7.28,7.28,7.03,7.08,58118404,412959808.00
2026/05/13,7.05,7.11,7.01,7.10,42521548,301055520.00
2026/05/14,7.10,7.12,6.85,6.86,47533071,329518848.00
2026/05/15,6.83,6.94,6.80,6.84,35897790,246204736.00
2026/05/18,6.80,6.85,6.70,6.78,25515723,173035840.00
2026/05/19,6.78,6.79,6.63,6.73,33100258,221695616.00
2026/05/20,6.68,6.69,6.51,6.63,31498926,207752512.00
2026/05/21,6.65,6.78,6.55,6.55,33967286,227190464.00
2026/05/22,6.55,6.61,6.48,6.56,27906549,182495264.00
2026/05/25,6.56,6.58,6.25,6.34,42909996,273324320.00
2026/05/26,6.31,6.35,6.15,6.23,30352179,189326464.00
2026/05/27,6.24,6.36,6.07,6.10,30802562,191279568.00
2026/05/28,6.08,6.15,5.96,6.13,33953313,205712192.00
2026/05/29,6.15,6.15,5.87,5.90,33941795,203078608.00
2026/06/01,5.99,6.25,5.95,6.11,40480767,247849728.00
2026/06/02,6.08,6.14,5.90,6.00,29637463,177174832.00
2026/06/03,5.97,6.01,5.86,5.90,27248447,161902448.00
2026/06/04,5.86,5.86,5.61,5.67,37479711,214432352.00
2026/06/05,5.65,5.79,5.53,5.68,33291427,188615744.00
2026/06/08,5.54,5.71,5.38,5.47,26968876,149319552.00
2026/06/09,5.52,5.59,5.41,5.57,24823307,136408192.00
2026/06/10,5.50,5.55,5.37,5.46,23580228,128401984.00
2026/06/11,5.40,5.50,5.33,5.40,21456592,115896784.00
2026/06/12,5.50,5.65,5.42,5.57,34680759,192904272.00
2026/06/15,5.65,5.76,5.57,5.63,34200987,193267376.00
2026/06/16,5.80,6.07,5.63,6.06,73910205,430759456.00
2026/06/17,5.99,5.99,5.78,5.83,53611178,314123200.00
2026/06/18,5.75,5.86,5.67,5.68,30761760,176359152.00
2026/06/22,5.68,5.87,5.47,5.85,38251358,217220336.00
2026/06/23,5.83,5.84,5.63,5.65,27498655,157304368.00
2026/06/24,5.60,5.69,5.48,5.53,22072910,122505504.00
2026/06/25,5.55,5.55,5.32,5.33,26066247,140827200.00
2026/06/26,5.36,5.36,5.02,5.06,32507744,167097712.00
2026/06/29,4.99,5.04,4.84,4.98,29649592,146754368.00
2026/06/30,4.96,5.09,4.95,5.04,23093961,115885944.00
2026/07/01,5.03,5.13,4.93,5.08,28739009,144812912.00
2026/07/02,5.05,5.12,5.02,5.02,22907765,116325352.00
2026/07/03,5.06,5.11,5.02,5.07,20052550,101546312.00
2026/07/06,5.07,5.15,4.98,5.02,23718582,119979160.00
2026/07/07,5.02,5.06,4.91,4.93,19215967,95609840.00
2026/07/08,4.90,4.93,4.75,4.77,21508321,103517008.00
2026/07/09,4.76,4.79,4.57,4.68,27044598,126081936.00
2026/07/10,4.69,4.79,4.60,4.72,24673597,116461584.00
2026/07/13,4.68,4.73,4.52,4.53,27079812,124350208.00
2026/07/14,4.53,4.66,4.50,4.64,21485518,98461936.00
2026/07/15,4.64,4.77,4.60,4.68,19958900,93596272.00
2026/07/16,4.66,4.74,4.60,4.66,19866372,92927608.00
2026/07/17,4.66,4.74,4.53,4.54,25968390,120148032.00
2026/07/20,4.55,4.66,4.48,4.62,27566732,126167456.00
2026/07/21,4.59,4.75,4.59,4.71,31952570,149811200.00
2026/07/22,4.68,4.73,4.57,4.62,26120985,121309032.00
2026/07/23,4.61,4.80,4.59,4.78,32880375,156014736.00
2026/07/24,4.73,4.82,4.63,4.63,25832600,121713296.00
2026/07/27,4.63,4.84,4.63,4.81,31781148,151553232.00
2026/07/28,4.75,4.89,4.75,4.89,28271080,137233392.00
2026/07/29,4.92,5.07,4.83,5.03,35535800,176800720.00
2026/07/30,5.01,5.14,4.99,5.08,30373217,154268560.00
2026/07/31,5.08,5.15,5.05,5.07,28379637,144460224.00
2026/08/03,5.07,5.20,5.04,5.19,21567726,110956240.00
2026/08/04,5.20,5.25,5.13,5.14,24492509,126591008.00
2026/08/05,5.15,5.16,5.06,5.09,27364383,139673360.00
2026/08/06,5.06,5.10,4.94,5.00,28503110,142823776.00
2026/08/07,5.00,5.01,4.90,4.97,20850900,103436376.00
2026/08/10,4.97,5.06,4.95,5.03,22983900,115441712.00
2026/08/11,5.02,5.05,4.96,4.99,16326150,81709408.00
2026/08/12,4.98,5.05,4.96,5.01,14642900,73319304.00
2026/08/13,5.02,5.03,4.89,4.89,25010900,123572008.00
2026/08/14,4.93,4.99,4.83,4.90,20856950,102709632.00
2026/08/17,4.92,4.97,4.85,4.96,19181024,94479088.00
2026/08/18,4.96,5.00,4.88,4.90,21160574,104309336.00
2026/08/19,4.88,4.92,4.77,4.79,26458718,127734536.00
2026/08/20,4.78,4.83,4.77,4.80,16064096,77222432.00
2026/08/21,4.80,4.90,4.73,4.88,19274761,93280816.00
2026/08/24,4.87,4.97,4.86,4.91,19718284,96780600.00
2026/08/25,4.89,4.95,4.83,4.93,23733450,116209080.00
2026/08/26,4.93,5.02,4.90,4.96,23634592,117597000.00
2026/08/27,4.97,4.97,4.80,4.91,29956764,145925952.00
2026/08/28,4.90,4.99,4.88,4.96,24624300,121494552.00
2026/08/31,4.95,4.96,4.84,4.89,20275900,98999576.00
2026/09/01,4.89,4.94,4.86,4.91,20117319,98654416.00
2026/09/02,4.87,4.87,4.73,4.80,25667678,122725552.00
2026/09/03,4.82,4.86,4.79,4.80,15865105,76550936.00
2026/09/04,4.82,4.88,4.73,4.76,20590509,99279608.00
2026/09/07,4.76,4.80,4.74,4.76,15771329,75247352.00
2026/09/08,4.76,4.85,4.74,4.82,19642400,94550656.00
2026/09/09,4.82,4.84,4.78,4.81,14023646,67478224.00
2026/09/10,4.81,4.82,4.74,4.78,13730699,65580224.00
2026/09/11,4.77,4.77,4.60,4.68,20666664,96331952.00
2026/09/14,4.66,4.77,4.64,4.73,12458675,58833508.00
#数据来源:通达信
