600449 宁夏建材 日线 前复权
      日期	    开盘	    最高	    最低	    收盘	    成交量	    成交额
2021/08/02,8.40,9.44,8.26,9.32,9325458,97866336.00
2021/08/03,9.32,9.47,9.17,9.37,5170471,56312520.00
2021/08/04,9.40,9.42,9.21,9.31,3807424,41305036.00
2021/08/05,9.25,9.63,9.24,9.53,5681263,62878504.00
2021/08/06,9.45,9.51,9.30,9.42,3318295,36265648.00
2021/08/09,9.37,9.88,9.34,9.71,5743874,64646624.00
2021/08/10,9.70,9.76,9.58,9.75,3042800,34148312.00
2021/08/11,9.77,9.93,9.70,9.84,4443850,50469996.00
2021/08/12,9.90,9.92,9.77,9.88,2801939,31926222.00
2021/08/13,9.88,9.94,9.80,9.91,2682100,30643440.00
2021/08/16,10.02,10.22,9.90,9.91,3292557,38073636.00
2021/08/17,9.92,10.14,9.78,9.80,4590054,52873476.00
2021/08/18,9.84,10.29,9.84,10.27,7764962,90652184.00
2021/08/19,10.35,10.35,10.05,10.06,4859810,56756320.00
2021/08/20,9.93,10.44,9.81,10.39,9054655,106003848.00
2021/08/23,10.39,10.41,10.23,10.26,6905944,81724328.00
2021/08/24,10.28,10.30,9.87,10.02,6693022,77608240.00
2021/08/25,10.01,10.12,9.91,10.09,3194822,37100296.00
2021/08/26,10.17,10.18,9.93,9.94,3013457,34916388.00
2021/08/27,9.88,10.10,9.85,9.98,2533182,29146236.00
2021/08/30,10.02,10.02,9.53,9.56,5123140,57564860.00
2021/08/31,9.53,10.00,9.53,9.97,5787484,66077740.00
2021/09/01,9.95,10.73,9.87,10.58,14399625,173140784.00
2021/09/02,10.59,10.73,10.40,10.58,8939977,108445552.00
2021/09/03,10.51,10.57,10.23,10.39,6984195,83283752.00
2021/09/06,10.41,10.66,10.41,10.60,6185644,74991376.00
2021/09/07,10.69,10.89,10.60,10.77,7792105,95902968.00
2021/09/08,10.80,11.07,10.74,10.76,7831632,97230104.00
2021/09/09,10.69,11.65,10.67,11.53,17438084,223203728.00
2021/09/10,11.45,12.30,11.41,11.59,21515692,288957376.00
2021/09/13,11.58,11.94,11.52,11.80,11638458,154560272.00
2021/09/14,11.68,11.74,11.08,11.15,13845464,179112896.00
2021/09/15,11.13,11.31,10.77,10.88,8468848,106081480.00
2021/09/16,10.85,11.42,10.85,10.91,11657863,147662080.00
2021/09/17,11.04,11.44,10.72,11.06,11841899,149790016.00
2021/09/22,10.85,11.32,10.85,11.22,8831834,112253408.00
2021/09/23,11.33,11.55,11.01,11.30,11284041,144698208.00
2021/09/24,11.28,11.29,10.36,10.41,12856203,157688032.00
2021/09/27,10.47,10.52,9.65,9.85,7235011,83208416.00
2021/09/28,9.81,9.94,9.66,9.84,4137832,46984408.00
2021/09/29,9.74,9.90,9.45,9.65,5670217,63764128.00
2021/09/30,9.65,9.80,9.63,9.67,2770284,31161118.00
2021/10/08,9.81,9.87,9.71,9.81,3169501,35913784.00
2021/10/11,9.81,10.07,9.81,9.90,4200453,48200924.00
2021/10/12,9.81,9.90,9.51,9.60,3431593,38470276.00
2021/10/13,9.58,9.63,9.24,9.48,3873134,42462184.00
2021/10/14,9.50,9.55,9.38,9.46,1485756,16361958.00
2021/10/15,9.46,9.57,9.43,9.47,1879339,20749632.00
2021/10/18,9.48,9.86,9.25,9.84,4028813,45314416.00
2021/10/19,9.86,9.87,9.67,9.70,2090056,23554500.00
2021/10/20,9.66,9.69,9.48,9.53,2250900,24993196.00
2021/10/21,9.55,9.68,9.51,9.60,1783288,19848086.00
2021/10/22,9.62,9.92,9.60,9.66,4054800,45785688.00
2021/10/25,9.60,9.60,9.32,9.48,2561798,28078868.00
2021/10/26,9.44,9.49,9.35,9.38,1779234,19461584.00
2021/10/27,9.30,9.33,9.09,9.11,3833710,41121680.00
2021/10/28,9.11,9.25,8.97,9.11,1907697,20277238.00
2021/10/29,9.07,9.20,9.07,9.16,1827472,19537800.00
2021/11/01,9.15,9.22,9.10,9.20,2042841,21899748.00
2021/11/02,9.19,9.25,8.75,8.83,3174239,33394710.00
2021/11/03,8.83,8.98,8.81,8.92,1608799,16803460.00
2021/11/04,8.96,8.97,8.80,8.93,1595596,16655119.00
2021/11/05,8.93,8.93,8.67,8.69,2112700,21833502.00
2021/11/08,8.71,8.92,8.64,8.87,1371473,14187622.00
2021/11/09,8.90,9.08,8.85,9.04,1964938,20748596.00
2021/11/10,8.99,9.07,8.86,9.03,1348700,14147470.00
2021/11/11,9.03,9.50,9.02,9.44,5488177,59838064.00
2021/11/12,9.46,9.46,9.27,9.34,2787100,30344004.00
2021/11/15,9.27,9.54,9.27,9.54,2703900,29703236.00
2021/11/16,9.46,9.63,9.38,9.40,1977200,21743976.00
2021/11/17,9.38,9.44,9.34,9.41,1117044,12219277.00
2021/11/18,9.37,9.44,9.31,9.33,1519200,16583325.00
2021/11/19,9.35,9.42,9.25,9.41,2024633,22023126.00
2021/11/22,9.42,9.47,9.32,9.36,2682120,29241444.00
2021/11/23,9.35,9.54,9.32,9.42,2376017,26084448.00
2021/11/24,9.37,9.49,9.34,9.46,2085418,22863924.00
2021/11/25,9.45,9.51,9.36,9.44,2211796,24320816.00
2021/11/26,9.45,9.46,9.30,9.34,1988484,21691344.00
2021/11/29,9.21,9.34,9.18,9.19,2000207,21587676.00
2021/11/30,9.23,9.39,9.18,9.24,2400402,26013678.00
2021/12/01,9.23,9.39,9.16,9.37,3183976,34443456.00
2021/12/02,9.39,9.92,9.37,9.73,8884710,99894328.00
2021/12/03,9.69,9.79,9.59,9.74,3899402,43881436.00
2021/12/06,9.78,9.93,9.66,9.68,4185298,47450520.00
2021/12/07,9.75,9.93,9.66,9.76,3993101,45172640.00
2021/12/08,9.83,9.84,9.65,9.82,3404195,38520276.00
2021/12/09,9.82,10.02,9.79,9.88,3740587,42788140.00
2021/12/10,9.88,9.92,9.74,9.85,2834192,32247280.00
2021/12/13,9.92,10.24,9.88,10.15,7304405,85117784.00
2021/12/14,10.10,10.19,10.00,10.13,4059191,47264928.00
2021/12/15,10.15,10.64,10.15,10.38,9144930,109549200.00
2021/12/16,10.40,10.55,10.33,10.55,4205481,50411592.00
2021/12/17,10.59,10.70,10.38,10.65,5403733,65500672.00
2021/12/20,10.61,10.61,10.42,10.44,3520895,42361184.00
2021/12/21,10.36,10.93,10.36,10.82,7276005,89652792.00
2021/12/22,10.83,10.90,10.63,10.84,4090798,50296012.00
2021/12/23,10.84,10.84,10.64,10.73,2844634,34888240.00
2021/12/24,10.70,10.78,10.45,10.48,3715273,44876132.00
2021/12/27,10.48,10.62,10.37,10.49,4634151,55736976.00
2021/12/28,10.53,10.57,10.15,10.36,5838800,69315272.00
2021/12/29,10.43,10.43,10.28,10.32,2235222,26602400.00
2021/12/30,10.30,10.47,10.30,10.34,2550100,30453868.00
2021/12/31,10.34,10.56,10.30,10.48,3080251,37004988.00
2022/01/04,10.58,10.81,10.45,10.74,4204478,51504580.00
2022/01/05,10.80,10.89,10.64,10.75,3610323,44397288.00
2022/01/06,10.74,11.11,10.67,10.99,5969436,74913056.00
2022/01/07,10.99,11.20,10.89,11.04,4402935,55686352.00
2022/01/10,11.10,11.20,10.96,11.09,3774834,47577096.00
2022/01/11,11.05,11.25,11.00,11.05,3407301,43203532.00
2022/01/12,10.97,11.05,10.75,10.77,4827295,59748356.00
2022/01/13,10.75,10.96,10.57,10.64,3297456,40590316.00
2022/01/14,10.64,10.64,10.30,10.31,5207497,62390024.00
2022/01/17,10.38,10.87,10.31,10.78,6922170,84145160.00
2022/01/18,10.86,10.90,10.54,10.61,3236254,39503664.00
2022/01/19,10.62,11.11,10.61,11.05,7675650,96232056.00
2022/01/20,11.05,11.05,10.78,10.82,4824000,59988080.00
2022/01/21,10.77,10.83,10.51,10.62,3608573,43916336.00
2022/01/24,10.77,10.98,10.49,10.93,5348600,66050640.00
2022/01/25,10.85,10.85,10.24,10.25,4387218,52960984.00
2022/01/26,10.26,10.83,10.25,10.62,4673053,56845532.00
2022/01/27,10.64,10.64,10.28,10.34,3232114,38673032.00
2022/01/28,10.44,10.49,9.95,10.22,3534247,41571952.00
2022/02/07,10.34,11.04,10.34,10.97,7902960,98052624.00
2022/02/08,11.04,11.06,10.83,11.06,4975643,62319184.00
2022/02/09,11.05,11.28,10.95,11.08,4792865,60431692.00
2022/02/10,11.06,11.73,10.98,11.72,16135872,210899376.00
2022/02/11,11.81,11.85,11.49,11.55,12348058,163038720.00
2022/02/14,11.45,11.63,11.30,11.37,9624049,125271504.00
2022/02/15,11.37,11.61,11.25,11.36,6016457,77737152.00
2022/02/16,11.40,11.75,11.38,11.75,8616936,113467424.00
2022/02/17,11.81,11.81,11.44,11.61,7444156,97850488.00
2022/02/18,11.59,12.30,11.40,12.25,16854853,228762528.00
2022/02/21,12.25,12.35,12.06,12.35,9985582,137583408.00
2022/02/22,12.20,12.30,11.98,12.10,7383780,100976488.00
2022/02/23,12.08,12.20,11.80,12.20,8809335,118864104.00
2022/02/24,12.06,12.07,11.42,11.47,9374002,124419376.00
2022/02/25,11.54,11.75,11.43,11.50,6073092,79871120.00
2022/02/28,11.48,11.62,11.26,11.60,4826666,62784656.00
2022/03/01,11.58,11.81,11.50,11.65,4637231,61090432.00
2022/03/02,11.62,11.72,11.49,11.56,5058492,66347876.00
2022/03/03,11.61,12.05,11.58,11.80,5871992,78371248.00
2022/03/04,11.75,11.75,11.40,11.47,4774217,62292648.00
2022/03/07,11.43,11.72,11.42,11.45,4900262,64271412.00
2022/03/08,11.41,11.51,11.08,11.24,4127929,53048580.00
2022/03/09,11.38,11.81,10.72,11.28,5790468,74001816.00
2022/03/10,11.42,11.54,11.17,11.28,6872278,88777264.00
2022/03/11,11.19,11.32,10.85,11.24,4967189,62618752.00
2022/03/14,11.14,11.34,10.82,10.85,4196716,53122128.00
2022/03/15,10.80,10.83,9.90,9.96,7962308,94347416.00
2022/03/16,10.08,10.20,9.59,10.16,4646760,53458232.00
2022/03/17,10.28,10.56,10.23,10.33,5341535,63901928.00
2022/03/18,10.34,10.69,10.33,10.64,3726377,45086456.00
2022/03/21,10.78,10.85,10.55,10.74,5181224,63292432.00
2022/03/22,10.74,11.15,10.59,10.97,5566860,69448752.00
2022/03/23,11.00,11.15,10.84,10.99,3687453,46144904.00
2022/03/24,10.87,10.98,10.70,10.77,3550402,43854892.00
2022/03/25,10.78,10.95,10.71,10.79,2935710,36384696.00
2022/03/28,10.82,12.02,10.70,12.02,18642581,247542528.00
2022/03/29,12.11,12.80,11.89,12.42,32207313,448565888.00
2022/03/30,12.16,12.73,12.04,12.53,20500516,286202816.00
2022/03/31,12.54,12.75,12.42,12.52,14469195,204374528.00
2022/04/01,12.45,12.59,12.10,12.50,15319158,213740256.00
2022/04/06,12.46,12.96,12.37,12.81,15574876,221713472.00
2022/04/07,12.66,13.30,12.57,12.70,17201561,249297392.00
2022/04/08,12.71,13.02,12.56,12.87,15086558,216303168.00
2022/04/11,13.00,13.25,12.72,12.98,18935077,275254048.00
2022/04/12,12.66,12.80,11.96,12.57,15163236,212923712.00
2022/04/13,12.62,12.62,12.10,12.20,9326337,129401344.00
2022/04/14,12.32,12.78,12.15,12.68,8972779,126447208.00
2022/04/29,13.41,13.41,11.26,11.49,33814360,445219904.00
2022/05/05,10.96,11.22,10.66,11.02,17277794,216281824.00
2022/05/06,10.89,10.97,10.56,10.63,9873301,121556624.00
2022/05/09,10.60,11.28,10.49,11.02,10980265,138667824.00
2022/05/10,10.85,11.33,10.66,11.19,12171155,152861424.00
2022/05/11,11.15,11.25,10.83,10.88,13155231,165161408.00
2022/05/12,10.85,11.14,10.76,10.99,7933189,99271600.00
2022/05/13,10.97,11.27,10.94,11.26,10316803,130941720.00
2022/05/16,11.27,11.40,11.06,11.20,6144794,78289488.00
2022/05/17,11.20,11.20,10.87,11.03,7877261,98718200.00
2022/05/18,10.97,11.80,10.93,11.53,13092191,169755008.00
2022/05/19,11.25,11.42,11.07,11.24,8000983,102256568.00
2022/05/20,11.21,11.31,11.14,11.27,6016916,76917056.00
2022/05/23,11.23,11.70,11.18,11.55,8424076,109948040.00
2022/05/24,11.67,11.67,10.98,10.98,8835259,113431056.00
2022/05/25,10.99,11.39,10.95,11.24,5987497,76550720.00
2022/05/26,11.30,11.58,11.22,11.50,7071502,91999224.00
2022/05/27,11.45,11.58,11.35,11.43,5005080,65006760.00
2022/05/30,11.59,11.89,11.45,11.70,7232190,91497328.00
2022/05/31,11.68,11.84,11.51,11.80,5272376,66823332.00
2022/06/01,11.79,12.44,11.69,12.21,9332033,122603184.00
2022/06/02,12.22,12.27,12.01,12.22,6280552,82615992.00
2022/06/06,12.19,12.19,11.81,12.02,7946791,102973952.00
2022/06/07,12.02,12.19,11.75,11.91,7327901,94757680.00
2022/06/08,11.90,12.03,11.63,11.83,4948917,63602632.00
2022/06/09,11.76,11.79,11.38,11.45,6842380,85914368.00
2022/06/10,11.52,11.52,11.30,11.40,7728231,96033576.00
2022/06/13,11.32,11.44,11.13,11.36,6292600,77269840.00
2022/06/14,11.34,11.34,11.07,11.25,4236284,51643064.00
2022/06/15,11.27,11.52,11.23,11.40,5891639,73140392.00
2022/06/16,11.39,11.39,11.16,11.20,4797136,58763796.00
2022/06/17,11.09,11.20,10.85,10.95,6521203,78163712.00
2022/06/20,10.97,11.24,10.97,11.06,5248865,63699888.00
2022/06/21,11.02,11.18,10.93,11.06,4548605,54901384.00
2022/06/22,11.01,11.09,10.72,10.78,6109325,72455872.00
2022/06/23,10.71,10.84,10.58,10.78,6985580,81675600.00
2022/06/24,10.79,10.87,10.69,10.75,4762021,56100492.00
2022/06/27,10.81,10.95,10.76,10.89,4529676,53724132.00
2022/06/28,10.85,10.98,10.81,10.97,3380112,40331724.00
2022/06/29,11.11,11.27,11.00,11.08,8255700,100168824.00
2022/06/30,11.07,11.22,11.01,11.16,5825229,70606768.00
2022/07/01,11.17,11.30,11.11,11.23,5524338,67583184.00
2022/07/04,11.23,11.36,11.21,11.29,3661318,44950500.00
2022/07/05,11.34,11.34,11.20,11.28,4832642,59389372.00
2022/07/06,11.22,11.27,11.00,11.09,4788792,57950848.00
2022/07/07,11.10,11.24,11.03,11.11,2522811,30607686.00
2022/07/08,11.15,11.15,11.01,11.07,2899899,35017956.00
2022/07/11,11.06,11.24,10.92,11.15,3358257,40604760.00
2022/07/12,11.12,11.37,11.10,11.36,4938610,60659672.00
2022/07/13,11.36,11.42,11.21,11.29,4013029,49309920.00
2022/07/14,11.26,11.28,11.11,11.14,3184336,38746336.00
2022/07/15,11.14,11.15,10.88,10.89,3416104,41001776.00
2022/07/18,10.87,11.15,10.87,11.05,3063806,36968696.00
2022/07/19,11.14,11.24,11.01,11.16,2954102,35907548.00
2022/07/20,11.24,11.24,11.10,11.19,1914638,23272358.00
2022/07/21,11.19,11.19,11.03,11.03,2196892,26573960.00
2022/07/22,11.08,11.17,10.93,11.04,2241442,26971424.00
2022/07/25,11.05,11.15,10.90,10.92,2370181,28482852.00
2022/07/26,10.90,11.08,10.90,11.06,2738899,32904256.00
2022/07/27,11.07,11.08,10.97,11.00,1586355,19078172.00
2022/07/28,11.00,11.08,10.95,10.97,2058194,24733056.00
2022/07/29,10.96,11.03,10.88,10.93,2724599,32532592.00
2022/08/01,10.92,10.99,10.80,10.94,2817429,33496382.00
2022/08/02,10.80,10.83,10.32,10.50,6771221,78048248.00
2022/08/03,10.57,10.75,10.43,10.45,2943092,34143852.00
2022/08/04,10.50,10.59,10.37,10.52,2290900,26272478.00
2022/08/05,10.53,10.66,10.44,10.62,1918452,22195500.00
2022/08/08,10.58,10.78,10.56,10.69,2041622,23846248.00
2022/08/09,10.67,10.69,10.61,10.65,1508457,17578462.00
2022/08/10,10.65,10.72,10.58,10.65,1506978,17612000.00
2022/08/11,10.71,10.99,10.71,10.98,3763451,44743484.00
2022/08/12,10.98,11.02,10.90,10.95,1471865,17613952.00
2022/08/15,10.96,11.04,10.87,10.96,2078546,24868096.00
2022/08/16,10.99,11.14,10.98,11.04,2250327,27145514.00
2022/08/17,11.12,11.13,10.99,11.04,2134115,25723990.00
2022/08/18,11.06,11.06,10.95,10.97,1988500,23840008.00
2022/08/19,11.02,11.04,10.96,10.98,1401541,16826824.00
2022/08/22,10.97,11.29,10.97,11.22,5034246,61392360.00
2022/08/23,11.20,11.27,11.00,11.12,3537000,42833408.00
2022/08/24,11.17,11.32,11.04,11.20,4978360,60715464.00
2022/08/25,11.19,11.34,11.17,11.27,3788308,46410632.00
2022/08/26,11.37,11.53,11.24,11.45,7508419,93299984.00
2022/08/29,11.44,11.71,11.31,11.60,6533914,81918296.00
2022/08/30,11.69,11.79,11.49,11.77,6992471,88605008.00
2022/08/31,11.74,11.74,11.38,11.40,7779566,97551224.00
2022/09/01,11.51,11.69,11.41,11.64,6837467,86205712.00
2022/09/02,11.61,11.70,11.41,11.51,4304653,53981536.00
2022/09/05,11.46,11.67,11.41,11.62,3434154,43155516.00
2022/09/06,11.65,11.72,11.59,11.65,3392100,42980176.00
2022/09/07,11.63,11.68,11.51,11.53,3067300,38576432.00
2022/09/08,11.53,11.62,11.37,11.52,4493200,56029160.00
2022/09/09,11.52,11.93,11.52,11.75,6348367,81050464.00
2022/09/13,11.86,11.86,11.59,11.65,4705006,59814008.00
2022/09/14,11.54,11.78,11.49,11.68,3559500,45146612.00
2022/09/15,11.79,11.87,11.60,11.70,4433526,56352304.00
2022/09/16,11.76,11.83,11.33,11.35,5973734,75028464.00
2022/09/19,11.43,11.45,11.15,11.23,4658045,57197160.00
2022/09/20,11.31,11.38,11.17,11.24,2436296,29883012.00
2022/09/21,11.28,11.29,11.00,11.26,4493505,54497692.00
2022/09/22,11.15,11.31,11.12,11.13,2687873,32769306.00
2022/09/23,11.22,11.29,11.02,11.06,2584200,31443840.00
2022/09/26,11.06,11.12,10.84,10.88,3715132,44527308.00
2022/09/27,10.89,11.04,10.82,10.96,2114487,25243804.00
2022/09/28,10.96,10.97,10.68,10.68,3061200,36197264.00
2022/09/29,10.83,10.89,10.66,10.71,2814400,33107392.00
2022/09/30,10.72,10.84,10.65,10.73,2896448,34092608.00
2022/10/10,10.74,11.02,10.72,10.80,2975100,35366016.00
2022/10/11,10.84,10.84,10.56,10.74,3028147,35461676.00
2022/10/12,10.75,10.83,10.51,10.83,3002708,35088944.00
2022/10/13,10.79,10.93,10.72,10.84,2745308,32446932.00
2022/10/14,10.91,11.03,10.89,10.98,2712008,32505376.00
2022/10/17,10.99,11.15,10.86,11.10,4696912,56542184.00
2022/10/18,11.09,11.17,11.03,11.13,3443170,41703936.00
2022/10/19,11.13,11.14,10.92,10.94,2289240,27533332.00
2022/10/20,10.91,11.00,10.81,10.92,3195795,38127048.00
2022/10/21,10.94,11.08,10.86,10.89,2831730,33933640.00
2022/10/24,10.93,11.05,10.71,10.85,3755029,44624956.00
2022/10/25,10.79,10.86,10.61,10.69,4093298,48006036.00
2022/10/26,10.71,10.95,10.63,10.93,4277229,50771728.00
2022/10/27,10.98,11.06,10.89,11.00,4009304,48105436.00
2022/10/28,10.98,10.98,10.56,10.59,4121491,48416568.00
2022/10/31,10.56,10.64,10.35,10.42,4825962,55538464.00
2022/11/01,10.48,10.57,10.36,10.55,4991372,57113992.00
2022/11/02,10.50,10.67,10.43,10.62,2251800,26140800.00
2022/11/03,10.56,10.76,10.52,10.73,2699158,31451376.00
2022/11/04,10.75,10.82,10.68,10.79,3172086,37339228.00
2022/11/07,10.74,10.91,10.71,10.90,2595280,30734624.00
2022/11/08,10.86,11.03,10.78,10.91,2572699,30622614.00
2022/11/09,10.94,11.02,10.83,10.84,1696585,20218836.00
2022/11/10,10.81,10.93,10.74,10.88,2746000,32596932.00
2022/11/11,11.01,11.21,10.95,11.05,6595265,79726152.00
2022/11/14,11.09,11.26,10.92,10.96,5680895,68670192.00
2022/11/15,10.95,11.10,10.88,11.07,3385500,40704928.00
2022/11/16,11.08,11.11,10.93,10.95,3424158,41076732.00
2022/11/17,10.92,11.23,10.89,11.16,4168200,50536376.00
2022/11/18,11.23,11.27,11.12,11.19,3232198,39496904.00
2022/11/21,11.24,11.36,11.09,11.32,4316304,53115016.00
2022/11/22,11.36,11.59,11.30,11.49,4317212,53866860.00
2022/11/23,11.58,11.70,11.44,11.64,4849387,61209640.00
2022/11/24,11.67,11.77,11.36,11.45,8046959,100802688.00
2022/11/25,11.44,11.63,11.39,11.49,7299608,91335040.00
2022/11/28,11.40,11.54,11.25,11.45,4999700,62297960.00
2022/11/29,11.54,11.68,11.47,11.61,5726911,72022048.00
2022/11/30,11.55,11.63,11.41,11.47,4229747,52925792.00
2022/12/01,11.59,11.61,11.46,11.49,3096531,38804064.00
2022/12/02,11.49,11.74,11.44,11.71,6184389,78075416.00
2022/12/05,11.74,11.94,11.62,11.86,7141251,91493528.00
2022/12/06,11.87,11.89,11.64,11.67,4847227,61809320.00
2022/12/07,11.67,11.72,11.51,11.60,2864970,36132736.00
2022/12/08,11.62,11.68,11.49,11.67,2854753,35994192.00
2022/12/09,11.60,11.85,11.55,11.85,4625307,58963928.00
2022/12/12,11.75,11.77,11.53,11.54,5005576,63171016.00
2022/12/13,11.56,11.69,11.50,11.62,1984446,24997060.00
2022/12/14,11.67,11.68,11.50,11.58,2418655,30393758.00
2022/12/15,11.56,11.66,11.40,11.48,2487674,31122348.00
2022/12/16,11.49,11.99,11.44,11.69,6641160,84820752.00
2022/12/19,11.72,11.94,11.41,11.45,5079300,64026992.00
2022/12/20,11.41,11.49,11.32,11.44,2907895,36124144.00
2022/12/21,11.44,11.47,11.31,11.38,2100202,26005488.00
2022/12/22,11.47,11.67,11.25,11.29,3298800,41033480.00
2022/12/23,11.26,11.42,11.15,11.39,2896900,35686004.00
2022/12/26,11.38,11.39,11.21,11.29,3149700,38750296.00
2022/12/27,11.32,11.53,11.24,11.36,3193700,39444744.00
2022/12/29,11.25,11.25,10.54,10.82,7221116,85514272.00
2022/12/30,10.83,10.88,10.73,10.86,4021625,47584204.00
2023/01/03,10.86,11.01,10.83,10.90,3708999,44345456.00
2023/01/04,10.97,11.06,10.88,11.06,4218373,50589968.00
2023/01/05,11.06,11.09,10.89,10.92,3752250,44914520.00
2023/01/06,10.92,11.00,10.90,10.93,2537001,30330524.00
2023/01/09,10.94,11.00,10.84,10.86,2806363,33464290.00
2023/01/10,10.86,10.89,10.79,10.86,2446000,28986516.00
2023/01/11,10.87,10.92,10.82,10.86,1937058,23014684.00
2023/01/12,10.86,10.89,10.78,10.86,1961800,23221684.00
2023/01/13,10.88,11.00,10.83,10.97,2461702,29383856.00
2023/01/16,10.99,11.02,10.92,10.95,2576189,30859344.00
2023/01/17,10.97,11.04,10.93,10.98,2271940,27252210.00
2023/01/18,11.03,11.05,10.96,10.98,1335300,16021352.00
2023/01/19,10.95,11.06,10.91,11.04,1851600,22237016.00
2023/01/20,11.07,11.13,11.02,11.10,2122624,25677372.00
2023/01/30,11.15,11.31,11.13,11.14,3507661,42856212.00
2023/01/31,11.13,11.25,11.10,11.25,2895534,35359764.00
2023/02/01,11.26,11.53,11.21,11.45,7040555,87385216.00
2023/02/02,11.48,11.63,11.41,11.49,4772844,59745216.00
2023/02/03,11.47,11.50,11.28,11.45,3427101,42490224.00
2023/02/06,11.40,11.92,11.32,11.89,12422965,157466736.00
2023/02/07,11.80,11.93,11.59,11.69,13349861,169895408.00
2023/02/08,11.74,11.74,11.38,11.38,8646806,107912016.00
2023/02/09,11.40,11.55,11.38,11.52,3804901,47460440.00
2023/02/10,11.57,11.57,11.47,11.52,2845000,35642024.00
2023/02/13,11.52,12.77,11.48,12.77,30288080,404860128.00
2023/02/14,14.15,14.15,14.15,14.15,8758312,132776008.00
2023/02/15,15.67,15.67,15.67,15.67,3955629,65979892.00
2023/02/16,17.34,17.34,17.12,17.34,71747313,1316436096.00
2023/02/17,16.14,16.48,15.51,15.51,76299555,1281420672.00
2023/02/20,14.29,14.87,14.01,14.36,63486095,972675584.00
2023/02/21,14.65,15.26,14.55,14.61,68985126,1091366272.00
2023/02/22,14.39,14.83,14.18,14.75,43204095,674649280.00
2023/02/23,14.52,14.67,13.50,13.57,56864416,849848320.00
2023/02/24,13.67,14.54,13.39,14.07,49919439,745063232.00
2023/02/27,13.94,14.24,13.60,13.67,28212253,419040576.00
2023/02/28,13.91,14.38,13.79,14.24,42345178,641483712.00
2023/03/01,14.24,14.98,14.09,14.60,46743989,730397824.00
2023/03/02,14.49,15.32,14.29,14.59,55133920,869702144.00
2023/03/03,14.77,14.99,14.00,14.33,43082573,666129408.00
2023/03/06,14.45,15.24,14.30,14.78,43692968,688849920.00
2023/03/07,14.68,15.17,14.39,14.39,32788234,513541792.00
2023/03/08,14.54,14.64,14.27,14.50,19617328,302883072.00
2023/03/09,14.39,14.44,13.90,14.06,22420775,339391680.00
2023/03/10,13.89,14.03,13.52,13.55,17764574,262155248.00
2023/03/13,13.55,13.94,13.55,13.77,15418990,228019360.00
2023/03/14,13.94,14.27,13.83,14.15,25361044,383483648.00
2023/03/15,14.99,15.46,14.47,14.84,49503131,787953024.00
2023/03/16,14.90,15.29,14.42,14.64,35482294,562935424.00
2023/03/17,15.99,16.21,15.72,16.21,18928558,324050720.00
2023/03/20,17.93,17.93,16.99,17.10,104924783,1966618880.00
2023/03/21,17.21,17.56,15.74,16.05,65301019,1134880768.00
2023/03/22,15.79,16.34,15.39,16.21,50715149,860946624.00
2023/03/23,15.94,16.47,15.82,15.87,40376325,687717952.00
2023/03/24,16.14,17.14,15.88,16.69,54390976,950007488.00
2023/03/27,16.50,16.82,16.00,16.37,34671858,603325056.00
2023/03/28,16.09,16.97,15.69,16.16,33228444,573917120.00
2023/03/29,16.25,16.68,15.83,15.91,28927130,497676640.00
2023/03/30,15.69,15.81,15.09,15.28,28606227,467707392.00
2023/03/31,15.22,15.37,14.98,15.30,16328519,265151504.00
2023/04/03,15.09,15.44,14.98,15.39,18191630,295672000.00
2023/04/04,15.27,15.73,15.21,15.39,24458855,402105024.00
2023/04/06,15.07,15.12,14.64,14.74,19707276,312533888.00
2023/04/07,14.69,14.91,14.69,14.80,9482564,149935360.00
2023/04/10,14.63,14.89,14.45,14.56,12329272,192732704.00
2023/04/11,14.55,14.83,14.35,14.63,10135696,158396272.00
2023/04/12,14.57,15.09,14.56,14.93,14851148,236612272.00
2023/04/13,14.84,16.35,14.79,15.83,30457258,507867296.00
2023/04/14,15.70,15.96,15.50,15.81,18361096,307785856.00
2023/04/17,15.63,16.17,15.63,15.97,19156180,325793568.00
2023/04/18,16.09,16.09,15.59,15.89,13264352,222615088.00
2023/04/19,16.09,16.19,15.71,15.77,14464582,245143936.00
2023/04/20,15.62,15.86,15.38,15.63,14388930,238418512.00
2023/04/21,15.41,15.58,14.65,14.68,17173601,274950720.00
2023/04/24,14.69,15.17,14.69,14.97,10455259,166772272.00
2023/04/25,14.86,14.96,14.36,14.50,9739435,152295904.00
2023/04/26,14.72,14.98,14.25,14.46,11187804,174566416.00
2023/04/27,14.27,14.27,13.77,13.88,11850755,177473264.00
2023/04/28,13.89,14.62,13.88,14.56,10456245,160319200.00
2023/05/04,14.17,14.70,14.14,14.47,8753603,135394896.00
2023/05/05,14.55,14.67,14.08,14.18,7947062,121582768.00
2023/05/08,14.13,14.63,14.10,14.56,8857175,136653104.00
2023/05/09,14.51,14.76,14.31,14.32,9899209,153946496.00
2023/05/10,14.40,14.42,14.05,14.14,6248241,94916656.00
2023/05/11,14.10,14.13,13.84,13.96,6052837,90697000.00
2023/05/12,13.89,14.34,13.75,13.83,6885453,103310984.00
2023/05/15,13.89,13.91,13.46,13.74,5820644,85179024.00
2023/05/16,13.72,13.79,13.35,13.45,5012121,72787056.00
2023/05/17,13.40,13.68,13.35,13.63,3988314,58124976.00
2023/05/18,13.77,13.77,13.55,13.64,4101109,60171200.00
2023/05/19,13.59,13.59,13.32,13.58,4725084,68435736.00
2023/05/22,13.73,14.17,13.59,13.66,8269796,122272896.00
2023/05/23,13.59,13.80,13.41,13.41,5421307,78933096.00
2023/05/24,13.40,13.51,13.27,13.42,4104655,59062920.00
2023/05/25,13.38,13.50,13.13,13.41,5169231,74030824.00
2023/05/26,13.48,14.07,13.37,13.98,8985032,133127888.00
2023/05/29,13.89,14.60,13.89,14.38,10768889,165856448.00
2023/05/30,14.33,14.60,14.06,14.53,8267151,123754584.00
2023/05/31,14.43,14.89,14.39,14.69,7922593,121322496.00
2023/06/01,14.56,15.02,14.43,14.89,8433812,130032080.00
2023/06/02,14.89,15.01,14.81,14.88,6691800,103966768.00
2023/06/05,14.93,15.24,14.83,15.13,6123277,96368448.00
2023/06/06,15.13,15.18,14.53,14.60,9746779,149971408.00
2023/06/07,14.68,14.98,14.62,14.89,5269394,81527568.00
2023/06/08,14.93,15.23,14.83,14.87,6898088,107609048.00
2023/06/09,14.97,15.13,14.68,14.82,8141716,126271104.00
2023/06/12,14.84,16.36,14.47,16.36,15260489,246203408.00
2023/06/13,16.44,17.23,15.78,16.59,34510908,585299776.00
2023/06/14,16.04,16.28,15.91,16.03,17678428,294980768.00
2023/06/15,16.42,16.96,16.16,16.18,18161927,310362848.00
2023/06/16,16.31,17.08,16.30,16.68,22861051,396906464.00
2023/06/19,16.56,16.63,16.08,16.10,16130931,272413984.00
2023/06/20,15.95,16.11,15.74,15.87,11511063,190091488.00
2023/06/21,15.88,16.02,15.50,15.63,8717505,143308992.00
2023/06/26,15.55,15.86,15.33,15.38,7509709,121571272.00
2023/06/27,15.38,15.57,15.14,15.45,6376988,102266776.00
2023/06/28,16.40,16.44,15.55,15.58,16388040,270526496.00
2023/06/29,15.50,15.56,15.06,15.09,13141036,208519616.00
2023/06/30,15.04,15.23,14.83,14.94,9967799,155503584.00
2023/07/03,15.05,16.50,14.86,16.50,22312155,369813984.00
2023/07/04,16.48,16.73,16.24,16.36,25021696,426776640.00
2023/07/05,16.28,16.35,15.90,15.95,11141024,185876448.00
2023/07/06,16.06,16.13,15.86,15.88,8917909,147894368.00
2023/07/07,15.88,16.02,15.63,15.64,8727384,143252288.00
2023/07/10,15.62,15.75,15.55,15.66,5931467,96496016.00
2023/07/11,15.64,15.83,15.45,15.72,6267304,102116552.00
2023/07/12,15.65,16.05,15.25,15.26,9694817,156426160.00
2023/07/13,15.26,15.63,15.20,15.39,7218802,115866784.00
2023/07/14,15.31,16.18,15.31,15.92,11615447,191191344.00
2023/07/17,15.80,16.11,15.73,16.03,8438227,140016048.00
2023/07/18,15.98,16.37,15.79,15.99,8077391,135021264.00
2023/07/19,17.65,17.65,16.69,16.73,56281410,1017813952.00
2023/07/20,16.37,17.94,16.22,16.83,46014579,816754944.00
2023/07/21,16.18,17.23,15.76,16.15,31653169,535966784.00
2023/07/24,16.15,16.44,15.28,15.86,18983724,312740352.00
2023/07/25,16.03,16.55,15.90,16.29,17261661,291416320.00
2023/07/26,16.18,16.46,15.83,15.96,13899228,232863872.00
2023/07/27,15.86,16.05,15.56,15.63,10141528,166259600.00
2023/07/28,15.58,15.82,15.56,15.69,8192831,133701104.00
2023/07/31,15.75,16.11,15.69,15.89,10043929,166153392.00
2023/08/01,15.83,15.90,15.59,15.67,8004186,130784584.00
2023/08/02,15.60,16.29,15.59,16.12,11765481,195620928.00
2023/08/03,16.08,16.66,16.03,16.13,8592319,144527472.00
2023/08/04,16.38,16.39,15.93,16.18,10834648,181293024.00
2023/08/07,16.15,16.16,15.83,15.97,6205100,103034792.00
2023/08/08,15.99,15.99,15.68,15.79,5182571,85190376.00
2023/08/09,15.95,15.99,15.52,15.65,5850617,95694032.00
2023/08/10,15.55,15.73,15.54,15.65,3991018,64833844.00
2023/08/11,15.63,15.71,15.21,15.21,5858538,93964296.00
2023/08/14,15.16,15.83,15.08,15.81,7104283,114642160.00
2023/08/15,15.90,15.95,15.58,15.83,5456171,89499536.00
2023/08/16,15.77,15.83,14.98,15.21,8495715,135312320.00
2023/08/17,15.08,15.23,14.83,15.00,6164003,96052024.00
2023/08/18,15.00,15.31,14.78,14.78,4955102,77389440.00
2023/08/21,14.78,15.08,14.68,14.72,4612447,71449816.00
2023/08/22,14.81,15.03,14.68,14.94,5730384,88655240.00
2023/08/23,14.97,15.76,14.84,15.38,11440566,182279936.00
2023/08/24,15.50,15.57,14.88,14.91,8073050,127084232.00
2023/08/25,14.76,14.83,14.38,14.53,6076029,92470064.00
2023/08/28,15.06,15.21,14.53,14.61,6454256,99972680.00
2023/08/29,14.55,15.04,14.47,14.96,5388100,83198960.00
2023/08/30,14.93,15.17,14.87,15.07,5071098,79258872.00
2023/08/31,15.02,15.31,14.89,14.98,4717600,73870496.00
2023/09/01,14.98,15.25,14.94,15.17,4703199,74017552.00
2023/09/04,16.18,16.36,15.51,16.02,18829940,311364192.00
2023/09/05,15.90,16.28,15.76,16.03,10559145,175924000.00
2023/09/06,15.98,16.03,15.70,15.88,7167482,117838736.00
2023/09/07,15.88,17.18,15.78,16.49,19525284,334803328.00
2023/09/08,16.19,16.49,16.13,16.33,9653052,163221872.00
2023/09/11,16.23,16.44,16.04,16.33,7351462,124173624.00
2023/09/12,16.26,16.68,16.04,16.38,10612007,179796384.00
2023/09/13,16.35,16.70,16.18,16.47,11389749,194808464.00
2023/09/14,16.31,16.36,15.77,15.93,12049516,200880944.00
2023/09/15,16.05,16.06,15.75,15.82,5194210,85441776.00
2023/09/18,15.72,15.74,15.54,15.60,5290457,85983760.00
2023/09/19,15.64,15.74,15.55,15.61,3725756,60536336.00
2023/09/20,15.59,15.82,15.57,15.58,3706599,60357992.00
2023/09/21,15.60,15.65,15.38,15.54,3450452,55676976.00
2023/09/22,15.54,15.77,15.46,15.77,4050247,65927956.00
2023/09/25,15.77,15.95,15.58,15.83,5468798,89545728.00
2023/09/26,15.69,16.13,15.69,15.86,5214905,86426480.00
2023/09/27,15.81,16.13,15.78,16.04,6198933,103091480.00
2023/09/28,16.10,16.14,15.99,16.09,4584958,76529928.00
2023/10/09,16.00,16.09,15.78,15.84,4853892,79953544.00
2023/10/10,15.83,15.94,15.70,15.80,4104000,67387784.00
2023/10/11,15.78,15.87,15.73,15.81,2953300,48515052.00
2023/10/12,15.86,16.71,15.77,16.47,12804546,217455840.00
2023/10/13,16.40,16.66,16.23,16.36,9218749,157254048.00
2023/10/16,16.49,18.06,16.48,18.06,15448068,280231712.00
2023/10/17,19.38,19.93,18.74,18.96,58193636,1170087296.00
2023/10/18,20.38,20.92,18.88,20.92,59627881,1254689664.00
2023/10/19,20.91,22.26,19.77,19.95,81620812,1769217920.00
2023/10/20,19.27,20.55,18.32,18.41,58362766,1156902656.00
2023/10/23,18.23,18.79,17.89,18.27,40066629,760988928.00
2023/10/24,18.50,18.77,17.58,17.81,38809242,721253952.00
2023/10/25,18.26,19.56,18.26,18.78,49779258,966046720.00
2023/10/26,18.31,18.76,17.98,18.21,33219959,627768128.00
2023/10/27,18.03,18.49,17.91,18.23,23657616,444147456.00
2023/10/30,18.07,18.36,17.99,18.16,17728943,333238592.00
2023/10/31,18.07,18.10,17.74,17.92,16002671,296448512.00
2023/11/01,17.86,18.08,17.68,17.75,15905553,293768416.00
2023/11/02,17.68,17.76,17.19,17.20,19640841,353777600.00
2023/11/03,17.23,17.38,17.22,17.32,8429500,150984528.00
2023/11/06,17.24,17.66,17.20,17.62,13400248,243332528.00
2023/11/07,17.72,18.32,17.54,18.31,22285141,413996768.00
2023/11/08,18.28,19.70,18.08,18.93,35528924,693204864.00
2023/11/09,18.68,19.27,18.54,18.59,23631058,458200224.00
2023/11/10,18.50,18.80,18.42,18.53,12917834,247637328.00
2023/11/13,18.54,19.47,18.53,19.38,21435857,423015840.00
2023/11/14,19.63,20.32,19.38,19.88,26207136,534210624.00
2023/11/15,20.37,21.93,20.09,21.17,41165975,907188864.00
2023/11/16,20.61,21.21,20.46,20.52,27297304,581878336.00
2023/11/17,20.53,20.80,20.33,20.65,15336195,324818048.00
2023/11/20,20.58,20.73,19.97,20.05,18577796,386169856.00
2023/11/21,20.31,20.36,20.03,20.14,10884233,226409264.00
2023/11/22,20.20,20.75,19.98,20.50,16017752,335101184.00
2023/11/23,19.93,20.36,19.48,20.03,15076790,310908992.00
2023/11/24,19.90,20.17,19.69,19.84,10127859,207771776.00
2023/11/27,19.68,20.06,19.56,19.90,7918613,161961792.00
2023/11/28,19.86,20.17,19.76,20.17,9680152,199763584.00
2023/11/29,20.17,20.48,19.88,19.88,12488397,260101808.00
2023/11/30,19.89,20.48,19.81,20.11,10614048,220310624.00
2023/12/01,20.11,20.53,19.78,20.45,10892017,227278800.00
2023/12/04,20.48,20.80,20.40,20.46,11173879,236688128.00
2023/12/05,20.71,20.81,18.78,18.81,21158920,428304160.00
2023/12/06,18.77,18.91,18.38,18.55,13898326,266759392.00
2023/12/07,18.48,19.12,18.41,18.88,12355424,239021056.00
2023/12/08,19.03,19.03,18.13,18.15,16383478,310947968.00
2023/12/11,17.98,18.62,17.90,18.46,12450785,234332608.00
2023/12/12,18.42,18.67,18.33,18.58,8366357,160141872.00
2023/12/13,18.57,18.71,18.26,18.30,8462287,161104608.00
2023/12/14,18.46,18.62,18.26,18.35,6973940,132888016.00
2023/12/15,18.36,18.67,18.20,18.45,8293822,158420320.00
2023/12/18,18.43,18.56,17.93,18.00,9011754,169339232.00
2023/12/19,18.00,18.17,17.56,17.76,9084204,167414960.00
2023/12/20,17.98,17.98,17.36,17.38,7548400,137100736.00
2023/12/21,17.43,17.65,17.21,17.58,6726817,121506720.00
2023/12/22,17.50,17.67,17.30,17.33,4937891,89319392.00
2023/12/25,17.33,17.57,17.22,17.37,4571231,82104208.00
2023/12/26,17.38,17.44,17.01,17.04,5271733,93742144.00
2023/12/27,17.09,17.19,16.96,17.09,4667957,82535824.00
2023/12/28,16.99,17.37,16.99,17.31,6519932,116378808.00
2023/12/29,17.32,17.53,17.26,17.31,7088131,127530848.00
2024/01/02,17.57,17.71,17.30,17.32,8579299,154988416.00
2024/01/03,17.25,17.33,16.97,17.11,6534631,116038256.00
2024/01/04,17.12,17.58,16.93,17.36,9992172,179128448.00
2024/01/05,17.45,17.53,16.81,16.92,7525715,133676352.00
2024/01/08,16.99,17.06,16.76,16.78,5608529,98192256.00
2024/01/09,16.83,17.22,16.83,17.05,5517892,97387648.00
2024/01/10,17.28,17.31,16.74,17.08,8510596,150683024.00
2024/01/11,17.14,17.32,17.04,17.32,6252349,111628768.00
2024/01/12,17.48,18.07,17.39,17.98,17395862,320367648.00
2024/01/15,18.66,19.34,18.14,19.34,22707263,441225568.00
2024/01/16,18.99,19.23,18.35,18.71,17450630,336451584.00
2024/01/17,16.78,16.78,16.78,16.78,1140900,19851660.00
2024/01/18,15.04,15.04,15.04,15.04,1165800,18256428.00
2024/01/19,14.18,14.46,13.47,13.48,33420698,486606272.00
2024/01/22,13.19,13.28,12.07,12.07,30694715,405029152.00
2024/01/23,11.81,12.65,11.81,12.44,19227232,249911552.00
2024/01/24,12.10,12.52,11.70,12.25,24143373,305754112.00
2024/01/25,12.38,13.37,12.37,13.25,25546744,346007296.00
2024/01/26,13.19,13.44,12.83,13.31,18679577,257769680.00
2024/01/29,13.26,13.47,12.90,12.92,14137939,193939184.00
2024/01/30,12.98,13.26,12.60,12.69,11212096,151849328.00
2024/01/31,12.78,12.85,12.35,12.53,13411163,177538672.00
2024/02/01,13.85,13.85,13.85,13.85,5922200,85694232.00
2024/02/02,14.33,14.33,12.56,13.18,33058904,468880960.00
2024/02/05,12.75,12.75,11.80,11.80,22168623,280097664.00
2024/02/06,11.06,12.34,10.72,11.89,18272473,220769744.00
2024/02/07,11.83,13.14,11.76,13.14,29659869,402676736.00
2024/02/08,12.92,13.51,12.88,13.49,24844915,343004864.00
2024/02/19,13.53,13.88,13.18,13.69,22219579,314033792.00
2024/02/20,13.58,14.06,13.35,13.76,17387394,249033680.00
2024/02/21,13.64,15.20,13.48,14.58,21187383,319726720.00
2024/02/22,15.38,16.10,14.89,15.08,37285539,601909120.00
2024/02/23,15.10,15.37,14.63,15.10,29175760,454170432.00
2024/02/26,14.91,15.25,14.77,14.87,19536599,305136640.00
2024/02/27,14.91,15.76,14.70,15.53,23125302,368440384.00
2024/02/28,15.39,15.79,14.36,14.41,26148843,414736576.00
2024/02/29,14.38,15.05,14.28,14.95,15374363,236645552.00
2024/03/01,15.01,15.26,14.86,15.19,12967439,203482208.00
2024/03/04,15.20,15.72,15.08,15.70,19127795,308107840.00
2024/03/05,15.50,16.03,15.31,15.52,18445966,300066432.00
2024/03/06,15.40,15.83,15.27,15.83,14904512,240576112.00
2024/03/07,15.80,16.21,15.38,15.48,17615374,288220128.00
2024/03/08,15.41,15.93,15.14,15.58,12856092,206688992.00
2024/03/11,15.58,17.20,15.23,17.20,20708317,348587840.00
2024/03/12,17.18,17.18,16.40,16.50,27495170,473734752.00
2024/03/13,16.48,17.75,16.45,17.14,26694204,470141280.00
2024/03/14,16.90,17.38,16.50,16.70,19612916,344847936.00
2024/03/15,16.69,17.01,16.31,16.86,13590637,234943296.00
2024/03/18,16.83,17.36,16.75,17.13,14681028,259464064.00
2024/03/19,16.98,17.26,16.74,16.75,13065063,229820096.00
2024/03/20,16.73,17.06,16.48,16.87,11664996,203173904.00
2024/03/21,16.79,17.06,16.56,16.59,11859041,205992288.00
2024/03/22,16.50,17.33,16.43,16.90,17271390,300713536.00
2024/03/25,16.81,17.31,16.51,16.51,16158083,285138432.00
2024/03/26,16.68,16.80,16.13,16.54,11803900,201728544.00
2024/03/27,16.53,16.57,15.68,15.68,10820945,180554544.00
2024/03/28,15.68,16.45,15.60,15.91,13045008,218089360.00
2024/03/29,15.91,16.06,15.54,15.71,8151614,133312536.00
2024/04/01,15.93,16.14,15.81,15.93,7786422,128923888.00
2024/04/02,15.91,15.92,15.43,15.51,9708810,157785520.00
2024/04/03,15.60,15.60,15.00,15.16,9477518,149568832.00
2024/04/08,15.01,15.01,14.40,14.44,11052616,168868080.00
2024/04/09,14.42,14.68,14.36,14.59,5885830,89209872.00
2024/04/10,14.59,14.63,14.07,14.24,7190338,107308560.00
2024/04/11,14.03,14.56,14.01,14.29,5798294,86880784.00
2024/04/12,14.33,14.49,14.15,14.16,5137672,76830576.00
2024/04/15,14.22,14.41,13.49,13.92,7171571,104435504.00
2024/04/16,13.91,13.99,13.21,13.26,8107396,114506720.00
2024/04/17,13.36,14.13,13.36,14.12,7485578,108392128.00
2024/04/18,14.06,14.20,13.93,13.95,6005851,88230296.00
2024/04/19,13.73,14.12,13.73,13.91,4744514,69018256.00
2024/04/22,13.76,14.12,13.57,13.79,4721282,68158504.00
2024/04/23,13.87,13.97,13.61,13.64,4762960,68500808.00
2024/04/24,13.50,13.61,13.21,13.57,9844220,137812176.00
2024/04/25,13.38,13.65,13.29,13.61,5885320,83223296.00
2024/04/26,13.83,14.24,13.67,14.24,10050901,147263952.00
2024/04/29,14.23,14.75,13.95,14.65,8759789,131546744.00
2024/04/30,14.51,14.73,14.15,14.33,7448668,111567616.00
2024/05/06,14.58,14.83,14.43,14.68,7573100,115400120.00
2024/05/07,14.78,15.06,14.69,14.76,6951870,107450808.00
2024/05/08,14.68,14.78,14.18,14.23,6601055,99242888.00
2024/05/09,14.19,14.44,14.19,14.32,5449876,81488400.00
2024/05/10,14.32,14.32,13.91,14.05,6114300,89627592.00
2024/05/13,13.98,14.11,13.60,13.78,5346800,77331296.00
2024/05/14,13.78,14.00,13.76,13.80,3332368,48185216.00
2024/05/15,13.76,14.05,13.63,13.80,4118200,59615312.00
2024/05/16,13.76,14.22,13.76,14.04,7101000,103997592.00
2024/05/17,14.07,14.18,13.71,14.17,7762201,113405104.00
2024/05/20,14.21,14.62,13.96,14.23,10360790,154290624.00
2024/05/21,14.13,14.32,13.82,13.88,6417200,94009072.00
2024/05/22,13.78,13.95,13.74,13.88,4281950,61929776.00
2024/05/23,13.88,13.91,13.18,13.27,7619494,106974344.00
2024/05/24,13.36,13.36,12.88,12.88,5598800,76586520.00
2024/05/27,12.97,13.06,12.62,12.99,5208799,69897216.00
2024/05/28,12.98,12.98,12.62,12.63,4565216,61078140.00
2024/05/29,12.68,12.83,12.47,12.58,5364100,71087088.00
2024/05/30,12.58,12.66,12.38,12.50,4327153,56846808.00
2024/05/31,12.59,12.63,12.50,12.52,3580700,47212272.00
2024/06/03,12.56,12.57,12.04,12.20,5763472,74157312.00
2024/06/04,12.20,12.36,12.00,12.33,4619958,59098712.00
2024/06/05,12.31,12.32,11.99,12.01,3494690,44685104.00
2024/06/06,12.14,12.17,11.59,11.71,5745760,71338856.00
2024/06/07,11.82,11.95,11.68,11.86,4107300,51134432.00
2024/06/11,11.74,11.94,11.63,11.86,3791000,47089776.00
2024/06/12,11.86,12.02,11.82,11.92,3000200,37688712.00
2024/06/13,12.03,12.03,11.55,11.57,5715100,69133472.00
2024/06/14,11.54,11.74,11.42,11.70,4079300,48911376.00
2024/06/17,11.64,11.72,11.56,11.59,3900792,46782536.00
2024/06/18,11.59,11.69,11.56,11.62,3186900,38248776.00
2024/06/19,11.58,11.71,11.46,11.47,3076321,36685584.00
2024/06/20,11.43,11.51,11.18,11.21,4078000,47539280.00
2024/06/21,11.21,11.58,11.12,11.50,5436103,64103020.00
2024/06/24,11.47,11.50,10.91,10.93,6098221,70030336.00
2024/06/25,10.93,11.16,10.91,10.99,4185471,47662332.00
2024/06/26,10.99,11.91,10.95,11.59,9278350,109891344.00
2024/06/27,11.57,11.59,11.29,11.29,6179869,73005696.00
2024/06/28,11.38,11.62,11.32,11.38,4506900,53422636.00
2024/07/01,11.33,11.57,11.30,11.54,3618700,42813752.00
2024/07/02,11.56,11.73,11.45,11.64,4249906,50878080.00
2024/07/03,11.63,11.91,11.58,11.75,5598800,67998048.00
2024/07/04,11.72,11.74,11.24,11.31,4815100,56865420.00
2024/07/05,11.31,11.57,11.16,11.42,3495623,41201816.00
2024/07/08,11.38,11.41,10.89,10.93,3534105,40448124.00
2024/07/09,10.85,11.21,10.62,11.13,7113023,80298424.00
2024/07/10,11.03,11.07,10.64,10.79,5250023,58993100.00
2024/07/11,10.99,11.31,10.95,11.31,6087073,70271384.00
2024/07/12,11.33,11.37,11.15,11.20,3125410,36364276.00
2024/07/15,11.21,11.23,10.94,10.95,2844200,32368844.00
2024/07/16,10.96,11.02,10.78,10.92,3536000,39737264.00
2024/07/17,10.96,11.04,10.83,10.84,3512501,39613868.00
2024/07/18,10.78,10.84,10.53,10.71,3731800,41144744.00
2024/07/19,10.72,10.82,10.64,10.76,2597700,28841000.00
2024/07/22,10.75,10.79,10.38,10.48,5736179,62369108.00
2024/07/23,10.50,10.57,10.17,10.17,4323376,46421208.00
2024/07/24,10.16,10.27,10.00,10.03,4762633,49942340.00
2024/07/25,9.98,10.28,9.98,10.23,4034452,42528656.00
2024/07/26,10.14,10.39,10.13,10.37,3009531,32195284.00
2024/07/29,10.36,10.44,10.18,10.38,3342701,35812048.00
2024/07/30,10.38,10.49,10.32,10.48,3457218,37327808.00
2024/07/31,10.47,10.99,10.45,10.98,6212884,69429168.00
2024/08/01,10.94,11.10,10.87,10.97,3882900,44003092.00
2024/08/02,10.89,10.94,10.69,10.72,3076563,34422848.00
2024/08/05,10.71,10.87,10.39,10.39,4629800,51015160.00
2024/08/06,10.48,10.65,10.42,10.57,3756327,40973704.00
2024/08/07,10.54,10.59,10.42,10.48,2559776,27831388.00
2024/08/08,10.41,10.65,10.33,10.56,2969400,32288044.00
2024/08/09,10.58,10.68,10.42,10.45,3101900,33897336.00
2024/08/12,9.37,9.57,9.37,9.37,4610400,44984508.00
2024/08/13,8.63,8.89,8.56,8.84,21981925,199651968.00
2024/08/14,8.94,9.18,8.88,9.08,17306006,162924816.00
2024/08/15,9.05,9.56,8.98,9.40,11989938,116408360.00
2024/08/16,9.45,9.48,9.01,9.02,7575900,72524616.00
2024/08/19,9.01,9.35,8.99,9.14,9520300,90959416.00
2024/08/20,9.16,9.23,8.88,8.92,4808256,44950944.00
2024/08/21,8.91,8.99,8.75,8.88,4407707,40651420.00
2024/08/22,8.72,8.93,8.69,8.73,4557772,41772908.00
2024/08/23,8.69,9.13,8.65,8.88,7950662,73225504.00
2024/08/26,9.05,9.24,8.94,9.15,13681260,129552384.00
2024/08/27,9.05,9.31,8.90,8.99,8674862,81507920.00
2024/08/28,8.96,9.06,8.76,8.96,5422063,50320384.00
2024/08/29,8.93,9.15,8.85,9.09,5275900,49635360.00
2024/08/30,9.03,9.41,8.96,9.19,6961101,66700936.00
2024/09/02,9.15,9.27,8.92,8.94,5311351,50202428.00
2024/09/03,8.94,9.26,8.86,9.01,6899151,65014440.00
2024/09/04,8.93,9.17,8.90,8.95,5409100,50900120.00
2024/09/05,8.96,9.15,8.93,9.08,4379318,41330412.00
2024/09/06,9.10,9.13,8.86,8.87,3894800,36299772.00
2024/09/09,8.82,8.98,8.70,8.81,3601900,33212828.00
2024/09/10,8.79,8.88,8.58,8.76,4511200,40854684.00
2024/09/11,8.68,9.00,8.67,8.80,4719700,43415468.00
2024/09/12,8.73,9.01,8.73,8.83,4331900,40082468.00
2024/09/13,8.88,9.75,8.85,9.75,9513979,94358528.00
2024/09/18,9.88,9.93,9.34,9.49,23088622,227934432.00
2024/09/19,9.41,10.15,9.41,9.92,23788813,241329152.00
2024/09/20,10.05,10.23,9.83,10.08,19358634,200878496.00
2024/09/23,10.06,10.37,9.94,10.30,17073856,180755680.00
2024/09/24,10.35,11.04,10.18,10.80,25230093,277443488.00
2024/09/25,10.95,11.39,10.81,10.83,24227937,277108832.00
2024/09/26,10.83,11.31,10.73,11.31,16603276,190175616.00
2024/09/27,11.48,11.63,11.28,11.62,10867868,128961984.00
2024/09/30,12.16,12.60,11.82,12.55,29337972,370456960.00
2024/10/08,13.83,13.83,12.12,13.00,31884953,424427680.00
2024/10/09,12.69,12.69,11.66,11.66,19913586,247862432.00
2024/10/10,11.79,12.38,11.41,12.00,16908193,208831200.00
2024/10/11,12.03,12.08,11.52,11.66,10086476,122982448.00
2024/10/14,11.84,12.26,11.60,12.21,12581186,155426544.00
2024/10/15,12.13,12.81,11.99,12.30,18910434,242111216.00
2024/10/16,12.18,13.02,12.08,12.69,22504471,293309216.00
2024/10/17,12.74,12.81,12.13,12.15,17333597,220966784.00
2024/10/18,12.03,12.53,11.72,12.24,17683049,219090368.00
2024/10/21,12.40,12.57,12.07,12.18,17230630,217837648.00
2024/10/22,12.09,13.42,11.96,12.95,28804745,378018528.00
2024/10/23,12.94,13.25,12.85,13.02,16344835,218769952.00
2024/10/24,13.03,13.93,12.95,13.53,26502186,369123936.00
2024/10/25,13.83,14.92,13.64,14.73,35899368,527789600.00
2024/10/28,14.78,15.27,14.43,15.00,31160637,474346464.00
2024/10/29,15.01,15.01,13.87,13.88,29381723,429442912.00
2024/10/30,13.82,14.08,13.68,14.00,15497273,221686304.00
2024/10/31,13.96,14.42,13.77,14.20,16304271,236360720.00
2024/11/01,13.98,14.11,13.18,13.39,17675754,246071824.00
2024/11/04,13.38,13.63,13.28,13.61,8172300,113485280.00
2024/11/05,13.69,13.83,13.49,13.74,13466363,188880176.00
2024/11/06,13.75,13.90,13.48,13.78,13460200,189142400.00
2024/11/07,13.65,14.06,13.55,13.91,11568866,165105024.00
2024/11/08,14.03,14.25,13.77,13.84,14301422,205028080.00
2024/11/11,13.71,13.91,13.51,13.81,11063693,155725424.00
2024/11/12,13.77,13.99,13.49,13.58,12229302,172791824.00
2024/11/13,13.54,13.77,13.36,13.58,8309422,115606024.00
2024/11/14,13.59,13.93,13.36,13.44,9983000,139364128.00
2024/11/15,13.37,14.10,13.37,13.58,14464000,204959936.00
2024/11/18,13.88,14.10,13.31,13.54,19428663,273080352.00
2024/11/19,13.43,13.60,12.91,13.28,14824700,201386928.00
2024/11/20,13.27,13.44,13.10,13.33,8564513,116911536.00
2024/11/21,13.28,13.46,13.03,13.17,7515196,101988192.00
2024/11/22,13.11,13.67,13.06,13.29,16172510,223467536.00
2024/11/25,13.32,14.66,13.24,14.66,44390168,656910336.00
2024/11/26,14.46,15.10,14.17,14.21,35089494,523951360.00
2024/11/27,14.14,14.51,13.35,14.50,20866402,297791712.00
2024/11/28,14.48,15.09,14.38,14.63,19182900,290135712.00
2024/11/29,14.47,14.89,14.44,14.70,11843200,178414256.00
2024/12/02,14.63,14.87,14.49,14.62,10078800,150924928.00
2024/12/03,14.63,14.73,14.26,14.53,9814901,145320048.00
2024/12/04,14.41,14.71,13.87,13.95,12254060,178080080.00
2024/12/05,14.08,14.28,13.78,14.27,8877400,128946600.00
2024/12/06,14.28,14.83,14.13,14.61,11779512,175158720.00
2024/12/09,14.62,14.93,14.50,14.62,12804720,192787232.00
2024/12/10,15.03,15.12,14.69,14.71,12036257,183537760.00
2024/12/11,14.73,14.88,14.56,14.59,8655300,130221624.00
2024/12/12,14.68,14.91,14.55,14.71,9378920,141666624.00
2024/12/13,14.58,14.71,14.16,14.25,17369483,255480144.00
2024/12/16,14.25,14.35,13.83,13.96,9711612,139802128.00
2024/12/17,13.91,13.98,13.41,13.60,7920965,110761864.00
2024/12/18,13.79,14.62,13.62,14.24,17331294,252485664.00
2024/12/19,14.11,14.59,13.67,14.48,17571770,259179664.00
2024/12/20,14.48,14.58,14.26,14.44,9926516,146974656.00
2024/12/23,14.37,14.68,13.68,13.69,12602459,183541808.00
2024/12/24,13.80,15.10,13.80,14.52,45500550,689578496.00
2024/12/25,13.93,14.39,13.61,13.94,31120581,444139232.00
2024/12/26,13.89,14.23,13.79,13.94,15766549,225863120.00
2024/12/27,14.01,14.78,13.93,14.64,25332260,376722912.00
2024/12/30,14.54,14.63,13.95,14.53,28074961,412227200.00
2024/12/31,14.70,15.23,14.58,14.65,26104262,397459872.00
2025/01/02,14.47,14.92,14.04,14.20,20220111,299853248.00
2025/01/03,14.23,14.43,13.38,13.53,19968908,283639712.00
2025/01/06,13.47,13.52,12.74,12.87,14539750,195335248.00
2025/01/07,13.10,13.46,12.72,12.97,12894000,172213312.00
2025/01/08,12.88,13.08,12.47,12.96,12966664,170410192.00
2025/01/09,12.86,13.03,12.75,12.76,9197500,121553368.00
2025/01/10,12.81,13.07,12.51,12.53,7787936,102056832.00
2025/01/13,12.43,12.48,12.01,12.30,6729756,84943624.00
2025/01/14,12.32,12.90,12.13,12.87,9583450,124909664.00
2025/01/15,12.81,12.97,12.65,12.79,7659500,100755416.00
2025/01/16,12.78,13.41,12.77,13.03,10607700,143130928.00
2025/01/17,13.03,13.24,12.76,13.15,6736695,90180784.00
2025/01/20,13.35,13.68,13.09,13.41,9814800,135178160.00
2025/01/21,13.51,13.51,13.19,13.40,6976875,95454960.00
2025/01/22,13.36,13.39,13.08,13.15,5111600,69354368.00
2025/01/23,13.31,13.60,13.07,13.08,9152450,126005800.00
2025/01/24,13.22,13.30,13.01,13.28,6157903,83410264.00
2025/01/27,13.34,13.57,13.16,13.23,5277700,72377344.00
2025/02/05,13.45,13.71,13.17,13.44,9515878,131560568.00
2025/02/06,13.38,13.51,13.10,13.48,8489415,116272200.00
2025/02/07,13.48,13.89,13.44,13.77,10934200,154349536.00
2025/02/10,13.92,14.41,13.84,14.27,14457374,210646016.00
2025/02/11,14.27,14.27,13.93,13.98,8165511,117496480.00
2025/02/12,14.02,14.28,13.97,14.07,7844604,113549760.00
2025/02/13,14.03,14.10,13.83,13.89,7623504,109180560.00
2025/02/14,14.06,14.15,13.89,14.03,8707956,125414040.00
2025/02/17,14.18,14.57,14.03,14.28,14646166,215356448.00
2025/02/18,14.21,14.32,13.87,13.89,8935802,128954368.00
2025/02/19,13.89,14.05,13.62,13.79,11979902,170173776.00
2025/02/20,13.74,13.79,13.58,13.62,7814003,109489776.00
2025/02/21,13.61,14.11,13.53,13.97,12198202,173158544.00
2025/02/24,13.93,14.22,13.84,14.14,12109803,175055840.00
2025/02/25,13.95,14.04,13.75,13.83,9056500,128976608.00
2025/02/26,13.85,14.12,13.84,13.93,7057834,101136552.00
2025/02/27,13.93,14.15,13.51,13.63,10879872,153649840.00
2025/02/28,13.56,13.67,13.09,13.17,7824900,107144712.00
2025/03/03,13.19,13.27,12.95,13.03,7488482,101080088.00
2025/03/04,12.97,13.07,12.90,13.04,5836089,77953776.00
2025/03/05,13.01,13.08,12.85,13.01,5353800,71314096.00
2025/03/06,13.11,14.35,12.96,14.35,26847246,386605984.00
2025/03/07,14.52,15.01,14.38,14.43,41632293,624872896.00
2025/03/10,14.42,14.42,13.96,14.00,15987193,231804624.00
2025/03/11,13.86,14.13,13.75,14.11,12926966,184883712.00
2025/03/12,14.22,15.56,14.22,15.56,18048830,280125792.00
2025/03/13,15.51,15.83,14.93,15.29,43874684,686014528.00
2025/03/14,15.82,16.17,15.23,15.78,45907533,738694912.00
2025/03/17,16.36,17.40,16.05,16.54,71146306,1237660928.00
2025/03/18,15.98,17.44,15.98,16.79,57280364,977414464.00
2025/03/19,16.23,16.43,15.58,15.58,39697417,644546944.00
2025/03/20,15.78,15.97,15.46,15.78,23846694,384273664.00
2025/03/21,15.70,16.01,15.48,15.50,21740280,349670720.00
2025/03/24,15.16,15.38,14.38,14.77,25016896,379447296.00
2025/03/25,14.74,14.76,14.40,14.47,11406700,170624704.00
2025/03/26,14.47,14.72,14.45,14.69,9823100,147204192.00
2025/03/27,14.63,14.73,14.40,14.45,11466336,171317184.00
2025/03/28,14.54,14.70,14.23,14.25,9505588,140582080.00
2025/03/31,14.15,14.29,13.82,14.22,11198736,161410992.00
2025/04/01,14.18,14.30,14.13,14.18,7364200,107399112.00
2025/04/02,14.16,14.38,14.09,14.22,4737500,69246232.00
2025/04/03,14.03,14.35,13.94,14.26,7053085,103014512.00
2025/04/07,13.31,13.51,12.80,12.80,9433200,125927320.00
2025/04/08,12.68,12.83,11.88,12.25,16677370,210490240.00
2025/04/09,12.07,13.23,11.43,13.06,18119725,232489104.00
2025/04/10,13.33,13.46,13.03,13.06,11463640,155723248.00
2025/04/11,12.98,13.32,12.91,13.16,8179840,110604168.00
2025/04/14,13.22,13.43,13.22,13.26,6997741,95694032.00
2025/04/15,13.18,13.27,13.09,13.23,4837900,65506660.00
2025/04/16,13.23,13.23,12.83,13.06,6070740,81385624.00
2025/04/17,12.96,13.20,12.94,13.08,3900250,52637912.00
2025/04/18,13.13,13.38,13.03,13.22,5978900,81092480.00
2025/04/21,13.14,13.33,13.09,13.28,5657704,76987056.00
2025/04/22,13.22,13.44,13.19,13.31,6156300,84219336.00
2025/04/23,13.28,13.51,13.28,13.37,5711100,78641968.00
2025/04/24,13.33,13.40,12.92,12.98,6780309,91314608.00
2025/04/25,12.88,13.00,12.39,12.49,12010803,155253696.00
2025/04/28,12.47,12.56,12.34,12.40,4690308,59963388.00
2025/04/29,12.38,12.59,12.38,12.42,5303312,68133008.00
2025/04/30,12.42,12.80,12.34,12.50,7894509,101986240.00
2025/05/06,12.58,13.04,12.58,12.88,9121118,120588504.00
2025/05/07,13.05,13.13,12.71,12.81,7197000,95237208.00
2025/05/08,12.76,12.93,12.73,12.85,6604202,87479072.00
2025/05/09,12.96,12.96,12.72,12.73,6069930,79964568.00
2025/05/12,12.91,12.93,12.74,12.86,4833301,63721656.00
2025/05/13,12.93,12.98,12.80,12.80,6225202,82444872.00
2025/05/14,12.82,12.93,12.76,12.87,5401121,71389288.00
2025/05/15,12.87,12.87,12.74,12.77,4447700,58540472.00
2025/05/16,12.79,12.82,12.58,12.58,5581655,72853608.00
2025/05/19,12.78,13.38,12.78,13.12,18141280,245326640.00
2025/05/20,13.37,13.95,13.23,13.58,19204721,268577504.00
2025/05/21,13.29,13.51,13.15,13.15,11611800,158738720.00
2025/05/22,13.06,13.15,12.88,12.88,6719000,89786832.00
2025/05/23,12.88,12.97,12.64,12.65,6388500,84201480.00
2025/05/26,12.83,12.93,12.65,12.79,5079052,66785908.00
2025/05/27,12.80,12.82,12.57,12.71,4603906,59932980.00
2025/05/28,12.69,12.75,12.58,12.63,3370468,43836896.00
2025/05/29,12.63,13.74,12.59,13.59,21130218,289376608.00
2025/05/30,13.71,14.18,13.45,13.53,19729620,279579328.00
2025/06/03,14.23,14.40,13.53,13.53,21951600,315450880.00
2025/06/04,13.80,13.83,13.18,13.33,12954711,174890528.00
2025/06/05,13.33,13.60,13.24,13.45,10521177,142824016.00
2025/06/06,13.45,13.94,13.45,13.55,11544133,159302832.00
2025/06/09,13.61,13.72,13.36,13.56,8116297,111254888.00
2025/06/10,13.65,13.65,13.11,13.23,9859707,132835856.00
2025/06/11,13.22,13.41,13.22,13.34,4696652,63313956.00
2025/06/12,13.25,13.37,13.20,13.30,4275900,57470580.00
2025/06/13,13.20,13.24,12.92,12.98,6161678,81415960.00
2025/06/16,12.94,13.08,12.90,12.96,4622600,60793976.00
2025/06/17,12.96,13.00,12.84,12.89,5039689,65767468.00
2025/06/18,12.90,12.93,12.74,12.84,3721100,48291600.00
2025/06/19,12.78,12.92,12.69,12.72,3888500,50309436.00
2025/06/20,12.69,12.91,12.66,12.76,3736511,48378132.00
2025/06/23,12.61,12.83,12.60,12.79,3101370,40021340.00
2025/06/24,13.04,13.08,12.86,13.04,5972671,78589824.00
2025/06/25,13.05,13.08,12.94,13.06,5376000,70840784.00
2025/06/26,13.08,13.08,12.90,12.93,6483900,85273136.00
2025/06/27,12.94,13.07,12.93,13.02,4872300,64123040.00
2025/06/30,13.01,13.03,12.94,13.00,4827000,63411640.00
2025/07/01,13.00,13.06,12.95,12.99,4160400,54698240.00
2025/07/02,12.99,13.09,12.88,13.03,6405635,84268664.00
2025/07/03,13.04,13.16,13.01,13.06,5950900,78724616.00
2025/07/04,13.08,13.19,12.97,13.05,7622103,100923184.00
2025/07/07,13.01,13.03,12.95,12.99,4083300,53665848.00
2025/07/08,12.96,13.26,12.96,13.26,9879848,131505072.00
2025/07/09,13.24,13.54,13.19,13.23,9621700,130072152.00
2025/07/10,13.17,13.36,13.17,13.32,6347901,85281488.00
2025/07/11,13.34,13.37,13.19,13.28,6922836,93031296.00
2025/07/14,13.64,13.77,13.44,13.52,11303300,154744992.00
2025/07/15,13.48,13.62,13.39,13.48,7707272,105204216.00
2025/07/16,13.50,13.58,13.42,13.53,5948506,81288288.00
2025/07/17,13.48,13.56,13.45,13.52,4981636,68074072.00
2025/07/18,13.52,13.62,13.50,13.61,6437506,88304112.00
2025/07/21,13.89,14.99,13.64,14.90,42209735,612361344.00
2025/07/22,14.64,14.79,14.12,14.66,37685313,550168704.00
2025/07/23,14.59,14.59,13.99,13.99,23422157,337317024.00
2025/07/24,13.92,14.23,13.92,14.12,13081901,186650160.00
2025/07/25,14.19,14.19,13.96,13.98,10356978,146860672.00
2025/07/28,13.92,13.97,13.75,13.79,9232475,129061056.00
2025/07/29,13.74,13.84,13.62,13.76,8658418,119999144.00
2025/07/30,13.76,13.76,13.56,13.61,7066281,97661584.00
2025/07/31,13.74,14.01,13.47,13.50,9905319,137092032.00
2025/08/01,13.38,13.54,13.38,13.46,5944747,80954320.00
2025/08/04,13.37,13.49,13.35,13.45,4909361,66720084.00
2025/08/05,13.47,13.68,13.47,13.64,7434723,102232928.00
2025/08/06,13.58,13.64,13.47,13.60,6230264,85503112.00
2025/08/07,13.68,13.76,13.58,13.68,7541119,104254352.00
2025/08/08,13.62,13.78,13.54,13.75,8216072,113748680.00
2025/08/11,13.82,13.94,13.76,13.90,9381801,131692144.00
2025/08/12,13.89,13.89,13.74,13.75,7221134,100705984.00
2025/08/13,13.76,13.81,13.68,13.77,6890292,95831136.00
2025/08/14,13.79,13.82,13.53,13.54,8394530,116100568.00
2025/08/15,13.55,13.75,13.52,13.75,8079360,111824704.00
2025/08/18,13.75,13.88,13.70,13.79,10952164,152887680.00
2025/08/19,13.79,13.87,13.73,13.80,8116491,113247176.00
2025/08/20,13.77,14.18,13.70,14.08,13243364,186795904.00
2025/08/21,14.09,14.15,13.89,13.95,9750440,137797600.00
2025/08/22,13.94,14.09,13.91,14.09,10124404,143698112.00
2025/08/25,14.23,14.23,14.04,14.14,10407405,148668176.00
2025/08/26,14.14,14.69,14.07,14.36,14926765,217373184.00
2025/08/27,14.23,14.31,13.74,13.75,17013691,241215520.00
2025/08/28,13.74,14.32,13.54,14.01,17478009,244886496.00
2025/08/29,14.01,14.07,13.66,13.68,12126917,169518464.00
2025/09/01,13.69,13.78,13.64,13.65,6776405,93871896.00
2025/09/02,13.65,13.68,13.33,13.39,9694386,131908496.00
2025/09/03,13.37,13.46,13.14,13.17,6289606,84410832.00
2025/09/04,13.18,13.25,12.99,13.17,6396927,85261120.00
2025/09/05,13.17,13.30,13.06,13.30,5827400,77883608.00
2025/09/08,13.25,13.33,13.18,13.31,5629020,75526392.00
2025/09/09,13.35,13.40,13.20,13.24,5611572,75434976.00
2025/09/10,13.25,13.39,13.21,13.29,4489824,60400916.00
2025/09/11,13.26,13.38,13.17,13.38,5187420,69861328.00
2025/09/12,13.37,13.57,13.32,13.40,7303579,99284416.00
2025/09/15,13.35,13.45,13.29,13.31,4364164,58910160.00
2025/09/16,13.29,13.42,13.25,13.36,4072400,54859600.00
2025/09/17,13.36,13.37,13.26,13.33,4282124,57717232.00
2025/09/18,13.29,13.34,12.97,13.06,7791888,104036256.00
2025/09/19,13.03,13.17,12.98,13.13,5421569,71692720.00
2025/09/22,13.09,13.10,12.85,12.92,5858402,76602664.00
2025/09/23,12.93,12.93,12.58,12.81,6500202,83788136.00
2025/09/24,12.73,12.96,12.67,12.95,4624300,60185556.00
2025/09/25,13.04,13.13,12.88,12.97,5124860,67507504.00
2025/09/26,12.94,13.34,12.79,12.99,6484955,85806936.00
2025/09/29,12.97,13.00,12.75,12.96,4914978,64192560.00
2025/09/30,12.93,13.07,12.93,13.01,3758262,49517604.00
2025/10/09,13.04,13.17,13.04,13.12,5664020,75192384.00
2025/10/10,13.12,13.35,13.05,13.30,6431830,86430664.00
2025/10/13,12.89,13.14,12.84,13.09,5399302,71369904.00
2025/10/14,13.14,13.28,13.10,13.16,5203930,69375120.00
2025/10/15,13.17,13.37,13.17,13.31,5960502,80241624.00
2025/10/16,13.33,13.33,13.11,13.21,4256702,56832144.00
2025/10/17,13.21,13.33,13.14,13.24,6344456,84920736.00
2025/10/20,13.24,13.26,13.05,13.12,5928676,78823912.00
2025/10/21,13.06,13.16,13.00,13.13,5573017,73874224.00
2025/10/22,13.09,13.27,13.05,13.21,5253001,70218304.00
2025/10/23,13.19,13.26,13.04,13.25,6466164,86200728.00
2025/10/24,13.26,13.33,13.18,13.21,4944064,66215736.00
2025/10/27,13.26,13.39,13.19,13.29,7037227,94549832.00
2025/10/28,13.25,13.36,13.24,13.26,5567011,74876976.00
2025/10/29,13.22,13.27,13.11,13.20,4745700,63287372.00
2025/10/30,13.16,13.45,13.12,13.16,5803363,77759696.00
2025/10/31,13.18,13.42,13.13,13.28,7668069,103189440.00
2025/11/03,13.27,13.33,13.23,13.32,5157201,69262520.00
2025/11/04,13.39,13.76,13.36,13.73,19702233,271800928.00
2025/11/05,13.67,13.76,13.56,13.75,9410668,130307440.00
2025/11/06,13.66,13.73,13.57,13.65,8387600,115690040.00
2025/11/07,13.65,13.92,13.59,13.74,10358214,143897664.00
2025/11/10,13.80,13.82,13.65,13.71,6054104,83886544.00
2025/11/11,13.69,13.86,13.65,13.80,6548821,91287912.00
2025/11/12,13.77,13.84,13.62,13.65,5508892,76144512.00
2025/11/13,13.63,13.71,13.55,13.68,5041765,69637360.00
2025/11/14,13.64,13.69,13.56,13.58,5673080,78202608.00
2025/11/17,13.54,13.59,13.42,13.46,5617364,76630800.00
2025/11/18,13.40,13.48,13.12,13.18,8137602,109285216.00
2025/11/19,13.16,13.24,12.98,13.00,4880500,64487060.00
2025/11/20,13.03,13.08,12.89,13.05,6109277,80358288.00
2025/11/21,13.01,13.11,12.69,12.77,6346920,82737600.00
2025/11/24,12.77,12.94,12.71,12.94,4284673,55657776.00
2025/11/25,12.90,13.17,12.88,13.02,4330247,57083968.00
2025/11/26,13.04,13.17,12.97,13.09,3420700,45225324.00
2025/11/27,13.01,13.09,12.93,12.95,3395291,44612088.00
2025/11/28,12.93,13.02,12.85,13.02,2869975,37593840.00
2025/12/01,13.01,13.05,12.98,13.00,3430091,45172624.00
2025/12/02,12.98,12.98,12.90,12.92,2666200,34887028.00
2025/12/03,12.94,12.95,12.74,12.79,4508802,58626256.00
2025/12/04,12.75,12.82,12.65,12.78,3382500,43618656.00
2025/12/05,12.78,12.92,12.69,12.89,3836546,49779280.00
2025/12/08,12.79,12.94,12.79,12.80,5126213,66665136.00
2025/12/09,12.74,12.80,12.58,12.61,4983200,64036784.00
2025/12/10,12.65,12.65,12.37,12.52,5151764,65125840.00
2025/12/11,12.52,12.53,12.37,12.39,3329087,41926292.00
2025/12/12,12.45,12.45,12.23,12.25,8125616,100997576.00
2025/12/15,12.19,12.41,12.09,12.28,6086798,75598512.00
2025/12/16,12.22,12.29,12.05,12.07,3778879,46388308.00
2025/12/17,12.05,12.20,11.97,12.16,3747379,45960056.00
2025/12/18,12.07,12.32,12.07,12.24,3502500,43419352.00
2025/12/19,12.17,12.40,12.17,12.29,3494574,43676716.00
2025/12/22,12.33,12.48,12.26,12.39,3498243,43807720.00
2025/12/23,12.42,12.44,12.22,12.23,3773074,47181584.00
2025/12/24,12.29,12.37,12.24,12.33,3048680,38065308.00
2025/12/25,12.29,12.56,12.29,12.45,3701140,46602720.00
2025/12/26,12.48,12.53,12.30,12.33,3240093,40621288.00
2025/12/29,12.34,12.37,12.20,12.23,2802869,34876200.00
2025/12/30,12.22,12.29,12.16,12.17,2724305,33717672.00
2025/12/31,12.17,12.24,12.11,12.20,2065985,25513324.00
2026/01/05,12.26,12.31,12.20,12.26,4662975,57914448.00
2026/01/06,12.27,12.42,12.23,12.42,4531021,56684252.00
2026/01/07,12.50,12.50,12.25,12.28,5073953,63435696.00
2026/01/08,12.32,12.48,12.29,12.43,4923236,61846568.00
2026/01/09,12.43,12.46,12.37,12.44,4869314,61216384.00
2026/01/12,12.43,12.52,12.37,12.52,5910498,74566496.00
2026/01/13,12.55,12.59,12.40,12.41,5544708,70202016.00
2026/01/14,12.55,12.74,12.48,12.70,9772886,124673008.00
2026/01/15,12.68,12.68,12.55,12.66,4712427,60141572.00
2026/01/16,12.65,12.71,12.52,12.66,5495759,70189408.00
2026/01/19,12.65,12.90,12.59,12.85,5052885,65592720.00
2026/01/20,12.85,13.11,12.79,12.95,7052930,92668320.00
2026/01/21,12.92,13.12,12.85,13.06,4755562,62683852.00
2026/01/22,13.12,13.24,13.04,13.24,7895898,105096712.00
2026/01/23,13.29,13.31,13.19,13.25,5319221,71262784.00
2026/01/26,13.22,13.25,13.08,13.22,8807042,117356072.00
2026/01/27,13.24,13.24,12.89,13.04,7353288,96672648.00
2026/01/28,13.02,13.31,13.00,13.19,6480048,86601056.00
2026/01/29,13.14,13.24,13.04,13.16,5429749,72253280.00
2026/01/30,13.14,13.24,12.99,13.15,4631585,61531496.00
2026/02/02,12.98,13.13,12.76,12.78,6710800,87967168.00
2026/02/03,12.84,12.97,12.78,12.92,4812559,62774120.00
2026/02/04,12.96,13.07,12.86,13.00,4243800,55824168.00
2026/02/05,13.00,13.50,13.00,13.15,11406916,153153920.00
2026/02/06,13.10,13.23,13.03,13.05,4837100,64232376.00
2026/02/09,13.14,13.29,13.07,13.25,6217357,83012352.00
2026/02/10,13.24,13.44,13.17,13.40,6364905,85821048.00
2026/02/11,13.33,13.76,13.28,13.47,10354100,141719008.00
2026/02/12,13.74,13.80,13.45,13.46,7499585,102997704.00
2026/02/13,13.64,13.69,13.36,13.38,7611296,104091520.00
2026/02/24,13.39,13.58,13.22,13.38,6092143,82304832.00
2026/02/25,13.39,13.63,13.39,13.43,6121569,83727408.00
2026/02/26,13.41,13.51,13.27,13.32,5269088,71253016.00
2026/02/27,13.40,13.47,13.25,13.38,5252827,71079088.00
2026/03/02,13.22,13.27,12.93,13.05,8545052,113190392.00
2026/03/03,13.05,13.10,12.54,12.56,8365571,108255256.00
2026/03/04,12.47,12.63,12.36,12.42,5630668,71192096.00
2026/03/05,12.70,12.93,12.65,12.78,8463727,109834992.00
2026/03/06,12.75,13.28,12.74,13.26,8850333,116936808.00
2026/03/09,13.11,13.51,13.04,13.46,9527887,128222784.00
2026/03/10,13.59,13.91,13.46,13.62,11452480,158307920.00
2026/03/11,13.52,13.65,13.41,13.64,9704984,133004424.00
2026/03/12,13.52,13.76,13.52,13.63,6154977,84953376.00
2026/03/13,13.58,13.70,13.39,13.47,8284800,113727248.00
2026/03/16,13.41,13.44,13.00,13.12,9138795,121645872.00
2026/03/17,13.12,13.92,13.12,13.36,14954092,204869632.00
2026/03/18,13.44,13.55,13.21,13.51,8359705,113210136.00
2026/03/19,13.28,13.62,13.28,13.39,7950601,108082400.00
2026/03/20,13.45,13.55,13.16,13.18,7260242,97633480.00
2026/03/23,12.94,12.94,12.39,12.45,10936414,139772112.00
2026/03/24,12.64,13.09,12.60,13.08,8564961,111435376.00
2026/03/25,13.21,13.47,13.09,13.46,9073841,122527360.00
2026/03/26,13.27,13.36,12.84,12.91,11403703,150369648.00
2026/03/27,12.74,12.95,12.73,12.86,6679393,86764120.00
2026/03/30,12.61,12.83,12.47,12.77,6158702,78997960.00
2026/03/31,12.77,12.91,12.57,12.59,5019768,64742848.00
2026/04/01,12.84,12.94,12.61,12.73,5312862,68704128.00
2026/04/02,12.54,12.70,12.19,12.34,6608994,83049872.00
2026/04/03,12.34,12.39,12.00,12.04,5102568,62502644.00
2026/04/07,12.13,12.21,12.00,12.14,3307500,40571504.00
2026/04/08,12.39,12.64,12.34,12.56,5646166,71526160.00
2026/04/09,12.50,12.64,12.26,12.29,4183000,52522456.00
2026/04/10,12.36,12.54,12.36,12.41,3885000,48974612.00
2026/04/13,12.40,12.79,12.29,12.66,5118900,64940112.00
2026/04/14,12.73,12.89,12.51,12.61,4579000,58472352.00
2026/04/15,12.64,12.67,12.39,12.43,3522297,44535624.00
2026/04/16,12.46,12.95,12.42,12.80,6461491,83290936.00
2026/04/17,12.87,12.88,12.66,12.74,3742592,48335808.00
2026/04/20,12.65,12.71,12.50,12.59,4495568,57175912.00
2026/04/21,12.57,12.57,12.41,12.51,3208300,40581040.00
2026/04/22,12.50,12.50,12.32,12.38,3579791,44850896.00
2026/04/23,12.42,12.77,12.31,12.67,6924592,88192056.00
2026/04/24,12.55,12.62,12.38,12.47,4923181,62136064.00
2026/04/27,12.52,12.79,12.40,12.67,6244684,79706568.00
2026/04/28,12.62,12.72,12.46,12.68,4936100,62898552.00
2026/04/29,12.62,12.78,12.57,12.71,3812200,49132692.00
2026/04/30,12.69,12.78,12.62,12.75,3700600,47590268.00
2026/05/06,12.78,13.23,12.78,13.05,8310656,110100008.00
2026/05/07,13.02,13.27,12.90,13.06,6390520,84520624.00
2026/05/08,12.97,13.29,12.97,13.23,5815000,77369592.00
2026/05/11,13.25,13.82,13.19,13.79,14606959,200823632.00
2026/05/12,13.79,13.82,13.46,13.63,6678204,91843680.00
2026/05/13,13.68,14.04,13.57,13.83,7667561,106843096.00
2026/05/14,13.82,15.23,13.74,15.23,27240885,410592864.00
2026/05/15,15.12,15.22,14.52,14.66,30277018,454147232.00
2026/05/18,14.46,14.68,14.27,14.47,14060459,205184192.00
2026/05/19,14.59,14.82,14.26,14.42,13629900,200267840.00
2026/05/20,14.29,14.67,14.28,14.50,9772800,143103296.00
2026/05/21,14.37,14.47,13.74,13.78,13531767,193142384.00
2026/05/22,13.82,15.12,13.80,14.70,17795515,262793680.00
2026/05/25,14.66,14.96,14.56,14.80,9240748,137996000.00
2026/05/26,14.73,14.91,14.52,14.86,9298725,138623584.00
2026/05/27,15.04,15.04,14.51,14.57,8583810,127740112.00
2026/05/28,14.54,14.85,14.35,14.71,8118654,120555992.00
2026/05/29,14.85,15.20,14.16,14.28,13256510,196456192.00
2026/06/01,14.30,14.49,14.17,14.34,5772396,83516728.00
2026/06/02,14.29,14.32,13.69,13.78,9612600,134590496.00
2026/06/03,13.74,13.79,13.37,13.60,9643517,132547680.00
2026/06/04,13.60,13.82,13.07,13.17,6869388,91766624.00
2026/06/05,13.12,13.26,12.72,12.86,7222500,93514376.00
2026/06/08,12.62,13.02,12.42,12.95,9025014,114744840.00
2026/06/09,12.98,13.08,12.71,13.04,5696970,73306376.00
2026/06/10,13.04,13.54,12.95,13.21,7189300,94605848.00
2026/06/11,13.00,13.10,12.32,12.48,7645300,96097440.00
2026/06/12,12.54,12.98,12.50,12.90,6356200,80938752.00
2026/06/15,12.90,13.06,12.80,12.95,5475235,70875144.00
2026/06/16,12.95,13.54,12.87,13.05,6947094,91819072.00
2026/06/17,13.08,13.16,12.89,12.92,3658616,47427192.00
2026/06/18,12.81,13.17,12.65,13.01,4526500,58379328.00
2026/06/22,12.97,12.98,12.42,12.73,6523530,82425768.00
2026/06/23,12.62,12.83,12.47,12.50,3590739,45475816.00
2026/06/24,12.60,12.80,12.25,12.26,5478912,68029056.00
2026/06/25,12.45,12.86,11.81,12.00,12046382,147575200.00
2026/06/26,11.87,12.00,11.37,11.38,7678110,88920240.00
2026/06/29,11.33,11.36,10.88,11.13,6399554,70974056.00
2026/06/30,11.07,11.28,10.92,11.18,4160354,46260152.00
2026/07/01,11.20,11.50,11.12,11.26,4708685,53259464.00
2026/07/02,11.22,12.39,11.18,12.39,10048904,120831968.00
2026/07/03,12.30,13.40,12.23,13.20,18298840,236341488.00
2026/07/06,12.89,14.30,12.89,14.00,15915889,218485040.00
2026/07/07,14.00,14.04,13.15,13.30,15976415,217904128.00
2026/07/08,13.63,13.67,12.88,12.90,7893315,103144608.00
2026/07/09,12.94,13.11,12.40,12.79,7956500,101162152.00
2026/07/10,12.80,13.48,12.65,12.65,7725801,100386664.00
2026/07/13,12.68,12.96,12.22,12.28,6554603,82392424.00
2026/07/14,12.30,12.43,11.97,12.20,5552852,67412944.00
2026/07/15,12.03,12.30,12.03,12.13,4414200,53720216.00
2026/07/16,12.10,12.52,12.00,12.29,5257900,64635944.00
2026/07/17,12.48,12.59,11.80,11.91,6589600,80279544.00
2026/07/20,12.09,12.20,10.90,11.10,10721500,123003672.00
2026/07/21,11.22,11.23,10.60,11.00,8711800,94917456.00
2026/07/22,10.95,11.18,10.88,11.17,4426700,49019844.00
2026/07/23,11.20,12.29,11.18,12.29,10285800,120623440.00
2026/07/24,12.32,12.39,11.68,11.70,10948800,131207528.00
2026/07/27,11.65,11.89,11.64,11.84,4762600,56053648.00
2026/07/28,11.84,11.93,11.68,11.83,3707500,43786588.00
2026/07/29,11.82,12.13,11.75,11.94,5085100,60874224.00
2026/07/30,12.14,12.54,11.79,11.89,6960711,84323096.00
2026/07/31,12.25,13.08,11.91,13.08,11025831,141956320.00
2026/08/03,13.00,13.49,12.85,13.20,16897157,222831600.00
2026/08/04,13.12,13.67,12.99,13.59,12829335,171314352.00
2026/08/05,13.53,14.03,13.40,13.78,11947800,164754288.00
2026/08/06,13.79,15.16,13.71,14.09,28727766,417062688.00
2026/08/07,14.00,15.50,13.80,15.50,33007674,492007648.00
2026/08/10,13.95,13.95,13.95,13.95,3466300,48354884.00
2026/08/11,12.56,13.11,12.56,12.58,64684065,815336320.00
2026/08/12,12.45,12.79,12.22,12.65,44155758,555142080.00
2026/08/13,12.56,12.66,12.01,12.04,32621431,400373888.00
2026/08/14,11.90,11.98,11.50,11.75,21275249,248844208.00
2026/08/17,11.62,12.31,11.62,12.18,27848388,336514432.00
2026/08/18,12.16,12.18,11.82,11.92,12172807,145402224.00
2026/08/19,11.80,11.92,11.51,11.54,10737904,125245816.00
2026/08/20,11.65,12.22,11.63,11.96,13495500,160594112.00
2026/08/21,11.81,12.40,11.72,12.30,17733994,216185152.00
2026/08/24,12.56,13.45,12.35,13.21,35570423,466114240.00
2026/08/25,12.98,13.29,12.52,12.54,21043597,269373024.00
2026/08/26,12.50,13.20,12.50,12.65,17319669,222300624.00
2026/08/27,12.50,12.68,12.44,12.49,11897120,149080144.00
2026/08/28,12.44,13.02,12.35,12.75,14538474,184963232.00
2026/08/31,12.66,12.83,12.39,12.57,10534802,132942800.00
2026/09/01,12.65,12.74,12.21,12.43,10500990,130825304.00
2026/09/02,12.39,12.82,12.31,12.56,10474936,131919496.00
2026/09/03,12.60,12.70,12.50,12.61,8066463,101616048.00
2026/09/04,12.62,12.86,12.50,12.57,9792708,124165544.00
2026/09/07,12.53,12.73,12.42,12.59,7175110,90389976.00
2026/09/08,12.58,12.77,12.55,12.71,8892800,112560696.00
2026/09/09,12.67,12.68,12.48,12.57,6024200,75551256.00
2026/09/10,12.48,12.65,12.45,12.49,4212400,52766960.00
2026/09/11,12.47,12.49,12.21,12.33,10208200,125729776.00
2026/09/14,12.31,12.73,12.20,12.71,10159900,127938224.00
#数据来源:通达信
