688193 仁度生物 日线 前复权
      日期	    开盘	    最高	    最低	    收盘	    成交量	    成交额
2022/03/30,66.33,70.33,62.33,63.09,5148103,346319104.00
2022/03/31,61.33,66.33,60.93,61.55,3386890,219746160.00
2022/04/01,60.33,60.33,57.91,58.30,2313843,140031440.00
2022/04/06,59.10,60.31,58.21,58.36,1232030,74871648.00
2022/04/07,58.01,59.42,57.02,57.48,1182117,70317472.00
2022/04/08,57.33,60.82,55.96,58.31,1606449,96528920.00
2022/04/11,58.35,60.47,57.54,58.73,835097,50782136.00
2022/04/12,59.21,60.33,55.96,56.94,1025609,60497528.00
2022/04/13,56.99,58.21,56.33,56.92,617035,36418512.00
2022/04/14,57.09,60.32,56.03,58.05,1013781,60902848.00
2022/04/15,57.40,57.40,54.83,55.04,904360,51911752.00
2022/04/18,54.84,56.62,54.33,55.14,453392,26028688.00
2022/04/19,54.93,55.76,54.52,54.87,356896,20245660.00
2022/04/20,54.51,55.08,53.85,53.92,293345,16444757.00
2022/04/21,53.83,54.07,51.13,51.31,459958,24979208.00
2022/04/22,51.32,52.13,50.86,51.58,238136,12704942.00
2022/04/25,51.82,52.13,47.61,48.19,441186,22682296.00
2022/04/26,48.30,48.51,45.86,45.88,300356,14664962.00
2022/04/27,45.92,46.64,44.33,46.51,320535,15147055.00
2022/04/28,46.13,46.31,44.53,44.85,270748,12729056.00
2022/04/29,45.33,48.13,44.83,47.43,312531,15136955.00
2022/05/05,47.13,51.11,46.55,49.78,491629,24964690.00
2022/05/06,48.33,50.63,48.03,49.58,247614,12712865.00
2022/05/09,48.83,53.30,48.63,52.53,617556,32846064.00
2022/05/10,52.78,54.99,51.33,53.53,434579,24038484.00
2022/05/11,56.82,57.23,54.34,54.53,706832,40757760.00
2022/05/12,54.44,56.11,53.03,54.48,442964,24921006.00
2022/05/13,55.03,55.71,53.73,55.71,359923,20257504.00
2022/05/16,56.83,57.78,54.85,55.36,376473,21838690.00
2022/05/17,56.13,56.13,53.35,54.13,266406,14933894.00
2022/05/18,54.32,54.73,53.88,53.95,167869,9371431.00
2022/05/19,54.03,54.03,52.73,53.06,236128,12930307.00
2022/05/20,53.26,53.76,52.78,53.45,164389,9042036.00
2022/05/23,53.93,54.80,53.68,54.30,186174,10416113.00
2022/05/24,57.83,59.12,54.54,55.02,726236,42395968.00
2022/05/25,54.34,55.34,52.33,53.47,475863,26079408.00
2022/05/26,53.33,53.33,51.44,51.48,331868,17786174.00
2022/05/27,53.13,54.19,52.18,52.22,390590,21408386.00
2022/05/30,53.11,53.11,50.81,51.10,301408,15973162.00
2022/05/31,51.09,52.29,49.86,51.83,271111,14308299.00
2022/06/01,51.92,54.23,51.69,53.33,335906,18405860.00
2022/06/02,52.93,55.79,52.93,55.46,491167,27793184.00
2022/06/06,56.73,58.76,55.84,57.90,786507,46702208.00
2022/06/07,57.33,58.30,55.85,56.90,432272,25419964.00
2022/06/08,58.20,58.29,54.98,55.28,426054,24653930.00
2022/06/09,55.33,56.11,53.31,53.33,330237,18481200.00
2022/06/10,53.41,54.17,53.13,53.99,253575,14073146.00
2022/06/13,53.74,54.30,52.93,53.24,248740,13694773.00
2022/06/14,52.73,53.06,50.89,52.42,286281,15276774.00
2022/06/15,52.43,52.85,52.14,52.33,226012,12239709.00
2022/06/16,52.33,53.29,52.33,52.73,148668,8112012.00
2022/06/17,52.33,52.48,51.23,52.10,227291,12175316.00
2022/06/20,52.10,53.15,51.83,53.03,177220,9616200.00
2022/06/21,53.05,53.05,52.24,52.38,171487,9295462.00
2022/06/22,52.63,53.00,52.17,52.19,143317,7759896.00
2022/06/23,52.33,52.72,51.59,52.68,174948,9419658.00
2022/06/24,52.68,54.67,52.12,54.28,347027,19311582.00
2022/06/27,54.07,54.91,53.48,53.78,296127,16477534.00
2022/06/28,53.66,53.67,52.50,53.42,301464,16478330.00
2022/06/29,52.93,53.63,52.33,52.46,249926,13614716.00
2022/06/30,52.37,53.62,52.10,52.43,208620,11307492.00
2022/07/01,52.60,52.60,51.63,51.91,212360,11392863.00
2022/07/04,51.94,54.53,51.91,54.33,490036,27018964.00
2022/07/05,53.88,54.33,52.09,52.33,386397,21047944.00
2022/07/06,52.34,53.23,52.04,52.46,266386,14438310.00
2022/07/07,52.21,52.77,51.13,51.20,343935,18281746.00
2022/07/08,51.42,51.64,51.13,51.40,230483,12231252.00
2022/07/11,51.63,54.83,51.42,54.08,813954,44848456.00
2022/07/12,52.91,53.33,50.32,50.83,645715,34568940.00
2022/07/13,50.38,50.84,49.50,50.23,378092,19545842.00
2022/07/14,50.21,51.01,49.53,50.60,282148,14730375.00
2022/07/15,50.60,50.71,49.64,50.23,213755,11076034.00
2022/07/18,50.33,50.83,50.05,50.73,171743,8956393.00
2022/07/19,51.32,51.62,50.61,51.34,234156,12370435.00
2022/07/20,51.11,51.74,51.11,51.68,234742,12466638.00
2022/07/21,52.33,52.33,51.24,51.54,159458,8488887.00
2022/07/22,51.63,51.82,50.03,50.58,265476,13904068.00
2022/07/25,51.66,55.90,51.41,54.07,1069229,58958052.00
2022/07/26,53.53,53.83,52.13,52.27,573405,31141048.00
2022/07/27,52.27,54.77,52.23,53.84,485009,26739412.00
2022/07/28,53.55,54.55,53.35,53.72,321034,17829160.00
2022/07/29,54.13,54.26,52.99,53.80,288793,15988879.00
2022/08/01,54.27,54.91,53.51,53.92,274480,15339166.00
2022/08/02,53.92,53.92,50.73,50.94,389006,20746236.00
2022/08/03,51.31,53.21,51.21,52.87,339747,18265968.00
2022/08/04,52.82,54.71,52.82,53.91,339695,18791216.00
2022/08/05,54.53,56.09,53.93,55.91,539714,30795158.00
2022/08/08,55.73,57.13,55.33,56.63,470154,27381780.00
2022/08/09,56.71,57.12,55.53,56.72,310358,17980870.00
2022/08/10,56.63,57.13,55.84,55.99,226667,13121174.00
2022/08/11,56.93,58.28,56.33,57.21,387487,22850124.00
2022/08/12,57.58,57.69,56.32,56.64,202551,11849641.00
2022/08/15,56.34,56.34,55.41,55.63,165424,9489426.00
2022/08/16,55.66,56.13,55.43,55.66,180887,10376769.00
2022/08/17,55.68,56.03,54.69,55.44,199647,11365772.00
2022/08/18,53.83,54.29,51.76,53.86,762363,41388204.00
2022/08/19,53.03,53.72,52.03,53.00,342366,18594500.00
2022/08/22,52.48,52.48,51.88,52.23,138892,7490773.00
2022/08/23,52.13,52.54,52.04,52.34,126576,6833430.00
2022/08/24,52.15,52.38,51.35,51.61,248752,13263165.00
2022/08/25,52.14,52.14,50.96,51.25,123133,6533906.00
2022/08/26,51.34,51.89,50.97,51.00,110396,5843505.00
2022/08/29,50.33,51.52,50.33,50.78,134133,7040983.00
2022/08/30,51.03,51.62,50.66,50.80,101054,5312893.00
2022/08/31,51.05,51.05,49.33,49.93,208749,10810926.00
2022/09/01,49.44,50.65,49.44,49.90,84055,4357835.00
2022/09/02,49.91,50.79,49.91,50.55,97530,5088626.00
2022/09/05,50.86,50.87,49.93,50.15,54251,2818092.00
2022/09/06,50.52,50.58,49.78,50.33,72810,3777267.00
2022/09/07,50.54,50.54,49.97,50.16,53339,2770253.00
2022/09/08,50.45,50.47,49.88,50.04,61835,3195003.00
2022/09/09,50.29,50.31,49.52,49.89,76880,3955702.00
2022/09/13,50.02,50.06,49.67,49.82,46087,2376627.00
2022/09/14,49.34,49.97,49.11,49.45,71656,3650337.00
2022/09/15,49.45,49.59,47.71,47.83,192439,9658508.00
2022/09/16,47.93,47.93,46.89,47.51,75816,3721517.00
2022/09/19,48.07,48.77,47.21,47.51,88744,4409758.00
2022/09/20,47.33,48.13,47.33,47.84,52028,2570039.00
2022/09/21,47.53,48.00,46.93,47.83,82115,4044516.00
2022/09/22,47.93,47.93,47.16,47.47,52308,2577974.00
2022/09/23,46.96,47.79,46.62,47.02,90668,4413231.00
2022/09/26,46.88,46.88,45.85,45.85,68848,3300200.00
2022/09/27,46.65,46.83,45.83,46.82,44963,2166393.00
2022/09/28,46.82,47.15,45.86,46.17,33144,1592159.00
2022/09/29,45.93,47.28,45.93,46.13,76936,3710657.00
2022/09/30,45.23,46.12,44.44,44.56,233352,10860956.00
2022/10/10,44.14,45.03,43.63,43.66,98561,4535662.00
2022/10/11,43.20,44.05,42.92,43.33,85369,3827699.00
2022/10/12,43.33,44.39,43.04,44.23,105896,4788120.00
2022/10/13,44.25,45.21,43.95,44.73,109770,5098102.00
2022/10/14,45.03,47.92,45.03,46.91,334755,16206671.00
2022/10/17,46.91,47.90,46.90,47.46,202786,9939631.00
2022/10/18,48.23,48.99,47.36,48.14,267629,13353778.00
2022/10/19,47.69,48.34,47.24,47.28,156240,7687693.00
2022/10/20,47.41,48.03,46.59,47.00,137489,6754825.00
2022/10/21,46.83,47.63,46.33,47.01,128820,6257549.00
2022/10/24,47.01,48.23,46.50,46.50,126406,6200397.00
2022/10/25,46.42,46.76,45.04,46.21,121893,5788575.00
2022/10/26,46.33,48.28,45.75,47.71,144849,7120055.00
2022/10/27,47.35,48.01,47.35,47.64,127604,6300754.00
2022/10/28,47.11,47.64,44.84,46.83,239375,11479748.00
2022/10/31,46.31,46.80,45.34,45.87,248559,11805674.00
2022/11/01,45.73,46.62,45.63,46.53,152670,7278672.00
2022/11/02,46.25,48.55,45.98,47.69,245371,12112996.00
2022/11/03,47.43,48.20,47.08,48.20,129232,6374193.00
2022/11/04,48.18,48.83,47.64,48.37,167293,8339915.00
2022/11/07,48.02,48.33,47.64,48.28,177950,8844235.00
2022/11/08,48.33,48.51,47.74,48.11,159238,7915923.00
2022/11/09,48.28,49.01,47.68,48.54,192110,9634037.00
2022/11/10,48.36,49.50,48.14,48.35,201317,10172716.00
2022/11/11,49.30,51.55,48.54,49.14,551068,28495944.00
2022/11/14,49.28,51.06,48.33,51.06,388364,20036740.00
2022/11/15,51.03,52.83,50.13,52.59,556441,29845114.00
2022/11/16,53.31,53.31,51.33,51.71,246801,13267980.00
2022/11/17,51.71,51.79,50.99,51.49,174384,9251008.00
2022/11/18,51.83,51.83,50.33,50.33,404844,21290608.00
2022/11/21,50.33,51.24,49.83,50.47,271671,14199765.00
2022/11/22,50.89,50.89,48.73,49.00,214255,10981593.00
2022/11/23,48.98,48.98,47.37,47.91,192685,9571022.00
2022/11/24,48.32,49.01,47.67,48.45,114931,5757720.00
2022/11/25,47.94,48.79,47.51,47.76,109864,5438919.00
2022/11/28,47.53,47.93,46.66,47.83,92324,4537367.00
2022/11/29,47.31,49.49,46.99,49.29,154312,7794490.00
2022/11/30,49.11,49.13,48.07,48.11,184462,9239614.00
2022/12/01,48.68,48.68,47.82,48.08,136918,6820533.00
2022/12/02,48.28,48.43,47.80,48.23,58631,2924145.00
2022/12/05,48.13,48.13,47.20,47.36,241756,11913572.00
2022/12/06,47.30,47.30,46.43,46.64,143535,6961498.00
2022/12/07,46.67,47.04,46.52,46.83,126250,6121039.00
2022/12/08,47.20,47.20,46.64,46.86,82868,4013421.00
2022/12/09,46.88,48.27,46.86,47.80,226219,11195742.00
2022/12/12,47.64,48.39,47.34,47.96,189121,9357636.00
2022/12/13,48.98,49.23,47.10,47.15,111953,5507383.00
2022/12/14,46.84,47.55,46.39,46.59,103913,5023322.00
2022/12/15,46.63,46.81,46.50,46.78,65208,3148155.00
2022/12/16,46.78,46.78,46.05,46.52,79988,3849553.00
2022/12/19,51.10,51.10,46.46,46.89,209439,10388456.00
2022/12/20,46.89,46.89,45.41,45.78,109662,5202859.00
2022/12/21,45.95,45.96,44.84,45.35,86728,4063886.00
2022/12/22,48.11,48.11,44.83,45.31,92047,4395493.00
2022/12/23,44.88,45.73,44.83,45.30,52952,2482550.00
2022/12/26,44.85,45.33,44.69,45.18,111328,5181724.00
2022/12/27,47.18,47.18,44.48,45.36,165480,7775579.00
2022/12/28,46.30,46.30,44.34,45.08,94176,4403595.00
2022/12/29,45.82,45.82,44.83,45.07,88172,4133095.00
2022/12/30,44.79,45.20,44.33,45.05,68419,3179018.00
2023/01/03,44.83,45.70,44.76,45.70,143134,6722463.00
2023/01/04,45.70,45.82,45.02,45.24,106493,5015152.00
2023/01/05,45.32,45.61,45.05,45.57,60522,2845392.00
2023/01/06,45.55,46.21,45.20,45.81,155338,7369077.00
2023/01/09,45.65,46.19,45.65,45.78,105433,5009461.00
2023/01/10,45.78,45.78,45.11,45.16,158494,7454989.00
2023/01/11,45.16,45.29,44.72,44.86,142190,6641159.00
2023/01/12,44.85,45.36,44.68,44.94,103390,4816723.00
2023/01/13,44.94,45.32,44.79,45.29,92470,4320428.00
2023/01/16,45.29,47.04,45.29,46.49,270232,12981587.00
2023/01/17,46.93,46.93,46.14,46.29,79834,3838438.00
2023/01/18,46.11,46.51,45.96,46.20,51946,2489151.00
2023/01/19,46.19,46.56,46.02,46.51,74122,3562509.00
2023/01/20,46.51,47.03,46.51,47.03,109382,5305808.00
2023/01/30,47.32,47.80,46.69,47.69,128487,6295067.00
2023/01/31,47.35,47.36,46.22,46.43,198381,9578122.00
2023/02/01,46.34,47.13,46.34,47.12,121843,5906010.00
2023/02/02,47.11,47.61,47.08,47.29,122527,6000191.00
2023/02/03,47.03,47.78,46.88,47.39,98787,4837072.00
2023/02/06,47.04,47.70,47.04,47.32,72472,3548971.00
2023/02/07,47.24,47.57,47.08,47.33,101372,4960563.00
2023/02/08,47.43,47.92,47.09,47.16,79884,3921123.00
2023/02/09,47.29,48.01,46.99,47.99,174769,8634665.00
2023/02/10,47.83,49.56,47.79,48.91,279271,14128105.00
2023/02/13,48.91,52.15,48.91,50.71,420247,22068788.00
2023/02/14,50.71,51.05,49.93,50.65,158534,8260030.00
2023/02/15,50.91,51.42,50.47,51.13,226106,11906784.00
2023/02/16,50.83,52.12,50.63,50.98,390497,20755006.00
2023/02/17,50.71,50.97,49.85,50.02,186162,9687212.00
2023/02/20,50.01,50.19,48.87,49.84,142028,7273627.00
2023/02/21,49.91,52.20,49.91,51.67,312414,16507610.00
2023/02/22,51.13,55.62,51.13,55.30,971347,53749240.00
2023/02/23,54.68,56.96,54.34,55.25,554942,31847968.00
2023/02/24,55.21,58.32,54.74,56.55,733909,42957136.00
2023/02/27,56.87,56.87,55.17,55.41,307266,17614728.00
2023/02/28,55.49,57.84,53.91,56.23,398477,23120856.00
2023/03/01,55.63,56.32,54.03,54.21,297206,16687514.00
2023/03/02,54.21,54.52,52.63,53.21,247710,13617877.00
2023/03/03,53.48,53.80,52.61,53.35,354102,19399248.00
2023/03/06,53.35,54.11,52.79,53.68,214350,11798621.00
2023/03/07,53.16,54.33,52.83,53.35,250471,13833454.00
2023/03/08,52.95,57.63,52.64,57.04,469952,27016046.00
2023/03/09,56.60,60.73,55.64,60.56,653827,39689080.00
2023/03/10,59.83,63.73,59.83,61.85,807757,51858048.00
2023/03/13,61.63,63.62,56.53,57.23,773354,47413480.00
2023/03/14,57.01,57.88,55.91,57.26,272221,15975291.00
2023/03/15,57.04,58.06,55.34,55.80,222117,12905226.00
2023/03/16,55.82,57.47,55.63,55.96,223165,13021230.00
2023/03/17,55.63,57.03,55.52,56.04,190090,10987339.00
2023/03/20,55.58,57.99,54.37,57.33,255273,14840754.00
2023/03/21,56.94,58.76,56.58,57.19,174922,10356666.00
2023/03/22,57.20,57.21,56.22,56.72,118236,6902458.00
2023/03/23,57.11,59.63,55.40,55.83,337097,19830450.00
2023/03/24,55.93,56.96,54.51,54.73,183988,10480575.00
2023/03/27,55.94,55.94,53.34,53.93,136587,7644491.00
2023/03/28,53.88,54.51,53.39,53.43,88514,4919830.00
2023/03/29,53.34,53.89,52.42,52.49,163832,8942680.00
2023/03/30,52.53,52.76,51.68,51.72,292264,15735811.00
2023/03/31,51.34,51.72,49.81,50.61,434533,22705740.00
2023/04/03,50.69,51.03,48.83,50.05,413738,21305184.00
2023/04/04,49.84,49.95,47.33,47.33,562806,28164318.00
2023/04/06,47.33,47.68,46.38,46.92,437489,21276580.00
2023/04/07,47.31,49.30,46.98,48.52,574637,28562288.00
2023/04/10,48.83,49.22,47.44,47.60,245655,12293938.00
2023/04/11,47.98,47.98,47.10,47.83,160736,7903741.00
2023/04/12,47.13,48.17,47.13,47.49,186011,9175135.00
2023/04/13,47.50,48.01,46.89,47.57,195760,9639569.00
2023/04/14,47.39,48.32,47.33,47.81,126241,6237982.00
2023/04/17,47.81,49.03,47.43,48.45,239383,12009800.00
2023/04/18,49.13,49.13,47.03,47.72,260190,12818446.00
2023/04/19,47.72,48.11,47.09,47.50,203036,9982448.00
2023/04/20,47.77,47.82,46.14,46.30,190400,9184396.00
2023/04/21,46.34,46.52,45.47,45.74,187420,8923383.00
2023/04/24,45.37,45.72,44.83,45.14,234376,10976957.00
2023/04/25,45.00,45.75,43.81,44.23,177470,8224901.00
2023/04/26,43.32,43.57,40.93,41.53,693470,30467458.00
2023/04/27,41.41,42.10,41.01,41.03,391023,16902576.00
2023/04/28,41.03,43.18,41.03,43.00,316504,13911636.00
2023/05/04,42.92,43.79,42.03,42.43,260711,11624384.00
2023/05/05,42.76,42.76,41.05,41.16,166162,7172602.00
2023/05/08,41.31,41.55,40.85,41.13,135427,5789287.00
2023/05/09,41.31,41.32,40.11,40.41,235374,9955826.00
2023/05/10,40.41,41.10,40.37,40.78,136461,5786740.00
2023/05/11,41.08,41.27,40.53,41.24,101517,4329436.00
2023/05/12,41.24,41.61,40.33,40.54,119610,5097522.00
2023/05/15,40.32,40.70,39.89,40.68,112316,4709528.00
2023/05/16,40.60,40.76,40.37,40.45,87380,3685428.00
2023/05/17,40.35,41.02,40.35,40.97,91613,3883282.00
2023/05/18,41.21,41.60,40.99,41.45,94269,4048555.00
2023/05/19,41.44,41.71,41.03,41.58,96387,4150911.00
2023/05/22,41.93,42.27,41.58,41.97,127399,5548579.00
2023/05/23,42.08,43.18,42.05,42.43,188110,8331521.00
2023/05/24,42.88,43.12,41.96,42.66,105299,4667558.00
2023/05/25,42.52,42.78,41.91,42.76,91720,4042694.00
2023/05/26,43.08,43.08,41.94,42.29,76061,3341477.00
2023/05/29,42.77,43.26,41.93,42.75,152269,6743403.00
2023/05/30,42.93,43.34,42.59,43.01,135009,6028860.00
2023/05/31,43.21,43.43,42.75,42.90,101324,4529707.00
2023/06/01,42.90,43.69,42.60,43.48,139131,6244114.00
2023/06/02,43.45,43.98,43.08,43.71,133187,6032498.00
2023/06/05,43.74,43.98,43.49,43.55,61057,2769025.00
2023/06/06,43.56,43.58,42.43,42.48,119814,5346206.00
2023/06/07,42.48,43.69,42.34,43.46,96205,4303089.00
2023/06/08,43.87,43.88,42.15,42.16,96835,4296298.00
2023/06/09,42.33,42.52,41.53,41.88,185343,8092519.00
2023/06/12,41.88,41.88,40.58,41.46,153562,6575223.00
2023/06/13,41.46,42.21,41.32,41.98,74259,3225662.00
2023/06/14,41.98,41.98,41.21,41.35,109217,4700931.00
2023/06/15,41.33,41.47,40.93,41.13,76696,3280932.00
2023/06/16,41.25,41.45,40.56,41.06,92905,3969562.00
2023/06/19,41.25,41.38,40.80,41.16,67369,2877751.00
2023/06/20,40.79,41.23,40.50,40.68,98933,4186638.00
2023/06/21,40.55,40.64,39.86,40.16,122670,5129223.00
2023/06/26,40.55,40.55,38.81,39.44,166767,6850103.00
2023/06/27,39.15,40.50,39.15,40.15,77748,3229115.00
2023/06/28,40.17,40.74,39.55,40.61,74097,3093724.00
2023/06/29,40.10,41.43,40.10,41.24,80093,3412470.00
2023/06/30,41.35,41.65,41.22,41.53,96211,4133468.00
2023/07/03,41.66,42.33,41.55,41.66,106388,4625161.00
2023/07/04,41.66,42.31,41.45,42.15,105516,4584020.00
2023/07/05,42.32,42.75,42.00,42.64,117109,5159064.00
2023/07/06,42.35,43.28,42.33,43.09,109081,4855986.00
2023/07/07,43.09,44.25,42.75,44.07,196051,8858513.00
2023/07/10,44.26,44.67,42.75,43.01,130567,5878122.00
2023/07/11,43.01,43.64,42.87,43.41,88009,3947598.00
2023/07/12,43.41,43.67,42.35,42.85,129807,5768851.00
2023/07/13,42.35,43.39,42.35,42.94,75682,3369638.00
2023/07/14,43.16,43.16,42.25,42.52,97905,4315449.00
2023/07/17,42.78,42.83,41.85,42.37,79164,3478838.00
2023/07/18,42.49,42.55,42.26,42.52,58252,2562495.00
2023/07/19,42.75,42.97,42.30,42.97,76307,3374907.00
2023/07/20,42.94,43.41,42.46,42.77,90139,4022856.00
2023/07/21,43.02,43.07,42.20,42.75,107987,4781896.00
2023/07/24,42.74,43.23,42.27,42.92,63386,2814565.00
2023/07/25,43.20,43.99,43.06,43.96,110317,4993837.00
2023/07/26,44.02,44.07,43.51,44.03,47368,2153206.00
2023/07/27,43.57,44.15,43.55,43.74,60778,2759696.00
2023/07/28,43.92,43.92,43.51,43.78,63678,2884681.00
2023/07/31,44.01,44.83,43.61,44.83,135657,6212834.00
2023/08/01,43.45,44.78,42.97,44.35,267594,12151088.00
2023/08/02,44.32,44.45,43.64,43.65,75941,3458141.00
2023/08/03,44.03,44.03,43.45,43.68,43154,1949663.00
2023/08/04,43.80,44.01,43.09,43.39,87486,3938874.00
2023/08/07,43.36,43.36,41.26,41.44,115615,5016625.00
2023/08/08,41.79,41.88,40.97,41.61,74013,3177831.00
2023/08/09,40.97,42.30,40.97,41.61,56870,2465572.00
2023/08/10,42.63,42.63,41.06,42.05,110530,4833901.00
2023/08/11,41.89,43.20,41.85,42.32,125760,5560521.00
2023/08/14,42.21,42.48,40.98,41.95,92414,3994520.00
2023/08/15,41.75,42.44,40.47,42.15,186601,8040567.00
2023/08/16,41.69,42.55,41.69,41.90,64315,2814269.00
2023/08/17,42.02,43.32,41.46,42.93,105263,4621520.00
2023/08/18,42.84,43.81,42.52,42.63,153694,6888929.00
2023/08/21,43.26,43.26,42.45,42.75,89038,3941069.00
2023/08/22,42.60,42.74,41.00,42.25,270075,11733684.00
2023/08/23,42.24,42.24,40.66,40.80,190310,8130391.00
2023/08/24,41.35,41.89,40.09,41.49,169914,7248787.00
2023/08/25,41.25,42.12,40.69,41.61,94016,4058134.00
2023/08/28,43.74,44.15,41.38,41.69,206024,9101431.00
2023/08/29,41.95,44.22,41.95,44.08,187776,8444270.00
2023/08/30,44.35,44.55,43.57,44.15,187804,8584960.00
2023/08/31,44.19,44.44,43.26,44.22,128879,5879351.00
2023/09/01,44.14,44.93,44.03,44.49,125793,5793408.00
2023/09/04,44.11,44.75,43.28,44.55,121236,5556310.00
2023/09/05,43.91,44.65,43.91,44.26,66141,3023475.00
2023/09/06,44.43,44.56,43.80,44.51,120884,5561840.00
2023/09/07,44.51,44.51,43.45,43.55,51121,2316076.00
2023/09/08,43.16,44.75,43.09,44.34,104528,4791688.00
2023/09/11,44.55,46.26,44.43,45.20,318135,14946888.00
2023/09/12,44.71,45.50,44.66,45.24,94987,4437319.00
2023/09/13,45.44,45.44,44.01,44.57,150487,6967023.00
2023/09/14,44.55,44.73,43.68,44.17,69178,3172379.00
2023/09/15,44.11,46.03,43.50,45.90,281298,13214324.00
2023/09/18,45.93,45.93,44.95,45.42,160614,7536687.00
2023/09/19,45.39,45.95,45.16,45.41,125362,5895704.00
2023/09/20,45.12,45.55,44.55,44.81,174438,8118196.00
2023/09/21,44.61,45.00,44.37,44.80,86131,3977586.00
2023/09/22,44.79,45.61,44.12,45.60,144354,6712714.00
2023/09/25,45.48,46.10,45.15,45.82,160948,7596158.00
2023/09/26,45.95,45.95,44.54,44.71,84290,3939061.00
2023/09/27,44.79,45.93,44.58,45.59,132011,6219988.00
2023/09/28,44.96,46.90,44.96,45.89,273963,13068082.00
2023/10/09,45.88,45.88,44.00,44.29,157139,7259758.00
2023/10/10,44.19,45.33,43.59,44.03,206212,9479040.00
2023/10/11,44.26,45.21,44.22,44.66,131089,6070461.00
2023/10/12,45.15,45.15,43.81,44.33,142368,6525352.00
2023/10/13,44.40,44.83,43.91,44.56,108751,4995586.00
2023/10/16,44.61,45.35,42.95,43.23,173274,7795268.00
2023/10/17,43.31,44.68,43.13,43.90,260944,11876570.00
2023/10/18,43.55,51.08,42.54,45.37,888169,42103728.00
2023/10/19,44.25,44.25,39.00,41.89,775954,33943760.00
2023/10/20,41.62,42.45,40.58,41.40,301028,12895940.00
2023/10/23,41.07,42.05,40.36,40.48,243044,10383744.00
2023/10/24,41.21,41.90,40.35,41.57,188280,8062911.00
2023/10/25,41.95,42.54,41.37,42.07,182669,7939832.00
2023/10/26,41.85,42.38,41.55,42.36,152142,6626626.00
2023/10/27,41.95,43.87,41.95,43.68,230050,10238066.00
2023/10/30,44.13,45.92,43.85,45.67,245596,11480101.00
2023/10/31,45.67,47.14,44.50,46.49,320952,15395224.00
2023/11/01,46.64,48.20,45.59,47.62,400087,19643652.00
2023/11/02,47.45,48.16,46.96,46.98,176660,8646576.00
2023/11/03,46.67,48.11,46.47,47.85,248046,12198061.00
2023/11/06,47.85,48.90,47.55,47.97,204003,10090694.00
2023/11/07,47.95,48.65,47.46,48.16,154753,7682154.00
2023/11/08,47.67,48.35,47.66,48.35,198437,9836620.00
2023/11/09,47.89,48.54,46.87,46.92,219084,10741891.00
2023/11/10,46.94,48.10,46.92,47.74,311585,15327301.00
2023/11/13,47.74,48.32,47.29,48.05,253270,12527279.00
2023/11/14,48.05,48.41,46.77,47.47,275827,13488848.00
2023/11/15,47.43,48.15,46.84,47.00,214404,10429820.00
2023/11/16,47.00,47.29,45.96,46.16,253334,12137067.00
2023/11/17,45.72,46.40,45.71,46.32,208281,9938242.00
2023/11/20,46.43,47.74,46.39,47.40,276678,13463085.00
2023/11/21,47.30,47.63,46.05,46.42,255022,12297443.00
2023/11/22,46.41,46.94,45.93,46.11,218243,10436275.00
2023/11/23,46.11,47.29,46.11,47.18,204505,9896874.00
2023/11/24,47.12,47.44,46.31,47.03,287371,13928689.00
2023/11/27,47.75,47.75,46.01,46.26,287578,13832284.00
2023/11/28,46.37,47.46,45.84,47.05,263617,12781332.00
2023/11/29,47.20,47.41,46.43,46.76,193245,9345387.00
2023/11/30,46.76,46.86,45.63,46.64,225563,10804821.00
2023/12/01,46.16,47.37,45.92,46.40,504311,24105000.00
2023/12/04,46.40,46.40,45.28,45.82,322286,15275434.00
2023/12/05,45.87,46.44,45.38,45.57,187285,8878893.00
2023/12/06,45.26,46.38,45.24,45.65,177607,8416740.00
2023/12/07,45.65,45.98,44.87,45.02,172265,8065718.00
2023/12/08,45.33,45.49,43.77,43.83,251573,11561088.00
2023/12/11,43.88,44.43,43.36,43.96,250914,11383275.00
2023/12/12,44.23,44.25,43.46,44.00,199144,9035692.00
2023/12/13,44.24,44.36,43.45,43.62,113044,5137557.00
2023/12/14,43.94,44.39,43.51,43.76,158136,7194383.00
2023/12/15,43.75,44.15,43.36,43.66,226887,10281739.00
2023/12/18,43.64,43.93,43.02,43.49,205522,9245228.00
2023/12/19,43.49,44.00,42.66,43.49,264178,11861761.00
2023/12/20,43.64,44.55,42.98,43.75,273768,12488712.00
2023/12/21,43.25,43.56,42.08,43.09,210359,9343543.00
2023/12/22,43.44,43.44,41.63,41.79,282105,12347255.00
2023/12/25,42.18,42.58,41.00,41.31,271082,11665508.00
2023/12/26,41.95,41.95,40.63,40.88,137957,5863618.00
2023/12/27,41.44,41.44,40.39,40.93,178362,7549353.00
2023/12/28,41.15,42.34,40.53,42.27,214849,9296433.00
2023/12/29,42.24,43.66,41.56,43.57,197992,8821859.00
2024/01/02,43.57,45.24,43.57,45.03,396216,18277716.00
2024/01/03,45.22,45.22,44.44,44.97,196046,9098858.00
2024/01/04,45.24,45.24,44.36,44.80,118121,5462982.00
2024/01/05,44.80,45.18,43.64,44.01,147578,6786763.00
2024/01/08,43.80,43.82,42.42,42.42,153842,6861475.00
2024/01/09,42.65,43.96,42.55,43.42,257067,11563242.00
2024/01/10,42.88,43.94,42.48,42.63,147425,6577797.00
2024/01/11,42.79,43.21,42.43,42.88,115519,5130364.00
2024/01/12,42.95,43.85,42.49,42.68,195834,8746124.00
2024/01/15,42.68,43.21,42.26,42.65,184427,8159247.00
2024/01/16,42.46,42.90,41.05,42.35,224332,9745503.00
2024/01/17,42.30,42.53,41.30,41.30,180137,7856278.00
2024/01/18,41.51,41.51,39.46,41.02,275130,11515234.00
2024/01/19,40.85,40.89,39.29,39.68,294557,12173351.00
2024/01/22,39.17,39.48,35.96,35.97,283640,11130174.00
2024/01/23,36.60,36.60,34.25,34.81,406906,14852280.00
2024/01/24,35.00,35.72,33.07,34.55,309056,11116921.00
2024/01/25,33.96,37.36,33.96,37.13,249626,9403962.00
2024/01/26,37.45,38.67,37.11,37.72,244667,9665832.00
2024/01/29,37.78,38.44,35.33,35.34,369073,14003612.00
2024/01/30,34.93,35.47,33.97,34.30,242405,8804305.00
2024/01/31,34.43,35.32,31.96,32.24,392971,13853835.00
2024/02/01,32.22,32.39,30.61,30.74,502763,16468011.00
2024/02/02,30.45,31.45,28.28,28.84,608852,18938444.00
2024/02/05,28.80,28.80,23.50,24.15,608054,16238863.00
2024/02/06,23.38,24.96,20.95,23.55,640791,15518387.00
2024/02/07,23.55,24.25,21.56,21.75,621870,15133321.00
2024/02/08,22.22,26.41,21.33,26.38,869370,21755254.00
2024/02/19,25.75,27.94,25.58,26.45,560667,15789838.00
2024/02/20,26.44,27.67,26.02,26.98,400158,11479765.00
2024/02/21,26.98,28.35,26.48,27.61,354335,10316438.00
2024/02/22,27.73,29.34,27.73,29.20,421572,12780861.00
2024/02/23,29.78,30.63,29.25,30.59,369050,11672274.00
2024/02/26,30.93,32.33,30.51,31.69,373550,12326401.00
2024/02/27,31.90,32.00,30.97,31.88,276875,9114949.00
2024/02/28,32.48,33.85,27.85,27.93,787090,25076090.00
2024/02/29,27.66,29.02,26.92,29.02,765734,22864520.00
2024/03/01,28.94,29.59,28.24,28.98,439005,13316272.00
2024/03/04,28.98,29.45,28.28,29.10,319331,9732459.00
2024/03/05,28.94,29.09,27.98,28.46,345059,10302749.00
2024/03/06,28.13,29.25,27.98,28.80,212284,6413728.00
2024/03/07,28.88,29.34,28.26,28.33,179680,5446925.00
2024/03/08,28.44,28.66,27.98,28.46,158059,4732033.00
2024/03/11,29.15,29.20,28.46,29.08,101160,3079279.00
2024/03/12,29.23,30.11,28.77,29.92,280279,8734157.00
2024/03/13,30.01,30.63,29.75,30.43,183850,5831052.00
2024/03/14,30.95,31.30,29.95,30.28,205205,6599378.00
2024/03/15,30.33,31.19,29.96,31.03,188788,6108124.00
2024/03/18,31.33,32.44,31.05,32.31,227601,7618514.00
2024/03/19,32.16,32.94,31.91,32.08,158019,5332673.00
2024/03/20,31.95,32.97,31.47,32.95,165276,5638059.00
2024/03/21,32.89,33.23,32.23,32.45,135402,4626690.00
2024/03/22,32.45,32.45,31.45,31.49,253841,8482710.00
2024/03/25,31.75,32.00,30.60,30.60,210133,6870631.00
2024/03/26,30.45,31.33,30.08,30.50,286239,9200857.00
2024/03/27,30.50,31.23,29.53,29.65,222841,7152549.00
2024/03/28,29.95,30.94,29.60,30.45,236969,7569511.00
2024/03/29,30.48,31.40,30.48,31.25,171872,5616130.00
2024/04/01,30.76,32.43,30.76,32.19,241086,7961026.00
2024/04/02,32.94,32.94,31.62,31.89,155387,5212210.00
2024/04/03,32.11,32.26,30.97,31.21,156671,5152865.00
2024/04/08,31.85,31.99,29.13,29.24,244224,7747416.00
2024/04/09,29.57,29.90,28.84,29.71,193999,6013419.00
2024/04/10,29.05,29.84,28.32,28.82,241952,7340801.00
2024/04/11,28.82,29.61,28.47,29.06,214073,6600310.00
2024/04/12,28.96,29.14,28.11,28.42,239576,7176843.00
2024/04/15,27.86,28.58,26.00,26.30,510876,14635351.00
2024/04/16,25.96,26.35,24.69,25.11,530932,14326743.00
2024/04/17,25.33,27.12,25.16,26.46,311361,8677261.00
2024/04/18,26.32,26.96,25.84,26.13,224374,6262277.00
2024/04/19,25.96,26.10,25.16,25.89,195969,5334971.00
2024/04/22,25.82,26.33,25.20,26.06,163169,4458588.00
2024/04/23,25.61,26.81,25.46,25.99,227996,6289474.00
2024/04/24,25.95,27.30,25.95,27.11,305078,8664692.00
2024/04/25,26.80,28.29,26.80,28.24,311073,9150077.00
2024/04/26,27.49,28.93,27.49,28.49,153577,4586238.00
2024/04/29,28.49,30.55,28.49,30.21,318821,10045327.00
2024/04/30,30.21,30.43,29.55,30.00,344804,10859333.00
2024/05/06,30.32,31.16,29.67,31.16,494862,15962703.00
2024/05/07,30.93,31.87,30.50,31.84,274260,8989873.00
2024/05/08,31.42,32.94,31.42,31.85,355618,11971481.00
2024/05/09,31.84,32.83,31.80,32.57,202156,6867186.00
2024/05/10,32.42,32.63,31.60,31.86,205845,6904344.00
2024/05/13,31.86,31.87,30.46,30.65,265490,8643484.00
2024/05/14,30.77,31.26,30.51,30.80,194651,6322746.00
2024/05/15,30.46,31.70,29.99,31.25,245706,8074831.00
2024/05/16,31.13,32.04,30.81,31.63,201454,6672280.00
2024/05/17,31.28,32.44,30.96,32.31,187632,6321404.00
2024/05/20,32.73,33.21,32.13,32.28,165649,5645034.00
2024/05/21,32.14,32.39,31.00,31.19,201572,6653116.00
2024/05/22,31.17,31.53,30.67,30.83,108726,3538897.00
2024/05/23,30.83,31.31,30.50,30.78,150951,4893280.00
2024/05/24,30.47,30.92,29.47,29.51,269734,8550706.00
2024/05/27,29.94,30.73,29.59,30.20,223473,7059552.00
2024/05/28,30.12,30.12,28.97,29.08,177966,5507758.00
2024/05/29,29.09,30.15,28.98,29.56,196283,6101884.00
2024/05/30,29.56,29.94,29.00,29.68,112938,3511982.00
2024/05/31,29.46,30.29,29.24,29.88,130273,4086525.00
2024/06/03,30.44,30.94,28.87,28.88,477491,15064154.00
2024/06/04,28.56,28.56,27.35,28.09,255854,7520341.00
2024/06/05,27.96,28.24,26.88,26.98,335718,9779089.00
2024/06/06,27.25,27.26,25.08,25.48,279158,7633374.00
2024/06/07,25.77,26.75,25.77,26.54,253458,7079820.00
2024/06/11,26.54,27.42,26.09,27.20,178034,5053428.00
2024/06/12,26.96,27.45,26.46,26.68,347856,9890519.00
2024/06/13,26.69,27.63,26.15,27.22,311918,8906067.00
2024/06/14,27.21,27.43,26.53,26.96,150763,4303596.00
2024/06/17,26.97,26.97,25.96,26.07,190167,5296826.00
2024/06/18,25.80,26.38,25.60,26.35,202662,5619681.00
2024/06/19,26.51,26.69,26.17,26.36,124616,3485672.00
2024/06/20,26.62,27.34,26.06,27.23,407611,11614582.00
2024/06/21,27.21,27.21,26.05,26.32,301111,8457902.00
2024/06/24,26.32,26.54,25.16,25.22,265226,7186348.00
2024/06/25,25.14,25.66,24.77,24.99,230736,6166257.00
2024/06/26,24.79,25.52,24.64,25.40,244101,6489641.00
2024/06/27,25.60,26.07,25.08,25.08,232846,6277622.00
2024/06/28,25.25,25.72,24.77,24.94,315093,8390494.00
2024/07/01,24.94,24.97,23.71,24.17,616060,15651177.00
2024/07/02,24.17,24.84,24.05,24.37,347556,9011287.00
2024/07/03,24.29,25.02,24.29,24.48,389307,10111645.00
2024/07/04,24.48,24.53,23.43,23.48,256719,6448462.00
2024/07/05,23.48,24.54,23.25,24.38,285339,7195122.00
2024/07/08,24.25,24.25,23.71,23.88,176865,4472168.00
2024/07/09,23.85,24.60,23.51,24.57,238744,6081206.00
2024/07/10,24.61,25.08,24.16,24.31,308448,7979993.00
2024/07/11,24.42,25.00,24.34,24.92,399101,10404261.00
2024/07/12,24.92,25.36,24.86,25.05,250940,6630668.00
2024/07/15,25.03,25.03,23.83,23.90,310540,7926556.00
2024/07/16,23.90,24.15,23.51,23.65,247068,6188377.00
2024/07/17,23.74,23.90,23.46,23.64,182309,4561582.00
2024/07/18,23.50,23.79,23.11,23.66,218564,5426041.00
2024/07/19,23.64,24.03,23.29,23.80,152699,3835053.00
2024/07/22,23.77,24.30,23.67,23.88,148567,3758087.00
2024/07/23,23.99,24.02,23.39,23.45,159499,3993434.00
2024/07/24,23.23,23.65,23.06,23.26,206016,5079632.00
2024/07/25,23.26,24.08,23.16,23.65,151048,3768954.00
2024/07/26,23.75,24.04,23.57,23.84,111642,2805888.00
2024/07/29,24.33,24.33,23.47,23.71,127284,3201726.00
2024/07/30,23.56,24.05,23.55,23.77,134719,3393383.00
2024/07/31,23.78,25.01,23.48,24.72,236872,6102993.00
2024/08/01,24.80,25.36,24.61,25.05,205975,5444425.00
2024/08/02,24.71,25.63,24.71,24.91,269292,7175013.00
2024/08/05,24.63,25.21,23.91,23.94,194162,5029411.00
2024/08/06,24.01,24.90,24.01,24.79,167006,4317868.00
2024/08/07,24.79,24.94,24.37,24.77,165917,4324117.00
2024/08/08,24.64,24.94,24.49,24.61,144372,3764390.00
2024/08/09,24.61,25.26,24.56,24.73,218417,5750041.00
2024/08/12,25.35,25.35,24.67,24.80,247827,6525532.00
2024/08/13,24.74,25.15,24.22,25.15,225589,5885119.00
2024/08/14,25.29,25.29,24.69,24.84,105596,2769362.00
2024/08/15,25.14,25.64,24.83,25.03,216623,5761590.00
2024/08/16,24.97,26.01,24.68,25.81,366358,9807429.00
2024/08/19,26.01,26.19,24.69,24.69,432096,11600489.00
2024/08/20,24.60,24.60,23.74,23.90,287799,7347055.00
2024/08/21,23.87,24.10,23.73,23.94,125219,3165221.00
2024/08/22,23.99,24.33,23.35,23.46,159174,4001102.00
2024/08/23,23.19,23.64,22.79,22.85,227287,5548347.00
2024/08/26,22.85,23.45,22.48,23.11,210300,5144199.00
2024/08/27,23.21,23.57,22.88,23.18,123817,3045652.00
2024/08/28,22.91,24.12,22.85,23.67,232158,5822060.00
2024/08/29,23.61,24.11,23.43,23.95,190416,4804498.00
2024/08/30,24.03,24.54,23.70,24.27,300298,7681929.00
2024/09/02,24.27,24.42,23.68,23.77,248534,6299296.00
2024/09/03,23.77,24.21,23.46,23.78,190786,4823320.00
2024/09/04,23.93,23.93,23.18,23.21,188545,4669210.00
2024/09/05,23.08,23.53,23.08,23.40,129681,3205688.00
2024/09/06,23.52,23.59,22.65,22.65,199995,4859385.00
2024/09/09,22.55,23.09,22.38,22.78,127254,3077331.00
2024/09/10,22.84,23.09,22.49,23.09,145211,3510312.00
2024/09/11,23.09,23.25,22.66,23.00,109223,2657597.00
2024/09/12,22.86,23.41,22.86,22.89,103123,2531654.00
2024/09/13,23.10,23.12,22.32,22.43,113402,2719415.00
2024/09/18,22.50,22.50,21.65,21.81,160185,3721200.00
2024/09/19,21.82,22.64,21.78,22.51,236265,5582929.00
2024/09/20,22.56,22.56,21.88,22.09,179135,4195342.00
2024/09/23,22.15,22.43,21.95,22.26,141497,3337209.00
2024/09/24,22.36,23.34,22.06,23.25,251587,6098600.00
2024/09/25,23.50,23.95,23.26,23.57,215275,5392420.00
2024/09/26,23.41,24.44,23.17,24.44,181967,4606629.00
2024/09/27,24.79,25.53,24.67,25.49,125650,3327494.00
2024/09/30,26.14,29.44,26.14,29.10,561901,16426974.00
2024/10/08,33.65,34.30,30.15,31.88,798164,26562804.00
2024/10/09,31.55,31.55,28.29,28.49,565496,17533700.00
2024/10/10,28.80,29.57,28.48,29.01,340384,10383384.00
2024/10/11,29.01,29.01,27.05,27.53,304796,8874579.00
2024/10/14,27.31,28.36,27.03,28.36,262609,7608290.00
2024/10/15,28.34,29.04,27.97,28.00,174843,5222057.00
2024/10/16,27.95,28.29,27.15,27.88,182008,5315586.00
2024/10/17,28.14,28.83,27.97,28.09,236604,7052674.00
2024/10/18,28.57,29.63,27.67,28.16,364150,10846400.00
2024/10/21,28.59,29.75,28.38,29.55,512332,15613605.00
2024/10/22,29.62,30.33,29.53,30.12,396875,12413883.00
2024/10/23,30.15,30.80,29.91,30.44,260060,8247455.00
2024/10/24,30.29,30.87,30.26,30.84,235509,7509613.00
2024/10/25,30.84,32.33,30.41,32.17,369976,12246869.00
2024/10/28,32.17,37.00,31.83,35.85,1008924,36505448.00
2024/10/29,36.63,37.65,34.43,34.45,1003905,37069744.00
2024/10/30,35.24,35.24,32.33,33.15,1040754,36092620.00
2024/10/31,33.45,39.95,32.80,39.95,3035533,115366480.00
2024/11/01,38.27,39.24,35.06,36.51,1912429,73149328.00
2024/11/04,36.35,37.24,34.88,37.08,857501,32367288.00
2024/11/05,36.76,37.45,36.76,37.25,519275,19948284.00
2024/11/06,37.25,39.14,37.25,38.12,602462,23944596.00
2024/11/07,38.12,39.07,37.26,37.96,527845,20830574.00
2024/11/08,38.35,39.80,37.85,39.30,620140,24930002.00
2024/11/11,39.30,39.81,38.82,39.70,379570,15419003.00
2024/11/12,39.69,47.75,39.69,43.46,1364367,60980936.00
2024/11/13,44.75,49.05,42.79,46.05,1089035,51135292.00
2024/11/14,45.96,47.21,43.75,43.75,748607,35142196.00
2024/11/15,43.76,44.61,40.31,40.62,794312,34781144.00
2024/11/18,40.76,41.63,39.90,40.31,449310,18863134.00
2024/11/19,40.27,40.74,38.27,39.98,442813,17993340.00
2024/11/20,39.97,41.54,39.52,40.86,390873,16447973.00
2024/11/21,40.76,41.93,40.32,41.25,352287,14936106.00
2024/11/22,41.26,41.37,38.36,39.00,382517,15738532.00
2024/11/25,38.99,39.29,38.35,39.29,200917,8065597.00
2024/11/26,39.29,41.29,39.27,39.75,281630,11663586.00
2024/11/27,39.97,41.75,38.45,41.75,386027,16043567.00
2024/11/28,41.56,42.75,41.51,41.67,324012,14082316.00
2024/11/29,41.55,42.40,40.86,41.13,502476,21483972.00
2024/12/02,41.21,42.01,40.62,41.24,492041,20974616.00
2024/12/03,41.24,41.24,40.07,40.95,506107,21172998.00
2024/12/04,40.95,41.34,39.25,39.49,417214,17320380.00
2024/12/05,39.43,40.63,39.37,40.24,373570,15412137.00
2024/12/06,40.32,40.74,39.25,39.81,398232,16369745.00
2024/12/09,39.81,41.34,39.81,40.56,600459,25155398.00
2024/12/10,41.47,42.48,40.51,40.75,568544,24286708.00
2024/12/11,40.53,41.85,40.53,41.21,252154,10737512.00
2024/12/12,41.35,41.75,40.25,40.64,362809,15239712.00
2024/12/13,41.00,41.07,40.01,40.23,240454,10016675.00
2024/12/16,40.35,40.55,39.25,39.67,255120,10443262.00
2024/12/17,39.67,39.67,37.63,37.76,309125,12265092.00
2024/12/18,38.24,38.50,36.79,38.35,209513,8201406.00
2024/12/19,38.01,38.23,37.14,37.36,237911,9223114.00
2024/12/20,37.55,38.56,37.26,38.45,239758,9452705.00
2024/12/23,38.02,38.73,35.35,35.55,350262,13214927.00
2024/12/24,35.88,36.15,35.27,35.93,369384,13656558.00
2024/12/25,35.61,36.05,34.55,34.88,440910,16039262.00
2024/12/26,34.88,36.39,34.88,36.15,379729,14033653.00
2024/12/27,36.38,36.69,35.46,35.90,215402,8049051.00
2024/12/30,35.90,35.90,34.80,35.08,231562,8464921.00
2024/12/31,34.85,35.42,34.28,34.50,256066,9199582.00
2025/01/02,34.44,35.45,33.18,33.50,373642,13318946.00
2025/01/03,33.53,34.46,32.76,32.95,294075,10250648.00
2025/01/06,32.80,34.24,31.98,33.50,277931,9616449.00
2025/01/07,33.36,33.96,32.75,33.87,110982,3854960.00
2025/01/08,33.87,34.10,32.08,32.77,216485,7383939.00
2025/01/09,32.77,33.73,32.54,33.43,130360,4504299.00
2025/01/10,33.33,33.88,31.76,31.87,139244,4710807.00
2025/01/13,31.75,32.48,31.09,32.06,119898,3966875.00
2025/01/14,32.14,33.81,32.14,33.81,157875,5423079.00
2025/01/15,33.81,33.97,32.94,33.07,155237,5363231.00
2025/01/16,33.49,33.61,32.62,33.05,236332,8117451.00
2025/01/17,32.64,33.24,32.09,33.10,140696,4811732.00
2025/01/20,33.03,33.36,31.75,32.81,337720,11457899.00
2025/01/21,33.34,33.40,32.41,32.87,134290,4587044.00
2025/01/22,33.06,33.12,31.28,31.65,318857,10574258.00
2025/01/23,31.99,32.69,31.29,31.52,224648,7488696.00
2025/01/24,31.52,32.32,31.25,32.17,300910,9930650.00
2025/01/27,32.15,33.57,32.14,32.18,235194,7985568.00
2025/02/05,32.18,33.94,32.18,33.76,205034,7123850.00
2025/02/06,33.76,34.75,33.27,34.64,248763,8820905.00
2025/02/07,34.94,35.68,34.26,35.42,422548,15337256.00
2025/02/10,35.37,35.77,34.63,35.53,291374,10655273.00
2025/02/11,35.63,35.63,34.38,34.94,272506,9840823.00
2025/02/12,34.60,35.11,34.48,34.96,149097,5372171.00
2025/02/13,35.04,35.04,33.95,33.96,149343,5305171.00
2025/02/14,34.23,35.21,34.03,34.58,420993,15014394.00
2025/02/17,34.75,38.49,34.75,36.90,965666,36929256.00
2025/02/18,36.93,37.50,35.74,35.74,644115,24423496.00
2025/02/19,35.78,37.46,35.56,37.28,529900,20133098.00
2025/02/20,37.13,39.73,37.05,38.80,625227,25269562.00
2025/02/21,38.51,39.70,38.29,39.65,664610,26800972.00
2025/02/24,39.77,40.19,38.08,38.49,531650,21274674.00
2025/02/25,38.49,38.49,37.08,37.46,624784,24283176.00
2025/02/26,37.26,37.55,36.35,36.76,572140,21777328.00
2025/02/27,36.51,37.03,36.15,36.79,383025,14493934.00
2025/02/28,36.75,37.02,35.76,35.85,323170,12082000.00
2025/03/03,35.81,37.23,35.81,36.90,324016,12321354.00
2025/03/04,36.77,37.95,36.70,37.71,418160,16231202.00
2025/03/05,37.99,37.99,36.98,37.32,301753,11634262.00
2025/03/06,37.37,38.15,37.02,38.04,370645,14487620.00
2025/03/07,38.04,38.11,37.06,37.28,271228,10496006.00
2025/03/10,37.25,41.23,37.25,37.95,680041,27307884.00
2025/03/11,37.65,38.59,37.16,37.97,400279,15677186.00
2025/03/12,38.21,38.25,37.51,37.96,317479,12422729.00
2025/03/13,37.76,37.76,36.66,36.97,336731,12905387.00
2025/03/14,37.05,38.49,36.80,38.28,336479,13090274.00
2025/03/17,38.26,39.23,37.28,38.92,542189,21442276.00
2025/03/18,38.83,39.48,38.37,38.49,251946,10123063.00
2025/03/19,38.78,38.78,37.83,37.95,229397,9084137.00
2025/03/20,37.94,37.95,37.24,37.58,262961,10198445.00
2025/03/21,37.58,37.73,36.61,36.89,320533,12268724.00
2025/03/24,37.13,37.34,35.28,35.90,382205,14242855.00
2025/03/25,36.12,36.12,34.65,35.45,323071,11808025.00
2025/03/26,35.69,36.72,35.27,36.34,198734,7475836.00
2025/03/27,36.01,36.72,35.35,36.38,209720,7821380.00
2025/03/28,36.18,37.23,35.55,35.93,259527,9749179.00
2025/03/31,35.76,36.21,34.54,35.09,236409,8566359.00
2025/04/01,34.73,37.32,34.73,36.35,338127,12785747.00
2025/04/02,36.35,37.39,36.03,37.04,206104,7877294.00
2025/04/03,36.51,37.49,36.35,37.19,245376,9400229.00
2025/04/07,36.40,36.40,30.64,31.43,496175,17326222.00
2025/04/08,31.43,33.24,31.32,32.08,271374,9014242.00
2025/04/09,31.51,33.61,29.35,33.27,432896,14129988.00
2025/04/10,33.74,34.63,33.17,34.08,449657,15883764.00
2025/04/11,34.03,34.94,33.76,34.25,245707,8796358.00
2025/04/14,34.37,35.25,34.25,34.84,269190,9720658.00
2025/04/15,34.83,35.46,34.76,35.38,193425,7049994.00
2025/04/16,35.02,35.32,33.91,34.25,262426,9392875.00
2025/04/17,34.21,35.40,34.02,34.67,332777,12022364.00
2025/04/18,34.72,35.34,34.10,34.81,217617,7827569.00
2025/04/21,34.66,35.57,34.25,35.47,250195,9102992.00
2025/04/22,35.52,35.71,34.75,35.21,442700,16080257.00
2025/04/23,35.71,35.71,34.53,34.96,268442,9689004.00
2025/04/24,34.97,35.21,34.01,34.19,220071,7894364.00
2025/04/25,34.49,34.74,33.86,33.89,172688,6104896.00
2025/04/28,33.90,34.11,33.08,33.65,170002,5895497.00
2025/04/29,33.29,34.84,33.29,34.55,245484,8753069.00
2025/04/30,34.93,35.77,34.76,35.75,373630,13643718.00
2025/05/06,35.94,36.99,35.46,36.75,518286,19513640.00
2025/05/07,37.11,37.91,36.79,37.16,348345,13456722.00
2025/05/08,37.02,38.11,37.01,37.75,234876,9129613.00
2025/05/09,37.69,37.94,37.25,37.25,213840,8302490.00
2025/05/12,37.25,38.25,37.25,37.88,339676,13301333.00
2025/05/13,38.35,38.35,37.17,37.29,298120,11560153.00
2025/05/14,37.55,37.72,36.56,36.72,586954,22508292.00
2025/05/15,36.87,37.13,36.33,36.89,301991,11476264.00
2025/05/16,36.51,37.70,36.51,37.55,213010,8201617.00
2025/05/19,37.73,37.92,37.16,37.88,250379,9740921.00
2025/05/20,37.99,38.58,37.85,38.44,208054,8226985.00
2025/05/21,38.74,38.74,37.74,37.92,154682,6079380.00
2025/05/22,37.81,38.41,37.01,37.10,369613,14330980.00
2025/05/23,37.01,37.97,36.83,36.99,341048,13197649.00
2025/05/26,37.27,37.58,36.58,36.76,348177,13321599.00
2025/05/27,36.77,37.48,36.58,37.26,187403,7181074.00
2025/05/28,37.49,38.04,36.65,37.08,288981,11090182.00
2025/05/29,36.82,38.36,36.82,38.20,279785,10965627.00
2025/05/30,38.21,38.45,37.53,37.73,224402,8769475.00
2025/06/03,37.52,38.49,37.27,38.42,307454,12094923.00
2025/06/04,38.49,38.64,38.15,38.47,211898,8397567.00
2025/06/05,38.60,38.61,37.78,38.47,205432,8139198.00
2025/06/06,38.69,38.90,38.04,38.83,295069,11746032.00
2025/06/09,38.85,39.03,38.61,38.83,262279,10510386.00
2025/06/10,39.01,39.02,38.26,38.60,311751,12439814.00
2025/06/11,38.51,39.24,38.51,38.74,246812,9919003.00
2025/06/12,38.26,39.60,38.26,39.57,335079,13560645.00
2025/06/13,39.53,39.60,38.43,38.55,279734,11198233.00
2025/06/16,39.32,39.32,38.32,38.83,274077,10973723.00
2025/06/17,38.99,39.24,38.16,38.56,236269,9424214.00
2025/06/18,38.74,38.74,37.58,38.00,287149,11265912.00
2025/06/19,38.18,38.18,36.75,36.84,299354,11542165.00
2025/06/20,37.08,37.63,36.79,36.88,218648,8391102.00
2025/06/23,36.69,38.73,36.69,38.69,335070,13136279.00
2025/06/24,38.81,39.44,38.51,39.43,252832,10207472.00
2025/06/25,39.55,39.73,38.94,39.47,326976,13274690.00
2025/06/26,39.46,39.62,38.89,39.16,179943,7271506.00
2025/06/27,39.50,39.71,39.19,39.26,243340,9880517.00
2025/06/30,39.64,41.09,39.26,40.88,372603,15466392.00
2025/07/01,40.85,41.33,40.40,40.85,212321,8929207.00
2025/07/02,40.95,41.06,39.99,40.38,198689,8254353.00
2025/07/03,40.51,41.01,40.12,40.55,213085,8911323.00
2025/07/04,40.76,40.76,39.87,40.14,194982,8056838.00
2025/07/07,40.29,40.95,39.90,40.62,222130,9244913.00
2025/07/08,40.65,40.96,40.35,40.81,166347,6958767.00
2025/07/09,41.03,41.03,40.12,40.75,147490,6160050.00
2025/07/10,40.51,40.56,39.94,40.31,155348,6428937.00
2025/07/11,40.40,40.84,39.86,40.67,255068,10589372.00
2025/07/14,40.75,41.45,40.36,41.43,296962,12567021.00
2025/07/15,41.43,41.43,40.04,40.95,278811,11691786.00
2025/07/16,40.88,41.73,40.88,41.69,274950,11703121.00
2025/07/17,41.90,42.85,41.26,42.54,302345,13064291.00
2025/07/18,42.53,43.43,41.94,43.20,405305,17885178.00
2025/07/21,44.31,48.83,44.31,46.72,1387028,66315264.00
2025/07/22,46.36,47.09,45.19,46.37,824186,38940808.00
2025/07/23,45.86,50.36,45.66,50.36,1612199,80165896.00
2025/07/24,52.87,59.45,52.35,59.45,3103231,177612624.00
2025/07/25,56.43,59.11,54.95,55.54,2275323,131217360.00
2025/07/28,57.02,58.02,53.55,55.30,1926976,109434376.00
2025/07/29,53.46,53.60,50.05,51.00,2138977,111419232.00
2025/07/30,50.64,53.34,50.08,52.04,1633848,87144432.00
2025/07/31,51.85,53.45,51.25,51.67,1179726,63271852.00
2025/08/01,52.63,54.05,51.34,52.08,993704,53244584.00
2025/08/04,52.15,55.30,51.10,54.24,1487497,81070216.00
2025/08/05,54.15,56.71,52.74,53.85,1137546,63091476.00
2025/08/06,54.15,56.20,52.34,52.75,1344984,73433224.00
2025/08/07,52.35,53.53,51.19,51.40,849476,45222552.00
2025/08/08,51.83,52.38,50.55,50.85,990801,51849796.00
2025/08/11,51.11,52.35,50.87,51.91,729922,38682904.00
2025/08/12,51.94,52.63,50.18,50.49,820482,42924248.00
2025/08/13,50.78,50.81,49.05,49.82,1055254,53745476.00
2025/08/14,49.77,50.13,48.11,48.24,870833,43658004.00
2025/08/15,48.05,50.71,47.90,50.10,941886,47603224.00
2025/08/18,50.83,50.93,49.75,50.64,862939,44372112.00
2025/08/19,50.61,51.14,49.71,50.43,712351,36591888.00
2025/08/20,50.43,50.89,49.37,49.75,461292,23560308.00
2025/08/21,50.00,51.02,49.81,50.63,653723,33780652.00
2025/08/22,50.62,51.85,49.73,51.68,797208,41479952.00
2025/08/25,51.71,56.05,50.85,54.35,1541073,83839936.00
2025/08/26,54.30,55.19,53.04,54.33,1430603,79069360.00
2025/08/27,54.34,54.40,52.01,52.42,1340903,73236808.00
2025/08/28,52.26,53.90,50.54,52.35,1086432,58164320.00
2025/08/29,52.78,54.85,51.42,53.41,1337635,73103152.00
2025/09/01,53.25,53.65,51.81,52.38,827500,44465264.00
2025/09/02,52.38,52.85,50.25,51.42,1101960,58050232.00
2025/09/03,51.65,52.74,49.46,50.13,868661,45393192.00
2025/09/04,50.35,50.73,47.83,48.36,761063,38440356.00
2025/09/05,48.84,49.33,48.37,48.70,769298,38431696.00
2025/09/08,48.95,50.21,48.81,49.56,823224,41783256.00
2025/09/09,49.35,49.60,48.15,48.31,783566,39213776.00
2025/09/10,48.35,48.85,47.27,47.61,543923,26606632.00
2025/09/11,47.29,48.59,46.73,47.94,468169,22914556.00
2025/09/12,48.05,48.41,46.86,47.58,433521,21141156.00
2025/09/15,47.81,47.84,46.70,46.84,410189,19752962.00
2025/09/16,46.84,47.32,46.47,46.83,408680,19606052.00
2025/09/17,47.02,47.10,46.32,46.34,403969,19308872.00
2025/09/18,46.59,46.76,45.24,45.47,488655,23057576.00
2025/09/19,45.36,45.74,44.36,45.06,563386,25968216.00
2025/09/22,45.29,45.75,44.36,44.93,308575,14187217.00
2025/09/23,45.03,45.57,43.40,45.29,551288,25193088.00
2025/09/24,45.30,46.25,44.87,45.95,395894,18626636.00
2025/09/25,46.20,49.14,45.48,46.81,999257,48794416.00
2025/09/26,47.35,47.35,45.21,45.62,531467,25037332.00
2025/09/29,45.82,46.28,44.95,46.13,367746,17243566.00
2025/09/30,46.34,46.85,45.55,46.04,479903,22781718.00
2025/10/09,45.86,47.00,45.86,46.33,555406,26436348.00
2025/10/10,46.12,46.75,45.44,45.75,501677,23628596.00
2025/10/13,44.55,46.59,43.46,45.87,533273,24788976.00
2025/10/14,46.23,46.85,45.33,45.37,410508,19405420.00
2025/10/15,45.60,48.29,45.38,46.79,559835,26946896.00
2025/10/16,46.79,48.34,45.92,46.22,508577,24525144.00
2025/10/17,46.00,46.81,45.38,45.38,384435,18131064.00
2025/10/20,45.89,46.32,44.87,45.40,404429,18890046.00
2025/10/21,45.63,46.57,45.63,46.57,552703,26116004.00
2025/10/22,46.57,46.62,45.70,46.10,397862,18790334.00
2025/10/23,46.10,46.34,45.08,45.68,374962,17473360.00
2025/10/24,45.68,46.62,45.24,46.62,373019,17677342.00
2025/10/27,46.85,49.42,46.74,48.38,870322,43052656.00
2025/10/28,48.44,52.73,48.04,51.93,1212377,63579396.00
2025/10/29,51.93,51.97,49.45,49.69,876966,45061696.00
2025/10/30,49.35,50.33,48.36,48.40,451631,22691414.00
2025/10/31,48.63,51.62,48.36,51.00,830278,43010244.00
2025/11/03,50.85,51.28,49.68,51.20,677823,35100452.00
2025/11/04,50.94,51.84,50.21,51.75,707623,36990884.00
2025/11/05,51.74,54.19,50.87,53.10,1113763,60272176.00
2025/11/06,53.02,53.18,51.80,52.14,795244,42511204.00
2025/11/07,52.12,52.23,51.15,51.64,384342,20302924.00
2025/11/10,51.62,52.22,50.65,51.42,426158,22408098.00
2025/11/11,51.75,52.12,51.13,51.64,505799,26742228.00
2025/11/12,51.91,52.35,49.87,50.54,574954,29822020.00
2025/11/13,50.65,51.25,50.14,51.10,465929,24229632.00
2025/11/14,50.36,51.49,50.36,50.85,497657,26003068.00
2025/11/17,51.60,51.63,49.31,49.38,721041,37008060.00
2025/11/18,50.45,50.52,49.05,50.19,704771,35951856.00
2025/11/19,50.19,50.23,47.89,48.12,448630,22385604.00
2025/11/20,48.13,48.86,46.87,47.31,462015,22513834.00
2025/11/21,46.88,48.25,44.36,44.64,769223,35897980.00
2025/11/24,44.55,45.33,43.59,45.21,602306,27506336.00
2025/11/25,45.24,47.12,45.21,46.29,589320,27989788.00
2025/11/26,47.10,47.65,46.20,46.24,562026,26902216.00
2025/11/27,46.47,47.00,45.53,46.90,400795,19084934.00
2025/11/28,46.71,47.52,46.51,47.28,316981,15232984.00
2025/12/01,47.35,48.09,47.13,47.54,507965,24741066.00
2025/12/02,47.51,47.63,46.09,46.40,511205,24256348.00
2025/12/03,46.33,47.25,45.73,46.81,397987,18967208.00
2025/12/04,46.84,46.99,45.59,45.67,354557,16639303.00
2025/12/05,45.70,46.31,44.88,46.25,249099,11609482.00
2025/12/08,46.09,47.29,45.80,46.75,378826,18062924.00
2025/12/09,46.72,46.99,46.23,46.25,233728,11130572.00
2025/12/10,46.01,46.46,45.06,45.10,319397,14933232.00
2025/12/11,45.49,45.59,43.82,43.83,398849,18070488.00
2025/12/12,43.73,44.23,43.00,43.28,441684,19688524.00
2025/12/15,43.28,43.77,42.76,43.30,420945,18634756.00
2025/12/16,43.48,44.23,42.80,43.48,353966,15705586.00
2025/12/17,43.48,43.48,42.28,43.18,367119,16076043.00
2025/12/18,42.76,47.49,42.76,46.20,936341,43874976.00
2025/12/19,46.67,51.50,45.75,49.40,1690055,85227736.00
2025/12/22,49.51,52.70,48.16,48.66,1012106,51149088.00
2025/12/23,48.76,48.76,46.64,47.76,734018,35510136.00
2025/12/24,47.27,48.90,47.27,47.48,468442,22912892.00
2025/12/25,47.58,47.89,46.83,47.47,370123,17860566.00
2025/12/26,47.29,47.85,47.03,47.55,362666,17590230.00
2025/12/29,47.45,47.66,46.89,47.08,355550,17136288.00
2025/12/30,47.32,48.29,46.50,47.30,595701,28824100.00
2025/12/31,47.55,47.66,46.79,47.37,320703,15433125.00
2026/01/05,47.23,48.49,47.01,48.05,480648,23527562.00
2026/01/06,48.18,48.29,47.56,47.62,378534,18481124.00
2026/01/07,47.51,48.16,46.78,47.85,518624,25162504.00
2026/01/08,47.87,49.46,47.74,48.69,585074,29174092.00
2026/01/09,48.40,49.65,48.40,49.24,431897,21651592.00
2026/01/12,49.58,50.80,49.19,49.65,588594,29941284.00
2026/01/13,49.88,52.10,49.37,51.14,1038009,54156636.00
2026/01/14,51.12,51.98,49.25,50.30,883450,45746336.00
2026/01/15,50.19,51.36,49.91,50.65,555173,28626552.00
2026/01/16,50.99,51.58,50.02,50.60,636434,32841116.00
2026/01/19,50.60,51.79,49.48,51.02,599349,31306528.00
2026/01/20,51.29,53.52,50.55,50.80,826217,43618312.00
2026/01/21,50.80,51.90,50.55,51.63,411140,21576040.00
2026/01/22,51.88,52.30,51.35,51.83,346907,18345748.00
2026/01/23,51.72,52.25,51.58,51.87,343483,18162028.00
2026/01/26,52.13,52.20,50.40,50.92,616125,32141448.00
2026/01/27,50.85,51.27,49.10,50.98,515996,26546596.00
2026/01/28,51.60,51.60,49.57,49.80,477556,24452812.00
2026/01/29,49.80,50.38,48.76,48.93,429009,21704184.00
2026/01/30,48.20,50.50,48.20,50.45,550679,27861338.00
2026/02/02,51.72,52.85,50.21,50.28,788314,41373832.00
2026/02/03,50.79,51.82,50.24,50.93,563935,29303812.00
2026/02/04,50.84,51.81,50.52,50.83,492668,25622326.00
2026/02/05,51.10,51.89,50.57,51.18,450435,23540768.00
2026/02/06,51.12,52.53,50.49,51.81,478051,25198640.00
2026/02/09,52.59,53.88,51.81,53.30,647143,34925856.00
2026/02/10,53.21,53.44,52.39,52.39,438896,23601724.00
2026/02/11,52.22,53.13,52.22,52.85,416860,22385052.00
2026/02/12,53.08,53.53,51.88,53.10,432321,23339152.00
2026/02/13,53.00,53.60,52.21,52.48,351264,18978682.00
2026/02/24,52.92,54.13,52.77,53.53,598886,32737584.00
2026/02/25,53.51,53.84,52.72,52.94,325424,17639640.00
2026/02/26,53.29,53.29,52.01,52.23,402546,21561632.00
2026/02/27,52.10,53.37,51.70,53.23,376053,20102048.00
2026/03/02,52.77,53.98,51.00,51.83,691300,36873232.00
2026/03/03,51.66,52.18,49.50,49.82,662222,34371516.00
2026/03/04,49.56,50.55,49.20,49.37,442033,22469368.00
2026/03/05,50.10,51.02,49.01,49.43,356797,18220962.00
2026/03/06,49.00,51.87,48.90,51.81,477600,24745172.00
2026/03/09,50.82,51.32,49.02,50.28,510007,25972756.00
2026/03/10,50.54,52.47,50.54,52.47,449653,23804880.00
2026/03/11,52.49,53.20,51.94,52.30,362681,19451332.00
2026/03/12,52.13,53.19,51.44,52.00,346895,18448282.00
2026/03/13,51.81,53.00,51.30,51.88,369143,19642324.00
2026/03/16,51.51,52.52,51.22,51.65,394276,20793044.00
2026/03/17,51.52,51.90,50.15,50.17,316139,16452044.00
2026/03/18,50.17,51.75,50.06,51.70,486976,25280116.00
2026/03/19,50.99,51.89,50.35,50.35,381561,19892342.00
2026/03/20,50.27,51.12,47.53,47.90,785196,38942064.00
2026/03/23,46.44,47.90,44.58,44.89,760549,35515128.00
2026/03/24,45.50,48.26,45.27,48.26,498526,23683992.00
2026/03/25,48.88,49.68,47.45,49.13,370892,18613912.00
2026/03/26,48.89,49.89,47.92,48.55,394359,19566492.00
2026/03/27,47.14,50.30,47.14,50.25,389509,19655884.00
2026/03/30,50.30,50.79,49.00,50.51,422118,21524738.00
2026/03/31,50.51,51.85,50.33,50.40,450758,23441516.00
2026/04/01,50.73,51.42,50.61,51.37,412520,21463564.00
2026/04/02,51.42,51.49,49.51,49.94,394883,20263712.00
2026/04/03,50.14,50.14,47.03,47.47,541094,26454952.00
2026/04/07,47.72,49.27,46.26,49.16,412988,20462542.00
2026/04/08,50.16,51.44,50.16,51.03,464421,24105232.00
2026/04/09,51.03,51.25,49.57,49.61,311824,15979576.00
2026/04/10,49.86,51.38,49.28,50.87,316642,16290580.00
2026/04/13,50.70,50.70,49.01,50.00,289911,14663577.00
2026/04/14,50.49,50.85,48.44,48.98,410871,20550780.00
2026/04/15,49.08,49.47,48.52,48.87,397789,19889644.00
2026/04/16,48.86,50.22,48.30,50.13,361894,18224416.00
2026/04/17,50.29,50.85,49.11,50.38,352209,17960656.00
2026/04/20,50.10,54.00,49.55,53.97,964156,51682708.00
2026/04/21,53.05,54.78,52.38,54.20,1037829,56764016.00
2026/04/22,53.90,55.88,52.16,55.28,914803,50325932.00
2026/04/23,54.79,60.91,54.23,57.00,1729214,100722944.00
2026/04/24,57.02,60.00,55.92,59.40,1831025,109140864.00
2026/04/27,58.98,60.88,56.04,59.50,1335272,79437272.00
2026/04/28,59.30,59.54,57.01,57.88,1035953,61228788.00
2026/04/29,57.92,62.01,56.21,60.67,1444226,86745464.00
2026/04/30,61.10,62.56,59.44,59.62,1105227,68408464.00
2026/05/06,58.00,59.00,55.21,56.83,1985384,115116544.00
2026/05/07,56.85,58.99,56.55,57.16,1349588,79611888.00
2026/05/15,59.00,59.00,53.13,54.01,2712610,154227600.00
2026/05/18,54.01,55.91,50.55,53.97,1844858,99709912.00
2026/05/19,53.70,57.97,53.70,55.70,1260987,71661216.00
2026/05/20,55.13,56.97,53.31,53.35,958411,53204508.00
2026/05/21,53.24,56.07,52.41,52.41,1120864,62045760.00
2026/05/22,52.88,54.74,52.40,53.81,976930,53444856.00
2026/05/25,54.00,55.66,52.61,53.32,838930,46131604.00
2026/05/26,53.30,53.30,51.52,51.98,796302,42285744.00
2026/05/27,51.98,51.98,48.57,50.24,790304,40292696.00
2026/05/28,50.14,50.91,48.91,49.62,588945,29940784.00
2026/05/29,50.30,50.61,47.76,48.20,824533,40945136.00
2026/06/01,49.82,50.49,47.81,49.79,669918,33896328.00
2026/06/02,49.94,50.64,48.12,48.83,851468,42564568.00
2026/06/03,48.87,49.37,46.42,48.18,672806,32854688.00
2026/06/04,48.17,48.17,46.10,46.79,627545,29955276.00
2026/06/05,46.78,47.73,46.02,47.35,569102,27310088.00
2026/06/08,46.01,49.55,46.01,48.19,1320059,64817440.00
2026/06/09,48.19,52.74,47.30,51.93,1377658,71444296.00
2026/06/10,51.86,53.73,51.10,53.60,1096506,57598796.00
2026/06/11,53.60,54.87,53.01,53.52,721527,38821400.00
2026/06/12,53.65,54.88,51.71,52.10,655521,34970060.00
2026/06/15,51.95,53.98,51.02,51.92,862731,45215048.00
2026/06/16,50.93,52.79,50.66,52.55,562915,29118996.00
2026/06/17,52.52,53.30,51.15,52.29,596449,31179268.00
2026/06/18,51.28,56.33,51.28,55.91,1136763,61856936.00
2026/06/22,55.61,55.89,53.31,55.89,920236,50256164.00
2026/06/23,56.20,56.34,54.88,55.98,474401,26383440.00
2026/06/24,55.01,56.15,54.51,55.53,451402,24959384.00
2026/06/25,55.53,56.26,53.70,54.47,439237,24032494.00
2026/06/26,54.13,54.74,53.00,53.31,580885,31222420.00
2026/06/29,52.73,56.99,52.50,55.30,1723499,95124232.00
2026/06/30,56.50,56.50,50.20,55.30,1588468,83408392.00
2026/07/01,53.50,53.87,50.67,51.82,910938,47692984.00
2026/07/02,51.82,53.07,49.70,49.72,1170818,59705924.00
2026/07/03,49.72,52.50,49.72,51.70,786616,40624376.00
2026/07/06,51.70,54.49,51.20,52.43,720885,38245720.00
2026/07/07,53.20,53.20,51.03,51.43,492980,25397924.00
2026/07/08,51.00,51.43,49.33,49.42,373537,18707028.00
2026/07/09,49.34,49.56,47.31,48.21,344039,16632605.00
2026/07/10,48.30,49.47,47.69,48.54,313025,15249157.00
2026/07/13,48.54,48.77,46.70,47.35,387057,18389500.00
2026/07/14,46.80,48.48,46.20,47.95,312908,14792243.00
2026/07/15,47.79,48.93,47.28,48.26,343662,16538907.00
2026/07/16,48.50,48.59,46.80,47.64,276966,13237492.00
2026/07/17,47.69,47.90,44.00,44.23,459735,20913502.00
2026/07/20,45.23,45.98,42.29,42.89,510326,22660830.00
2026/07/21,43.00,43.00,40.67,41.76,528539,22088796.00
2026/07/22,41.77,42.24,40.07,40.38,455430,18731870.00
2026/07/23,40.18,42.10,40.00,42.05,317921,13205562.00
2026/07/24,41.96,42.48,40.72,41.57,299316,12460299.00
2026/07/27,40.32,43.10,40.32,42.34,269908,11341994.00
2026/07/28,42.34,43.58,41.98,43.00,327062,14056712.00
2026/07/29,43.00,44.00,42.90,43.19,248794,10808117.00
2026/07/30,43.19,44.88,43.02,43.27,363909,16030950.00
2026/07/31,43.30,44.50,43.30,44.44,236789,10445797.00
2026/08/03,44.43,47.99,44.03,47.99,500328,23242076.00
2026/08/04,48.26,49.28,47.07,48.78,450787,21710020.00
2026/08/05,48.69,49.69,47.90,48.80,375779,18339756.00
2026/08/06,48.60,49.09,47.90,48.62,216513,10495581.00
2026/08/07,48.98,49.98,47.03,49.94,427039,20789368.00
2026/08/10,49.94,50.16,47.12,47.80,1066875,51559704.00
2026/08/11,47.69,48.76,46.81,47.62,497122,23754854.00
2026/08/12,47.83,50.50,47.63,49.30,617115,30363480.00
2026/08/13,49.29,50.02,48.55,49.43,375954,18540116.00
2026/08/14,49.68,49.92,48.27,48.78,379562,18545584.00
2026/08/17,49.27,50.14,48.48,49.57,496741,24543934.00
2026/08/18,49.80,49.80,47.86,48.17,419321,20267520.00
2026/08/19,47.99,48.64,46.52,46.96,541939,25687564.00
2026/08/20,47.62,50.32,47.62,48.54,659141,32250812.00
2026/08/21,48.04,48.21,46.55,48.06,451164,21434828.00
2026/08/24,47.82,48.12,46.37,46.58,396174,18603184.00
2026/08/25,46.55,48.35,46.03,48.26,318803,15106075.00
2026/08/26,48.29,48.92,47.73,48.24,277243,13353579.00
2026/08/27,48.18,48.40,47.58,47.98,250018,11986640.00
2026/08/28,47.78,48.37,47.58,47.91,275314,13226425.00
2026/08/31,48.82,50.51,48.56,49.71,705330,35192480.00
2026/09/01,49.46,50.44,49.27,50.03,448710,22395056.00
2026/09/02,49.54,50.40,48.94,48.94,474959,23452774.00
2026/09/03,48.70,49.70,48.10,48.20,457074,22286638.00
2026/09/04,48.23,49.06,47.48,47.84,482098,23317572.00
2026/09/07,47.64,48.66,47.08,47.08,617685,29341702.00
2026/09/08,47.01,47.31,46.31,47.01,427024,19956580.00
2026/09/09,46.98,47.85,46.77,47.47,403269,19137628.00
2026/09/10,47.01,47.27,46.00,46.01,331890,15402583.00
2026/09/11,45.77,46.03,44.18,45.05,434934,19500080.00
2026/09/14,44.68,45.67,44.30,45.10,414461,18683472.00
#数据来源:通达信
