603400 华之杰 日线 前复权
      日期	    开盘	    最高	    最低	    收盘	    成交量	    成交额
2025/06/20,46.00,52.65,40.30,40.52,15938557,1003135808.00
2025/06/23,34.58,37.72,34.58,35.32,12689369,601112192.00
2025/06/24,35.20,42.77,35.14,37.48,13719465,691524224.00
2025/06/25,36.00,73.69,35.73,59.70,17077914,990280256.00
2025/06/26,45.62,55.74,44.31,44.31,15431274,1002944640.00
2025/06/27,41.32,45.55,40.62,43.57,11131586,628979264.00
2025/06/30,42.15,45.15,42.15,43.22,8632453,499846816.00
2025/07/01,43.37,43.77,41.89,42.00,6615273,374507904.00
2025/07/02,41.56,41.77,40.20,40.32,5180843,280964928.00
2025/07/03,40.48,41.15,39.97,40.15,3493167,187930640.00
2025/07/04,40.00,40.15,39.32,39.48,3003824,158292224.00
2025/07/07,39.42,39.91,39.37,39.74,2024922,106809888.00
2025/07/08,39.61,40.14,39.61,40.08,2945786,156298464.00
2025/07/09,40.20,40.24,39.35,39.52,2583176,136930512.00
2025/07/10,39.28,39.32,38.93,39.23,2069057,107700400.00
2025/07/11,39.18,39.18,38.41,38.88,2150083,110905088.00
2025/07/14,38.81,39.43,38.69,39.28,1530789,79950384.00
2025/07/15,39.14,39.22,38.38,38.58,1912692,98513792.00
2025/07/16,38.39,39.27,38.39,39.12,1934049,100355784.00
2025/07/17,39.27,39.38,38.84,39.00,1930895,100536480.00
2025/07/18,39.00,39.28,38.81,39.00,1484616,76968512.00
2025/07/21,39.07,39.62,38.92,39.48,2047820,107264472.00
2025/07/22,39.48,39.54,39.01,39.25,1776796,92594720.00
2025/07/23,39.28,39.28,38.69,38.82,1564386,81133928.00
2025/07/24,38.81,39.05,38.77,39.04,1151624,59677740.00
2025/07/25,39.04,39.20,38.88,39.06,1285094,66785360.00
2025/07/28,39.14,39.85,39.06,39.55,2377167,124664224.00
2025/07/29,39.48,42.30,39.33,41.36,6430875,352161280.00
2025/07/30,41.34,42.25,40.23,40.68,4568331,250117232.00
2025/07/31,40.27,40.69,39.71,39.91,2731936,145882944.00
2025/08/01,39.77,41.73,39.55,41.46,4989491,273716160.00
2025/08/04,41.47,41.65,40.77,41.38,2810701,153706496.00
2025/08/05,41.46,45.62,41.35,45.62,7647646,445798464.00
2025/08/06,45.63,50.08,45.62,47.54,10752000,680252736.00
2025/08/07,46.22,51.77,46.12,50.48,8746743,562696320.00
2025/08/08,51.38,51.38,47.53,48.45,6400609,410384736.00
2025/08/11,47.55,47.72,46.31,46.89,4561860,283264672.00
2025/08/12,47.15,48.69,46.47,47.45,4630644,293472512.00
2025/08/13,46.92,46.92,45.69,46.41,4400824,269496768.00
2025/08/14,46.42,46.61,44.46,44.58,4234530,255395136.00
2025/08/15,44.29,45.69,44.29,45.56,2716308,163658720.00
2025/08/18,46.15,49.06,46.08,48.23,6076079,385199392.00
2025/08/19,48.23,51.62,46.77,50.22,6203100,400357056.00
2025/08/20,50.23,54.62,48.68,52.92,6434172,445715360.00
2025/08/21,53.68,53.68,49.96,49.97,4858685,329117216.00
2025/08/22,49.15,51.15,49.15,50.92,3060033,202360624.00
2025/08/25,51.32,55.88,50.15,54.58,5992376,416077856.00
2025/08/26,53.33,55.44,53.24,53.45,4425065,314323328.00
2025/08/27,53.41,54.00,50.91,50.92,3885303,268771520.00
2025/08/28,50.92,53.45,50.77,52.58,4079078,279854656.00
2025/08/29,52.52,52.52,50.93,51.04,2614166,176247360.00
2025/09/01,51.15,51.27,50.22,50.69,1850931,123216624.00
2025/09/02,50.54,50.69,47.98,48.52,2580720,165869648.00
2025/09/03,48.53,49.38,48.23,48.38,1620000,104131800.00
2025/09/04,48.79,49.98,47.55,49.29,2156428,139560960.00
2025/09/05,50.15,52.69,49.65,52.69,3695058,250036624.00
2025/09/08,53.23,53.23,51.31,51.81,2426788,165161888.00
2025/09/09,51.39,51.39,50.32,50.39,1898650,126686224.00
2025/09/10,50.77,50.91,49.22,49.68,1598199,104986304.00
2025/09/11,49.68,50.65,48.69,50.54,1658789,108939936.00
2025/09/12,50.55,50.55,49.10,49.13,2061799,134361872.00
2025/09/15,49.52,49.52,47.85,48.44,1443427,91886296.00
2025/09/16,48.43,48.83,48.00,48.81,1122713,71726960.00
2025/09/17,48.85,48.85,48.22,48.38,1026395,65469800.00
2025/09/18,48.38,49.35,48.07,48.08,1852345,118873712.00
2025/09/19,48.08,48.35,46.30,46.86,1940571,120524976.00
2025/09/22,46.92,47.97,46.82,47.79,1318831,82345872.00
2025/09/23,47.79,47.79,46.43,47.38,1524230,94486488.00
2025/09/24,47.38,49.34,46.95,48.86,2206273,141538368.00
2025/09/25,48.35,49.27,48.35,48.65,1426189,91650800.00
2025/09/26,48.44,48.82,46.92,46.97,1475038,92634264.00
2025/09/29,46.93,47.45,46.54,47.01,739400,45760816.00
2025/09/30,47.07,47.43,46.45,46.48,1087769,66899656.00
2025/10/09,46.34,46.80,46.31,46.64,945064,57936632.00
2025/10/10,46.51,48.00,46.05,47.22,1054120,65644800.00
2025/10/13,45.32,46.31,44.92,45.86,1093713,65734064.00
2025/10/14,45.76,46.45,44.25,44.31,1031000,61776532.00
2025/10/15,44.46,44.88,43.54,44.75,915168,53328788.00
2025/10/16,45.15,47.00,44.98,45.58,1487072,90599176.00
2025/10/17,45.35,45.70,43.58,43.59,1159824,67714904.00
2025/10/20,43.88,44.17,43.48,43.69,533997,30811700.00
2025/10/21,43.48,44.15,43.40,44.05,568100,32794600.00
2025/10/22,44.00,44.77,43.55,44.24,646600,37802248.00
2025/10/23,44.38,45.34,43.87,45.25,996070,58681676.00
2025/10/24,45.28,45.33,44.82,45.23,675916,40206672.00
2025/10/27,45.31,45.81,45.31,45.56,815107,48981336.00
2025/10/28,45.36,45.45,44.19,44.28,1219900,71878624.00
2025/10/29,44.35,44.54,43.53,44.07,857908,49625228.00
2025/10/30,44.18,44.18,43.00,43.22,946400,54206636.00
2025/10/31,42.85,43.58,42.85,43.38,590623,33718680.00
2025/11/03,43.37,43.58,42.88,43.54,561924,32062484.00
2025/11/04,43.53,43.61,42.59,42.80,591612,33554632.00
2025/11/05,42.66,43.14,42.28,43.10,640163,36081784.00
2025/11/06,43.02,43.37,42.81,43.27,574461,32684728.00
2025/11/07,43.34,43.38,42.77,42.86,460541,26119062.00
2025/11/10,43.08,43.19,42.23,42.60,740875,41534256.00
2025/11/11,42.65,42.83,41.86,42.05,798788,44520896.00
2025/11/12,42.05,42.13,41.35,41.73,654424,35958052.00
2025/11/13,41.85,42.07,41.54,42.05,654000,36092532.00
2025/11/14,41.92,46.22,41.61,44.67,2872648,167750896.00
2025/11/17,44.08,44.91,43.02,44.30,1508605,87537816.00
2025/11/18,44.30,46.00,43.91,45.15,1858297,110426456.00
2025/11/19,45.20,45.28,43.74,44.12,1016691,59350824.00
2025/11/20,44.32,44.32,42.38,42.72,897009,51125840.00
2025/11/21,42.38,42.38,40.08,40.12,1121376,60837648.00
2025/11/24,40.12,40.87,39.77,40.65,708143,37659944.00
2025/11/25,40.73,41.15,40.50,40.62,773672,41621816.00
2025/11/26,40.46,40.74,40.04,40.05,726900,38729928.00
2025/11/27,40.05,40.50,39.81,40.10,562646,29879838.00
2025/11/28,40.53,41.38,40.16,40.74,648912,34801340.00
2025/12/01,40.74,41.31,40.74,41.06,675801,36595344.00
2025/12/02,41.15,41.15,40.54,40.65,395295,21248508.00
2025/12/03,40.64,40.91,39.96,40.15,527300,28001244.00
2025/12/04,40.15,40.60,39.79,40.29,517292,27457284.00
2025/12/05,40.29,40.32,39.45,39.98,838667,44097488.00
2025/12/08,39.98,40.45,39.98,40.33,657951,34982288.00
2025/12/09,40.30,40.69,39.92,39.95,562332,29817596.00
2025/12/10,39.95,40.14,39.62,40.05,383812,20198788.00
2025/12/11,40.22,40.23,39.52,39.52,441200,23186774.00
2025/12/12,39.45,40.25,39.20,39.92,612016,32204820.00
2025/12/15,40.23,40.23,39.44,39.56,365448,19143588.00
2025/12/16,39.53,39.54,38.25,38.55,704222,35924704.00
2025/12/17,38.52,38.80,38.08,38.68,653666,33211422.00
2025/12/18,38.66,39.33,38.48,38.81,552165,28386984.00
2025/12/19,38.69,39.23,38.69,39.11,498348,25701200.00
2025/12/22,39.08,39.99,38.85,39.99,1001946,52335664.00
2025/12/23,39.78,40.04,39.29,39.29,602424,31437972.00
2025/12/24,39.29,39.69,39.24,39.52,508042,26531716.00
2025/12/25,39.61,40.32,39.46,40.28,818428,43167980.00
2025/12/26,40.23,40.34,39.65,39.87,735752,38826736.00
2025/12/29,39.87,40.01,39.58,39.69,506024,26547008.00
2025/12/30,39.38,39.98,39.38,39.81,435271,22859088.00
2025/12/31,39.81,40.05,39.26,39.61,467326,24402770.00
2026/01/05,39.61,42.05,39.40,41.52,2182463,118558296.00
2026/01/06,41.79,41.86,40.88,41.32,1253589,68230352.00
2026/01/07,41.33,41.48,40.95,41.08,765715,41600264.00
2026/01/08,40.92,41.42,40.87,41.09,734152,39892504.00
2026/01/09,41.34,41.85,41.02,41.69,1315335,71978272.00
2026/01/12,42.10,42.24,41.46,42.24,1194130,65317056.00
2026/01/13,42.22,44.28,41.93,43.37,2415171,137793600.00
2026/01/14,44.38,44.38,42.08,42.75,1886671,106760256.00
2026/01/15,42.15,43.06,42.15,43.02,685553,38341736.00
2026/01/16,43.23,44.00,42.94,44.00,1396200,79740240.00
2026/01/19,44.19,44.23,43.62,43.85,931549,53365256.00
2026/01/20,43.92,46.65,43.15,45.50,2716306,159998112.00
2026/01/21,45.00,45.34,44.31,45.15,1304303,76589520.00
2026/01/22,46.82,48.51,45.98,46.00,3004370,185438880.00
2026/01/23,45.92,46.65,45.08,45.27,2200046,130925600.00
2026/01/26,45.30,45.68,44.62,44.64,1338586,78690920.00
2026/01/27,44.40,45.81,43.38,45.69,1452873,84918416.00
2026/01/28,45.68,46.45,44.69,45.08,1140564,67525072.00
2026/01/29,45.08,45.45,43.67,43.67,971070,56430676.00
2026/01/30,43.92,44.02,43.08,43.46,731051,41619676.00
2026/02/02,43.35,44.38,42.99,43.03,691014,39496712.00
2026/02/03,43.16,44.14,42.92,44.01,670935,38136852.00
2026/02/04,43.66,44.50,43.62,43.87,599977,34442692.00
2026/02/05,43.48,44.27,43.35,43.97,643101,36751144.00
2026/02/06,43.62,44.22,43.40,43.63,507855,29046480.00
2026/02/09,44.08,45.38,43.92,44.97,957792,55958704.00
2026/02/10,44.77,45.37,44.63,45.27,637973,37524176.00
2026/02/11,45.35,46.69,45.15,45.88,1729513,104086928.00
2026/02/12,46.31,46.31,45.66,46.07,956737,57614516.00
2026/02/13,46.23,46.91,45.54,46.67,1166891,70866208.00
2026/02/24,46.82,51.36,46.48,51.36,6017632,393846272.00
2026/02/25,52.62,54.57,51.70,53.27,5272787,366774784.00
2026/02/26,53.10,56.43,53.10,56.06,4252253,304013376.00
2026/02/27,55.92,56.85,53.82,56.69,3417826,246982432.00
2026/03/02,55.88,58.02,55.16,55.96,2070954,152386496.00
2026/03/03,55.97,57.05,52.85,52.99,2817399,200279168.00
2026/03/04,52.62,52.99,51.31,52.54,1708648,116750088.00
2026/03/05,53.23,54.15,52.48,52.62,1555717,108168864.00
2026/03/06,52.62,54.54,51.98,54.38,1925632,134226384.00
2026/03/09,53.10,53.57,51.38,52.77,1621015,110718200.00
2026/03/10,53.57,55.12,52.90,54.77,1571893,111399784.00
2026/03/11,54.72,55.38,53.62,54.38,1296820,92137376.00
2026/03/12,54.04,55.15,52.85,53.32,1033471,72237536.00
2026/03/13,53.03,53.42,51.54,51.58,1060453,72522904.00
2026/03/16,51.58,54.38,51.38,54.13,2085151,145361776.00
2026/03/17,53.70,54.15,51.58,51.76,1329621,91522528.00
2026/03/18,51.46,55.06,51.42,53.83,2199872,154373264.00
2026/03/19,53.38,53.53,51.54,51.75,1723221,117392096.00
2026/03/20,51.50,52.88,50.92,51.69,1544226,104755504.00
2026/03/23,50.99,51.66,47.46,48.28,2016239,129239560.00
2026/03/24,48.95,50.40,48.85,50.31,1325098,86110008.00
2026/03/25,51.00,51.72,50.01,51.63,1264958,83968688.00
2026/03/26,51.38,51.54,49.81,50.34,704083,46480808.00
2026/03/27,49.72,51.69,49.61,50.75,729087,48351008.00
2026/03/30,50.55,52.45,50.25,51.88,1018338,68749072.00
2026/03/31,51.88,53.22,51.25,51.31,965883,65581964.00
2026/04/01,52.08,52.67,51.13,51.51,751120,50756888.00
2026/04/02,51.50,51.50,49.98,51.22,738125,48879340.00
2026/04/03,51.23,51.23,49.52,49.60,517268,33751056.00
2026/04/07,49.77,51.38,49.60,50.72,589360,38994500.00
2026/04/08,51.68,54.38,51.54,53.62,1865312,129196264.00
2026/04/09,53.53,53.53,52.39,52.85,872700,60338032.00
2026/04/10,53.57,54.18,52.78,53.15,834455,58176568.00
2026/04/13,52.95,54.19,52.51,53.38,1057757,73839712.00
2026/04/14,53.62,53.97,52.02,52.92,998957,68909616.00
2026/04/15,52.93,54.15,52.15,52.54,1286017,88961648.00
2026/04/16,52.58,53.73,52.23,53.63,1055469,73465552.00
2026/04/17,53.62,54.14,52.82,53.52,1177963,82322536.00
2026/04/20,50.62,52.75,49.77,51.84,2726299,182974752.00
2026/04/21,52.03,52.30,50.51,51.38,1251594,83645464.00
2026/04/22,51.29,52.00,48.40,51.26,2314643,151623760.00
2026/04/23,51.05,52.59,50.10,50.58,1429614,95368064.00
2026/04/24,50.41,50.69,49.06,50.07,1113546,72214344.00
2026/04/27,50.07,50.12,48.78,49.61,974661,62898456.00
2026/04/28,49.61,49.62,48.32,48.84,704075,44954652.00
2026/04/29,48.62,51.27,48.62,50.34,1109434,72665792.00
2026/04/30,50.34,52.58,49.92,51.84,1640137,110095632.00
2026/05/06,52.46,56.35,52.22,55.17,2647433,189584464.00
2026/05/07,55.29,58.44,55.19,57.81,2455671,183019440.00
2026/05/08,58.92,63.62,58.08,63.62,3647832,291901664.00
2026/05/11,66.52,66.52,59.77,64.40,4625224,387379072.00
2026/05/12,65.19,65.23,61.31,62.07,2589797,211905184.00
2026/05/13,60.95,62.34,60.52,61.55,1712462,137251824.00
2026/05/14,61.55,65.72,61.55,63.65,3203255,269895264.00
2026/05/15,64.92,67.62,63.90,66.78,3132020,269777888.00
2026/05/18,66.78,69.00,65.31,67.34,2536448,222972912.00
2026/05/19,65.92,67.33,64.38,66.45,2071828,177542928.00
2026/05/20,66.69,68.46,64.77,66.92,2100992,181947056.00
2026/05/21,66.53,66.69,60.94,61.62,2774539,231551088.00
2026/05/22,61.76,63.41,60.64,62.23,1880483,152064336.00
2026/05/25,63.31,63.38,59.14,59.69,1946514,153323264.00
2026/05/26,59.00,59.35,57.35,58.78,1850879,140556528.00
2026/05/27,58.31,59.52,54.75,55.54,1856103,136648960.00
2026/05/28,55.58,55.58,52.98,54.29,1351621,95241792.00
2026/05/29,54.38,55.12,52.45,52.55,1318300,92473776.00
2026/06/01,52.46,53.15,51.51,51.62,974088,66513184.00
2026/06/02,52.32,52.32,50.01,50.96,812540,54143024.00
2026/06/03,51.02,52.85,50.65,52.69,994321,67479392.00
2026/06/04,53.08,54.36,52.31,53.32,1506028,105265008.00
2026/06/05,52.67,53.46,51.69,52.22,941079,64479468.00
2026/06/08,50.15,51.05,47.08,47.78,1435432,91590864.00
2026/06/09,48.25,48.74,46.62,47.61,1017428,62856964.00
2026/06/10,47.08,47.45,44.38,45.05,1221841,72678872.00
2026/06/11,45.05,45.93,43.35,45.05,1138395,65873212.00
2026/06/12,45.54,46.45,44.84,45.18,780703,46533548.00
2026/06/15,45.75,46.25,44.69,44.91,1029592,60825164.00
2026/06/16,44.77,46.83,43.92,45.41,1380412,81599064.00
2026/06/17,45.06,48.36,44.52,46.70,2018940,123058912.00
2026/06/18,47.08,48.45,46.08,47.15,1398300,86518848.00
2026/06/22,47.03,48.37,44.47,44.70,2184651,130786352.00
2026/06/23,44.77,45.30,43.98,44.70,1808021,105358760.00
2026/06/24,44.70,45.06,43.46,43.52,1113700,64028680.00
2026/06/25,43.51,43.85,41.97,42.50,1807240,100771192.00
2026/06/26,42.42,42.42,40.42,40.65,1608100,86691104.00
2026/06/29,41.22,41.31,38.46,40.67,1839188,95294792.00
2026/06/30,40.07,42.75,40.07,41.32,1487900,80865320.00
2026/07/01,41.69,42.61,40.96,41.43,1137200,61983456.00
2026/07/02,41.62,42.83,40.99,41.42,1549700,85087560.00
2026/07/03,41.46,42.58,41.07,41.72,1139200,62516892.00
2026/07/06,42.22,42.39,40.45,40.69,1134269,61074016.00
2026/07/07,40.54,41.08,39.46,39.68,880957,46061212.00
2026/07/08,39.68,39.92,38.15,38.15,960970,48479152.00
2026/07/09,38.15,39.38,37.28,39.25,1139358,56956404.00
2026/07/10,39.30,40.48,38.62,39.12,1175700,60783400.00
2026/07/13,39.12,40.03,37.22,37.40,1175599,58782780.00
2026/07/14,37.40,37.54,35.99,37.45,1112802,53861188.00
2026/07/15,37.46,38.42,37.08,38.11,923514,45615392.00
2026/07/16,37.62,38.98,37.38,37.62,985432,49018292.00
2026/07/17,37.46,39.77,36.02,36.14,2093482,103228208.00
2026/07/20,36.19,36.54,32.66,33.04,2349119,81479752.00
2026/07/21,32.73,34.66,30.92,34.19,2203610,72653752.00
2026/07/22,33.90,34.75,33.60,33.85,1464366,49815980.00
2026/07/23,33.86,37.24,33.85,37.24,4626657,168467408.00
2026/07/24,37.00,40.57,36.07,39.90,6200603,243039216.00
2026/07/27,35.95,42.00,35.91,38.95,8593357,318884256.00
2026/07/28,37.05,42.85,36.29,42.85,7926200,316575776.00
2026/07/29,43.08,47.14,43.08,47.14,8543864,385986144.00
2026/07/30,45.18,50.73,43.55,45.30,10757698,506935040.00
2026/07/31,43.90,45.30,41.12,42.95,7893626,340725536.00
2026/08/03,42.00,42.01,39.61,40.94,7083700,286510848.00
2026/08/04,41.20,45.03,40.60,45.03,9199895,401016000.00
2026/08/05,45.47,46.79,44.18,44.97,9616716,433694304.00
2026/08/06,44.18,45.10,43.70,44.54,5935712,262745600.00
2026/08/07,44.37,44.90,42.86,43.56,5385188,234088144.00
2026/08/10,44.18,45.40,42.55,44.97,6069598,267873376.00
2026/08/11,45.60,47.57,45.11,47.35,7711400,357315648.00
2026/08/12,46.06,46.90,44.60,46.25,5287209,243140432.00
2026/08/13,45.05,46.03,44.60,44.61,3903841,176953264.00
2026/08/14,44.13,44.39,42.26,42.98,2934417,126527432.00
2026/08/17,42.85,43.76,42.55,43.76,2333520,101076280.00
2026/08/18,44.00,48.14,43.10,48.14,7225713,340278496.00
2026/08/19,48.44,49.54,45.77,47.07,8056863,378055168.00
2026/08/20,46.95,51.78,46.43,50.78,8803432,433334016.00
2026/08/21,49.09,49.33,46.01,48.85,5399604,259977376.00
2026/08/24,48.00,48.50,44.88,45.49,4426297,204030048.00
2026/08/25,45.00,45.00,42.46,44.10,3558525,155709536.00
2026/08/26,44.42,47.55,44.29,46.52,4143244,189352272.00
2026/08/27,44.99,46.39,44.20,45.61,3290989,149642160.00
2026/08/28,46.34,46.37,44.25,44.29,2861592,128813736.00
2026/08/31,43.60,47.80,43.53,45.78,3534231,160339552.00
2026/09/01,45.00,47.36,45.00,46.10,3445236,158983872.00
2026/09/02,45.39,49.00,44.92,48.38,4983946,236577504.00
2026/09/03,48.35,52.90,47.92,51.20,6575645,329314016.00
2026/09/04,51.00,54.29,49.50,53.60,7640592,399955424.00
2026/09/07,53.44,55.00,51.85,53.21,4889139,259499968.00
2026/09/08,52.99,53.98,51.68,52.81,3869778,204160064.00
2026/09/09,52.00,53.25,51.01,51.18,4002939,208005184.00
2026/09/10,51.03,52.94,49.61,52.12,4164481,212966240.00
2026/09/11,51.50,53.22,49.20,49.70,3374656,169599648.00
2026/09/14,49.11,54.67,48.24,54.67,6577042,345844384.00
#数据来源:通达信
