688143 长盈通 日线 前复权
      日期	    开盘	    最高	    最低	    收盘	    成交量	    成交额
2022/12/12,37.98,38.68,35.73,37.22,13641411,661991808.00
2022/12/13,38.00,40.28,37.21,37.78,7752313,396413728.00
2022/12/14,36.44,38.19,34.82,35.18,5525105,263619808.00
2022/12/15,34.82,37.13,33.85,36.21,4456690,207541088.00
2022/12/16,35.67,37.69,35.12,36.21,4210751,203208736.00
2022/12/19,35.61,36.81,34.15,36.68,2103299,97955560.00
2022/12/20,36.67,37.67,35.90,36.98,1898440,92722968.00
2022/12/21,36.44,36.44,34.79,34.79,1562678,73040312.00
2022/12/22,35.46,35.46,34.13,34.15,1312401,60196620.00
2022/12/23,34.42,34.45,32.68,33.74,1306062,57669448.00
2022/12/26,33.74,36.18,33.05,35.25,2289659,106535520.00
2022/12/27,35.36,35.65,33.48,34.35,3355910,152228384.00
2022/12/28,34.34,34.72,32.35,32.90,2231172,98658120.00
2022/12/29,32.59,34.80,32.59,34.35,1531636,68760920.00
2022/12/30,34.42,35.58,34.35,35.38,1189885,55120644.00
2023/01/03,34.85,41.15,34.85,39.05,2752141,140162528.00
2023/01/04,39.68,40.76,38.65,40.21,1498510,78497456.00
2023/01/05,40.27,40.38,38.75,38.97,1377097,71388992.00
2023/01/06,39.21,39.82,37.83,38.13,1058901,53565128.00
2023/01/09,38.25,39.41,37.82,38.25,1139879,57822196.00
2023/01/10,38.20,39.15,37.45,39.08,1045888,52695732.00
2023/01/11,38.75,40.01,38.36,39.64,759298,39231264.00
2023/01/12,39.25,41.58,38.48,41.09,1464733,77290792.00
2023/01/13,41.07,41.58,38.95,39.38,850508,45031428.00
2023/01/16,39.22,40.65,39.21,40.20,584561,30753386.00
2023/01/17,40.28,40.30,38.63,39.53,679614,35092192.00
2023/01/18,39.32,41.89,38.06,41.21,1459691,76531528.00
2023/01/19,40.92,41.82,40.21,41.67,735281,39778304.00
2023/01/20,41.97,42.59,40.28,40.28,843432,45865444.00
2023/01/30,40.52,40.88,39.31,39.65,855545,44984452.00
2023/01/31,39.44,39.72,37.90,38.52,1120743,56783640.00
2023/02/01,38.44,39.00,36.98,38.80,1694049,84723056.00
2023/02/02,38.81,39.05,38.46,38.54,731905,37343912.00
2023/02/03,38.48,40.54,38.06,40.27,1555418,81256888.00
2023/02/06,39.87,42.42,39.87,41.98,2524941,137565072.00
2023/02/07,41.75,43.03,41.22,41.98,1290175,71645648.00
2023/02/08,41.87,42.02,40.71,40.82,871501,47231644.00
2023/02/09,40.52,43.72,40.52,41.96,1505090,83268168.00
2023/02/10,41.65,42.85,39.62,39.83,1380299,74190288.00
2023/02/13,39.34,41.02,39.07,39.69,1282896,67308456.00
2023/02/14,40.28,41.34,39.52,40.75,807205,43265708.00
2023/02/15,41.17,41.51,39.28,40.50,1262161,67035464.00
2023/02/16,40.43,41.28,39.67,39.86,897288,47719736.00
2023/02/17,40.08,40.16,38.86,39.38,615156,31812290.00
2023/02/20,39.24,39.45,38.03,38.82,834298,42375768.00
2023/02/21,38.96,39.75,38.65,39.09,728826,37408352.00
2023/02/22,39.04,40.08,38.67,39.08,341403,17611096.00
2023/02/23,39.37,40.13,38.98,39.49,533401,27763328.00
2023/02/24,39.63,42.05,39.55,40.58,1412106,75944896.00
2023/02/27,40.67,41.73,40.45,41.21,675568,36472084.00
2023/02/28,41.44,41.52,39.29,39.65,686206,36070448.00
2023/03/01,39.96,40.65,39.06,39.36,686287,35780812.00
2023/03/02,39.44,39.64,38.17,38.39,651738,33294552.00
2023/03/03,38.59,38.75,37.27,37.31,753545,37601700.00
2023/03/06,37.61,38.18,36.88,37.27,949115,46661160.00
2023/03/07,37.50,37.50,34.82,35.04,1266863,59678228.00
2023/03/08,35.13,36.00,34.83,35.92,636622,29813082.00
2023/03/09,36.05,36.51,35.35,35.55,734100,34653040.00
2023/03/10,35.36,35.61,34.48,34.67,430298,19854872.00
2023/03/13,34.68,36.67,34.62,36.43,794150,37410204.00
2023/03/14,36.05,36.19,34.27,35.20,966695,44668872.00
2023/03/15,35.00,35.96,34.99,35.52,558460,26212106.00
2023/03/16,35.13,36.18,34.86,35.73,753217,35412100.00
2023/03/17,35.67,36.40,35.19,35.70,589538,27732372.00
2023/03/20,35.52,35.72,34.75,35.32,496887,23040780.00
2023/03/21,35.31,35.58,35.09,35.50,331630,15426783.00
2023/03/22,35.48,36.57,35.41,36.40,918308,43522480.00
2023/03/23,36.40,36.63,35.28,35.85,767736,36137168.00
2023/03/24,35.67,36.03,35.54,35.67,503141,23675276.00
2023/03/27,35.75,35.98,33.04,33.94,2075763,93043080.00
2023/03/28,33.93,34.41,32.59,33.42,1513924,66952816.00
2023/03/29,33.36,35.02,33.13,34.43,1107024,49857608.00
2023/03/30,34.37,35.52,33.75,33.90,912590,41275508.00
2023/03/31,33.75,34.02,32.98,33.94,611814,27000176.00
2023/04/03,34.12,35.05,33.69,34.28,1553261,70527256.00
2023/04/04,34.24,34.31,32.44,32.90,1880539,81790552.00
2023/04/06,32.52,35.05,32.49,34.05,2093545,93221736.00
2023/04/07,34.05,34.56,33.54,34.40,581041,26073550.00
2023/04/10,34.53,35.98,34.44,34.49,1162298,53950112.00
2023/04/11,34.49,35.08,33.57,34.90,862612,39071056.00
2023/04/12,34.88,36.56,34.67,35.90,1133362,53317372.00
2023/04/13,35.45,35.82,34.57,34.78,866219,40033536.00
2023/04/14,34.78,36.25,34.36,35.80,929534,43279616.00
2023/04/17,35.52,36.78,34.79,35.15,1126701,52703016.00
2023/04/18,34.90,35.36,34.42,34.60,530596,24371544.00
2023/04/19,34.53,35.05,33.94,34.11,917082,41635548.00
2023/04/20,33.89,35.75,33.40,35.13,1264484,57665864.00
2023/04/21,35.07,36.75,34.82,35.15,1751014,82328000.00
2023/04/24,34.55,36.78,34.55,35.91,2002363,94619800.00
2023/04/25,35.28,36.82,34.56,34.96,1830888,85741800.00
2023/04/26,34.81,35.44,32.67,32.77,1490129,66421496.00
2023/04/27,32.59,34.18,32.28,33.71,973476,42982712.00
2023/04/28,31.97,34.88,31.06,34.82,1784481,78367440.00
2023/05/04,34.81,36.36,33.38,33.48,1798294,81991408.00
2023/05/05,33.48,33.92,29.86,30.28,2210886,91202328.00
2023/05/08,30.28,31.25,29.00,29.84,1925365,75998232.00
2023/05/09,29.82,30.19,28.52,28.52,1741118,67225944.00
2023/05/10,29.12,29.12,27.95,28.13,530672,19849534.00
2023/05/11,28.22,28.35,27.91,27.92,412481,15319769.00
2023/05/12,28.12,28.12,27.30,27.55,386543,14173043.00
2023/05/15,27.09,28.19,27.09,28.05,663694,24311252.00
2023/05/16,28.18,29.37,27.71,28.75,905666,34542156.00
2023/05/17,28.75,31.79,28.75,31.67,1499080,60968000.00
2023/05/18,31.35,32.11,31.05,31.88,589114,24715644.00
2023/05/19,31.82,33.79,31.82,33.39,1188717,51933060.00
2023/05/22,33.43,33.79,32.22,32.95,767222,33279526.00
2023/05/23,32.86,33.62,32.59,33.28,580702,25469378.00
2023/05/24,33.28,33.90,32.82,33.52,310646,13716206.00
2023/05/25,33.07,34.00,32.73,33.44,498696,21904184.00
2023/05/26,33.43,33.87,32.98,33.30,277806,12303216.00
2023/05/29,33.11,33.98,32.88,33.13,347313,15291684.00
2023/05/30,32.67,33.33,32.22,32.75,648425,27923194.00
2023/05/31,32.75,33.12,31.98,32.30,355821,15259601.00
2023/06/01,32.25,32.59,31.72,31.75,323901,13723571.00
2023/06/02,31.44,32.61,31.22,32.44,394054,16622590.00
2023/06/05,32.67,32.74,31.58,31.80,354908,14986574.00
2023/06/06,31.80,31.80,30.28,30.62,395492,16090535.00
2023/06/07,31.42,31.42,29.91,30.68,241769,9683427.00
2023/06/08,30.72,30.72,29.67,29.94,215995,8586646.00
2023/06/09,29.94,30.72,29.67,30.21,294332,11747139.00
2023/06/12,30.90,30.90,29.28,29.38,906116,35698224.00
2023/06/13,29.38,30.44,28.93,30.05,506562,20002192.00
2023/06/14,29.59,31.16,29.40,30.71,402044,16206596.00
2023/06/15,30.95,31.55,30.37,30.59,436622,17848404.00
2023/06/16,30.28,32.88,30.25,32.75,947147,39229692.00
2023/06/19,32.74,35.27,31.97,34.78,1845830,83085568.00
2023/06/20,34.25,34.35,33.09,33.38,1191974,52716600.00
2023/06/21,33.59,33.95,32.74,33.17,793512,35013336.00
2023/06/26,33.40,35.14,32.53,32.73,803737,35559272.00
2023/06/27,32.95,33.02,31.88,32.75,466123,19977104.00
2023/06/28,32.91,33.95,32.21,33.87,689226,30219468.00
2023/06/29,33.08,38.73,33.08,36.81,3060918,112923408.00
2023/06/30,36.49,37.70,35.80,37.60,1780444,65758380.00
2023/07/03,36.29,38.35,36.29,37.06,1113033,41452392.00
2023/07/04,37.38,39.19,36.54,37.70,1285096,48802732.00
2023/07/05,38.04,41.69,37.97,39.47,2327215,92999736.00
2023/07/06,39.13,41.10,38.80,40.38,1696549,68100144.00
2023/07/07,39.97,40.85,38.10,39.09,1405001,55053644.00
2023/07/10,39.37,39.62,37.10,37.95,2413591,91877136.00
2023/07/11,38.27,39.13,37.95,38.22,905768,34967652.00
2023/07/12,38.84,38.90,36.10,36.33,1095378,40628952.00
2023/07/13,36.61,38.23,36.25,37.78,797643,29791924.00
2023/07/14,37.99,37.99,35.47,35.68,1785610,64902756.00
2023/07/17,35.90,35.94,34.34,34.68,1169908,40862140.00
2023/07/18,35.20,35.39,34.26,34.58,568701,19783192.00
2023/07/19,34.60,35.05,34.21,34.28,508858,17613812.00
2023/07/20,34.42,34.54,32.42,32.46,929072,30899592.00
2023/07/21,32.75,32.89,31.36,31.90,1067481,34146704.00
2023/07/24,31.37,32.40,31.03,31.12,952572,30048658.00
2023/07/25,31.40,32.40,30.98,31.50,799783,25230180.00
2023/07/26,31.51,31.51,30.67,30.70,551597,17105444.00
2023/07/27,30.82,31.35,30.50,30.74,910040,28267822.00
2023/07/28,31.01,31.43,30.32,30.66,449145,13845007.00
2023/07/31,30.41,31.03,30.05,30.49,537786,16391039.00
2023/08/01,30.66,31.48,29.61,31.21,1510723,46360860.00
2023/08/02,30.61,31.20,30.42,30.74,511068,15769920.00
2023/08/03,30.74,30.86,30.11,30.36,458604,14004442.00
2023/08/04,30.25,30.59,30.20,30.40,260521,7916565.00
2023/08/07,30.41,30.46,29.89,29.90,260337,7862122.00
2023/08/08,30.06,30.09,29.30,29.59,301950,8963539.00
2023/08/09,29.43,29.96,28.90,29.65,251345,7466413.00
2023/08/10,29.80,29.97,29.26,29.52,478322,14186486.00
2023/08/11,30.58,30.58,28.88,28.88,448750,13215387.00
2023/08/14,28.71,29.35,28.35,29.16,315365,9101357.00
2023/08/15,29.11,29.12,28.30,28.96,273128,7875140.00
2023/08/16,28.55,28.93,28.40,28.50,171707,4921947.00
2023/08/17,28.45,32.20,28.23,31.53,2192631,67779760.00
2023/08/18,32.25,32.37,31.21,31.80,1374959,43986536.00
2023/08/21,31.40,33.35,30.79,31.10,862927,27586480.00
2023/08/22,31.10,32.25,30.50,31.95,1049424,33059328.00
2023/08/23,31.90,31.90,30.66,30.70,861238,27004528.00
2023/08/24,30.75,32.70,30.11,32.38,1304576,41439752.00
2023/08/25,32.40,32.40,30.70,31.28,922143,28827778.00
2023/08/28,33.63,33.63,29.79,30.46,1074217,33615768.00
2023/08/29,30.15,32.95,29.92,32.68,1132520,36284916.00
2023/08/30,32.92,33.80,32.50,33.19,868600,28841318.00
2023/08/31,33.19,33.41,32.40,32.99,490404,16152737.00
2023/09/01,32.69,32.98,31.90,32.00,455552,14739220.00
2023/09/04,32.00,32.38,31.69,32.07,463439,14869340.00
2023/09/05,31.91,32.83,31.90,32.16,481424,15644729.00
2023/09/06,32.02,34.88,31.74,34.36,1111374,37552680.00
2023/09/07,34.36,37.05,33.42,35.48,2237734,80025448.00
2023/09/08,34.73,36.26,33.41,35.63,2271926,79916256.00
2023/09/11,35.23,35.70,34.01,34.28,1209654,42079996.00
2023/09/12,34.40,34.67,33.32,34.23,1055514,36019916.00
2023/09/13,33.99,34.60,32.65,34.60,1005180,33762644.00
2023/09/14,34.05,36.08,34.03,35.48,1225356,43132536.00
2023/09/15,35.70,35.70,34.38,34.59,882382,30888868.00
2023/09/18,34.60,34.60,33.40,33.45,628276,21230870.00
2023/09/19,33.83,33.83,32.36,33.25,862746,28680988.00
2023/09/20,32.37,33.12,31.90,32.77,687736,22438726.00
2023/09/21,32.70,34.75,32.44,33.39,712238,24027518.00
2023/09/22,33.35,34.83,32.81,34.70,554968,18908338.00
2023/09/25,35.39,35.39,33.58,33.80,364410,12434828.00
2023/09/26,33.13,34.35,32.90,32.97,439650,14712393.00
2023/09/27,32.97,34.40,32.40,33.80,494132,16756471.00
2023/09/28,34.19,34.85,33.46,34.15,372505,12783559.00
2023/10/09,33.21,34.13,32.60,33.09,393517,13155879.00
2023/10/10,33.52,34.40,33.27,33.42,506119,17149016.00
2023/10/11,33.10,34.18,33.10,33.42,413845,13932830.00
2023/10/12,33.30,33.86,31.00,31.75,1675826,53343056.00
2023/10/13,31.69,32.29,31.13,31.58,729381,23209184.00
2023/10/16,31.58,31.58,30.41,30.91,863783,26711968.00
2023/10/17,31.38,31.40,30.55,31.08,598468,18570970.00
2023/10/18,31.32,32.57,31.10,31.69,841899,26928694.00
2023/10/19,31.41,32.82,31.41,32.67,914947,29579706.00
2023/10/20,33.17,33.17,31.70,32.02,623295,20027396.00
2023/10/23,31.42,32.18,30.32,31.33,577693,18125196.00
2023/10/24,30.94,32.44,30.41,32.14,893140,28118160.00
2023/10/25,32.52,34.88,32.52,33.68,1170276,39727728.00
2023/10/26,33.66,33.91,32.52,33.80,472242,15679764.00
2023/10/27,34.40,34.73,33.00,33.48,1021781,34818728.00
2023/10/30,33.11,38.40,33.11,37.34,2047702,74099160.00
2023/10/31,36.90,38.07,36.01,36.90,1413105,52249460.00
2023/11/01,36.89,37.02,35.59,35.83,528990,19205468.00
2023/11/02,36.90,36.90,34.98,35.44,909253,32351900.00
2023/11/03,35.44,37.11,34.93,35.93,665957,24203406.00
2023/11/06,35.93,36.03,34.45,35.49,1631090,57421172.00
2023/11/07,35.38,37.24,34.52,36.66,1155690,42108632.00
2023/11/08,36.66,36.66,34.90,35.20,768253,27370412.00
2023/11/09,35.35,35.50,34.40,34.72,635471,22171064.00
2023/11/10,34.55,35.08,34.23,34.76,525644,18309980.00
2023/11/13,35.11,37.12,34.13,36.86,2830606,102490560.00
2023/11/14,36.83,39.36,36.78,37.58,3291996,126332472.00
2023/11/15,37.75,38.40,36.30,37.06,1733361,64097648.00
2023/11/16,38.40,38.77,36.96,38.04,1966697,75144344.00
2023/11/17,38.35,43.03,38.20,41.90,5727647,235554192.00
2023/11/20,40.80,42.40,37.90,40.36,5050701,201062432.00
2023/11/21,39.22,39.70,37.12,37.50,3156099,121608976.00
2023/11/22,37.36,37.49,35.99,36.25,1566847,57514536.00
2023/11/23,36.26,37.00,35.71,36.53,953674,34765608.00
2023/11/24,35.93,37.11,34.90,36.89,2224060,79964904.00
2023/11/27,36.36,38.15,35.76,37.60,1450746,54009128.00
2023/11/28,37.80,38.73,36.42,37.47,1318879,49742648.00
2023/11/29,37.40,39.40,36.16,38.63,2048745,79404736.00
2023/11/30,38.63,38.63,36.82,37.84,705527,26647024.00
2023/12/01,37.45,38.08,36.79,36.87,844928,31659026.00
2023/12/04,36.71,39.28,36.66,38.78,1383893,53172876.00
2023/12/05,38.73,40.60,37.27,37.95,1287769,49783208.00
2023/12/06,38.35,38.35,37.05,37.46,986196,36946140.00
2023/12/07,37.46,37.61,35.70,36.26,1752550,63972912.00
2023/12/08,35.71,36.53,35.16,35.88,1569064,56031600.00
2023/12/11,34.85,35.52,33.93,34.75,1095953,38189300.00
2023/12/12,34.67,36.50,34.41,35.57,2488257,88648432.00
2023/12/13,35.50,36.89,33.23,34.14,5087837,179169056.00
2023/12/14,34.17,34.50,33.44,33.83,1636768,55740296.00
2023/12/15,33.76,34.07,32.90,33.57,1944502,65283712.00
2023/12/18,33.40,33.42,32.45,32.73,1451230,47808860.00
2023/12/19,32.72,34.48,32.39,33.95,1705327,57714764.00
2023/12/20,34.15,34.40,32.40,32.50,998195,32981620.00
2023/12/21,32.50,33.78,32.11,33.25,1128862,37299400.00
2023/12/22,33.89,34.96,33.39,33.94,2384874,81648440.00
2023/12/25,33.90,35.11,33.90,34.78,2593008,90532296.00
2023/12/26,35.07,35.07,32.70,34.10,1811947,61177192.00
2023/12/27,33.93,34.08,33.11,33.83,594841,20086718.00
2023/12/28,34.47,34.55,33.17,33.55,1123539,38160448.00
2023/12/29,33.88,35.47,33.00,35.25,2147507,75146368.00
2024/01/02,35.89,35.91,34.30,35.30,2218179,78646584.00
2024/01/03,35.30,35.40,34.27,34.30,1041770,36343864.00
2024/01/04,34.30,34.30,33.20,33.91,1264854,42881028.00
2024/01/05,33.84,34.15,31.98,32.25,1382436,45593272.00
2024/01/08,32.30,32.55,31.50,31.55,902168,28835096.00
2024/01/09,31.71,32.45,30.90,31.85,706461,22441288.00
2024/01/10,31.47,32.18,30.61,32.10,575083,18159136.00
2024/01/11,31.51,33.08,31.51,32.77,651875,21311636.00
2024/01/12,33.00,33.00,30.95,31.75,1111696,35377284.00
2024/01/15,31.11,31.68,30.23,30.70,1337105,41291300.00
2024/01/16,30.95,30.96,29.15,29.40,1429954,42622760.00
2024/01/17,29.10,29.79,26.45,26.98,3442425,94631440.00
2024/01/18,26.45,27.23,26.15,27.23,1532061,40899484.00
2024/01/19,27.23,27.59,26.48,26.71,717547,19513184.00
2024/01/22,26.40,27.16,24.24,25.12,1687145,43055256.00
2024/01/23,24.89,25.12,24.02,24.69,1389972,34236052.00
2024/01/24,24.78,24.79,22.76,23.65,2258891,53140888.00
2024/01/25,23.81,25.39,23.52,25.25,1743874,43040380.00
2024/01/26,25.25,25.56,24.52,24.77,1361594,34154592.00
2024/01/29,24.83,24.98,23.00,23.39,1749192,41726504.00
2024/01/30,23.30,23.39,22.09,22.20,1314764,29854116.00
2024/01/31,22.16,23.40,20.44,20.74,2720826,58102720.00
2024/02/01,20.94,21.09,19.86,20.50,1539067,31653452.00
2024/02/02,20.89,20.89,18.06,19.67,2580026,50160240.00
2024/02/05,18.79,18.79,15.72,17.48,4136120,70144584.00
2024/02/06,16.40,17.83,15.14,16.70,3769290,61366912.00
2024/02/07,16.85,16.85,14.90,15.66,4620027,72786096.00
2024/02/08,15.70,18.81,14.44,18.81,3966301,67209176.00
2024/02/19,18.81,21.40,17.90,19.81,3797589,75589680.00
2024/02/20,19.70,19.97,19.14,19.81,1937735,38001168.00
2024/02/21,19.35,22.31,19.35,21.01,3432271,72618448.00
2024/02/22,21.13,21.67,20.01,21.52,2119234,44757608.00
2024/02/23,21.53,22.90,21.28,22.54,1661410,36659600.00
2024/02/26,22.15,23.36,21.66,22.52,2377773,53419600.00
2024/02/27,22.13,25.20,22.13,25.13,3379052,80356888.00
2024/02/28,24.92,25.70,24.21,24.21,4466432,111215728.00
2024/02/29,23.73,24.90,23.53,24.90,2208064,54024596.00
2024/03/01,25.02,26.43,25.02,25.95,2431125,63207308.00
2024/03/04,26.30,26.30,24.24,24.86,2384082,59423972.00
2024/03/05,24.58,25.15,23.50,23.91,1764932,43120752.00
2024/03/06,23.79,24.28,22.95,23.62,1287985,30460912.00
2024/03/07,23.90,24.15,23.16,23.43,762423,18144328.00
2024/03/08,23.70,24.89,23.53,24.59,1690333,41226544.00
2024/03/11,24.59,24.68,23.76,24.49,1191445,28946320.00
2024/03/12,24.49,25.30,24.24,24.87,1348732,33562196.00
2024/03/13,24.90,26.55,24.71,25.93,2962100,76001632.00
2024/03/14,25.80,27.10,25.60,25.95,2159551,57170852.00
2024/03/15,26.08,27.18,25.70,26.39,2238729,59413936.00
2024/03/18,26.90,27.34,26.28,27.16,2109611,56922472.00
2024/03/19,27.08,28.78,26.60,28.62,3522702,97985064.00
2024/03/20,28.20,28.80,27.47,28.76,2643350,74266720.00
2024/03/21,28.46,28.82,28.10,28.43,1115982,31820176.00
2024/03/22,28.28,28.45,26.90,27.99,1407044,39226780.00
2024/03/25,27.43,28.00,26.41,26.82,1570974,42956648.00
2024/03/26,27.48,27.79,25.75,26.06,2077444,55148072.00
2024/03/27,25.91,26.76,24.18,24.50,2060602,52871624.00
2024/03/28,24.40,25.97,24.16,25.42,2492214,63006548.00
2024/03/29,25.41,26.56,24.93,26.52,1790499,46352452.00
2024/04/01,25.91,26.50,25.83,26.37,1296042,34025604.00
2024/04/02,26.00,26.31,24.93,25.30,1268686,32701246.00
2024/04/03,26.23,26.23,24.67,24.96,576839,14505854.00
2024/04/08,25.16,25.16,22.91,23.87,2888355,68552120.00
2024/04/09,23.70,23.79,23.03,23.23,1122880,26334692.00
2024/04/10,23.16,23.16,22.43,22.92,972921,22354146.00
2024/04/11,23.15,23.27,22.20,23.08,980156,22596288.00
2024/04/12,23.08,23.65,22.51,22.58,600176,13873964.00
2024/04/15,22.83,23.02,20.30,21.00,2028636,43759560.00
2024/04/16,20.45,20.87,18.50,19.11,2490921,48941424.00
2024/04/17,19.31,21.23,19.31,20.78,2074178,43286824.00
2024/04/18,21.23,21.23,20.12,20.40,1806243,37384944.00
2024/04/19,19.91,20.44,19.40,20.05,1901314,37898256.00
2024/04/22,19.66,20.33,19.13,20.00,1968434,39268888.00
2024/04/23,20.19,21.58,20.19,20.86,3027100,63424696.00
2024/04/24,20.90,22.03,20.52,21.38,2369497,50970744.00
2024/04/25,21.33,21.68,20.83,21.35,1250156,26865880.00
2024/04/26,21.32,22.33,20.89,22.04,1735289,37910244.00
2024/04/29,22.10,23.05,21.85,22.80,1807114,40887620.00
2024/04/30,22.85,23.30,22.38,22.92,1713476,39357468.00
2024/05/06,22.92,23.71,22.75,22.80,2195224,50825708.00
2024/05/07,22.68,23.30,22.32,23.23,2560215,58773656.00
2024/05/08,23.20,23.28,22.11,22.70,2002261,45168568.00
2024/05/09,22.64,23.15,22.28,22.90,2460522,55894728.00
2024/05/10,22.80,22.81,22.08,22.53,1999326,44976456.00
2024/05/13,23.00,23.00,21.69,22.37,1654961,37504784.00
2024/05/14,22.24,22.96,22.02,22.80,1447734,32749258.00
2024/05/15,23.14,23.19,22.42,22.51,906619,20710494.00
2024/05/16,22.51,23.06,22.31,22.39,741714,16857456.00
2024/05/17,22.30,23.34,22.08,22.96,930907,21314840.00
2024/05/20,22.82,23.69,22.56,23.40,1503686,35118232.00
2024/05/21,23.40,24.37,22.80,23.49,1647705,38871968.00
2024/05/22,23.35,24.29,22.60,23.87,2185883,51561624.00
2024/05/23,23.60,24.02,22.95,23.32,1265491,29932068.00
2024/05/24,23.32,23.32,21.83,21.89,1547097,34705976.00
2024/05/27,21.71,22.72,21.67,22.63,1386054,30850794.00
2024/05/28,22.58,23.90,22.06,23.40,1564415,36818216.00
2024/05/29,23.29,23.90,22.60,22.99,1281184,29759820.00
2024/05/30,22.74,24.15,22.36,23.66,1700893,40082904.00
2024/05/31,23.66,24.74,23.37,24.36,1866045,45532680.00
2024/06/03,24.73,24.90,23.85,24.26,1353957,33049122.00
2024/06/04,23.90,24.13,23.01,24.00,1544276,36457176.00
2024/06/05,26.00,27.39,24.55,25.56,4101603,107933040.00
2024/06/06,25.40,26.20,23.30,24.40,3845301,94194040.00
2024/06/07,24.90,25.06,23.70,24.45,1855181,45550904.00
2024/06/11,24.06,25.43,23.20,25.42,2606857,63294048.00
2024/06/12,24.97,25.41,24.40,24.61,2128326,52900932.00
2024/06/13,24.41,25.44,23.80,24.86,2491057,61619404.00
2024/06/14,24.50,24.79,23.55,23.78,1805860,43416364.00
2024/06/17,23.54,23.73,23.00,23.12,2556907,59816544.00
2024/06/18,23.20,26.20,22.81,24.68,4167540,101826968.00
2024/06/19,24.09,24.28,23.20,23.55,2898317,68916112.00
2024/06/20,23.21,24.49,23.21,23.63,2727547,65759540.00
2024/06/21,22.88,23.20,22.40,22.42,1826744,41617156.00
2024/06/24,22.12,22.54,20.90,20.90,2060345,44411900.00
2024/06/25,20.90,21.26,20.38,20.63,1162688,24266824.00
2024/06/26,20.72,20.92,20.30,20.90,1725536,35777212.00
2024/06/27,20.69,21.36,20.68,20.78,1875688,39672984.00
2024/06/28,21.07,22.18,20.83,21.32,2297567,49866160.00
2024/07/01,21.38,21.69,19.78,20.15,2263012,46079352.00
2024/07/02,20.00,20.37,19.80,19.90,1430146,28715494.00
2024/07/03,20.27,20.27,19.59,19.82,1073696,21471928.00
2024/07/04,20.04,20.04,18.90,19.01,1436148,27992028.00
2024/07/05,18.95,19.13,18.42,18.64,1496600,28024140.00
2024/07/08,18.49,18.58,17.20,17.42,2148831,38224780.00
2024/07/09,17.24,17.58,16.75,17.31,3089928,53575296.00
2024/07/10,17.31,17.67,17.11,17.31,1481744,25963702.00
2024/07/11,17.83,18.30,17.52,18.22,2005778,36276376.00
2024/07/12,18.34,18.40,17.81,18.23,1551009,28204684.00
2024/07/15,18.04,18.20,17.68,17.98,1302154,23426680.00
2024/07/16,18.15,18.47,17.81,18.32,1229819,22448572.00
2024/07/17,18.27,18.44,17.91,17.91,867565,15855124.00
2024/07/18,18.06,18.68,16.99,18.42,1560738,28459836.00
2024/07/19,18.05,19.16,18.02,18.82,1077311,20266860.00
2024/07/22,18.68,19.60,18.68,19.32,1556880,30205204.00
2024/07/23,19.41,19.41,18.20,18.34,1024506,19276092.00
2024/07/24,18.57,18.58,17.51,17.54,1442462,25859940.00
2024/07/25,17.54,18.14,17.31,17.76,884656,15717429.00
2024/07/26,17.76,19.84,17.76,19.32,2416389,46356712.00
2024/07/29,19.27,20.00,19.21,19.46,1790371,35373368.00
2024/07/30,19.52,19.82,19.12,19.42,1052916,20600468.00
2024/07/31,19.22,19.87,19.22,19.83,1131387,22301864.00
2024/08/01,20.08,21.40,19.90,20.31,3500824,72633368.00
2024/08/02,20.20,20.58,19.68,19.77,1894856,38294268.00
2024/08/05,20.33,20.33,18.64,18.64,1662705,32041400.00
2024/08/06,19.57,19.78,18.78,19.34,1705138,33147052.00
2024/08/07,19.60,21.11,19.60,20.34,3243267,66770076.00
2024/08/08,20.78,21.57,19.87,20.30,3503025,72666984.00
2024/08/09,20.30,20.42,19.56,19.61,2666332,53269372.00
2024/08/12,19.61,19.61,18.91,19.14,1175224,22638644.00
2024/08/13,19.06,19.40,18.85,19.19,1067866,20520924.00
2024/08/14,19.08,19.31,18.52,18.63,1242653,23531294.00
2024/08/15,18.63,18.87,18.20,18.87,1087249,20361884.00
2024/08/16,18.68,19.17,18.20,18.23,1339520,24880732.00
2024/08/19,18.23,18.44,17.70,18.15,1377829,25057830.00
2024/08/20,17.74,18.37,17.44,17.56,1640435,29276628.00
2024/08/21,17.61,17.79,17.40,17.54,1049619,18535722.00
2024/08/22,17.54,18.22,17.46,17.75,1143159,20627588.00
2024/08/23,17.45,17.94,17.31,17.58,1178898,20837608.00
2024/08/26,17.93,18.19,17.42,17.74,834874,14995050.00
2024/08/27,18.42,18.61,17.04,17.31,884080,15450990.00
2024/08/28,17.27,17.60,17.00,17.16,782742,13582659.00
2024/08/29,17.08,17.88,16.75,17.59,1334759,23367444.00
2024/08/30,17.81,18.23,17.36,18.02,1957850,35314792.00
2024/09/02,18.08,18.08,17.11,17.12,1820045,32160516.00
2024/09/03,17.12,17.46,16.96,17.11,870730,14970659.00
2024/09/04,17.08,17.33,16.91,17.04,605853,10429799.00
2024/09/05,17.06,17.36,16.97,17.15,702440,12130241.00
2024/09/06,17.32,17.32,16.23,16.30,1155798,19301868.00
2024/09/09,16.32,16.59,16.14,16.39,688666,11340335.00
2024/09/10,16.46,16.88,16.30,16.72,711243,11895691.00
2024/09/11,16.46,16.97,16.46,16.89,655039,11067646.00
2024/09/12,16.96,17.18,16.82,16.93,827154,14163463.00
2024/09/13,16.97,17.28,16.55,16.75,1190473,20381724.00
2024/09/18,16.90,17.76,15.94,17.50,2058786,34525692.00
2024/09/19,17.40,17.98,16.82,17.64,1846094,32289586.00
2024/09/20,17.49,17.83,17.34,17.53,566335,10021232.00
2024/09/23,17.55,18.24,17.39,17.90,1110074,20075474.00
2024/09/24,17.90,18.45,17.60,18.40,1090906,19871760.00
2024/09/25,18.49,19.10,18.25,18.25,1639626,30658876.00
2024/09/26,18.25,18.85,17.86,18.77,1117209,20619808.00
2024/09/27,19.10,20.10,18.75,19.84,1209961,23609016.00
2024/09/30,20.55,23.48,20.20,22.90,3488585,76830680.00
2024/10/08,27.50,27.50,23.85,26.30,5276695,136101984.00
2024/10/09,25.90,25.90,22.30,23.90,5402873,129703128.00
2024/10/10,23.50,24.46,22.49,22.88,3182060,74352144.00
2024/10/11,22.58,22.82,20.40,20.81,3656256,77886224.00
2024/10/14,20.90,23.17,20.80,22.42,4976725,110880792.00
2024/10/15,22.17,22.59,21.63,21.72,1625172,35943760.00
2024/10/16,21.82,21.86,20.88,21.14,1575487,33595728.00
2024/10/17,21.39,22.10,21.10,21.26,1786852,38583776.00
2024/10/18,20.91,22.71,20.91,21.93,3776214,83920592.00
2024/10/21,23.69,24.35,22.09,23.63,5210403,123439000.00
2024/10/22,23.98,23.98,22.80,23.31,2693700,62937900.00
2024/10/23,23.09,24.95,22.46,24.04,4607637,110295680.00
2024/10/24,23.70,24.03,22.48,22.76,3835985,88216648.00
2024/10/25,22.70,23.30,22.37,23.19,2705648,62144476.00
2024/10/28,23.20,25.00,22.90,24.41,5254162,127932240.00
2024/10/29,24.41,24.41,23.35,23.55,2839981,67722184.00
2024/10/30,23.22,23.45,22.40,23.00,2672982,61661700.00
2024/10/31,25.40,27.62,23.09,27.48,12170877,318234976.00
2024/11/14,33.00,33.00,26.60,27.00,21107853,620271168.00
2024/11/15,26.67,26.67,23.90,23.95,12051968,299820864.00
2024/11/18,23.98,24.31,22.08,22.25,6082702,138882976.00
2024/11/19,22.34,24.23,22.09,23.90,7475011,172832768.00
2024/11/20,23.48,24.39,23.29,24.01,4133994,98938968.00
2024/11/21,23.86,24.66,23.61,23.74,3094254,74778192.00
2024/11/22,23.86,24.69,23.31,23.31,3091546,74773704.00
2024/11/25,23.37,23.70,22.52,23.33,2363518,54680116.00
2024/11/26,22.99,23.53,22.36,22.50,2716520,62588792.00
2024/11/27,22.73,22.90,21.56,22.84,2188979,48862168.00
2024/11/28,22.84,24.23,22.54,23.41,3658863,86057848.00
2024/11/29,23.41,25.08,23.03,24.39,4725118,115609696.00
2024/12/02,24.62,25.11,24.01,24.53,2681997,66262036.00
2024/12/03,24.24,24.75,23.64,23.80,2672634,64477656.00
2024/12/04,23.80,23.98,23.11,23.26,1979019,46638684.00
2024/12/05,23.26,24.05,23.11,23.83,2241202,53112072.00
2024/12/06,23.86,23.92,23.11,23.41,1772036,41668528.00
2024/12/09,23.41,23.50,23.04,23.25,1333529,31168812.00
2024/12/10,23.78,25.10,23.45,24.64,4048249,99151304.00
2024/12/11,24.31,25.58,24.31,25.10,2547243,64134088.00
2024/12/12,24.90,26.10,24.90,25.68,3204477,82512120.00
2024/12/13,25.68,26.28,25.29,25.30,3673380,95169528.00
2024/12/16,25.20,25.55,24.11,24.31,2118770,52216464.00
2024/12/17,24.19,24.45,22.70,22.91,2160839,51130272.00
2024/12/18,22.86,23.69,22.21,23.21,2289944,53083500.00
2024/12/19,22.97,23.45,22.55,23.01,2124636,48888724.00
2024/12/20,23.02,24.80,22.77,24.61,2483566,59904444.00
2024/12/23,25.05,25.11,22.51,22.60,3214406,75141600.00
2024/12/24,22.61,22.89,21.96,22.50,2782826,62286536.00
2024/12/25,22.49,22.49,21.50,21.90,2794479,61384300.00
2024/12/26,21.76,23.58,21.76,22.98,3515514,80609536.00
2024/12/27,22.90,24.11,22.82,23.60,2770213,65745860.00
2024/12/30,23.60,23.74,22.84,23.26,2557328,59716464.00
2024/12/31,23.38,23.50,21.90,21.92,1719668,38899056.00
2025/01/02,21.93,22.28,20.78,21.25,1983783,42920376.00
2025/01/03,21.28,21.31,19.72,19.92,1746008,35915248.00
2025/01/06,19.92,20.22,19.30,19.52,1772178,35078332.00
2025/01/07,19.51,20.37,19.42,20.36,1047508,20914472.00
2025/01/08,20.38,20.62,19.48,20.15,1349838,27150708.00
2025/01/09,20.15,21.45,19.91,20.87,1635716,34432848.00
2025/01/10,20.65,21.84,20.50,20.53,1211325,25735728.00
2025/01/13,20.12,20.60,19.64,20.25,1124442,22828872.00
2025/01/14,20.62,21.97,20.25,21.96,1985821,42795916.00
2025/01/15,21.96,22.15,21.27,21.33,1180110,25487360.00
2025/01/16,21.50,22.46,21.25,22.24,2092073,46129072.00
2025/01/17,22.39,24.04,22.00,23.38,3179690,74925328.00
2025/01/20,23.36,23.45,22.58,22.73,2314805,53492288.00
2025/01/21,22.71,23.26,21.68,22.52,2810119,62620368.00
2025/01/22,22.74,25.01,22.32,24.00,6448176,154852736.00
2025/01/23,24.20,28.07,24.10,26.10,14097892,376689952.00
2025/01/24,25.57,31.34,25.57,31.34,21199908,625941504.00
2025/01/27,25.90,29.89,25.90,27.19,17070657,477027936.00
2025/02/05,27.50,27.69,22.76,24.96,16498320,399241088.00
2025/02/06,24.70,26.26,24.20,25.90,12396170,314558144.00
2025/02/07,25.92,27.78,25.92,26.49,11852830,316901344.00
2025/02/10,26.74,28.70,26.70,27.48,10446502,289551520.00
2025/02/11,27.15,28.20,26.63,26.89,8688207,238299888.00
2025/02/12,26.30,30.80,26.16,29.12,11920217,338687680.00
2025/02/13,28.90,30.39,28.56,28.89,9641886,284222144.00
2025/02/14,28.51,31.09,28.51,29.29,9128792,271170240.00
2025/02/17,28.73,30.40,27.73,30.05,9478044,277426240.00
2025/02/18,29.82,30.56,28.62,28.71,6627557,197735568.00
2025/02/19,28.94,30.18,28.53,29.78,6027986,179298896.00
2025/02/20,29.80,31.27,29.48,30.65,7447172,228796528.00
2025/02/21,30.90,33.20,30.17,32.20,7518326,239383792.00
2025/02/24,32.10,36.20,31.60,35.51,8375231,283780224.00
2025/02/25,33.78,37.08,33.48,35.20,5914770,206012512.00
2025/02/26,34.70,35.18,32.90,34.05,5905368,200297872.00
2025/02/27,34.20,34.20,31.80,32.60,5350754,175512368.00
2025/02/28,31.02,32.50,27.62,27.91,9265353,272639104.00
2025/03/03,27.90,28.70,27.23,28.09,5929516,166363392.00
2025/03/04,27.24,29.58,27.24,29.25,5408703,157008528.00
2025/03/05,30.25,31.99,29.54,30.52,5195095,158873824.00
2025/03/06,30.90,32.74,30.13,31.84,6608387,208804944.00
2025/03/07,31.88,32.69,31.31,32.28,5289590,170637120.00
2025/03/10,32.11,36.17,31.88,34.65,8882271,308774112.00
2025/03/11,33.98,35.69,33.93,35.45,4626252,162838816.00
2025/03/12,35.40,37.18,35.25,35.48,5340618,194509856.00
2025/03/13,35.44,36.37,34.49,35.14,4670750,164678512.00
2025/03/14,35.90,37.90,35.46,36.75,5094223,188261712.00
2025/03/17,36.89,37.90,35.96,36.50,4352392,161921632.00
2025/03/18,36.53,37.36,34.68,34.97,5078988,180182144.00
2025/03/19,34.62,35.90,34.25,34.40,2993956,104154616.00
2025/03/20,34.37,37.40,33.90,35.75,3709948,133563072.00
2025/03/21,35.75,37.36,34.86,35.48,4746845,171546912.00
2025/03/24,36.38,36.38,33.77,34.83,3126591,109257328.00
2025/03/25,35.75,36.39,33.35,33.84,4285280,150759584.00
2025/03/26,33.70,34.48,32.12,32.57,5110792,169442432.00
2025/03/27,32.50,33.38,31.63,32.40,2348505,76593432.00
2025/03/28,32.57,33.00,31.56,31.76,1969643,63619292.00
2025/03/31,31.27,32.40,30.70,32.13,2366713,74822432.00
2025/04/01,31.90,33.16,31.80,31.98,2068044,67173592.00
2025/04/02,31.98,32.56,31.60,32.23,1189464,38387880.00
2025/04/03,31.90,32.76,30.92,31.93,1644690,52600568.00
2025/04/07,29.11,30.39,25.93,26.99,6256735,173791808.00
2025/04/08,27.50,28.70,27.00,27.45,3360065,93659320.00
2025/04/09,26.55,31.40,26.09,30.66,4775874,141008736.00
2025/04/10,30.79,31.80,30.41,30.65,2763131,86009264.00
2025/04/11,31.19,32.40,30.91,31.70,2361130,75254592.00
2025/04/14,32.19,32.19,30.05,30.05,3494301,108347856.00
2025/04/15,30.39,30.54,29.23,30.13,2516356,75487816.00
2025/04/16,30.12,30.82,28.25,29.09,2314191,68083096.00
2025/04/17,28.54,29.65,28.54,28.75,1560916,45601192.00
2025/04/18,28.84,29.78,28.46,28.77,1600464,46613756.00
2025/04/21,29.19,30.17,28.50,30.09,1750440,52024088.00
2025/04/22,29.82,30.25,29.26,29.75,1299247,38852360.00
2025/04/23,29.90,30.70,29.82,30.24,1293611,39327748.00
2025/04/24,30.84,30.84,28.40,28.63,2601736,75859528.00
2025/04/25,28.67,29.98,28.50,29.33,1594085,46851528.00
2025/04/28,29.11,31.38,28.76,30.49,3186593,97546328.00
2025/04/29,30.31,31.60,29.82,30.62,2444062,75356448.00
2025/04/30,30.60,32.29,30.16,31.72,2439559,76965536.00
2025/05/06,31.76,33.16,31.66,33.11,2925987,94979624.00
2025/05/07,33.20,34.18,31.69,34.18,4989348,164619760.00
2025/05/08,33.40,34.61,33.05,34.36,3847333,130589040.00
2025/05/09,33.90,37.10,32.72,35.50,3984614,138386336.00
2025/05/12,35.50,36.81,34.13,36.08,4039475,143943088.00
2025/05/13,35.74,35.86,33.51,33.98,3604935,125402208.00
2025/05/14,34.06,34.59,33.30,33.63,1676450,56984088.00
2025/05/15,33.64,33.64,32.49,32.60,1527237,50285096.00
2025/05/16,32.60,33.09,31.80,31.96,1978350,64234476.00
2025/05/19,32.07,32.30,31.42,32.02,1503621,48138472.00
2025/05/20,32.10,32.53,31.51,32.38,1703830,54668056.00
2025/05/21,32.22,32.39,31.50,32.00,947797,30351492.00
2025/05/22,31.90,32.57,31.50,31.61,1076459,34679956.00
2025/05/23,31.52,32.08,30.81,30.92,1334903,41934244.00
2025/05/26,30.92,31.73,30.81,31.24,973088,30438126.00
2025/05/27,31.58,31.62,31.00,31.22,1001542,31445780.00
2025/05/28,31.23,31.73,30.80,31.00,994389,31074752.00
2025/05/29,30.86,31.60,30.81,31.60,1724156,54140412.00
2025/05/30,31.27,32.42,31.07,31.61,1522324,48473404.00
2025/06/03,31.30,33.85,31.11,33.17,3230941,106177120.00
2025/06/04,33.13,34.00,32.71,33.59,2167327,72432600.00
2025/06/05,33.46,34.31,33.23,33.97,1714705,58067432.00
2025/06/06,34.80,34.84,32.42,32.81,2016765,67155672.00
2025/06/09,32.58,33.45,32.58,32.95,1684666,55882136.00
2025/06/10,32.72,33.18,30.81,31.33,2869013,90798952.00
2025/06/11,31.33,32.58,31.01,32.48,2298839,73670496.00
2025/06/12,32.77,32.96,31.92,32.78,1451709,47426620.00
2025/06/13,32.38,33.38,31.69,33.33,2263572,73807560.00
2025/06/16,33.20,35.34,33.20,34.83,4569994,159046976.00
2025/06/17,34.73,35.39,34.35,34.79,3375115,118222144.00
2025/06/18,34.45,35.70,34.45,34.90,3273827,115073232.00
2025/06/19,34.90,35.38,33.56,34.17,2427845,83423400.00
2025/06/20,34.12,34.68,32.93,33.25,1339932,44916968.00
2025/06/23,32.93,33.45,32.74,33.31,1576310,52437656.00
2025/06/24,33.31,34.53,33.10,33.96,2015804,68734400.00
2025/06/25,34.40,36.89,33.91,36.49,5233269,188198528.00
2025/06/26,36.40,37.46,35.70,36.18,4021801,147230160.00
2025/06/27,36.20,38.40,35.52,37.83,4877771,182475328.00
2025/06/30,37.90,40.40,37.35,38.90,7062531,276810880.00
2025/07/01,38.92,39.05,37.57,38.10,3719131,141797168.00
2025/07/02,38.47,40.31,37.89,39.59,4806986,188701024.00
2025/07/03,39.34,39.87,36.24,37.42,6484123,243994224.00
2025/07/04,36.91,37.28,36.17,36.51,2800624,102739920.00
2025/07/07,35.90,37.10,35.90,36.76,1869473,68523896.00
2025/07/08,36.56,38.20,36.40,37.72,2412407,91054584.00
2025/07/09,37.40,38.35,37.20,37.66,1854581,70215848.00
2025/07/10,37.56,37.76,36.50,37.60,1827811,67858800.00
2025/07/11,37.27,38.73,36.74,36.90,3648315,138599856.00
2025/07/14,37.83,40.25,36.57,39.50,4611823,179548112.00
2025/07/15,39.40,40.30,38.78,39.00,2954211,116662480.00
2025/07/16,38.15,39.38,38.15,38.92,1653036,64394632.00
2025/07/17,38.41,40.21,38.41,40.21,2890817,114770592.00
2025/07/18,40.70,41.06,39.60,40.41,2428976,98102424.00
2025/07/21,40.41,42.58,40.05,42.50,3918761,164593696.00
2025/07/22,42.68,42.68,39.70,41.76,4457396,183089584.00
2025/07/23,41.51,41.66,40.40,40.61,2721554,111478968.00
2025/07/24,40.90,41.17,39.98,41.17,3235483,131619584.00
2025/07/25,41.04,41.17,39.83,40.62,1907588,77040448.00
2025/07/28,40.48,43.09,40.48,42.63,2892013,122381976.00
2025/07/29,42.79,43.37,42.33,43.37,1642623,70461136.00
2025/07/30,42.78,43.45,41.13,41.61,2229390,93388528.00
2025/07/31,41.55,43.73,41.55,42.21,2265651,97163016.00
2025/08/01,42.61,45.34,41.28,43.62,3679042,160684848.00
2025/08/04,43.19,46.91,43.19,46.53,4114561,188134800.00
2025/08/05,46.11,48.17,45.36,47.50,3333908,155679984.00
2025/08/06,47.95,48.42,46.55,47.05,2847609,135073504.00
2025/08/07,47.46,47.75,46.42,47.00,2068996,97165280.00
2025/08/08,47.93,49.03,45.79,48.63,2751671,130917432.00
2025/08/11,48.05,53.06,48.05,50.36,4372218,222144400.00
2025/08/12,50.86,51.61,48.58,51.61,3722446,186389008.00
2025/08/13,50.92,56.51,50.70,55.40,4836461,260160000.00
2025/08/14,55.61,55.75,53.28,53.96,3952451,213804992.00
2025/08/15,53.77,55.25,53.21,54.25,2933032,158616032.00
2025/08/18,54.55,54.55,50.17,51.57,6743724,346725792.00
2025/08/19,50.60,51.23,49.45,49.56,4249559,212981856.00
2025/08/20,49.21,50.25,48.80,49.91,3556937,176492048.00
2025/08/21,50.42,50.42,48.81,49.49,2612095,129812368.00
2025/08/22,49.45,50.60,48.90,49.43,4068903,202663488.00
2025/08/25,52.94,54.87,50.53,53.40,8330632,442394368.00
2025/08/26,52.90,53.17,49.95,50.37,5477430,279835040.00
2025/08/27,49.70,52.80,48.95,48.96,6248409,317911872.00
2025/08/28,49.80,53.82,49.80,52.96,8819825,460552416.00
2025/08/29,52.66,54.44,50.97,52.40,7404526,389468160.00
2025/09/01,52.40,52.45,49.05,50.39,6391118,322205632.00
2025/09/02,49.81,50.39,46.85,47.24,5771319,277416192.00
2025/09/03,47.57,48.59,46.38,46.90,4644697,220888272.00
2025/09/04,47.15,47.15,42.85,43.47,6220152,278422240.00
2025/09/05,43.74,44.85,43.20,44.46,3706773,164184576.00
2025/09/08,45.13,45.13,43.34,43.70,3236714,142658912.00
2025/09/09,43.84,45.75,43.41,45.39,4869063,219031392.00
2025/09/10,45.13,46.20,44.96,45.65,3136252,142960608.00
2025/09/11,45.10,48.22,45.03,47.48,4037232,190005472.00
2025/09/12,48.11,51.45,47.91,48.42,5148728,255861952.00
2025/09/15,48.00,48.75,46.83,46.94,2968311,141045600.00
2025/09/16,46.83,48.25,46.03,47.17,2749750,129273168.00
2025/09/17,47.30,48.51,46.42,47.51,2600652,124084544.00
2025/09/18,46.96,53.95,46.96,50.59,8390443,426288768.00
2025/09/19,50.94,52.45,49.25,50.51,7469903,379100832.00
2025/09/22,49.95,50.36,47.31,48.04,7373853,356249632.00
2025/09/23,48.50,48.85,44.67,46.42,5870916,269947296.00
2025/09/24,45.95,47.31,45.14,46.93,3735420,173173312.00
2025/09/25,46.90,47.85,46.01,46.63,3069374,144709472.00
2025/09/26,46.33,46.96,43.91,43.97,3068552,138576832.00
2025/09/29,43.34,45.75,43.08,45.02,3150875,140645216.00
2025/09/30,45.25,45.94,44.20,44.67,2298747,103049632.00
2025/10/09,46.69,46.69,44.13,44.74,3482675,156409376.00
2025/10/10,44.22,44.98,41.15,41.34,4456900,189551520.00
2025/10/13,39.60,44.49,39.50,44.05,6053554,261142752.00
2025/10/14,43.83,44.42,41.60,41.83,2915796,125631072.00
2025/10/15,41.44,43.64,40.99,42.34,2634010,112063968.00
2025/10/16,42.34,42.90,41.48,41.87,2323091,97917632.00
2025/10/17,42.01,42.95,39.75,39.92,3713714,152514112.00
2025/10/20,39.98,41.44,39.98,40.32,3100742,126463648.00
2025/10/21,40.43,42.92,40.35,42.71,3580457,151194336.00
2025/10/22,42.18,44.24,41.83,43.26,3644728,158593776.00
2025/10/23,42.72,42.85,39.99,41.24,4389911,179026304.00
2025/10/24,41.32,43.61,40.63,43.17,4194249,179758256.00
2025/10/27,43.90,43.90,41.61,42.43,3930367,167239520.00
2025/10/28,42.57,43.09,41.95,42.45,2305593,98303584.00
2025/10/29,42.45,42.82,41.66,42.70,2070838,87484224.00
2025/10/30,41.76,42.15,39.26,39.31,5232778,209978816.00
2025/10/31,39.13,39.64,38.75,39.05,2564881,100754536.00
2025/11/03,39.25,39.25,37.25,38.86,3936698,150171328.00
2025/11/04,38.86,38.87,36.94,37.35,2943535,110405392.00
2025/11/05,36.67,38.43,36.67,38.02,2509168,94822704.00
2025/11/06,38.02,38.33,37.25,37.56,2232845,84030320.00
2025/11/07,37.47,37.47,36.53,37.03,2727266,100938952.00
2025/11/10,36.85,37.55,35.97,36.54,4813905,175724720.00
2025/11/11,36.65,36.93,36.06,36.23,2289290,83367368.00
2025/11/12,36.12,36.24,35.33,35.99,2349197,84228208.00
2025/11/13,36.12,36.50,35.82,36.06,1938311,70181392.00
2025/11/14,35.84,36.30,35.56,36.08,2685806,96649656.00
2025/11/17,35.95,36.45,35.32,35.79,2488062,89311600.00
2025/11/18,35.75,37.50,35.55,37.13,4500813,165462960.00
2025/11/19,36.75,37.65,36.19,37.05,3975062,146900352.00
2025/11/20,37.11,38.02,36.07,36.67,2819899,103647656.00
2025/11/21,35.93,36.30,34.73,34.74,2528519,89405752.00
2025/11/24,34.74,37.45,34.74,36.68,3395681,122456120.00
2025/11/25,36.91,39.17,36.91,37.71,4753857,181541104.00
2025/11/26,37.52,42.37,37.15,39.90,9269630,369678304.00
2025/11/27,39.95,41.20,38.25,38.81,8748319,347657312.00
2025/11/28,38.70,38.70,36.95,37.58,6565029,247407392.00
2025/12/01,37.58,39.07,36.98,38.20,6165839,234829328.00
2025/12/02,37.95,37.95,36.73,37.00,4044045,150272640.00
2025/12/03,37.25,37.25,35.78,36.45,4022049,146362992.00
2025/12/04,36.96,37.63,36.21,36.51,3848783,141637856.00
2025/12/05,36.95,41.94,36.81,41.32,13616519,539715904.00
2025/12/08,42.94,46.83,42.84,45.05,19095064,863089664.00
2025/12/09,44.27,44.95,43.61,43.88,11079789,490443808.00
2025/12/10,43.75,47.04,43.75,45.70,13216962,599999168.00
2025/12/11,45.66,46.55,44.13,45.60,11344286,515220288.00
2025/12/12,44.58,46.83,44.51,45.96,11676012,535568928.00
2025/12/15,44.53,45.79,44.20,44.40,8281789,371752800.00
2025/12/16,44.41,44.41,42.35,42.61,7023582,302039072.00
2025/12/17,42.80,45.58,41.97,45.15,9354112,410520384.00
2025/12/18,44.41,47.63,44.41,46.35,11266843,526880544.00
2025/12/19,46.50,48.83,45.91,46.54,11093797,523227776.00
2025/12/22,47.34,50.95,46.95,49.14,16128016,793813056.00
2025/12/23,48.42,49.55,46.55,47.03,9522661,452242976.00
2025/12/24,46.33,47.88,45.61,46.81,7129775,335020224.00
2025/12/25,46.83,48.95,46.70,47.86,8473492,405373664.00
2025/12/26,47.86,47.98,45.97,46.95,7393813,348617440.00
2025/12/29,46.33,49.10,46.16,47.90,8896892,427697120.00
2025/12/30,47.67,51.40,47.25,50.15,12082059,608438208.00
2025/12/31,50.27,51.24,49.35,50.16,7084861,356416000.00
2026/01/05,51.36,51.95,49.15,49.36,8006645,403372096.00
2026/01/06,48.80,50.23,48.15,49.39,9290118,456128992.00
2026/01/07,49.72,53.65,49.48,52.35,11139490,575141568.00
2026/01/08,51.95,54.83,50.46,53.31,11258052,589497600.00
2026/01/09,53.11,59.23,51.95,58.65,14498503,810477312.00
2026/01/12,59.06,62.92,57.14,62.20,13422022,806207552.00
2026/01/13,61.50,61.75,57.09,57.34,12497240,733532992.00
2026/01/14,57.96,59.45,54.75,55.47,11353131,649214464.00
2026/01/15,54.05,54.95,52.03,53.27,9871711,525814240.00
2026/01/16,53.75,55.10,53.27,54.21,6661751,361754304.00
2026/01/19,53.61,56.92,53.61,56.15,6413956,357204736.00
2026/01/20,55.06,55.95,51.66,52.70,7514635,401569152.00
2026/01/21,51.35,54.04,51.25,53.09,5183398,274612224.00
2026/01/22,52.88,53.93,52.61,53.18,5060088,269318976.00
2026/01/23,52.99,56.18,52.75,55.27,7817198,428046080.00
2026/01/26,54.70,56.10,53.33,54.41,7063847,387094176.00
2026/01/27,53.48,54.33,49.95,53.22,7422247,387411648.00
2026/01/28,55.05,56.75,53.96,54.24,8363903,461982720.00
2026/01/29,53.55,54.12,49.95,50.05,8242415,430049568.00
2026/01/30,50.05,53.12,49.46,52.63,7509635,385698816.00
2026/02/02,52.15,54.24,51.57,51.61,6885362,364200160.00
2026/02/03,52.79,55.16,52.13,55.16,8121601,438037152.00
2026/02/04,55.60,58.54,54.42,56.20,9451968,534872832.00
2026/02/05,54.95,58.53,53.70,54.52,7407823,412623616.00
2026/02/06,54.49,59.43,53.96,57.61,12189031,700405440.00
2026/02/09,61.94,67.68,60.03,64.77,16464326,1056367040.00
2026/02/10,63.95,68.36,63.95,64.81,15395307,1017945472.00
2026/02/11,64.13,66.20,61.33,61.33,11842964,750477696.00
2026/02/12,61.23,64.40,59.93,61.80,11137756,693879680.00
2026/02/13,60.45,60.90,57.31,57.41,10307523,605681984.00
2026/02/24,58.97,61.25,58.56,59.21,10434143,626668352.00
2026/02/25,58.94,60.09,56.22,57.26,7789939,445406944.00
2026/02/26,57.45,62.44,57.25,60.95,12124090,729813824.00
2026/02/27,57.45,59.10,55.75,58.77,12177237,699364032.00
2026/03/02,58.54,61.41,57.95,59.90,11242190,675288192.00
2026/03/03,60.85,61.56,56.78,56.83,9994924,590077952.00
2026/03/04,54.54,57.73,54.14,55.75,6912213,388918336.00
2026/03/05,57.40,58.45,54.61,57.85,10194323,576068416.00
2026/03/06,56.85,60.61,55.23,59.55,10661701,618481472.00
2026/03/09,56.95,56.95,53.83,55.20,8667114,477441120.00
2026/03/10,56.25,60.85,56.04,60.52,11204857,659035584.00
2026/03/11,60.95,64.13,59.98,60.33,11073423,684618496.00
2026/03/12,59.95,62.13,57.85,60.65,8669894,520091808.00
2026/03/13,60.00,62.86,58.64,61.25,9318894,571777216.00
2026/03/16,60.05,60.95,56.97,57.85,7843042,454487488.00
2026/03/17,57.53,58.40,53.39,53.39,6058585,336968576.00
2026/03/18,53.95,55.36,51.95,55.13,4190527,226317552.00
2026/03/19,53.95,55.22,52.73,53.17,3626220,195806112.00
2026/03/20,54.35,55.25,50.91,51.06,6575721,351650400.00
2026/03/23,49.18,49.84,45.97,46.56,6103465,294249888.00
2026/03/24,47.96,48.42,46.06,48.41,4986833,236854112.00
2026/03/25,50.66,56.61,50.66,55.45,11233027,608949888.00
2026/03/26,55.95,60.43,54.98,58.59,15698904,919462464.00
2026/03/27,57.61,59.40,55.46,59.07,10138356,584862656.00
2026/03/30,57.41,60.81,57.41,59.13,7967444,472265664.00
2026/03/31,58.96,59.13,55.46,55.95,9396057,533816096.00
2026/04/01,57.35,57.95,54.44,55.83,8148994,454037696.00
2026/04/02,55.46,63.75,54.95,61.65,20941254,1276710144.00
2026/04/03,62.01,64.09,60.65,62.35,13234397,826241216.00
2026/04/07,61.82,63.93,60.75,61.24,9714664,603539840.00
2026/04/08,62.95,64.28,61.95,64.00,13467297,854380928.00
2026/04/09,62.94,67.08,61.83,65.77,15456536,1001548160.00
2026/04/10,64.95,68.60,63.43,63.79,16853699,1098053376.00
2026/04/13,63.95,65.52,62.83,64.77,11573219,741631424.00
2026/04/14,64.76,65.00,62.09,63.06,11700591,742323648.00
2026/04/15,62.65,63.75,60.95,61.70,8481300,529791808.00
2026/04/16,61.70,65.75,60.25,64.21,11935346,751064192.00
2026/04/17,65.43,73.45,65.21,69.51,18994016,1328428416.00
2026/04/20,69.86,70.95,68.61,69.15,10475563,729121088.00
2026/04/21,69.52,69.52,66.76,68.40,7512954,510446240.00
2026/04/22,67.72,79.45,67.65,78.71,20095289,1507865856.00
2026/04/23,77.36,79.43,72.23,72.79,15038480,1121743232.00
2026/04/24,72.23,72.63,68.13,69.52,10430366,729881600.00
2026/04/27,69.52,71.15,67.54,68.57,9616470,664362752.00
2026/04/28,67.32,67.80,64.47,65.05,8827019,578529408.00
2026/04/29,64.15,65.15,62.96,63.88,7285155,467154784.00
2026/04/30,64.47,65.15,62.13,62.35,7499336,473033248.00
2026/05/06,64.56,69.70,64.56,67.55,13386746,893265856.00
2026/05/07,70.34,71.32,67.19,70.15,12533651,872311040.00
2026/05/08,67.23,71.16,67.16,70.71,13517522,937368448.00
2026/05/11,71.98,72.40,69.47,71.55,12076752,859363520.00
2026/05/12,72.95,77.65,71.45,76.95,15282889,1148951168.00
2026/05/13,74.95,80.81,74.53,76.32,13833489,1069036992.00
2026/05/14,78.49,91.59,78.49,91.55,22689204,2006391168.00
2026/05/15,93.95,109.87,93.95,108.15,31965651,3405587200.00
2026/05/18,111.74,129.79,111.53,129.79,28846211,3521557248.00
2026/05/19,123.30,132.75,119.98,131.55,19204989,2455196416.00
2026/05/20,132.84,147.73,132.84,142.34,14138611,2005729024.00
2026/05/21,140.27,141.08,128.45,131.95,12010402,1616327424.00
2026/05/22,131.95,140.81,125.47,138.42,8067370,1098698112.00
2026/05/25,143.76,154.95,136.45,152.45,10447503,1524552576.00
2026/05/26,148.95,150.55,139.95,143.79,9827749,1419777792.00
2026/05/27,146.45,153.03,140.95,148.96,8730256,1284984064.00
2026/05/28,149.55,178.76,143.95,171.15,10635048,1730844032.00
2026/05/29,170.60,186.11,158.95,168.95,10837771,1896283776.00
2026/06/01,169.96,173.95,137.73,153.28,12866836,2003757312.00
2026/06/02,151.38,175.42,150.95,174.95,9837283,1626547968.00
2026/06/03,184.45,195.48,173.95,185.74,13637519,2567687936.00
2026/06/04,179.55,185.95,169.45,180.45,9184366,1638924544.00
2026/06/05,175.95,186.91,170.96,176.75,7116936,1266532736.00
2026/06/08,164.95,186.83,163.05,184.74,8756045,1552248960.00
2026/06/09,188.01,194.95,179.01,189.85,9108749,1705443456.00
2026/06/10,184.95,206.61,183.95,191.19,9394079,1825575936.00
2026/06/11,189.70,203.25,177.84,192.61,8500568,1622567040.00
2026/06/12,194.09,199.95,177.95,178.95,7479112,1423177344.00
2026/06/15,181.95,189.96,170.95,189.15,7864979,1434413184.00
2026/06/16,187.59,226.99,187.27,217.95,10190632,2184770816.00
2026/06/23,227.95,254.95,217.75,225.95,11575964,2668012544.00
2026/06/24,217.76,239.74,206.99,236.15,9089316,1986073600.00
2026/06/25,236.15,252.95,229.95,240.65,7059071,1714508800.00
2026/06/26,230.22,234.94,209.95,214.95,7413323,1641192448.00
2026/06/29,211.95,218.25,171.95,179.95,12579945,2303342080.00
2026/06/30,173.06,176.95,155.94,175.83,11430513,1917043968.00
2026/07/01,170.18,170.22,158.83,162.06,9076723,1489582848.00
2026/07/02,154.61,167.72,145.89,158.23,7382944,1170351488.00
2026/07/03,159.95,169.79,156.61,163.27,6936260,1142946176.00
2026/07/06,164.96,167.95,140.00,151.25,7771028,1175802624.00
2026/07/07,149.96,156.94,147.10,147.10,7959583,1215645952.00
2026/07/08,151.95,162.57,149.54,151.37,9215106,1432203136.00
2026/07/09,158.95,162.95,137.83,157.75,13845561,2091460096.00
2026/07/10,157.96,168.85,153.63,156.55,12201518,1956988032.00
2026/07/13,152.46,159.95,125.23,125.23,15880855,2188903936.00
2026/07/14,122.03,131.55,119.96,127.55,12810981,1621678080.00
2026/07/15,131.39,135.91,126.02,127.05,10031729,1312793728.00
2026/07/16,123.95,127.15,112.95,116.45,11008467,1322866944.00
2026/07/17,114.12,114.87,101.00,101.73,10789506,1159076992.00
2026/07/20,115.49,119.74,99.01,103.00,15257931,1628027264.00
2026/07/21,105.05,111.88,84.84,110.00,18026216,1799050496.00
2026/07/22,107.92,110.91,99.66,100.00,13692840,1441451008.00
2026/07/23,102.00,108.88,99.11,100.99,9101503,942971584.00
2026/07/24,97.03,102.66,96.00,96.84,7111539,701887488.00
2026/07/27,95.89,103.07,94.53,103.07,7649487,756091328.00
2026/07/28,98.00,100.65,90.15,90.94,7542656,717929792.00
2026/07/29,90.71,92.51,83.52,88.46,8291373,731428864.00
2026/07/30,88.92,88.92,78.90,79.84,8117154,670374400.00
2026/07/31,88.00,93.85,82.45,84.50,9634104,857202432.00
2026/08/03,83.53,86.84,78.34,82.20,9086445,740170688.00
2026/08/04,85.00,90.98,82.57,90.20,10395058,911641152.00
2026/08/05,85.42,104.24,85.11,102.40,16181188,1539932672.00
2026/08/06,101.18,109.50,99.24,104.68,15917298,1654926848.00
2026/08/07,104.55,115.90,103.00,112.29,16108010,1762635904.00
2026/08/10,113.00,114.60,98.27,103.00,16117966,1671599232.00
2026/08/11,99.51,107.48,97.23,104.36,12564921,1286621568.00
2026/08/12,105.39,124.20,103.42,117.99,19743148,2281680128.00
2026/08/13,121.44,132.85,119.50,121.87,21887095,2736104448.00
2026/08/14,123.51,140.00,122.11,140.00,20448491,2705255680.00
2026/08/17,142.10,162.68,131.00,154.00,23917053,3412327936.00
2026/08/18,154.00,154.00,142.45,145.80,18549705,2729844736.00
2026/08/19,136.57,138.97,126.26,126.26,19347975,2554991360.00
2026/08/20,129.29,151.51,125.96,149.50,28010387,4030186752.00
2026/08/21,150.53,164.67,147.00,158.80,24639889,3847777536.00
2026/08/24,154.01,159.50,145.44,150.22,17065605,2569546496.00
2026/08/25,141.40,171.24,141.20,168.80,21234800,3402276608.00
2026/08/26,167.69,173.28,159.60,170.51,16137818,2689081600.00
2026/08/27,169.00,193.00,164.59,173.30,20529308,3663176192.00
2026/08/28,169.35,174.85,162.40,162.51,15311509,2550752768.00
2026/08/31,158.01,168.92,158.01,160.98,13524657,2199198208.00
2026/09/01,164.49,173.77,158.50,167.00,16485009,2725919488.00
2026/09/02,161.01,179.92,161.00,174.56,14532104,2507399168.00
2026/09/03,177.20,186.90,168.00,175.64,16053005,2870711296.00
2026/09/04,174.00,177.00,157.01,163.00,15837988,2600928512.00
2026/09/07,161.37,181.58,159.50,181.20,16606536,2856239360.00
2026/09/08,183.84,184.95,166.00,168.00,15981109,2795259392.00
2026/09/09,176.74,181.88,164.00,174.20,15096308,2615386880.00
2026/09/10,166.70,174.00,163.21,168.84,11657096,1963833472.00
2026/09/11,163.99,196.28,163.66,195.00,20658743,3715315712.00
2026/09/14,188.00,202.17,185.10,197.00,15927547,3082537216.00
#数据来源:通达信
