688601 力芯微 日线 前复权
      日期	    开盘	    最高	    最低	    收盘	    成交量	    成交额
2021/08/02,93.89,98.21,89.09,94.17,2320821,455624928.00
2021/08/03,92.50,94.37,82.29,82.86,2361558,435379360.00
2021/08/04,82.81,91.25,82.51,91.11,2012157,373353120.00
2021/08/05,89.28,95.33,87.67,92.93,1435777,280945664.00
2021/08/06,92.93,95.09,89.15,93.68,1064477,209461616.00
2021/08/09,90.80,101.11,89.58,99.22,2077041,426155168.00
2021/08/10,99.16,101.50,93.41,95.81,1486112,306932000.00
2021/08/11,95.81,98.21,93.41,94.13,898743,182852960.00
2021/08/12,92.93,98.94,91.88,94.21,1242434,250410992.00
2021/08/13,91.88,93.98,87.61,88.14,980327,188462784.00
2021/08/16,87.25,94.18,86.30,93.41,1178313,229633312.00
2021/08/17,92.45,95.46,88.62,89.58,848834,166213952.00
2021/08/18,89.10,92.21,85.26,89.60,845662,159271168.00
2021/08/19,88.70,93.68,87.85,91.25,754101,146722592.00
2021/08/20,91.49,93.35,86.27,87.08,794583,151323296.00
2021/08/23,87.47,89.22,84.48,85.98,996367,185952704.00
2021/08/24,86.22,89.75,85.27,87.18,873149,162802624.00
2021/08/25,86.70,87.56,79.48,83.82,1848464,324308544.00
2021/08/26,83.82,93.70,83.34,91.33,1712697,323813536.00
2021/08/27,89.10,91.20,84.78,85.13,1162348,214656512.00
2021/08/30,85.13,86.46,79.94,80.54,1037792,183397600.00
2021/08/31,80.51,80.54,74.72,75.86,1024917,168102608.00
2021/09/01,75.43,77.11,74.72,75.92,706091,114902864.00
2021/09/02,75.94,75.94,72.32,73.40,584732,92138384.00
2021/09/03,72.56,76.39,72.34,75.05,658004,105512224.00
2021/09/06,75.95,75.95,72.32,75.06,808903,128778216.00
2021/09/07,74.70,80.47,73.92,77.17,1056313,176831568.00
2021/09/08,77.28,77.35,74.96,75.82,613122,99763296.00
2021/09/09,75.77,75.79,72.89,74.68,494477,78358232.00
2021/09/10,73.12,78.18,73.12,76.85,942395,152737248.00
2021/09/13,76.85,76.86,73.63,73.92,601774,96109616.00
2021/09/14,73.96,75.67,71.60,72.75,669717,105626928.00
2021/09/15,72.75,73.21,70.93,72.26,393491,60722172.00
2021/09/16,72.22,73.56,71.01,71.01,446393,68986576.00
2021/09/17,70.52,71.62,66.09,69.87,933918,137265760.00
2021/09/22,68.09,70.86,67.59,68.48,546247,80857360.00
2021/09/23,70.10,71.07,68.72,69.92,448070,67355176.00
2021/09/24,69.91,70.64,68.47,70.40,379476,56985864.00
2021/09/27,70.88,76.15,69.95,73.43,822685,129246512.00
2021/09/28,73.45,74.19,71.01,73.69,476477,74640296.00
2021/09/29,72.76,73.20,68.96,69.18,593200,90207792.00
2021/09/30,69.23,73.76,68.96,72.71,566368,87072336.00
2021/10/08,73.26,75.19,72.80,72.96,409817,64756224.00
2021/10/11,72.92,73.40,68.49,69.71,662130,100530808.00
2021/10/12,68.80,70.66,64.66,65.66,752039,108112856.00
2021/10/13,65.13,66.51,64.17,66.06,662791,93522000.00
2021/10/14,65.80,67.72,65.61,66.37,453651,64908408.00
2021/10/15,67.43,77.69,66.97,74.84,1787353,280826656.00
2021/10/18,74.24,75.47,72.93,74.88,854403,135581488.00
2021/10/19,75.24,77.40,73.28,74.81,845192,135368208.00
2021/10/20,75.12,76.06,72.71,73.35,576681,90971944.00
2021/10/21,72.32,73.16,71.08,71.17,519291,79723528.00
2021/10/22,71.84,74.00,71.60,72.00,658780,102841552.00
2021/10/25,72.00,73.97,69.48,73.85,587491,89852712.00
2021/10/26,73.05,73.61,71.12,72.48,598906,92885432.00
2021/10/27,76.12,76.86,72.85,74.34,1202163,192649216.00
2021/10/28,75.10,77.50,74.33,76.11,934362,152053696.00
2021/10/29,76.54,79.25,73.76,78.11,997624,166135856.00
2021/11/01,78.07,79.93,76.46,79.84,951215,159687376.00
2021/11/02,79.51,84.30,79.51,81.14,1032800,181211744.00
2021/11/03,83.56,87.07,81.96,82.38,1031390,186431808.00
2021/11/04,82.00,84.54,81.73,82.54,669930,118288560.00
2021/11/05,83.73,86.99,83.34,85.17,945249,172734800.00
2021/11/08,83.95,85.05,80.23,82.73,797289,139396640.00
2021/11/09,82.13,88.41,82.13,87.64,895997,165897136.00
2021/11/10,87.18,87.66,84.80,86.60,659598,120746848.00
2021/11/11,85.74,90.06,84.06,86.70,927828,172823344.00
2021/11/12,85.68,87.43,84.31,85.17,730989,133328480.00
2021/11/15,85.21,87.42,81.82,82.38,966214,173282896.00
2021/11/16,82.52,83.80,80.53,80.95,656057,115281584.00
2021/11/17,81.19,82.75,80.54,82.67,513403,89656840.00
2021/11/18,82.73,84.54,81.92,82.10,512471,90866704.00
2021/11/19,81.96,87.28,81.70,86.35,860316,156532000.00
2021/11/22,88.93,91.01,87.75,90.45,885022,168725296.00
2021/11/23,89.58,92.15,88.86,90.14,678221,131012992.00
2021/11/24,89.33,94.37,89.33,91.48,760239,149617472.00
2021/11/25,90.31,92.60,88.56,88.57,756949,145116912.00
2021/11/26,89.07,90.73,87.74,88.71,465184,88157376.00
2021/11/29,87.66,89.58,86.18,88.34,613269,114741840.00
2021/11/30,88.16,91.53,85.56,85.93,676294,126843024.00
2021/12/01,85.84,87.50,83.43,83.71,751823,136449792.00
2021/12/02,83.73,84.32,80.57,81.58,667469,116938096.00
2021/12/03,81.85,83.10,80.37,81.07,552507,96513224.00
2021/12/06,80.96,80.96,77.53,78.57,610258,102896872.00
2021/12/07,79.23,79.98,75.09,76.15,614909,100505096.00
2021/12/08,76.01,77.54,76.01,77.13,409607,67530880.00
2021/12/09,77.13,78.73,76.83,78.24,420102,69916800.00
2021/12/10,78.07,78.07,75.68,76.49,586397,96101136.00
2021/12/13,76.60,78.55,75.38,78.07,473671,78136784.00
2021/12/14,78.58,79.02,76.43,77.54,438448,72912320.00
2021/12/15,78.06,78.21,74.34,74.52,555767,90358696.00
2021/12/16,74.51,75.43,73.83,74.08,434114,69250456.00
2021/12/17,74.18,74.18,70.23,70.58,654440,99953032.00
2021/12/20,70.75,71.53,69.79,70.28,393761,59440468.00
2021/12/21,70.48,71.04,67.83,70.09,499301,73992616.00
2021/12/22,70.37,73.77,70.37,72.56,683875,105911976.00
2021/12/23,72.49,72.80,70.48,71.15,401124,61168196.00
2021/12/24,71.17,72.00,68.17,68.40,612720,91245888.00
2021/12/27,68.89,71.24,68.60,70.01,444147,66630184.00
2021/12/28,70.09,71.89,69.37,70.99,652238,98357464.00
2021/12/29,70.80,71.11,68.20,69.17,752426,111349336.00
2021/12/30,69.78,72.27,69.04,71.15,916815,139630416.00
2021/12/31,72.97,72.97,70.42,70.95,709264,107568664.00
2022/01/04,70.96,71.34,67.71,68.60,861843,127296120.00
2022/01/05,68.92,68.92,65.39,67.32,837073,119630680.00
2022/01/06,66.73,67.93,66.01,67.52,479390,68771920.00
2022/01/07,67.72,68.31,65.78,65.94,591854,84491280.00
2022/01/10,65.77,66.89,64.84,66.37,532873,75268080.00
2022/01/11,66.36,66.76,64.76,64.81,579124,81076608.00
2022/01/12,65.00,66.69,65.00,66.67,543490,77238288.00
2022/01/13,66.70,67.41,65.05,66.71,500276,71116240.00
2022/01/14,66.01,69.78,65.73,68.36,917989,134398480.00
2022/01/17,68.93,69.88,67.96,69.12,550648,81614128.00
2022/01/18,69.12,75.26,68.36,75.10,2133840,335044512.00
2022/01/19,74.35,80.42,72.80,80.15,2191700,357907360.00
2022/01/20,78.62,81.26,76.42,78.66,1638168,275616288.00
2022/01/21,78.64,80.54,74.93,76.32,1228824,203985904.00
2022/01/24,76.94,79.96,75.53,75.53,749710,123995424.00
2022/01/25,75.58,77.76,73.48,74.02,991455,159431376.00
2022/01/26,73.79,73.82,68.75,71.97,1166765,177343344.00
2022/01/27,71.38,72.49,65.30,66.71,1574246,229451120.00
2022/01/28,66.01,68.15,63.37,63.55,1059417,149255312.00
2022/02/07,64.44,65.46,63.23,64.33,701447,96727368.00
2022/02/08,65.63,66.25,60.17,61.87,1037049,138597280.00
2022/02/09,61.46,66.20,60.99,65.89,923441,126596416.00
2022/02/10,66.46,68.59,65.33,67.19,1085987,155835136.00
2022/02/11,68.17,72.73,66.26,68.80,1359066,203734144.00
2022/02/14,65.77,68.17,62.94,65.51,783580,110635952.00
2022/02/15,65.30,67.36,64.76,66.67,527400,75077800.00
2022/02/16,67.40,68.01,65.46,65.72,515730,73212096.00
2022/02/17,65.68,67.93,63.86,66.58,556437,78851040.00
2022/02/18,65.68,66.57,63.95,64.73,567470,78980808.00
2022/02/21,64.38,64.88,63.02,63.55,543482,74424000.00
2022/02/22,63.24,64.51,60.74,63.47,847845,113414592.00
2022/02/23,63.20,68.41,63.14,68.26,1199839,172475536.00
2022/02/24,67.60,68.80,64.34,65.18,1000367,141817200.00
2022/02/25,66.49,68.41,66.01,66.66,653020,93846920.00
2022/02/28,66.84,70.80,66.84,69.90,1041184,154680720.00
2022/03/01,69.90,70.33,67.26,68.32,783725,114832888.00
2022/03/02,67.21,67.70,66.04,67.38,418195,59880872.00
2022/03/03,67.69,68.70,65.91,66.00,525927,75198544.00
2022/03/04,65.44,68.08,65.31,66.94,540509,77840648.00
2022/03/07,66.49,66.49,64.14,64.66,449016,62576988.00
2022/03/08,64.33,67.16,63.55,64.68,666083,93193904.00
2022/03/09,64.68,66.96,61.95,66.73,959077,134027720.00
2022/03/10,68.64,69.13,65.02,65.21,852206,122349856.00
2022/03/11,64.34,65.01,62.47,63.77,797860,108552512.00
2022/03/14,62.83,62.83,60.92,61.27,489273,64734800.00
2022/03/15,60.62,61.39,57.53,57.53,740346,94717104.00
2022/03/16,58.58,59.97,55.71,59.72,777913,96449616.00
2022/03/17,60.21,62.42,59.97,60.16,695008,91330256.00
2022/03/18,60.98,61.20,58.82,59.58,433840,55313692.00
2022/03/21,60.26,71.86,59.55,71.86,2333115,338702656.00
2022/03/22,78.24,81.99,74.79,78.72,2899585,487663552.00
2022/03/23,79.68,83.75,77.28,79.66,2081118,356736544.00
2022/03/24,79.20,79.42,75.84,77.59,1109619,183742400.00
2022/03/25,78.50,80.16,76.32,76.85,842175,140915808.00
2022/03/28,75.84,79.35,75.36,77.28,703735,116118016.00
2022/03/29,77.52,79.19,74.11,75.11,1566659,254956208.00
2022/03/30,75.39,78.38,74.88,76.80,1011018,166180112.00
2022/03/31,76.80,80.40,76.14,77.98,1199484,201633472.00
2022/04/01,77.66,83.75,76.77,81.59,1199308,206431344.00
2022/04/06,80.40,81.59,76.11,76.53,854732,142509088.00
2022/04/07,76.08,78.11,74.45,74.77,620355,100247448.00
2022/04/08,75.36,76.80,72.49,75.46,697847,111275792.00
2022/04/11,75.35,75.36,71.05,71.72,637947,99051120.00
2022/04/12,71.72,72.76,70.08,71.05,658910,100707456.00
2022/04/13,70.70,71.02,67.45,68.17,739662,109321160.00
2022/04/14,68.45,69.84,60.16,65.09,1769546,244523408.00
2022/04/15,64.34,65.66,63.29,63.88,662699,91346272.00
2022/04/18,64.17,68.89,63.55,68.74,992237,140553808.00
2022/04/19,67.75,70.33,66.25,66.75,676839,98485616.00
2022/04/20,66.75,68.40,65.38,66.73,465260,66687356.00
2022/04/21,65.30,69.03,65.15,65.39,474356,68207736.00
2022/04/22,65.20,67.21,62.84,63.45,606081,83982160.00
2022/04/25,62.90,62.90,56.71,57.10,646403,82908368.00
2022/04/26,58.10,58.83,56.19,56.50,563459,69500592.00
2022/04/27,56.19,59.46,53.50,59.40,968116,117958768.00
2022/04/28,60.02,62.28,58.16,59.54,803977,103498608.00
2022/04/29,60.06,62.17,58.80,61.36,821559,106864832.00
2022/05/05,61.90,62.80,59.54,61.35,856781,112973792.00
2022/05/06,59.54,61.94,58.25,60.26,766691,98702848.00
2022/05/09,60.19,60.83,56.85,58.10,1117785,140589808.00
2022/05/10,56.85,62.02,56.29,60.69,1054091,136291104.00
2022/05/11,61.06,66.25,60.42,64.09,1049737,144804592.00
2022/05/12,63.78,64.71,62.95,63.95,651988,89221632.00
2022/05/13,64.14,67.12,63.52,65.15,837140,117832152.00
2022/05/16,65.72,67.20,63.71,64.82,687000,95920416.00
2022/05/17,64.82,66.34,63.41,65.28,977380,136088720.00
2022/05/18,65.26,67.08,64.50,65.87,704215,99805744.00
2022/05/19,63.76,68.98,63.71,68.56,882817,126621312.00
2022/05/20,68.56,69.03,66.97,67.30,534442,76902208.00
2022/05/23,67.30,68.41,66.30,67.36,436427,62477160.00
2022/05/24,67.16,68.85,62.81,63.43,965016,135436000.00
2022/05/25,63.53,64.95,63.09,63.57,551549,75206856.00
2022/05/26,63.13,63.98,59.45,60.57,838799,109010512.00
2022/05/27,60.89,62.95,60.00,60.33,614495,80597304.00
2022/05/30,59.98,61.68,58.97,61.36,541728,70005552.00
2022/05/31,61.39,62.23,58.64,62.07,830783,107501024.00
2022/06/01,61.70,68.48,60.96,67.01,1387948,193642912.00
2022/06/02,67.33,71.11,65.73,70.37,1302837,190202848.00
2022/06/06,71.63,73.82,70.54,72.43,1552451,237974816.00
2022/06/07,71.44,73.25,68.74,69.51,1200871,180369952.00
2022/06/08,69.90,71.09,66.64,68.65,1026848,149421456.00
2022/06/09,68.80,69.21,66.38,66.58,565250,81011008.00
2022/06/10,65.73,67.54,64.05,65.51,1123532,157226432.00
2022/06/13,63.92,65.22,62.83,64.75,891767,121737704.00
2022/06/14,63.97,63.97,60.41,61.73,1068611,140152064.00
2022/06/15,61.58,64.00,61.58,62.74,964604,129317688.00
2022/06/16,63.77,65.05,62.26,63.95,900785,123069784.00
2022/06/17,63.02,63.93,61.48,63.76,866868,116336312.00
2022/06/20,63.85,66.59,63.62,64.08,736454,102076064.00
2022/06/21,64.29,64.29,61.65,62.17,724677,96593872.00
2022/06/22,62.32,62.32,59.93,60.16,775084,101063736.00
2022/06/23,59.70,69.51,59.70,69.03,1722757,237884336.00
2022/06/24,68.96,68.96,65.82,66.22,1325129,188758592.00
2022/06/27,66.33,69.75,64.73,68.37,1211637,173785680.00
2022/06/28,68.45,72.48,68.08,71.91,1781217,266731520.00
2022/06/29,72.85,74.25,70.76,71.34,1729935,267117536.00
2022/06/30,71.34,72.25,69.51,70.47,1515608,228397440.00
2022/07/01,70.47,70.71,67.99,69.05,1449030,214148016.00
2022/07/04,67.83,67.83,64.08,64.69,1805509,250810720.00
2022/07/05,64.66,65.13,62.32,63.64,1260462,171026000.00
2022/07/06,63.76,67.31,63.23,65.95,1857219,259929136.00
2022/07/07,65.91,65.95,63.02,63.86,1256596,171856176.00
2022/07/08,64.48,68.45,63.19,66.52,2388338,334281248.00
2022/07/11,68.56,74.17,68.56,72.87,5477584,830905856.00
2022/07/12,71.43,71.43,58.01,60.90,6514087,874227712.00
2022/07/13,58.49,59.44,55.56,56.57,3380951,412447680.00
2022/07/14,56.43,58.37,55.62,56.88,2217009,271162624.00
2022/07/15,55.66,57.43,55.65,56.35,1510378,182725520.00
2022/07/18,56.09,57.48,55.80,56.93,1281730,155839664.00
2022/07/19,56.95,57.89,55.54,56.41,1166315,140759808.00
2022/07/20,56.57,57.57,56.09,56.42,1061294,128758224.00
2022/07/21,56.43,58.43,55.60,57.15,1685627,206641728.00
2022/07/22,57.19,57.52,53.61,54.14,2264492,267053008.00
2022/07/25,53.45,53.69,51.49,51.87,1771962,199135408.00
2022/07/26,51.60,52.25,50.05,52.24,1242258,136291744.00
2022/07/27,51.70,52.10,50.35,50.58,1385047,151156576.00
2022/07/28,50.86,53.01,50.65,51.95,1659487,185054688.00
2022/07/29,52.17,52.73,50.86,50.96,1132823,125632816.00
2022/08/01,50.24,52.16,49.03,51.88,1157834,125957352.00
2022/08/02,51.20,54.02,49.56,52.22,1889889,212188912.00
2022/08/03,52.74,57.95,52.74,55.82,3640882,434519840.00
2022/08/04,56.55,57.00,54.71,55.71,1444137,172108352.00
2022/08/05,56.00,59.45,56.00,58.56,3165242,391601984.00
2022/08/08,58.86,58.86,55.28,56.83,2434495,293849184.00
2022/08/09,56.10,58.48,55.18,58.18,1765290,213223232.00
2022/08/10,57.20,60.40,56.81,58.65,1890492,238335968.00
2022/08/11,58.25,60.09,58.16,58.54,1488313,187841200.00
2022/08/12,58.63,59.32,56.67,56.84,1294607,160314176.00
2022/08/15,56.11,57.80,55.71,56.38,972934,117222248.00
2022/08/16,56.35,57.39,55.28,56.62,1132868,136663920.00
2022/08/17,56.11,57.28,55.23,56.37,1271101,153154352.00
2022/08/18,56.63,58.13,55.08,57.56,1922093,232790448.00
2022/08/19,60.87,61.35,55.42,55.66,2154202,265374576.00
2022/08/22,54.61,57.76,54.25,55.95,1555277,186318576.00
2022/08/23,55.95,59.21,55.32,56.77,1817459,223464160.00
2022/08/24,57.05,57.05,52.50,52.52,2231828,257797856.00
2022/08/25,52.64,53.97,52.17,52.98,860257,97567960.00
2022/08/26,52.82,53.47,51.20,51.59,1048894,117105576.00
2022/08/29,52.54,58.87,52.26,57.28,3289237,397669024.00
2022/08/30,57.50,57.75,55.61,56.04,1239797,150132336.00
2022/08/31,56.09,56.18,52.40,52.59,1800176,206351584.00
2022/09/01,53.69,55.02,52.36,52.98,1059924,121235136.00
2022/09/02,52.74,53.89,51.94,53.03,1156465,131617552.00
2022/09/05,52.97,52.97,49.38,50.65,1345676,145859184.00
2022/09/06,50.34,51.42,50.23,51.00,755903,82411848.00
2022/09/07,50.79,54.12,50.79,52.50,1304999,147327136.00
2022/09/08,52.20,53.08,51.61,51.81,713385,79842488.00
2022/09/09,51.82,52.70,50.19,51.58,761105,83256704.00
2022/09/13,51.62,52.74,51.31,51.61,624901,69686488.00
2022/09/14,50.72,52.67,49.96,52.54,809185,89783224.00
2022/09/15,52.62,53.00,50.94,52.50,881216,97841344.00
2022/09/16,52.50,54.41,52.26,52.66,1304105,149262336.00
2022/09/19,53.00,53.47,50.43,50.57,965751,106751488.00
2022/09/20,50.53,51.45,49.70,50.59,701723,76195304.00
2022/09/21,50.12,56.06,50.12,54.57,2555013,295094816.00
2022/09/22,54.17,55.38,53.21,54.90,1002329,117192640.00
2022/09/23,54.39,55.13,51.12,51.62,1269703,143163232.00
2022/09/26,51.29,51.59,50.43,50.82,812635,88742040.00
2022/09/27,50.82,51.87,49.99,51.66,895404,70045040.00
2022/09/28,51.42,51.42,46.34,46.69,1894593,139587328.00
2022/09/29,47.35,47.36,45.01,45.25,1195959,84361768.00
2022/09/30,45.21,45.21,41.77,41.79,1765262,117251712.00
2022/10/10,41.59,41.68,37.71,38.23,1821776,110195320.00
2022/10/11,38.36,38.62,37.76,38.16,1036666,61235624.00
2022/10/12,38.15,39.44,37.41,39.40,1575349,94089648.00
2022/10/13,38.97,40.30,38.85,39.38,1717365,105098712.00
2022/10/14,39.79,41.76,39.36,41.52,1770907,110966824.00
2022/10/17,41.14,43.20,41.05,42.45,1580308,102477424.00
2022/10/18,42.86,43.04,41.56,41.66,1252716,80906384.00
2022/10/19,41.66,42.40,41.27,41.33,1049772,67664736.00
2022/10/20,41.18,44.28,40.78,43.12,2118472,139298448.00
2022/10/21,42.73,43.46,41.71,43.05,1347438,88336576.00
2022/10/24,43.38,44.36,41.95,41.95,1439556,95692448.00
2022/10/25,41.49,42.91,41.34,41.89,1305862,84803016.00
2022/10/26,41.52,43.30,40.97,42.79,1339595,87653176.00
2022/10/27,42.79,43.69,41.99,42.56,1289007,84940000.00
2022/10/28,42.54,43.22,40.18,40.18,1645156,105461464.00
2022/10/31,37.63,41.20,37.49,40.40,2066221,126643112.00
2022/11/01,40.28,41.17,39.71,40.77,1200658,74887984.00
2022/11/02,40.75,42.44,40.30,41.90,1614110,103384048.00
2022/11/03,41.72,44.53,41.35,44.14,2125873,141442448.00
2022/11/04,43.31,45.67,43.31,45.21,1879300,128807104.00
2022/11/07,45.08,46.19,44.09,44.44,1351073,93083632.00
2022/11/08,44.47,44.84,43.38,43.94,855530,57691048.00
2022/11/09,43.92,44.40,43.32,43.58,627302,42302280.00
2022/11/10,43.58,44.03,42.52,42.52,1024603,68105096.00
2022/11/11,43.95,44.46,42.46,42.60,1436742,96552792.00
2022/11/14,42.34,43.93,41.55,42.62,1066362,70379640.00
2022/11/15,42.57,46.41,42.36,45.98,3154177,219730032.00
2022/11/16,46.05,49.03,45.48,47.28,3347862,244134224.00
2022/11/17,46.99,49.20,45.16,48.96,2910187,211802784.00
2022/11/18,48.61,50.49,47.52,47.52,2687386,201866384.00
2022/11/21,47.49,48.27,46.05,46.48,1220085,87766760.00
2022/11/22,46.53,47.40,45.21,45.44,1550215,109976200.00
2022/11/23,45.52,47.09,44.17,45.21,2159768,150111264.00
2022/11/24,45.20,45.71,44.42,44.64,1484793,102587504.00
2022/11/25,44.60,46.08,43.29,43.32,1485520,101308752.00
2022/11/28,42.87,43.71,41.25,41.91,1669131,108836240.00
2022/11/29,41.93,43.53,41.85,43.02,1432883,94124056.00
2022/11/30,42.95,43.67,42.23,42.79,974604,64287068.00
2022/12/01,43.26,44.70,43.26,43.68,1592299,107968304.00
2022/12/02,43.54,44.40,43.00,43.12,1007355,67566304.00
2022/12/05,43.30,43.87,42.67,43.19,1287445,85345712.00
2022/12/06,43.19,44.54,42.86,43.89,1624139,109685008.00
2022/12/07,43.88,43.99,42.29,42.48,1904455,125516192.00
2022/12/08,42.34,42.35,40.32,41.52,2164429,137560272.00
2022/12/09,41.29,42.03,40.91,41.01,1482679,94463576.00
2022/12/12,40.98,42.70,40.59,42.05,1802813,116252112.00
2022/12/13,41.85,42.45,41.39,41.64,1049497,67634728.00
2022/12/14,42.94,43.29,41.98,42.11,2000480,131529352.00
2022/12/15,41.99,44.19,41.31,42.99,2157229,143819216.00
2022/12/16,42.83,42.83,41.52,41.90,1296127,83706176.00
2022/12/19,41.71,41.91,39.85,40.01,860756,54183248.00
2022/12/20,39.85,40.59,39.81,40.03,567091,35068428.00
2022/12/21,40.03,40.24,38.59,38.75,882232,53418028.00
2022/12/22,38.97,39.30,37.66,37.79,777908,46189608.00
2022/12/23,37.50,37.80,36.44,36.85,1082794,62126936.00
2022/12/26,36.16,38.03,36.16,37.90,922164,53863188.00
2022/12/27,37.90,38.56,37.30,38.35,879965,51636760.00
2022/12/28,37.89,38.20,37.42,37.42,471003,27454724.00
2022/12/29,37.36,37.74,36.95,36.96,536498,30992904.00
2022/12/30,37.26,37.40,36.37,36.41,579824,32902068.00
2023/01/03,36.40,38.14,36.24,38.01,1174925,68108768.00
2023/01/04,38.29,38.96,37.46,37.85,816772,48264640.00
2023/01/05,38.00,38.70,37.65,38.32,907086,53678856.00
2023/01/06,38.16,39.27,38.04,38.59,907821,54332788.00
2023/01/09,38.59,40.07,38.59,39.74,1636583,99896200.00
2023/01/10,40.18,41.46,39.44,40.26,1785613,111853656.00
2023/01/11,39.97,41.84,39.65,39.86,1861376,117431128.00
2023/01/12,39.92,40.46,39.71,40.12,781385,48355416.00
2023/01/13,40.48,40.48,39.54,39.67,598020,36804180.00
2023/01/16,39.68,41.57,39.67,41.38,1531662,96828336.00
2023/01/17,41.71,43.12,41.46,42.99,1524016,99875096.00
2023/01/18,43.46,43.53,42.08,42.39,1050110,68897968.00
2023/01/19,42.44,47.62,42.38,47.54,2999296,209684912.00
2023/01/20,47.53,47.53,45.89,46.95,1915366,137261152.00
2023/01/30,46.95,47.14,45.55,46.71,2209628,157080656.00
2023/01/31,45.98,46.18,43.91,44.09,2160793,148295280.00
2023/02/01,44.18,45.78,44.18,45.34,1376886,95375640.00
2023/02/02,45.53,47.56,45.24,46.01,1910796,136456336.00
2023/02/03,45.98,47.56,45.88,46.35,1447142,103711128.00
2023/02/06,46.27,46.75,45.56,46.03,829743,58637232.00
2023/02/07,45.92,47.15,44.99,46.72,1162768,82386448.00
2023/02/08,46.87,48.30,46.35,47.08,1693628,123015128.00
2023/02/09,46.45,49.97,45.77,49.47,2239930,165773888.00
2023/02/10,48.97,52.26,48.90,51.26,3188163,250054784.00
2023/02/13,50.11,54.52,49.91,53.01,3331303,268576096.00
2023/02/14,53.01,54.91,52.85,54.16,2182357,180076912.00
2023/02/15,54.08,55.10,52.26,53.14,1719940,141033504.00
2023/02/16,53.13,53.18,49.83,50.34,2218120,174837280.00
2023/02/17,50.08,50.96,48.71,48.87,1240114,94233136.00
2023/02/20,48.89,49.76,47.90,49.41,1288064,96300160.00
2023/02/21,49.56,50.23,48.23,48.52,1216686,91534064.00
2023/02/22,48.90,49.09,47.95,48.36,430174,31999520.00
2023/02/23,48.75,48.83,47.33,47.45,928613,68463400.00
2023/02/24,47.83,47.97,46.34,47.24,1746517,126128528.00
2023/02/27,46.97,47.28,45.52,45.66,1139229,80646264.00
2023/02/28,46.12,47.95,46.05,47.03,1632570,118288864.00
2023/03/01,47.33,50.41,47.06,50.24,2380939,179402192.00
2023/03/02,49.89,51.20,48.67,48.67,1319059,100201640.00
2023/03/03,49.17,51.10,48.70,49.58,1399687,106750800.00
2023/03/06,49.03,50.91,48.29,50.38,1676697,127486352.00
2023/03/07,49.85,50.21,48.14,48.15,1057692,79810176.00
2023/03/08,47.74,49.03,47.67,48.35,616037,45694944.00
2023/03/09,47.42,49.87,47.42,48.43,1049555,78745944.00
2023/03/10,48.08,50.11,47.36,48.64,1369690,102571760.00
2023/03/13,48.30,49.96,48.03,49.15,960828,72191056.00
2023/03/14,49.08,50.18,48.23,49.67,1581991,119650744.00
2023/03/15,49.46,52.59,48.71,52.32,3105423,242545776.00
2023/03/16,51.25,53.36,50.38,50.85,1617744,128108128.00
2023/03/17,52.03,54.13,50.91,52.93,2407045,195257952.00
2023/03/20,54.19,57.52,52.38,57.09,3287728,280281984.00
2023/03/21,56.18,57.48,54.61,55.73,2231380,191009968.00
2023/03/22,55.80,55.80,54.28,54.74,1347731,112794768.00
2023/03/23,54.86,57.07,54.38,55.81,1836896,157312432.00
2023/03/24,55.81,57.93,54.87,55.31,1626485,140661248.00
2023/03/27,55.03,56.95,54.38,55.14,1182634,100578584.00
2023/03/28,55.21,57.63,54.61,55.81,1474297,126824984.00
2023/03/29,55.48,55.48,52.26,53.39,1629950,133936232.00
2023/03/30,53.14,56.28,53.14,55.28,1432598,119654344.00
2023/03/31,54.38,56.93,54.17,56.35,912172,77462384.00
2023/04/03,56.08,57.97,55.84,56.28,1110256,96069120.00
2023/04/04,56.48,57.75,55.77,57.68,1679693,146706928.00
2023/04/06,57.69,61.22,57.52,58.97,2784017,252300096.00
2023/04/07,58.61,59.05,56.29,57.08,1730803,151672016.00
2023/04/10,56.28,61.56,56.20,58.12,2357850,212062336.00
2023/04/11,57.36,60.24,57.36,60.16,1848830,166212672.00
2023/04/12,60.43,61.32,59.03,59.91,1690555,155101984.00
2023/04/13,61.53,64.81,59.99,60.51,2917677,279523840.00
2023/04/14,61.18,62.10,57.37,61.64,1603320,147121968.00
2023/04/17,61.36,62.17,57.97,58.02,1995621,180609664.00
2023/04/18,57.68,58.04,54.96,55.88,1290414,110488512.00
2023/04/19,55.10,56.38,53.93,54.56,1843943,154179312.00
2023/04/20,54.27,56.07,54.01,55.38,1469022,123594160.00
2023/04/21,54.43,54.94,50.24,50.33,1829567,145746496.00
2023/04/24,50.32,51.16,48.23,49.01,1225488,92760512.00
2023/04/25,48.90,49.82,47.89,48.27,1028152,76955656.00
2023/04/26,48.23,50.00,47.89,48.08,739050,55243836.00
2023/04/27,48.77,48.77,46.72,46.84,912745,66667084.00
2023/04/28,46.50,50.29,46.22,49.44,1457540,107669264.00
2023/05/04,48.82,49.98,47.93,49.75,878355,65808264.00
2023/05/05,49.75,50.33,46.41,46.76,850645,62303456.00
2023/05/08,47.11,47.11,45.41,45.66,1024216,72382320.00
2023/05/09,45.62,46.14,44.20,44.22,794931,54866472.00
2023/05/10,44.26,44.50,42.99,44.12,730266,49088840.00
2023/05/11,44.40,44.87,43.81,44.05,446770,30394620.00
2023/05/12,44.14,45.41,43.93,44.43,866760,59680756.00
2023/05/15,44.61,45.54,44.12,45.34,667767,46024080.00
2023/05/16,45.20,46.67,44.75,45.54,919385,64620160.00
2023/05/17,45.29,48.10,45.29,47.52,1358467,98912960.00
2023/05/18,46.88,48.75,46.88,47.56,746370,54607940.00
2023/05/19,47.25,49.03,47.25,48.29,957511,71136584.00
2023/05/22,48.16,49.56,47.36,49.00,920421,68743600.00
2023/05/23,48.65,49.10,47.42,48.23,885615,65421748.00
2023/05/24,48.22,50.16,47.75,49.57,723754,54844032.00
2023/05/25,49.56,50.14,48.95,49.87,677442,51440184.00
2023/05/26,49.86,51.20,49.04,49.26,1020237,78152208.00
2023/05/29,49.37,50.58,49.02,49.28,626074,47721256.00
2023/05/30,49.42,49.42,48.35,49.29,474762,35653404.00
2023/05/31,49.24,49.69,48.44,49.40,385078,28995656.00
2023/06/01,49.76,49.76,47.42,49.17,758858,56500512.00
2023/06/02,49.43,53.18,49.16,52.19,1325849,104813488.00
2023/06/05,52.54,53.18,51.37,51.75,848422,67886112.00
2023/06/06,50.91,51.22,48.92,49.05,832313,63539404.00
2023/06/07,49.52,50.56,48.46,48.72,713915,36071200.00
2023/06/08,48.53,48.53,43.10,45.29,4457872,206234976.00
2023/06/09,44.69,47.42,44.30,47.11,2184528,101998872.00
2023/06/12,47.56,50.40,47.52,48.07,1663391,82208344.00
2023/06/13,47.71,50.27,47.27,49.96,1091122,54894372.00
2023/06/14,49.44,50.10,48.61,49.86,810735,40907824.00
2023/06/15,49.95,49.95,48.11,48.32,878269,43781232.00
2023/06/16,47.79,48.88,47.79,48.13,696822,34378488.00
2023/06/19,47.68,49.39,47.68,49.26,933122,46522576.00
2023/06/20,48.88,49.97,48.88,49.56,835667,42191576.00
2023/06/21,49.55,49.57,47.46,47.66,889639,43756432.00
2023/06/26,46.40,48.17,46.40,47.15,770959,37282856.00
2023/06/27,46.63,48.18,46.63,47.67,538244,26185296.00
2023/06/28,46.94,47.67,45.36,46.35,698027,33097244.00
2023/06/29,46.35,47.45,45.70,46.23,786307,37439616.00
2023/06/30,45.94,46.70,45.51,46.00,453433,21390960.00
2023/07/03,45.91,46.99,45.91,46.28,634603,30156016.00
2023/07/04,46.27,50.10,45.78,48.46,1643068,80922976.00
2023/07/05,48.78,50.40,47.41,48.54,1912463,96097552.00
2023/07/06,48.89,49.04,47.48,47.65,781501,38399672.00
2023/07/07,47.36,47.40,44.95,46.05,1016083,47742848.00
2023/07/10,45.86,46.34,45.28,45.37,707079,33058614.00
2023/07/11,45.62,47.04,45.05,46.90,1287172,61233816.00
2023/07/12,46.67,47.27,45.30,45.43,869190,41113916.00
2023/07/13,45.96,47.70,45.40,47.57,1156693,55601848.00
2023/07/14,47.88,49.10,47.88,48.40,1434065,71186336.00
2023/07/17,48.37,49.18,46.90,47.32,1498308,73078752.00
2023/07/18,47.38,49.08,47.20,47.41,1159913,57051752.00
2023/07/19,47.20,47.80,46.08,46.40,656373,31318704.00
2023/07/20,46.77,46.78,44.41,44.43,1273532,58812248.00
2023/07/21,44.43,44.90,43.32,44.18,528323,24003770.00
2023/07/24,44.00,44.19,42.34,42.36,1077491,47729396.00
2023/07/25,42.96,44.00,42.31,43.30,945177,41751280.00
2023/07/26,43.29,43.40,41.95,42.19,905138,39381888.00
2023/07/27,41.90,42.49,40.29,40.43,1192964,50086452.00
2023/07/28,40.32,40.84,39.43,40.81,995246,41105116.00
2023/07/31,40.56,41.35,40.55,41.01,1413494,59361220.00
2023/08/01,40.91,42.21,40.90,42.15,1101124,47123480.00
2023/08/02,41.81,42.25,41.21,41.30,681141,29090528.00
2023/08/03,41.18,41.90,40.71,41.25,951907,40226560.00
2023/08/04,41.60,41.95,40.58,41.25,811748,34512848.00
2023/08/07,41.10,41.63,40.65,40.91,866998,36464924.00
2023/08/08,40.91,41.44,39.92,40.28,1162737,48391744.00
2023/08/09,40.09,40.35,39.30,39.48,833292,34025412.00
2023/08/10,39.57,40.75,39.41,40.37,1020425,42224344.00
2023/08/11,40.28,41.98,40.25,41.33,2371213,100508752.00
2023/08/14,41.80,41.80,39.49,41.60,1749989,73100288.00
2023/08/15,41.68,41.68,40.29,40.60,1160308,48392680.00
2023/08/16,40.43,40.89,39.60,39.70,756231,31139552.00
2023/08/17,39.68,40.07,39.00,39.10,974457,39421108.00
2023/08/18,39.40,42.52,39.23,39.86,2617551,109966616.00
2023/08/21,39.12,42.40,38.60,41.30,2953437,123117240.00
2023/08/22,41.80,43.06,40.70,42.45,2463760,106291728.00
2023/08/23,42.25,43.90,41.56,42.15,2505437,110341784.00
2023/08/24,42.57,45.41,41.91,43.58,2271307,101139664.00
2023/08/25,43.18,43.18,40.21,42.12,2056874,87844480.00
2023/08/28,45.10,45.20,42.48,43.49,2365116,106152032.00
2023/08/29,41.82,48.40,41.40,46.13,5285468,242468192.00
2023/08/30,46.91,49.10,46.91,48.40,4985514,244573792.00
2023/08/31,47.45,48.34,45.70,45.90,3695547,177206688.00
2023/09/01,46.30,47.20,44.85,45.36,1775963,83305928.00
2023/09/04,45.82,48.38,45.41,48.00,2791237,133334488.00
2023/09/05,47.95,49.89,46.41,46.90,3810462,187858144.00
2023/09/06,46.28,47.97,45.98,47.32,2342906,112826784.00
2023/09/07,46.86,46.91,44.90,45.14,2278309,106387784.00
2023/09/08,44.90,47.06,44.90,46.37,1779219,84013144.00
2023/09/11,46.40,48.40,46.30,46.42,2417690,116961496.00
2023/09/12,46.31,46.88,45.21,45.75,1206896,56596780.00
2023/09/13,46.12,47.22,44.50,45.50,2209510,103317016.00
2023/09/14,45.48,45.76,43.78,44.08,2017071,91580856.00
2023/09/15,44.01,45.04,42.33,44.12,2556073,114132704.00
2023/09/18,43.41,43.64,42.39,42.39,2015926,88634904.00
2023/09/19,42.35,42.55,41.31,41.69,1667509,71554216.00
2023/09/20,42.10,42.10,40.96,41.20,1063625,45123208.00
2023/09/21,41.19,42.04,40.97,41.46,1060641,45245960.00
2023/09/22,41.29,42.89,40.94,42.54,1836231,78853544.00
2023/09/25,42.58,43.60,41.96,43.20,2020026,88777744.00
2023/09/26,42.91,43.68,42.16,42.90,1340298,58990768.00
2023/09/27,43.00,43.46,42.39,42.67,1253300,54930236.00
2023/09/28,43.20,44.29,42.70,43.70,1422788,63616348.00
2023/10/09,45.20,48.76,44.23,47.34,5122391,245435920.00
2023/10/10,47.02,50.90,46.44,49.99,6042849,304520992.00
2023/10/11,49.95,54.10,49.95,52.45,7290638,386681856.00
2023/10/12,51.92,54.49,51.80,52.62,5235100,283099200.00
2023/10/13,52.89,54.34,51.90,52.90,4301745,232151408.00
2023/10/16,52.70,52.89,50.90,51.43,3395847,179494704.00
2023/10/17,51.90,51.98,50.30,51.29,2379954,124116144.00
2023/10/18,50.70,51.03,49.37,49.72,2225567,113508520.00
2023/10/19,49.72,51.68,49.30,50.12,2479632,127930904.00
2023/10/20,50.21,50.70,49.24,49.50,1955542,99705224.00
2023/10/23,49.76,52.42,48.90,51.39,3971436,206435392.00
2023/10/24,51.65,52.97,49.67,52.74,3457552,182837536.00
2023/10/25,52.81,54.08,51.98,53.35,2875066,155996240.00
2023/10/26,53.20,53.90,52.46,53.55,1869669,101701504.00
2023/10/27,53.40,54.50,52.50,53.91,1755837,96254144.00
2023/10/30,53.52,60.83,53.52,60.55,4937844,293159136.00
2023/10/31,61.11,61.83,57.35,59.43,3513111,211734560.00
2023/11/01,59.30,60.15,57.50,58.03,1621848,96654232.00
2023/11/02,58.10,58.10,56.12,56.24,1889514,109651288.00
2023/11/03,56.65,59.93,55.97,59.34,2516591,149160096.00
2023/11/06,59.56,63.68,59.56,63.37,2795786,177182864.00
2023/11/07,63.56,64.56,61.90,62.59,1709067,109665296.00
2023/11/08,61.90,63.39,60.47,61.07,1761340,110076824.00
2023/11/09,60.90,63.04,59.84,60.13,1904098,118451616.00
2023/11/10,60.13,61.13,58.42,58.91,2073065,125161200.00
2023/11/13,59.01,59.89,57.68,58.06,2155974,127946968.00
2023/11/14,58.06,60.78,57.88,59.71,2195895,133208544.00
2023/11/15,60.10,60.88,59.15,59.73,1359041,82835600.00
2023/11/16,59.90,60.19,58.10,58.46,1526229,91880416.00
2023/11/17,58.37,59.10,57.26,58.47,1753691,103556528.00
2023/11/20,58.21,58.47,55.90,56.89,2977656,172651664.00
2023/11/21,57.33,59.03,56.22,57.08,2411896,141967872.00
2023/11/22,56.90,57.35,55.44,55.46,1279175,73192192.00
2023/11/23,54.97,56.08,54.65,55.40,1402124,78949096.00
2023/11/24,55.13,55.40,53.40,53.54,1498386,82343152.00
2023/11/27,53.78,54.40,53.10,53.52,1981512,108462760.00
2023/11/28,53.74,54.15,52.56,53.49,1517426,82741464.00
2023/11/29,53.40,54.69,53.11,53.74,1850914,101971752.00
2023/11/30,53.40,53.81,52.14,53.01,1475551,79396928.00
2023/12/01,52.88,53.34,52.18,53.20,1118850,60347744.00
2023/12/04,53.04,53.78,52.41,52.54,1352789,73223488.00
2023/12/05,52.06,52.49,50.75,50.80,1615480,84579208.00
2023/12/06,50.45,51.82,50.45,50.85,1592734,83114104.00
2023/12/07,50.80,51.50,49.98,50.26,1346879,69455328.00
2023/12/08,49.98,51.28,49.98,51.28,1832699,95102992.00
2023/12/11,50.90,51.89,49.74,51.39,2100779,108636192.00
2023/12/12,51.30,52.39,51.17,51.80,1755863,92928864.00
2023/12/13,51.89,52.46,50.59,51.72,1485263,78329736.00
2023/12/14,51.72,52.39,51.08,51.18,1663803,87797232.00
2023/12/15,51.44,51.90,50.40,50.91,957112,50043972.00
2023/12/18,50.65,50.65,49.92,50.37,1512941,77826552.00
2023/12/19,50.68,51.69,50.05,50.72,1328820,68865216.00
2023/12/20,50.92,51.27,49.86,50.32,1176033,60754852.00
2023/12/21,49.92,51.56,49.35,51.00,1352299,69834800.00
2023/12/22,51.22,51.50,49.17,49.59,1253228,64455760.00
2023/12/25,49.43,50.40,49.13,49.83,988282,50415104.00
2023/12/26,49.82,50.30,47.45,47.64,2233868,110031520.00
2023/12/27,48.08,49.70,47.90,49.32,1831960,91868136.00
2023/12/28,49.20,51.19,48.59,50.62,1771092,90518680.00
2023/12/29,50.63,51.56,50.01,51.29,1829733,95560752.00
2024/01/02,51.56,53.30,51.50,51.50,2678991,143354624.00
2024/01/03,51.50,51.60,49.98,50.41,1635681,84619048.00
2024/01/04,50.78,51.35,49.05,49.40,1371696,69831808.00
2024/01/05,48.92,50.11,47.57,47.85,1707670,84876872.00
2024/01/08,47.35,48.39,46.00,46.34,1587521,75696880.00
2024/01/09,46.49,47.58,45.71,46.20,1941525,92460072.00
2024/01/10,45.90,47.19,45.19,45.71,1380850,65153944.00
2024/01/11,45.46,46.57,45.01,46.20,1695002,79933600.00
2024/01/12,46.25,46.25,44.90,44.92,1289620,59968340.00
2024/01/15,44.80,46.10,44.19,45.44,1016949,47269768.00
2024/01/16,45.80,45.80,43.81,44.63,1616922,73483408.00
2024/01/17,44.26,45.30,43.65,43.80,1034960,47316652.00
2024/01/18,43.35,44.90,42.25,43.80,2179016,96265056.00
2024/01/19,44.43,45.10,42.45,42.71,1664381,74466848.00
2024/01/22,43.08,43.19,39.66,39.80,1870542,79198976.00
2024/01/23,39.78,41.23,39.78,40.56,1866386,77529568.00
2024/01/24,40.56,40.92,38.82,40.49,1815100,74754280.00
2024/01/25,40.40,42.26,39.92,41.81,1880438,79947536.00
2024/01/26,41.44,41.80,38.90,39.38,1879683,77725576.00
2024/01/29,39.18,40.56,37.19,37.40,2491359,97651392.00
2024/01/30,36.93,38.38,36.68,37.17,1854286,71608584.00
2024/01/31,37.11,37.49,35.21,35.30,2126483,79214624.00
2024/02/01,35.22,36.18,34.25,35.33,1927909,70147016.00
2024/02/02,35.31,35.50,31.42,32.62,2263383,77645896.00
2024/02/05,31.60,32.29,28.60,29.90,3161149,98829808.00
2024/02/06,29.44,32.09,28.08,31.40,2894272,90064720.00
2024/02/07,31.24,32.50,30.38,31.01,3128130,102346064.00
2024/02/08,30.86,36.40,30.80,35.60,3854498,133435056.00
2024/02/19,37.90,42.94,36.35,42.94,7090744,290489696.00
2024/02/20,41.90,42.93,40.00,41.97,5965573,254934160.00
2024/02/21,40.92,44.13,40.71,41.74,4113482,179333696.00
2024/02/22,41.90,43.22,41.23,42.52,2904459,126135200.00
2024/02/23,42.70,45.60,42.15,45.19,4133646,186717552.00
2024/02/26,46.35,46.52,43.60,44.00,5512988,250676000.00
2024/02/27,43.32,45.56,43.23,45.29,3043014,138984048.00
2024/02/28,46.02,50.70,43.35,45.70,5998388,284542592.00
2024/02/29,45.81,51.40,45.81,50.77,6137019,307182816.00
2024/03/01,50.37,54.68,49.72,53.05,5939710,318623424.00
2024/03/04,55.45,58.78,52.60,53.08,6745138,378559424.00
2024/03/05,52.85,53.92,50.90,51.11,6029847,322577120.00
2024/03/06,50.78,53.58,50.10,52.55,4266577,227796352.00
2024/03/07,52.31,53.05,50.39,51.12,3425610,180552960.00
2024/03/08,51.22,53.17,51.22,52.58,2566691,137073456.00
2024/03/11,52.50,52.50,50.78,52.31,2657652,140121952.00
2024/03/12,52.50,53.16,51.48,52.04,2676838,142813072.00
2024/03/13,52.08,53.28,51.70,52.17,2283186,122758352.00
2024/03/14,51.60,52.70,50.79,51.80,2048314,108254288.00
2024/03/15,51.00,52.29,50.70,52.22,2041928,107349040.00
2024/03/18,52.86,53.77,51.70,53.61,2664560,143807392.00
2024/03/19,53.53,54.15,52.10,52.56,2552892,138513872.00
2024/03/20,52.48,53.59,52.11,53.22,1766895,95792480.00
2024/03/21,53.40,54.03,51.90,52.92,1777208,95694416.00
2024/03/22,52.89,53.48,51.75,52.40,1703392,91301288.00
2024/03/25,52.36,52.39,48.95,48.97,2680697,138221680.00
2024/03/26,48.85,49.85,47.56,48.31,2769555,138021712.00
2024/03/27,48.24,48.31,46.00,46.85,1701630,81641056.00
2024/03/28,46.76,47.33,44.88,45.50,3606205,169829584.00
2024/03/29,44.88,45.39,42.43,44.45,3573610,160556416.00
2024/04/01,44.45,45.40,43.93,44.95,2274826,104187520.00
2024/04/02,44.91,44.91,42.18,42.63,3691516,163214416.00
2024/04/03,42.41,42.65,40.71,41.51,2579749,110054392.00
2024/04/08,41.32,42.15,40.92,40.95,2176716,92854944.00
2024/04/09,40.73,41.74,40.42,41.66,1658747,70219504.00
2024/04/10,41.78,41.78,40.21,40.57,1808882,75975872.00
2024/04/11,40.60,41.32,39.97,40.01,1320544,54942832.00
2024/04/12,40.07,42.03,40.07,41.01,2485554,105394096.00
2024/04/15,41.10,41.90,38.85,39.56,4092211,167949760.00
2024/04/16,40.15,40.28,37.97,38.02,3214542,129134264.00
2024/04/17,38.42,41.70,38.42,41.20,4804043,200026256.00
2024/04/18,40.82,41.20,39.77,39.77,3641819,151047808.00
2024/04/19,39.28,39.40,37.00,37.50,6187991,240432672.00
2024/04/22,36.49,38.70,35.84,38.16,3858917,149631568.00
2024/04/23,38.18,38.89,38.10,38.20,2412949,95413328.00
2024/04/24,38.48,39.56,38.32,39.43,2894502,116343744.00
2024/04/25,39.45,40.58,39.45,39.88,2647673,108805288.00
2024/04/26,40.08,41.42,39.64,40.98,3288306,137645392.00
2024/04/29,41.33,43.03,41.05,42.78,3548686,153631984.00
2024/04/30,44.97,45.68,42.56,42.90,6354437,283786528.00
2024/05/06,43.78,44.09,42.93,43.28,4284982,190807808.00
2024/05/07,43.19,43.80,42.71,42.88,2933490,129636520.00
2024/05/08,42.76,42.90,40.61,40.65,4185100,177387184.00
2024/05/09,40.49,42.10,40.49,41.72,3659539,155476976.00
2024/05/10,42.11,42.12,39.85,39.92,3368011,139987328.00
2024/05/13,39.78,39.88,38.59,38.78,2747894,110318760.00
2024/05/14,39.33,39.72,38.50,38.78,2630108,105564504.00
2024/05/15,38.78,39.35,37.97,38.68,2125549,84807240.00
2024/05/16,39.20,39.48,38.02,38.05,2763459,109714664.00
2024/05/17,37.89,38.84,37.46,38.78,2635050,103461392.00
2024/05/20,39.10,41.00,38.59,40.66,4261247,173744096.00
2024/05/21,41.21,43.30,40.72,41.60,6475225,276168608.00
2024/05/22,41.59,41.59,40.21,40.84,3649371,150173504.00
2024/05/23,40.57,41.02,40.05,40.20,2807778,114912432.00
2024/05/24,39.86,40.32,38.35,38.55,2846842,112999568.00
2024/05/27,38.40,40.18,37.59,40.13,3288918,129227728.00
2024/05/28,40.15,41.86,39.05,40.16,4176123,171939744.00
2024/05/29,40.02,40.44,39.41,39.64,2327987,94072384.00
2024/05/30,39.60,41.49,38.74,40.78,3569450,145877488.00
2024/05/31,40.65,42.78,40.38,42.20,5309830,225110816.00
2024/06/03,42.22,42.92,41.32,42.03,4262852,181499872.00
2024/06/04,41.63,41.94,40.37,41.10,2932847,121193376.00
2024/06/05,41.03,41.74,40.40,40.60,2552289,106124032.00
2024/06/06,40.92,41.50,38.72,38.85,3490813,141276000.00
2024/06/07,38.86,39.73,38.10,38.75,2659083,104725296.00
2024/06/11,38.53,41.26,38.10,41.18,3713329,150662512.00
2024/06/12,41.18,41.87,40.75,41.16,2803403,116936992.00
2024/06/13,41.15,43.47,41.15,42.70,5919696,253865008.00
2024/06/14,42.21,42.97,41.52,42.92,4872414,208709392.00
2024/06/17,42.65,44.47,42.41,43.28,4558037,200571344.00
2024/06/18,43.35,43.72,42.21,42.94,3760609,163005808.00
2024/06/19,43.06,43.50,41.94,42.68,3369098,145471392.00
2024/06/20,42.75,48.60,42.52,46.20,10749366,500663200.00
2024/06/21,46.20,48.25,44.11,47.00,8703945,408674880.00
2024/06/24,46.48,49.33,45.50,45.66,8427641,403604448.00
2024/06/25,45.50,45.97,42.05,42.67,6972214,306798496.00
2024/06/26,43.06,43.60,41.50,43.34,5039370,216861264.00
2024/06/27,43.00,44.49,42.38,42.41,5072097,222300896.00
2024/06/28,42.30,44.65,42.00,43.19,5232684,230092288.00
2024/07/01,42.82,43.02,39.80,41.35,5793675,240532128.00
2024/07/02,41.30,41.49,40.15,40.40,2918851,120262864.00
2024/07/03,40.40,41.62,39.33,41.07,3639523,149546656.00
2024/07/04,40.91,41.21,38.94,39.04,2746988,110881464.00
2024/07/05,38.62,39.55,37.79,39.11,2830401,110413000.00
2024/07/08,39.06,40.98,38.89,39.52,3429695,139425424.00
2024/07/09,39.20,44.12,38.92,43.63,6569183,280089216.00
2024/07/10,43.20,44.95,43.20,44.38,4799947,214482704.00
2024/07/11,45.05,45.42,43.52,44.70,4318582,194101840.00
2024/07/12,43.11,43.50,41.90,42.74,5083730,219286656.00
2024/07/15,42.74,43.84,42.40,42.63,3480219,151923696.00
2024/07/16,42.43,44.96,42.43,44.73,4730650,209989520.00
2024/07/17,44.73,44.88,43.17,43.30,3949241,175435280.00
2024/07/18,42.44,42.93,40.42,42.50,5242354,221091456.00
2024/07/19,41.86,44.87,41.70,44.02,5169610,229323504.00
2024/07/22,44.00,45.10,43.71,44.62,4428237,199646384.00
2024/07/23,44.46,44.48,42.02,42.38,3448832,150944976.00
2024/07/24,42.40,42.98,40.50,40.69,3471296,146659792.00
2024/07/25,40.61,40.61,39.30,39.60,2986370,120503744.00
2024/07/26,39.51,40.26,38.86,39.91,3474017,139298800.00
2024/07/29,39.88,40.00,39.08,39.21,2514572,100442000.00
2024/07/30,39.00,40.09,38.50,39.75,2928431,116603792.00
2024/07/31,39.74,41.95,39.18,41.43,3751577,154890736.00
2024/08/01,41.52,42.43,40.98,41.60,3198924,134914880.00
2024/08/02,40.98,41.21,39.08,39.25,4143218,168392176.00
2024/08/05,38.78,39.38,37.40,37.40,3206488,124633320.00
2024/08/06,38.38,38.39,37.65,38.21,1779707,68528904.00
2024/08/07,38.00,38.55,37.80,37.81,1721659,66475612.00
2024/08/08,37.53,38.37,36.85,37.45,1944723,74013744.00
2024/08/09,38.02,38.46,37.50,37.50,2079203,80219888.00
2024/08/12,37.15,37.38,35.86,36.29,2626230,97374608.00
2024/08/13,36.21,36.94,36.04,36.70,1596270,59132784.00
2024/08/14,36.88,37.00,36.36,36.41,1230590,45792220.00
2024/08/15,36.14,37.30,36.00,36.69,2030979,75832144.00
2024/08/16,36.78,37.39,36.62,36.91,1607680,60331968.00
2024/08/19,36.81,37.19,35.73,35.86,2098442,77461576.00
2024/08/20,35.89,36.00,34.60,34.77,2300484,81919872.00
2024/08/21,34.62,35.24,34.52,34.71,1261700,44635624.00
2024/08/22,34.55,34.82,33.46,33.64,2164583,74396136.00
2024/08/23,33.60,33.86,32.95,33.34,1876697,63492724.00
2024/08/26,33.00,33.66,32.90,33.07,1536939,51792376.00
2024/08/27,32.86,33.00,32.18,32.24,1577736,52133256.00
2024/08/28,32.13,32.67,31.92,32.09,1379196,45139296.00
2024/08/29,32.09,33.48,31.88,33.31,2176999,72882736.00
2024/08/30,33.21,35.68,33.10,35.36,3260397,115296696.00
2024/09/02,33.16,33.46,32.00,32.12,5704427,188284736.00
2024/09/03,32.11,32.67,31.81,32.23,2614210,85700592.00
2024/09/04,31.81,32.33,31.53,31.93,2296592,74378592.00
2024/09/05,32.01,32.50,31.83,32.12,1805189,58903584.00
2024/09/06,32.20,32.26,30.63,30.66,2152418,68206744.00
2024/09/09,30.50,30.95,30.18,30.60,1608457,49842784.00
2024/09/10,31.02,31.18,29.93,30.80,1796515,55637128.00
2024/09/11,30.58,30.80,30.35,30.57,1039945,32293862.00
2024/09/12,31.47,31.47,30.66,30.98,2463750,77752592.00
2024/09/13,31.65,32.47,30.69,30.85,3616375,116199904.00
2024/09/18,30.84,31.40,29.56,31.21,2323375,72086808.00
2024/09/19,31.07,31.89,30.83,31.74,2116166,67788816.00
2024/09/20,31.74,32.12,30.93,31.75,1838607,58842688.00
2024/09/23,31.75,32.49,31.32,32.22,2291279,74862016.00
2024/09/24,32.20,33.70,31.65,33.58,3487066,116275392.00
2024/09/25,33.78,34.60,33.15,33.36,3324398,114550200.00
2024/09/26,33.36,34.60,33.18,34.60,2782513,95804256.00
2024/09/27,35.30,37.88,35.03,37.68,3376887,124380912.00
2024/09/30,40.37,43.65,38.41,43.06,8470649,353140352.00
2024/10/08,51.77,51.77,49.09,51.77,11915901,613463168.00
2024/10/09,49.50,55.31,47.01,48.61,11602761,587369152.00
2024/10/10,48.80,49.28,44.51,45.00,6727776,315280800.00
2024/10/11,44.95,45.00,40.87,41.49,4682325,202239584.00
2024/10/14,41.59,44.30,40.21,44.06,5484105,234878576.00
2024/10/15,43.39,45.26,42.50,42.50,5277428,234615488.00
2024/10/16,41.40,42.75,41.01,41.66,3644478,153530272.00
2024/10/17,42.50,43.46,42.00,42.29,3670141,158568320.00
2024/10/18,42.30,49.52,42.25,46.82,8386604,387031424.00
2024/10/21,48.47,50.55,46.92,47.02,10069437,490616000.00
2024/10/22,47.02,47.24,45.08,46.02,6351101,296009504.00
2024/10/23,45.68,47.28,45.10,45.33,4897419,228582464.00
2024/10/24,45.09,46.20,44.50,45.46,3442898,158034304.00
2024/10/25,45.60,46.82,44.95,46.30,4367645,203462816.00
2024/10/28,46.30,46.37,45.30,46.18,3141982,145694416.00
2024/10/29,46.20,46.96,45.26,45.28,4494134,208770736.00
2024/10/30,44.52,45.75,44.30,44.74,3164189,143847616.00
2024/10/31,43.50,44.42,42.38,43.89,7017294,308734304.00
2024/11/01,43.38,43.55,41.01,41.18,4906972,208586688.00
2024/11/04,40.80,43.07,40.80,42.86,3088745,131973864.00
2024/11/05,42.88,45.35,42.50,45.19,5028216,225542224.00
2024/11/06,45.19,45.63,44.29,44.62,4113713,187351680.00
2024/11/07,44.10,45.71,44.00,45.63,3470319,158151280.00
2024/11/08,46.19,47.60,45.50,45.72,5468165,257168752.00
2024/11/11,46.30,48.18,46.30,48.17,8597716,412354720.00
2024/11/12,48.36,48.61,46.16,46.83,6133914,293710720.00
2024/11/13,46.50,47.37,45.80,47.30,3594678,169273760.00
2024/11/14,47.00,47.88,45.15,45.35,3734836,175229984.00
2024/11/15,45.51,46.10,43.35,44.30,4612172,208783152.00
2024/11/18,44.76,48.16,43.65,46.32,9401577,440473952.00
2024/11/19,46.50,52.30,46.36,52.30,12474782,622548288.00
2024/11/20,50.70,52.30,49.81,52.08,9427459,485804704.00
2024/11/21,54.65,62.50,53.80,54.94,21540673,1240434944.00
2024/11/22,54.00,58.80,52.51,52.69,17426526,978681792.00
2024/11/25,51.47,52.50,47.56,49.10,12983820,642958528.00
2024/11/26,48.60,50.00,47.21,47.36,6091585,297169056.00
2024/11/27,47.05,47.68,44.30,47.68,8406747,389640768.00
2024/11/28,47.69,48.05,45.98,46.11,6469572,305845440.00
2024/11/29,45.51,49.09,45.22,47.66,7901412,376419232.00
2024/12/02,47.60,48.72,47.31,48.19,5574367,271030240.00
2024/12/03,48.19,48.38,46.00,46.77,6147098,290416352.00
2024/12/04,47.58,48.58,46.06,46.36,5788405,277045376.00
2024/12/05,46.20,46.97,45.90,46.30,3874107,181707200.00
2024/12/06,46.40,47.22,45.30,46.70,4718369,221046912.00
2024/12/09,46.83,47.16,45.51,46.27,3121246,146156112.00
2024/12/10,48.50,48.50,46.30,46.34,4974879,237493760.00
2024/12/11,46.27,48.34,46.01,47.72,5130645,244694320.00
2024/12/12,48.36,49.49,47.56,48.16,5861011,287156576.00
2024/12/13,47.03,47.85,46.42,46.80,5663091,269093408.00
2024/12/16,46.51,46.80,44.85,45.22,4302623,198762624.00
2024/12/17,45.23,45.65,43.11,43.18,3852466,171827568.00
2024/12/18,43.43,45.36,42.52,44.40,4176486,186418656.00
2024/12/19,43.69,44.89,43.31,44.18,4500687,200779888.00
2024/12/20,44.20,47.34,43.74,46.14,6792980,315553280.00
2024/12/23,46.14,46.71,44.01,44.13,4766298,218205200.00
2024/12/24,44.49,45.34,43.89,45.05,3452094,156070976.00
2024/12/25,45.14,45.29,43.50,43.80,3156494,140894720.00
2024/12/26,43.65,45.22,43.50,45.19,3813043,172333472.00
2024/12/27,44.74,46.35,44.03,44.14,5264599,240402544.00
2024/12/30,43.86,44.30,42.65,43.29,3829516,168555632.00
2024/12/31,43.33,43.42,40.90,40.93,4692455,198797840.00
2025/01/02,41.10,41.45,39.30,39.75,3044214,124267072.00
2025/01/03,40.00,40.39,38.79,38.90,2509488,100729112.00
2025/01/06,38.76,39.15,37.56,38.36,2155987,84047680.00
2025/01/07,38.45,39.30,38.11,39.25,2746660,107938976.00
2025/01/08,38.88,39.44,37.45,38.67,3765189,146493472.00
2025/01/09,38.78,39.80,38.71,38.85,2878657,114531312.00
2025/01/10,38.85,39.70,37.90,37.90,2710020,107073624.00
2025/01/13,37.48,38.18,36.71,38.18,2000299,76134032.00
2025/01/14,38.30,39.80,37.53,39.77,5689827,224685792.00
2025/01/15,39.58,39.69,38.89,39.21,3478849,138205728.00
2025/01/16,39.38,39.99,38.73,39.29,3109609,124100336.00
2025/01/17,38.95,41.00,38.85,40.22,4629585,187729824.00
2025/01/20,40.69,40.95,39.51,39.84,3508231,142640880.00
2025/01/21,40.19,40.75,39.38,40.67,4294943,175032400.00
2025/01/22,40.46,40.78,39.72,40.00,2892592,117690288.00
2025/01/23,40.47,41.01,39.78,39.80,3793653,155696048.00
2025/01/24,39.80,40.68,39.63,40.61,3346556,135983184.00
2025/01/27,40.60,40.64,39.47,39.48,2583582,104775272.00
2025/02/05,40.06,40.65,39.72,40.13,3001706,122190432.00
2025/02/06,40.11,42.12,39.78,42.12,5413500,226909248.00
2025/02/07,42.10,43.58,41.95,42.60,5939234,256846112.00
2025/02/10,42.64,43.95,42.38,43.84,5169427,226731904.00
2025/02/11,44.17,44.17,42.94,43.15,3917558,171663280.00
2025/02/12,43.16,46.36,42.84,45.92,8513946,384692480.00
2025/02/13,46.37,46.48,44.74,44.92,5495431,252189376.00
2025/02/14,44.51,45.23,43.35,44.34,4693910,209617744.00
2025/02/17,44.34,44.94,44.00,44.63,3890138,174801792.00
2025/02/18,44.55,44.95,42.69,42.82,4130856,182967808.00
2025/02/19,43.03,44.18,42.70,44.14,4195751,186144976.00
2025/02/20,44.60,45.09,44.10,44.95,5365140,242674560.00
2025/02/21,44.97,46.46,44.56,46.10,6703829,309324928.00
2025/02/24,46.10,46.12,45.03,45.48,4851959,222957504.00
2025/02/25,44.68,46.00,44.48,45.40,5160231,236540384.00
2025/02/26,45.20,46.35,44.80,46.16,5275762,244104160.00
2025/02/27,46.30,47.02,44.83,46.45,5663581,262988704.00
2025/02/28,45.42,45.91,42.50,42.79,6718186,298991136.00
2025/03/03,43.25,43.94,42.18,42.81,3623508,158039552.00
2025/03/04,42.50,44.77,42.35,44.41,4640074,205676752.00
2025/03/05,44.32,44.99,43.30,44.08,3778270,168278208.00
2025/03/06,44.40,44.99,44.30,44.45,4717941,212930928.00
2025/03/07,44.10,44.75,43.42,44.02,4135442,184018368.00
2025/03/10,44.06,44.48,43.53,43.94,2598855,115632784.00
2025/03/11,43.50,44.32,43.15,44.28,2815022,124564760.00
2025/03/12,44.29,45.40,44.15,44.55,3663571,165475376.00
2025/03/13,44.50,44.66,42.54,42.76,4054893,177639552.00
2025/03/14,42.86,43.93,42.57,43.75,2503202,109759120.00
2025/03/17,43.82,44.35,43.36,44.19,2173300,96816304.00
2025/03/18,44.22,45.30,44.06,44.95,3482980,158038080.00
2025/03/19,44.80,45.35,43.70,43.94,2365141,106067168.00
2025/03/20,44.05,44.38,43.23,43.30,2081793,92349232.00
2025/03/21,43.38,43.46,42.00,42.00,2462813,106037560.00
2025/03/24,41.98,42.27,40.30,41.41,2342441,97856400.00
2025/03/25,41.00,41.69,40.89,41.20,1356818,56749728.00
2025/03/26,40.91,41.83,40.91,41.18,1220595,51219664.00
2025/03/27,41.18,42.35,40.64,41.40,1848149,77749312.00
2025/03/28,41.40,41.85,40.60,40.60,1504466,62584148.00
2025/03/31,40.59,40.59,38.95,39.68,2808731,112742832.00
2025/04/01,39.75,40.65,39.58,39.68,1908924,77195152.00
2025/04/02,39.73,40.19,39.55,39.75,1293243,52128968.00
2025/04/03,39.37,40.20,38.90,39.16,1862869,74393952.00
2025/04/07,36.50,36.87,31.49,32.41,4562925,158631952.00
2025/04/08,32.80,34.35,32.41,33.26,3340442,112806584.00
2025/04/09,32.84,34.69,31.20,34.34,3629806,123148736.00
2025/04/10,35.21,36.20,35.20,35.24,2929097,105859456.00
2025/04/11,35.21,39.88,34.79,38.00,6142300,234574000.00
2025/04/14,38.59,39.09,37.40,37.55,3332171,128212760.00
2025/04/15,37.59,37.59,36.67,37.08,2109964,79091112.00
2025/04/16,36.90,37.90,36.01,37.10,2017297,75722816.00
2025/04/17,36.55,39.00,36.55,37.87,3665552,141855616.00
2025/04/18,37.73,37.86,37.08,37.31,1648432,62501228.00
2025/04/21,37.03,37.58,37.03,37.33,2027922,76633072.00
2025/04/22,37.00,37.44,36.88,37.00,1698906,63919792.00
2025/04/23,37.33,37.45,36.91,37.16,1800588,67842168.00
2025/04/24,37.17,37.28,35.80,36.08,2781020,102587160.00
2025/04/25,35.86,36.26,35.33,35.99,2199283,79748320.00
2025/04/28,35.51,36.20,35.43,35.81,1230199,44710008.00
2025/04/29,35.96,36.28,35.56,36.02,1631416,59643344.00
2025/04/30,35.02,35.70,34.36,35.43,3517685,125315320.00
2025/05/06,35.74,37.16,35.53,37.01,2840923,105293592.00
2025/05/07,37.50,37.80,36.60,36.99,2406420,90724648.00
2025/05/08,36.98,37.56,36.65,37.41,2175615,82205392.00
2025/05/09,37.56,37.56,36.14,36.16,2030803,75173856.00
2025/05/12,36.54,37.39,36.35,37.00,2279279,85231856.00
2025/05/13,37.47,37.62,36.62,36.76,1983747,74494424.00
2025/05/14,36.61,37.06,36.16,36.73,2179857,80951968.00
2025/05/15,36.68,36.73,35.58,35.64,1691456,61684720.00
2025/05/16,35.64,36.19,35.50,35.63,1341493,48781452.00
2025/05/19,35.63,36.25,35.45,35.84,1352786,49239088.00
2025/05/20,36.00,36.16,35.46,35.89,1218362,44276152.00
2025/05/21,35.89,35.89,35.10,35.41,1594151,57214112.00
2025/05/22,35.41,36.32,35.20,35.26,1720246,62292980.00
2025/05/23,35.38,35.49,34.53,34.61,1465979,51928520.00
2025/05/26,34.50,35.00,34.50,34.97,822639,29018428.00
2025/05/27,34.82,35.12,34.43,35.00,1300916,45816256.00
2025/05/28,35.00,35.46,34.66,34.69,1117361,39691540.00
2025/05/29,34.96,35.55,34.71,35.47,1659107,59347548.00
2025/05/30,35.37,35.38,33.95,34.22,2307080,80765440.00
2025/06/03,34.09,34.85,33.88,34.22,1535595,53635664.00
2025/06/04,34.38,34.75,34.06,34.65,993468,34806608.00
2025/06/05,34.59,35.24,34.43,35.09,1577961,55756048.00
2025/06/06,35.09,36.48,34.76,36.30,3997233,145339040.00
2025/06/09,37.00,38.81,36.33,38.79,7960641,308000096.00
2025/06/10,38.51,38.70,37.00,37.28,3974531,150292528.00
2025/06/11,37.28,37.56,36.91,37.11,2432324,90718664.00
2025/06/12,36.95,39.94,36.71,38.88,7037306,272272384.00
2025/06/13,38.70,39.89,37.92,38.35,4476276,174861184.00
2025/06/16,38.10,39.08,37.98,38.78,2571334,99479056.00
2025/06/17,39.15,40.30,38.95,39.72,4502152,178955088.00
2025/06/18,39.52,39.64,38.41,39.62,2677074,104828744.00
2025/06/19,39.42,39.60,38.10,38.22,2589040,100530704.00
2025/06/20,38.22,38.86,38.01,38.24,1756856,67647240.00
2025/06/23,37.93,38.85,37.65,38.78,1940999,75008888.00
2025/06/24,38.62,40.10,38.62,39.76,2878123,114447616.00
2025/06/25,39.76,40.32,39.48,40.08,2833994,113514040.00
2025/06/26,40.16,40.35,39.46,39.60,2074502,82897600.00
2025/06/27,40.05,40.14,39.40,39.45,1802345,71880952.00
2025/06/30,39.46,40.35,39.46,39.85,1809690,72237080.00
2025/07/01,39.70,40.28,39.48,39.76,2168564,86451296.00
2025/07/02,39.91,41.78,39.74,41.72,6423215,264659232.00
2025/07/03,41.40,41.40,40.39,41.15,3941092,161351456.00
2025/07/04,41.15,41.15,39.18,39.28,3558740,142592000.00
2025/07/07,39.24,39.40,38.38,38.99,1875076,73027240.00
2025/07/08,39.09,40.87,38.59,40.26,3323581,132700400.00
2025/07/09,40.26,40.26,39.13,39.18,1796277,71352080.00
2025/07/10,39.17,39.59,38.88,38.98,1477967,58039392.00
2025/07/11,38.92,40.32,38.79,39.45,2264577,89992464.00
2025/07/14,39.29,39.59,38.83,39.07,1528121,59898008.00
2025/07/15,39.20,39.30,38.56,38.84,1590612,62103256.00
2025/07/16,38.83,39.55,38.80,38.90,1843268,72413704.00
2025/07/17,38.90,39.45,38.70,39.24,1579952,61938432.00
2025/07/18,39.26,39.56,38.80,39.17,1860489,73016200.00
2025/07/21,39.45,40.88,39.38,40.31,4153492,167381024.00
2025/07/22,40.20,42.53,39.77,42.51,10356741,432068896.00
2025/07/23,41.58,45.38,41.04,44.40,12561998,537446784.00
2025/07/24,44.20,45.86,43.01,43.61,10350832,457673792.00
2025/07/25,44.40,44.40,41.56,42.07,9538686,405696384.00
2025/07/28,41.46,42.25,41.46,42.00,3968385,166663360.00
2025/07/29,41.82,42.69,41.80,42.33,4517791,191664128.00
2025/07/30,42.32,42.39,40.93,41.49,4117390,172206512.00
2025/07/31,41.29,42.26,41.07,41.53,3912526,163664608.00
2025/08/01,41.52,43.77,41.50,42.05,5536659,236545872.00
2025/08/04,41.70,43.05,41.58,42.82,4445930,189291232.00
2025/08/05,42.82,42.98,42.18,42.49,2960999,126101792.00
2025/08/06,42.58,43.25,42.20,43.11,4026462,172684400.00
2025/08/07,43.10,44.34,42.76,43.41,5572304,243253296.00
2025/08/08,43.26,43.26,42.22,42.56,3410904,145317328.00
2025/08/11,42.57,42.97,42.28,42.68,2569531,109839984.00
2025/08/12,42.71,43.18,42.06,42.97,3668710,156618160.00
2025/08/13,42.94,43.19,42.60,42.96,3256667,140043296.00
2025/08/14,43.25,43.76,41.70,41.73,5010518,215287504.00
2025/08/15,41.71,42.88,41.70,42.78,3694395,157451872.00
2025/08/18,43.10,44.25,42.61,44.18,6506171,284835520.00
2025/08/19,44.40,44.40,43.55,43.98,3999717,176139792.00
2025/08/20,43.85,44.90,42.90,44.59,4457251,196648016.00
2025/08/21,44.50,45.06,43.48,43.90,4108149,181555472.00
2025/08/22,44.10,45.08,43.80,44.99,5377234,240822528.00
2025/08/25,45.15,45.78,43.83,44.43,6181672,276850176.00
2025/08/26,43.99,44.64,43.53,43.90,3896816,172359744.00
2025/08/27,43.99,45.84,43.34,43.39,7167891,321464448.00
2025/08/28,43.40,45.45,43.40,44.94,7427028,331019968.00
2025/08/29,44.92,44.92,43.08,43.24,6089968,266794496.00
2025/09/01,43.24,44.20,43.06,43.59,4902906,214376096.00
2025/09/02,43.50,43.50,40.76,41.43,6878985,286824224.00
2025/09/03,41.42,41.92,40.00,40.22,3922694,161142480.00
2025/09/04,40.25,40.59,38.15,39.37,3751172,148738752.00
2025/09/05,39.30,40.24,39.10,40.20,3099906,123461088.00
2025/09/08,40.20,40.49,39.66,40.22,2379467,95372784.00
2025/09/09,40.01,40.02,39.21,39.31,2185905,86788400.00
2025/09/10,39.50,39.88,39.12,39.30,1996564,78920272.00
2025/09/11,39.00,40.45,38.57,40.20,2950620,117700704.00
2025/09/12,40.10,41.90,39.91,40.71,4625964,189246736.00
2025/09/15,43.91,43.91,41.31,41.50,5971226,252888432.00
2025/09/16,41.70,42.20,41.18,42.01,3993355,167392512.00
2025/09/17,41.85,42.88,41.62,42.64,4097960,174295920.00
2025/09/18,42.67,43.48,41.37,42.09,6188309,265895200.00
2025/09/19,42.04,42.64,40.90,41.40,3755774,157441728.00
2025/09/22,41.63,42.24,40.94,42.03,3776731,158116336.00
2025/09/23,42.09,42.26,40.45,41.85,4085916,168746752.00
2025/09/24,41.75,43.45,41.46,43.09,6020000,258122224.00
2025/09/25,43.05,43.35,42.45,42.87,4045352,173874128.00
2025/09/26,42.85,43.33,42.25,42.25,3435050,147122304.00
2025/09/29,42.04,42.99,41.70,42.35,3429571,145644256.00
2025/09/30,42.61,43.53,42.43,43.14,4131490,178597712.00
2025/10/09,43.53,44.78,43.16,43.80,6818295,301662112.00
2025/10/10,43.40,43.50,41.85,42.04,4972571,212552512.00
2025/10/13,40.65,42.75,40.42,42.69,4234656,176633808.00
2025/10/14,42.89,43.49,40.71,40.82,4172623,176043504.00
2025/10/15,40.74,41.32,40.16,41.31,2724957,111241712.00
2025/10/16,40.90,41.60,40.40,40.63,2823021,115875664.00
2025/10/17,40.39,40.77,38.43,38.43,3833788,150809728.00
2025/10/20,38.82,39.71,38.56,39.02,2319107,90934888.00
2025/10/21,39.20,39.53,38.86,39.20,1937741,76275600.00
2025/10/22,38.90,39.46,38.61,39.10,1716424,67099528.00
2025/10/23,38.77,39.14,38.25,39.09,1591158,61539052.00
2025/10/24,38.73,39.90,38.73,39.65,3147883,124583136.00
2025/10/27,40.12,40.24,39.11,39.61,2376863,94555696.00
2025/10/28,39.40,40.00,39.32,39.55,1663496,66143632.00
2025/10/29,39.55,40.05,39.05,39.37,1927023,76226944.00
2025/10/30,39.20,40.10,38.83,39.08,3069509,121666448.00
2025/10/31,39.06,39.93,38.87,39.20,2141341,84570736.00
2025/11/03,39.19,39.88,38.36,39.78,2208566,86599512.00
2025/11/04,39.69,39.80,39.12,39.51,1603488,63413612.00
2025/11/05,39.06,39.49,38.90,39.25,1114700,43815944.00
2025/11/06,39.26,39.77,39.17,39.38,1308868,51794956.00
2025/11/07,39.21,39.98,38.78,39.64,1874703,73820024.00
2025/11/10,39.44,40.18,39.44,39.90,1656200,66111912.00
2025/11/11,39.82,40.58,39.82,40.29,2506654,101242096.00
2025/11/12,40.30,41.78,39.92,40.49,4445974,182823248.00
2025/11/13,40.49,40.85,39.65,40.38,2551969,103261504.00
2025/11/14,39.90,40.45,39.46,39.50,2064523,82446816.00
2025/11/17,39.27,39.83,39.27,39.69,1338990,53193992.00
2025/11/18,39.35,40.67,39.35,40.02,1891645,76094640.00
2025/11/19,39.95,42.35,39.15,41.83,7349244,301757344.00
2025/11/20,42.90,43.80,41.83,42.20,7583235,326110656.00
2025/11/21,41.80,43.68,40.73,41.89,6496331,276408064.00
2025/11/24,42.52,43.20,41.59,42.49,4991383,212443808.00
2025/11/25,42.80,51.01,42.60,49.90,25722495,1237944192.00
2025/11/26,49.27,49.50,46.90,47.20,13261625,635108096.00
2025/11/27,47.90,53.40,46.88,49.30,18427848,929408960.00
2025/11/28,49.30,50.90,47.90,49.15,11043745,543064576.00
2025/12/01,49.26,49.56,47.49,48.12,10256257,493114080.00
2025/12/02,48.02,48.12,45.48,45.76,9976297,461904992.00
2025/12/03,45.70,47.98,44.86,47.18,10668883,497991040.00
2025/12/04,46.75,47.00,45.57,46.51,5580208,258293472.00
2025/12/05,46.49,48.06,45.40,47.58,7699311,363735040.00
2025/12/08,47.68,49.15,46.57,47.40,8973366,429945984.00
2025/12/09,47.17,47.80,46.11,46.40,5275673,248084048.00
2025/12/10,46.59,47.18,45.90,45.93,4259883,197432688.00
2025/12/11,46.05,46.05,44.09,44.37,5484033,246421776.00
2025/12/12,44.37,44.75,43.38,43.71,4689094,206247600.00
2025/12/15,43.55,43.65,42.58,42.74,4065145,175000128.00
2025/12/16,42.74,43.08,40.90,41.48,4345053,182335120.00
2025/12/17,41.48,44.40,40.62,43.95,7655555,325146208.00
2025/12/18,43.44,47.40,43.10,45.50,10284255,474338304.00
2025/12/19,45.59,47.08,44.22,45.92,7577231,346532960.00
2025/12/22,46.20,46.20,44.65,45.10,5029402,227735536.00
2025/12/23,44.90,45.58,44.56,44.70,3722153,167909136.00
2025/12/24,44.96,45.78,44.40,44.95,4058555,183268896.00
2025/12/25,45.10,45.78,44.75,45.31,3354006,152107360.00
2025/12/26,45.31,45.36,44.24,44.41,4049901,181620304.00
2025/12/29,44.53,44.70,43.60,43.74,3561840,157106928.00
2025/12/30,43.90,43.90,42.71,42.89,3695884,160094448.00
2025/12/31,43.44,43.44,42.38,42.49,2941154,126063816.00
2026/01/05,42.90,45.73,42.90,45.00,6534348,292857568.00
2026/01/06,45.00,47.96,45.00,46.91,7994062,372249664.00
2026/01/07,47.01,50.73,46.62,49.14,10901006,531258496.00
2026/01/08,48.70,49.38,47.95,48.47,5323989,258622016.00
2026/01/09,48.23,49.10,47.51,48.66,6361552,307273184.00
2026/01/12,48.70,51.65,48.06,51.58,8733388,439669984.00
2026/01/13,51.51,51.55,47.10,47.34,8952088,435127136.00
2026/01/14,47.34,50.39,47.34,49.23,9506949,469449152.00
2026/01/15,49.30,50.19,48.00,49.75,7024651,346066624.00
2026/01/16,50.48,51.40,49.88,50.56,6723210,341317760.00
2026/01/19,49.45,51.19,49.35,49.48,5375174,268924160.00
2026/01/20,49.40,50.65,48.69,49.41,5364960,266162960.00
2026/01/21,48.78,52.38,48.68,51.60,8512246,436327616.00
2026/01/22,52.60,52.62,49.93,51.34,6342424,324281792.00
2026/01/23,50.90,52.28,50.41,51.98,5267592,272478720.00
2026/01/26,51.35,52.23,49.46,50.22,6161327,312599072.00
2026/01/27,49.82,54.60,49.82,53.77,12966596,685837696.00
2026/01/28,54.56,57.82,53.78,56.44,12923912,720737216.00
2026/01/29,56.13,56.80,52.63,52.84,10213502,555904640.00
2026/01/30,52.38,53.08,50.48,50.87,8519680,441522944.00
2026/02/02,50.50,53.69,48.90,51.63,10666061,548908928.00
2026/02/03,52.58,54.25,51.40,54.08,7711137,407683104.00
2026/02/04,52.85,54.07,51.20,53.62,6460130,340850848.00
2026/02/05,52.43,54.99,52.43,54.40,7614584,413193408.00
2026/02/06,53.54,54.78,51.80,51.98,7267061,387340576.00
2026/02/09,52.50,52.85,49.91,52.29,6966945,359243840.00
2026/02/10,52.28,52.28,50.75,51.04,3649166,187773936.00
2026/02/11,51.07,52.00,50.88,51.24,3342803,172220896.00
2026/02/12,51.30,52.03,50.77,50.92,3120639,160474752.00
2026/02/13,50.75,52.29,50.38,50.70,4095734,211254240.00
2026/02/24,51.70,53.69,50.73,51.44,7704483,403723232.00
2026/02/25,51.42,54.94,50.80,54.45,7370291,390205120.00
2026/02/26,53.69,53.72,51.48,52.96,7754243,406124128.00
2026/02/27,53.19,53.36,51.87,52.79,4724056,249232544.00
2026/03/02,50.98,52.24,50.10,51.16,6887050,352186144.00
2026/03/03,50.92,53.21,48.42,48.76,8027107,407308992.00
2026/03/04,47.98,49.50,47.06,48.20,4196827,204107744.00
2026/03/05,49.70,51.37,48.93,50.35,5425620,274608000.00
2026/03/06,49.99,54.94,49.99,53.70,9999902,533841632.00
2026/03/09,52.63,53.76,51.20,53.62,6344810,332778496.00
2026/03/10,54.46,56.70,51.90,54.13,17907711,978845184.00
2026/03/11,53.70,54.17,52.65,53.56,8682063,463942432.00
2026/03/12,54.02,56.35,54.02,55.05,9022915,499465600.00
2026/03/13,55.05,55.45,53.95,54.30,4250102,232410736.00
2026/03/16,55.49,57.20,53.61,55.80,9491726,528643456.00
2026/03/17,55.40,57.34,54.58,54.70,6603011,368361952.00
2026/03/18,56.06,56.98,53.80,56.71,5965123,330850112.00
2026/03/19,55.90,58.04,55.66,55.80,6697368,379461568.00
2026/03/20,55.92,57.40,53.54,53.55,6367731,351700224.00
2026/03/23,51.63,52.58,48.86,49.36,5912478,301120544.00
2026/03/24,50.64,52.88,50.04,52.67,5988602,309274560.00
2026/03/25,52.89,54.85,52.54,54.62,4986716,268851648.00
2026/03/26,54.20,54.69,51.57,51.88,4857228,257623936.00
2026/03/27,50.88,55.27,49.58,54.14,7411856,391134464.00
2026/03/30,52.94,53.60,52.40,53.23,3549748,188198448.00
2026/03/31,53.38,54.00,52.13,52.30,3666048,194094192.00
2026/04/01,53.97,55.20,53.36,54.91,5574020,303084032.00
2026/04/02,54.90,54.91,51.64,52.49,5239856,279152928.00
2026/04/03,52.84,55.88,51.83,54.39,7709271,417993056.00
2026/04/07,54.74,56.20,54.19,54.70,4753766,262725360.00
2026/04/08,56.40,56.68,55.23,56.30,9008892,506516768.00
2026/04/09,54.89,55.97,53.00,55.05,10849572,593367168.00
2026/04/10,54.91,56.40,54.56,54.77,7624516,423522592.00
2026/04/13,53.37,55.38,53.12,53.86,6083292,330465280.00
2026/04/14,54.29,54.99,52.24,52.89,6391601,343338880.00
2026/04/15,52.90,54.05,51.70,52.40,6166816,325689984.00
2026/04/16,52.69,53.64,51.64,52.32,5807641,306280832.00
2026/04/17,52.29,52.61,51.10,51.28,4723493,245081984.00
2026/04/20,51.51,52.38,50.38,51.64,5432795,278757376.00
2026/04/21,51.57,51.57,49.80,50.10,4690694,236706624.00
2026/04/22,50.10,50.98,49.62,50.63,3209786,162306592.00
2026/04/23,51.63,51.63,49.48,50.16,4823426,243656016.00
2026/04/24,50.06,51.12,49.63,50.58,4119396,208093824.00
2026/04/27,50.58,51.53,49.03,51.09,4650033,235658304.00
2026/04/28,50.88,52.16,49.91,50.80,5974020,306118752.00
2026/04/29,50.21,51.88,49.94,50.55,5491881,281393952.00
2026/04/30,50.81,55.32,50.81,52.75,16506020,886483264.00
2026/05/06,52.78,55.10,52.51,53.70,9593735,516868960.00
2026/05/07,53.73,54.22,52.61,53.11,6006666,319527520.00
2026/05/08,53.05,53.05,50.89,51.62,6042439,312823808.00
2026/05/11,54.90,57.95,52.40,57.90,19435910,1075283328.00
2026/05/12,58.80,65.78,56.90,62.91,20778282,1274564992.00
2026/05/13,60.67,63.91,60.67,61.92,12275767,764460160.00
2026/05/14,62.60,65.73,60.87,63.06,11203948,715148352.00
2026/05/15,64.88,69.22,63.40,68.40,13788191,929367936.00
2026/05/18,66.35,67.67,63.90,65.10,10178386,669258368.00
2026/05/19,64.59,64.90,62.00,64.50,6638737,421395040.00
2026/05/20,64.50,65.35,62.58,64.96,5747993,369083168.00
2026/05/21,65.80,67.90,62.01,63.15,9799439,641313984.00
2026/05/22,63.15,66.08,62.10,65.28,6820363,436393792.00
2026/05/25,65.21,66.88,63.67,64.83,6836359,447144320.00
2026/05/26,65.05,65.55,61.60,63.75,6661086,421588864.00
2026/05/27,63.90,64.46,60.11,60.59,5856995,364235616.00
2026/05/28,60.10,60.71,58.16,59.33,5846309,347568448.00
2026/05/29,59.32,59.53,52.40,53.25,9155785,506031936.00
2026/06/01,52.90,55.04,52.07,53.27,7266804,389064448.00
2026/06/02,53.86,54.85,50.90,54.26,6710524,356775744.00
2026/06/03,54.49,56.65,53.86,55.67,5987527,330119712.00
2026/06/04,54.90,56.60,54.42,55.27,4937153,273665056.00
2026/06/05,55.20,56.89,53.19,53.99,5391623,296211648.00
2026/06/08,51.80,54.32,51.12,51.51,5103001,267812832.00
2026/06/09,52.30,52.56,51.40,52.06,3809346,198234048.00
2026/06/10,51.48,52.36,49.75,50.61,4613264,234831600.00
2026/06/11,50.68,54.40,49.68,52.30,6199419,321346944.00
2026/06/12,53.82,54.32,51.71,53.08,6168427,327903008.00
2026/06/15,53.20,57.80,52.90,56.68,6470502,357972544.00
2026/06/16,56.88,61.80,55.80,60.60,7699931,452592832.00
2026/06/17,60.78,62.70,59.15,59.55,7132362,429640864.00
2026/06/18,60.53,61.25,58.90,61.15,5004544,302241472.00
2026/06/22,61.28,61.40,57.54,59.11,8457327,501255456.00
2026/06/23,59.56,62.13,57.80,58.69,7904317,471178688.00
2026/06/24,57.87,59.60,56.41,58.47,5504523,319908288.00
2026/06/25,59.22,59.22,56.10,58.81,6832908,392304096.00
2026/06/26,57.90,60.68,55.90,55.97,6883041,399710016.00
2026/06/29,55.70,57.03,52.40,54.32,5942906,323633280.00
2026/06/30,53.98,60.89,53.78,60.45,8063707,468780640.00
2026/07/01,60.90,62.84,58.43,58.73,7225431,439556512.00
2026/07/02,57.40,60.40,55.20,56.54,5936026,344067808.00
2026/07/03,56.33,56.33,54.04,54.06,4473717,246569952.00
2026/07/06,55.41,59.88,51.80,57.24,8526965,475097280.00
2026/07/07,56.20,59.28,55.42,56.66,5542583,317894816.00
2026/07/08,56.00,57.84,53.10,54.42,4577715,251921536.00
2026/07/09,54.10,58.86,54.10,58.47,6624084,375976256.00
2026/07/10,58.16,60.35,56.45,56.45,7458660,436477056.00
2026/07/13,55.06,56.73,49.31,49.53,7786281,409693152.00
2026/07/14,49.20,50.51,46.00,49.43,7126371,341515680.00
2026/07/15,49.73,52.42,48.70,49.33,5975585,302424224.00
2026/07/16,48.89,50.20,47.53,48.44,4885320,237394576.00
2026/07/17,47.49,48.15,41.20,41.58,7292910,323480032.00
2026/07/20,42.66,44.00,38.53,39.25,5074343,207934528.00
2026/07/21,39.51,41.97,35.30,41.48,6001166,233050304.00
2026/07/22,40.81,41.75,38.81,38.90,4573645,183907568.00
2026/07/23,39.49,39.49,36.67,37.31,5076339,192039952.00
2026/07/24,36.43,39.94,36.40,37.71,4555894,174670896.00
2026/07/27,37.41,38.76,36.51,37.25,4621616,173135200.00
2026/07/28,36.32,38.75,35.68,35.83,4570223,167860992.00
2026/07/29,36.00,37.50,34.81,36.20,4663323,167330752.00
2026/07/30,36.15,36.15,33.18,33.22,6816964,234546848.00
2026/07/31,35.00,36.76,34.60,35.29,6242202,223364224.00
2026/08/03,35.70,37.18,34.73,36.20,4793908,174675184.00
2026/08/04,36.55,38.96,35.97,38.32,5154964,194671104.00
2026/08/05,38.25,39.56,38.02,39.17,4369520,169764512.00
2026/08/06,38.89,40.87,38.31,40.10,4443948,176874176.00
2026/08/07,40.06,41.23,39.41,41.08,3123808,126817408.00
2026/08/10,42.00,42.68,40.53,41.65,3659324,151330784.00
2026/08/11,42.25,45.12,41.18,44.35,5705770,248822496.00
2026/08/12,44.24,46.32,44.01,45.70,4212969,192263040.00
2026/08/13,45.90,46.98,44.65,44.86,4599488,211980048.00
2026/08/14,45.08,46.50,44.54,46.42,2817189,128660184.00
2026/08/17,47.07,50.82,45.92,50.50,5833178,284529728.00
2026/08/18,50.00,50.79,48.68,49.40,4604613,227910352.00
2026/08/19,48.26,49.23,45.51,45.71,4334790,203288768.00
2026/08/20,46.61,47.50,45.01,46.35,3119677,145219536.00
2026/08/21,46.12,48.92,45.20,48.49,3557576,169272000.00
2026/08/24,49.40,51.34,47.68,49.40,5266431,261085360.00
2026/08/25,48.96,49.96,47.19,49.69,3305491,161091984.00
2026/08/26,49.63,52.52,49.28,52.34,8331254,428280288.00
2026/08/27,52.67,54.40,50.70,54.21,5942188,314089504.00
2026/08/28,54.00,56.40,53.40,54.70,6027654,334460064.00
2026/08/31,53.88,65.50,53.00,64.66,16216317,1005818240.00
2026/09/01,64.08,65.29,63.00,63.89,6935721,444060384.00
2026/09/02,63.34,65.28,61.00,61.78,6445235,403656128.00
2026/09/03,62.50,62.50,60.18,61.69,4513926,277284864.00
2026/09/04,62.25,62.61,59.60,60.51,4495323,275611904.00
2026/09/07,60.55,62.60,59.73,61.49,4769042,291535712.00
2026/09/08,61.49,61.90,59.60,60.36,3378848,204314064.00
2026/09/09,61.88,62.90,60.51,60.87,4418929,272071360.00
2026/09/10,60.58,61.84,59.58,59.70,2805291,169748096.00
2026/09/11,58.46,58.98,54.00,55.39,6666485,372967040.00
2026/09/14,55.67,58.57,54.10,58.10,3833266,218126976.00
#数据来源:通达信
