688295 中复神鹰 日线 前复权
      日期	    开盘	    最高	    最低	    收盘	    成交量	    成交额
2022/04/06,32.24,36.87,32.22,36.31,49899534,1758093824.00
2022/04/07,34.56,34.66,30.65,32.96,24171636,794494656.00
2022/04/08,32.26,33.80,31.26,31.76,10804834,350854560.00
2022/04/11,31.17,31.17,29.63,29.63,5550842,169187456.00
2022/04/12,30.17,31.64,29.25,31.05,6348997,195166272.00
2022/04/13,30.76,30.76,29.16,30.16,5247063,157674736.00
2022/04/14,30.01,31.30,29.07,30.81,5377996,163875104.00
2022/04/15,30.67,30.67,28.76,29.26,3525776,105315912.00
2022/04/18,29.16,31.10,28.82,30.29,4897051,149042864.00
2022/04/19,30.31,31.21,29.68,30.86,3175685,98151392.00
2022/04/20,30.60,31.14,30.14,30.86,4013471,124474208.00
2022/04/21,30.40,31.11,29.74,29.86,3122727,94905608.00
2022/04/22,29.46,30.32,29.26,29.88,1890588,56842536.00
2022/04/25,29.41,29.97,28.83,29.79,2939514,87035752.00
2022/04/26,29.54,29.76,26.71,26.90,5810553,161498800.00
2022/04/27,26.34,29.27,25.82,28.98,3363971,94955064.00
2022/04/28,30.76,31.44,29.78,29.78,4650723,143380672.00
2022/04/29,29.86,32.03,29.16,31.66,4069132,127024184.00
2022/05/05,31.22,32.95,30.90,31.69,2685118,86605960.00
2022/05/06,31.05,33.17,30.75,31.85,3317937,106179656.00
2022/05/09,31.72,32.45,31.12,32.03,1798381,57431580.00
2022/05/10,31.56,34.56,31.16,33.68,5935511,200793008.00
2022/05/11,33.38,35.56,32.26,32.92,5189947,177006624.00
2022/05/12,32.48,33.40,31.99,33.34,2436720,80369712.00
2022/05/13,33.56,33.87,32.34,32.51,1900256,62988676.00
2022/05/16,32.94,33.61,30.94,31.26,2701601,87051632.00
2022/05/17,30.85,33.61,30.85,33.56,3341571,109161088.00
2022/05/18,33.30,34.37,33.02,33.26,1946234,65843708.00
2022/05/19,32.54,34.42,32.29,34.12,2245717,75765488.00
2022/05/20,34.55,34.55,33.27,33.50,2469292,83914776.00
2022/05/23,33.35,33.60,32.82,33.13,1330437,44322756.00
2022/05/24,33.36,33.59,31.46,31.95,1868610,61132464.00
2022/05/25,31.90,32.66,31.46,32.48,1253145,40426324.00
2022/05/26,32.25,32.63,31.36,31.52,1745408,56178080.00
2022/05/27,31.71,32.07,31.27,31.29,1193962,37934840.00
2022/05/30,31.83,32.93,31.46,32.57,2010709,65439764.00
2022/05/31,32.56,35.36,32.07,34.28,4184704,142291328.00
2022/06/01,34.56,35.45,33.69,34.69,2713446,94304064.00
2022/06/02,34.86,36.56,33.99,35.91,4544509,162075360.00
2022/06/06,37.26,38.99,35.76,36.37,7797245,289970816.00
2022/06/07,36.29,37.04,35.47,36.21,3477772,126059608.00
2022/06/08,36.52,37.96,35.51,36.88,4473394,165696496.00
2022/06/09,36.58,37.01,34.96,35.30,2732996,98418520.00
2022/06/10,35.30,35.96,35.03,35.46,2710542,97089064.00
2022/06/13,34.81,37.34,34.81,36.50,4072892,149737888.00
2022/06/14,35.88,38.95,35.88,37.91,4822895,183006512.00
2022/06/15,38.00,38.64,36.67,37.14,3187607,120524416.00
2022/06/16,37.14,38.64,36.87,37.81,2566050,97634856.00
2022/06/17,37.39,39.73,36.92,38.36,3182220,123131936.00
2022/06/20,38.86,39.05,37.46,37.65,2748303,105617112.00
2022/06/21,37.70,37.70,35.77,36.26,3427846,126294616.00
2022/06/22,36.56,38.26,36.04,37.78,3184843,120159176.00
2022/06/23,37.78,39.25,37.34,38.96,3207953,124545832.00
2022/06/24,39.09,40.12,38.66,39.32,3185089,126150976.00
2022/06/27,39.55,39.77,37.85,37.86,4688251,181158704.00
2022/06/28,38.31,38.46,37.13,38.06,3473432,131397048.00
2022/06/29,37.78,38.44,35.46,36.17,5867641,215909520.00
2022/06/30,36.46,37.61,35.66,37.25,3250462,120541512.00
2022/07/01,36.80,37.53,36.19,36.75,2165734,80112672.00
2022/07/04,36.26,39.03,35.92,38.84,3130505,119084096.00
2022/07/05,38.48,40.26,37.56,38.47,4031886,156863088.00
2022/07/06,38.33,39.26,37.93,38.86,2154826,83627576.00
2022/07/07,38.47,39.44,38.06,39.31,1973997,77010336.00
2022/07/08,39.31,40.51,38.14,38.35,2480673,97419632.00
2022/07/11,38.26,38.48,36.76,37.46,2312766,86928064.00
2022/07/12,37.14,38.50,37.11,37.68,2730625,103955192.00
2022/07/13,37.45,38.01,36.35,36.97,2888047,107618416.00
2022/07/14,37.00,39.08,36.78,38.60,3342476,129023288.00
2022/07/15,38.44,41.29,38.28,39.86,3636905,146033952.00
2022/07/18,40.07,40.16,38.57,39.41,2924727,115683000.00
2022/07/19,39.16,45.64,39.07,44.35,8158356,349410944.00
2022/07/20,45.59,46.80,44.57,45.64,5763539,264054208.00
2022/07/21,45.21,47.15,44.76,44.77,3821301,175108576.00
2022/07/22,44.41,45.51,44.26,45.12,2640345,119222336.00
2022/07/25,44.57,45.35,42.96,43.16,2494271,109930416.00
2022/07/26,43.16,43.53,42.36,42.62,2762593,118995728.00
2022/07/27,42.70,43.19,41.95,42.51,3394055,145190016.00
2022/07/28,42.94,43.66,41.61,41.87,5459666,233282944.00
2022/07/29,41.65,42.19,40.96,41.49,3488354,145630320.00
2022/08/01,41.79,42.81,40.49,42.38,4779285,200133952.00
2022/08/02,41.66,42.29,40.46,41.91,4386019,183866816.00
2022/08/03,41.82,43.96,41.64,42.18,5961377,256066240.00
2022/08/04,42.35,42.35,39.27,40.26,6424134,262490800.00
2022/08/05,40.26,41.71,39.97,41.06,3890394,161022320.00
2022/08/08,41.31,42.64,41.16,41.21,3206890,134322544.00
2022/08/09,41.42,42.90,40.97,42.27,3626453,153748320.00
2022/08/10,42.26,43.06,41.77,42.50,3369946,143660624.00
2022/08/11,42.75,43.89,42.56,43.59,4164955,181345584.00
2022/08/12,43.59,43.69,40.26,40.52,6764764,281078944.00
2022/08/15,40.52,41.08,39.55,39.82,5044513,203760560.00
2022/08/16,39.86,42.35,39.86,41.86,5631714,234985056.00
2022/08/17,42.01,42.25,40.26,40.42,3961145,162404096.00
2022/08/18,40.60,44.20,38.00,43.74,9943773,411067776.00
2022/08/19,43.66,43.94,41.46,41.98,4368672,186318128.00
2022/08/22,41.68,44.99,40.64,44.56,6589763,285860736.00
2022/08/23,44.11,45.46,43.21,45.00,5978632,266337568.00
2022/08/24,44.52,44.73,41.46,42.92,4835760,208357600.00
2022/08/25,43.16,43.24,42.20,42.92,2159457,92855744.00
2022/08/26,42.99,45.04,42.79,43.17,3817548,168896480.00
2022/08/29,42.47,44.89,42.16,44.06,3790254,167270800.00
2022/08/30,43.87,45.24,43.37,44.28,2955304,131971472.00
2022/08/31,43.69,44.45,41.56,42.62,4490985,193326864.00
2022/09/01,42.76,43.25,41.09,41.21,2439267,102380504.00
2022/09/02,41.28,42.76,40.79,42.22,1776404,75042608.00
2022/09/05,42.22,42.60,41.07,41.63,1396526,58641256.00
2022/09/06,41.65,43.19,41.51,43.06,2227843,95396120.00
2022/09/07,42.96,44.13,42.67,43.86,2990215,131303704.00
2022/09/08,44.08,45.00,43.06,44.16,2537066,112649720.00
2022/09/09,43.87,44.33,43.11,44.08,1296709,57012896.00
2022/09/13,44.25,44.54,43.31,43.95,1324036,58269640.00
2022/09/14,43.27,45.05,42.96,44.69,3223432,144409408.00
2022/09/15,44.88,45.56,41.62,42.69,3548073,152894176.00
2022/09/16,42.68,44.32,42.30,43.15,2329402,102011768.00
2022/09/19,43.46,44.26,41.56,41.95,2147273,91491136.00
2022/09/20,42.00,43.61,41.32,42.47,1491700,63901296.00
2022/09/21,42.32,43.12,41.79,42.64,1312224,56033576.00
2022/09/22,42.76,45.28,42.36,44.39,3910997,174417584.00
2022/09/23,44.31,44.65,41.47,41.99,4917761,210296320.00
2022/09/26,41.77,43.09,40.20,40.73,3185975,133952256.00
2022/09/27,40.36,41.92,39.95,40.78,3483534,142356848.00
2022/09/28,40.85,40.85,37.86,38.81,4200332,164638784.00
2022/09/29,38.84,40.06,38.58,39.15,1729245,68555960.00
2022/09/30,39.39,39.64,37.56,37.56,1826080,70652608.00
2022/10/10,38.04,38.04,34.26,35.01,6134066,221265712.00
2022/10/11,35.18,35.92,34.66,35.33,2182295,77643840.00
2022/10/12,35.61,37.13,34.44,36.93,2497700,89851192.00
2022/10/13,36.93,38.67,36.17,36.57,2847976,106930224.00
2022/10/14,36.96,39.06,36.48,38.65,3563910,136687520.00
2022/10/17,40.60,44.64,40.60,44.45,8925395,389498752.00
2022/10/18,44.51,46.26,43.78,45.14,5911970,269124960.00
2022/10/19,45.14,46.16,44.06,44.14,3283340,147944576.00
2022/10/20,44.14,45.14,42.66,44.55,5141585,227788976.00
2022/10/21,44.77,47.51,44.76,46.70,5316200,247155568.00
2022/10/24,46.75,49.94,46.56,49.13,6044517,295054208.00
2022/10/25,48.21,50.21,47.94,49.13,3306100,163815344.00
2022/10/26,49.38,50.11,48.26,49.38,3177393,156829168.00
2022/10/27,49.00,50.54,48.72,48.87,2889157,143254304.00
2022/10/28,48.59,51.07,47.92,49.02,3856411,192106128.00
2022/10/31,48.96,51.62,48.09,50.16,4020136,202539744.00
2022/11/01,50.06,50.36,48.62,48.79,3294106,163051120.00
2022/11/02,48.95,50.51,48.23,50.11,2990233,149055968.00
2022/11/03,49.77,52.48,49.27,51.19,2815584,144960704.00
2022/11/04,51.56,51.56,48.56,49.18,4338437,214758928.00
2022/11/07,49.65,49.71,48.13,48.76,3468784,169821504.00
2022/11/08,48.50,49.11,46.93,47.26,3973091,190056768.00
2022/11/09,47.42,48.51,46.86,47.19,2488916,119018176.00
2022/11/10,47.53,47.53,45.79,46.21,2820040,132035696.00
2022/11/11,46.99,48.26,46.20,47.27,4121771,196057488.00
2022/11/14,47.31,48.02,45.81,46.61,2966734,138939584.00
2022/11/15,46.46,48.58,46.06,47.97,3416148,164354640.00
2022/11/16,48.36,49.61,47.52,49.05,4019585,197501888.00
2022/11/17,48.77,49.41,47.71,49.06,2126413,103743136.00
2022/11/18,49.06,49.97,48.35,48.92,1851538,91785856.00
2022/11/21,48.81,51.02,48.13,50.90,2436438,123044448.00
2022/11/22,50.91,52.14,50.38,50.43,2087268,107438672.00
2022/11/23,50.76,51.01,48.66,49.30,3619782,179490048.00
2022/11/24,49.93,51.02,49.26,50.31,2544762,128742824.00
2022/11/25,50.33,50.36,48.76,49.31,2422258,120113336.00
2022/11/28,48.76,50.15,47.58,48.94,3934753,192472096.00
2022/11/29,49.41,49.41,47.37,47.37,2688021,129110432.00
2022/11/30,47.03,47.85,46.47,47.06,2052474,96871120.00
2022/12/01,47.39,49.11,47.34,48.20,1983883,96672320.00
2022/12/02,48.48,49.06,47.21,47.56,1388132,66742544.00
2022/12/05,48.48,48.48,46.28,47.14,2088927,98408552.00
2022/12/06,46.78,47.41,46.51,47.14,1877037,88703432.00
2022/12/07,47.39,47.39,45.56,45.84,2764075,128224544.00
2022/12/08,45.94,46.06,44.18,44.26,3437502,154952816.00
2022/12/09,44.57,45.08,43.49,43.49,4362676,194226272.00
2022/12/12,44.09,46.56,43.74,45.97,3518632,161248448.00
2022/12/13,45.66,46.26,44.46,44.78,1797714,81479888.00
2022/12/14,44.78,45.61,43.81,43.99,1892968,84500072.00
2022/12/15,43.75,44.18,43.12,43.97,1811374,79437344.00
2022/12/16,43.77,43.96,41.47,41.65,2309329,98092048.00
2022/12/19,41.67,42.14,41.15,41.81,1847530,77172544.00
2022/12/20,41.49,42.08,41.18,41.44,1252418,52348672.00
2022/12/21,41.49,41.56,40.41,40.84,1400257,57698392.00
2022/12/22,41.42,41.49,39.77,40.00,1577511,63871208.00
2022/12/23,39.77,41.16,39.66,40.36,1955650,79554176.00
2022/12/26,40.36,42.54,40.02,42.11,2352910,99008648.00
2022/12/27,41.76,43.91,41.63,43.62,2421709,104617432.00
2022/12/28,43.50,43.50,42.27,42.37,1260827,54059816.00
2022/12/29,42.46,42.80,41.91,42.46,1192763,50904336.00
2022/12/30,42.71,43.35,42.39,42.93,1221639,52572276.00
2023/01/03,43.34,46.60,42.56,45.93,3089821,139187776.00
2023/01/04,46.56,46.56,45.51,45.68,1546813,71351992.00
2023/01/05,45.70,46.29,45.27,45.72,1527831,70128432.00
2023/01/06,45.74,46.64,45.34,46.54,1859534,86542064.00
2023/01/09,45.76,47.06,45.72,46.29,1745404,81312848.00
2023/01/10,46.24,47.68,45.16,45.26,3696979,171431728.00
2023/01/11,45.26,45.87,43.76,43.85,3450081,154346864.00
2023/01/12,43.71,45.24,43.67,44.50,2162778,97344800.00
2023/01/13,44.78,45.35,44.33,44.56,1344180,60468308.00
2023/01/16,44.34,45.85,44.34,45.29,1478063,67186240.00
2023/01/17,45.51,45.84,44.82,44.99,1300686,59058848.00
2023/01/18,44.94,45.13,44.42,44.76,1071339,48101736.00
2023/01/19,44.72,46.34,44.33,45.70,1790003,82027248.00
2023/01/20,45.85,46.56,44.78,45.10,1618490,73536760.00
2023/01/30,45.98,46.03,45.32,45.45,1762970,80688416.00
2023/01/31,45.26,45.53,44.26,45.06,2232806,100293320.00
2023/02/01,45.25,47.20,44.83,45.79,2640545,121447320.00
2023/02/02,46.11,46.64,45.54,45.86,1901991,87989624.00
2023/02/03,46.04,46.04,44.37,44.94,1902457,85985752.00
2023/02/06,44.94,45.41,44.76,45.08,1152824,52173064.00
2023/02/07,44.99,45.08,43.76,44.04,1941380,86116736.00
2023/02/08,43.86,44.52,43.86,43.95,1206085,53693716.00
2023/02/09,43.96,45.49,43.78,45.31,1801427,81457888.00
2023/02/10,45.31,45.94,44.94,45.70,1605584,73564960.00
2023/02/13,45.48,47.15,45.22,47.01,2396903,111978960.00
2023/02/14,46.82,47.01,46.21,46.56,1151172,53819704.00
2023/02/15,46.84,46.86,45.49,45.74,1310645,60337976.00
2023/02/16,45.67,46.31,45.36,45.64,1626904,74827184.00
2023/02/17,45.58,46.14,44.29,44.35,1527109,69281704.00
2023/02/20,44.29,45.13,43.88,44.68,1211323,54211700.00
2023/02/21,44.55,45.55,43.61,44.26,1912127,85176096.00
2023/02/22,43.88,44.42,43.40,43.58,1106593,48660632.00
2023/02/23,43.58,43.95,43.10,43.41,1517975,66290984.00
2023/02/24,43.57,44.23,43.27,43.43,1042974,45767556.00
2023/02/27,43.36,43.63,42.96,42.96,1203786,52186264.00
2023/02/28,42.96,43.62,42.64,43.51,1010210,43779188.00
2023/03/01,43.51,43.69,43.26,43.68,1282180,56090928.00
2023/03/02,43.71,43.71,42.79,42.91,2170883,94294504.00
2023/03/03,42.83,43.25,42.67,43.08,712218,30783148.00
2023/03/06,43.39,44.22,42.80,43.06,1413749,61915332.00
2023/03/07,43.06,43.34,41.58,41.59,2049726,86859816.00
2023/03/08,41.75,41.99,41.21,41.58,856702,35798156.00
2023/03/09,41.47,42.44,41.47,41.98,712874,30151330.00
2023/03/10,41.89,41.89,40.41,41.27,1356622,55955192.00
2023/03/13,41.12,42.35,40.66,41.76,1273498,52997232.00
2023/03/14,41.62,42.29,41.32,42.20,1302316,54887256.00
2023/03/15,42.18,42.54,41.83,41.87,891475,37745772.00
2023/03/16,41.87,41.87,40.64,40.88,1021340,42228816.00
2023/03/17,40.99,41.29,40.63,40.78,1064858,43757676.00
2023/03/20,40.67,41.21,39.81,40.85,1546251,63180976.00
2023/03/21,40.72,41.14,40.11,40.56,1422580,57928296.00
2023/03/22,40.44,41.63,40.22,41.17,1722689,70901976.00
2023/03/23,41.03,41.12,40.17,40.76,2314263,94312160.00
2023/03/24,40.56,41.01,40.24,40.39,1840409,74999136.00
2023/03/27,40.53,40.87,39.89,40.30,1634318,66342424.00
2023/03/28,40.30,40.76,39.11,39.35,2284599,91141416.00
2023/03/29,39.33,39.40,38.59,38.66,1328859,51963260.00
2023/03/30,38.76,38.85,37.92,38.54,2228955,85898904.00
2023/03/31,38.54,38.95,38.26,38.42,2531058,98287144.00
2023/04/03,38.56,38.57,37.79,38.45,2336357,89699112.00
2023/04/04,38.46,38.66,37.68,37.92,2323797,89068368.00
2023/04/06,38.17,39.98,37.65,39.31,4881814,192026320.00
2023/04/07,39.34,42.10,39.34,42.06,5786470,238357264.00
2023/04/10,42.09,42.14,40.52,40.75,2842154,117400408.00
2023/04/11,40.88,41.22,40.34,40.92,1972719,80919640.00
2023/04/12,40.92,41.10,39.80,39.98,2288330,92138104.00
2023/04/13,39.78,40.44,39.31,39.68,1919537,76843168.00
2023/04/14,39.71,40.85,39.68,40.68,1775613,72093968.00
2023/04/17,40.66,41.51,40.31,40.57,1183998,48518936.00
2023/04/18,41.06,42.01,40.56,41.73,2880577,120304776.00
2023/04/19,41.21,41.95,41.14,41.53,1875475,78146928.00
2023/04/20,41.76,41.76,40.07,40.16,1960603,79813856.00
2023/04/21,40.16,41.06,39.91,40.06,1888385,76653960.00
2023/04/24,39.79,40.22,38.70,39.60,1676625,66532692.00
2023/04/25,39.23,39.78,37.94,38.86,1972748,76752624.00
2023/04/26,37.73,38.92,37.36,38.61,1513788,58302992.00
2023/04/27,38.84,39.22,37.77,38.36,1554898,59887728.00
2023/04/28,38.75,39.34,38.13,38.42,1368750,53105604.00
2023/05/04,38.08,38.74,37.86,38.26,1075718,41496716.00
2023/05/05,38.46,38.46,36.86,37.14,1764321,66602120.00
2023/05/08,37.12,37.31,35.90,36.05,2816542,103193120.00
2023/05/09,36.43,36.73,35.61,35.69,1335798,48537356.00
2023/05/10,35.21,35.94,34.96,35.45,2092303,74416576.00
2023/05/11,35.45,35.92,35.06,35.26,1399336,50088520.00
2023/05/12,35.30,35.64,34.67,34.98,1478904,52212504.00
2023/05/15,35.36,36.36,34.98,36.13,2228377,80425848.00
2023/05/16,36.41,36.45,35.66,35.92,1053296,38073036.00
2023/05/17,36.14,36.63,35.62,36.60,1149340,41993640.00
2023/05/18,36.36,36.75,36.26,36.50,624052,22917076.00
2023/05/19,36.37,37.03,36.11,36.76,861546,31819516.00
2023/05/22,36.99,36.99,35.69,36.02,1468563,53302744.00
2023/05/23,36.28,36.80,36.02,36.21,1217756,44603936.00
2023/05/24,36.32,37.28,35.89,36.75,1309853,48309084.00
2023/05/25,36.78,37.02,36.28,36.80,1262910,46523680.00
2023/05/26,37.07,37.61,36.56,37.51,1121639,41987472.00
2023/05/29,37.85,39.25,36.96,37.11,3229849,123159272.00
2023/05/30,37.11,37.57,36.02,37.06,1764040,65033304.00
2023/05/31,37.06,38.26,36.86,36.97,1335483,50149708.00
2023/06/01,37.23,37.46,36.40,36.97,1090804,40339528.00
2023/06/02,37.10,38.36,37.08,37.96,1434253,54405716.00
2023/06/05,37.96,38.63,36.52,36.70,2045254,76099200.00
2023/06/06,36.43,36.68,35.01,35.11,2474218,88053752.00
2023/06/07,35.11,35.29,34.16,34.31,2441021,84784448.00
2023/06/08,34.07,34.79,33.98,34.64,1830900,63403728.00
2023/06/09,34.64,35.73,33.98,35.73,2850443,98875680.00
2023/06/12,35.33,35.35,34.12,34.14,2471845,85881936.00
2023/06/13,34.41,34.44,33.86,34.22,1395301,47925120.00
2023/06/14,34.22,34.47,33.85,34.35,1311871,45050544.00
2023/06/15,34.12,34.82,33.92,34.82,1792900,61950280.00
2023/06/16,34.76,35.30,34.72,35.05,1483464,52088848.00
2023/06/19,35.25,35.66,34.65,34.86,1314442,46309700.00
2023/06/20,34.89,35.14,34.18,34.81,1160297,40471168.00
2023/06/21,34.96,34.96,34.09,34.14,1321043,45558388.00
2023/06/26,34.12,34.95,33.68,34.50,1499904,51832096.00
2023/06/27,34.85,35.05,34.28,34.56,1427954,49616520.00
2023/06/28,34.60,35.31,34.30,34.79,1281388,44796804.00
2023/06/29,34.86,35.44,34.52,35.11,1261983,44444276.00
2023/06/30,35.07,37.64,34.87,36.54,4170897,153177488.00
2023/07/03,36.85,37.43,36.52,36.77,2875470,106494096.00
2023/07/04,36.75,37.11,36.12,36.34,1923434,70403680.00
2023/07/05,36.16,36.58,35.82,35.96,1326896,48072464.00
2023/07/06,36.07,36.55,35.47,35.82,1680192,60603944.00
2023/07/07,35.80,36.46,35.48,36.18,1922173,69481632.00
2023/07/10,36.14,36.72,35.94,36.21,1542892,56188808.00
2023/07/11,36.54,37.06,35.97,36.86,2083129,76570656.00
2023/07/12,36.86,36.86,34.78,34.92,3163909,112877040.00
2023/07/13,35.29,35.29,34.33,34.58,2061562,71470176.00
2023/07/14,34.56,34.57,34.23,34.38,1337704,46182180.00
2023/07/17,34.38,34.59,33.89,34.07,1212813,41484860.00
2023/07/18,34.25,34.39,34.03,34.05,920079,31625700.00
2023/07/19,34.31,34.31,33.76,34.01,952195,32413284.00
2023/07/20,34.15,34.44,33.97,34.20,980027,33649772.00
2023/07/21,34.19,35.14,34.00,34.67,1395474,48499592.00
2023/07/24,34.68,34.99,34.37,34.63,920658,31991816.00
2023/07/25,34.95,35.14,34.40,34.63,1856134,64713152.00
2023/07/26,34.71,35.65,34.63,35.30,2239172,79084696.00
2023/07/27,35.56,35.56,34.78,34.91,1212456,42654188.00
2023/07/28,34.93,35.10,33.87,35.06,925701,32302980.00
2023/07/31,35.05,35.29,34.11,34.16,2190799,76203864.00
2023/08/01,34.31,35.12,34.19,34.60,1272249,44322520.00
2023/08/02,34.85,34.85,34.33,34.42,961577,33353084.00
2023/08/03,34.56,34.56,33.97,34.47,1077460,37045464.00
2023/08/04,34.47,34.88,34.29,34.77,1011716,35156624.00
2023/08/07,34.66,35.01,34.44,34.94,866215,30254420.00
2023/08/08,35.02,35.28,34.68,34.92,729994,25578650.00
2023/08/09,34.86,34.95,34.67,34.78,436918,15260341.00
2023/08/10,34.89,35.12,34.68,34.97,543670,19064584.00
2023/08/11,34.97,35.24,34.66,34.71,877603,30804688.00
2023/08/14,34.71,34.85,34.02,34.44,806029,27744044.00
2023/08/15,34.44,34.71,34.22,34.51,731058,25303400.00
2023/08/16,34.45,34.63,33.69,33.86,974931,33310972.00
2023/08/17,33.72,34.46,33.52,34.31,823832,28216364.00
2023/08/18,34.51,35.23,34.30,34.61,1751451,61357428.00
2023/08/21,34.33,34.35,32.66,32.90,2383341,79137944.00
2023/08/22,32.87,33.12,31.33,32.06,2692653,86159808.00
2023/08/23,31.89,32.14,31.41,31.54,1008766,32130692.00
2023/08/24,31.46,31.81,30.85,31.10,1173013,36779812.00
2023/08/25,31.45,31.45,30.16,30.36,1289315,39506500.00
2023/08/28,32.07,32.22,29.80,29.86,2718861,84511056.00
2023/08/29,29.48,31.52,29.48,31.29,2383283,73918944.00
2023/08/30,31.66,31.86,31.13,31.41,1447387,45822148.00
2023/08/31,31.16,31.29,30.74,30.99,957828,29828968.00
2023/09/01,31.15,31.29,30.82,31.14,614353,19170102.00
2023/09/04,31.08,31.09,30.41,30.63,1704028,52470364.00
2023/09/05,30.49,30.91,30.37,30.62,1037927,31913716.00
2023/09/06,30.61,31.11,30.18,31.01,931659,28780276.00
2023/09/07,31.09,31.15,30.14,30.22,1020629,31343044.00
2023/09/08,30.11,30.41,29.89,30.29,672921,20432434.00
2023/09/11,30.26,30.94,30.10,30.65,1335010,40940920.00
2023/09/12,30.72,31.00,30.50,30.75,580299,17952592.00
2023/09/13,30.96,31.03,30.32,30.52,781278,24029898.00
2023/09/14,30.61,30.70,30.14,30.21,559216,17028578.00
2023/09/15,30.29,30.57,30.06,30.32,639561,19476668.00
2023/09/18,30.37,30.50,29.95,30.41,686842,20912556.00
2023/09/19,30.29,30.64,29.77,29.93,798366,24143666.00
2023/09/20,29.86,30.15,29.72,29.74,525608,15763315.00
2023/09/21,29.56,30.10,29.56,29.91,603117,18102430.00
2023/09/22,29.91,30.58,29.66,30.50,641070,19436788.00
2023/09/25,30.32,30.68,30.23,30.36,580668,17742596.00
2023/09/26,30.59,30.59,29.69,29.72,772814,23273908.00
2023/09/27,29.62,30.20,29.56,29.86,716838,21525676.00
2023/09/28,29.73,30.19,29.73,30.02,539131,16227516.00
2023/10/09,29.92,29.94,29.47,29.56,576734,17182976.00
2023/10/10,29.56,30.00,29.31,29.31,1038054,30937794.00
2023/10/11,29.32,29.67,29.16,29.22,1072959,31635780.00
2023/10/12,29.49,29.64,29.28,29.55,872950,25878580.00
2023/10/13,29.36,29.37,28.46,28.85,1249850,36140128.00
2023/10/16,28.99,28.99,28.19,28.19,974944,27751912.00
2023/10/17,28.20,28.32,27.67,28.07,733988,20654704.00
2023/10/18,28.29,28.33,27.76,28.11,526598,14869681.00
2023/10/19,28.11,28.24,27.78,27.94,619041,17410404.00
2023/10/20,27.74,28.33,27.74,28.20,802635,22637856.00
2023/10/23,28.23,28.26,27.11,27.25,998448,27779892.00
2023/10/24,27.84,28.16,27.26,27.97,1085097,30345232.00
2023/10/25,28.04,28.51,28.02,28.35,602074,17133816.00
2023/10/26,28.32,28.32,27.27,27.71,906238,25183030.00
2023/10/27,27.36,27.80,25.77,27.25,2155763,57860700.00
2023/10/30,26.87,28.19,26.61,28.01,1819794,50298244.00
2023/10/31,28.12,28.12,27.41,27.60,934139,25984336.00
2023/11/01,27.70,28.21,27.62,28.06,1076958,30228934.00
2023/11/02,27.99,28.11,27.36,27.36,809026,22478070.00
2023/11/03,27.47,27.83,27.11,27.22,1464723,40418144.00
2023/11/06,27.36,28.40,27.36,28.26,2109702,59435096.00
2023/11/07,28.26,28.27,27.61,27.93,1498143,41902008.00
2023/11/08,27.78,28.02,27.51,27.70,1514521,42182516.00
2023/11/09,27.70,27.94,27.37,27.43,1295588,35892344.00
2023/11/10,27.26,27.65,26.96,27.26,853887,23306968.00
2023/11/13,27.21,28.73,27.17,28.45,2884610,80946904.00
2023/11/14,28.45,29.08,28.08,28.55,3015281,86465984.00
2023/11/15,28.95,29.71,28.61,29.65,3559083,104468248.00
2023/11/16,29.49,29.49,28.93,29.04,1422548,41684944.00
2023/11/17,29.15,29.44,28.94,29.33,941253,27631708.00
2023/11/20,29.30,29.75,28.90,29.73,1627156,48075984.00
2023/11/21,29.71,31.69,29.66,30.32,3817137,117505040.00
2023/11/22,30.30,30.97,28.95,29.01,3403440,101734088.00
2023/11/23,29.17,29.46,28.45,29.42,1695022,49345928.00
2023/11/24,29.31,29.45,28.66,28.85,1213048,35168968.00
2023/11/27,28.83,29.57,28.73,29.52,1975691,57879300.00
2023/11/28,29.36,30.28,29.27,29.81,1695285,50745044.00
2023/11/29,29.74,30.35,29.60,30.34,1823237,54963740.00
2023/11/30,30.30,30.45,29.89,30.44,1461479,44274636.00
2023/12/01,30.44,30.86,30.00,30.63,1285859,39355896.00
2023/12/04,30.60,31.29,30.43,31.10,1421791,44155428.00
2023/12/05,31.11,31.35,29.86,29.86,2268929,69312072.00
2023/12/06,29.86,30.54,29.79,30.34,1607514,48925372.00
2023/12/07,30.64,30.64,29.74,30.16,1377288,41655592.00
2023/12/08,30.21,31.14,30.01,30.05,2545614,78293512.00
2023/12/11,30.11,31.06,29.88,30.87,1963996,60432112.00
2023/12/12,30.66,31.15,30.36,30.96,1270244,39306224.00
2023/12/13,30.90,30.96,30.04,30.21,1383227,42211772.00
2023/12/14,30.20,30.42,29.42,29.61,1111259,33229092.00
2023/12/15,29.58,29.86,29.24,29.36,718685,21306664.00
2023/12/18,29.31,29.86,29.02,29.52,964262,28644736.00
2023/12/19,29.52,29.85,28.67,29.70,1041529,30661220.00
2023/12/20,29.76,30.64,29.55,29.97,1279943,38917808.00
2023/12/21,29.75,30.01,29.14,29.69,912388,27156836.00
2023/12/22,29.57,30.74,29.47,30.49,1481284,45186672.00
2023/12/25,30.51,30.61,29.69,29.78,1063636,32101172.00
2023/12/26,29.76,30.52,29.64,29.91,1055277,31947108.00
2023/12/27,29.86,30.09,29.16,29.22,1482835,43941968.00
2023/12/28,29.16,30.46,29.02,30.20,1875686,56491084.00
2023/12/29,30.00,30.45,29.89,30.17,1336012,40448608.00
2024/01/02,30.17,30.93,30.02,30.46,1409852,43241496.00
2024/01/03,30.56,30.58,30.16,30.37,1038845,31691584.00
2024/01/04,30.96,30.96,30.32,30.51,1083226,33224860.00
2024/01/05,30.36,30.39,29.57,30.06,1236398,37169068.00
2024/01/08,29.74,29.86,29.03,29.11,1064107,31404964.00
2024/01/09,29.01,29.10,27.86,28.11,1597992,45467856.00
2024/01/10,27.76,28.48,27.47,27.86,803781,22625954.00
2024/01/11,27.68,28.72,27.68,28.50,725899,20671394.00
2024/01/12,28.50,28.97,28.28,28.54,717606,20662576.00
2024/01/15,28.16,28.74,27.92,28.04,854985,24309108.00
2024/01/16,28.01,28.41,27.88,28.16,588873,16613550.00
2024/01/17,28.04,28.09,26.86,26.86,1223648,33685356.00
2024/01/18,26.58,26.95,25.98,26.77,1152162,30749956.00
2024/01/19,26.74,27.27,26.20,26.20,874530,23545536.00
2024/01/22,26.20,26.82,24.89,25.24,1314811,34134228.00
2024/01/23,25.22,25.49,24.56,25.38,1048883,26471528.00
2024/01/24,25.36,25.75,24.76,25.64,1166311,29606110.00
2024/01/25,25.64,27.01,25.07,27.01,1583262,41743128.00
2024/01/26,26.89,27.29,26.26,26.38,1173046,31476896.00
2024/01/29,27.18,27.84,26.42,26.51,1997441,54552500.00
2024/01/30,26.40,26.40,24.85,25.15,1547522,39703984.00
2024/01/31,24.94,25.26,23.42,23.73,1825544,44386180.00
2024/02/01,23.58,24.02,23.04,23.51,1457614,34578680.00
2024/02/02,23.54,24.22,22.22,22.91,1519371,35583160.00
2024/02/05,22.98,24.00,20.87,23.38,2036782,45990840.00
2024/02/06,23.81,25.74,22.06,25.36,2509018,62136792.00
2024/02/07,25.55,27.52,25.36,27.44,3472945,94457288.00
2024/02/08,27.44,29.36,27.39,27.49,3045823,87249680.00
2024/02/19,28.33,28.33,26.58,26.85,2027343,54739244.00
2024/02/20,26.68,26.68,26.17,26.59,1191085,31656704.00
2024/02/21,26.20,27.45,26.20,26.68,1804581,48916276.00
2024/02/22,26.76,26.76,26.16,26.51,1705188,45340348.00
2024/02/23,26.61,26.61,25.94,26.37,1694741,44599256.00
2024/02/26,26.36,26.53,25.60,26.15,2027528,53085892.00
2024/02/27,26.15,26.96,25.90,26.96,2017180,53693400.00
2024/02/28,26.96,27.74,25.97,26.08,2446087,66198132.00
2024/02/29,25.72,26.75,25.66,26.69,2479328,65536416.00
2024/03/01,27.35,27.39,26.26,26.42,2336791,62600492.00
2024/03/04,26.42,26.42,25.87,26.12,1938136,50886088.00
2024/03/05,26.06,26.09,25.45,25.46,2159777,55734100.00
2024/03/06,25.64,26.12,25.41,25.76,1464414,37870680.00
2024/03/07,25.74,26.34,24.90,25.00,1720907,44341928.00
2024/03/08,25.06,25.22,24.71,25.00,1803436,45207264.00
2024/03/11,25.28,25.81,24.88,25.73,1610607,41117096.00
2024/03/12,25.82,27.06,25.44,26.64,3116694,82469976.00
2024/03/13,26.85,28.82,25.86,27.64,5423305,149499088.00
2024/03/14,27.13,27.51,26.40,26.76,2691306,72910960.00
2024/03/15,26.38,27.12,26.38,27.05,1527343,41179532.00
2024/03/18,27.54,28.03,27.06,27.90,3019322,83862592.00
2024/03/19,27.76,28.29,27.42,27.62,2973652,83051536.00
2024/03/20,27.65,27.79,27.31,27.45,1374619,37935368.00
2024/03/21,27.44,27.70,26.80,27.47,2281898,62555240.00
2024/03/22,27.48,29.14,27.47,28.45,5704036,163933120.00
2024/03/25,28.16,30.85,28.06,29.96,7051319,208682864.00
2024/03/26,29.61,29.66,28.76,29.26,3691378,108106896.00
2024/03/27,29.00,29.04,27.51,27.53,2848166,80364864.00
2024/03/28,27.92,30.50,27.86,30.01,5493858,162101520.00
2024/03/29,29.64,31.13,29.64,30.59,4596397,140824160.00
2024/04/01,31.05,31.12,29.91,30.24,3255833,99451488.00
2024/04/02,30.52,30.52,29.37,29.70,3268508,98170824.00
2024/04/03,29.44,29.75,28.88,28.88,2583099,75633992.00
2024/04/08,28.48,29.01,27.63,27.69,2483708,70549824.00
2024/04/09,27.81,28.23,27.71,28.22,1472826,41483584.00
2024/04/10,27.92,28.25,27.31,27.99,2092488,58272472.00
2024/04/11,27.62,27.99,26.98,27.02,2123654,58392648.00
2024/04/12,27.13,27.16,25.42,25.48,2797513,73689984.00
2024/04/15,25.71,26.40,24.78,25.47,2484456,63883000.00
2024/04/16,25.54,25.54,24.36,24.38,2406452,59945080.00
2024/04/17,24.56,25.37,24.56,25.37,2015764,50831400.00
2024/04/18,25.44,26.46,25.06,26.06,2652715,69023856.00
2024/04/19,25.86,26.70,25.52,26.66,2711087,71695200.00
2024/04/22,26.95,26.95,25.81,26.13,2091734,55101516.00
2024/04/23,26.11,26.40,25.51,25.56,1716959,44637704.00
2024/04/24,25.56,26.55,25.49,26.55,1889859,49794560.00
2024/04/25,27.00,27.41,26.35,26.62,2325272,62768352.00
2024/04/26,26.75,27.21,26.32,27.12,2208163,59675208.00
2024/04/29,26.61,27.45,26.61,27.39,2894794,78827568.00
2024/04/30,27.34,27.39,26.39,26.53,2575872,69354816.00
2024/05/06,26.68,27.35,26.68,27.26,1790379,48886112.00
2024/05/07,27.16,28.09,27.14,27.96,2243794,62600648.00
2024/05/08,28.01,28.01,27.29,27.41,1535251,42482596.00
2024/05/09,27.14,28.10,27.14,27.74,1526017,42612968.00
2024/05/10,27.46,27.88,27.22,27.26,1361093,37520448.00
2024/05/13,27.00,27.18,26.11,26.28,1832736,48821104.00
2024/05/14,26.70,26.70,26.16,26.51,1134413,30141996.00
2024/05/15,26.16,26.78,26.16,26.45,751173,20014194.00
2024/05/16,26.58,26.92,26.06,26.12,1069432,28436668.00
2024/05/17,26.30,27.46,26.14,27.46,2639066,71613848.00
2024/05/20,27.43,28.26,27.34,27.83,2507208,69910344.00
2024/05/21,27.56,27.62,26.59,26.65,1798915,48583888.00
2024/05/22,26.74,26.85,26.26,26.74,1138586,30439086.00
2024/05/23,26.57,26.87,26.32,26.49,1221342,32511904.00
2024/05/24,26.46,26.52,25.49,25.55,1474529,38190400.00
2024/05/27,25.85,25.95,25.35,25.81,879878,22583552.00
2024/05/28,25.97,25.97,25.45,25.50,949675,24379384.00
2024/05/29,25.50,25.75,25.32,25.57,662122,16964040.00
2024/05/30,25.56,26.03,25.24,25.77,831867,21503072.00
2024/05/31,26.00,26.45,25.86,26.14,941004,24656620.00
2024/06/03,25.97,26.27,23.67,23.90,4739249,115424696.00
2024/06/04,23.66,24.22,23.50,24.08,2115535,50630264.00
2024/06/05,24.04,24.33,23.79,23.79,1472111,35423208.00
2024/06/06,23.84,24.07,22.57,22.79,2840828,65533256.00
2024/06/07,22.87,23.09,22.44,23.09,1710263,38960152.00
2024/06/11,22.86,23.07,22.28,22.91,1942435,44253808.00
2024/06/12,22.98,22.98,22.48,22.67,2154917,48836224.00
2024/06/13,22.84,23.07,22.33,22.75,2421780,54956320.00
2024/06/14,22.71,22.87,22.27,22.84,2831779,63801504.00
2024/06/17,22.47,22.72,22.35,22.38,2336843,52609728.00
2024/06/18,22.56,22.63,21.88,21.98,3381601,75010696.00
2024/06/19,21.98,22.06,21.62,21.74,2438983,53202940.00
2024/06/20,21.77,22.02,21.41,21.41,2458609,53581864.00
2024/06/21,21.39,21.65,21.08,21.42,1611975,34449004.00
2024/06/24,21.41,21.42,20.55,20.63,2044371,42942168.00
2024/06/25,20.49,20.75,20.28,20.43,1444201,29657918.00
2024/06/26,20.37,21.13,20.17,21.11,1671151,34675488.00
2024/06/27,20.94,21.01,20.35,20.39,1384073,28542534.00
2024/06/28,20.39,20.83,20.27,20.27,1484879,30560996.00
2024/07/01,20.17,20.85,20.13,20.66,1291023,26527254.00
2024/07/02,20.67,20.90,20.33,20.65,1168991,24132092.00
2024/07/03,20.50,20.73,20.28,20.29,1063905,21766368.00
2024/07/04,20.49,20.61,19.54,19.60,1987578,39524912.00
2024/07/05,19.40,20.07,19.28,19.98,1024197,20229366.00
2024/07/08,20.25,20.55,19.34,19.47,1034929,20396878.00
2024/07/09,19.19,19.74,19.13,19.67,1167703,22779160.00
2024/07/10,19.58,19.92,19.47,19.57,860195,16969050.00
2024/07/11,19.96,20.71,19.94,20.06,2484201,50501068.00
2024/07/12,20.19,20.19,19.83,19.87,865947,17329144.00
2024/07/15,20.03,20.03,19.43,19.47,1157499,22775842.00
2024/07/16,19.39,19.52,19.02,19.17,1386985,26644642.00
2024/07/17,19.17,19.34,19.04,19.26,887787,17102434.00
2024/07/18,19.23,19.41,19.02,19.27,1032171,19866208.00
2024/07/19,19.17,19.78,19.05,19.54,1893702,36849136.00
2024/07/22,19.47,19.65,18.64,18.64,3807148,72511616.00
2024/07/23,18.65,18.76,18.02,18.02,2622910,48071696.00
2024/07/24,18.02,18.07,17.36,17.36,2361321,41777984.00
2024/07/25,17.27,17.86,17.21,17.58,1544645,27212756.00
2024/07/26,17.66,18.37,17.50,18.26,2481640,45035120.00
2024/07/29,18.34,18.44,17.83,17.98,1638717,29533518.00
2024/07/30,17.79,18.10,17.48,17.95,1673436,29928176.00
2024/07/31,18.00,18.93,17.82,18.91,2916322,54119676.00
2024/08/01,18.95,19.12,18.62,18.68,1837061,34629500.00
2024/08/02,18.49,19.10,18.48,18.59,1856191,34996792.00
2024/08/05,18.59,18.96,18.35,18.35,2120555,39684836.00
2024/08/06,18.56,18.82,18.43,18.72,1404880,26202340.00
2024/08/07,18.90,18.93,18.44,18.76,1223251,22948944.00
2024/08/08,18.57,18.81,18.22,18.69,1309960,24324416.00
2024/08/09,18.67,18.92,18.43,18.45,1001404,18719662.00
2024/08/12,18.92,18.92,18.16,18.22,952962,17464140.00
2024/08/13,17.97,18.44,17.97,18.34,847920,15506572.00
2024/08/14,18.33,18.38,17.87,17.89,978972,17706172.00
2024/08/15,17.82,18.15,17.61,17.90,1078502,19320940.00
2024/08/16,17.90,18.07,17.52,17.52,1165612,20637480.00
2024/08/19,17.58,17.69,17.42,17.42,1066903,18727376.00
2024/08/20,17.42,17.56,16.85,17.03,1490082,25591462.00
2024/08/21,17.00,17.29,16.91,17.15,869341,14949199.00
2024/08/22,17.30,17.35,17.05,17.07,904086,15589388.00
2024/08/23,16.99,17.25,16.72,16.85,1018229,17270736.00
2024/08/26,16.89,17.40,16.77,17.23,914865,15771858.00
2024/08/27,17.17,17.43,17.02,17.34,978250,16917272.00
2024/08/28,16.80,17.07,16.36,16.85,1502983,25117228.00
2024/08/29,16.84,17.50,16.61,17.40,1108544,19097400.00
2024/08/30,17.44,17.90,17.25,17.52,1146186,20238276.00
2024/09/02,17.52,17.52,16.66,16.74,1402579,23940074.00
2024/09/03,16.74,17.32,16.62,17.03,1086896,18559800.00
2024/09/04,16.86,17.21,16.79,16.85,836750,14212915.00
2024/09/05,16.88,17.39,16.87,17.26,1361551,23410416.00
2024/09/06,16.96,17.12,16.56,16.56,1335073,22405672.00
2024/09/09,16.47,16.67,16.30,16.47,813837,13464518.00
2024/09/10,16.62,16.67,16.08,16.38,947251,15491755.00
2024/09/11,16.29,16.70,16.29,16.57,871073,14418663.00
2024/09/12,16.45,16.90,16.45,16.72,871799,14589731.00
2024/09/13,16.77,16.77,16.29,16.43,860281,14219783.00
2024/09/18,16.43,16.76,16.08,16.71,1064945,17605672.00
2024/09/19,16.79,17.20,16.65,17.03,1091506,18536036.00
2024/09/20,17.03,17.03,16.74,16.87,594028,10027981.00
2024/09/23,16.67,16.91,16.49,16.53,710385,11842801.00
2024/09/24,16.53,17.42,16.53,17.42,1690579,29046822.00
2024/09/25,17.55,17.84,17.36,17.47,1739211,30692472.00
2024/09/26,17.46,18.16,17.28,18.15,1696315,30221548.00
2024/09/27,18.57,19.45,18.47,19.43,1607999,30632048.00
2024/09/30,20.47,22.57,20.25,22.32,6276934,134620960.00
2024/10/08,26.77,26.77,23.63,25.32,8455892,212008144.00
2024/10/09,24.97,25.77,22.01,22.45,6772149,162358080.00
2024/10/10,22.45,23.95,21.48,22.25,6579619,149316992.00
2024/10/11,21.74,22.04,20.28,20.63,4215511,88765528.00
2024/10/14,20.63,21.20,20.14,21.04,3022984,62885096.00
2024/10/15,20.90,21.20,20.46,20.48,2527593,52756588.00
2024/10/16,20.32,20.74,20.02,20.23,2077506,42475336.00
2024/10/17,20.42,20.70,20.16,20.17,1884605,38623128.00
2024/10/18,20.12,22.17,19.95,21.35,4577854,96244312.00
2024/10/21,21.35,22.55,21.32,21.97,4484366,99025944.00
2024/10/22,21.99,22.53,21.37,22.30,3699891,81479280.00
2024/10/23,22.32,23.30,22.17,22.91,4966479,114167504.00
2024/10/24,22.95,23.08,22.13,22.26,3249573,72908368.00
2024/10/25,21.83,22.67,21.81,22.15,4552878,100950416.00
2024/10/28,22.27,23.57,22.12,22.66,5755231,131317264.00
2024/10/29,22.60,22.76,21.61,21.65,4493505,99441712.00
2024/10/30,21.92,21.99,21.28,21.43,3367462,72952720.00
2024/10/31,21.48,22.30,21.34,22.00,3796675,83221920.00
2024/11/01,22.00,22.26,21.09,21.21,2863306,61631020.00
2024/11/04,21.08,21.96,21.08,21.78,2179828,47230804.00
2024/11/05,21.77,23.15,21.59,22.76,4984080,113504856.00
2024/11/06,23.25,23.80,22.67,22.91,5868431,136664160.00
2024/11/07,22.69,23.37,22.67,23.22,3765873,87194224.00
2024/11/08,23.36,23.72,22.78,22.97,5104282,118789904.00
2024/11/11,23.17,24.14,22.88,23.99,5963554,141441744.00
2024/11/12,23.96,24.22,22.92,23.16,5829899,137700864.00
2024/11/13,23.17,23.40,22.55,22.88,3400753,78067232.00
2024/11/14,22.97,23.15,21.97,22.00,3390184,76140752.00
2024/11/15,22.06,22.11,21.13,21.18,3076664,66553512.00
2024/11/18,21.44,21.47,20.70,20.82,2624868,55295532.00
2024/11/19,20.82,21.41,20.73,21.33,2064188,43528184.00
2024/11/20,21.34,21.62,21.17,21.46,2191265,47063916.00
2024/11/21,21.51,21.66,20.76,21.00,2767040,58584288.00
2024/11/22,21.08,21.08,19.93,19.98,3092650,63403092.00
2024/11/25,20.17,20.60,19.97,20.41,2487684,50545472.00
2024/11/26,20.48,20.57,20.13,20.20,1576179,32033834.00
2024/11/27,20.15,20.67,19.80,20.63,2250092,45586052.00
2024/11/28,20.57,21.03,20.54,20.67,1910572,39843360.00
2024/11/29,20.75,21.18,20.37,21.03,2391805,50113720.00
2024/12/02,20.98,21.46,20.90,21.19,1891898,40191888.00
2024/12/03,21.25,21.32,20.77,20.96,2627214,55186576.00
2024/12/04,20.97,21.04,20.42,20.53,1892183,39242192.00
2024/12/05,20.50,20.90,20.50,20.76,1535576,31876740.00
2024/12/06,20.96,21.17,20.49,21.17,2280989,47670860.00
2024/12/09,21.25,21.62,20.98,21.32,2644989,56366776.00
2024/12/10,22.27,22.59,21.72,22.07,5011635,110950336.00
2024/12/11,22.07,22.26,21.99,22.05,2581158,57090240.00
2024/12/12,22.05,22.19,21.68,21.91,2267768,49614540.00
2024/12/13,21.81,21.90,21.19,21.20,2252474,48355176.00
2024/12/16,21.60,21.61,20.69,20.78,2333841,48942680.00
2024/12/17,20.68,20.91,20.27,20.36,1504819,30898956.00
2024/12/18,20.55,20.93,20.34,20.67,1548037,32048610.00
2024/12/19,20.52,20.59,20.15,20.49,1684198,34376024.00
2024/12/20,20.51,20.93,20.47,20.71,1512720,31384764.00
2024/12/23,20.83,20.83,19.96,20.00,2079295,42114512.00
2024/12/24,20.01,20.39,19.99,20.05,1327357,26765276.00
2024/12/25,20.07,20.17,19.62,19.75,1372446,27164984.00
2024/12/26,19.93,20.57,19.89,20.15,2040267,41291776.00
2024/12/27,20.47,20.81,20.11,20.21,1923855,39270872.00
2024/12/30,20.21,20.93,19.96,20.60,2419052,49869256.00
2024/12/31,20.58,20.58,19.88,19.90,2593146,52381040.00
2025/01/02,19.84,19.87,18.85,19.10,3202218,61903588.00
2025/01/03,19.18,19.26,18.25,18.37,2456043,45974508.00
2025/01/06,18.17,18.37,17.66,17.87,2914392,52518736.00
2025/01/07,17.87,18.05,17.55,17.86,2282348,40538216.00
2025/01/08,17.87,17.87,17.18,17.63,2218336,38872684.00
2025/01/09,17.54,17.71,17.48,17.55,1377936,24255448.00
2025/01/10,17.54,17.84,17.12,17.15,1597190,27907406.00
2025/01/13,17.10,17.50,16.97,17.42,1700117,29512152.00
2025/01/14,17.47,18.03,17.35,17.98,2111352,37520912.00
2025/01/15,17.96,17.98,17.66,17.71,1567102,27838516.00
2025/01/16,17.85,18.12,17.56,17.71,1861540,33199202.00
2025/01/17,17.72,17.92,17.47,17.79,1395451,24734862.00
2025/01/20,17.66,18.02,17.34,17.43,2695635,47355000.00
2025/01/21,17.53,17.59,17.12,17.28,1603777,27752588.00
2025/01/22,17.29,17.30,17.02,17.25,1560711,26828868.00
2025/01/23,17.42,17.85,17.33,17.40,2133955,37633572.00
2025/01/24,17.33,17.61,17.27,17.58,1467472,25653964.00
2025/01/27,17.64,17.88,17.35,17.35,1383124,24334142.00
2025/02/05,17.48,17.93,17.31,17.75,2319663,41052032.00
2025/02/06,17.74,18.60,17.62,18.41,3035346,55520224.00
2025/02/07,18.43,18.72,18.33,18.47,2379163,44217480.00
2025/02/10,18.52,18.78,18.30,18.68,2333036,43442208.00
2025/02/11,18.62,18.67,18.16,18.22,2335969,42744052.00
2025/02/12,18.22,18.63,18.05,18.63,2286465,42134624.00
2025/02/13,18.66,19.12,18.57,18.58,2719410,51227048.00
2025/02/14,18.61,18.84,18.48,18.67,1934126,36125748.00
2025/02/17,18.73,19.11,18.70,19.10,2788115,52835976.00
2025/02/18,19.07,19.41,18.59,18.77,2611664,49803180.00
2025/02/19,18.68,19.30,18.58,19.12,2606337,49860472.00
2025/02/20,19.57,19.84,19.20,19.77,3670215,71837824.00
2025/02/21,19.76,21.05,19.49,20.41,6903915,140234352.00
2025/02/24,20.27,22.47,20.23,21.95,9944334,214813696.00
2025/02/25,21.54,22.17,21.22,21.61,6834916,148332256.00
2025/02/26,21.72,22.77,21.39,22.35,7474367,164664496.00
2025/02/27,22.17,22.57,21.35,21.84,5974101,130295584.00
2025/02/28,23.39,23.52,20.86,21.10,7709103,170028640.00
2025/03/03,21.64,21.67,20.99,21.32,4887148,104294176.00
2025/03/04,21.32,22.15,21.05,21.52,4297778,93013272.00
2025/03/05,21.53,22.02,21.30,21.65,3976904,86017104.00
2025/03/06,21.69,22.40,21.37,22.05,5253819,115373184.00
2025/03/07,21.93,22.25,21.49,22.12,3847450,84523728.00
2025/03/10,22.13,22.87,21.94,22.81,5644749,127466608.00
2025/03/11,22.59,22.80,22.18,22.62,5134473,115732720.00
2025/03/12,22.77,22.79,21.86,21.90,4514089,100610536.00
2025/03/13,22.11,22.11,21.35,21.74,2882183,62303424.00
2025/03/14,21.73,22.42,21.37,22.15,3271553,71716272.00
2025/03/17,22.15,22.26,21.64,21.91,2515144,55204504.00
2025/03/18,21.97,22.36,21.76,22.15,3419745,75636736.00
2025/03/19,21.99,22.67,21.99,22.08,2888740,64263552.00
2025/03/20,22.05,22.08,21.54,21.63,2631067,57397356.00
2025/03/21,21.47,21.85,21.17,21.29,2259321,48521988.00
2025/03/24,21.27,21.33,20.66,21.07,2530936,53123748.00
2025/03/25,21.07,21.52,21.03,21.17,1831918,38991904.00
2025/03/26,20.97,21.68,20.97,21.35,1798067,38615968.00
2025/03/27,21.33,21.85,20.97,21.33,2157007,46313604.00
2025/03/28,21.33,21.70,20.89,20.96,1849421,39380976.00
2025/03/31,21.08,21.08,20.47,20.85,1816647,37803140.00
2025/04/01,20.91,21.16,20.68,20.69,1525267,31993106.00
2025/04/02,20.67,20.88,20.37,20.58,1237773,25553828.00
2025/04/03,20.46,20.92,20.41,20.69,1824567,37786420.00
2025/04/07,19.92,20.07,16.77,17.56,5177525,95338600.00
2025/04/08,17.86,18.73,17.86,18.56,3365172,62013608.00
2025/04/09,18.38,19.32,17.70,19.17,3698417,69675680.00
2025/04/10,19.87,19.87,19.12,19.14,2618424,50922060.00
2025/04/11,18.99,19.66,18.97,19.47,1695361,33000988.00
2025/04/14,19.66,19.77,19.42,19.68,1615157,31761916.00
2025/04/15,19.42,20.05,19.39,19.90,1833056,36304600.00
2025/04/16,19.84,20.03,19.48,20.01,1423469,28190568.00
2025/04/17,19.83,20.60,19.75,20.08,1798040,36622840.00
2025/04/18,19.87,20.12,19.75,19.97,1079668,21559554.00
2025/04/21,19.97,20.28,19.77,20.12,1218219,24518596.00
2025/04/22,20.12,20.56,19.89,20.22,1259377,25536962.00
2025/04/23,20.22,20.84,20.22,20.66,2032215,41989564.00
2025/04/24,20.66,21.06,20.52,20.70,1812239,37722560.00
2025/04/25,20.48,20.71,19.81,20.16,2142782,43308160.00
2025/04/28,20.63,20.63,20.03,20.27,1420005,28816922.00
2025/04/29,20.05,20.67,20.05,20.42,1319416,27035016.00
2025/04/30,20.23,20.45,20.10,20.11,1343963,27221284.00
2025/05/06,20.36,21.10,20.21,21.04,2724601,57107080.00
2025/05/07,21.13,21.43,20.84,21.21,2546630,53962888.00
2025/05/08,21.12,21.31,20.94,21.02,1966444,41611832.00
2025/05/09,21.07,21.07,20.64,20.66,1577725,32773724.00
2025/05/12,20.87,21.29,20.67,20.75,2580825,54080696.00
2025/05/13,20.97,21.11,20.37,20.51,2073671,42781444.00
2025/05/14,20.38,22.42,20.27,21.53,7160525,153903472.00
2025/05/15,21.92,23.46,21.62,22.10,10816816,245027936.00
2025/05/16,21.95,22.10,21.17,21.17,6603630,142257808.00
2025/05/19,21.07,21.92,20.64,21.65,6559768,140634080.00
2025/05/20,21.31,21.56,20.77,20.99,6476797,136343824.00
2025/05/21,21.00,21.00,20.39,20.48,3388260,69972464.00
2025/05/22,20.48,20.56,20.00,20.02,2517149,51031224.00
2025/05/23,19.98,20.39,19.94,19.96,2372849,47886640.00
2025/05/26,20.32,20.32,19.96,20.14,1379480,27805912.00
2025/05/27,20.19,20.48,19.87,20.37,2425741,49152504.00
2025/05/28,20.48,20.48,19.72,19.76,2386031,47763560.00
2025/05/29,19.77,20.21,19.76,20.03,1706956,34156504.00
2025/05/30,20.07,20.59,19.81,20.22,2874981,58393604.00
2025/06/03,20.19,20.92,20.15,20.68,3658260,75725928.00
2025/06/04,20.71,21.05,20.52,20.89,2857515,59708712.00
2025/06/05,20.89,20.89,20.55,20.59,2551097,52658904.00
2025/06/06,20.60,20.75,20.38,20.48,1697836,34931968.00
2025/06/09,20.58,21.06,20.51,20.85,2815250,58716732.00
2025/06/10,20.85,20.85,20.12,20.25,2944524,60150840.00
2025/06/11,20.39,20.96,20.29,20.75,3885384,80672992.00
2025/06/12,20.74,20.75,20.23,20.32,4474103,91558592.00
2025/06/13,20.27,20.27,19.35,19.54,7743817,151835744.00
2025/06/16,19.51,19.63,19.19,19.27,3364739,65148240.00
2025/06/17,19.28,19.38,19.03,19.12,2368019,45316624.00
2025/06/18,19.04,19.17,18.99,19.09,1850716,35348476.00
2025/06/19,19.09,19.27,18.99,19.10,2258757,43303004.00
2025/06/20,19.10,19.29,18.84,18.87,2005128,38249788.00
2025/06/23,18.77,19.44,18.63,19.25,2997592,57759304.00
2025/06/24,19.25,19.83,19.16,19.82,2902874,56889988.00
2025/06/25,19.67,20.16,19.67,20.01,2918693,58250600.00
2025/06/26,20.07,20.82,19.92,20.22,4402398,90084784.00
2025/06/27,20.20,21.01,20.20,20.37,3019327,62151424.00
2025/06/30,20.37,20.85,20.20,20.77,3050226,62951756.00
2025/07/01,20.67,20.80,20.30,20.39,2419146,49515880.00
2025/07/02,20.30,20.48,20.07,20.12,2139324,43210956.00
2025/07/03,20.19,20.19,19.90,20.00,2130974,42693920.00
2025/07/04,19.94,20.00,19.52,19.63,2950720,58122848.00
2025/07/07,19.63,19.74,19.57,19.69,1409941,27774700.00
2025/07/08,19.69,20.15,19.62,20.09,2131008,42666888.00
2025/07/09,20.07,20.25,19.91,19.99,1819508,36584984.00
2025/07/10,19.90,20.05,19.84,19.97,1498841,29918876.00
2025/07/11,20.06,20.59,19.92,20.37,2766698,56115496.00
2025/07/14,20.44,21.06,20.38,20.77,4191411,87432472.00
2025/07/15,20.74,20.89,20.27,20.33,2912461,59740884.00
2025/07/16,19.96,20.34,19.90,20.17,2806841,56582108.00
2025/07/17,19.85,20.83,19.85,20.81,3099086,63471588.00
2025/07/18,20.77,21.35,20.73,21.15,3560497,75088416.00
2025/07/21,21.32,21.32,21.05,21.17,2627328,55656636.00
2025/07/22,21.24,21.67,20.93,21.36,3595739,77060096.00
2025/07/23,21.36,21.59,21.15,21.20,3388973,72507728.00
2025/07/24,21.30,22.02,21.23,21.94,4127468,89565728.00
2025/07/25,21.97,22.94,21.97,22.30,5927034,132924248.00
2025/07/28,22.10,22.86,22.00,22.44,3934297,88376264.00
2025/07/29,22.26,22.62,22.15,22.55,2986409,66806992.00
2025/07/30,22.45,22.59,22.00,22.18,3192718,71144384.00
2025/07/31,22.10,22.35,21.57,21.67,3318844,72789800.00
2025/08/01,21.74,21.92,21.49,21.55,3070436,66678100.00
2025/08/04,21.49,21.90,21.33,21.88,2874733,62328364.00
2025/08/05,21.89,22.56,21.87,22.54,3916019,87721776.00
2025/08/06,22.54,22.86,22.33,22.69,2951650,66979660.00
2025/08/07,22.84,22.87,22.39,22.63,2747393,62155024.00
2025/08/08,22.62,22.62,22.30,22.42,1981336,44491956.00
2025/08/11,22.41,22.96,22.19,22.80,2960336,67162264.00
2025/08/12,22.69,22.80,22.24,22.31,2511946,56345744.00
2025/08/13,22.35,22.51,22.22,22.42,2579026,57787156.00
2025/08/14,22.47,22.65,21.83,21.85,3124120,69183280.00
2025/08/15,21.86,22.73,21.82,22.71,3469683,78107512.00
2025/08/18,22.80,23.42,22.77,23.17,4732291,109530792.00
2025/08/19,23.07,23.13,22.47,22.64,4272188,97140912.00
2025/08/20,22.64,23.13,22.32,23.06,3630725,82552360.00
2025/08/21,23.05,23.25,22.71,22.82,3284165,75305976.00
2025/08/22,22.83,23.33,22.72,23.21,3799934,87924680.00
2025/08/25,23.29,23.80,23.10,23.43,4651293,109340088.00
2025/08/26,23.47,23.80,23.23,23.56,3646135,85982688.00
2025/08/27,23.56,23.72,22.78,22.88,4085387,95339440.00
2025/08/28,23.35,25.57,23.35,24.73,13140132,326572544.00
2025/08/29,25.10,26.57,24.53,25.97,11066495,279481280.00
2025/09/01,25.57,27.27,25.13,26.98,13587066,357401728.00
2025/09/02,26.75,27.04,25.84,26.06,8048001,212045376.00
2025/09/03,26.21,26.55,25.47,25.69,5560324,144630320.00
2025/09/04,25.50,25.90,23.88,24.27,6822760,169302960.00
2025/09/05,24.32,26.43,24.21,25.99,7180492,183611376.00
2025/09/08,26.37,27.67,25.93,27.22,8206639,221035136.00
2025/09/09,27.22,28.25,26.83,27.24,7856900,216467232.00
2025/09/10,27.17,27.76,26.95,27.32,4804007,131514336.00
2025/09/11,27.47,27.80,26.83,27.66,4823402,132125256.00
2025/09/12,27.71,27.87,26.78,26.91,5161113,139784992.00
2025/09/15,26.86,27.19,26.48,26.77,4419491,119014800.00
2025/09/16,26.79,27.10,26.34,26.95,3428815,91622416.00
2025/09/17,26.90,27.15,26.58,26.84,2784350,74955968.00
2025/09/18,26.82,27.79,25.97,26.57,4316795,116245760.00
2025/09/19,26.57,27.62,26.57,27.24,5277890,144305552.00
2025/09/22,27.15,27.78,26.97,27.26,3934218,107655424.00
2025/09/23,27.07,27.59,26.38,27.12,4810844,128974088.00
2025/09/24,27.00,27.18,26.12,27.09,4910817,131252016.00
2025/09/25,26.96,27.57,26.65,27.24,3390138,92188584.00
2025/09/26,27.24,28.65,26.93,28.04,6797834,189538432.00
2025/09/29,27.97,28.75,27.55,28.58,5645230,158459264.00
2025/09/30,28.56,28.89,28.00,28.20,4484500,127392464.00
2025/10/09,27.92,29.27,27.53,29.11,6106736,173936944.00
2025/10/10,28.82,28.85,27.48,27.63,4428071,123776232.00
2025/10/13,26.57,28.57,26.57,28.55,4531049,126321488.00
2025/10/14,28.55,28.72,27.19,27.23,4065655,113448328.00
2025/10/15,27.23,27.82,26.71,27.40,2936038,80044392.00
2025/10/16,27.31,27.46,26.43,26.59,3156648,84884248.00
2025/10/17,26.51,26.99,25.87,25.97,3019142,79391232.00
2025/10/20,26.25,26.47,25.57,25.84,2787203,72331408.00
2025/10/21,25.95,26.53,25.87,26.35,2105187,55366672.00
2025/10/22,26.23,26.95,26.17,26.52,2728516,72797288.00
2025/10/23,27.17,27.44,25.07,25.65,6329446,163328064.00
2025/10/24,25.55,26.45,25.55,26.02,4053882,106085232.00
2025/10/27,26.52,27.44,26.47,26.71,4305488,116339176.00
2025/10/28,26.77,27.74,26.57,27.27,4058330,110665344.00
2025/10/29,27.14,27.67,27.05,27.25,2095761,57239184.00
2025/10/30,27.22,27.48,27.00,27.10,2762801,75322200.00
2025/10/31,27.09,27.19,25.65,25.75,6074506,159576736.00
2025/11/03,25.64,26.09,24.81,26.07,6771444,172989168.00
2025/11/04,25.98,26.09,24.99,25.29,3923761,99460872.00
2025/11/05,24.97,25.39,24.97,25.11,2088584,52588472.00
2025/11/06,25.08,26.23,25.07,25.94,3653596,94647256.00
2025/11/07,25.80,26.54,25.69,26.35,2627147,69015120.00
2025/11/10,26.45,26.76,26.26,26.44,2467362,65419952.00
2025/11/11,26.64,26.90,26.36,26.53,2392701,63810220.00
2025/11/12,26.43,26.45,25.77,26.07,2185845,57085048.00
2025/11/13,26.19,26.76,26.01,26.54,2681324,71059816.00
2025/11/14,26.39,26.74,26.26,26.26,1540910,40795372.00
2025/11/17,26.40,28.17,26.32,27.71,5455799,149942592.00
2025/11/18,27.71,27.75,26.77,26.93,3472151,94100312.00
2025/11/19,27.04,27.34,26.28,26.53,2159287,57694948.00
2025/11/20,26.65,26.70,25.58,25.87,3391278,88050104.00
2025/11/21,25.60,25.70,24.65,24.67,3055145,76513240.00
2025/11/24,24.90,24.95,24.33,24.82,2482781,61285352.00
2025/11/25,24.98,25.72,24.82,25.20,2524874,63924528.00
2025/11/26,24.99,25.21,24.62,24.69,2601173,64711748.00
2025/11/27,24.67,24.94,24.54,24.60,1873769,46326400.00
2025/11/28,24.57,24.97,24.57,24.82,1668469,41401280.00
2025/12/01,25.24,26.09,25.19,25.43,3710160,94990464.00
2025/12/02,25.36,25.47,24.98,25.03,1956818,49278360.00
2025/12/03,24.93,25.07,24.67,24.82,1835373,45598776.00
2025/12/04,24.81,24.92,24.44,24.82,1403573,34738268.00
2025/12/05,24.79,25.52,24.66,25.48,1988464,50118824.00
2025/12/08,25.45,26.00,25.45,25.66,2532059,65256548.00
2025/12/09,25.60,25.66,25.17,25.33,2275421,57749036.00
2025/12/10,25.31,25.32,24.89,25.13,1281823,32218272.00
2025/12/11,25.12,25.49,24.98,25.09,2068846,52347440.00
2025/12/12,25.16,25.70,24.97,25.67,4253617,108422464.00
2025/12/15,25.19,25.64,24.82,25.03,3348469,84008152.00
2025/12/16,25.20,25.20,24.12,24.29,3070730,74950048.00
2025/12/17,24.25,24.73,23.89,24.60,1979271,48153024.00
2025/12/18,24.60,26.83,24.55,25.65,5815124,150853856.00
2025/12/19,25.91,26.56,25.65,26.22,4122588,107727024.00
2025/12/22,26.19,27.20,26.02,26.76,4764322,127356656.00
2025/12/23,26.84,27.17,26.55,26.84,4124183,110920088.00
2025/12/24,26.84,27.72,26.67,27.67,3938255,107747424.00
2025/12/25,27.59,27.94,27.39,27.76,4046720,111994304.00
2025/12/26,27.89,32.65,27.59,31.25,14861130,457607136.00
2025/12/29,31.97,35.00,31.97,34.07,24549409,826982656.00
2025/12/30,34.08,35.63,32.57,32.87,19735855,664089792.00
2025/12/31,32.97,33.61,32.12,32.78,12080622,396574496.00
2026/01/05,33.37,33.57,31.77,32.84,11697512,381688800.00
2026/01/06,32.49,32.95,31.97,32.32,9736713,315018592.00
2026/01/07,31.97,32.45,31.59,32.17,8422380,270087200.00
2026/01/08,31.97,33.87,31.80,33.05,17674100,583448960.00
2026/01/09,33.01,33.52,32.47,32.80,14971013,493515648.00
2026/01/12,33.17,35.33,32.88,35.33,19448160,663395456.00
2026/01/13,34.70,34.70,31.57,32.70,15919972,520892768.00
2026/01/14,32.64,33.84,32.12,32.62,11484126,378824736.00
2026/01/15,32.23,32.54,31.66,32.33,6001941,193333776.00
2026/01/16,33.14,34.53,32.65,33.98,11828186,397608480.00
2026/01/19,35.06,35.52,33.67,34.20,12940978,443848928.00
2026/01/20,33.97,34.55,32.33,33.17,9060072,300009984.00
2026/01/21,32.88,34.52,32.70,33.96,7725779,261950096.00
2026/01/22,33.95,35.07,33.77,34.62,9885383,341298624.00
2026/01/23,34.44,36.26,34.05,35.26,14511237,514160096.00
2026/01/26,35.24,35.42,33.46,33.81,10249761,351548288.00
2026/01/27,33.94,35.77,32.97,35.43,11520914,398768320.00
2026/01/28,34.97,35.57,33.68,34.14,9760195,333733792.00
2026/01/29,34.13,35.32,33.10,33.19,9590483,327454720.00
2026/01/30,32.74,33.34,31.32,32.81,10531756,341139200.00
2026/02/02,32.72,33.14,30.97,30.97,7300730,232022544.00
2026/02/03,31.48,32.33,30.97,32.17,5883419,187417328.00
2026/02/04,31.94,32.17,31.35,31.71,4182029,132760840.00
2026/02/05,31.47,32.13,31.09,31.38,4685510,147651712.00
2026/02/06,31.04,31.58,30.64,30.87,4084821,127393240.00
2026/02/09,31.04,31.25,29.88,30.05,7754115,235287216.00
2026/02/10,30.08,30.25,29.75,30.13,4128434,124107152.00
2026/02/11,29.97,30.91,29.95,30.40,3837863,117481136.00
2026/02/12,30.47,31.19,30.41,30.79,4565237,141091632.00
2026/02/13,30.64,31.36,30.57,30.65,2943941,91195168.00
2026/02/24,30.97,31.55,30.59,31.24,4528098,141624864.00
2026/02/25,31.11,32.02,30.93,31.74,4493245,141961600.00
2026/02/26,31.83,32.00,31.34,31.84,3528948,112050608.00
2026/02/27,31.91,32.53,31.68,32.10,3808864,122363704.00
2026/03/02,31.59,32.77,31.40,32.27,5949734,191262512.00
2026/03/03,32.29,32.54,29.76,29.85,6515082,199344352.00
2026/03/04,29.47,30.71,29.27,30.22,5021434,151982432.00
2026/03/05,30.67,30.89,29.88,30.27,3813421,116094024.00
2026/03/06,30.22,30.92,30.09,30.31,3826577,116788704.00
2026/03/09,29.97,30.21,29.06,30.01,4826113,142708864.00
2026/03/10,30.13,31.55,30.13,31.54,5221767,162280960.00
2026/03/11,32.97,37.47,31.69,36.01,25144088,876986048.00
2026/03/12,43.22,43.22,41.87,43.22,30578349,1318114688.00
2026/03/13,44.70,49.96,43.48,44.99,53432904,2478417664.00
2026/03/16,45.74,52.11,45.65,49.47,44086683,2195476992.00
2026/03/17,49.97,59.37,49.96,59.37,45952769,2520986112.00
2026/03/18,55.52,60.70,52.29,60.59,42053813,2365097984.00
2026/03/19,58.16,63.65,56.24,60.56,33852163,2011902464.00
2026/03/20,60.96,62.82,53.25,53.89,31033413,1777991680.00
2026/03/23,53.00,57.61,51.57,55.40,28649736,1589540864.00
2026/03/24,55.67,62.77,55.57,62.34,34755987,2057379968.00
2026/03/25,60.67,66.85,60.36,63.65,31651024,2017087360.00
2026/03/26,63.27,65.67,59.41,60.27,25777236,1587513728.00
2026/03/27,56.97,58.43,55.09,56.63,25561153,1448278656.00
2026/03/30,55.93,58.29,53.52,57.58,23733699,1334557056.00
2026/03/31,56.97,57.35,54.60,55.02,15756084,880008768.00
2026/04/01,56.63,57.95,53.35,53.77,21204317,1171288960.00
2026/04/02,53.10,54.70,51.87,51.97,20333428,1078731264.00
2026/04/03,52.35,52.63,49.97,49.98,19331655,978780288.00
2026/04/07,49.98,50.56,48.41,49.22,15532553,767408320.00
2026/04/08,50.57,52.61,50.17,52.03,19090475,983918272.00
2026/04/09,51.30,51.41,49.65,50.45,15224100,769068416.00
2026/04/10,50.97,51.63,49.67,49.75,13104567,662113984.00
2026/04/13,48.98,53.44,48.97,52.46,25167851,1303441792.00
2026/04/14,51.97,54.53,51.79,52.95,21285734,1127937536.00
2026/04/15,54.01,55.53,51.99,52.45,19279878,1033833920.00
2026/04/16,52.38,53.26,51.38,52.32,14750858,770069568.00
2026/04/17,51.82,52.80,51.37,52.07,13106338,682345536.00
2026/04/20,52.46,62.27,52.29,60.85,40400513,2344718848.00
2026/04/21,59.11,62.85,58.72,59.97,31427648,1894391552.00
2026/04/22,59.97,61.52,58.64,60.63,23986083,1446125568.00
2026/04/23,60.47,66.24,59.83,65.00,34188288,2186255872.00
2026/04/24,63.17,64.16,58.20,58.77,27612388,1675730048.00
2026/04/27,57.27,60.25,56.05,58.89,15630959,917868416.00
2026/04/28,58.47,60.18,56.85,57.95,16255562,951614976.00
2026/04/29,58.67,61.31,58.00,58.58,17831185,1064168704.00
2026/04/30,56.66,58.97,56.65,57.12,16989304,976058304.00
2026/05/06,57.80,60.22,57.55,58.27,19657709,1157245696.00
2026/05/07,58.36,61.25,57.87,61.00,21673173,1292005888.00
2026/05/08,59.98,60.94,58.26,59.04,18524504,1102445056.00
2026/05/11,58.67,63.68,57.72,62.57,27624028,1670199680.00
2026/05/12,61.94,61.98,59.14,59.99,18727218,1123316224.00
2026/05/13,59.15,60.15,58.63,59.55,13566429,807206912.00
2026/05/14,59.95,59.95,54.28,54.31,20048559,1134639104.00
2026/05/15,54.12,56.45,53.98,54.86,11424065,628146304.00
2026/05/18,53.97,55.62,52.77,53.88,9259921,501618688.00
2026/05/19,53.97,54.07,51.87,53.32,9841004,519371264.00
2026/05/20,52.84,53.63,52.18,53.31,9332368,493466848.00
2026/05/21,53.45,54.55,50.92,51.16,10449441,553847360.00
2026/05/22,51.28,53.88,51.20,53.25,9353633,494549056.00
2026/05/25,53.70,53.98,52.19,53.19,9064802,481161920.00
2026/05/26,52.50,52.90,50.30,51.75,11166335,570625472.00
2026/05/27,51.73,51.74,49.57,50.25,10289599,519528544.00
2026/05/28,50.03,51.23,49.00,50.90,8128012,410993856.00
2026/05/29,50.71,51.58,47.85,48.22,12431591,608903872.00
2026/06/01,48.23,48.84,47.26,47.35,7665266,367283712.00
2026/06/02,47.34,47.70,45.82,47.20,7658610,359570144.00
2026/06/03,48.88,52.67,48.71,51.31,18934789,968930368.00
2026/06/04,50.00,50.88,48.62,49.00,11767112,581535616.00
2026/06/05,49.01,52.40,47.98,50.22,14389393,730266304.00
2026/06/08,47.58,49.13,46.72,47.18,10053135,482339872.00
2026/06/09,48.58,48.85,46.50,48.80,8566266,409609824.00
2026/06/10,48.50,48.75,46.81,47.10,7832798,372780320.00
2026/06/11,46.86,50.20,46.45,50.02,12160090,592187392.00
2026/06/12,50.85,52.98,49.52,50.50,16397718,842371328.00
2026/06/15,49.98,51.65,49.41,51.09,10559037,535627104.00
2026/06/16,51.15,52.44,50.18,51.35,10640462,545848192.00
2026/06/17,52.62,54.44,52.01,52.39,13971559,745488000.00
2026/06/18,52.06,53.85,50.50,51.15,11972191,621083264.00
2026/06/22,50.70,50.91,48.58,50.55,13491358,668834368.00
2026/06/23,50.30,50.46,48.48,48.80,7973068,393935040.00
2026/06/24,48.36,56.81,47.80,55.21,23053093,1230265728.00
2026/06/25,54.30,56.58,54.30,55.95,15395531,853912320.00
2026/06/26,55.08,58.30,54.78,56.50,17142028,977447360.00
2026/06/29,61.60,65.35,59.04,59.22,25623601,1575974528.00
2026/06/30,58.05,61.98,58.05,60.54,19896442,1203375360.00
2026/07/01,58.76,59.92,55.13,55.68,20723883,1188819456.00
2026/07/02,54.59,56.29,52.77,52.95,12573057,684341888.00
2026/07/03,52.50,55.58,52.44,54.45,11852060,644460096.00
2026/07/06,54.00,54.06,49.66,49.85,12363681,636322432.00
2026/07/07,49.85,50.25,48.10,48.34,7313641,358134368.00
2026/07/08,48.60,49.00,46.01,46.28,7274188,344848672.00
2026/07/09,46.58,47.59,44.88,47.59,8867083,409804576.00
2026/07/10,47.10,52.49,46.70,49.67,14473827,720045888.00
2026/07/13,48.35,48.60,45.28,45.28,9312352,430923488.00
2026/07/14,45.10,45.28,41.88,43.40,8849691,380237888.00
2026/07/15,43.70,43.77,42.01,42.34,5493095,234933872.00
2026/07/16,41.50,42.85,40.50,40.67,6254811,259618128.00
2026/07/17,40.28,41.02,38.88,38.88,6864966,274058432.00
2026/07/20,39.60,39.95,37.41,38.21,6496144,251051040.00
2026/07/21,38.01,40.40,37.81,40.30,8389066,330439840.00
2026/07/22,39.99,40.66,39.37,39.41,6225749,249076368.00
2026/07/23,39.88,40.60,39.40,40.55,5231454,209619584.00
2026/07/24,40.00,40.48,38.88,38.89,4766232,188581760.00
2026/07/27,38.63,40.14,38.26,40.01,4244587,168118192.00
2026/07/28,39.56,39.86,37.95,38.14,4852204,188233616.00
2026/07/29,38.05,39.03,37.00,38.70,4984253,190082656.00
2026/07/30,38.57,39.25,36.82,37.47,6044754,229645792.00
2026/07/31,38.70,39.83,38.52,38.59,5795319,226406848.00
2026/08/03,38.50,39.39,38.06,38.85,4273607,166354112.00
2026/08/04,38.99,40.24,38.75,39.92,5181957,205778976.00
2026/08/05,40.58,42.28,40.58,41.79,9553049,396904448.00
2026/08/06,43.26,45.60,43.00,43.99,12724184,561735104.00
2026/08/07,42.99,44.94,41.83,44.71,12656544,543083264.00
2026/08/10,44.02,44.20,42.81,43.11,7958698,344560224.00
2026/08/11,42.78,42.78,41.66,41.96,5713411,240331568.00
2026/08/12,41.76,42.38,41.76,41.96,4549664,191362208.00
2026/08/13,42.20,42.76,41.30,41.32,5047539,212619616.00
2026/08/14,41.68,42.14,41.07,41.70,3873903,161314160.00
2026/08/17,40.50,41.46,39.05,41.38,7831802,319678880.00
2026/08/18,41.32,42.21,41.32,42.12,6123685,255663680.00
2026/08/19,42.39,42.42,38.67,38.68,8944745,355887712.00
2026/08/20,39.21,39.27,38.33,38.47,4951383,191535440.00
2026/08/21,38.24,39.00,37.90,38.86,3264729,126232480.00
2026/08/24,38.68,39.05,37.70,38.32,3970169,151764304.00
2026/08/25,37.70,38.31,37.13,37.81,3410066,128489688.00
2026/08/26,37.75,38.54,37.56,38.31,3443749,131566528.00
2026/08/27,39.10,39.37,37.92,39.30,5485570,212662560.00
2026/08/28,38.86,39.86,38.86,38.98,4603358,180769568.00
2026/08/31,38.98,39.87,38.50,39.68,4451265,175076368.00
2026/09/01,39.28,39.67,38.74,38.90,3327480,129853176.00
2026/09/02,38.55,38.88,38.15,38.54,2897596,111630672.00
2026/09/03,38.72,38.88,37.89,38.21,2651513,101488520.00
2026/09/04,38.71,40.30,38.53,38.93,7109901,280954400.00
2026/09/07,38.40,38.83,37.77,38.02,5167005,196747200.00
2026/09/08,38.30,39.10,37.90,38.60,4467797,172807984.00
2026/09/09,38.30,39.06,38.20,38.61,3944405,152426032.00
2026/09/10,38.30,38.46,37.93,37.98,2621159,99938640.00
2026/09/11,37.81,37.95,36.70,37.44,4444560,165126592.00
2026/09/14,37.10,37.80,37.01,37.30,3055311,114291856.00
#数据来源:通达信
