605218 伟时电子 日线 前复权
      日期	    开盘	    最高	    最低	    收盘	    成交量	    成交额
2021/08/02,14.54,14.68,14.33,14.48,3545500,53109844.00
2021/08/03,14.80,14.80,14.09,14.14,3668631,54429320.00
2021/08/04,14.30,14.45,14.07,14.18,2481748,36550624.00
2021/08/05,14.14,14.18,13.92,14.01,2367492,34323044.00
2021/08/06,14.00,14.46,13.81,14.38,3750445,55056968.00
2021/08/09,14.26,14.54,14.23,14.37,1888640,28054398.00
2021/08/10,14.37,15.86,14.37,15.86,7883624,126557272.00
2021/08/11,17.02,17.50,17.02,17.50,5857297,104914912.00
2021/08/12,18.10,18.10,16.00,16.00,20223704,351671104.00
2021/08/13,16.07,16.95,16.03,16.40,11471919,194522880.00
2021/08/16,16.66,16.76,16.06,16.10,6259995,105521392.00
2021/08/17,15.99,16.20,15.44,15.53,5812556,94403680.00
2021/08/18,15.02,15.30,14.57,14.76,6981250,106714568.00
2021/08/19,14.62,14.65,14.27,14.42,5391992,80446576.00
2021/08/20,14.30,14.50,14.12,14.40,4172075,61852704.00
2021/08/23,14.46,15.16,14.33,15.10,7709797,118304792.00
2021/08/24,14.80,15.50,14.80,15.15,5506003,86422904.00
2021/08/25,14.95,15.75,14.89,15.60,6409792,101590416.00
2021/08/26,15.60,16.05,15.36,15.66,5463134,88497688.00
2021/08/27,15.98,15.98,15.50,15.73,2519704,40787076.00
2021/08/30,15.76,15.96,14.87,15.03,4206717,66073472.00
2021/08/31,15.26,15.26,14.45,14.60,2606154,39481116.00
2021/09/01,14.35,14.61,13.93,14.18,3137601,46251768.00
2021/09/02,14.18,14.18,13.79,13.83,4212118,60678920.00
2021/09/03,13.82,14.10,13.82,14.05,2487692,36066936.00
2021/09/06,14.03,14.27,13.91,14.25,2075900,30338736.00
2021/09/07,14.10,14.31,14.01,14.16,1848640,27075020.00
2021/09/08,14.13,14.28,14.06,14.24,1722792,25288660.00
2021/09/09,14.23,14.23,13.99,14.04,1903002,27766924.00
2021/09/10,14.08,14.24,14.04,14.10,1766800,25875764.00
2021/09/13,14.20,14.20,13.80,13.82,1994725,28754812.00
2021/09/14,13.82,13.92,13.50,13.50,2171017,30818888.00
2021/09/15,13.61,13.61,13.40,13.42,1886321,26296392.00
2021/09/16,13.42,13.55,13.21,13.29,1872437,25998752.00
2021/09/17,13.29,13.34,12.76,12.93,3072684,41406208.00
2021/09/22,12.89,12.97,12.68,12.81,1808518,24038274.00
2021/09/23,12.80,13.02,12.77,12.98,1380249,18518328.00
2021/09/24,13.00,13.00,12.76,12.79,1052152,14054001.00
2021/09/27,12.79,12.88,12.38,12.45,1628971,21290148.00
2021/09/28,12.50,12.60,12.41,12.58,783873,10207520.00
2021/09/29,12.63,12.68,12.32,12.36,1245921,16174548.00
2021/09/30,12.43,12.65,12.37,12.61,746136,9762376.00
2021/10/08,12.66,13.72,12.62,13.49,3926032,54197716.00
2021/10/11,13.38,13.41,13.12,13.19,1337818,18379400.00
2021/10/12,13.21,13.27,12.96,13.18,864722,11753047.00
2021/10/13,13.15,13.25,13.06,13.21,759518,10385584.00
2021/10/14,13.25,13.25,13.10,13.16,519880,7108300.00
2021/10/15,13.20,13.27,13.11,13.12,545400,7471808.00
2021/10/18,13.12,13.27,13.00,13.15,618700,8442468.00
2021/10/19,13.29,13.33,13.14,13.19,644168,8843603.00
2021/10/20,13.18,13.26,13.09,13.12,541368,7388671.00
2021/10/21,13.20,13.20,13.08,13.08,569600,7758563.00
2021/10/22,13.06,13.08,12.68,12.69,1002200,13370857.00
2021/10/25,12.69,12.92,12.67,12.86,493600,6583354.00
2021/10/26,12.89,13.08,12.78,13.03,1108342,14844604.00
2021/10/27,12.76,12.90,12.31,12.52,1908857,24816888.00
2021/10/28,12.28,12.50,12.20,12.20,821400,10494541.00
2021/10/29,12.21,12.43,12.20,12.39,518100,6650308.00
2021/11/01,12.40,12.82,12.29,12.71,963074,12676662.00
2021/11/02,12.67,13.22,12.67,12.82,1543092,20717548.00
2021/11/03,12.70,13.08,12.70,12.97,961792,12916927.00
2021/11/04,13.30,13.33,13.04,13.24,1218308,16602253.00
2021/11/05,13.37,14.61,13.37,14.61,7035197,105077368.00
2021/11/08,15.05,16.09,14.61,15.50,14669304,232064320.00
2021/11/09,15.12,15.12,14.54,14.79,7104697,108599464.00
2021/11/10,14.67,15.12,14.56,15.09,6151571,94947192.00
2021/11/11,14.55,15.58,14.55,15.37,5687785,88827344.00
2021/11/12,15.47,15.48,14.84,15.16,5524896,86100456.00
2021/11/15,15.16,16.03,15.01,15.88,6850612,110608640.00
2021/11/16,16.00,16.05,15.52,15.52,3357425,54321016.00
2021/11/17,15.57,17.12,15.40,17.12,11022821,188435216.00
2021/11/18,17.18,17.48,16.44,17.21,8545127,149138000.00
2021/11/19,16.71,18.15,16.27,16.78,17290497,305428768.00
2021/11/22,16.56,16.73,16.30,16.65,4727081,80439552.00
2021/11/23,16.67,16.77,16.13,16.21,3955600,66540664.00
2021/11/24,16.11,16.68,15.83,16.30,4717737,78884816.00
2021/11/25,16.16,16.39,15.97,16.17,3032700,50628072.00
2021/11/26,16.00,16.50,15.72,16.23,4073000,67775200.00
2021/11/29,16.11,16.75,15.80,16.36,6858800,116111144.00
2021/11/30,16.50,16.78,16.22,16.38,6301000,106993816.00
2021/12/01,16.30,16.74,15.95,16.18,7648462,129061760.00
2021/12/02,15.90,16.04,15.14,15.16,5489900,87299672.00
2021/12/03,15.31,15.84,14.81,15.31,4354800,68706144.00
2021/12/06,15.32,16.19,15.00,15.50,6417008,103982216.00
2021/12/07,15.65,15.80,14.85,14.97,4577600,71717152.00
2021/12/08,15.08,15.27,14.81,15.10,3093900,48040668.00
2021/12/09,15.10,15.68,14.98,15.05,2531112,39928352.00
2021/12/10,15.05,16.25,14.88,16.13,5722892,93009304.00
2021/12/13,16.15,16.70,16.02,16.48,4912900,82778472.00
2021/12/14,16.28,17.42,16.22,16.68,5054203,88235584.00
2021/12/15,16.95,17.10,16.05,16.12,3782101,63617860.00
2021/12/16,16.32,16.39,15.86,16.05,2221837,36691940.00
2021/12/17,16.11,16.11,15.66,15.84,2001700,32677946.00
2021/12/20,15.72,15.92,15.22,15.27,3051000,48996988.00
2021/12/21,15.31,16.85,15.31,16.20,9047658,153886416.00
2021/12/22,15.79,16.77,15.51,16.39,9189050,152377696.00
2021/12/23,16.52,16.76,16.22,16.50,4297225,72836904.00
2021/12/24,16.50,16.90,16.18,16.60,5456492,93128768.00
2021/12/27,16.39,16.86,16.13,16.61,3685461,62815536.00
2021/12/28,16.53,17.06,16.31,16.47,4670600,79943664.00
2021/12/29,16.57,16.58,15.94,16.10,3779700,63085028.00
2021/12/30,16.00,16.54,15.98,16.14,2822700,47288216.00
2021/12/31,16.13,16.94,15.72,15.89,8126712,135725472.00
2022/01/04,16.10,17.48,15.75,16.76,9715711,166478480.00
2022/01/05,16.61,17.13,16.43,17.03,7296500,126892592.00
2022/01/06,16.86,17.19,16.65,17.06,5112987,89291744.00
2022/01/07,17.06,17.16,16.10,16.18,5954966,101893880.00
2022/01/10,16.18,16.65,15.68,16.25,2741900,45799748.00
2022/01/11,16.18,17.02,16.10,16.35,3295092,56214400.00
2022/01/12,16.49,17.25,16.36,17.02,5028415,87650960.00
2022/01/13,17.03,17.26,16.65,16.94,3507378,61251488.00
2022/01/14,17.00,17.96,16.88,17.40,5913900,106819184.00
2022/01/17,17.45,17.94,17.10,17.93,5364100,96988040.00
2022/01/18,17.93,17.93,16.54,16.70,6607058,115804872.00
2022/01/19,16.76,16.87,16.40,16.70,2143637,36692572.00
2022/01/20,16.57,16.70,15.14,15.29,5630100,90918856.00
2022/01/21,15.33,15.51,14.77,15.04,2506344,38911960.00
2022/01/24,14.98,15.02,14.66,14.72,1383500,21136188.00
2022/01/25,14.79,14.79,13.80,13.85,1934829,28483560.00
2022/01/26,13.88,14.15,13.84,14.14,1663892,24182534.00
2022/01/27,14.20,14.22,13.58,13.59,1404700,20012126.00
2022/01/28,13.53,14.01,13.50,13.76,1162100,16601466.00
2022/02/07,14.05,14.05,13.61,13.76,1278000,18219570.00
2022/02/08,13.75,14.06,13.62,13.92,1322912,19016060.00
2022/02/09,13.88,14.40,13.88,14.23,1533000,22433700.00
2022/02/10,14.24,14.24,13.92,13.92,1440178,20902320.00
2022/02/11,13.92,14.00,13.53,13.55,1275900,18030898.00
2022/02/14,13.61,13.73,13.42,13.47,1116100,15678387.00
2022/02/15,13.51,13.65,13.33,13.48,910800,12721358.00
2022/02/16,13.56,13.68,13.38,13.61,1342100,18824724.00
2022/02/17,13.64,13.65,13.43,13.48,1337100,18744324.00
2022/02/18,13.48,13.65,13.38,13.60,971400,13602349.00
2022/02/21,13.57,13.81,13.50,13.77,1409492,19961352.00
2022/02/22,13.68,13.74,13.43,13.48,1369300,19210612.00
2022/02/23,13.50,13.76,13.48,13.75,1409419,19962032.00
2022/02/24,13.76,13.81,12.95,13.20,2498700,34736260.00
2022/02/25,13.31,13.66,13.31,13.46,1350292,18917320.00
2022/02/28,13.46,13.60,13.09,13.39,1044092,14427546.00
2022/03/01,13.45,13.59,13.41,13.50,808100,11319725.00
2022/03/02,13.40,13.55,13.40,13.53,607900,8499733.00
2022/03/03,13.57,13.62,13.50,13.58,762692,10733515.00
2022/03/04,13.43,13.70,13.35,13.44,1075800,15111974.00
2022/03/07,13.40,13.48,13.07,13.11,1185449,16256167.00
2022/03/08,13.19,13.19,12.55,12.62,1392000,18549428.00
2022/03/09,12.70,12.80,11.95,12.46,1542600,19979016.00
2022/03/10,12.64,12.93,12.64,12.70,1283500,17046588.00
2022/03/11,12.64,13.19,12.00,13.10,1470000,19486428.00
2022/03/14,13.10,13.10,12.55,12.60,1063900,14109644.00
2022/03/15,12.53,12.70,12.10,12.23,1155100,14920423.00
2022/03/16,12.40,12.73,11.99,12.62,1527500,19562960.00
2022/03/17,12.74,13.00,12.73,12.82,1423400,19008120.00
2022/03/18,12.80,12.93,12.76,12.91,788237,10525982.00
2022/03/21,12.98,13.12,12.75,13.08,1048000,14129496.00
2022/03/22,13.08,13.28,13.03,13.18,1106300,15105219.00
2022/03/23,13.20,13.60,13.16,13.30,1350146,18695784.00
2022/03/24,13.23,13.28,12.90,12.94,1000600,13555935.00
2022/03/25,12.94,13.26,12.92,13.02,1203800,16335930.00
2022/03/28,13.05,13.09,12.72,12.78,786012,10493570.00
2022/03/29,12.90,12.91,12.49,12.55,775600,10188646.00
2022/03/30,12.68,12.78,12.57,12.78,695600,9170269.00
2022/03/31,12.67,12.93,12.67,12.78,753900,10047814.00
2022/04/01,12.70,12.80,12.56,12.64,987000,12961184.00
2022/04/06,12.60,12.84,12.50,12.74,941870,12464477.00
2022/04/07,12.68,12.78,12.38,12.38,974400,12676978.00
2022/04/08,12.44,12.48,12.11,12.17,812300,10303148.00
2022/04/11,12.10,12.20,11.67,11.77,1330900,16463750.00
2022/04/12,11.61,12.01,11.61,12.00,960400,11812079.00
2022/04/13,11.88,11.94,11.76,11.76,398700,4916247.00
2022/04/14,11.78,11.90,11.72,11.88,626700,7711641.00
2022/04/15,11.80,11.83,11.56,11.70,1160500,14113222.00
2022/04/18,11.75,11.93,11.53,11.90,714311,8756130.00
2022/04/19,11.84,11.97,11.76,11.94,442300,5488833.00
2022/04/20,11.94,12.08,11.81,11.85,523100,6517623.00
2022/04/21,11.85,11.91,11.46,11.53,812400,9858869.00
2022/04/22,11.47,11.56,11.21,11.30,672300,7970442.00
2022/04/25,11.19,11.20,10.37,10.44,880700,9867051.00
2022/04/26,10.33,10.37,9.35,9.36,2124500,21678372.00
2022/04/27,9.00,9.33,8.54,9.17,2328092,21991996.00
2022/04/28,9.11,9.29,8.75,8.94,1301112,12324509.00
2022/04/29,9.03,9.65,8.99,9.51,1680695,16661444.00
2022/05/05,9.63,9.88,9.56,9.78,1263200,12956182.00
2022/05/06,9.40,9.69,9.31,9.50,2611200,26113320.00
2022/05/09,9.49,9.85,9.36,9.57,2481783,25020740.00
2022/05/10,9.43,9.91,9.36,9.88,2164844,22112948.00
2022/05/11,9.80,10.26,9.76,9.77,2426188,25535232.00
2022/05/12,9.77,10.12,9.72,9.98,1663644,17351160.00
2022/05/13,10.03,10.27,9.97,10.08,1624800,17206428.00
2022/05/16,10.12,10.35,10.12,10.24,1459192,15652323.00
2022/05/17,10.28,10.41,10.09,10.23,1238721,13234902.00
2022/05/18,10.18,10.88,10.16,10.67,2672100,29775456.00
2022/05/19,10.58,10.96,10.50,10.91,2519992,28437988.00
2022/05/20,10.97,11.40,10.96,11.18,2959092,34468492.00
2022/05/23,11.25,11.42,11.11,11.25,2071100,24310648.00
2022/05/24,11.25,11.37,10.64,10.68,2031393,23327520.00
2022/05/25,10.70,10.91,10.65,10.80,1515181,17048124.00
2022/05/26,11.00,11.00,10.50,10.76,1619792,18168916.00
2022/05/27,10.87,11.16,10.64,10.75,2359893,26873952.00
2022/05/30,11.06,11.06,10.64,10.90,1678137,18937796.00
2022/05/31,11.03,11.63,10.78,11.49,2875500,33794236.00
2022/06/01,11.39,12.11,11.34,11.92,3520892,43127024.00
2022/06/02,11.83,12.23,11.75,12.01,2020684,25086800.00
2022/06/06,11.96,12.34,11.83,12.23,2475000,31287392.00
2022/06/07,12.30,12.33,11.86,11.95,2336800,29062180.00
2022/06/08,12.02,12.02,11.48,11.84,2318500,28232996.00
2022/06/09,11.84,11.84,11.40,11.52,1638100,19632068.00
2022/06/10,11.44,11.77,11.35,11.72,1464500,17680410.00
2022/06/13,11.60,11.79,11.57,11.65,1072500,12990163.00
2022/06/14,11.61,11.64,11.25,11.59,1818100,21587350.00
2022/06/15,11.61,11.77,11.55,11.55,1427300,17264318.00
2022/06/16,11.58,11.70,11.44,11.48,1561200,18769632.00
2022/06/17,11.35,11.50,11.24,11.47,1210000,14329618.00
2022/06/20,11.55,11.63,11.42,11.57,1032816,12392673.00
2022/06/21,11.58,11.70,11.37,11.56,1229500,14760633.00
2022/06/22,11.54,11.59,11.18,11.18,1392000,16331097.00
2022/06/23,11.29,11.93,11.20,11.85,3304292,40149216.00
2022/06/24,11.83,12.17,11.81,11.93,1405200,17453842.00
2022/06/27,12.20,12.20,11.69,11.76,1537329,18879248.00
2022/06/28,11.75,12.30,11.71,12.26,1844500,23077478.00
2022/06/29,12.26,12.64,12.05,12.10,2223500,28503120.00
2022/06/30,12.14,12.34,12.05,12.10,1598681,20154014.00
2022/07/01,12.09,12.29,12.02,12.05,1471237,18544874.00
2022/07/04,12.45,12.74,12.08,12.55,3506616,45112544.00
2022/07/05,12.40,12.69,12.07,12.24,2498700,31902204.00
2022/07/06,12.18,12.44,12.10,12.22,1827100,23257076.00
2022/07/07,12.28,12.38,12.05,12.16,1345800,17001106.00
2022/07/08,12.17,12.56,12.15,12.18,1656981,21222148.00
2022/07/11,12.20,12.27,11.95,12.15,1321000,16614473.00
2022/07/12,12.17,12.21,11.55,11.68,1584700,19510556.00
2022/07/13,11.70,11.99,11.58,11.93,899300,11078842.00
2022/07/14,11.93,12.10,11.73,12.02,724100,9019107.00
2022/07/15,11.96,12.20,11.82,11.89,991000,12263856.00
2022/07/18,11.98,12.40,11.98,12.38,1696000,21553744.00
2022/07/19,12.41,12.53,12.31,12.46,982600,12663808.00
2022/07/20,12.46,12.50,12.23,12.35,1248937,15957154.00
2022/07/21,12.44,12.68,12.21,12.41,1530300,19815200.00
2022/07/22,12.46,12.55,12.25,12.35,1040200,13354942.00
2022/07/25,12.45,12.48,12.11,12.19,707288,8984210.00
2022/07/26,12.23,12.31,11.87,12.26,1076600,13494181.00
2022/07/27,12.13,12.42,12.08,12.35,988000,12642965.00
2022/07/28,12.40,12.70,12.31,12.61,1877500,24449012.00
2022/07/29,12.62,12.79,12.50,12.70,2099600,27581076.00
2022/08/01,12.68,12.86,12.56,12.81,1205100,15946680.00
2022/08/02,12.80,12.84,12.04,12.18,1614400,20668666.00
2022/08/03,12.26,12.53,11.92,11.98,1356700,17279776.00
2022/08/04,12.32,12.35,12.04,12.28,1090000,13752971.00
2022/08/05,12.38,12.70,12.25,12.69,1201212,15555553.00
2022/08/08,12.62,13.24,12.55,13.16,2279062,30648380.00
2022/08/09,13.10,13.25,12.94,13.22,1519192,20632280.00
2022/08/10,13.20,13.40,13.04,13.17,1116500,15281720.00
2022/08/11,13.35,13.40,13.19,13.31,1564700,21537960.00
2022/08/12,13.35,13.35,13.00,13.06,1338800,18222594.00
2022/08/15,13.03,13.19,12.96,13.06,1006580,13610609.00
2022/08/16,13.10,13.10,12.92,12.99,948200,12756449.00
2022/08/17,12.97,13.12,12.84,13.08,816300,10985529.00
2022/08/18,13.09,14.43,12.96,14.43,5990244,86348112.00
2022/08/19,14.81,15.92,14.12,14.77,13915016,213668480.00
2022/08/22,14.44,15.28,14.16,14.78,11004639,167567648.00
2022/08/23,14.43,15.29,14.43,15.03,9968080,153719760.00
2022/08/24,14.79,14.83,13.92,13.98,7250579,106480376.00
2022/08/25,14.07,14.23,12.81,13.06,6447691,88005232.00
2022/08/26,13.06,14.03,12.98,13.10,5233702,72855736.00
2022/08/29,12.75,13.04,12.55,12.72,3264029,43101748.00
2022/08/30,12.74,13.26,12.71,12.89,3131124,42074220.00
2022/08/31,13.01,13.12,12.16,12.26,3772102,48738204.00
2022/09/01,12.19,12.57,12.19,12.26,2236434,28582090.00
2022/09/02,12.24,12.75,12.23,12.70,2481800,32373936.00
2022/09/05,12.73,12.77,12.36,12.46,1661800,21514120.00
2022/09/06,12.55,12.63,12.30,12.48,1180866,15198011.00
2022/09/07,12.37,12.64,12.21,12.34,2031600,26054992.00
2022/09/08,12.34,12.41,12.01,12.02,2157400,27162572.00
2022/09/09,11.99,12.13,11.85,12.03,1566570,19504392.00
2022/09/13,12.08,12.33,12.03,12.11,1222500,15434578.00
2022/09/14,11.91,12.03,11.85,12.02,957518,11853576.00
2022/09/15,12.13,12.14,11.47,11.63,2171391,26367938.00
2022/09/16,11.57,11.72,11.48,11.48,1287800,15553203.00
2022/09/19,11.49,11.55,11.16,11.22,1238600,14502493.00
2022/09/20,11.29,11.43,11.27,11.35,833637,9836330.00
2022/09/21,11.45,11.50,11.07,11.37,852037,10025141.00
2022/09/22,11.49,11.54,11.21,11.29,802737,9474566.00
2022/09/23,11.28,11.32,10.88,10.92,1273800,14657451.00
2022/09/26,10.88,10.93,10.40,10.63,1504600,16737053.00
2022/09/27,10.67,11.12,10.55,11.10,1493800,16964536.00
2022/09/28,11.04,11.15,10.90,10.91,1056180,12113339.00
2022/09/29,11.05,11.10,10.58,10.68,1519680,17047064.00
2022/09/30,10.60,10.85,10.55,10.66,1117800,12469162.00
2022/10/10,10.66,10.78,10.37,10.40,960500,10487424.00
2022/10/11,10.39,10.59,10.19,10.47,848400,9213466.00
2022/10/12,10.55,10.87,10.35,10.87,1316500,14591488.00
2022/10/13,10.86,11.15,10.75,10.99,1468300,16809582.00
2022/10/14,10.99,11.43,10.89,11.17,1133800,13203918.00
2022/10/17,11.18,11.63,11.17,11.62,1698600,20279180.00
2022/10/18,11.62,11.71,11.43,11.56,993600,11907613.00
2022/10/19,11.43,11.67,11.43,11.46,929300,11142476.00
2022/10/20,11.45,11.77,11.25,11.65,1204600,14488077.00
2022/10/21,11.61,11.75,11.51,11.69,919300,11143614.00
2022/10/24,11.97,12.03,11.59,11.61,1377800,16905080.00
2022/10/25,11.36,11.81,11.25,11.36,1771500,21030442.00
2022/10/26,11.33,12.00,11.32,11.88,2261492,27699588.00
2022/10/27,12.56,13.11,12.56,13.11,2205492,29660278.00
2022/10/28,13.55,14.15,13.11,13.11,13831279,196120720.00
2022/10/31,13.00,13.31,12.68,12.78,8532400,113983392.00
2022/11/01,13.01,13.79,12.98,13.60,7665748,106425888.00
2022/11/02,13.69,15.01,13.69,15.01,7224662,109317320.00
2022/11/03,15.05,15.42,14.13,14.43,12889739,195251376.00
2022/11/04,14.21,14.80,14.15,14.40,6950699,102914872.00
2022/11/07,14.36,15.12,14.23,15.00,8400500,128552368.00
2022/11/08,14.78,15.00,14.42,14.71,4079400,61409616.00
2022/11/09,14.95,15.23,14.19,15.13,4805281,73547808.00
2022/11/10,15.11,15.53,14.80,15.10,4072400,63454768.00
2022/11/11,15.09,15.35,14.52,14.59,5090800,77859984.00
2022/11/14,14.69,14.88,14.20,14.52,3516100,53145984.00
2022/11/15,14.49,15.06,14.30,14.79,4600612,69985816.00
2022/11/16,14.84,15.06,14.71,14.96,3062755,46988392.00
2022/11/17,14.78,14.97,14.55,14.73,3050300,46268576.00
2022/11/18,14.90,15.07,14.45,14.55,2733700,41122416.00
2022/11/21,14.63,14.72,14.20,14.70,1696500,25506820.00
2022/11/22,14.70,14.85,14.38,14.39,1638400,24665008.00
2022/11/23,14.19,14.69,13.75,14.19,3062895,44571748.00
2022/11/24,14.19,14.61,14.17,14.31,2427500,35856548.00
2022/11/25,14.53,15.61,14.18,14.45,6164200,94644416.00
2022/11/28,14.04,14.49,13.88,14.14,3892488,56844444.00
2022/11/29,14.35,14.35,13.92,14.04,1807100,26192822.00
2022/11/30,14.04,14.19,13.70,14.07,2556000,36882536.00
2022/12/01,14.15,15.36,14.07,14.96,4492000,68913672.00
2022/12/02,14.97,15.14,14.54,14.58,2491900,37897008.00
2022/12/05,14.82,15.05,14.50,14.84,2561500,39083752.00
2022/12/06,14.89,15.27,14.72,14.89,2360700,36351544.00
2022/12/07,14.89,14.89,14.41,14.43,1609000,24139704.00
2022/12/08,14.60,14.65,14.19,14.27,1421000,20941340.00
2022/12/09,14.27,14.50,14.11,14.25,1553300,22980098.00
2022/12/12,14.26,14.94,14.15,14.72,2340537,35182788.00
2022/12/13,14.75,14.86,14.18,14.28,1686900,25084808.00
2022/12/14,14.30,15.01,14.30,14.75,2313500,35141996.00
2022/12/15,14.35,14.99,14.35,14.85,1823500,27775332.00
2022/12/16,14.71,14.86,14.16,14.16,1764725,26178532.00
2022/12/19,14.05,14.50,13.84,13.95,1139500,16465363.00
2022/12/20,13.84,14.09,13.67,13.90,790500,11334508.00
2022/12/21,13.88,14.01,13.50,13.69,925600,13101686.00
2022/12/22,13.75,13.78,13.42,13.46,1077000,15144260.00
2022/12/23,13.55,13.55,13.15,13.43,931600,12873464.00
2022/12/26,13.27,13.87,13.27,13.82,901700,12768378.00
2022/12/27,13.93,13.93,13.48,13.63,704900,9911075.00
2022/12/28,13.59,13.71,13.22,13.30,990900,13743732.00
2022/12/29,13.46,13.60,13.15,13.27,1578600,21862318.00
2022/12/30,13.52,13.55,13.26,13.35,1090300,15088496.00
2023/01/03,13.23,13.71,13.18,13.58,2057400,28716588.00
2023/01/04,13.40,14.25,13.40,14.01,2709600,39303576.00
2023/01/05,13.90,14.31,13.82,14.31,1878341,27401704.00
2023/01/06,14.19,14.41,14.05,14.20,1346300,19691264.00
2023/01/09,14.81,15.67,14.20,15.67,4183540,65273984.00
2023/01/10,16.15,16.21,14.92,15.25,10203022,161705328.00
2023/01/11,15.08,15.93,14.96,15.81,10498037,168511504.00
2023/01/12,15.70,16.05,15.46,15.70,6258236,101465640.00
2023/01/13,15.80,15.98,15.59,15.70,3867742,62890756.00
2023/01/16,15.72,16.08,15.69,15.74,4023843,65516024.00
2023/01/17,15.95,16.39,15.72,16.26,4262616,70814232.00
2023/01/18,16.11,16.43,15.74,16.08,3148000,51803868.00
2023/01/19,16.27,17.30,16.01,17.03,4131043,71057720.00
2023/01/20,17.03,17.24,16.47,16.67,2838964,49045288.00
2023/01/30,16.73,17.04,16.27,16.39,3976061,67244760.00
2023/01/31,16.32,16.49,16.03,16.32,3307243,55094400.00
2023/02/01,16.32,16.58,16.20,16.40,3410654,57538880.00
2023/02/02,16.13,16.60,16.05,16.16,2663363,44488320.00
2023/02/03,16.16,16.64,16.15,16.31,2557843,42958404.00
2023/02/06,16.18,16.32,15.93,16.07,1902200,31427924.00
2023/02/07,16.24,16.27,15.97,16.22,1228208,20372320.00
2023/02/08,16.13,16.38,16.00,16.10,1297416,21556190.00
2023/02/09,15.99,16.28,15.96,16.27,1622500,26980342.00
2023/02/10,16.16,16.40,16.03,16.10,1457200,24244600.00
2023/02/13,16.13,16.13,15.75,15.95,1864600,30594884.00
2023/02/14,16.04,16.13,15.87,15.92,1290948,21221380.00
2023/02/15,15.95,16.32,15.85,16.11,1566500,25923552.00
2023/02/16,16.11,16.29,15.56,15.71,1578800,25992778.00
2023/02/17,15.72,15.81,15.32,15.38,1211643,19347076.00
2023/02/20,15.43,15.83,15.23,15.80,1352000,21643080.00
2023/02/21,15.80,15.87,15.47,15.60,1190500,19178826.00
2023/02/22,15.55,15.70,15.45,15.64,1251100,20073268.00
2023/02/23,15.65,15.80,15.43,15.67,1559300,25007932.00
2023/02/24,15.67,15.92,15.62,15.82,1476300,24019920.00
2023/02/27,15.75,16.45,15.70,16.04,2802030,46428964.00
2023/02/28,16.12,16.55,15.98,16.24,2530400,42195528.00
2023/03/01,16.49,16.49,15.97,16.30,2041400,33961628.00
2023/03/02,16.34,16.42,16.10,16.20,1409370,23451260.00
2023/03/03,16.30,16.35,15.97,16.09,1204700,19960444.00
2023/03/06,16.22,16.33,15.87,16.16,2414592,40179228.00
2023/03/07,16.12,16.49,15.71,15.72,1872430,30815624.00
2023/03/08,15.68,15.98,15.68,15.95,973700,15907843.00
2023/03/09,16.05,16.30,15.93,16.25,1259825,20958368.00
2023/03/10,16.17,16.43,16.03,16.06,1213200,20196560.00
2023/03/13,16.03,16.10,15.58,15.72,1899625,30774352.00
2023/03/14,15.84,15.85,15.50,15.68,1860625,29944636.00
2023/03/15,15.68,16.26,15.65,16.12,1339400,22118104.00
2023/03/16,16.12,16.19,15.43,15.43,1604700,25936496.00
2023/03/17,15.45,15.86,15.25,15.36,1535800,24509824.00
2023/03/20,15.50,15.71,15.34,15.57,1659993,26593580.00
2023/03/21,15.58,15.93,15.50,15.92,1467600,23834464.00
2023/03/22,15.86,16.67,15.86,16.54,3208900,54078176.00
2023/03/23,16.55,16.64,16.32,16.54,1760400,29847292.00
2023/03/24,16.58,17.04,16.54,16.84,1851601,31991554.00
2023/03/27,16.91,17.09,16.38,16.65,1689849,28918824.00
2023/03/28,16.88,16.89,16.35,16.46,1514400,25748124.00
2023/03/29,16.53,16.72,16.22,16.50,1666700,28223558.00
2023/03/30,16.53,17.41,16.38,17.27,4577791,79883408.00
2023/03/31,17.10,17.23,15.59,15.66,7449362,121900576.00
2023/04/03,15.65,15.83,15.26,15.44,4598335,73125088.00
2023/04/04,15.44,15.46,14.66,14.85,4937833,76086464.00
2023/04/06,14.85,14.95,14.60,14.72,2727900,41401144.00
2023/04/07,14.72,14.73,14.16,14.39,3955600,58420196.00
2023/04/10,14.28,14.67,13.98,14.15,4266630,63025248.00
2023/04/11,14.19,14.19,13.43,13.56,5270445,74040376.00
2023/04/12,13.66,13.93,13.57,13.93,4125916,58613472.00
2023/04/13,13.90,14.04,13.62,13.68,2850192,40466376.00
2023/04/14,13.68,13.94,13.54,13.85,2526816,35904472.00
2023/04/17,13.79,14.27,13.73,14.08,3679237,53592716.00
2023/04/18,14.14,14.16,13.78,13.85,2445800,35020616.00
2023/04/19,13.87,14.13,13.80,13.99,2149543,30994660.00
2023/04/20,13.99,14.10,13.77,14.04,1910000,27526744.00
2023/04/21,14.04,14.05,13.46,13.47,2216185,31217550.00
2023/04/24,13.51,13.82,13.45,13.61,2117996,29766932.00
2023/04/25,13.51,13.53,12.73,12.93,2150895,28996676.00
2023/04/26,12.95,13.28,12.93,13.15,1703896,23154254.00
2023/04/27,13.10,13.64,12.96,13.48,1839300,25581556.00
2023/04/28,13.39,13.90,13.39,13.75,1940758,27438208.00
2023/05/04,13.77,13.81,13.35,13.67,2933600,41194968.00
2023/05/05,13.61,13.61,13.33,13.38,1556458,21607712.00
2023/05/08,13.33,13.48,13.27,13.34,1434058,19801392.00
2023/05/09,13.33,13.41,13.05,13.08,1756658,23882968.00
2023/05/10,13.03,13.07,12.68,12.76,3146443,41602892.00
2023/05/11,12.80,13.10,12.80,13.01,1458795,19605122.00
2023/05/12,12.93,13.12,12.73,12.78,1159343,15435523.00
2023/05/15,12.93,12.93,12.56,12.86,2444532,32310538.00
2023/05/16,12.89,12.89,12.63,12.77,2065000,27223882.00
2023/05/17,12.77,13.00,12.69,12.99,2228800,29763180.00
2023/05/18,13.05,13.75,12.90,13.49,3716543,51595660.00
2023/05/19,13.44,13.97,13.35,13.89,3640000,51428580.00
2023/05/22,13.89,14.15,13.75,13.85,3170100,45410744.00
2023/05/23,14.06,14.06,13.63,13.72,2381460,33818008.00
2023/05/24,13.62,13.84,13.57,13.63,2240900,31710796.00
2023/05/25,13.63,13.89,13.53,13.80,1732900,24537960.00
2023/05/26,13.78,14.01,13.67,13.95,1520643,21784348.00
2023/05/29,14.01,14.14,13.88,14.06,1822400,26351126.00
2023/05/30,13.93,14.10,13.88,14.05,1535800,22201628.00
2023/05/31,14.05,14.44,14.05,14.24,1742800,25372852.00
2023/06/01,14.30,14.50,13.80,14.32,3588800,52345596.00
2023/06/02,14.48,15.79,14.37,15.79,6836000,107692624.00
2023/06/05,15.98,15.98,14.76,15.65,19003559,294468000.00
2023/06/06,15.19,15.20,14.52,14.73,11834223,179800496.00
2023/06/07,14.93,16.24,14.90,16.24,6459600,105818984.00
2023/06/08,16.65,17.40,16.06,16.34,26085517,448430752.00
2023/06/09,15.51,16.28,15.51,15.95,14899251,241139152.00
2023/06/12,15.70,16.06,15.35,15.73,10568597,170005056.00
2023/06/13,15.76,16.05,15.15,15.66,10256915,162805920.00
2023/06/14,15.42,15.55,15.16,15.29,7115312,111245544.00
2023/06/15,15.19,15.29,14.96,15.02,6215715,95934064.00
2023/06/16,15.01,15.12,14.81,14.91,4919600,75257824.00
2023/06/19,14.91,15.17,14.87,15.06,5302487,81654624.00
2023/06/20,15.07,15.42,14.58,15.41,7926287,121962688.00
2023/06/21,15.36,15.39,14.62,14.67,5871900,89576032.00
2023/06/26,14.53,14.71,14.05,14.15,4215700,61832064.00
2023/06/27,14.23,14.54,14.23,14.46,2283100,33673048.00
2023/06/28,14.45,14.46,13.95,14.39,2426500,35417424.00
2023/06/29,14.43,15.49,14.35,15.22,5932400,91382696.00
2023/06/30,15.18,15.32,15.00,15.15,3023000,46820016.00
2023/07/03,15.20,15.39,15.07,15.14,3779187,58725208.00
2023/07/04,15.04,15.63,15.00,15.56,5426687,85789080.00
2023/07/05,15.59,15.87,15.40,15.65,6262038,100463800.00
2023/07/06,15.52,15.74,15.40,15.69,3320372,53155600.00
2023/07/07,15.63,15.89,15.41,15.80,4460890,71466904.00
2023/07/10,15.65,15.84,15.37,15.39,3283800,52004936.00
2023/07/11,15.44,15.74,15.33,15.62,3358300,53643524.00
2023/07/12,15.58,15.87,15.37,15.41,2493700,39731420.00
2023/07/13,15.44,15.73,15.31,15.66,2649200,42089028.00
2023/07/14,15.66,16.09,15.60,16.03,5373012,87603472.00
2023/07/17,15.91,16.17,15.70,15.82,3550900,57632136.00
2023/07/18,15.87,16.13,15.66,15.84,2700100,43599488.00
2023/07/19,15.80,15.80,15.31,15.43,2658500,42030796.00
2023/07/20,15.57,15.57,14.72,14.75,3664500,56102184.00
2023/07/21,14.94,14.98,14.56,14.59,2700400,40637844.00
2023/07/24,14.80,14.90,14.58,14.74,1904300,28778488.00
2023/07/25,14.91,15.12,14.79,15.08,1970237,30187852.00
2023/07/26,15.01,15.08,14.73,14.78,1617900,24589648.00
2023/07/27,14.81,14.91,14.43,14.47,1391200,20879244.00
2023/07/28,14.53,14.59,14.36,14.53,1095300,16260652.00
2023/07/31,14.52,14.62,14.31,14.41,1807688,26800770.00
2023/08/01,14.43,14.49,14.17,14.41,1736200,25445568.00
2023/08/02,14.38,14.38,14.23,14.30,1218600,17849418.00
2023/08/03,14.30,14.31,14.06,14.17,1378600,20001704.00
2023/08/04,14.17,14.37,14.10,14.22,1145300,16748615.00
2023/08/07,14.17,14.23,14.03,14.19,1697100,24554238.00
2023/08/08,14.39,14.39,14.05,14.08,1526200,22115652.00
2023/08/09,14.05,14.14,13.86,13.88,1508300,21551550.00
2023/08/10,13.88,14.12,13.85,14.06,982800,14149627.00
2023/08/11,14.05,14.05,13.76,13.77,1264500,18003012.00
2023/08/14,13.71,13.91,13.61,13.83,1453700,20478380.00
2023/08/15,13.83,13.91,13.65,13.67,819700,11557694.00
2023/08/16,13.69,13.78,13.48,13.48,1002200,13997445.00
2023/08/17,13.45,13.86,13.37,13.81,1469300,20591384.00
2023/08/18,13.88,14.01,13.53,13.54,1224500,17267316.00
2023/08/21,13.48,13.78,13.38,13.40,1632100,22709884.00
2023/08/22,13.60,13.67,13.26,13.62,1706390,23557796.00
2023/08/23,13.62,13.62,13.30,13.33,1254600,17251192.00
2023/08/24,13.35,13.54,13.21,13.30,1313200,18026166.00
2023/08/25,13.22,13.30,12.93,12.98,1239390,16666537.00
2023/08/28,13.55,13.65,12.95,13.03,1627792,22208136.00
2023/08/29,12.95,13.83,12.94,13.81,2531892,35034888.00
2023/08/30,13.87,14.41,13.81,14.25,2576600,37578920.00
2023/08/31,14.28,14.50,14.16,14.45,2432800,35872864.00
2023/09/01,14.41,14.52,14.25,14.35,1525900,22395828.00
2023/09/04,14.32,14.47,14.15,14.34,1871400,27331246.00
2023/09/05,14.32,14.58,14.32,14.47,1446300,21429282.00
2023/09/06,14.56,14.62,14.35,14.61,1409843,20994220.00
2023/09/07,14.57,14.61,14.27,14.29,2063872,30440394.00
2023/09/08,14.20,14.42,14.16,14.35,1398000,20508832.00
2023/09/11,14.48,14.80,14.31,14.63,2241700,33427992.00
2023/09/12,14.46,14.65,14.33,14.45,1486000,21976614.00
2023/09/13,14.44,14.44,14.01,14.14,1165000,16936302.00
2023/09/14,14.21,14.30,13.95,14.02,931600,13429305.00
2023/09/15,14.16,14.24,13.85,13.96,1033900,14843326.00
2023/09/18,14.03,14.25,13.81,14.06,1197800,17252392.00
2023/09/19,14.09,14.27,13.73,13.83,1297600,18445344.00
2023/09/20,13.80,14.00,13.58,13.63,1359100,19143638.00
2023/09/21,13.66,13.75,13.48,13.59,1051400,14669220.00
2023/09/22,13.52,14.03,13.43,14.03,1712100,24358314.00
2023/09/25,13.96,14.09,13.70,13.86,1243500,17635372.00
2023/09/26,13.79,14.04,13.63,13.71,1010400,14223038.00
2023/09/27,13.70,13.95,13.58,13.73,1496300,21163656.00
2023/09/28,13.83,14.38,13.75,14.32,2723500,39566176.00
2023/10/09,14.24,14.39,14.01,14.16,2686400,38946368.00
2023/10/10,14.16,14.35,14.16,14.31,1323000,19345204.00
2023/10/11,14.40,15.78,14.28,15.34,12801300,201137600.00
2023/10/12,15.30,15.30,14.81,15.14,10889200,167273696.00
2023/10/13,15.24,15.24,14.85,15.11,5566737,85755928.00
2023/10/16,15.08,15.22,14.67,14.81,4049162,61564292.00
2023/10/17,14.80,14.95,14.50,14.66,2712400,40650796.00
2023/10/18,14.66,14.77,14.44,14.44,2138216,31797660.00
2023/10/19,14.37,14.70,14.35,14.42,2262832,33659304.00
2023/10/20,14.29,14.51,14.04,14.11,2228000,32514680.00
2023/10/23,14.03,14.19,13.83,13.89,2071900,29723792.00
2023/10/24,14.03,14.50,13.71,14.32,1897900,27543444.00
2023/10/25,14.42,14.54,14.00,14.54,1879500,27458548.00
2023/10/26,14.33,14.58,14.12,14.51,2052400,30233412.00
2023/10/27,14.50,14.73,14.27,14.55,1746700,26006228.00
2023/10/30,14.48,15.31,14.43,15.17,3957716,60672132.00
2023/10/31,15.10,15.64,15.10,15.20,3926800,61655688.00
2023/11/01,15.13,15.43,14.96,15.36,2451600,38367064.00
2023/11/02,15.40,15.44,15.07,15.11,1663100,25876872.00
2023/11/03,15.16,15.54,15.03,15.47,2083900,32792552.00
2023/11/06,15.44,16.00,15.44,15.84,3623100,58215152.00
2023/11/07,15.84,17.46,15.79,17.46,6154500,105378000.00
2023/11/08,19.24,19.24,19.24,19.24,1129600,22128864.00
2023/11/09,21.20,21.20,21.20,21.20,1464343,31556592.00
2023/11/10,23.32,23.32,19.05,19.05,26222005,552142272.00
2023/11/13,18.82,19.98,18.15,19.12,22034218,428252288.00
2023/11/14,18.83,18.85,18.19,18.52,14859312,279696160.00
2023/11/15,18.81,19.34,18.44,19.19,15755450,303352064.00
2023/11/16,19.10,20.12,19.00,19.57,18219272,365406016.00
2023/11/17,19.31,20.33,18.79,20.01,18234492,366375840.00
2023/11/20,19.64,19.64,18.31,18.72,16973092,324207680.00
2023/11/21,18.66,20.63,18.41,20.63,10199000,208520896.00
2023/11/22,21.95,22.73,21.95,22.73,7677692,174005632.00
2023/11/23,24.55,25.04,22.80,25.04,25981901,645442048.00
2023/11/24,25.95,27.58,22.88,27.58,31512024,830444864.00
2023/11/27,27.37,30.37,27.35,30.37,33568319,987101184.00
2023/11/28,29.65,33.44,27.30,29.98,48386179,1509594240.00
2023/11/29,26.95,26.95,26.95,26.95,1385500,37824152.00
2023/11/30,24.22,26.95,24.22,25.82,34059063,879426240.00
2023/12/01,25.12,28.44,24.86,28.44,25586651,690163136.00
2023/12/04,28.65,31.32,27.68,31.32,27482792,823437440.00
2023/12/05,32.15,34.49,29.52,34.49,31841477,1045965952.00
2023/12/06,33.65,34.63,31.01,31.01,36250217,1154381824.00
2023/12/07,27.89,27.89,27.89,27.89,2618200,73571424.00
2023/12/08,25.08,26.21,25.08,25.08,23742685,604657088.00
2023/12/11,24.66,26.39,24.16,26.24,25723167,662792448.00
2023/12/12,26.09,27.36,25.84,26.55,25715861,688690688.00
2023/12/13,26.12,27.89,25.34,26.34,23370776,631929664.00
2023/12/14,26.35,26.59,23.69,23.69,23581115,585957888.00
2023/12/15,23.07,24.31,22.64,23.98,16919800,401667872.00
2023/12/18,23.79,24.19,23.19,23.50,11742002,279468256.00
2023/12/19,23.74,24.20,23.23,23.30,11335285,270389216.00
2023/12/20,23.56,24.91,23.30,24.13,18268097,445407648.00
2023/12/21,23.54,23.73,22.68,23.57,13321065,312622336.00
2023/12/22,23.54,24.49,23.17,23.44,13161157,316438816.00
2023/12/25,23.10,23.95,22.82,23.93,10207300,242822912.00
2023/12/26,24.09,26.34,23.90,25.73,29602074,758199616.00
2023/12/27,25.17,25.17,23.59,24.84,19952546,491553504.00
2023/12/28,24.29,24.73,22.99,23.58,16029812,383649632.00
2023/12/29,23.27,25.96,23.09,25.96,16216625,409288448.00
2024/01/02,26.69,27.63,25.73,25.73,30150664,808791424.00
2024/01/03,25.90,27.41,24.80,26.89,26576182,700328448.00
2024/01/04,25.90,29.00,25.90,27.60,31007109,866432448.00
2024/01/05,26.79,27.27,24.82,24.82,21595689,550580544.00
2024/01/08,23.79,23.97,22.32,22.32,17605550,405197408.00
2024/01/09,22.06,22.70,21.29,21.70,15598200,345077152.00
2024/01/10,21.39,21.40,20.42,20.54,12646320,264373312.00
2024/01/11,20.30,21.22,20.30,21.13,9450365,199841872.00
2024/01/12,21.13,21.35,20.27,20.50,8326182,173323424.00
2024/01/15,20.49,20.49,19.79,20.29,5865585,119945016.00
2024/01/16,20.29,20.34,19.67,20.08,6113400,122850032.00
2024/01/17,19.99,20.38,19.72,19.73,5566693,112804352.00
2024/01/18,19.69,20.08,19.35,20.04,6418300,127870608.00
2024/01/19,19.94,20.12,19.60,19.61,4563700,91393432.00
2024/01/22,19.74,20.22,18.61,18.76,7562700,148670704.00
2024/01/23,18.75,19.63,18.54,18.88,6738242,129548520.00
2024/01/24,18.92,19.07,18.07,18.70,5802701,108606392.00
2024/01/25,18.62,19.34,18.56,19.30,6240035,120148400.00
2024/01/26,19.21,19.45,18.87,18.94,4245100,82277592.00
2024/01/29,18.88,19.14,18.09,18.13,4498400,83840824.00
2024/01/30,18.19,18.35,17.61,17.61,3499800,63608072.00
2024/01/31,17.50,17.83,16.73,16.80,4572871,79375512.00
2024/02/01,16.80,17.13,16.29,16.67,4240300,71800792.00
2024/02/02,16.90,18.36,16.90,18.36,3095000,56717680.00
2024/02/05,19.47,19.53,16.50,16.50,16218000,289141760.00
2024/02/06,14.83,15.69,14.83,14.85,13727100,208852144.00
2024/02/07,14.85,14.85,13.34,13.34,15480892,217011328.00
2024/02/08,12.89,14.39,12.51,14.24,14888817,203425648.00
2024/02/19,14.19,15.14,13.81,15.06,12357335,184064768.00
2024/02/20,15.06,16.27,14.70,15.59,11652100,182395744.00
2024/02/21,15.39,16.61,15.10,16.04,11863170,193504576.00
2024/02/22,15.90,17.67,15.77,17.67,12544900,211509728.00
2024/02/23,17.98,18.78,17.48,18.47,17924955,330284000.00
2024/02/26,18.21,18.57,17.63,18.13,13836550,252767200.00
2024/02/27,17.97,19.67,17.79,19.34,16267955,308805632.00
2024/02/28,19.22,19.22,17.39,17.39,16335120,304423744.00
2024/02/29,18.26,18.73,17.59,18.22,13131351,240633408.00
2024/03/01,18.32,19.09,18.13,18.88,14039935,265517728.00
2024/03/04,18.75,20.79,18.29,20.30,23677283,474604192.00
2024/03/05,20.01,20.14,18.99,19.29,17688515,347602880.00
2024/03/06,18.97,19.34,18.69,18.97,10253000,196341568.00
2024/03/07,19.12,19.77,18.53,19.17,12465116,242453104.00
2024/03/08,18.90,19.71,18.56,19.54,11281716,219877376.00
2024/03/11,20.77,21.52,20.19,21.52,8599050,183563776.00
2024/03/12,22.62,23.24,21.42,21.49,28802550,645917888.00
2024/03/13,21.22,23.66,21.22,22.96,26779729,613375808.00
2024/03/14,22.18,22.56,21.64,22.05,16207229,360415584.00
2024/03/15,21.99,21.99,21.11,21.73,10360300,225727008.00
2024/03/18,21.89,22.66,21.87,22.34,11730662,263504736.00
2024/03/19,22.29,22.94,21.79,21.81,12088054,272104576.00
2024/03/20,21.67,22.01,21.42,21.85,8570737,187728800.00
2024/03/21,21.84,22.19,21.44,21.44,7778400,170480528.00
2024/03/22,21.44,21.62,20.59,21.11,7578050,161331696.00
2024/03/25,20.72,21.56,20.43,20.48,7295443,154674160.00
2024/03/26,20.29,20.64,19.59,20.12,6648800,134587520.00
2024/03/27,20.00,20.09,18.47,18.51,7666731,147807520.00
2024/03/28,18.55,19.57,18.55,19.39,6579700,127446080.00
2024/03/29,19.34,20.14,19.29,20.13,7023000,140373408.00
2024/04/01,20.30,20.99,19.89,20.97,8245300,170438368.00
2024/04/02,20.87,23.09,20.70,21.59,20173350,449373632.00
2024/04/03,20.80,21.19,19.51,19.93,13136085,266684640.00
2024/04/08,19.88,19.94,18.99,19.16,7199143,140963888.00
2024/04/09,18.90,19.26,18.59,19.14,6032650,115290912.00
2024/04/10,18.93,19.08,17.89,18.02,6830300,126030792.00
2024/04/11,17.90,18.58,17.82,18.17,5898800,109512552.00
2024/04/12,18.27,18.76,18.17,18.44,4884000,91283496.00
2024/04/15,18.44,18.44,16.69,17.02,7699500,134061328.00
2024/04/16,17.93,18.45,16.71,16.83,9851400,174753472.00
2024/04/17,17.14,17.94,17.14,17.94,8275800,148246480.00
2024/04/18,17.79,18.52,17.42,18.17,7567500,138161152.00
2024/04/19,17.77,18.17,17.04,17.29,6398700,112630736.00
2024/04/22,16.59,17.02,16.37,16.76,4226820,71564688.00
2024/04/23,16.98,17.21,16.80,17.01,3744400,64337944.00
2024/04/24,16.96,17.68,16.93,17.68,4915210,86540496.00
2024/04/25,17.58,18.39,17.44,18.24,5382710,97430472.00
2024/04/26,17.69,18.39,17.45,18.19,7390737,134922608.00
2024/04/29,18.08,18.83,18.08,18.83,6819837,128350976.00
2024/04/30,19.00,19.06,18.11,18.44,5278485,98431416.00
2024/05/06,18.69,19.24,18.57,19.01,6830600,130553000.00
2024/05/07,19.18,19.33,18.87,18.92,6832010,131716488.00
2024/05/08,18.89,18.89,18.29,18.31,4350660,81289000.00
2024/05/09,18.29,18.91,18.29,18.87,4760900,90056816.00
2024/05/10,19.04,19.16,18.39,18.43,6594700,125027080.00
2024/05/13,18.15,18.25,17.51,17.53,4459700,80016616.00
2024/05/14,17.69,19.30,17.69,18.68,13924885,266440848.00
2024/05/15,18.35,18.69,17.99,17.99,9035431,166829280.00
2024/05/16,18.07,18.29,17.82,17.89,4708554,85872960.00
2024/05/17,17.80,18.45,17.59,18.43,5749903,105526176.00
2024/05/20,18.30,18.59,18.16,18.27,4211100,77986784.00
2024/05/21,18.09,18.39,17.99,18.28,2709100,49540060.00
2024/05/22,18.42,18.80,18.18,18.74,5236600,97836424.00
2024/05/23,18.69,18.69,17.96,17.99,4247800,77572608.00
2024/05/24,17.94,18.03,17.45,17.47,3589700,63448352.00
2024/05/27,17.44,17.67,16.85,17.67,3890800,67299560.00
2024/05/28,17.37,17.61,17.18,17.21,2398000,41645664.00
2024/05/29,17.20,17.61,17.10,17.36,2372000,41417136.00
2024/05/30,17.18,17.54,16.89,17.29,1750600,30441192.00
2024/05/31,17.28,18.11,17.10,17.92,4371800,78411408.00
2024/06/03,17.74,18.03,17.43,17.64,3230000,57388544.00
2024/06/04,17.77,17.77,16.69,16.99,4139600,70593824.00
2024/06/05,16.85,17.11,16.63,16.63,2631700,44468200.00
2024/06/06,16.75,17.02,15.83,15.97,4823000,78803896.00
2024/06/07,16.16,16.58,16.08,16.43,3562254,58549228.00
2024/06/11,16.45,16.77,15.79,16.76,3193274,52715008.00
2024/06/12,17.06,17.72,17.05,17.42,6013292,104829376.00
2024/06/13,17.51,17.51,16.89,16.93,5046300,87363792.00
2024/06/14,16.88,17.15,16.77,17.10,3340800,56973336.00
2024/06/17,16.95,17.31,16.83,17.13,2673500,45928780.00
2024/06/18,17.18,17.50,17.13,17.38,2957700,51656452.00
2024/06/19,17.38,17.50,17.08,17.14,2521000,43661052.00
2024/06/20,17.11,17.25,16.63,16.69,2667400,45474876.00
2024/06/21,16.61,16.75,16.26,16.61,1856300,30873540.00
2024/06/24,16.48,16.52,15.67,15.72,2952100,47583204.00
2024/06/25,15.81,16.59,15.45,15.81,4371500,69654776.00
2024/06/26,15.61,16.47,15.61,16.46,4273300,68956656.00
2024/06/27,16.38,16.56,15.94,15.95,3085100,50263804.00
2024/06/28,15.51,16.53,15.02,16.08,4315400,69613560.00
2024/07/01,16.14,16.15,15.60,15.90,2643400,41976352.00
2024/07/02,16.02,16.02,15.63,15.66,2160300,34324928.00
2024/07/03,15.66,15.68,15.33,15.43,1879800,29161230.00
2024/07/04,15.36,15.56,14.80,14.84,2755100,41769204.00
2024/07/05,14.83,15.13,14.61,15.06,1961800,29375004.00
2024/07/08,15.08,15.15,14.68,14.75,1858600,27756584.00
2024/07/09,14.75,15.44,14.64,15.41,3170200,48206480.00
2024/07/10,15.33,15.61,15.29,15.34,2292600,35559460.00
2024/07/11,15.63,15.93,15.49,15.93,2976500,47142604.00
2024/07/12,16.06,16.06,15.63,15.71,1894000,29921900.00
2024/07/15,15.62,15.75,15.28,15.39,1422800,22073276.00
2024/07/16,15.30,15.53,15.10,15.40,1678300,25872108.00
2024/07/17,15.40,15.42,14.98,14.98,1709200,26008516.00
2024/07/18,14.93,14.94,14.29,14.66,2784200,40730072.00
2024/07/19,14.64,16.13,14.58,16.13,7551800,119709584.00
2024/07/22,15.89,15.93,15.44,15.56,10594892,166000944.00
2024/07/23,15.38,15.83,15.11,15.83,8671500,134050920.00
2024/07/24,15.52,17.42,15.44,16.05,16580586,275298080.00
2024/07/25,15.54,15.82,15.16,15.56,10527800,163732000.00
2024/07/26,15.62,15.70,15.21,15.59,6327428,98508320.00
2024/07/29,15.76,17.16,15.32,17.16,12052100,198987872.00
2024/07/30,17.26,18.71,17.26,17.98,22516400,402669344.00
2024/07/31,17.35,18.02,17.07,17.84,15699100,276694944.00
2024/08/01,17.73,17.96,17.55,17.75,10066200,179096656.00
2024/08/02,17.36,17.72,17.03,17.06,7980600,138709152.00
2024/08/05,17.05,17.25,16.12,16.17,7200200,120238072.00
2024/08/06,16.43,16.67,16.15,16.57,5629200,92816936.00
2024/08/07,16.45,16.79,16.38,16.41,4146000,68939880.00
2024/08/08,16.46,16.46,15.59,15.78,5894400,93856288.00
2024/08/09,15.88,16.01,15.65,15.67,3266600,51806232.00
2024/08/12,15.60,16.02,15.46,15.65,3402100,53763508.00
2024/08/13,15.51,17.22,15.51,17.22,9927000,168804640.00
2024/08/14,17.67,18.28,17.05,17.44,21460600,379063520.00
2024/08/15,17.23,18.23,17.06,17.80,17417363,307413472.00
2024/08/16,17.78,18.27,17.59,17.67,16599988,298440736.00
2024/08/19,17.57,18.12,17.17,17.40,9023488,158435728.00
2024/08/20,17.47,17.77,17.19,17.49,9077400,159528528.00
2024/08/21,17.14,18.21,17.09,18.13,13148688,234164336.00
2024/08/22,17.85,17.91,17.23,17.45,8403900,147820560.00
2024/08/23,17.25,17.43,16.25,17.24,7955520,134845968.00
2024/08/26,17.15,17.23,16.63,16.79,6022920,101702216.00
2024/08/27,16.81,16.83,15.63,15.86,7678600,123814784.00
2024/08/28,15.65,16.27,15.60,16.09,5177900,83059600.00
2024/08/29,15.81,16.50,15.41,16.32,6149620,99251120.00
2024/08/30,16.14,17.07,16.14,16.77,7414800,125140536.00
2024/09/02,16.83,18.45,16.81,18.45,9755720,176055728.00
2024/09/03,20.30,20.30,20.30,20.30,1795600,36576372.00
2024/09/04,22.34,22.34,21.34,22.34,39732531,885407040.00
2024/09/05,20.44,24.58,20.44,24.58,27261801,619481536.00
2024/09/06,26.93,27.05,23.80,27.05,42587928,1116141568.00
2024/09/09,24.34,25.63,24.34,24.34,11045000,271643104.00
2024/09/10,21.90,21.90,21.90,21.90,7245900,159192416.00
2024/09/11,19.70,21.21,19.70,19.98,30022222,606828672.00
2024/09/12,19.93,20.13,18.84,18.87,23923870,463579712.00
2024/09/13,18.63,18.73,17.63,17.64,20227400,366373952.00
2024/09/18,17.64,17.89,17.15,17.47,11361405,199355968.00
2024/09/19,17.55,17.87,17.19,17.79,13394113,237312368.00
2024/09/20,17.77,18.25,17.55,18.16,18098650,327137120.00
2024/09/23,18.03,18.07,17.52,17.54,12693685,225614688.00
2024/09/24,17.55,18.02,17.23,18.00,15808880,280889792.00
2024/09/25,17.99,18.62,17.92,18.24,17446170,319996256.00
2024/09/26,17.98,18.54,17.87,18.54,13721600,251154000.00
2024/09/27,18.63,19.64,18.59,19.64,10713670,205570000.00
2024/09/30,20.43,21.50,19.23,21.45,27314370,563275904.00
2024/10/08,23.58,23.58,21.03,23.16,26392400,593911808.00
2024/10/09,22.43,22.43,20.84,20.92,17476200,375204064.00
2024/10/10,20.93,21.31,20.46,20.88,8882100,187080640.00
2024/10/11,20.63,20.81,18.83,19.09,11272794,221637936.00
2024/10/14,19.10,20.00,18.81,19.94,9620800,188455216.00
2024/10/15,19.81,20.29,19.53,19.56,8833400,176801248.00
2024/10/16,19.11,19.95,19.08,19.92,8284100,162791552.00
2024/10/17,19.93,21.08,19.83,20.73,14327694,294075040.00
2024/10/18,21.83,22.81,21.38,22.81,18857864,426109504.00
2024/10/21,23.81,24.18,22.50,22.62,32146464,750734912.00
2024/10/22,22.33,24.67,22.26,24.19,27715794,665488512.00
2024/10/23,22.93,24.11,22.53,23.10,18500770,434147456.00
2024/10/24,22.64,23.10,22.38,22.65,9989800,227279408.00
2024/10/25,22.93,23.95,22.68,23.53,13010170,307145792.00
2024/10/28,23.69,25.29,23.25,24.48,17571000,424584032.00
2024/10/29,24.00,24.12,22.88,22.93,16307048,381423904.00
2024/10/30,22.91,23.76,22.69,23.38,10894150,254616752.00
2024/10/31,23.04,24.80,22.91,24.15,14914894,357283104.00
2024/11/01,23.79,24.81,22.25,22.40,12189100,284641600.00
2024/11/04,22.53,24.65,22.40,24.65,6004750,146450032.00
2024/11/05,26.24,27.12,25.03,26.09,28516483,745460544.00
2024/11/06,25.83,27.81,25.43,25.64,20259215,535330368.00
2024/11/07,25.04,28.21,24.82,28.21,22531550,598015808.00
2024/11/08,28.93,31.04,28.74,31.04,19713960,589294848.00
2024/11/11,32.15,33.92,28.93,32.26,26485745,841124352.00
2024/11/12,31.73,35.23,29.42,29.68,30601400,971602368.00
2024/11/13,29.12,29.33,27.80,28.37,17504200,497361600.00
2024/11/14,28.43,29.48,27.87,28.33,14849900,427104704.00
2024/11/15,28.23,29.29,27.33,27.43,13644960,388782944.00
2024/11/18,27.03,27.03,24.68,24.68,13429900,342754976.00
2024/11/19,24.29,26.51,24.29,26.41,13181700,337511040.00
2024/11/20,25.33,26.03,25.23,25.78,13973100,359131232.00
2024/11/21,25.82,27.07,25.65,26.62,14934656,396617792.00
2024/11/22,26.43,27.25,25.23,25.27,13730612,361638912.00
2024/11/25,25.53,27.78,24.49,26.93,15916000,419862656.00
2024/11/26,26.67,28.59,25.50,27.74,20010337,541763840.00
2024/11/27,25.58,26.41,24.96,26.18,15508556,398140736.00
2024/11/28,26.13,26.13,24.96,25.03,10122300,257893264.00
2024/11/29,24.53,24.98,23.73,24.40,10264711,250296048.00
2024/12/02,24.33,25.11,24.23,24.86,7754500,192851552.00
2024/12/03,24.98,24.98,24.35,24.73,6110800,150873168.00
2024/12/04,24.70,25.21,24.10,24.85,9152811,225559440.00
2024/12/05,24.91,25.31,24.59,25.14,7433789,186252880.00
2024/12/06,24.98,25.59,24.61,25.48,9002289,227192000.00
2024/12/09,25.46,25.46,24.61,24.78,6202700,155793760.00
2024/12/10,25.32,25.36,24.76,24.82,6866895,172915936.00
2024/12/11,24.78,25.03,24.59,24.95,5474915,136487664.00
2024/12/12,24.93,25.05,24.41,24.91,5850300,145131120.00
2024/12/13,24.73,27.41,24.59,27.41,19316664,511883488.00
2024/12/16,27.36,29.10,26.72,28.33,29479440,829372288.00
2024/12/17,27.81,27.81,26.03,27.57,15651852,423084352.00
2024/12/18,27.13,29.13,26.34,29.09,21151291,598479872.00
2024/12/19,28.23,29.11,27.73,28.55,13214709,378136320.00
2024/12/20,28.21,28.49,27.31,27.43,12287749,342978272.00
2024/12/23,27.29,28.05,25.29,25.45,10238300,273040928.00
2024/12/24,25.21,25.80,24.45,24.95,8693611,217484288.00
2024/12/25,25.12,27.45,24.96,26.16,15063543,403418624.00
2024/12/26,24.93,26.13,24.92,25.76,10628885,272823168.00
2024/12/27,25.62,26.78,25.48,26.18,9288000,244173840.00
2024/12/30,26.23,27.43,25.39,27.32,13401386,361149184.00
2024/12/31,27.06,27.06,25.53,26.60,10447505,275798336.00
2025/01/02,26.13,27.38,25.68,26.75,10258340,275811008.00
2025/01/03,27.81,28.43,25.71,26.28,12336435,335662560.00
2025/01/06,24.93,24.98,23.65,23.65,7846000,187543184.00
2025/01/07,21.98,22.84,21.29,22.75,10453300,232090304.00
2025/01/08,22.37,22.37,21.03,21.64,8054700,175878560.00
2025/01/09,21.43,22.11,21.33,21.68,5308000,116199128.00
2025/01/10,21.59,21.83,20.30,20.41,7933849,166888752.00
2025/01/13,20.13,20.56,19.37,20.31,4571738,91975656.00
2025/01/14,20.57,21.63,20.38,21.63,7225437,153089904.00
2025/01/15,21.41,21.68,21.20,21.27,4297525,92204040.00
2025/01/16,21.49,21.85,21.14,21.47,4305100,92886024.00
2025/01/17,21.15,21.76,21.04,21.67,4401532,95226344.00
2025/01/20,21.83,22.38,21.77,22.22,5389737,119875232.00
2025/01/21,22.37,22.46,21.67,22.15,4015603,88934144.00
2025/01/22,22.13,22.27,21.71,21.87,3338200,73735896.00
2025/01/23,22.03,23.17,22.01,22.11,7483800,168342752.00
2025/01/24,21.93,22.81,21.92,22.65,5051800,113934336.00
2025/01/27,22.77,23.73,22.32,22.96,6368300,147453872.00
2025/02/05,22.58,23.11,22.54,22.92,4566000,104561920.00
2025/02/06,22.84,23.67,22.76,23.59,5761400,135611744.00
2025/02/07,23.51,24.56,23.34,23.89,8099632,194901904.00
2025/02/10,23.90,24.41,23.58,24.36,6853800,165044288.00
2025/02/11,24.43,26.80,24.35,25.33,18173215,474817408.00
2025/02/12,24.97,25.92,24.63,25.42,13450415,343229312.00
2025/02/13,25.39,26.22,24.90,25.90,13178115,339786560.00
2025/02/14,25.88,26.28,25.36,25.50,7981827,204821408.00
2025/02/17,25.18,26.31,24.90,25.84,10653131,272001088.00
2025/02/18,25.54,25.95,24.50,24.66,7634915,192547024.00
2025/02/19,24.71,25.46,24.61,25.35,6681300,168273152.00
2025/02/20,25.88,26.21,25.51,25.85,9855500,255771280.00
2025/02/21,25.13,25.18,24.08,24.93,13865216,341486208.00
2025/02/24,24.53,24.68,24.06,24.46,7343126,178790288.00
2025/02/25,24.07,24.66,24.01,24.22,5299015,129518608.00
2025/02/26,24.25,24.48,24.11,24.23,4764800,115854040.00
2025/02/27,24.13,24.33,23.16,23.67,6113300,145374512.00
2025/02/28,23.67,23.68,22.38,22.46,4619000,106073624.00
2025/03/03,22.43,22.96,22.31,22.61,3130000,71251648.00
2025/03/04,22.28,23.01,22.28,23.01,3016285,68909344.00
2025/03/05,23.04,23.13,22.68,23.08,2872200,66107320.00
2025/03/06,23.09,23.61,23.09,23.49,3393500,79670168.00
2025/03/07,23.47,23.47,22.83,23.12,3241100,75220032.00
2025/03/10,23.03,23.28,22.88,23.11,2026400,46951648.00
2025/03/11,22.75,23.23,22.73,23.00,2250400,51801472.00
2025/03/12,23.12,23.83,22.93,23.44,3939000,92708096.00
2025/03/13,23.43,23.43,22.63,22.93,3366000,77361288.00
2025/03/14,23.11,23.35,22.76,23.30,3146268,73064512.00
2025/03/17,23.53,23.53,23.15,23.38,2325300,54542160.00
2025/03/18,23.38,23.62,23.28,23.54,2735700,64518328.00
2025/03/19,23.45,23.53,23.08,23.25,2015900,46987056.00
2025/03/20,23.41,23.65,23.09,23.14,2685800,63056948.00
2025/03/21,22.94,22.94,22.34,22.34,3671200,83096752.00
2025/03/24,22.32,22.81,21.19,21.69,3518200,76704280.00
2025/03/25,21.69,21.73,21.23,21.37,2020500,43510808.00
2025/03/26,21.67,22.43,21.38,22.16,4424200,97886504.00
2025/03/27,22.00,22.13,21.55,22.01,2786100,61133040.00
2025/03/28,21.93,22.15,21.71,21.72,2052600,45153672.00
2025/03/31,21.33,21.67,21.09,21.57,2487000,53260568.00
2025/04/01,21.59,22.13,21.59,21.87,2455100,53883864.00
2025/04/02,21.87,21.97,21.56,21.65,1566027,34184992.00
2025/04/03,21.04,21.80,20.80,21.10,2345800,49780228.00
2025/04/07,19.83,19.83,18.98,18.98,1932600,37079748.00
2025/04/08,17.83,18.69,17.08,17.11,6052200,106625440.00
2025/04/09,16.84,17.59,15.51,17.43,4774900,79516344.00
2025/04/10,17.94,18.66,17.94,18.30,4279300,79043792.00
2025/04/11,18.03,18.83,18.03,18.62,3046408,56794352.00
2025/04/14,19.63,19.63,19.01,19.08,2586600,49821756.00
2025/04/15,19.18,19.34,18.81,19.02,1787000,34149500.00
2025/04/16,19.03,19.03,18.23,18.63,2073200,38686192.00
2025/04/17,18.62,19.03,18.54,18.86,2014700,38220680.00
2025/04/18,18.98,19.23,18.65,19.09,1875200,35642372.00
2025/04/21,18.90,19.42,18.90,19.38,2056100,39818988.00
2025/04/22,19.38,19.78,19.19,19.58,2437500,47771512.00
2025/04/23,19.90,20.23,19.69,20.02,2953100,59069488.00
2025/04/24,20.16,20.33,19.72,19.89,2466400,49328064.00
2025/04/25,19.89,20.68,19.78,20.30,3353100,68307312.00
2025/04/28,19.93,20.08,19.64,19.76,2588900,51379696.00
2025/04/29,19.64,20.28,19.49,20.07,2233500,44881656.00
2025/04/30,20.16,20.62,20.09,20.39,1966600,40198512.00
2025/05/06,20.59,21.07,20.47,20.95,2806700,58308404.00
2025/05/07,21.08,21.22,20.68,21.05,2643000,55402836.00
2025/05/08,20.89,21.53,20.78,21.46,2387800,51102540.00
2025/05/09,21.44,21.44,21.08,21.25,1693700,36030972.00
2025/05/12,21.45,21.72,21.27,21.64,1766300,38083176.00
2025/05/13,21.76,21.97,21.50,21.57,1991400,43346064.00
2025/05/14,21.52,23.73,21.33,22.60,13903120,320521856.00
2025/05/15,22.18,22.38,21.05,21.22,11272220,243229952.00
2025/05/16,21.45,22.58,21.41,21.41,5366300,116127424.00
2025/05/19,21.71,21.98,21.07,21.88,4942300,106949496.00
2025/05/20,21.59,22.18,21.53,22.03,3673000,80585864.00
2025/05/21,22.18,22.98,21.46,22.27,7712200,171728992.00
2025/05/22,21.99,22.47,21.69,21.88,4502000,99410136.00
2025/05/23,21.81,22.43,21.58,21.58,3203200,70492160.00
2025/05/26,21.68,21.86,21.55,21.71,1835600,39860964.00
2025/05/27,21.72,22.03,21.52,21.88,2441600,53217752.00
2025/05/28,21.94,22.02,21.42,21.50,1857400,40257520.00
2025/05/29,21.57,21.86,21.49,21.65,2477300,53869368.00
2025/05/30,21.60,22.14,21.27,21.61,3291100,71438592.00
2025/06/03,21.26,21.48,20.89,21.17,2919310,61916624.00
2025/06/04,21.30,21.56,21.15,21.39,1984010,42339360.00
2025/06/05,21.19,21.90,21.15,21.80,2527900,54602340.00
2025/06/06,21.73,21.89,21.52,21.81,1502400,32604092.00
2025/06/09,21.82,22.45,21.81,22.14,2254700,49793744.00
2025/06/10,22.19,22.57,21.62,21.89,2894643,64058760.00
2025/06/11,21.88,22.24,21.85,21.88,1878800,41413208.00
2025/06/12,21.81,22.14,21.70,21.81,1882800,41292656.00
2025/06/13,21.78,21.92,21.28,21.31,1868700,40182684.00
2025/06/16,21.31,21.74,21.16,21.51,1200143,25878796.00
2025/06/17,21.68,22.35,21.42,21.57,2746528,59864072.00
2025/06/18,21.44,22.48,21.31,21.78,3952500,86562056.00
2025/06/19,21.71,22.38,21.54,21.55,2901100,63522088.00
2025/06/20,21.56,22.23,21.20,21.23,2507100,53914056.00
2025/06/23,21.13,21.72,20.89,21.62,1854800,39858560.00
2025/06/24,21.62,22.33,21.62,22.25,3817500,84646320.00
2025/06/25,22.36,22.77,22.29,22.55,3477700,78329944.00
2025/06/26,22.58,22.73,22.05,22.11,3410300,75980528.00
2025/06/27,22.22,22.33,21.95,22.13,1966300,43613712.00
2025/06/30,22.24,22.36,22.05,22.36,2228300,49508180.00
2025/07/01,22.44,22.45,22.06,22.40,1864800,41608308.00
2025/07/02,22.40,22.41,21.83,22.02,2180744,48006648.00
2025/07/03,22.01,22.42,21.97,22.37,2014100,44851460.00
2025/07/04,22.37,22.37,21.95,22.06,1882700,41677368.00
2025/07/07,22.20,22.20,21.79,21.89,1217000,26663972.00
2025/07/08,22.08,22.20,21.82,22.13,1805800,39962144.00
2025/07/09,22.11,22.45,22.05,22.18,2041400,45398688.00
2025/07/10,22.19,22.29,21.89,22.05,1761500,38889296.00
2025/07/11,22.05,22.05,21.63,21.94,2034800,44396356.00
2025/07/14,21.94,22.29,21.74,22.17,2001500,44122000.00
2025/07/15,22.17,22.28,21.77,21.88,1864900,40951968.00
2025/07/16,21.91,22.21,21.83,22.06,1891600,41831568.00
2025/07/17,22.18,22.43,21.93,22.39,2591500,57941324.00
2025/07/18,22.39,23.16,22.26,22.49,4994300,113133208.00
2025/07/21,22.50,22.71,22.30,22.61,2673200,60165296.00
2025/07/22,22.61,22.77,22.39,22.43,1788500,40280120.00
2025/07/23,22.44,22.48,21.98,22.03,1810400,40201740.00
2025/07/24,22.13,22.78,22.13,22.43,2782900,62472908.00
2025/07/25,22.43,22.84,22.43,22.78,3508700,79713344.00
2025/07/28,22.98,22.98,22.63,22.81,2272500,51783936.00
2025/07/29,22.80,22.93,22.57,22.71,1922700,43660564.00
2025/07/30,22.72,22.73,22.21,22.46,2295000,51592376.00
2025/07/31,22.54,22.67,22.06,22.20,1988100,44511492.00
2025/08/01,22.20,22.44,22.08,22.27,1537600,34267832.00
2025/08/04,22.27,22.60,22.12,22.59,2052000,46056616.00
2025/08/05,22.72,22.88,22.62,22.88,2596000,59207356.00
2025/08/06,22.88,23.06,22.73,22.97,2383800,54695052.00
2025/08/07,22.98,23.13,22.69,22.82,2107300,48194952.00
2025/08/08,22.83,22.93,22.45,22.67,1947000,44080760.00
2025/08/11,22.81,23.26,22.65,23.14,3440600,79453472.00
2025/08/12,23.14,23.24,22.92,23.18,2404600,55575056.00
2025/08/13,23.18,23.43,23.13,23.27,2882200,67121936.00
2025/08/14,23.28,23.31,22.68,22.71,2695200,61846312.00
2025/08/15,22.72,23.08,22.72,23.05,2286600,52401840.00
2025/08/18,23.21,23.84,23.14,23.59,4824300,113788104.00
2025/08/19,23.60,23.98,23.44,23.87,3707700,88360064.00
2025/08/20,23.87,25.78,23.57,25.18,13596246,337466112.00
2025/08/21,24.93,24.96,24.28,24.50,8736281,215502112.00
2025/08/22,24.36,24.93,24.36,24.52,4922200,121221840.00
2025/08/25,24.70,24.74,24.13,24.38,5483368,133805920.00
2025/08/26,24.23,24.60,24.10,24.46,3394900,82966088.00
2025/08/27,24.46,26.17,24.39,24.89,11449729,289960928.00
2025/08/28,24.56,25.41,24.32,24.98,8037915,199242032.00
2025/08/29,24.68,24.85,24.10,24.23,5059527,123158888.00
2025/09/01,24.34,24.67,24.21,24.46,3911792,95594832.00
2025/09/02,24.39,24.43,23.17,23.41,5018000,118315192.00
2025/09/03,23.68,24.23,22.99,23.12,3526300,83161784.00
2025/09/04,23.16,23.57,22.46,22.77,4172300,96134752.00
2025/09/05,22.77,23.44,22.54,23.25,3422392,78989768.00
2025/09/08,22.80,22.95,22.18,22.83,5063300,114737248.00
2025/09/09,22.96,22.97,21.98,22.07,3759300,84197424.00
2025/09/10,21.93,22.43,21.92,21.95,2586531,57300640.00
2025/09/11,21.99,22.52,21.73,22.48,3779831,83889576.00
2025/09/12,22.50,22.60,22.16,22.38,2748200,61672300.00
2025/09/15,22.58,22.58,22.19,22.29,2421800,54179496.00
2025/09/16,22.28,23.41,22.28,23.32,5729827,132046216.00
2025/09/17,23.28,23.86,23.26,23.33,4460000,104734032.00
2025/09/18,23.05,23.76,22.61,22.78,4297152,99366992.00
2025/09/19,22.78,23.05,22.47,22.58,2176400,49452888.00
2025/09/22,22.98,23.76,22.85,23.14,3946831,91913928.00
2025/09/23,22.98,23.33,21.73,22.37,4786231,106546928.00
2025/09/24,22.24,22.58,22.00,22.51,2389900,53663512.00
2025/09/25,22.54,22.67,22.05,22.11,2379252,53047824.00
2025/09/26,22.08,22.08,21.48,21.52,3037200,65921796.00
2025/09/29,21.46,21.79,21.15,21.53,2155400,46297832.00
2025/09/30,21.44,21.76,21.27,21.34,2152200,46133584.00
2025/10/09,21.55,21.55,21.02,21.23,2320528,49324144.00
2025/10/10,21.26,21.27,21.00,21.07,2451500,51717788.00
2025/10/13,20.58,20.98,19.94,20.90,2752000,56857956.00
2025/10/14,21.08,21.27,20.31,20.40,3318300,68913512.00
2025/10/15,20.40,20.65,20.21,20.53,2482400,50692300.00
2025/10/16,20.44,20.60,20.14,20.25,1979300,40313200.00
2025/10/17,20.26,20.29,19.69,19.72,2356600,47118388.00
2025/10/20,19.92,20.19,19.92,20.12,1813700,36441208.00
2025/10/21,20.12,21.36,20.09,20.77,3657700,75642912.00
2025/10/22,20.58,20.76,20.26,20.38,2120300,43288232.00
2025/10/23,20.34,20.46,20.09,20.42,1467200,29712662.00
2025/10/24,20.51,20.76,20.47,20.64,1701898,35131796.00
2025/10/27,20.70,20.78,20.24,20.42,2510300,51381352.00
2025/10/28,20.42,20.61,20.30,20.52,1698200,34869584.00
2025/10/29,20.62,20.62,20.21,20.41,1627500,33125532.00
2025/10/30,20.26,20.51,20.08,20.09,1939200,39234848.00
2025/10/31,20.19,20.46,20.14,20.32,1904100,38840084.00
2025/11/03,20.54,20.62,20.19,20.55,2248500,46031252.00
2025/11/04,20.49,20.70,20.25,20.67,2071100,42475636.00
2025/11/05,20.42,20.72,20.41,20.56,1699800,35002400.00
2025/11/06,20.48,20.69,20.40,20.68,1525528,31449740.00
2025/11/07,20.68,21.07,20.48,20.89,3202500,66645496.00
2025/11/10,20.89,21.28,20.83,20.98,3124800,65895800.00
2025/11/11,21.01,21.38,20.88,21.19,2661300,56456168.00
2025/11/12,21.20,21.35,20.77,20.93,2536400,53280160.00
2025/11/13,20.94,20.94,20.57,20.81,1850500,38422340.00
2025/11/14,20.68,21.01,20.61,20.78,1551000,32365056.00
2025/11/17,20.53,20.62,20.10,20.16,3055400,61923880.00
2025/11/18,20.17,20.62,20.13,20.34,2155300,43995408.00
2025/11/19,20.27,20.44,19.48,19.62,2717500,53783632.00
2025/11/20,19.68,19.93,19.37,19.51,1561300,30663382.00
2025/11/21,19.52,19.59,18.51,18.71,2426100,45941828.00
2025/11/24,18.69,19.26,18.69,19.14,1804587,34368408.00
2025/11/25,19.31,19.72,19.21,19.49,1731878,33886236.00
2025/11/26,19.48,19.73,19.28,19.32,1684293,32800268.00
2025/11/27,19.46,19.65,19.26,19.46,1276488,24898276.00
2025/11/28,19.46,19.63,19.31,19.58,1389013,27113164.00
2025/12/01,19.61,20.02,19.51,19.87,1943600,38578532.00
2025/12/02,19.88,19.95,19.56,19.65,1262265,24841028.00
2025/12/03,19.57,19.61,19.24,19.41,1304300,25289410.00
2025/12/04,19.37,19.47,18.87,19.10,1345100,25715904.00
2025/12/05,19.08,19.27,18.85,19.19,1157866,22107172.00
2025/12/08,19.25,19.43,19.06,19.28,1344400,25995636.00
2025/12/09,19.23,19.41,19.00,19.02,1164292,22346342.00
2025/12/10,19.08,19.08,18.63,18.75,1634200,30750336.00
2025/12/11,18.83,18.83,18.24,18.24,1907300,35095832.00
2025/12/12,18.26,18.42,18.06,18.16,1355400,24742182.00
2025/12/15,18.08,18.31,17.88,18.21,1352500,24521440.00
2025/12/16,18.23,18.23,17.80,17.91,1867600,33607684.00
2025/12/17,17.91,18.07,17.48,17.96,1924064,34209692.00
2025/12/18,17.81,18.32,17.81,18.14,1677700,30518496.00
2025/12/19,18.13,18.32,18.13,18.23,1359600,24810456.00
2025/12/22,18.23,18.52,18.20,18.33,1302000,23957610.00
2025/12/23,18.39,18.39,18.07,18.33,1539700,28101818.00
2025/12/24,18.27,18.61,18.25,18.58,1634500,30296108.00
2025/12/25,18.61,18.65,18.41,18.60,1232292,22881262.00
2025/12/26,18.57,18.58,18.25,18.31,2015300,37107156.00
2025/12/29,18.31,18.33,18.13,18.22,1225600,22368944.00
2025/12/30,18.21,18.39,18.06,18.18,1324100,24150860.00
2025/12/31,18.19,18.47,17.96,18.43,1753600,32043570.00
2026/01/05,18.48,18.83,18.34,18.77,2154800,40245476.00
2026/01/06,18.79,19.11,18.66,19.10,2341900,44324904.00
2026/01/07,19.11,19.11,18.76,18.80,1887300,35647456.00
2026/01/08,18.74,19.13,18.73,19.08,2104400,40004368.00
2026/01/09,19.07,19.74,18.93,19.22,2978797,57273732.00
2026/01/12,19.15,19.73,19.08,19.66,3564600,69445856.00
2026/01/13,19.58,19.96,19.22,19.31,3572800,69769864.00
2026/01/14,19.31,20.23,19.26,19.82,5609692,111318936.00
2026/01/15,19.47,19.90,19.46,19.63,2634000,51659248.00
2026/01/16,19.64,19.74,19.36,19.59,2332900,45619632.00
2026/01/19,19.48,19.68,19.38,19.46,2164192,42222284.00
2026/01/20,19.47,19.72,19.25,19.47,1992700,38853952.00
2026/01/21,19.38,19.62,19.36,19.55,1680800,32862440.00
2026/01/22,19.56,19.83,19.48,19.75,2282200,44974052.00
2026/01/23,19.76,19.86,19.64,19.86,2292800,45278044.00
2026/01/26,20.08,20.16,19.64,19.92,3627500,72279216.00
2026/01/27,19.80,20.07,19.38,20.00,2686200,53035260.00
2026/01/28,20.01,20.01,19.32,19.40,2614392,51264636.00
2026/01/29,19.32,19.56,18.86,18.99,2366200,45408532.00
2026/01/30,18.99,19.26,18.72,19.12,2015913,38334304.00
2026/02/02,19.27,19.63,19.01,19.16,2660371,51659192.00
2026/02/03,19.16,19.78,19.15,19.73,2517792,49366632.00
2026/02/04,19.73,19.91,19.52,19.70,1710400,33742368.00
2026/02/05,19.70,19.84,19.54,19.69,1293271,25517856.00
2026/02/06,19.69,19.84,19.47,19.63,1463500,28839162.00
2026/02/09,19.73,20.06,19.71,19.84,2495198,49697052.00
2026/02/10,19.81,20.01,19.71,19.71,1497211,29787872.00
2026/02/11,19.71,19.85,19.61,19.61,1272898,25121856.00
2026/02/12,19.50,19.78,19.36,19.49,1353600,26418768.00
2026/02/13,19.43,19.72,19.38,19.47,1256875,24648992.00
2026/02/24,19.63,19.76,19.45,19.68,1440500,28302696.00
2026/02/25,19.67,19.87,19.58,19.76,1632000,32320288.00
2026/02/26,19.76,19.92,19.72,19.90,1504600,29895582.00
2026/02/27,19.78,19.85,19.58,19.77,1585400,31233364.00
2026/03/02,19.55,19.64,18.66,18.69,4104075,78110608.00
2026/03/03,18.97,19.36,18.06,18.15,3240189,60358520.00
2026/03/04,17.73,18.15,17.53,17.67,3058900,54446008.00
2026/03/05,17.93,19.16,17.93,18.45,4347300,81056648.00
2026/03/06,18.42,18.45,18.08,18.28,2183600,39899356.00
2026/03/09,17.86,18.24,17.74,18.07,2539000,45673200.00
2026/03/10,18.22,18.60,18.18,18.58,2215500,40888584.00
2026/03/11,18.54,19.22,18.53,18.72,3172800,59841804.00
2026/03/12,18.79,20.14,18.79,19.58,7110692,138450032.00
2026/03/13,19.52,19.57,18.99,19.04,4714889,90711320.00
2026/03/16,19.02,19.51,18.70,19.24,3559400,68398704.00
2026/03/17,19.40,20.78,19.20,19.80,10958111,219602384.00
2026/03/18,19.91,20.28,19.63,19.90,4793292,95326096.00
2026/03/19,19.88,19.90,19.18,19.25,3465027,67426888.00
2026/03/20,19.25,19.43,18.50,18.59,3342600,63411432.00
2026/03/23,17.87,18.06,16.73,16.73,5272600,91337936.00
2026/03/24,16.91,17.23,16.22,17.23,5351792,88792192.00
2026/03/25,17.13,17.63,17.13,17.58,3372700,59085416.00
2026/03/26,17.55,17.63,16.76,16.82,2896600,49484664.00
2026/03/27,16.58,17.30,16.51,17.22,2082400,35437800.00
2026/03/30,16.91,17.14,16.51,17.03,2222400,37549656.00
2026/03/31,17.03,17.33,16.66,16.71,1913900,32448060.00
2026/04/01,17.03,17.32,16.96,17.15,2127100,36401784.00
2026/04/02,17.15,17.36,16.69,16.77,2007592,34144568.00
2026/04/03,16.79,16.92,16.42,16.60,1417600,23558820.00
2026/04/07,16.49,16.91,16.49,16.72,1606800,26921984.00
2026/04/08,16.99,17.57,16.99,17.56,2516800,43849928.00
2026/04/09,17.56,17.61,17.24,17.38,2219300,38805664.00
2026/04/10,17.60,17.81,17.51,17.73,1792400,31755960.00
2026/04/13,17.51,18.26,17.48,18.19,3062100,55276296.00
2026/04/14,18.38,18.73,18.09,18.42,2912800,53701716.00
2026/04/15,18.44,18.63,18.19,18.20,1869900,34377916.00
2026/04/16,18.30,18.66,18.09,18.38,2374700,43754772.00
2026/04/17,18.37,18.72,18.37,18.64,2369200,43993328.00
2026/04/20,18.66,18.66,18.43,18.48,2104100,39062560.00
2026/04/21,18.49,18.50,18.28,18.47,1639800,30193544.00
2026/04/22,18.47,18.55,18.33,18.43,1395700,25751832.00
2026/04/23,18.50,18.51,17.84,17.89,2287600,41364524.00
2026/04/24,17.77,17.86,16.79,17.45,3720500,64389296.00
2026/04/27,17.43,18.24,16.98,18.11,4139200,73302784.00
2026/04/28,17.98,18.22,17.59,17.72,3938800,70610800.00
2026/04/29,17.64,18.10,17.48,17.61,3638200,64942364.00
2026/04/30,17.61,17.63,16.97,17.01,3800900,65274496.00
2026/05/06,17.18,17.34,16.41,16.54,7057025,118219664.00
2026/05/07,16.64,18.20,16.49,18.20,6730750,118820168.00
2026/05/08,18.11,18.88,17.68,18.33,11008948,202026928.00
2026/05/11,18.72,18.88,18.25,18.47,6381100,118078000.00
2026/05/12,18.64,18.66,18.09,18.27,3286313,60044000.00
2026/05/13,18.19,18.47,17.78,18.18,3604584,65646628.00
2026/05/14,18.35,18.37,17.90,17.99,3115350,56536048.00
2026/05/15,17.98,18.06,17.39,17.57,2785861,49368304.00
2026/05/18,17.75,19.33,17.59,19.33,7454692,142970672.00
2026/05/19,19.33,21.27,19.33,21.27,10373599,215192944.00
2026/05/20,21.28,22.35,20.83,20.91,21919021,469507168.00
2026/05/21,21.32,22.18,20.63,20.67,16175006,348558752.00
2026/05/22,20.88,20.89,19.86,20.28,9699486,197092640.00
2026/05/25,20.13,20.13,19.55,19.90,8616851,171096864.00
2026/05/26,19.64,19.78,18.78,19.11,6921400,133082784.00
2026/05/27,19.02,19.20,17.53,17.65,10159900,183740096.00
2026/05/28,17.48,17.92,17.15,17.56,5771500,101532000.00
2026/05/29,17.56,17.92,16.18,16.18,7922959,132965264.00
2026/06/01,16.18,17.43,15.86,16.53,8543453,142869120.00
2026/06/02,16.49,16.67,16.03,16.58,4451694,73249256.00
2026/06/03,16.57,16.98,16.29,16.51,4939600,81997232.00
2026/06/04,16.25,16.75,16.16,16.47,3223100,53095040.00
2026/06/05,16.36,17.50,15.63,16.88,8658200,144373328.00
2026/06/08,16.00,16.83,15.87,16.18,4827100,78972992.00
2026/06/09,16.34,16.72,15.96,16.59,5244011,85656384.00
2026/06/10,16.38,17.16,16.01,16.98,7357280,122477488.00
2026/06/11,16.87,17.58,16.38,16.90,8984400,151671616.00
2026/06/12,16.86,17.50,16.45,17.02,7357861,125063008.00
2026/06/15,17.00,17.54,16.70,17.51,7828261,135122624.00
2026/06/16,17.40,18.43,17.25,18.10,7429400,133227496.00
2026/06/17,17.95,18.37,17.70,18.22,7044166,127040536.00
2026/06/18,18.13,18.16,17.30,17.45,6784892,119168944.00
2026/06/22,17.35,17.75,16.95,17.60,6264247,108829960.00
2026/06/23,17.30,17.85,17.30,17.61,3742292,65816660.00
2026/06/24,17.51,17.69,16.51,17.06,4349924,74118400.00
2026/06/25,17.08,17.33,16.50,16.54,5088478,85308344.00
2026/06/26,16.53,16.86,16.00,16.35,5174976,85048664.00
2026/06/29,16.10,16.48,15.15,15.54,5215800,81439736.00
2026/06/30,15.60,16.66,15.51,16.53,5418900,88353456.00
2026/07/01,16.44,17.68,16.38,16.90,5528800,94924448.00
2026/07/02,16.90,17.10,16.20,16.24,4055200,67319480.00
2026/07/03,16.48,16.48,15.95,16.08,3656246,59059792.00
2026/07/06,16.08,16.43,15.85,15.86,4033800,64882612.00
2026/07/07,15.69,16.10,15.29,15.32,3520900,54784872.00
2026/07/08,15.32,15.44,14.50,14.73,3349266,49541600.00
2026/07/09,14.96,14.96,14.21,14.83,2957000,43298680.00
2026/07/10,14.90,15.35,14.70,14.74,3626249,54491088.00
2026/07/13,14.74,14.79,13.47,13.55,4068476,56660800.00
2026/07/14,13.53,13.61,13.03,13.53,2500300,33429570.00
2026/07/15,13.48,13.85,13.32,13.55,2822900,38431164.00
2026/07/16,13.48,14.04,13.37,13.60,3258100,44633904.00
2026/07/17,13.60,13.68,12.50,12.69,4802849,62689856.00
2026/07/20,12.79,13.19,11.97,12.10,4692366,59304624.00
2026/07/21,12.11,12.49,11.34,12.45,4822006,58082136.00
2026/07/22,12.27,12.50,11.95,11.99,3209414,39001812.00
2026/07/23,12.14,12.25,11.94,12.24,2423700,29361126.00
2026/07/24,12.18,12.29,11.97,12.04,1930546,23368164.00
2026/07/27,11.99,12.52,11.96,12.52,3125400,38646120.00
2026/07/28,12.40,13.00,12.40,12.59,2574500,32865460.00
2026/07/29,12.60,13.00,12.47,12.77,2935900,37321256.00
2026/07/30,12.70,12.90,12.19,12.20,3037000,37801072.00
2026/07/31,12.46,12.95,12.40,12.60,3402748,43191960.00
2026/08/03,12.60,13.29,12.55,13.18,3641000,47251984.00
2026/08/04,13.29,13.48,13.13,13.42,3535200,47080376.00
2026/08/05,13.39,13.68,13.37,13.56,3424500,46339064.00
2026/08/06,13.54,13.93,13.39,13.71,2591900,35416048.00
2026/08/07,13.76,13.77,13.39,13.63,2631200,35667928.00
2026/08/10,13.64,14.45,13.43,14.38,3936900,55368652.00
2026/08/11,14.35,14.95,14.03,14.67,4546374,66122644.00
2026/08/12,14.94,14.99,14.55,14.93,2571216,38016132.00
2026/08/13,14.90,15.30,14.50,14.52,2906900,43072060.00
2026/08/14,14.45,14.84,14.42,14.73,1958616,28654910.00
2026/08/17,14.75,14.90,14.48,14.78,2009800,29583472.00
2026/08/18,14.81,14.81,14.46,14.53,2296600,33479492.00
2026/08/19,14.41,14.84,13.99,14.07,2847000,40480404.00
2026/08/20,14.07,14.98,14.00,14.70,4195887,61429280.00
2026/08/21,14.57,14.78,14.38,14.66,2389969,34827840.00
2026/08/24,14.58,14.72,14.08,14.27,2103800,30112648.00
2026/08/25,14.19,14.78,14.16,14.68,1931212,28116172.00
2026/08/26,14.65,15.61,14.60,15.19,4604232,70432552.00
2026/08/27,15.49,15.49,14.93,15.25,2591077,39613496.00
2026/08/28,15.14,15.33,15.06,15.09,1895391,28766496.00
2026/08/31,14.80,15.23,14.78,15.21,1650800,24861724.00
2026/09/01,15.21,15.31,15.07,15.10,1580600,23974996.00
2026/09/02,14.60,14.77,13.84,14.23,8202284,116604808.00
2026/09/03,14.20,15.23,14.03,14.07,7081635,101554008.00
2026/09/04,14.04,14.54,13.99,14.09,5518414,78888696.00
2026/09/07,14.15,15.08,14.13,14.92,5841347,85943944.00
2026/09/08,14.65,14.95,14.50,14.76,4125642,60799876.00
2026/09/09,14.61,14.77,14.30,14.31,3439729,49766592.00
2026/09/10,14.34,14.36,13.96,13.97,2936052,41292944.00
2026/09/11,13.91,13.96,13.45,13.72,2806641,38381904.00
2026/09/14,13.60,13.90,13.50,13.71,1841243,25302552.00
#数据来源:通达信
