600909 华安证券 日线 前复权
      日期	    开盘	    最高	    最低	    收盘	    成交量	    成交额
2021/08/02,4.51,4.69,4.43,4.62,33285732,170977856.00
2021/08/03,4.61,4.72,4.55,4.62,30122151,156588912.00
2021/08/04,4.60,4.63,4.57,4.60,18426132,95020368.00
2021/08/05,4.58,4.63,4.52,4.52,19343492,99139440.00
2021/08/06,4.49,4.54,4.48,4.51,14950251,75796896.00
2021/08/09,4.50,4.60,4.49,4.56,23917204,122567776.00
2021/08/10,4.55,4.62,4.53,4.62,23529063,120732864.00
2021/08/11,4.62,4.64,4.57,4.59,21426744,110700968.00
2021/08/12,4.60,4.62,4.56,4.58,16803851,86447584.00
2021/08/13,4.57,4.59,4.53,4.55,16359871,83705616.00
2021/08/16,4.54,4.64,4.54,4.57,27659405,142528000.00
2021/08/17,4.56,4.72,4.56,4.57,47286639,246076272.00
2021/08/18,4.55,4.85,4.54,4.83,95040145,504721472.00
2021/08/19,4.80,4.89,4.74,4.75,56578558,302526208.00
2021/08/20,4.77,4.96,4.76,4.88,67328421,364089696.00
2021/08/23,4.87,4.92,4.80,4.85,48835726,264267808.00
2021/08/24,4.83,4.91,4.78,4.87,42564170,230331808.00
2021/08/25,4.86,4.87,4.79,4.83,29750757,160341424.00
2021/08/26,4.83,4.88,4.79,4.81,34533993,186167168.00
2021/08/27,4.79,4.91,4.79,4.84,33011531,178478352.00
2021/08/30,4.84,4.87,4.70,4.73,35186494,187367200.00
2021/08/31,4.72,4.85,4.70,4.84,37087115,198322816.00
2021/09/01,4.82,5.06,4.81,4.95,81938862,450730656.00
2021/09/02,4.93,5.06,4.91,5.03,72399254,403187936.00
2021/09/03,5.21,5.25,5.00,5.01,87357947,493997984.00
2021/09/06,5.00,5.14,4.98,5.13,68134956,385451616.00
2021/09/07,5.10,5.19,5.05,5.18,54494428,309461184.00
2021/09/08,5.17,5.37,5.14,5.23,71275375,414199872.00
2021/09/09,5.12,5.26,5.10,5.22,46624718,268324368.00
2021/09/10,5.21,5.36,5.20,5.21,67072091,391166144.00
2021/09/13,5.21,5.28,5.16,5.18,42201184,243385216.00
2021/09/14,5.20,5.20,5.03,5.03,52908504,299682208.00
2021/09/15,5.02,5.25,5.01,5.14,57892549,330565664.00
2021/09/16,5.17,5.20,5.01,5.05,46031081,260747072.00
2021/09/17,5.06,5.08,4.96,5.03,36463799,203420288.00
2021/09/22,4.98,5.02,4.95,5.01,25728032,142687936.00
2021/09/23,5.03,5.13,5.03,5.09,35344440,199403872.00
2021/09/24,5.10,5.11,4.93,4.97,37042560,206517664.00
2021/09/27,4.99,5.01,4.83,4.85,38596045,211211216.00
2021/09/28,4.88,4.90,4.83,4.87,21755222,118149504.00
2021/09/29,4.82,4.85,4.74,4.82,30181434,161751584.00
2021/09/30,4.82,4.85,4.76,4.80,24273806,130077864.00
2021/10/08,4.83,4.89,4.81,4.85,23536662,127455032.00
2021/10/11,4.84,4.88,4.80,4.82,21574750,116522440.00
2021/10/12,4.81,4.81,4.68,4.72,28291204,149741712.00
2021/10/13,4.78,4.79,4.69,4.72,23412919,123909848.00
2021/10/14,4.74,4.75,4.70,4.73,13090049,69244000.00
2021/10/15,4.72,4.76,4.67,4.69,19443438,102577056.00
2021/10/18,4.70,4.73,4.65,4.70,16933042,88925160.00
2021/10/19,4.71,4.76,4.70,4.72,17320966,91679376.00
2021/10/20,4.72,4.74,4.69,4.70,14011573,73817048.00
2021/10/21,4.71,4.74,4.66,4.68,21926238,115374632.00
2021/10/22,4.68,4.72,4.66,4.68,16451118,86335744.00
2021/10/25,4.69,4.69,4.57,4.66,27251321,141341072.00
2021/10/26,4.64,4.72,4.63,4.67,19339721,101505376.00
2021/10/27,4.65,4.66,4.53,4.54,25767595,132068360.00
2021/10/28,4.54,4.55,4.49,4.52,22186565,112831344.00
2021/10/29,4.52,4.58,4.49,4.55,20712387,105680696.00
2021/11/01,4.56,4.62,4.55,4.60,16302495,83986248.00
2021/11/02,4.60,4.61,4.52,4.55,17445578,89342112.00
2021/11/03,4.49,4.53,4.44,4.50,17293990,87432936.00
2021/11/04,4.52,4.52,4.47,4.49,14171230,71552864.00
2021/11/05,4.47,4.49,4.45,4.45,15146135,76067432.00
2021/11/08,4.45,4.51,4.43,4.50,14613480,73618240.00
2021/11/09,4.49,4.53,4.48,4.51,12261560,62125816.00
2021/11/10,4.51,4.56,4.50,4.55,16838628,85696056.00
2021/11/11,4.54,4.65,4.53,4.63,27689091,143085264.00
2021/11/12,4.63,4.65,4.59,4.63,15108608,78331688.00
2021/11/15,4.63,4.66,4.54,4.58,25644354,131749648.00
2021/11/16,4.58,4.61,4.55,4.56,17348046,89194888.00
2021/11/17,4.57,4.59,4.55,4.57,12684858,65133484.00
2021/11/18,4.57,4.60,4.54,4.55,14583369,74900656.00
2021/11/19,4.55,4.67,4.54,4.65,27482540,142308240.00
2021/11/22,4.65,4.69,4.60,4.66,26207593,136293872.00
2021/11/23,4.64,4.72,4.63,4.64,25474262,133296144.00
2021/11/24,4.64,4.67,4.62,4.64,15280058,79512520.00
2021/11/25,4.64,4.65,4.60,4.61,16582562,85820280.00
2021/11/26,4.60,4.62,4.58,4.59,14946313,77102656.00
2021/11/29,4.54,4.57,4.51,4.53,17950899,91517616.00
2021/11/30,4.55,4.56,4.51,4.53,16932490,86275912.00
2021/12/01,4.51,4.59,4.50,4.57,20235733,103591720.00
2021/12/02,4.57,4.60,4.54,4.56,21798643,111931264.00
2021/12/03,4.58,4.61,4.54,4.61,21894808,112561072.00
2021/12/06,4.65,4.74,4.60,4.61,52450565,274724416.00
2021/12/07,4.66,4.68,4.61,4.63,30421098,158242992.00
2021/12/08,4.65,4.73,4.60,4.72,40767159,213399856.00
2021/12/09,4.69,4.88,4.68,4.81,73122607,391957504.00
2021/12/10,4.77,4.81,4.70,4.70,66081203,351539008.00
2021/12/13,4.79,4.85,4.74,4.76,46663029,249680416.00
2021/12/14,4.73,4.79,4.71,4.75,25378829,134565456.00
2021/12/15,4.74,4.82,4.72,4.77,26692677,142455056.00
2021/12/16,4.80,4.84,4.76,4.83,34706059,185989984.00
2021/12/17,4.82,4.86,4.78,4.79,32269437,173314544.00
2021/12/20,4.76,4.80,4.70,4.71,28713871,152480368.00
2021/12/21,4.71,4.86,4.70,4.82,38897972,208182144.00
2021/12/22,4.84,4.85,4.79,4.80,23052008,123917256.00
2021/12/23,4.80,4.84,4.75,4.79,18684450,99963136.00
2021/12/24,4.81,4.82,4.74,4.75,21689560,115482072.00
2021/12/27,4.75,4.78,4.73,4.74,17380374,92346336.00
2021/12/28,4.76,4.78,4.73,4.78,17265205,91766224.00
2021/12/29,4.76,4.80,4.74,4.78,18299181,97664848.00
2021/12/30,4.77,4.85,4.76,4.83,30894020,166143456.00
2021/12/31,4.84,4.86,4.80,4.85,27183723,146568416.00
2022/01/04,4.85,4.88,4.80,4.85,33423650,180459728.00
2022/01/05,4.85,4.93,4.83,4.86,41107039,223217664.00
2022/01/06,4.83,4.87,4.74,4.76,52862460,283114304.00
2022/01/07,4.76,4.81,4.76,4.77,30459222,162866016.00
2022/01/10,4.77,4.80,4.76,4.79,24708840,131883280.00
2022/01/11,4.79,4.84,4.74,4.79,31066614,166342720.00
2022/01/12,4.79,4.81,4.76,4.80,24498039,131059888.00
2022/01/13,4.81,4.84,4.78,4.78,25934339,139203232.00
2022/01/14,4.77,4.79,4.65,4.65,41062965,216117680.00
2022/01/17,4.64,4.70,4.63,4.67,20439741,106783448.00
2022/01/18,4.65,4.72,4.65,4.70,22341233,117241296.00
2022/01/19,4.68,4.72,4.66,4.69,20827743,109387512.00
2022/01/20,4.69,4.76,4.67,4.73,33584680,177487552.00
2022/01/21,4.71,4.75,4.69,4.72,20734902,109263696.00
2022/01/24,4.70,4.71,4.65,4.66,20849921,109272104.00
2022/01/25,4.65,4.66,4.47,4.48,30660570,156834368.00
2022/01/26,4.47,4.54,4.45,4.51,25033731,126433080.00
2022/01/27,4.50,4.52,4.43,4.44,24042914,120944864.00
2022/01/28,4.49,4.52,4.45,4.45,22941963,115471600.00
2022/02/07,4.51,4.52,4.46,4.49,19467562,98273528.00
2022/02/08,4.48,4.61,4.47,4.60,26851921,137051888.00
2022/02/09,4.60,4.63,4.58,4.61,21752019,112390272.00
2022/02/10,4.60,4.65,4.59,4.63,17180621,89043536.00
2022/02/11,4.63,4.68,4.59,4.61,21242478,110281552.00
2022/02/14,4.59,4.61,4.54,4.56,22886476,117536272.00
2022/02/15,4.55,4.59,4.54,4.56,13581322,69619232.00
2022/02/16,4.58,4.60,4.55,4.56,14822286,75972824.00
2022/02/17,4.56,4.57,4.51,4.52,13967903,71207896.00
2022/02/18,4.49,4.54,4.49,4.53,17175896,87126784.00
2022/02/21,4.52,4.56,4.52,4.54,14880434,75846504.00
2022/02/22,4.52,4.54,4.48,4.50,17026883,86290040.00
2022/02/23,4.51,4.54,4.49,4.53,14569624,73945288.00
2022/02/24,4.53,4.53,4.34,4.40,31366098,156829408.00
2022/02/25,4.43,4.45,4.38,4.39,19186333,95423568.00
2022/02/28,4.40,4.41,4.34,4.35,18307394,90029544.00
2022/03/01,4.35,4.39,4.33,4.37,16559962,81433824.00
2022/03/02,4.35,4.37,4.32,4.36,12846836,63057068.00
2022/03/03,4.37,4.40,4.36,4.37,16694019,82421736.00
2022/03/04,4.36,4.38,4.33,4.36,15730989,77290304.00
2022/03/07,4.37,4.38,4.34,4.37,23356786,115064040.00
2022/03/08,4.35,4.40,4.28,4.28,30901702,151993264.00
2022/03/09,4.29,4.30,3.97,4.08,38864308,182708992.00
2022/03/10,4.18,4.21,4.07,4.08,20972831,98326488.00
2022/03/11,4.04,4.23,3.94,4.19,36422994,168743344.00
2022/03/14,4.12,4.25,4.10,4.15,25982839,123305584.00
2022/03/15,4.13,4.20,3.95,3.96,28596194,132923624.00
2022/03/16,4.02,4.23,3.96,4.21,41474542,193669264.00
2022/03/17,4.26,4.27,4.17,4.18,31415828,149592624.00
2022/03/18,4.16,4.23,4.14,4.21,22818751,108602736.00
2022/03/21,4.21,4.22,4.16,4.17,20448117,96940352.00
2022/03/22,4.16,4.23,4.16,4.19,23995646,114226648.00
2022/03/23,4.20,4.21,4.16,4.18,15131828,71831128.00
2022/03/24,4.16,4.17,4.09,4.10,15842719,74335608.00
2022/03/25,4.10,4.15,4.07,4.07,13795763,64420408.00
2022/03/28,4.04,4.17,4.02,4.13,23036312,107287040.00
2022/03/29,4.14,4.15,4.10,4.11,13125168,61513424.00
2022/03/30,4.12,4.25,4.12,4.23,32020183,152593616.00
2022/03/31,4.20,4.54,4.19,4.39,89672959,447146688.00
2022/04/01,4.33,4.45,4.31,4.44,53192600,263432240.00
2022/04/06,4.40,4.48,4.37,4.48,40258648,201411952.00
2022/04/07,4.45,4.50,4.34,4.34,34332294,170981648.00
2022/04/08,4.38,4.46,4.32,4.40,32594914,161604000.00
2022/04/11,4.36,4.43,4.30,4.37,34310880,169543312.00
2022/04/12,4.24,4.51,4.18,4.44,58040688,285597728.00
2022/04/13,4.40,4.41,4.30,4.32,37409794,183644832.00
2022/04/14,4.37,4.44,4.34,4.35,31978310,158133888.00
2022/04/15,4.34,4.41,4.31,4.36,25340262,124703992.00
2022/04/18,4.31,4.32,4.17,4.26,25283290,121514112.00
2022/04/19,4.27,4.27,4.19,4.24,20479189,98021280.00
2022/04/20,4.24,4.26,4.15,4.16,25723365,122867144.00
2022/04/21,4.16,4.24,4.09,4.10,27054577,127874376.00
2022/04/22,4.08,4.17,4.06,4.12,25263847,118057912.00
2022/04/25,4.11,4.59,4.08,4.59,300028206,1527784704.00
2022/04/26,4.49,4.55,4.34,4.41,269875578,1349962240.00
2022/04/27,4.25,4.28,3.91,4.03,241176847,1092143104.00
2022/04/28,3.81,3.81,3.62,3.66,143290394,612181120.00
2022/04/29,3.78,3.89,3.71,3.81,118145432,514757952.00
2022/05/05,3.72,3.77,3.69,3.74,67435994,289564096.00
2022/05/06,3.66,3.69,3.55,3.56,69360889,289657152.00
2022/05/09,3.54,3.61,3.51,3.60,37581460,155643280.00
2022/05/10,3.56,3.67,3.55,3.64,40697225,170053392.00
2022/05/11,3.64,3.77,3.61,3.65,60158078,255713168.00
2022/05/12,3.63,3.71,3.62,3.66,34634605,145974944.00
2022/05/13,3.68,3.73,3.66,3.68,30011964,127301640.00
2022/05/16,3.72,3.73,3.63,3.64,28669103,121055904.00
2022/05/17,3.65,3.66,3.58,3.64,24952080,104247616.00
2022/05/18,3.65,3.68,3.63,3.63,25455988,107161552.00
2022/05/19,3.58,3.64,3.57,3.63,21648061,90182096.00
2022/05/20,3.64,3.71,3.63,3.69,38684412,163889136.00
2022/05/23,3.69,3.73,3.67,3.72,31770662,135382144.00
2022/05/24,3.71,3.76,3.58,3.60,36984078,156647568.00
2022/05/25,3.60,3.64,3.59,3.64,19666280,82190720.00
2022/05/26,3.63,3.75,3.60,3.69,42342992,179893264.00
2022/05/27,3.71,3.73,3.65,3.68,28683942,122048976.00
2022/05/30,3.69,3.70,3.65,3.68,20661370,87547008.00
2022/05/31,3.68,3.74,3.66,3.72,31289578,133475672.00
2022/06/01,3.71,3.74,3.67,3.71,25336767,108059416.00
2022/06/02,3.70,3.75,3.67,3.74,36418652,156082912.00
2022/06/06,3.73,3.86,3.72,3.83,53216083,231829728.00
2022/06/07,3.82,3.91,3.80,3.82,42706549,188093696.00
2022/06/08,3.82,3.89,3.79,3.86,39961108,176100368.00
2022/06/09,3.89,3.95,3.84,3.85,55291944,245779776.00
2022/06/10,3.82,3.98,3.82,3.95,68562957,306361728.00
2022/06/13,3.89,4.30,3.89,4.06,116914103,546464832.00
2022/06/14,3.95,4.28,3.90,4.25,117589427,544986688.00
2022/06/15,4.24,4.59,4.20,4.36,180421478,896031040.00
2022/06/16,4.29,4.31,4.15,4.17,100105551,480153280.00
2022/06/17,4.17,4.49,4.16,4.28,110042953,525855872.00
2022/06/20,4.19,4.23,4.10,4.14,90347523,417482944.00
2022/06/21,4.14,4.17,4.03,4.09,54819766,250111920.00
2022/06/22,4.10,4.11,3.99,3.99,53132576,239485344.00
2022/06/23,4.00,4.11,3.96,4.09,63338148,285674432.00
2022/06/24,4.09,4.11,4.05,4.07,43897012,199186048.00
2022/06/27,4.10,4.14,4.02,4.03,44512919,201510960.00
2022/06/28,4.03,4.13,4.01,4.11,44243534,200250064.00
2022/06/29,4.08,4.16,4.05,4.06,56876850,260019760.00
2022/06/30,4.07,4.16,4.06,4.09,46449167,212442032.00
2022/07/01,4.10,4.12,4.01,4.03,33238539,150315168.00
2022/07/04,4.01,4.03,3.96,4.01,27831171,123962760.00
2022/07/05,4.00,4.05,3.91,3.97,32677726,144761520.00
2022/07/06,3.96,3.98,3.90,3.94,26787314,117736640.00
2022/07/07,3.93,3.97,3.91,3.92,20207156,88926784.00
2022/07/08,3.94,3.97,3.91,3.92,17895000,78620464.00
2022/07/11,3.92,3.94,3.90,3.91,17481688,76540336.00
2022/07/12,3.92,4.03,3.92,3.96,33016234,146177344.00
2022/07/13,3.94,4.00,3.94,3.96,20931720,92608912.00
2022/07/14,3.96,3.98,3.92,3.95,21478778,94791384.00
2022/07/15,3.94,3.97,3.81,3.81,31674317,137911872.00
2022/07/18,3.83,3.94,3.81,3.91,24636063,107276040.00
2022/07/19,3.93,3.97,3.91,3.96,19982543,87918832.00
2022/07/20,3.98,3.99,3.96,3.97,13968503,61947312.00
2022/07/21,3.96,4.00,3.94,3.95,16347779,72370896.00
2022/07/22,3.95,4.01,3.89,3.93,18303125,80658800.00
2022/07/25,3.94,3.95,3.89,3.89,14188639,62141840.00
2022/07/26,3.91,3.94,3.87,3.92,11906896,52030960.00
2022/07/27,3.91,3.91,3.87,3.89,14157654,61612976.00
2022/07/28,3.91,3.96,3.89,3.90,22500346,98579648.00
2022/07/29,3.90,3.93,3.87,3.87,14334060,62403844.00
2022/08/01,3.86,3.88,3.85,3.86,12863634,55615264.00
2022/08/02,3.83,3.84,3.65,3.72,34538801,144578064.00
2022/08/03,3.71,3.78,3.68,3.68,18049926,75815784.00
2022/08/04,3.72,3.74,3.69,3.71,15283003,63884364.00
2022/08/05,3.72,3.84,3.71,3.82,24638186,104519248.00
2022/08/08,3.81,3.84,3.78,3.82,14610272,62462628.00
2022/08/09,3.82,3.83,3.80,3.81,11338650,48456784.00
2022/08/10,3.81,3.86,3.79,3.82,13070880,56047072.00
2022/08/11,3.83,4.06,3.83,4.04,62865102,279253856.00
2022/08/12,3.99,4.09,3.97,4.06,43704815,197206592.00
2022/08/15,4.01,4.05,3.97,4.00,30117505,134475136.00
2022/08/16,4.01,4.06,3.99,4.02,21932365,98275576.00
2022/08/17,4.02,4.12,3.99,4.10,40185893,182301360.00
2022/08/18,4.07,4.12,4.05,4.07,26143362,118751760.00
2022/08/19,4.07,4.11,4.05,4.05,22590864,102564544.00
2022/08/22,4.03,4.06,4.00,4.02,20142656,90297000.00
2022/08/23,4.00,4.10,3.98,4.04,24251513,109089472.00
2022/08/24,4.03,4.20,4.02,4.03,51828144,236569888.00
2022/08/25,4.03,4.14,4.01,4.12,46643043,212229920.00
2022/08/26,4.54,4.58,4.30,4.31,208177827,1021468736.00
2022/08/29,4.30,4.55,4.23,4.44,159028197,775335040.00
2022/08/30,4.41,4.82,4.40,4.66,193017197,995476928.00
2022/08/31,4.56,4.65,4.44,4.51,117426791,584871040.00
2022/09/01,4.47,4.53,4.41,4.42,63517735,312828448.00
2022/09/02,4.42,4.50,4.39,4.42,48450479,236637392.00
2022/09/05,4.40,4.51,4.37,4.51,45092393,221062800.00
2022/09/06,4.50,4.53,4.45,4.50,41613950,205922912.00
2022/09/07,4.49,4.49,4.41,4.45,30357936,149009888.00
2022/09/08,4.48,4.56,4.43,4.47,33069186,163364912.00
2022/09/09,4.47,4.54,4.44,4.50,42487400,210880560.00
2022/09/13,4.49,4.52,4.44,4.45,41661751,205203008.00
2022/09/14,4.34,4.46,4.34,4.42,35605690,173677888.00
2022/09/15,4.45,4.51,4.36,4.40,35344420,173093552.00
2022/09/16,4.38,4.41,4.24,4.28,52346489,250581072.00
2022/09/19,4.25,4.32,4.24,4.29,28483958,135124144.00
2022/09/20,4.29,4.37,4.21,4.25,27123905,127804280.00
2022/09/21,4.25,4.38,4.15,4.35,33618211,159305760.00
2022/09/22,4.31,4.36,4.24,4.26,23670570,112007560.00
2022/09/23,4.26,4.33,4.20,4.26,27629718,130710600.00
2022/09/26,4.21,4.22,4.12,4.12,28514752,132093184.00
2022/09/27,4.19,4.39,4.15,4.39,52260566,249335408.00
2022/09/28,4.29,4.32,4.17,4.19,46664359,218093680.00
2022/09/29,4.22,4.25,4.11,4.15,34140343,157804864.00
2022/09/30,4.15,4.18,4.08,4.09,26350163,120930208.00
2022/10/10,4.09,4.18,4.05,4.07,23303796,106700496.00
2022/10/11,4.08,4.28,4.06,4.22,40744840,189768144.00
2022/10/12,4.24,4.61,4.22,4.50,110064225,540537472.00
2022/10/13,4.39,4.46,4.37,4.44,63695410,310640960.00
2022/10/14,4.50,4.51,4.40,4.47,52850628,259711920.00
2022/10/17,4.42,4.53,4.41,4.49,45155318,223042368.00
2022/10/18,4.52,4.54,4.44,4.48,35084565,173333376.00
2022/10/19,4.48,4.51,4.41,4.45,28027974,137398624.00
2022/10/20,4.43,4.56,4.39,4.48,41898135,206835040.00
2022/10/21,4.70,4.81,4.47,4.51,86400858,437105056.00
2022/10/24,4.51,4.71,4.44,4.46,67085383,337490208.00
2022/10/25,4.43,4.78,4.37,4.65,129053473,653484736.00
2022/10/26,4.53,4.62,4.39,4.46,120451284,593328768.00
2022/10/27,4.42,4.49,4.35,4.38,64142144,312885632.00
2022/10/28,4.31,4.32,3.99,4.03,102279131,469815488.00
2022/10/31,4.05,4.07,3.93,3.95,67917722,301649600.00
2022/11/01,3.96,4.07,3.93,4.06,61474724,274408192.00
2022/11/02,4.03,4.08,3.99,4.06,52424628,235501744.00
2022/11/03,4.02,4.04,3.97,4.01,35860090,159990592.00
2022/11/04,3.99,4.13,3.99,4.13,58188390,264136672.00
2022/11/07,4.10,4.50,4.09,4.42,151630190,729810048.00
2022/11/08,4.40,4.46,4.30,4.33,68696601,331579488.00
2022/11/09,4.36,4.52,4.33,4.38,57975233,283270976.00
2022/11/10,4.32,4.45,4.30,4.40,47263415,228683936.00
2022/11/11,4.53,4.57,4.43,4.48,74559209,369263040.00
2022/11/14,4.46,4.58,4.46,4.48,62423577,310010400.00
2022/11/15,4.47,4.69,4.46,4.61,90113984,455566176.00
2022/11/16,4.58,4.65,4.54,4.56,51484698,260213936.00
2022/11/17,4.55,4.64,4.53,4.62,54836172,277324832.00
2022/11/18,4.59,4.62,4.52,4.55,50237393,252279120.00
2022/11/21,4.52,4.53,4.41,4.44,38773922,190169440.00
2022/11/22,4.43,4.52,4.39,4.45,35823895,175755920.00
2022/11/23,4.42,4.49,4.41,4.45,23290240,114263856.00
2022/11/24,4.48,4.50,4.39,4.40,22526784,110080904.00
2022/11/25,4.39,4.49,4.38,4.45,29224188,143275328.00
2022/11/28,4.39,4.40,4.29,4.38,37390660,179668896.00
2022/11/29,4.38,4.57,4.37,4.52,49643484,245442416.00
2022/11/30,4.50,4.57,4.45,4.47,36345664,180709504.00
2022/12/01,4.53,4.60,4.49,4.49,46951609,235572176.00
2022/12/02,4.49,4.64,4.49,4.51,50509258,252991008.00
2022/12/05,4.55,4.67,4.55,4.64,67623647,343327168.00
2022/12/06,4.62,4.68,4.56,4.58,44850987,227287792.00
2022/12/07,4.57,4.60,4.50,4.52,35400563,176885552.00
2022/12/08,4.52,4.53,4.45,4.47,30316584,149717040.00
2022/12/09,4.48,4.53,4.42,4.50,40603352,200625232.00
2022/12/12,4.46,4.48,4.34,4.36,45479666,220861296.00
2022/12/13,4.35,4.40,4.33,4.35,24587420,118498232.00
2022/12/14,4.35,4.39,4.33,4.36,25937120,124842000.00
2022/12/15,4.34,4.36,4.31,4.31,22033490,105458296.00
2022/12/16,4.29,4.33,4.25,4.27,28574152,135548384.00
2022/12/19,4.28,4.31,4.11,4.15,35211846,163997680.00
2022/12/20,4.13,4.19,4.11,4.15,24317275,112145456.00
2022/12/21,4.14,4.18,4.10,4.15,19676640,90530984.00
2022/12/22,4.16,4.21,4.05,4.07,26381500,121120536.00
2022/12/23,4.05,4.13,4.03,4.07,20264295,92098920.00
2022/12/26,4.07,4.10,4.03,4.08,21137170,95728128.00
2022/12/27,4.12,4.16,4.10,4.13,23072153,105928848.00
2022/12/28,4.12,4.17,4.08,4.13,17451299,79958408.00
2022/12/29,4.11,4.14,4.07,4.14,18438703,84241648.00
2022/12/30,4.16,4.18,4.12,4.13,19716233,90739016.00
2023/01/03,4.13,4.16,4.04,4.15,29810481,136071584.00
2023/01/04,4.15,4.21,4.13,4.19,32294475,149577760.00
2023/01/05,4.22,4.24,4.17,4.22,39437636,183991136.00
2023/01/06,4.19,4.23,4.15,4.17,26873743,124916096.00
2023/01/09,4.18,4.28,4.17,4.22,41911576,196885056.00
2023/01/10,4.22,4.28,4.20,4.23,26284170,123545888.00
2023/01/11,4.23,4.25,4.16,4.17,19612817,91534040.00
2023/01/12,4.17,4.24,4.15,4.22,21634780,100571616.00
2023/01/13,4.23,4.35,4.23,4.35,48088775,228978240.00
2023/01/16,4.37,4.58,4.33,4.46,83863940,413083872.00
2023/01/17,4.46,4.54,4.44,4.52,49776247,246340784.00
2023/01/18,4.52,4.58,4.48,4.53,36486263,182174768.00
2023/01/19,4.49,4.62,4.48,4.62,55313346,278207040.00
2023/01/20,4.61,4.62,4.53,4.55,45201620,226621808.00
2023/01/30,4.60,4.64,4.49,4.51,41629678,208412224.00
2023/01/31,4.54,4.59,4.50,4.54,40315190,201605552.00
2023/02/01,4.55,4.73,4.54,4.73,85361896,435137344.00
2023/02/02,4.83,4.86,4.59,4.61,113622050,582057728.00
2023/02/03,4.61,4.63,4.55,4.62,51797796,261801376.00
2023/02/06,4.58,4.61,4.51,4.56,39292481,197210944.00
2023/02/07,4.57,4.59,4.52,4.55,37962691,190274272.00
2023/02/08,4.56,4.57,4.46,4.47,37643526,186712832.00
2023/02/09,4.45,4.55,4.45,4.54,38955139,193303312.00
2023/02/10,4.53,4.57,4.50,4.51,25768415,128505296.00
2023/02/13,4.51,4.57,4.49,4.55,33425372,167035072.00
2023/02/14,4.56,4.57,4.51,4.54,24346917,121707016.00
2023/02/15,4.53,4.54,4.48,4.49,22403629,111216976.00
2023/02/16,4.49,4.63,4.44,4.46,62963669,315688896.00
2023/02/17,4.46,4.48,4.39,4.39,42081961,205985776.00
2023/02/20,4.45,4.60,4.43,4.59,60987443,303925760.00
2023/02/21,4.59,4.60,4.53,4.59,39114413,196692032.00
2023/02/22,4.54,4.59,4.53,4.55,28293893,142031072.00
2023/02/23,4.56,4.61,4.54,4.56,37788457,190253584.00
2023/02/24,4.56,4.58,4.50,4.51,21066343,105055912.00
2023/02/27,4.49,4.51,4.44,4.45,22832052,112579696.00
2023/02/28,4.45,4.49,4.42,4.48,23036200,113344640.00
2023/03/01,4.46,4.53,4.45,4.53,29907240,148418432.00
2023/03/02,4.52,4.54,4.50,4.52,19565063,97374224.00
2023/03/03,4.52,4.55,4.49,4.53,29380338,146388432.00
2023/03/06,4.53,4.55,4.47,4.48,32859755,163252384.00
2023/03/07,4.47,4.51,4.40,4.40,35341892,173863648.00
2023/03/08,4.38,4.40,4.36,4.39,22777810,110236008.00
2023/03/09,4.40,4.41,4.37,4.38,18039600,87519344.00
2023/03/10,4.36,4.37,4.30,4.31,24404971,116818968.00
2023/03/13,4.30,4.33,4.26,4.32,19479430,92677216.00
2023/03/14,4.33,4.33,4.22,4.27,23188847,109724064.00
2023/03/15,4.31,4.34,4.30,4.32,15539999,74329424.00
2023/03/16,4.30,4.34,4.27,4.28,17473322,83233456.00
2023/03/17,4.31,4.40,4.31,4.38,27507567,132776960.00
2023/03/20,4.39,4.41,4.32,4.34,22661401,109418112.00
2023/03/21,4.35,4.38,4.33,4.36,16728084,80577808.00
2023/03/22,4.37,4.39,4.35,4.37,17938477,86645408.00
2023/03/23,4.37,4.44,4.34,4.43,26872331,130727648.00
2023/03/24,4.44,4.46,4.40,4.44,20963077,102657712.00
2023/03/27,4.42,4.46,4.38,4.44,22575945,110315624.00
2023/03/28,4.45,4.46,4.39,4.40,19668431,95773704.00
2023/03/29,4.41,4.41,4.34,4.36,20455915,98721064.00
2023/03/30,4.35,4.40,4.27,4.36,25061040,120087128.00
2023/03/31,4.39,4.39,4.34,4.36,14923310,71942888.00
2023/04/03,4.36,4.51,4.35,4.49,46473041,228376848.00
2023/04/04,4.52,4.53,4.47,4.51,35919201,178207696.00
2023/04/06,4.50,4.52,4.46,4.48,22802091,112852488.00
2023/04/07,4.49,4.53,4.47,4.51,23840020,118274440.00
2023/04/10,4.54,4.55,4.47,4.48,27137981,134744944.00
2023/04/11,4.50,4.56,4.49,4.52,36061740,179825168.00
2023/04/12,4.52,4.55,4.49,4.52,23437660,116683568.00
2023/04/13,4.51,4.52,4.45,4.46,24522104,121239576.00
2023/04/14,4.47,4.50,4.43,4.46,25348494,124635424.00
2023/04/17,4.46,4.57,4.46,4.56,50696752,253450976.00
2023/04/18,4.56,4.59,4.53,4.54,34958857,175324032.00
2023/04/19,4.55,4.55,4.47,4.48,28034740,139307440.00
2023/04/20,4.48,4.49,4.40,4.46,34973820,171358000.00
2023/04/21,4.47,4.47,4.25,4.26,45313141,217851248.00
2023/04/24,4.39,4.46,4.32,4.34,78729681,382480192.00
2023/04/25,4.34,4.37,4.26,4.35,45920449,219584144.00
2023/04/26,4.33,4.36,4.28,4.35,30284508,144870752.00
2023/04/27,4.33,4.39,4.32,4.36,24380992,117429680.00
2023/04/28,4.39,4.56,4.38,4.53,61198708,303901984.00
2023/05/04,4.47,4.60,4.46,4.59,56251972,283230496.00
2023/05/05,4.57,4.69,4.56,4.61,57032496,290558144.00
2023/05/08,4.61,4.71,4.57,4.68,62398509,319043072.00
2023/05/09,4.69,4.85,4.67,4.69,112502202,587885696.00
2023/05/10,4.67,4.72,4.59,4.63,51408547,262142336.00
2023/05/11,4.62,4.67,4.61,4.62,25869611,131880504.00
2023/05/12,4.61,4.66,4.57,4.58,23312860,118154496.00
2023/05/15,4.58,4.66,4.50,4.65,39453842,198443904.00
2023/05/16,4.64,4.68,4.57,4.59,30450692,154316112.00
2023/05/17,4.58,4.61,4.54,4.57,21320929,107260808.00
2023/05/18,4.58,4.62,4.55,4.56,23970399,120789184.00
2023/05/19,4.57,4.57,4.50,4.50,23397260,116661184.00
2023/05/22,4.50,4.52,4.47,4.49,24061034,119035448.00
2023/05/23,4.48,4.55,4.44,4.44,32205404,159697456.00
2023/05/24,4.46,4.46,4.39,4.39,27336204,133498264.00
2023/05/25,4.37,4.42,4.35,4.41,23109753,112028816.00
2023/05/26,4.40,4.43,4.37,4.41,19311405,93878592.00
2023/05/29,4.42,4.47,4.39,4.40,21943705,107207264.00
2023/05/30,4.40,4.46,4.38,4.45,19815201,96670344.00
2023/05/31,4.43,4.46,4.40,4.44,16767958,81948544.00
2023/06/01,4.44,4.47,4.40,4.41,21917071,107139624.00
2023/06/02,4.41,4.44,4.40,4.41,20968862,102210352.00
2023/06/05,4.42,4.42,4.38,4.40,17262000,83852448.00
2023/06/06,4.39,4.43,4.32,4.32,23498642,113514448.00
2023/06/07,4.34,4.38,4.32,4.35,17145820,82391600.00
2023/06/08,4.35,4.42,4.33,4.41,20868268,101037016.00
2023/06/09,4.41,4.41,4.36,4.39,14933867,72378496.00
2023/06/12,4.39,4.39,4.35,4.35,18468532,89083488.00
2023/06/13,4.35,4.37,4.33,4.35,14076117,67695144.00
2023/06/14,4.36,4.40,4.33,4.34,18815840,90746152.00
2023/06/15,4.35,4.41,4.34,4.40,21962871,106243768.00
2023/06/16,4.41,4.42,4.38,4.40,18631101,90571632.00
2023/06/19,4.40,4.42,4.37,4.39,18504034,89785848.00
2023/06/20,4.38,4.39,4.35,4.36,13842654,66851612.00
2023/06/21,4.35,4.36,4.27,4.27,22500925,107437680.00
2023/06/26,4.25,4.26,4.16,4.16,26585942,123876488.00
2023/06/27,4.18,4.23,4.17,4.20,14483881,67567152.00
2023/06/28,4.21,4.25,4.17,4.23,18329254,85708632.00
2023/06/29,4.26,4.27,4.22,4.23,13334380,61404948.00
2023/06/30,4.23,4.32,4.23,4.31,13948343,64889804.00
2023/07/03,4.31,4.37,4.29,4.35,18124380,85201944.00
2023/07/04,4.35,4.36,4.30,4.33,12844282,60282892.00
2023/07/05,4.32,4.34,4.30,4.31,10850877,50784148.00
2023/07/06,4.29,4.33,4.29,4.30,10821882,50517596.00
2023/07/07,4.29,4.38,4.28,4.36,15467230,72655984.00
2023/07/10,4.37,4.39,4.35,4.38,15253110,72182744.00
2023/07/11,4.38,4.41,4.36,4.39,14229487,67449520.00
2023/07/12,4.39,4.40,4.32,4.33,12696358,59952800.00
2023/07/13,4.35,4.41,4.35,4.39,15982400,75905392.00
2023/07/14,4.39,4.41,4.37,4.39,14120480,67072832.00
2023/07/17,4.38,4.40,4.35,4.39,13822345,65420264.00
2023/07/18,4.39,4.42,4.36,4.39,13503433,64204204.00
2023/07/19,4.38,4.44,4.38,4.43,20470269,97830640.00
2023/07/20,4.44,4.46,4.39,4.41,18355400,87885168.00
2023/07/21,4.41,4.44,4.39,4.43,12672600,60537348.00
2023/07/24,4.42,4.44,4.39,4.43,14515136,69371896.00
2023/07/25,4.56,4.63,4.51,4.61,72468954,357200288.00
2023/07/26,4.59,4.64,4.57,4.62,38686029,191926736.00
2023/07/27,4.62,4.67,4.58,4.61,35276516,175875680.00
2023/07/28,4.60,5.03,4.59,5.00,170817233,892269120.00
2023/07/31,5.10,5.39,5.06,5.15,242606960,1352596864.00
2023/08/01,5.08,5.27,5.03,5.14,162716111,898773440.00
2023/08/02,5.10,5.44,5.06,5.23,217517286,1225539456.00
2023/08/03,5.32,5.42,5.13,5.39,204192843,1153459712.00
2023/08/04,5.50,5.67,5.34,5.47,327121536,1914706304.00
2023/08/07,5.30,5.45,5.27,5.44,134679062,773534912.00
2023/08/08,5.39,5.42,5.20,5.36,125602473,715230784.00
2023/08/09,5.32,5.36,5.24,5.27,78169718,441751424.00
2023/08/10,5.29,5.35,5.25,5.34,86038553,487219008.00
2023/08/11,5.31,5.31,5.13,5.16,103762736,577607680.00
2023/08/14,5.04,5.14,4.98,5.08,75296539,408906144.00
2023/08/15,5.07,5.12,4.99,5.09,59269184,321115360.00
2023/08/16,5.08,5.50,4.96,5.28,315629764,1800973184.00
2023/08/17,5.25,5.29,5.13,5.24,198912283,1107405696.00
2023/08/18,5.27,5.28,5.02,5.04,115656881,634477440.00
2023/08/21,4.97,5.10,4.85,4.88,98677686,525350176.00
2023/08/22,4.93,4.96,4.84,4.92,78006645,410646432.00
2023/08/23,4.89,4.91,4.76,4.78,62608540,324392928.00
2023/08/24,4.79,4.89,4.76,4.80,55464593,287429248.00
2023/08/25,4.79,4.88,4.78,4.81,51910269,269190880.00
2023/08/28,5.33,5.33,4.99,5.01,179057575,994198464.00
2023/08/29,5.02,5.04,4.82,4.99,128072748,678629504.00
2023/08/30,4.93,4.93,4.79,4.79,83128493,432084640.00
2023/08/31,4.76,4.78,4.63,4.63,88099920,443549280.00
2023/09/01,4.65,4.67,4.54,4.57,68532913,340364928.00
2023/09/04,4.59,4.66,4.56,4.62,61627922,306654784.00
2023/09/05,4.59,4.61,4.53,4.54,59263458,291624960.00
2023/09/06,4.53,4.56,4.50,4.53,51852815,253502896.00
2023/09/07,4.54,4.57,4.49,4.51,47686025,233088240.00
2023/09/08,4.50,4.58,4.49,4.57,42316450,207175744.00
2023/09/11,4.59,4.66,4.54,4.61,68138072,337847392.00
2023/09/12,4.60,4.61,4.54,4.55,42668735,210180016.00
2023/09/13,4.56,4.57,4.47,4.49,47639395,231377552.00
2023/09/14,4.49,4.52,4.47,4.51,38994328,189452736.00
2023/09/15,4.52,4.55,4.47,4.51,42950135,209056576.00
2023/09/18,4.48,4.51,4.45,4.50,43080190,208788016.00
2023/09/19,4.49,4.53,4.48,4.49,34451190,167446576.00
2023/09/20,4.48,4.52,4.46,4.49,36198296,175582640.00
2023/09/21,4.48,4.51,4.44,4.45,37957391,183398560.00
2023/09/22,4.45,4.57,4.44,4.57,59284201,289691552.00
2023/09/25,4.57,4.57,4.46,4.47,43189088,209294816.00
2023/09/26,4.47,4.50,4.46,4.47,25883688,125259248.00
2023/09/27,4.46,4.51,4.46,4.50,30537163,148059248.00
2023/09/28,4.49,4.51,4.44,4.45,42444150,204633728.00
2023/10/09,4.43,4.44,4.33,4.38,42740870,201841856.00
2023/10/10,4.39,4.42,4.37,4.38,24885298,118335696.00
2023/10/11,4.39,4.42,4.33,4.34,33176995,156927744.00
2023/10/12,4.39,4.41,4.37,4.39,29127335,138384592.00
2023/10/13,4.37,4.38,4.33,4.37,22788143,107559616.00
2023/10/16,4.37,4.40,4.32,4.37,28040803,132392368.00
2023/10/17,4.37,4.45,4.35,4.42,40726245,194306432.00
2023/10/18,4.40,4.43,4.39,4.40,26567264,126692400.00
2023/10/19,4.38,4.47,4.36,4.39,42621064,203553840.00
2023/10/20,4.35,4.43,4.34,4.40,32808155,155777712.00
2023/10/23,4.37,4.37,4.23,4.24,48143578,222648720.00
2023/10/24,4.27,4.42,4.25,4.40,50859736,238919888.00
2023/10/25,4.44,4.45,4.37,4.40,43647445,208154624.00
2023/10/26,4.38,4.42,4.35,4.42,30894290,146689760.00
2023/10/27,4.41,4.48,4.40,4.44,39547780,189864384.00
2023/10/30,4.42,4.49,4.41,4.46,36723337,176691488.00
2023/10/31,4.46,4.51,4.45,4.47,33122350,160215920.00
2023/11/01,4.50,4.51,4.44,4.45,28197300,135995904.00
2023/11/02,4.45,4.49,4.40,4.41,27168940,130547192.00
2023/11/03,4.42,4.47,4.40,4.42,35779651,171455632.00
2023/11/06,4.53,4.64,4.51,4.62,99125690,489114592.00
2023/11/07,4.59,4.72,4.58,4.68,71575514,360288960.00
2023/11/08,4.67,4.72,4.60,4.63,56105354,281533376.00
2023/11/09,4.63,4.64,4.55,4.58,43307810,214489648.00
2023/11/10,4.57,4.62,4.56,4.58,32623689,161434192.00
2023/11/13,4.58,4.59,4.53,4.56,27498892,135083040.00
2023/11/14,4.56,4.70,4.55,4.64,52776719,263356048.00
2023/11/15,4.69,4.74,4.64,4.66,46060920,232393904.00
2023/11/16,4.66,4.70,4.63,4.64,33549287,168589024.00
2023/11/17,4.64,4.68,4.62,4.67,31138862,156082000.00
2023/11/20,4.67,4.67,4.60,4.63,41424642,206370112.00
2023/11/21,4.66,4.71,4.61,4.63,45399639,228127152.00
2023/11/22,4.61,4.64,4.58,4.58,31495418,156466704.00
2023/11/23,4.57,4.61,4.56,4.60,25664700,126917992.00
2023/11/24,4.59,4.60,4.56,4.57,27011060,133461176.00
2023/11/27,4.56,4.56,4.52,4.54,30053464,147102688.00
2023/11/28,4.54,4.55,4.50,4.53,20816180,101766880.00
2023/11/29,4.53,4.54,4.47,4.48,20441110,99375696.00
2023/11/30,4.48,4.53,4.48,4.51,20664974,100566256.00
2023/12/01,4.52,4.56,4.50,4.55,20957440,102429984.00
2023/12/04,4.56,4.58,4.53,4.54,25404136,124961656.00
2023/12/05,4.54,4.55,4.48,4.48,24493403,119387544.00
2023/12/06,4.48,4.51,4.45,4.47,18812000,91035816.00
2023/12/07,4.46,4.52,4.45,4.50,20371153,98699336.00
2023/12/08,4.49,4.52,4.46,4.46,21131472,102429040.00
2023/12/11,4.45,4.57,4.38,4.55,38988025,188497888.00
2023/12/12,4.53,4.58,4.51,4.58,23805557,117072320.00
2023/12/13,4.56,4.57,4.53,4.54,19420930,95430744.00
2023/12/14,4.57,4.58,4.51,4.51,14630990,71703016.00
2023/12/15,4.52,4.58,4.51,4.53,21822721,107007544.00
2023/12/18,4.53,4.56,4.47,4.49,17573030,85708112.00
2023/12/19,4.49,4.50,4.42,4.47,21119760,101975552.00
2023/12/20,4.47,4.47,4.34,4.35,25375460,120648120.00
2023/12/21,4.34,4.36,4.28,4.33,26820140,125550848.00
2023/12/22,4.31,4.34,4.27,4.28,23135930,107879440.00
2023/12/25,4.28,4.31,4.24,4.25,20014307,92652656.00
2023/12/26,4.23,4.26,4.18,4.19,18999710,86872304.00
2023/12/27,4.19,4.32,4.17,4.29,30526933,140727248.00
2023/12/28,4.27,4.43,4.25,4.41,37369286,176393760.00
2023/12/29,4.40,4.54,4.40,4.52,57593683,280002304.00
2024/01/02,4.52,4.54,4.42,4.43,28970450,140076480.00
2024/01/03,4.42,4.48,4.42,4.45,22368794,107610576.00
2024/01/04,4.46,4.46,4.37,4.41,23929210,114069432.00
2024/01/05,4.40,4.45,4.33,4.37,22163360,105350128.00
2024/01/08,4.34,4.36,4.26,4.26,20393548,94988480.00
2024/01/09,4.26,4.32,4.24,4.27,20079029,93089968.00
2024/01/10,4.25,4.28,4.21,4.22,20060551,92291016.00
2024/01/11,4.21,4.31,4.21,4.29,24801521,114635232.00
2024/01/12,4.27,4.33,4.22,4.23,21017090,97397008.00
2024/01/15,4.23,4.29,4.20,4.24,19945410,91810336.00
2024/01/16,4.23,4.31,4.21,4.31,31299019,144743840.00
2024/01/17,4.30,4.32,4.22,4.23,24626559,114332208.00
2024/01/18,4.19,4.22,4.06,4.20,59494986,267352496.00
2024/01/19,4.17,4.23,4.12,4.15,32055234,144835600.00
2024/01/22,4.14,4.16,3.91,3.93,40429023,178411648.00
2024/01/23,3.92,4.12,3.87,4.08,44854994,195764736.00
2024/01/24,4.10,4.27,3.99,4.23,60878822,273218976.00
2024/01/25,4.20,4.35,4.17,4.30,55775747,257860672.00
2024/01/26,4.28,4.39,4.25,4.34,44146947,206905392.00
2024/01/29,4.34,4.37,4.24,4.25,40554150,188710368.00
2024/01/30,4.24,4.28,4.15,4.17,30541229,139965056.00
2024/01/31,4.14,4.22,4.09,4.12,36747125,165975024.00
2024/02/01,4.09,4.15,4.01,4.06,34896732,155018352.00
2024/02/02,4.06,4.10,3.82,3.93,50354612,217677248.00
2024/02/05,3.89,3.95,3.68,3.83,63371279,264064016.00
2024/02/06,3.76,4.14,3.74,4.10,57829938,249767936.00
2024/02/07,4.09,4.32,4.09,4.32,77934191,358905440.00
2024/02/08,4.35,4.50,4.28,4.30,81549959,387708320.00
2024/02/19,4.27,4.27,4.14,4.20,61043530,277387328.00
2024/02/20,4.18,4.25,4.12,4.22,48458443,220383952.00
2024/02/21,4.18,4.37,4.15,4.24,66108407,305565408.00
2024/02/22,4.22,4.29,4.18,4.27,44573180,204822528.00
2024/02/23,4.28,4.29,4.23,4.28,40726974,188344320.00
2024/02/26,4.28,4.30,4.24,4.24,36201699,167479936.00
2024/02/27,4.24,4.36,4.22,4.36,44553776,207470096.00
2024/02/28,4.44,4.48,4.29,4.29,80603149,384877504.00
2024/02/29,4.25,4.46,4.25,4.46,68374738,324446528.00
2024/03/01,4.45,4.49,4.39,4.45,45916479,220074384.00
2024/03/04,4.46,4.46,4.35,4.38,32134950,152442048.00
2024/03/05,4.36,4.38,4.32,4.33,24767359,116523024.00
2024/03/06,4.34,4.42,4.31,4.34,27817820,131144776.00
2024/03/07,4.34,4.38,4.30,4.30,33320480,156418816.00
2024/03/08,4.31,4.34,4.29,4.34,21048046,98410520.00
2024/03/11,4.33,4.39,4.32,4.38,32260690,151813168.00
2024/03/12,4.39,4.41,4.35,4.37,33342634,157930944.00
2024/03/13,4.37,4.38,4.30,4.34,29033658,136228352.00
2024/03/14,4.32,4.36,4.29,4.32,25600880,119963280.00
2024/03/15,4.32,4.35,4.28,4.35,28339960,132548520.00
2024/03/18,4.36,4.45,4.36,4.43,48205856,229627072.00
2024/03/19,4.43,4.43,4.34,4.35,28054440,133013776.00
2024/03/20,4.34,4.38,4.33,4.36,24259275,114358880.00
2024/03/21,4.37,4.42,4.36,4.37,33588114,159405552.00
2024/03/22,4.37,4.37,4.28,4.30,30267051,141656304.00
2024/03/25,4.27,4.28,4.19,4.20,33764286,155330704.00
2024/03/26,4.21,4.23,4.18,4.21,20248740,92418344.00
2024/03/27,4.20,4.21,4.14,4.14,20013270,90854344.00
2024/03/28,4.14,4.31,4.11,4.19,37330462,169677088.00
2024/03/29,4.23,4.32,4.18,4.23,46297123,212969216.00
2024/04/01,4.28,4.32,4.27,4.32,41068037,191237456.00
2024/04/02,4.32,4.45,4.31,4.38,61571955,292567424.00
2024/04/03,4.37,4.40,4.32,4.34,28080409,132365072.00
2024/04/08,4.33,4.34,4.25,4.26,28004454,130329216.00
2024/04/09,4.28,4.29,4.25,4.27,23498334,108706928.00
2024/04/10,4.26,4.27,4.17,4.21,22455910,102747928.00
2024/04/11,4.19,4.25,4.18,4.21,19019604,87137928.00
2024/04/12,4.21,4.22,4.12,4.12,26688140,120619408.00
2024/04/15,4.14,4.26,4.06,4.24,40587350,184596496.00
2024/04/16,4.22,4.26,4.12,4.13,36128515,164565136.00
2024/04/17,4.16,4.23,4.13,4.23,32098508,145986624.00
2024/04/18,4.22,4.32,4.19,4.28,41321042,191403552.00
2024/04/19,4.27,4.32,4.25,4.28,25613968,119066856.00
2024/04/22,4.27,4.33,4.25,4.25,24146400,112034848.00
2024/04/23,4.26,4.28,4.22,4.23,17987030,82988368.00
2024/04/24,4.24,4.25,4.20,4.25,19332108,88728080.00
2024/04/25,4.24,4.27,4.21,4.22,17336732,79691328.00
2024/04/26,4.30,4.49,4.27,4.49,93482803,443565152.00
2024/04/29,4.49,4.59,4.45,4.56,94977087,464125536.00
2024/04/30,4.52,4.54,4.45,4.48,44069282,213879504.00
2024/05/06,4.54,4.56,4.47,4.49,44303627,215828144.00
2024/05/07,4.47,4.49,4.42,4.46,35084572,168871216.00
2024/05/08,4.45,4.45,4.38,4.38,25817717,123001152.00
2024/05/09,4.38,4.47,4.38,4.43,28609890,137171472.00
2024/05/10,4.43,4.48,4.40,4.45,24877090,119420192.00
2024/05/13,4.43,4.49,4.38,4.45,32364060,155186944.00
2024/05/14,4.45,4.50,4.41,4.47,38481036,185328384.00
2024/05/15,4.51,4.53,4.36,4.37,45235879,215562608.00
2024/05/16,4.36,4.40,4.32,4.34,33139140,156548704.00
2024/05/17,4.34,4.42,4.32,4.41,29036283,137368544.00
2024/05/20,4.41,4.46,4.40,4.42,32040493,153486848.00
2024/05/21,4.41,4.43,4.37,4.38,20636600,98232688.00
2024/05/22,4.38,4.41,4.37,4.38,16653870,79093344.00
2024/05/23,4.37,4.38,4.28,4.30,30276388,141683216.00
2024/05/24,4.30,4.34,4.26,4.26,20879160,97301472.00
2024/05/27,4.28,4.30,4.23,4.29,22558160,104283184.00
2024/05/28,4.27,4.29,4.23,4.24,18259181,84321536.00
2024/05/29,4.25,4.30,4.22,4.24,21689174,100236912.00
2024/05/30,4.23,4.26,4.21,4.25,14992937,68989944.00
2024/05/31,4.25,4.28,4.24,4.24,13814307,63820340.00
2024/06/03,4.24,4.26,4.19,4.22,28241378,129460744.00
2024/06/04,4.20,4.26,4.20,4.25,20193264,92778816.00
2024/06/05,4.25,4.26,4.20,4.20,17931860,82378456.00
2024/06/06,4.22,4.23,4.10,4.13,29888878,134745200.00
2024/06/07,4.14,4.15,4.02,4.08,28499490,126882168.00
2024/06/11,4.04,4.11,4.03,4.06,18921503,83928304.00
2024/06/12,4.06,4.08,4.04,4.05,16596980,73309616.00
2024/06/13,4.06,4.08,4.02,4.05,17029821,74987560.00
2024/06/14,4.05,4.16,4.02,4.12,35305017,157307264.00
2024/06/17,4.11,4.17,4.09,4.15,20640150,92969400.00
2024/06/18,4.14,4.20,4.13,4.16,19475312,88165728.00
2024/06/19,4.16,4.17,4.12,4.13,15597976,70187192.00
2024/06/20,4.12,4.14,4.06,4.07,15822590,70488680.00
2024/06/21,4.07,4.14,4.07,4.11,19582868,87677184.00
2024/06/24,4.11,4.12,4.02,4.06,24053657,106583088.00
2024/06/25,4.06,4.07,3.97,4.02,24836058,108890768.00
2024/06/26,4.01,4.08,3.99,4.06,17483012,76899584.00
2024/06/27,4.06,4.06,4.00,4.02,16614188,72809512.00
2024/06/28,4.03,4.07,3.92,3.95,30007368,128159008.00
2024/07/01,3.93,4.00,3.90,3.98,24920285,105193896.00
2024/07/02,3.98,4.00,3.93,3.95,18437810,77931744.00
2024/07/03,3.95,3.98,3.93,3.95,12077607,50913900.00
2024/07/04,3.96,3.97,3.83,3.84,22845120,94694600.00
2024/07/05,3.84,3.90,3.82,3.86,19156260,78851136.00
2024/07/08,3.85,3.85,3.74,3.75,25055247,101169224.00
2024/07/09,3.76,3.82,3.67,3.80,33219314,133135640.00
2024/07/10,3.79,3.88,3.77,3.82,20015120,81760640.00
2024/07/11,3.87,3.93,3.85,3.91,19393502,80607512.00
2024/07/12,3.90,3.93,3.86,3.88,13868460,57550520.00
2024/07/15,3.90,3.98,3.90,3.96,40050692,168670496.00
2024/07/16,3.95,4.00,3.92,3.97,22938080,97007392.00
2024/07/17,4.00,4.06,3.98,4.05,29441460,126247520.00
2024/07/18,4.04,4.05,3.98,4.05,21476040,91835768.00
2024/07/19,4.04,4.08,4.01,4.06,21997391,94728360.00
2024/07/22,4.08,4.11,4.02,4.06,25819276,111596016.00
2024/07/23,4.08,4.12,4.02,4.02,27117824,117483552.00
2024/07/24,4.05,4.06,3.99,4.01,21054240,90269632.00
2024/07/25,3.99,4.08,3.99,4.05,21248770,91467792.00
2024/07/26,4.06,4.17,4.05,4.15,25295054,111199880.00
2024/07/29,4.15,4.19,4.11,4.15,19535660,86387184.00
2024/07/30,4.15,4.22,4.14,4.19,20717359,92104344.00
2024/07/31,4.20,4.44,4.20,4.42,60960417,281804224.00
2024/08/01,4.41,4.44,4.38,4.42,43980232,205442416.00
2024/08/02,4.43,4.45,4.32,4.35,29059250,135043328.00
2024/08/05,4.33,4.40,4.28,4.29,32429364,149214528.00
2024/08/06,4.30,4.35,4.28,4.34,21302570,97440304.00
2024/08/07,4.34,4.35,4.28,4.31,15955483,72928048.00
2024/08/08,4.30,4.42,4.29,4.37,21588105,99698488.00
2024/08/09,4.39,4.41,4.32,4.32,17635820,81414472.00
2024/08/12,4.33,4.34,4.29,4.31,14147420,64731620.00
2024/08/13,4.32,4.38,4.30,4.38,19175927,88226264.00
2024/08/14,4.36,4.40,4.35,4.35,16320728,75689288.00
2024/08/15,4.36,4.44,4.34,4.37,20429603,94928288.00
2024/08/16,4.37,4.38,4.30,4.32,18074589,82997320.00
2024/08/19,4.31,4.37,4.31,4.35,13825719,63714812.00
2024/08/20,4.34,4.36,4.28,4.28,17176390,78444336.00
2024/08/21,4.28,4.31,4.25,4.27,12023850,54555624.00
2024/08/22,4.28,4.28,4.18,4.20,17802422,79836664.00
2024/08/23,4.20,4.23,4.16,4.20,14219275,63289956.00
2024/08/26,4.20,4.24,4.18,4.20,12931035,57765400.00
2024/08/27,4.20,4.21,4.13,4.14,12133590,53530248.00
2024/08/28,4.10,4.19,4.10,4.14,14703820,64810632.00
2024/08/29,4.14,4.21,4.12,4.12,19676129,87098440.00
2024/08/30,4.13,4.32,4.13,4.25,30225450,136487552.00
2024/09/02,4.24,4.25,4.10,4.10,36733490,161757216.00
2024/09/03,4.11,4.15,4.08,4.10,20315390,88886792.00
2024/09/04,4.09,4.14,4.05,4.07,20362630,88558824.00
2024/09/05,4.06,4.12,4.06,4.08,14932915,64896020.00
2024/09/06,4.20,4.22,4.08,4.10,36835765,162012672.00
2024/09/09,4.05,4.16,4.03,4.08,30268026,131930584.00
2024/09/10,4.10,4.11,3.97,4.05,25831728,110680008.00
2024/09/11,4.04,4.09,4.01,4.04,15884267,68351664.00
2024/09/12,4.05,4.10,4.02,4.05,16043419,69274936.00
2024/09/13,4.06,4.13,4.05,4.09,21896110,95179424.00
2024/09/18,4.08,4.09,3.98,4.06,22548949,96714864.00
2024/09/19,4.08,4.17,4.03,4.12,26476360,115603520.00
2024/09/20,4.11,4.15,4.08,4.12,18821049,82384432.00
2024/09/23,4.13,4.16,4.09,4.14,20697770,90839672.00
2024/09/24,4.17,4.38,4.15,4.38,57010380,259335248.00
2024/09/25,4.47,4.62,4.44,4.47,91361305,438083360.00
2024/09/26,4.42,4.76,4.42,4.75,97904661,476882432.00
2024/09/27,4.87,5.17,4.83,5.17,102184814,531952224.00
2024/09/30,5.65,5.71,5.39,5.71,221498479,1301903872.00
2024/10/08,6.31,6.31,5.88,6.31,214158873,1392829952.00
2024/10/09,6.15,6.31,5.65,5.65,267974074,1669820672.00
2024/10/10,5.72,6.04,5.49,5.73,220134011,1328271744.00
2024/10/11,5.53,5.65,5.27,5.35,158313989,902002112.00
2024/10/14,5.38,5.44,5.14,5.39,111247673,619135744.00
2024/10/15,5.36,5.39,5.20,5.20,86741579,482607104.00
2024/10/16,5.10,5.39,5.09,5.25,86826550,479411104.00
2024/10/17,5.29,5.35,5.16,5.17,66461699,366417408.00
2024/10/18,5.19,5.63,5.14,5.42,148309187,834669312.00
2024/10/21,5.36,5.41,5.28,5.34,94473660,529049920.00
2024/10/22,5.34,5.41,5.32,5.38,63506260,356739360.00
2024/10/23,5.40,5.51,5.36,5.40,88075400,501661760.00
2024/10/24,5.38,5.43,5.34,5.41,55152450,311750592.00
2024/10/25,5.40,5.58,5.39,5.50,83929230,483868832.00
2024/10/28,5.51,5.57,5.46,5.56,80593530,465413184.00
2024/10/29,5.64,5.79,5.52,5.54,129252030,765190848.00
2024/10/30,5.47,5.79,5.47,5.69,137465586,814119040.00
2024/10/31,5.70,6.06,5.59,5.90,189989140,1170644352.00
2024/11/01,5.92,6.51,5.91,6.09,272760075,1757075072.00
2024/11/04,6.18,6.45,6.06,6.45,239672820,1558465920.00
2024/11/05,6.44,6.76,6.19,6.60,270842141,1835993856.00
2024/11/06,6.60,6.65,6.29,6.34,258200741,1732437120.00
2024/11/07,6.14,6.87,6.09,6.71,278732288,1877950464.00
2024/11/08,6.80,6.86,6.38,6.40,208166293,1415827328.00
2024/11/11,6.28,6.48,6.24,6.45,100805583,670555648.00
2024/11/12,6.44,6.48,6.24,6.29,108536350,718535552.00
2024/11/13,6.25,6.33,6.14,6.24,77259487,501607872.00
2024/11/14,6.24,6.30,6.14,6.14,65416835,423380128.00
2024/11/15,6.15,6.20,5.87,5.88,93991222,589926848.00
2024/11/18,5.92,5.97,5.75,5.79,72207441,440885504.00
2024/11/19,5.83,5.87,5.69,5.85,67564193,409284192.00
2024/11/20,5.84,5.91,5.78,5.88,59044825,360824960.00
2024/11/21,5.87,5.94,5.82,5.89,64786091,398014784.00
2024/11/22,5.88,5.90,5.55,5.56,86285064,517532224.00
2024/11/25,5.59,5.64,5.46,5.59,58300007,338311968.00
2024/11/26,5.69,5.84,5.64,5.66,87037277,523060928.00
2024/11/27,5.68,5.88,5.64,5.87,95531116,573651520.00
2024/11/28,5.84,6.03,5.80,5.86,106558342,659414592.00
2024/11/29,5.88,6.13,5.81,5.99,114465077,713108800.00
2024/12/02,5.95,6.07,5.93,6.04,79559610,500457312.00
2024/12/03,6.04,6.07,5.94,6.04,64417750,403153248.00
2024/12/04,6.01,6.07,5.91,5.95,51762360,323956288.00
2024/12/05,5.94,6.05,5.93,6.03,52085968,326867200.00
2024/12/06,6.02,6.19,5.97,6.13,76708406,488093184.00
2024/12/09,6.08,6.15,5.99,6.05,57100090,361463424.00
2024/12/10,6.35,6.40,6.04,6.06,121105299,783419584.00
2024/12/11,6.03,6.09,6.00,6.02,54376331,342590944.00
2024/12/12,6.04,6.24,6.00,6.17,81033735,517332384.00
2024/12/13,6.12,6.12,5.99,5.99,70743782,446035584.00
2024/12/16,5.99,6.06,5.94,6.03,52844570,330331264.00
2024/12/17,6.02,6.04,5.90,5.96,51532604,320961952.00
2024/12/18,5.94,6.01,5.92,5.94,34760810,216417728.00
2024/12/19,5.87,5.96,5.83,5.94,39098154,240484768.00
2024/12/20,5.92,5.99,5.91,5.96,32131804,199680256.00
2024/12/23,5.95,6.00,5.84,5.85,43300111,267022560.00
2024/12/24,5.86,6.01,5.86,6.01,48368353,300472768.00
2024/12/25,6.02,6.02,5.88,5.97,36927781,229243136.00
2024/12/26,5.94,6.00,5.93,5.98,25816650,160988384.00
2024/12/27,5.97,6.13,5.97,6.07,61250043,387335072.00
2024/12/30,6.03,6.13,6.03,6.12,39375335,249993184.00
2024/12/31,6.11,6.13,5.79,5.80,73869750,457453632.00
2025/01/02,5.79,5.79,5.39,5.47,81725763,478726112.00
2025/01/03,5.48,5.50,5.28,5.30,49160714,277493760.00
2025/01/06,5.30,5.35,5.26,5.30,31064282,172697200.00
2025/01/07,5.34,5.35,5.23,5.33,33801941,187880992.00
2025/01/08,5.30,5.33,5.12,5.29,51279551,280917984.00
2025/01/09,5.25,5.30,5.24,5.25,24809447,137176960.00
2025/01/10,5.26,5.30,5.16,5.17,28182317,155123936.00
2025/01/13,5.12,5.20,5.10,5.17,33367540,180713648.00
2025/01/14,5.19,5.45,5.19,5.43,61008054,341944160.00
2025/01/15,5.43,5.43,5.36,5.37,29334315,165635728.00
2025/01/16,5.42,5.50,5.33,5.39,33996000,192642320.00
2025/01/17,5.35,5.43,5.34,5.39,30705608,173477616.00
2025/01/20,5.42,5.48,5.38,5.41,32230841,183362064.00
2025/01/21,5.44,5.46,5.34,5.40,24979126,141039472.00
2025/01/22,5.36,5.42,5.32,5.39,26320924,148196480.00
2025/01/23,5.49,5.61,5.45,5.47,55938711,324096256.00
2025/01/24,5.44,5.56,5.44,5.53,38592642,223037376.00
2025/01/27,5.53,5.55,5.36,5.36,39523740,225193232.00
2025/02/05,5.41,5.44,5.32,5.36,32242676,181985792.00
2025/02/06,5.36,5.47,5.31,5.46,38303352,216941104.00
2025/02/07,5.46,5.69,5.42,5.60,69114364,403113312.00
2025/02/10,5.60,5.67,5.57,5.60,47849724,280848832.00
2025/02/11,5.61,5.62,5.50,5.57,32526395,188815984.00
2025/02/12,5.56,5.66,5.53,5.65,40674910,237839328.00
2025/02/13,5.63,5.68,5.57,5.58,40227104,236366880.00
2025/02/14,5.59,5.62,5.55,5.60,31336650,183177056.00
2025/02/17,5.65,5.67,5.57,5.61,40811050,240030848.00
2025/02/18,5.59,5.60,5.41,5.43,40774313,234980288.00
2025/02/19,5.44,5.53,5.43,5.49,29298676,168300720.00
2025/02/20,5.48,5.51,5.41,5.46,27440191,156975200.00
2025/02/21,5.46,5.60,5.43,5.58,48253627,279566784.00
2025/02/24,5.56,5.62,5.54,5.56,37483640,218685024.00
2025/02/25,5.51,5.53,5.44,5.45,32665806,187819296.00
2025/02/26,5.45,5.59,5.43,5.57,45900178,264334672.00
2025/02/27,5.52,5.63,5.45,5.55,55076031,319268160.00
2025/02/28,5.52,5.64,5.38,5.40,54223696,312387424.00
2025/03/03,5.40,5.46,5.35,5.37,33613364,190583648.00
2025/03/04,5.35,5.41,5.33,5.40,27618260,155713712.00
2025/03/05,5.40,5.41,5.32,5.40,27208290,153252496.00
2025/03/06,5.43,5.53,5.41,5.51,48652482,279489728.00
2025/03/07,5.49,5.51,5.37,5.39,46240996,262828112.00
2025/03/10,5.39,5.40,5.34,5.37,24797629,139387312.00
2025/03/11,5.33,5.39,5.31,5.38,22401464,125804992.00
2025/03/12,5.40,5.48,5.38,5.41,36428374,207009488.00
2025/03/13,5.40,5.46,5.33,5.38,28946280,163239440.00
2025/03/14,5.39,5.64,5.37,5.59,91621191,530884320.00
2025/03/17,5.60,5.61,5.54,5.55,40771580,237506192.00
2025/03/18,5.59,5.61,5.54,5.57,22781990,132670000.00
2025/03/19,5.56,5.61,5.53,5.58,24511640,142815712.00
2025/03/20,5.57,5.58,5.51,5.53,26461368,153689280.00
2025/03/21,5.51,5.55,5.40,5.41,31814800,182260688.00
2025/03/24,5.42,5.44,5.35,5.42,26425250,149625792.00
2025/03/25,5.43,5.47,5.39,5.46,22616689,128849768.00
2025/03/26,5.44,5.48,5.44,5.46,20490806,117184504.00
2025/03/27,5.46,5.51,5.40,5.49,27146824,155749104.00
2025/03/28,5.50,5.50,5.40,5.44,32922655,187657184.00
2025/03/31,5.42,5.45,5.27,5.31,37158251,208052912.00
2025/04/01,5.33,5.37,5.30,5.33,24292467,135957024.00
2025/04/02,5.32,5.38,5.31,5.35,15960811,89616592.00
2025/04/03,5.30,5.41,5.30,5.37,23376251,131678664.00
2025/04/07,5.15,5.15,4.81,4.81,59837243,310232928.00
2025/04/08,4.79,4.86,4.74,4.81,56659502,286122400.00
2025/04/09,4.76,4.93,4.64,4.87,56348026,285641696.00
2025/04/10,5.12,5.27,5.06,5.09,83277118,450881568.00
2025/04/11,5.02,5.08,5.00,5.02,46025148,243628576.00
2025/04/14,5.09,5.24,5.05,5.13,52219717,282085728.00
2025/04/15,5.09,5.14,5.05,5.12,37701026,201684800.00
2025/04/16,5.10,5.16,5.04,5.11,34074490,182560944.00
2025/04/17,5.07,5.14,5.06,5.11,24675241,132559688.00
2025/04/18,5.10,5.17,5.08,5.15,28971890,155942832.00
2025/04/21,5.13,5.21,5.10,5.19,29296371,159466720.00
2025/04/22,5.18,5.23,5.16,5.20,27103482,147930640.00
2025/04/23,5.22,5.26,5.17,5.19,25044860,136748384.00
2025/04/24,5.20,5.23,5.16,5.20,26964580,147150272.00
2025/04/25,5.21,5.29,5.21,5.25,28366841,156350368.00
2025/04/28,5.23,5.25,5.20,5.24,24106070,132322688.00
2025/04/29,5.27,5.36,5.25,5.31,34857700,194254304.00
2025/04/30,5.32,5.35,5.26,5.27,27161820,151254800.00
2025/05/06,5.30,5.35,5.29,5.34,35356324,197616752.00
2025/05/07,5.45,5.49,5.30,5.33,49337306,278146784.00
2025/05/08,5.30,5.36,5.29,5.32,24043627,134380960.00
2025/05/09,5.33,5.33,5.22,5.24,24168896,133361664.00
2025/05/12,5.28,5.34,5.25,5.34,31476690,175093888.00
2025/05/13,5.37,5.40,5.29,5.31,25785121,144131184.00
2025/05/14,5.32,5.54,5.28,5.48,74743463,424731072.00
2025/05/15,5.42,5.46,5.37,5.38,33199540,187995280.00
2025/05/16,5.36,5.39,5.29,5.29,30391550,169623840.00
2025/05/19,5.29,5.34,5.26,5.32,19631093,109214952.00
2025/05/20,5.32,5.34,5.29,5.32,19722589,109957896.00
2025/05/21,5.33,5.34,5.30,5.31,16470602,91878704.00
2025/05/22,5.30,5.31,5.25,5.27,18463980,102193888.00
2025/05/23,5.28,5.30,5.18,5.19,23483614,129235360.00
2025/05/26,5.19,5.21,5.15,5.18,15277459,83063328.00
2025/05/27,5.18,5.20,5.15,5.18,17712949,96324544.00
2025/05/28,5.19,5.19,5.14,5.16,15622350,84657488.00
2025/05/29,5.16,5.25,5.14,5.24,27811810,152249328.00
2025/05/30,5.21,5.24,5.19,5.22,19296225,105597464.00
2025/06/03,5.19,5.28,5.18,5.27,23923050,131684584.00
2025/06/04,5.26,5.37,5.26,5.35,33371730,186548256.00
2025/06/05,5.34,5.43,5.34,5.41,35164523,198653104.00
2025/06/06,5.41,5.45,5.35,5.37,23212250,131054280.00
2025/06/09,5.41,5.48,5.40,5.44,31934600,182153152.00
2025/06/10,5.43,5.44,5.33,5.37,27485130,155294784.00
2025/06/11,5.39,5.53,5.37,5.46,39624922,227084416.00
2025/06/12,5.43,5.50,5.43,5.45,24277060,138941504.00
2025/06/13,5.43,5.45,5.36,5.39,28759080,162712816.00
2025/06/16,5.37,5.47,5.36,5.46,28653000,162965888.00
2025/06/17,5.45,5.49,5.43,5.48,24490460,140107904.00
2025/06/18,5.46,5.49,5.37,5.42,27281630,154816384.00
2025/06/19,5.41,5.42,5.28,5.30,27935249,156044192.00
2025/06/20,5.30,5.33,5.28,5.30,17717269,98554320.00
2025/06/23,5.28,5.38,5.27,5.36,26100243,145939024.00
2025/06/24,5.38,5.54,5.37,5.52,54536722,313490080.00
2025/06/25,5.52,5.78,5.52,5.76,105040756,621829504.00
2025/06/26,5.76,5.82,5.69,5.71,70687113,424455232.00
2025/06/27,5.71,5.92,5.70,5.71,84291247,510265888.00
2025/06/30,5.72,5.76,5.63,5.67,47996891,280579168.00
2025/07/01,5.68,5.70,5.62,5.66,39299773,228534208.00
2025/07/02,5.66,5.69,5.62,5.65,30305362,176044064.00
2025/07/03,5.65,5.68,5.63,5.66,29354370,170858832.00
2025/07/04,5.66,5.77,5.62,5.67,45305806,264691488.00
2025/07/07,5.64,5.72,5.64,5.69,27962694,163527792.00
2025/07/08,5.68,5.79,5.67,5.78,43086686,254420896.00
2025/07/09,5.78,5.83,5.76,5.78,43357048,258403520.00
2025/07/10,5.77,5.89,5.76,5.85,49311887,295520000.00
2025/07/11,5.88,6.13,5.85,6.04,119176621,737450944.00
2025/07/14,6.06,6.06,5.91,5.92,70672052,432319456.00
2025/07/15,5.95,5.98,5.86,5.89,54569867,330706080.00
2025/07/16,5.88,5.91,5.85,5.88,35964487,217199808.00
2025/07/17,5.89,5.92,5.86,5.91,32642210,197527584.00
2025/07/18,5.92,5.94,5.87,5.90,34201490,207361936.00
2025/07/21,5.91,5.99,5.89,5.98,48905817,299023872.00
2025/07/22,5.98,5.99,5.89,5.98,43648603,266480464.00
2025/07/23,5.98,6.10,5.96,5.97,79492321,491931584.00
2025/07/24,5.96,6.12,5.94,6.12,87441007,544966464.00
2025/07/25,6.12,6.18,6.07,6.11,59918800,375877760.00
2025/07/28,6.09,6.21,6.03,6.12,59176641,371821888.00
2025/07/29,6.10,6.12,5.99,6.11,56642600,351764832.00
2025/07/30,6.09,6.12,5.98,6.03,47876789,297837536.00
2025/07/31,6.02,6.05,5.86,5.90,52644376,321682944.00
2025/08/01,5.90,5.96,5.85,5.88,44015858,267165392.00
2025/08/04,5.86,5.89,5.81,5.87,43812355,262999824.00
2025/08/05,5.88,5.96,5.87,5.94,34140100,207656384.00
2025/08/06,5.94,5.98,5.91,5.97,33475400,204532192.00
2025/08/07,5.98,6.03,5.93,6.01,39523143,243189360.00
2025/08/08,5.99,6.01,5.93,5.96,27487410,168614864.00
2025/08/11,5.97,6.05,5.97,6.01,37953814,234360288.00
2025/08/12,5.99,6.03,5.98,6.03,30584680,188810752.00
2025/08/13,6.05,6.17,5.99,6.12,79652280,498771488.00
2025/08/14,6.15,6.20,6.05,6.08,80757905,508857760.00
2025/08/15,6.06,6.33,6.05,6.27,125822588,805360960.00
2025/08/18,6.33,6.41,6.24,6.33,113977061,739529408.00
2025/08/19,6.31,6.35,6.23,6.26,57894033,372946688.00
2025/08/20,6.24,6.35,6.17,6.34,65508771,420365408.00
2025/08/21,6.37,6.40,6.25,6.28,54564580,353472896.00
2025/08/22,6.25,6.46,6.24,6.46,103471838,677070976.00
2025/08/25,6.56,6.64,6.45,6.52,106758418,713027072.00
2025/08/26,6.49,6.54,6.47,6.48,57132114,380381280.00
2025/08/27,6.48,6.59,6.35,6.35,94508672,627171520.00
2025/08/28,6.36,6.42,6.22,6.41,83022164,538659392.00
2025/08/29,6.41,6.44,6.31,6.34,76581334,500176800.00
2025/09/01,6.34,6.37,6.22,6.27,67094353,431536384.00
2025/09/02,6.25,6.27,6.13,6.18,68226806,433145536.00
2025/09/03,6.22,6.24,5.99,6.03,56504959,353982336.00
2025/09/04,6.03,6.11,5.98,6.06,58160302,360865728.00
2025/09/05,6.08,6.11,5.97,6.10,51787315,321318656.00
2025/09/08,6.10,6.15,6.05,6.11,40994373,256859056.00
2025/09/09,6.08,6.15,6.06,6.08,39043620,244501776.00
2025/09/10,6.07,6.11,6.03,6.06,32238220,200911568.00
2025/09/11,6.05,6.27,6.02,6.25,63723080,403478944.00
2025/09/12,6.24,6.26,6.16,6.17,40498850,257930176.00
2025/09/15,6.18,6.20,6.13,6.13,31080064,196427984.00
2025/09/16,6.13,6.19,6.09,6.18,32090269,202263280.00
2025/09/17,6.17,6.31,6.14,6.29,61463816,393582112.00
2025/09/18,6.26,6.26,6.05,6.09,68378400,433024736.00
2025/09/19,6.10,6.11,6.02,6.03,35692766,221795104.00
2025/09/22,6.05,6.06,5.96,6.02,38213458,235381008.00
2025/09/23,6.01,6.01,5.83,5.94,45610075,276339936.00
2025/09/24,5.91,6.02,5.90,5.99,34497495,210932496.00
2025/09/25,5.97,6.01,5.96,5.98,28971038,178005632.00
2025/09/26,5.95,6.04,5.94,5.97,27279701,167947072.00
2025/09/29,5.96,6.28,5.94,6.18,85254146,537007296.00
2025/09/30,6.18,6.20,6.10,6.16,52512169,331212640.00
2025/10/09,6.15,6.23,6.09,6.23,47064220,298061664.00
2025/10/10,6.20,6.32,6.18,6.25,53984800,346883392.00
2025/10/13,6.13,6.24,6.10,6.23,47545612,300758784.00
2025/10/14,6.23,6.39,6.21,6.26,66279643,428576160.00
2025/10/15,6.27,6.32,6.20,6.29,49870434,320263456.00
2025/10/16,6.27,6.31,6.24,6.28,38907608,250365392.00
2025/10/17,6.27,6.33,6.13,6.15,55846170,355737984.00
2025/10/20,6.20,6.22,6.14,6.17,35582766,225503728.00
2025/10/21,6.17,6.29,6.17,6.24,51793840,331452512.00
2025/10/22,6.21,6.23,6.14,6.16,33172200,209998848.00
2025/10/23,6.15,6.22,6.09,6.22,34023768,214615168.00
2025/10/24,6.22,6.26,6.17,6.24,34200574,217805216.00
2025/10/27,6.30,6.32,6.24,6.31,54172131,349354368.00
2025/10/28,6.29,6.30,6.20,6.21,47699982,305137920.00
2025/10/29,6.40,6.85,6.39,6.73,419857482,2878962176.00
2025/10/30,6.64,6.72,6.53,6.53,256161091,1736839424.00
2025/10/31,6.58,6.63,6.44,6.47,127493998,848805248.00
2025/11/03,6.44,6.45,6.32,6.40,111646129,729182400.00
2025/11/04,6.37,6.40,6.33,6.38,94505624,616336640.00
2025/11/05,6.34,6.41,6.32,6.39,84676195,553673600.00
2025/11/06,6.39,6.57,6.39,6.50,123273653,814862592.00
2025/11/07,6.45,6.47,6.40,6.42,63119089,413242848.00
2025/11/10,6.40,6.64,6.38,6.56,87451825,580067584.00
2025/11/11,6.55,6.76,6.54,6.59,105990056,715323072.00
2025/11/12,6.55,6.62,6.48,6.57,66321257,442181312.00
2025/11/13,6.55,6.71,6.53,6.70,91447099,617367104.00
2025/11/14,6.63,6.67,6.60,6.60,54740150,369983968.00
2025/11/17,6.58,6.58,6.47,6.51,51523153,341480000.00
2025/11/18,6.49,6.70,6.48,6.65,110069196,741829952.00
2025/11/19,6.63,6.76,6.57,6.63,76903830,521230048.00
2025/11/20,6.78,6.81,6.51,6.52,93400304,630985664.00
2025/11/21,6.46,6.51,6.15,6.16,96622995,622147968.00
2025/11/24,6.21,6.24,6.13,6.16,48785496,307603968.00
2025/11/25,6.20,6.30,6.18,6.19,45463585,288684352.00
2025/11/26,6.20,6.23,6.15,6.15,37231632,234581536.00
2025/11/27,6.15,6.26,6.15,6.17,33191167,209883120.00
2025/11/28,6.16,6.23,6.12,6.22,37581824,236918976.00
2025/12/01,6.20,6.33,6.18,6.28,41009517,262105696.00
2025/12/02,6.28,6.28,6.19,6.21,28998044,183697776.00
2025/12/03,6.22,6.26,6.17,6.19,34375595,217581648.00
2025/12/04,6.20,6.24,6.18,6.21,25783080,163173760.00
2025/12/05,6.21,6.41,6.19,6.36,65925015,423972512.00
2025/12/08,6.47,6.68,6.43,6.56,129953565,872904384.00
2025/12/09,6.50,6.56,6.45,6.47,61150831,403990624.00
2025/12/10,6.44,6.51,6.39,6.48,44764560,293718112.00
2025/12/11,6.47,6.47,6.33,6.34,43768935,284597888.00
2025/12/12,6.33,6.44,6.31,6.38,43005140,278819744.00
2025/12/15,6.33,6.47,6.29,6.40,47116916,307096896.00
2025/12/16,6.41,6.43,6.33,6.36,34446950,223531568.00
2025/12/17,6.34,6.55,6.32,6.48,58422242,382603712.00
2025/12/18,6.48,6.48,6.35,6.36,52078440,339003104.00
2025/12/19,6.36,6.45,6.33,6.40,42219326,275541952.00
2025/12/22,6.39,6.44,6.38,6.39,29637318,193414784.00
2025/12/23,6.40,6.46,6.36,6.41,40964921,267536048.00
2025/12/24,6.39,6.47,6.38,6.46,38012007,249220672.00
2025/12/25,6.45,6.60,6.43,6.55,59152737,394340704.00
2025/12/26,6.53,6.73,6.52,6.65,79283391,536200768.00
2025/12/29,6.65,6.70,6.60,6.65,47111839,319302400.00
2025/12/30,6.63,6.70,6.61,6.66,36476729,247043376.00
2025/12/31,6.65,6.73,6.63,6.66,49725009,337980896.00
2026/01/05,6.66,6.80,6.63,6.79,82898386,567352896.00
2026/01/06,6.77,7.48,6.76,7.48,396235995,2979373568.00
2026/01/07,7.40,7.63,7.32,7.41,312301078,2371419648.00
2026/01/08,7.38,7.41,6.95,6.99,202596208,1460327552.00
2026/01/09,6.98,7.37,6.95,7.14,166742471,1209138816.00
2026/01/12,7.10,7.24,7.06,7.19,150486416,1094341376.00
2026/01/13,7.19,7.37,7.09,7.18,131222901,964010624.00
2026/01/14,7.12,7.40,7.06,7.11,154427069,1136969472.00
2026/01/15,7.06,7.13,6.92,6.96,99176104,706435584.00
2026/01/16,7.02,7.06,6.85,6.88,83557205,587893696.00
2026/01/19,6.86,6.97,6.83,6.97,65638080,462178080.00
2026/01/20,6.96,7.10,6.95,7.04,71293656,508522144.00
2026/01/21,7.01,7.18,7.00,7.13,81043798,586033536.00
2026/01/22,7.13,7.16,7.07,7.14,56693324,410272704.00
2026/01/23,7.15,7.28,7.10,7.22,89472118,655513984.00
2026/01/26,7.22,7.57,7.21,7.38,159595369,1197188480.00
2026/01/27,7.31,7.52,7.29,7.40,120160496,903912832.00
2026/01/28,7.38,7.73,7.36,7.59,157637036,1217682304.00
2026/01/29,7.55,7.61,7.37,7.56,135337451,1026923008.00
2026/01/30,7.21,7.29,6.91,7.03,193204101,1387609344.00
2026/02/02,6.99,7.06,6.57,6.58,160202966,1104663424.00
2026/02/03,6.63,6.66,6.46,6.56,95548665,635370240.00
2026/02/04,6.52,6.61,6.46,6.57,96360364,640430208.00
2026/02/05,6.53,6.56,6.41,6.48,95358155,628990912.00
2026/02/06,6.45,6.56,6.40,6.49,63070100,417478528.00
2026/02/09,6.52,6.56,6.48,6.50,59569160,394529664.00
2026/02/10,6.49,6.50,6.41,6.41,62529803,409959808.00
2026/02/11,6.41,6.45,6.41,6.43,41446711,271359904.00
2026/02/12,6.43,6.44,6.36,6.37,54697323,356067488.00
2026/02/13,6.38,6.40,6.26,6.26,52505334,338584224.00
2026/02/24,6.29,6.30,6.25,6.28,41004423,262367104.00
2026/02/25,6.28,6.43,6.28,6.36,73391244,477261536.00
2026/02/26,6.37,6.37,6.25,6.27,67750728,434116576.00
2026/02/27,6.25,6.31,6.24,6.28,54764115,349707680.00
2026/03/02,6.24,6.26,6.14,6.19,94198585,595159680.00
2026/03/03,6.17,6.25,6.08,6.10,96894217,608391296.00
2026/03/04,6.06,6.07,5.91,5.94,86920373,530819040.00
2026/03/05,6.01,6.04,5.96,6.03,56656426,347381696.00
2026/03/06,5.99,6.10,5.98,6.06,88944042,549209984.00
2026/03/09,5.99,6.04,5.92,6.02,62399756,380415008.00
2026/03/10,6.05,6.10,6.02,6.05,51335429,316992448.00
2026/03/11,6.05,6.09,6.02,6.07,54882332,339069408.00
2026/03/12,6.06,6.14,6.05,6.10,73161874,454376224.00
2026/03/13,6.07,6.11,6.02,6.02,61203150,377979872.00
2026/03/16,6.01,6.04,5.97,6.02,47428184,290414144.00
2026/03/17,6.03,6.15,6.01,6.02,92462946,573310592.00
2026/03/18,6.03,6.05,5.98,6.03,57633696,353796544.00
2026/03/19,5.99,6.01,5.86,5.89,80579347,487741280.00
2026/03/20,5.90,5.92,5.73,5.74,73122015,433710336.00
2026/03/23,5.64,5.66,5.35,5.42,91703856,517565856.00
2026/03/24,5.49,5.53,5.40,5.52,48415437,270914784.00
2026/03/25,5.53,5.62,5.51,5.59,49473903,281681088.00
2026/03/26,5.58,5.59,5.46,5.48,45441037,256262816.00
2026/03/27,5.43,5.53,5.41,5.50,41120023,230676032.00
2026/03/30,5.42,5.47,5.37,5.46,53706333,298083584.00
2026/03/31,5.44,5.55,5.42,5.43,41872947,234438880.00
2026/04/01,5.51,5.54,5.45,5.50,50209549,281648288.00
2026/04/02,5.48,5.49,5.39,5.42,41215650,228996176.00
2026/04/03,5.42,5.44,5.32,5.32,36938731,202644160.00
2026/04/07,5.34,5.38,5.30,5.34,25619350,139919408.00
2026/04/08,5.43,5.60,5.42,5.60,78540640,443259104.00
2026/04/09,5.54,5.54,5.43,5.45,57295017,320854592.00
2026/04/10,5.51,5.70,5.50,5.57,93984814,539208128.00
2026/04/13,5.53,5.64,5.52,5.59,42490182,242847440.00
2026/04/14,5.65,5.67,5.56,5.64,41322823,236928800.00
2026/04/15,5.64,5.67,5.59,5.60,35964858,206466432.00
2026/04/16,5.62,5.68,5.60,5.63,53234769,306227904.00
2026/04/17,5.63,5.63,5.54,5.58,47626020,271207968.00
2026/04/20,5.59,5.60,5.56,5.57,36128289,205884656.00
2026/04/21,5.55,5.57,5.48,5.50,47571320,267715984.00
2026/04/22,5.48,5.59,5.47,5.56,45198645,255993232.00
2026/04/23,5.55,5.57,5.49,5.50,52946969,298442432.00
2026/04/24,5.50,5.50,5.43,5.47,31696730,176910880.00
2026/04/27,5.48,5.56,5.47,5.48,34312170,193284640.00
2026/04/28,5.48,5.62,5.48,5.55,55828696,316840416.00
2026/04/29,5.38,5.44,5.33,5.42,93556504,514661184.00
2026/04/30,5.40,5.51,5.39,5.44,47297274,263625904.00
2026/05/06,5.45,5.60,5.45,5.57,65079504,368679456.00
2026/05/07,5.60,5.62,5.53,5.56,43627327,247287088.00
2026/05/08,5.55,5.58,5.52,5.55,34534569,195723072.00
2026/05/11,5.57,5.71,5.51,5.69,93879171,539345920.00
2026/05/12,5.68,5.76,5.63,5.70,75710899,440308672.00
2026/05/13,5.68,5.75,5.60,5.74,75666227,438405440.00
2026/05/14,5.79,5.97,5.75,5.75,148344806,887221504.00
2026/05/15,5.75,5.77,5.54,5.59,91964165,529514880.00
2026/05/18,6.12,6.16,5.98,6.16,309625416,1937553664.00
2026/05/19,6.16,6.24,6.00,6.14,289149867,1800979968.00
2026/05/20,6.23,6.73,6.23,6.50,371882575,2470141184.00
2026/05/21,6.81,7.16,6.81,7.00,459943848,3319559424.00
2026/05/22,7.09,7.39,6.92,7.20,373769392,2708517376.00
2026/05/25,7.28,7.37,7.09,7.22,236748002,1731544320.00
2026/05/26,7.10,7.62,7.08,7.45,299771356,2266486784.00
2026/05/27,7.45,8.04,7.44,7.52,283173584,2209647104.00
2026/05/28,7.52,7.68,7.22,7.26,220877460,1658291072.00
2026/05/29,7.25,7.31,7.00,7.05,220683850,1602666240.00
2026/06/01,7.11,7.44,7.08,7.11,177513926,1301218176.00
2026/06/02,7.15,7.23,6.91,6.99,142785851,1016966080.00
2026/06/03,6.96,7.57,6.89,7.32,243811816,1802822912.00
2026/06/04,7.28,7.46,7.18,7.41,171942377,1284252416.00
2026/06/05,7.27,7.40,7.12,7.16,165863172,1222243840.00
2026/06/08,6.94,7.08,6.78,6.91,129505798,915108160.00
2026/06/09,6.96,7.03,6.76,6.93,117827135,827016512.00
2026/06/10,6.81,7.39,6.77,7.33,237031416,1734178560.00
2026/06/11,7.27,7.34,7.00,7.15,153109664,1113442048.00
2026/06/12,7.25,7.39,7.17,7.23,226555073,1675134464.00
2026/06/15,7.32,7.97,7.26,7.84,396170162,3150425088.00
2026/06/16,7.88,8.31,7.77,8.27,349754480,2858960640.00
2026/06/17,8.15,8.93,8.14,8.67,279836469,2451337216.00
2026/06/18,8.65,9.05,8.50,8.85,244294268,2168825600.00
2026/06/22,8.88,9.54,8.88,9.40,321008186,3010571776.00
2026/06/23,9.41,10.35,9.31,10.34,527091433,5432529408.00
2026/06/24,10.08,11.39,10.08,11.39,515838791,5825094656.00
2026/06/25,11.87,12.53,11.15,11.93,550543188,6453855744.00
2026/06/26,11.88,12.79,11.79,12.02,506118987,6249379328.00
2026/06/29,12.47,12.72,10.98,11.60,497292773,5886274048.00
2026/06/30,11.35,11.58,10.87,10.99,385430915,4317276672.00
2026/07/01,11.16,12.10,11.09,12.10,213507101,2510582272.00
2026/07/02,12.37,12.83,11.49,11.83,439575266,5287244288.00
2026/07/03,11.69,11.86,10.70,10.70,393780602,4399360512.00
2026/07/06,10.92,11.06,9.91,9.96,317480229,3308485888.00
2026/07/07,9.89,10.22,9.63,9.70,234726468,2340719360.00
2026/07/08,9.69,9.77,9.01,9.06,265572646,2499410176.00
2026/07/09,9.66,9.98,9.55,9.98,320406994,3173302528.00
2026/07/10,10.08,10.27,9.30,9.31,391226349,3854871808.00
2026/07/13,9.17,9.32,8.66,8.74,254864273,2300346624.00
2026/07/14,8.96,9.28,8.69,9.20,253170122,2267517952.00
2026/07/15,9.33,9.85,9.30,9.50,331507278,3152489472.00
2026/07/16,9.13,9.20,8.55,8.55,293178154,2565024768.00
2026/07/17,8.55,8.58,8.07,8.17,249446133,2089004032.00
2026/07/20,8.45,8.73,7.82,8.08,245819744,2036336640.00
2026/07/21,8.08,8.50,7.79,8.45,278891897,2270266368.00
2026/07/22,8.28,8.86,8.25,8.61,277570863,2383478528.00
2026/07/23,8.60,9.31,8.52,9.14,300229567,2676249088.00
2026/07/24,9.02,9.14,8.62,9.01,292423719,2592899584.00
2026/07/27,8.74,8.74,8.11,8.16,306772771,2515224064.00
2026/07/28,7.84,7.89,7.38,7.42,318364861,2421462784.00
2026/07/29,7.43,7.84,7.35,7.72,223602383,1694877184.00
2026/07/30,7.63,7.80,7.47,7.58,175233941,1336203136.00
2026/07/31,7.88,7.98,7.64,7.64,206108462,1613687552.00
2026/08/03,7.49,7.68,7.47,7.66,123113979,934571968.00
2026/08/04,7.70,7.82,7.67,7.75,114908455,889527744.00
2026/08/05,7.73,8.23,7.71,8.10,207710700,1672260352.00
2026/08/06,8.00,8.16,7.94,8.10,118389271,955987904.00
2026/08/07,8.06,8.28,8.00,8.21,130204392,1061890560.00
2026/08/10,8.26,8.42,8.13,8.24,118452465,975213376.00
2026/08/11,8.19,8.32,8.16,8.20,93149943,767733312.00
2026/08/12,8.18,8.40,8.17,8.35,106523650,883528128.00
2026/08/13,8.41,8.47,8.23,8.25,115133243,963158400.00
2026/08/14,8.26,8.36,8.16,8.28,88318828,728788096.00
2026/08/17,8.28,8.54,8.24,8.54,116907650,985661504.00
2026/08/18,8.49,8.54,8.23,8.32,99862418,834212736.00
2026/08/19,8.20,8.40,8.05,8.08,127810142,1049419584.00
2026/08/20,8.16,8.20,7.96,8.04,88977543,717446848.00
2026/08/21,8.03,8.21,7.98,8.17,76612223,622947520.00
2026/08/24,8.16,8.40,8.01,8.19,112808697,921854016.00
2026/08/25,8.09,8.19,7.96,8.12,97222546,785555328.00
2026/08/26,8.11,8.44,8.11,8.34,160208911,1329311360.00
2026/08/27,8.28,8.44,8.26,8.42,151573245,1266341504.00
2026/08/28,8.37,8.41,8.31,8.33,94635596,790274880.00
2026/08/31,8.31,8.36,8.11,8.32,111438785,918620096.00
2026/09/01,8.27,8.39,8.22,8.32,98809820,823050112.00
2026/09/02,8.21,8.23,7.96,7.97,131453258,1056384192.00
2026/09/03,8.01,8.22,7.98,8.16,125218446,1020094528.00
2026/09/04,8.23,8.51,8.19,8.25,187494205,1571359872.00
2026/09/07,8.28,8.40,8.08,8.10,126830622,1036946240.00
2026/09/08,8.11,8.15,8.01,8.02,92817740,749483072.00
2026/09/09,8.05,8.15,7.99,8.07,77081059,622628288.00
2026/09/10,8.04,8.17,8.01,8.08,74785045,605141632.00
2026/09/11,8.01,8.02,7.66,7.74,129937218,1006033344.00
2026/09/14,7.66,7.74,7.63,7.68,57084120,438496480.00
#数据来源:通达信
