600531 豫光金铅 日线 前复权
      日期	    开盘	    最高	    最低	    收盘	    成交量	    成交额
2021/08/02,5.01,5.04,4.85,4.96,34687215,200020832.00
2021/08/03,4.91,4.96,4.68,4.70,37184365,209310528.00
2021/08/04,4.72,4.82,4.68,4.82,24165089,135314688.00
2021/08/05,4.77,4.77,4.59,4.62,29561707,161993792.00
2021/08/06,4.61,5.15,4.61,5.10,92102493,536277216.00
2021/08/09,4.91,5.05,4.90,5.02,47066910,273731552.00
2021/08/10,5.00,5.07,4.93,5.03,34303917,200005856.00
2021/08/11,5.00,5.09,4.99,5.02,38943940,228439728.00
2021/08/12,5.04,5.23,5.02,5.16,61659585,368852736.00
2021/08/13,5.16,5.37,5.07,5.30,68449335,414246144.00
2021/08/16,5.33,5.42,5.04,5.08,58873302,352926848.00
2021/08/17,5.10,5.47,5.07,5.26,82794910,506845216.00
2021/08/18,5.20,5.30,5.09,5.15,47031361,282807936.00
2021/08/19,5.07,5.08,4.92,5.03,36134668,210841888.00
2021/08/20,4.97,5.07,4.86,5.05,28135073,163257344.00
2021/08/23,5.03,5.35,5.02,5.27,47325573,286925024.00
2021/08/24,5.35,5.47,5.28,5.36,57077883,353890848.00
2021/08/25,5.32,5.55,5.30,5.49,62256058,392144192.00
2021/08/26,5.42,5.79,5.40,5.62,75648327,491130080.00
2021/08/27,5.60,5.72,5.49,5.69,58651975,379609792.00
2021/08/30,5.79,5.86,5.61,5.78,72517343,476329280.00
2021/08/31,5.86,6.08,5.55,6.06,93429111,625622144.00
2021/09/01,6.05,6.24,5.52,5.63,103886474,690275136.00
2021/09/02,5.54,5.93,5.50,5.81,69653748,462312544.00
2021/09/03,5.76,6.12,5.67,5.77,66296435,445329120.00
2021/09/06,5.91,5.96,5.57,5.71,46739960,306460608.00
2021/09/07,5.71,5.93,5.61,5.92,58636488,389555488.00
2021/09/08,5.85,6.27,5.82,6.14,93937274,652436032.00
2021/09/09,6.13,6.36,6.05,6.27,74562281,527237728.00
2021/09/10,6.27,6.60,6.21,6.34,90799068,657153472.00
2021/09/13,6.42,6.64,6.26,6.56,96287671,702195200.00
2021/09/14,6.42,6.42,6.12,6.22,82704250,584304064.00
2021/09/15,6.17,6.31,6.09,6.24,44108259,310832992.00
2021/09/16,6.25,6.36,5.95,5.99,64991453,453347200.00
2021/09/17,5.95,6.12,5.51,5.74,56128286,372536160.00
2021/09/22,5.67,5.80,5.60,5.76,32217304,210242240.00
2021/09/23,5.78,5.91,5.65,5.70,33049073,217768912.00
2021/09/24,5.70,5.78,5.37,5.40,43113690,274695744.00
2021/09/27,5.40,5.43,4.95,5.02,43223141,258431360.00
2021/09/28,4.97,5.08,4.91,5.03,26949276,157157504.00
2021/09/29,4.96,5.02,4.75,4.78,32669585,186147504.00
2021/09/30,4.78,4.86,4.76,4.83,26050516,146908448.00
2021/10/08,4.89,4.99,4.83,4.93,26360553,151291536.00
2021/10/11,4.94,4.98,4.81,4.96,22624203,129964344.00
2021/10/12,4.93,4.95,4.71,4.78,25759600,145465840.00
2021/10/13,4.77,4.84,4.67,4.82,16690039,93282688.00
2021/10/14,4.95,5.15,4.86,5.12,52965325,310377952.00
2021/10/15,5.06,5.14,4.99,5.03,28024219,164658000.00
2021/10/18,5.12,5.32,5.07,5.30,36952190,223680240.00
2021/10/19,5.24,5.46,5.23,5.42,40566227,252007616.00
2021/10/20,5.28,5.41,5.20,5.32,30945166,190219232.00
2021/10/21,5.44,5.49,5.32,5.35,27342263,170157664.00
2021/10/22,5.25,5.35,5.10,5.13,30869335,186368944.00
2021/10/25,5.08,5.13,5.01,5.10,21248651,125325768.00
2021/10/26,5.16,5.18,4.99,5.05,18561135,109782528.00
2021/10/27,5.01,5.09,4.82,4.85,23616086,135190896.00
2021/10/28,4.82,4.88,4.60,4.63,29068852,160289280.00
2021/10/29,4.55,4.67,4.49,4.56,28008800,150914576.00
2021/11/01,4.55,4.61,4.50,4.58,22376996,120690144.00
2021/11/02,4.57,4.58,4.35,4.45,26777251,141875296.00
2021/11/03,4.40,4.50,4.35,4.50,18434336,97084880.00
2021/11/04,4.48,4.49,4.41,4.43,16570750,87158376.00
2021/11/05,4.44,4.44,4.33,4.35,16726967,87319432.00
2021/11/08,4.38,4.46,4.38,4.43,13565211,71314208.00
2021/11/09,4.44,4.46,4.39,4.45,12221656,64183412.00
2021/11/10,4.41,4.48,4.36,4.47,15651896,82027504.00
2021/11/11,4.50,4.61,4.50,4.59,23108024,124518208.00
2021/11/12,4.62,4.64,4.49,4.57,17581152,94879096.00
2021/11/15,4.57,4.59,4.49,4.55,11304288,60633088.00
2021/11/16,4.54,4.55,4.44,4.46,13026300,69407864.00
2021/11/17,4.47,4.53,4.45,4.53,10321251,55050396.00
2021/11/18,4.51,4.62,4.49,4.55,17159966,92713504.00
2021/11/19,4.53,4.62,4.50,4.61,16074580,86904344.00
2021/11/22,4.60,4.68,4.57,4.66,16401539,89640136.00
2021/11/23,4.64,4.78,4.64,4.70,21393098,118760304.00
2021/11/24,4.67,4.76,4.64,4.73,16149076,89503512.00
2021/11/25,4.73,4.77,4.68,4.69,15017069,83505856.00
2021/11/26,4.67,4.84,4.65,4.78,21355810,119661576.00
2021/11/29,4.71,4.71,4.61,4.64,17079795,93592136.00
2021/11/30,4.64,4.75,4.64,4.70,17663594,97895568.00
2021/12/01,4.71,4.77,4.66,4.77,13424929,74472000.00
2021/12/02,4.74,4.79,4.68,4.69,12017628,66656208.00
2021/12/03,4.71,4.73,4.64,4.72,12048029,66472680.00
2021/12/06,4.72,4.81,4.68,4.69,16663900,92943328.00
2021/12/07,4.72,4.73,4.57,4.64,15097733,82597776.00
2021/12/08,4.67,4.75,4.65,4.75,16331608,90706192.00
2021/12/09,4.75,4.82,4.73,4.79,17721155,99409632.00
2021/12/10,4.77,4.79,4.70,4.75,12179959,67975200.00
2021/12/13,4.78,4.83,4.71,4.83,18514166,103944880.00
2021/12/14,4.83,4.88,4.72,4.75,17281200,97063352.00
2021/12/15,4.73,4.79,4.70,4.75,10911506,60864672.00
2021/12/16,4.75,4.83,4.72,4.82,16053596,90156864.00
2021/12/17,4.87,4.98,4.82,4.82,26408700,151043456.00
2021/12/20,4.75,4.82,4.74,4.74,13357351,74766752.00
2021/12/21,4.72,4.81,4.72,4.79,13941585,78040592.00
2021/12/22,4.85,4.91,4.75,4.77,13548900,76200312.00
2021/12/23,4.82,4.91,4.78,4.90,28227108,160578928.00
2021/12/24,4.89,4.89,4.75,4.82,19491117,109674096.00
2021/12/27,4.78,4.84,4.76,4.79,11379721,64057484.00
2021/12/28,5.35,5.35,5.03,5.13,90847836,548539328.00
2021/12/29,5.10,5.11,4.90,4.93,43525751,252352096.00
2021/12/30,4.88,5.43,4.88,5.31,58412931,350041792.00
2021/12/31,5.28,5.31,5.19,5.20,32638572,197834288.00
2022/01/04,5.17,5.27,5.14,5.21,26161070,157764864.00
2022/01/05,5.23,5.26,5.06,5.12,23440416,139696448.00
2022/01/06,5.09,5.15,5.06,5.15,15247187,90727368.00
2022/01/07,5.15,5.33,5.10,5.20,27241113,164740128.00
2022/01/10,5.20,5.25,5.14,5.21,16067406,96685704.00
2022/01/11,5.22,5.31,5.19,5.20,18136484,110092864.00
2022/01/12,5.23,5.24,5.15,5.21,15253126,91773288.00
2022/01/13,5.23,5.32,5.20,5.22,21414050,130259352.00
2022/01/14,5.22,5.22,5.03,5.04,22502494,133046640.00
2022/01/17,5.04,5.09,5.00,5.06,15605196,91503552.00
2022/01/18,5.04,5.09,5.00,5.02,12634059,74043592.00
2022/01/19,5.01,5.07,5.00,5.03,10522170,61652768.00
2022/01/20,5.09,5.13,4.95,4.96,14203175,83326520.00
2022/01/21,4.93,5.02,4.83,5.00,14262346,82019168.00
2022/01/24,4.98,4.98,4.82,4.84,10445500,59468372.00
2022/01/25,4.84,4.90,4.59,4.60,17271740,95584440.00
2022/01/26,4.58,4.66,4.55,4.63,9025201,49128680.00
2022/01/27,4.60,4.62,4.42,4.43,11190702,59890192.00
2022/01/28,4.45,4.63,4.38,4.54,11947530,63862340.00
2022/02/07,4.61,4.70,4.59,4.66,8580503,47044076.00
2022/02/08,4.66,4.83,4.64,4.82,11504895,64033208.00
2022/02/09,4.85,4.97,4.79,4.95,15387748,88350760.00
2022/02/10,4.93,5.07,4.92,4.99,16510574,96175384.00
2022/02/11,4.95,5.02,4.87,4.89,12907119,74429528.00
2022/02/14,4.99,5.02,4.88,4.90,13499324,78055056.00
2022/02/15,4.95,4.98,4.84,4.92,9089974,52138564.00
2022/02/16,4.85,4.95,4.83,4.93,8630800,49537884.00
2022/02/17,4.92,5.11,4.90,5.07,24725804,144527072.00
2022/02/18,5.02,5.08,4.98,5.05,16036066,93961808.00
2022/02/21,5.09,5.09,4.97,5.03,12823511,74943608.00
2022/02/22,5.10,5.14,5.02,5.12,27534956,162870912.00
2022/02/23,5.06,5.08,4.98,5.06,20371625,119406968.00
2022/02/24,5.08,5.34,5.04,5.20,63901726,384479008.00
2022/02/25,5.07,5.15,5.01,5.03,39797142,234711952.00
2022/02/28,5.05,5.18,5.04,5.14,33456286,199205808.00
2022/03/01,5.14,5.14,5.05,5.09,20399913,120775952.00
2022/03/02,5.18,5.27,5.14,5.16,34170990,205961232.00
2022/03/03,5.20,5.38,5.17,5.28,41117170,252010736.00
2022/03/04,5.30,5.32,5.11,5.15,29854093,179774032.00
2022/03/07,5.26,5.34,5.13,5.17,33581625,204033920.00
2022/03/08,5.12,5.29,4.81,5.25,51270433,301440128.00
2022/03/09,4.99,5.14,4.82,5.03,53754566,311156768.00
2022/03/10,4.90,5.08,4.83,4.93,31018429,179519312.00
2022/03/11,4.85,4.90,4.65,4.86,28476554,159455872.00
2022/03/14,4.81,5.07,4.76,4.76,26921326,154376192.00
2022/03/15,4.72,4.73,4.24,4.27,34997911,185392656.00
2022/03/16,4.36,4.41,4.05,4.39,26065383,132607992.00
2022/03/17,4.43,4.53,4.39,4.40,17826290,94318152.00
2022/03/18,4.42,4.63,4.38,4.57,19099075,102610752.00
2022/03/21,4.59,4.67,4.52,4.57,12856082,69508288.00
2022/03/22,4.53,4.69,4.52,4.66,15801206,86461280.00
2022/03/23,4.62,4.65,4.58,4.62,9183890,50038944.00
2022/03/24,4.69,4.74,4.58,4.65,15543667,85238504.00
2022/03/25,4.64,4.78,4.63,4.65,14542992,80538648.00
2022/03/28,4.62,4.69,4.50,4.63,10890048,59036624.00
2022/03/29,4.65,4.68,4.61,4.62,11869460,65041288.00
2022/03/30,4.65,4.65,4.54,4.60,13014706,70470080.00
2022/03/31,4.62,4.70,4.58,4.60,16719426,91578984.00
2022/04/01,4.57,4.62,4.53,4.57,13621543,73494864.00
2022/04/06,4.57,4.66,4.56,4.66,13341200,72566480.00
2022/04/07,4.66,4.67,4.54,4.56,9569480,51914768.00
2022/04/08,4.54,4.66,4.49,4.66,16423600,89195088.00
2022/04/11,4.64,4.72,4.57,4.58,20874825,114652816.00
2022/04/12,4.58,4.69,4.51,4.69,15669980,84999552.00
2022/04/13,4.68,4.86,4.65,4.78,26027579,145815360.00
2022/04/14,4.74,4.97,4.74,4.94,25909782,148119472.00
2022/04/15,4.93,4.99,4.83,4.88,23365077,134088688.00
2022/04/18,4.91,4.91,4.77,4.85,16180448,91485872.00
2022/04/19,4.83,5.09,4.83,5.01,23030930,133195744.00
2022/04/20,4.93,4.94,4.72,4.82,17902328,101662744.00
2022/04/21,4.78,4.82,4.46,4.50,21721011,117928688.00
2022/04/22,4.49,4.49,4.27,4.48,16259714,84530936.00
2022/04/25,4.34,4.34,3.96,3.98,25999068,129632648.00
2022/04/26,3.78,3.92,3.59,3.64,26197783,120201888.00
2022/04/27,3.53,3.83,3.50,3.82,17928925,80255768.00
2022/04/28,3.76,3.81,3.65,3.74,11623755,52991284.00
2022/04/29,3.76,3.89,3.73,3.87,13491075,62905004.00
2022/05/05,3.86,3.94,3.84,3.91,13078195,61877312.00
2022/05/06,3.77,3.81,3.73,3.75,10552600,48483216.00
2022/05/09,3.74,3.79,3.71,3.74,9960703,45637064.00
2022/05/10,3.68,3.78,3.62,3.76,12049867,54729792.00
2022/05/11,3.75,3.89,3.75,3.76,16602711,77122944.00
2022/05/12,3.73,3.81,3.69,3.75,10863925,49735368.00
2022/05/13,3.74,3.82,3.74,3.81,7932800,36635624.00
2022/05/16,3.82,3.87,3.79,3.81,10134540,47126448.00
2022/05/17,3.79,3.83,3.75,3.82,10424163,48292392.00
2022/05/18,3.80,3.87,3.79,3.83,9428431,43909640.00
2022/05/19,3.77,3.84,3.72,3.83,8195806,37856024.00
2022/05/20,3.85,3.97,3.84,3.96,18604989,88114168.00
2022/05/23,4.04,4.29,4.04,4.16,28544012,142486912.00
2022/05/24,4.15,4.19,3.93,3.93,19500230,95543112.00
2022/05/25,3.95,4.05,3.94,4.02,11805976,57088224.00
2022/05/26,4.04,4.07,3.94,4.04,10466167,50717400.00
2022/05/27,4.04,4.09,4.00,4.06,12365658,60326840.00
2022/05/30,4.08,4.22,4.04,4.17,16319110,81130384.00
2022/05/31,4.15,4.23,4.11,4.20,13565503,67713312.00
2022/06/01,4.17,4.28,4.15,4.28,13941931,70507976.00
2022/06/02,4.22,4.40,4.19,4.32,16905000,86824688.00
2022/06/06,4.31,4.43,4.27,4.35,15628803,80993280.00
2022/06/07,4.36,4.49,4.34,4.45,20122487,105748704.00
2022/06/08,4.45,4.52,4.31,4.46,23476000,123612272.00
2022/06/09,4.45,4.50,4.36,4.47,16780800,88551744.00
2022/06/10,4.44,4.51,4.37,4.49,16111805,85276912.00
2022/06/13,4.51,4.56,4.46,4.51,17713476,94439920.00
2022/06/14,4.50,4.59,4.38,4.58,25047825,130494864.00
2022/06/15,4.57,4.61,4.50,4.52,19625460,103389032.00
2022/06/16,4.54,4.59,4.49,4.51,14156315,74417928.00
2022/06/17,4.49,4.56,4.47,4.55,13769374,72290176.00
2022/06/20,4.54,4.56,4.46,4.51,12594764,65741404.00
2022/06/21,4.53,4.53,4.39,4.45,11930815,61658472.00
2022/06/22,4.43,4.49,4.39,4.40,10795629,55613176.00
2022/06/23,4.45,4.52,4.36,4.51,12051797,62277484.00
2022/06/24,4.51,4.60,4.48,4.58,16210386,85577888.00
2022/06/27,4.62,4.66,4.56,4.63,15149265,80820000.00
2022/06/28,4.63,4.77,4.59,4.73,15257720,82795888.00
2022/06/29,4.73,4.79,4.58,4.60,13378857,72027904.00
2022/06/30,4.58,4.66,4.54,4.55,10900630,57922516.00
2022/07/01,4.55,4.58,4.47,4.52,7565719,39671180.00
2022/07/04,4.52,4.57,4.49,4.52,8298746,43562240.00
2022/07/05,4.53,4.68,4.48,4.55,14302114,75691800.00
2022/07/06,4.52,4.53,4.36,4.39,13021035,66847232.00
2022/07/07,4.43,4.61,4.41,4.52,14180699,74246816.00
2022/07/08,4.54,4.56,4.48,4.48,8799593,46027084.00
2022/07/11,4.48,4.48,4.35,4.40,11223200,57330572.00
2022/07/12,4.40,4.44,4.34,4.35,9665806,49365832.00
2022/07/13,4.35,4.43,4.33,4.42,9640953,49185676.00
2022/07/14,4.44,4.47,4.36,4.37,9583408,48934424.00
2022/07/15,4.37,4.37,4.26,4.26,10962822,55132540.00
2022/07/18,4.29,4.53,4.29,4.52,18845270,97753520.00
2022/07/19,4.56,4.56,4.48,4.53,9992636,52294040.00
2022/07/20,4.52,4.56,4.51,4.55,8173202,42930116.00
2022/07/21,4.53,4.60,4.52,4.54,10524821,55630664.00
2022/07/22,4.55,4.61,4.48,4.56,8936878,47027056.00
2022/07/25,4.58,4.63,4.51,4.53,10484837,55526972.00
2022/07/26,4.53,4.61,4.51,4.60,7464730,39526736.00
2022/07/27,4.58,4.60,4.54,4.58,6721695,35537368.00
2022/07/28,4.62,4.66,4.58,4.60,7988300,42583984.00
2022/07/29,4.67,4.70,4.61,4.65,14567584,78373416.00
2022/08/01,4.65,4.73,4.57,4.65,12751389,68214632.00
2022/08/02,4.60,4.64,4.41,4.48,16075329,83868400.00
2022/08/03,4.47,4.57,4.35,4.37,13429896,69646840.00
2022/08/04,4.39,4.45,4.34,4.45,8204900,42056228.00
2022/08/05,4.48,4.61,4.45,4.61,15149500,79997368.00
2022/08/08,4.61,4.64,4.56,4.63,9738469,51831352.00
2022/08/09,4.66,4.71,4.62,4.66,9939668,53471048.00
2022/08/10,4.62,4.78,4.60,4.73,16600963,90565736.00
2022/08/11,4.76,4.80,4.68,4.74,12860727,70119208.00
2022/08/12,4.73,4.80,4.70,4.74,11864565,65083688.00
2022/08/15,4.74,4.80,4.72,4.75,9296400,51010164.00
2022/08/16,4.76,4.78,4.69,4.77,10894463,59546060.00
2022/08/17,4.79,4.84,4.74,4.77,9904828,54453784.00
2022/08/18,4.76,4.79,4.69,4.71,9491873,51757416.00
2022/08/19,4.74,4.74,4.66,4.66,8234350,44526692.00
2022/08/22,4.65,4.78,4.61,4.78,10766129,58515276.00
2022/08/23,4.73,4.79,4.73,4.78,7715963,42270628.00
2022/08/24,4.79,4.83,4.58,4.59,16651200,89858440.00
2022/08/25,4.64,4.80,4.58,4.73,17048760,92152504.00
2022/08/26,4.78,4.94,4.73,4.86,28123776,156761680.00
2022/08/29,4.78,4.93,4.74,4.90,22951207,127996184.00
2022/08/30,4.90,4.97,4.87,4.94,22574341,127375672.00
2022/08/31,4.93,4.95,4.78,4.81,23129895,128572496.00
2022/09/01,4.78,5.18,4.78,5.08,57837486,333077600.00
2022/09/02,4.98,5.02,4.81,4.88,43221576,242485184.00
2022/09/05,4.84,5.05,4.75,4.93,38201369,215278816.00
2022/09/06,4.92,5.13,4.89,5.13,38098275,220367920.00
2022/09/07,5.13,5.32,5.06,5.24,49902377,297337952.00
2022/09/08,5.22,5.27,5.10,5.20,27886620,164980096.00
2022/09/09,5.23,5.27,5.08,5.25,29658333,175426832.00
2022/09/13,5.28,5.33,5.10,5.16,30401567,179210064.00
2022/09/14,5.02,5.07,4.92,4.96,24147568,137731712.00
2022/09/15,4.80,4.87,4.43,4.51,57529641,304938464.00
2022/09/16,4.46,4.55,4.37,4.38,25471681,131352328.00
2022/09/19,4.38,4.43,4.24,4.26,21968440,110464440.00
2022/09/20,4.28,4.52,4.28,4.51,27954793,144332208.00
2022/09/21,4.52,4.64,4.43,4.61,18298879,96202432.00
2022/09/22,4.55,5.14,4.54,5.03,84185546,486288288.00
2022/09/23,4.96,5.23,4.93,4.98,65017401,376403552.00
2022/09/26,4.99,5.02,4.68,4.70,36054516,199028944.00
2022/09/27,4.73,4.78,4.45,4.75,40981230,217637312.00
2022/09/28,4.68,4.74,4.41,4.42,30933929,161352000.00
2022/09/29,4.56,4.82,4.52,4.58,38830583,207701680.00
2022/09/30,4.58,4.72,4.49,4.50,22187131,117643744.00
2022/10/10,4.62,4.63,4.46,4.48,21736545,114642944.00
2022/10/11,4.45,4.60,4.42,4.52,16172628,84667984.00
2022/10/12,4.52,4.59,4.36,4.59,22778059,118412864.00
2022/10/13,4.53,4.54,4.44,4.47,18809843,97822472.00
2022/10/14,4.47,4.55,4.46,4.53,19378478,101499928.00
2022/10/17,4.52,4.55,4.43,4.54,18548114,96720216.00
2022/10/18,4.54,4.62,4.51,4.56,18098265,95637296.00
2022/10/19,4.54,4.55,4.43,4.43,17954475,93180136.00
2022/10/20,4.42,4.43,4.33,4.38,17696271,90217168.00
2022/10/21,4.39,4.42,4.35,4.36,10557238,53851672.00
2022/10/24,4.41,4.51,4.35,4.37,19296361,99492656.00
2022/10/25,4.34,4.38,4.23,4.31,16344505,81987696.00
2022/10/26,4.34,4.41,4.30,4.39,11538255,58692644.00
2022/10/27,4.40,4.49,4.37,4.42,12721095,65720724.00
2022/10/28,4.43,4.43,4.25,4.27,18731300,94050304.00
2022/10/31,4.23,4.24,4.09,4.13,17512412,85270184.00
2022/11/01,4.14,4.24,4.11,4.22,11213078,54892380.00
2022/11/02,4.21,4.27,4.17,4.26,11343687,56193200.00
2022/11/03,4.21,4.30,4.20,4.27,8429318,41929488.00
2022/11/04,4.28,4.40,4.25,4.38,14278143,72300024.00
2022/11/07,4.48,4.58,4.47,4.54,23721611,124625896.00
2022/11/08,4.54,4.72,4.51,4.68,29271397,157384128.00
2022/11/09,4.77,4.96,4.74,4.90,34972890,195296016.00
2022/11/10,4.85,4.93,4.77,4.90,21796111,121705792.00
2022/11/11,5.09,5.13,4.95,4.97,30612206,175285664.00
2022/11/14,4.98,5.01,4.79,4.82,25214600,141292688.00
2022/11/15,4.82,4.88,4.75,4.85,17948656,99846200.00
2022/11/16,4.85,4.90,4.81,4.87,12458251,69392392.00
2022/11/17,4.84,4.85,4.74,4.78,13525251,74389272.00
2022/11/18,4.77,4.79,4.69,4.71,14337033,78038648.00
2022/11/21,4.71,4.75,4.67,4.71,11386342,61790924.00
2022/11/22,4.72,4.80,4.70,4.70,12647850,68926864.00
2022/11/23,4.71,4.80,4.68,4.73,12723254,69405016.00
2022/11/24,4.78,4.90,4.76,4.86,18276200,101668904.00
2022/11/25,4.84,4.92,4.81,4.87,14857381,82992368.00
2022/11/28,4.89,4.92,4.71,4.86,15954600,88294720.00
2022/11/29,4.88,5.09,4.83,5.06,26693131,151818384.00
2022/11/30,4.91,4.94,4.71,4.82,31154238,173238992.00
2022/12/01,4.93,4.98,4.86,4.89,21359632,120498400.00
2022/12/02,4.98,5.02,4.81,4.85,14769053,82546480.00
2022/12/05,4.86,5.01,4.85,4.97,20965736,118613120.00
2022/12/06,4.92,4.95,4.86,4.89,15022884,84368064.00
2022/12/07,4.85,4.91,4.78,4.81,13881266,77071136.00
2022/12/08,4.83,4.85,4.76,4.78,9540883,52678320.00
2022/12/09,4.80,4.95,4.78,4.95,19149303,107260416.00
2022/12/12,4.91,4.93,4.74,4.75,19117329,105689128.00
2022/12/13,4.74,4.87,4.73,4.83,13321100,73705808.00
2022/12/14,4.83,4.95,4.82,4.88,14524600,81560936.00
2022/12/15,4.86,4.86,4.74,4.76,13093473,71980696.00
2022/12/16,4.72,4.76,4.69,4.70,9601463,52130516.00
2022/12/19,4.71,4.75,4.52,4.55,11330525,60457524.00
2022/12/20,4.55,4.63,4.50,4.57,9360080,49636588.00
2022/12/21,4.66,4.77,4.62,4.65,12948157,70036768.00
2022/12/22,4.69,4.70,4.47,4.49,11110709,58689296.00
2022/12/23,4.45,4.49,4.40,4.43,8615100,44434080.00
2022/12/26,4.43,4.47,4.39,4.45,6256032,32234344.00
2022/12/27,4.45,4.52,4.43,4.51,8354718,43403516.00
2022/12/28,4.49,4.62,4.45,4.58,10245253,54023940.00
2022/12/29,4.54,4.55,4.48,4.49,7479239,39083136.00
2022/12/30,4.52,4.53,4.47,4.49,5938411,30981512.00
2023/01/03,4.49,4.60,4.45,4.57,10529401,55301880.00
2023/01/04,4.56,4.60,4.51,4.55,8553563,45148864.00
2023/01/05,4.57,4.63,4.53,4.56,10852076,57310876.00
2023/01/06,4.53,4.58,4.51,4.55,9029267,47663512.00
2023/01/09,4.58,4.79,4.57,4.78,24833541,135099376.00
2023/01/10,4.78,4.82,4.71,4.74,13966792,76491528.00
2023/01/11,4.72,4.76,4.67,4.69,10004282,54295584.00
2023/01/12,4.70,4.72,4.63,4.70,10215052,55108764.00
2023/01/13,4.73,4.73,4.63,4.71,12093595,65265336.00
2023/01/16,4.73,4.78,4.71,4.75,13114104,71781320.00
2023/01/17,4.75,4.77,4.68,4.70,8738345,47481964.00
2023/01/18,4.73,4.80,4.70,4.78,10649250,58399888.00
2023/01/19,4.74,4.80,4.73,4.80,10321698,56720400.00
2023/01/20,4.80,4.98,4.80,4.94,19522271,110186080.00
2023/01/30,4.98,5.13,4.98,5.04,21275430,122825200.00
2023/01/31,5.04,5.10,5.03,5.05,14718629,85112120.00
2023/02/01,5.05,5.37,5.04,5.28,37836467,226136448.00
2023/02/02,5.29,5.39,5.24,5.29,26102673,156971776.00
2023/02/03,5.25,5.26,5.12,5.22,19166135,113269888.00
2023/02/06,5.12,5.17,5.06,5.12,14726338,85911456.00
2023/02/07,5.16,5.19,5.09,5.19,13252426,77646736.00
2023/02/08,5.16,5.19,5.09,5.09,11614370,67941296.00
2023/02/09,5.08,5.15,5.07,5.14,9882403,57747392.00
2023/02/10,5.16,5.16,5.03,5.05,11113903,64396208.00
2023/02/13,5.06,5.09,5.02,5.05,10721270,61894472.00
2023/02/14,5.07,5.17,5.06,5.08,15372136,89521856.00
2023/02/15,5.10,5.19,5.05,5.06,15635956,91162040.00
2023/02/16,5.06,5.09,4.87,4.90,18622520,106377296.00
2023/02/17,4.91,5.03,4.91,4.92,11853630,67358696.00
2023/02/20,4.95,5.11,4.93,5.10,17648583,101623544.00
2023/02/21,5.12,5.29,5.11,5.22,24283812,144089936.00
2023/02/22,5.22,5.26,5.17,5.22,12065926,71628512.00
2023/02/23,5.22,5.25,5.18,5.21,9656336,57256968.00
2023/02/24,5.23,5.24,5.11,5.18,10284607,60528444.00
2023/02/27,5.17,5.21,5.11,5.18,11259800,66280556.00
2023/02/28,5.18,5.19,5.08,5.16,10701233,62651736.00
2023/03/01,5.16,5.21,5.13,5.20,10661371,62879016.00
2023/03/02,5.21,5.21,5.12,5.14,10297737,60385016.00
2023/03/03,5.13,5.16,5.07,5.11,9990795,58218192.00
2023/03/06,5.12,5.17,5.09,5.14,10560779,61812136.00
2023/03/07,5.12,5.22,5.08,5.08,14081066,82745632.00
2023/03/08,5.04,5.07,4.98,5.03,14710083,84336752.00
2023/03/09,5.03,5.08,4.99,5.05,11963019,68938608.00
2023/03/10,5.04,5.04,4.95,4.97,12370536,70657512.00
2023/03/13,5.02,5.12,5.02,5.08,16316577,94573784.00
2023/03/14,5.22,5.24,5.06,5.09,35976519,211198096.00
2023/03/15,5.09,5.17,5.01,5.15,20769192,121307568.00
2023/03/16,5.11,5.14,4.94,4.95,21912000,125746720.00
2023/03/17,4.95,5.06,4.95,5.01,16135179,92483432.00
2023/03/20,5.09,5.26,5.08,5.23,42566910,251512800.00
2023/03/21,5.19,5.26,5.15,5.20,28506646,168653920.00
2023/03/22,5.19,5.25,5.11,5.14,23566182,138766528.00
2023/03/23,5.17,5.20,5.09,5.19,24127238,141600960.00
2023/03/24,5.20,5.25,5.14,5.24,28602992,169326496.00
2023/03/27,5.27,5.36,5.13,5.20,34014874,202734960.00
2023/03/28,5.22,5.30,5.14,5.14,25195822,149220864.00
2023/03/29,5.14,5.18,5.07,5.08,16697649,97298552.00
2023/03/30,5.10,5.13,5.01,5.11,15534155,89717904.00
2023/03/31,5.13,5.45,5.12,5.43,60368874,365508608.00
2023/04/03,5.38,5.39,5.17,5.22,55004516,327582176.00
2023/04/04,5.22,5.47,5.13,5.46,65536885,393163680.00
2023/04/06,5.54,5.61,5.45,5.56,84303243,528089408.00
2023/04/07,5.49,5.53,5.39,5.43,40310352,248337504.00
2023/04/10,5.39,5.46,5.30,5.36,30520072,186049888.00
2023/04/11,5.35,5.94,5.31,5.75,89005672,563463872.00
2023/04/12,5.76,5.92,5.69,5.76,60352699,392830240.00
2023/04/13,5.82,5.86,5.60,5.69,50994073,328963584.00
2023/04/14,5.84,5.88,5.74,5.79,43432556,283083808.00
2023/04/17,5.67,5.76,5.59,5.74,31599527,202622592.00
2023/04/18,5.74,5.83,5.65,5.69,25646895,165028736.00
2023/04/19,5.66,5.82,5.66,5.70,28479239,183840848.00
2023/04/20,5.66,5.68,5.55,5.64,26980769,170685072.00
2023/04/21,5.61,5.64,5.42,5.44,34795232,217002992.00
2023/04/24,5.44,5.47,5.31,5.34,23734500,144892496.00
2023/04/25,5.38,5.44,5.13,5.21,22790525,136324576.00
2023/04/26,5.19,5.26,5.10,5.19,19406278,114809464.00
2023/04/27,5.20,5.20,5.05,5.15,21294713,124341184.00
2023/04/28,5.28,5.69,5.25,5.66,59346429,370877504.00
2023/05/04,5.83,6.06,5.74,5.80,54292006,356968896.00
2023/05/05,5.84,5.88,5.69,5.72,25196159,162957696.00
2023/05/08,5.73,5.79,5.64,5.76,23903271,154381200.00
2023/05/09,5.77,5.85,5.66,5.67,31212700,202232000.00
2023/05/10,5.71,5.81,5.62,5.70,20934412,134325504.00
2023/05/11,5.70,5.76,5.63,5.73,17548287,112628608.00
2023/05/12,5.62,5.62,5.39,5.45,27468748,169923424.00
2023/05/15,5.44,5.57,5.42,5.56,16459838,102187072.00
2023/05/16,5.55,5.57,5.45,5.47,13724460,85402432.00
2023/05/17,5.45,5.51,5.42,5.45,10925891,67534464.00
2023/05/18,5.48,5.51,5.43,5.46,12649839,78307792.00
2023/05/19,5.46,5.46,5.34,5.38,13594089,83054688.00
2023/05/22,5.42,5.45,5.38,5.43,11588835,71109808.00
2023/05/23,5.41,5.43,5.32,5.33,12985762,79021696.00
2023/05/24,5.31,5.38,5.28,5.33,11455709,69394408.00
2023/05/25,5.33,5.36,5.25,5.30,11491351,69047904.00
2023/05/26,5.26,5.37,5.23,5.34,9569200,57661048.00
2023/05/29,5.37,5.39,5.28,5.30,9763412,59062848.00
2023/05/30,5.28,5.42,5.26,5.37,14692243,89265584.00
2023/05/31,5.37,5.46,5.37,5.41,12803741,78597296.00
2023/06/01,5.43,5.56,5.40,5.49,16660526,103452544.00
2023/06/02,5.51,5.63,5.49,5.55,14844417,93417360.00
2023/06/05,5.52,5.59,5.50,5.55,13846474,86822784.00
2023/06/06,5.55,5.58,5.41,5.44,12639836,78550440.00
2023/06/07,5.47,5.48,5.40,5.43,9172700,56539388.00
2023/06/08,5.43,5.50,5.38,5.46,10732858,64887416.00
2023/06/09,5.59,5.61,5.48,5.56,15701111,96582464.00
2023/06/12,5.53,5.77,5.52,5.71,24710221,155366080.00
2023/06/13,5.70,5.79,5.68,5.71,16282472,102948944.00
2023/06/14,5.75,5.77,5.68,5.72,11199530,70811216.00
2023/06/15,5.72,5.73,5.60,5.70,14191185,88897696.00
2023/06/16,5.73,5.74,5.67,5.67,11313707,71259280.00
2023/06/19,5.67,5.70,5.55,5.58,13447600,83494272.00
2023/06/20,5.60,5.72,5.57,5.62,13517177,84279736.00
2023/06/21,5.61,5.63,5.51,5.51,10327864,63608564.00
2023/06/26,5.52,5.58,5.48,5.50,13402103,82260280.00
2023/06/27,5.53,5.68,5.48,5.64,12100840,74990736.00
2023/06/28,5.64,5.65,5.53,5.64,9567200,59250304.00
2023/06/29,5.61,5.62,5.54,5.56,11356400,70073496.00
2023/06/30,5.56,5.73,5.52,5.70,16977477,106298824.00
2023/07/03,5.69,5.79,5.67,5.74,16935798,107479488.00
2023/07/04,5.80,5.87,5.74,5.76,16570700,105733944.00
2023/07/05,5.77,5.92,5.74,5.88,23115240,149376288.00
2023/07/06,5.91,5.93,5.82,5.85,19155754,123812808.00
2023/07/07,5.85,5.88,5.72,5.82,17595635,112657920.00
2023/07/10,5.81,5.91,5.80,5.82,12857344,82842864.00
2023/07/11,5.84,5.85,5.75,5.84,9603197,61491032.00
2023/07/12,5.80,5.88,5.76,5.77,10990400,70579328.00
2023/07/13,5.88,5.95,5.86,5.90,18983964,123350768.00
2023/07/14,5.92,6.05,5.89,6.01,23313100,153992720.00
2023/07/17,5.96,6.00,5.87,5.93,17954712,117019968.00
2023/07/18,5.89,5.96,5.89,5.93,9358021,61115316.00
2023/07/19,6.00,6.12,5.98,6.09,26279928,174839472.00
2023/07/20,6.07,6.08,5.92,5.94,21554220,142325968.00
2023/07/21,5.91,6.00,5.87,5.90,17149421,111927752.00
2023/07/24,5.88,5.93,5.82,5.86,12127813,78615616.00
2023/07/25,5.92,6.00,5.92,5.99,12639002,83090864.00
2023/07/26,6.01,6.04,5.92,5.97,10880716,71579496.00
2023/07/27,5.97,6.14,5.96,6.12,35662685,237808848.00
2023/07/28,6.12,6.12,5.78,6.05,68526636,451316768.00
2023/07/31,6.12,6.51,6.08,6.35,69560893,480058464.00
2023/08/01,6.39,7.05,6.35,7.05,123401698,904930048.00
2023/08/02,7.75,7.77,7.24,7.46,220810847,1792747520.00
2023/08/03,6.92,7.02,6.65,6.65,147403281,1084887168.00
2023/08/04,6.51,6.86,6.51,6.68,105329398,764950080.00
2023/08/07,6.75,7.41,6.69,7.41,108912855,846701696.00
2023/08/08,7.46,7.72,7.21,7.38,159493536,1284682240.00
2023/08/09,6.99,7.38,6.99,7.18,108978316,848977152.00
2023/08/10,7.14,7.26,6.84,6.94,77016879,582257984.00
2023/08/11,7.11,7.26,6.70,6.72,68086248,513443136.00
2023/08/14,6.59,6.82,6.56,6.75,48574356,354672960.00
2023/08/15,6.73,6.82,6.57,6.65,38329159,278412032.00
2023/08/16,6.59,6.66,6.47,6.54,31518493,225588768.00
2023/08/17,6.46,6.59,6.38,6.53,27971904,198222480.00
2023/08/18,6.52,6.54,6.26,6.29,34072404,238400048.00
2023/08/21,6.24,6.34,6.18,6.20,22976064,157575552.00
2023/08/22,6.25,6.38,6.22,6.32,24847785,171088672.00
2023/08/23,6.32,6.37,6.23,6.25,21603758,148874816.00
2023/08/24,6.30,6.52,6.30,6.44,40929611,288008128.00
2023/08/25,6.39,6.42,6.23,6.27,24166625,167172848.00
2023/08/28,6.69,6.75,6.35,6.39,34174426,242209520.00
2023/08/29,6.39,6.56,6.34,6.52,25496720,180251104.00
2023/08/30,6.52,6.72,6.51,6.54,27939221,201051456.00
2023/08/31,6.59,6.63,6.50,6.56,23248100,166604064.00
2023/09/01,6.60,6.74,6.60,6.71,32472614,236249712.00
2023/09/04,6.71,6.89,6.67,6.85,36367902,269554624.00
2023/09/05,6.77,6.80,6.66,6.68,28475915,207950912.00
2023/09/06,6.62,6.69,6.52,6.59,29931400,215472384.00
2023/09/07,6.58,6.59,6.39,6.43,22406590,158119568.00
2023/09/08,6.45,6.48,6.28,6.34,20295311,140797968.00
2023/09/11,6.33,6.47,6.26,6.43,22446241,156975760.00
2023/09/12,6.41,6.45,6.29,6.30,18347300,127411328.00
2023/09/13,6.28,6.42,6.27,6.38,20714700,143877104.00
2023/09/14,6.28,6.52,6.14,6.48,38360715,269269024.00
2023/09/15,6.50,6.61,6.42,6.47,30021414,213593344.00
2023/09/18,6.47,6.50,6.30,6.37,23656400,164398928.00
2023/09/19,6.34,6.40,6.28,6.30,17029074,118107224.00
2023/09/20,6.26,6.31,6.21,6.23,17915902,122671944.00
2023/09/21,6.20,6.25,6.11,6.14,17188492,116209568.00
2023/09/22,6.14,6.18,6.04,6.16,17705089,119099136.00
2023/09/25,6.13,6.16,5.97,6.00,22586793,149638992.00
2023/09/26,6.04,6.04,5.92,5.94,17062193,111753512.00
2023/09/27,5.92,5.97,5.91,5.93,16176600,105790128.00
2023/09/28,5.93,6.00,5.92,5.97,13258100,87044240.00
2023/10/09,5.92,5.95,5.79,5.92,21911127,141780000.00
2023/10/10,5.93,5.98,5.84,5.86,12445893,80877592.00
2023/10/11,5.90,5.92,5.78,5.80,15465200,99356192.00
2023/10/12,5.85,5.92,5.82,5.90,12583293,81564288.00
2023/10/13,5.86,5.86,5.68,5.71,25729620,163037632.00
2023/10/16,5.78,5.86,5.70,5.74,17655700,112251000.00
2023/10/17,5.70,5.78,5.61,5.66,13761603,86109296.00
2023/10/18,5.65,5.71,5.60,5.60,13269718,82831440.00
2023/10/19,5.58,5.67,5.55,5.56,14286800,88530056.00
2023/10/20,5.55,5.66,5.53,5.54,12679642,78364008.00
2023/10/23,5.50,5.51,5.31,5.36,14487202,86806752.00
2023/10/24,5.37,5.46,5.36,5.45,11213497,67550640.00
2023/10/25,5.48,5.58,5.48,5.49,14162498,86816616.00
2023/10/26,5.47,5.55,5.39,5.54,10943089,66340600.00
2023/10/27,5.48,5.65,5.45,5.61,14503581,89539776.00
2023/10/30,5.63,5.76,5.60,5.65,18433688,115277392.00
2023/10/31,5.69,5.75,5.55,5.57,25152165,156652912.00
2023/11/01,5.59,5.83,5.55,5.74,41659656,263182992.00
2023/11/02,5.75,5.77,5.60,5.60,20906957,130993080.00
2023/11/03,5.62,5.68,5.59,5.63,15926362,99418600.00
2023/11/06,5.69,5.69,5.61,5.67,19539748,122217088.00
2023/11/07,5.64,5.66,5.53,5.60,22200580,137285152.00
2023/11/08,5.56,5.57,5.47,5.51,18259483,111805256.00
2023/11/09,5.51,5.55,5.47,5.48,13093349,79926664.00
2023/11/10,5.47,5.50,5.44,5.46,12564892,76241296.00
2023/11/13,5.47,5.54,5.46,5.54,16580855,101104224.00
2023/11/14,5.53,5.55,5.48,5.52,13675187,83627216.00
2023/11/15,5.61,5.67,5.58,5.64,27583427,171681600.00
2023/11/16,5.64,5.66,5.59,5.59,13799349,85764208.00
2023/11/17,5.61,5.69,5.59,5.69,18526439,115862200.00
2023/11/20,5.71,5.72,5.61,5.65,17911069,111822560.00
2023/11/21,5.65,5.72,5.63,5.65,20939851,131547480.00
2023/11/22,5.65,5.68,5.59,5.60,15258385,94983472.00
2023/11/23,5.59,5.68,5.57,5.67,13850303,86255792.00
2023/11/24,5.65,5.67,5.56,5.59,12181600,75640992.00
2023/11/27,5.65,5.71,5.60,5.66,19742904,123381696.00
2023/11/28,5.65,5.69,5.61,5.68,13934810,87181440.00
2023/11/29,5.78,5.80,5.67,5.67,20542507,129815432.00
2023/11/30,5.71,5.74,5.55,5.60,18564840,115269776.00
2023/12/01,5.60,5.63,5.56,5.62,14032303,87069600.00
2023/12/04,5.74,5.84,5.70,5.70,29420970,187217248.00
2023/12/05,5.67,5.69,5.55,5.55,21929500,135907360.00
2023/12/06,5.52,5.62,5.52,5.59,12607895,77973424.00
2023/12/07,5.58,5.60,5.52,5.57,12628800,77699616.00
2023/12/08,5.58,5.63,5.46,5.46,20163613,123234984.00
2023/12/11,5.43,5.44,5.28,5.38,24794685,147572976.00
2023/12/12,5.35,5.40,5.32,5.40,14349220,85566632.00
2023/12/13,5.38,5.46,5.35,5.35,13067084,78335264.00
2023/12/14,5.44,5.47,5.35,5.37,13691103,82230672.00
2023/12/15,5.38,5.46,5.31,5.35,15992590,95733824.00
2023/12/18,5.32,5.35,5.22,5.23,15635013,91885120.00
2023/12/19,5.22,5.25,5.18,5.23,10196896,59285952.00
2023/12/20,5.25,5.28,5.17,5.17,9959095,58072760.00
2023/12/21,5.16,5.24,5.11,5.23,13151341,75953128.00
2023/12/22,5.23,5.34,5.19,5.24,15247147,89198736.00
2023/12/25,5.24,5.31,5.18,5.30,14692998,85688880.00
2023/12/26,5.25,5.30,5.15,5.17,14801411,86102248.00
2023/12/27,5.16,5.29,5.13,5.29,15059355,87697648.00
2023/12/28,5.29,5.45,5.27,5.44,23316612,139732704.00
2023/12/29,5.42,5.47,5.40,5.45,14510953,87614392.00
2024/01/02,5.45,5.64,5.44,5.60,25624527,158054880.00
2024/01/03,5.56,5.62,5.55,5.61,18452150,114248192.00
2024/01/04,5.62,5.62,5.55,5.59,13222301,81756368.00
2024/01/05,5.59,5.62,5.48,5.53,17700841,108883232.00
2024/01/08,5.51,5.52,5.38,5.39,13447700,81215768.00
2024/01/09,5.39,5.48,5.37,5.44,10962500,66052168.00
2024/01/10,5.42,5.49,5.35,5.41,11578730,69793104.00
2024/01/11,5.41,5.47,5.37,5.43,11783091,70889744.00
2024/01/12,5.42,5.55,5.40,5.46,13540748,82490752.00
2024/01/15,5.45,5.49,5.38,5.44,12938051,78148320.00
2024/01/16,5.41,5.54,5.33,5.42,15410303,92573440.00
2024/01/17,5.40,5.43,5.25,5.25,12982500,77124864.00
2024/01/18,5.21,5.27,4.94,5.12,22313102,126936816.00
2024/01/19,5.11,5.16,5.03,5.04,12501287,71150336.00
2024/01/22,5.04,5.06,4.60,4.68,20609131,111922536.00
2024/01/23,4.72,4.81,4.59,4.77,15288319,81051416.00
2024/01/24,4.80,4.89,4.65,4.88,16000100,86130240.00
2024/01/25,4.87,5.10,4.85,5.10,17759710,99538072.00
2024/01/26,5.10,5.28,5.08,5.18,18083972,104886656.00
2024/01/29,5.22,5.26,5.06,5.08,14839920,85208768.00
2024/01/30,5.05,5.10,4.93,4.95,13779070,77416016.00
2024/01/31,4.91,4.96,4.70,4.74,16268268,88083864.00
2024/02/01,4.70,4.78,4.56,4.63,18423710,97010792.00
2024/02/02,4.62,4.72,4.26,4.45,25132541,128786944.00
2024/02/05,4.40,4.41,3.95,4.00,37028208,174122704.00
2024/02/06,3.90,4.39,3.77,4.31,33294903,156365632.00
2024/02/07,4.30,4.52,4.22,4.50,33544724,168589376.00
2024/02/08,4.53,4.88,4.50,4.84,36783715,197303104.00
2024/02/19,4.86,4.90,4.70,4.81,31048740,167384992.00
2024/02/20,4.76,4.85,4.69,4.82,17994687,97125328.00
2024/02/21,4.82,5.01,4.76,4.85,22328314,122962944.00
2024/02/22,4.85,4.94,4.79,4.89,16471139,89927616.00
2024/02/23,4.89,5.01,4.87,5.01,19509698,108226520.00
2024/02/26,5.04,5.09,4.91,4.94,18093380,101029712.00
2024/02/27,4.92,5.03,4.91,5.03,15615203,86886872.00
2024/02/28,5.02,5.14,4.81,4.82,27930356,156246800.00
2024/02/29,4.81,4.94,4.78,4.94,17774445,97667504.00
2024/03/01,4.95,5.02,4.90,5.02,20218504,112439128.00
2024/03/04,5.06,5.12,5.01,5.08,23539500,133267816.00
2024/03/05,5.14,5.23,5.03,5.06,30556857,175035312.00
2024/03/06,5.03,5.29,5.02,5.23,34767269,201067920.00
2024/03/07,5.32,5.57,5.28,5.40,55758469,337259840.00
2024/03/08,5.44,5.47,5.32,5.47,37881335,227368384.00
2024/03/11,5.55,5.59,5.39,5.46,37024335,224558720.00
2024/03/12,5.44,5.46,5.31,5.34,27378199,163180736.00
2024/03/13,5.28,5.38,5.26,5.32,22111749,130765024.00
2024/03/14,5.45,5.62,5.38,5.43,44776328,273641504.00
2024/03/15,5.38,5.76,5.38,5.74,65122452,404308864.00
2024/03/18,5.74,5.92,5.71,5.79,59562038,380832704.00
2024/03/19,5.73,5.94,5.72,5.82,45091994,290977568.00
2024/03/20,5.72,5.85,5.71,5.82,31318502,199709152.00
2024/03/21,5.97,6.03,5.83,5.91,47476084,309203264.00
2024/03/22,5.77,5.85,5.65,5.69,42663146,269734528.00
2024/03/25,5.69,5.85,5.66,5.71,33947413,216029024.00
2024/03/26,5.71,5.73,5.50,5.65,26246160,163359680.00
2024/03/27,5.64,5.66,5.51,5.52,19818877,122738896.00
2024/03/28,5.53,5.81,5.51,5.78,39854639,250591360.00
2024/03/29,5.96,6.08,5.88,6.05,72710332,478248000.00
2024/04/01,6.07,6.26,6.07,6.18,86691595,584785920.00
2024/04/02,6.11,6.32,6.08,6.19,59156383,401995136.00
2024/04/03,6.35,6.57,6.27,6.50,103217960,724573952.00
2024/04/08,6.71,7.21,6.62,6.77,169882955,1282970240.00
2024/04/09,6.75,6.89,6.54,6.61,121085868,883376000.00
2024/04/10,6.71,6.80,6.43,6.53,96999078,698835200.00
2024/04/11,6.38,6.79,6.28,6.58,89790656,639861952.00
2024/04/12,6.74,6.89,6.55,6.84,102403322,752521408.00
2024/04/15,6.48,6.55,6.19,6.48,96902340,677106624.00
2024/04/16,6.42,6.43,5.84,5.88,86709980,580381376.00
2024/04/17,5.91,6.21,5.91,6.16,66499918,443671040.00
2024/04/18,6.09,6.26,6.02,6.20,59905845,403575296.00
2024/04/19,6.21,6.50,6.17,6.27,79888280,552619072.00
2024/04/22,6.28,6.39,5.90,5.93,64906517,434902400.00
2024/04/23,5.77,5.80,5.56,5.60,61522063,385594720.00
2024/04/24,5.61,5.93,5.58,5.92,47654920,303244320.00
2024/04/25,5.81,5.97,5.72,5.89,31680868,204480256.00
2024/04/26,5.89,6.17,5.88,6.13,44459932,295620736.00
2024/04/29,6.05,6.13,5.86,6.09,40460677,267320112.00
2024/04/30,6.20,6.29,5.98,6.00,49989750,337173120.00
2024/05/06,6.01,6.25,5.91,6.24,48775939,326472800.00
2024/05/07,6.21,6.32,6.17,6.22,41403271,283427776.00
2024/05/08,6.19,6.42,6.07,6.29,50791841,347932288.00
2024/05/09,6.27,6.49,6.25,6.46,59427354,414453632.00
2024/05/10,6.66,6.74,6.35,6.59,76242983,542403840.00
2024/05/13,6.43,6.48,6.29,6.37,41509696,289752736.00
2024/05/14,6.44,6.47,6.30,6.39,39452393,275290304.00
2024/05/15,6.37,7.09,6.34,6.73,133510619,986529152.00
2024/05/16,6.90,6.98,6.54,6.55,88779831,648960704.00
2024/05/17,6.53,6.65,6.45,6.60,52431349,374316288.00
2024/05/20,6.99,7.32,6.86,7.32,161965665,1259602176.00
2024/05/21,7.32,7.47,6.90,6.90,132489952,1022113856.00
2024/05/22,6.88,7.03,6.76,6.77,69809430,522787200.00
2024/05/23,6.48,6.49,6.27,6.30,78791861,550516224.00
2024/05/24,6.25,6.40,6.25,6.33,42645801,295842560.00
2024/05/27,6.30,6.44,6.23,6.43,42068949,291718944.00
2024/05/28,6.55,7.13,6.53,6.99,179963716,1362089344.00
2024/05/29,6.88,7.37,6.87,7.17,139431517,1077236736.00
2024/05/30,7.16,7.24,6.61,6.63,92535524,690415872.00
2024/05/31,6.65,6.77,6.56,6.70,53988000,392143552.00
2024/06/03,6.57,6.63,6.33,6.41,59335600,419995520.00
2024/06/04,6.47,6.90,6.40,6.77,73035012,529835456.00
2024/06/05,6.52,6.61,6.43,6.46,55779300,396592000.00
2024/06/06,6.63,7.05,6.63,6.73,89622431,662669312.00
2024/06/07,6.93,6.94,6.61,6.78,75266850,555620288.00
2024/06/11,6.42,6.53,6.32,6.45,78515968,550177088.00
2024/06/12,6.42,6.62,6.42,6.60,49611097,353810784.00
2024/06/13,6.50,6.52,6.30,6.38,60968828,426220800.00
2024/06/14,6.30,6.37,6.23,6.33,35545837,245443184.00
2024/06/17,6.33,6.36,6.05,6.07,50163438,338297088.00
2024/06/18,6.11,6.25,6.06,6.17,36536888,247324592.00
2024/06/19,6.29,6.36,6.23,6.24,44668500,307534432.00
2024/06/20,6.25,6.34,6.07,6.15,44170000,300451488.00
2024/06/21,6.24,6.26,6.05,6.06,34627954,233234048.00
2024/06/24,5.86,5.92,5.70,5.73,42624100,272692032.00
2024/06/25,5.71,5.80,5.64,5.75,28845447,182165776.00
2024/06/26,5.70,5.81,5.60,5.80,32337069,203760704.00
2024/06/27,5.74,5.75,5.59,5.60,28645803,179134224.00
2024/06/28,5.63,5.94,5.61,5.84,48326942,309601472.00
2024/07/01,5.88,6.09,5.83,6.06,36072500,236634416.00
2024/07/02,6.02,6.11,5.97,6.02,26674020,176665760.00
2024/07/03,6.01,6.06,5.93,6.04,23695955,156594432.00
2024/07/04,6.09,6.14,5.82,5.86,30859000,202700384.00
2024/07/05,5.86,6.13,5.79,6.11,41167080,264030016.00
2024/07/08,6.15,6.21,6.00,6.02,35800911,234242896.00
2024/07/09,5.94,6.21,5.92,6.20,40797656,266506784.00
2024/07/10,6.14,6.30,6.06,6.09,39055905,258404784.00
2024/07/11,6.21,6.38,6.13,6.36,46334998,311490848.00
2024/07/12,6.39,6.43,6.22,6.33,43168123,292017056.00
2024/07/15,6.27,6.37,6.19,6.26,36273758,244278800.00
2024/07/16,6.24,6.36,6.21,6.29,35587900,239339440.00
2024/07/17,6.39,6.42,6.06,6.08,47536366,315546976.00
2024/07/18,5.98,6.08,5.88,6.08,28307888,181499728.00
2024/07/19,5.91,5.91,5.77,5.81,31996115,200509072.00
2024/07/22,5.79,5.79,5.64,5.68,28166615,172756256.00
2024/07/23,5.68,5.71,5.33,5.34,39774836,236173984.00
2024/07/24,5.31,5.37,5.22,5.25,22380076,127940408.00
2024/07/25,5.18,5.21,5.06,5.14,29641476,165116480.00
2024/07/26,5.15,5.31,5.14,5.24,26279900,149610768.00
2024/07/29,5.27,5.30,5.18,5.20,16231221,91817456.00
2024/07/30,5.17,5.22,5.11,5.20,15357700,86102064.00
2024/07/31,5.23,5.48,5.20,5.48,36539868,212318720.00
2024/08/01,5.55,5.57,5.41,5.45,28350840,168148192.00
2024/08/02,5.34,5.39,5.29,5.34,23708566,137055600.00
2024/08/05,5.25,5.35,5.14,5.14,24883221,141434192.00
2024/08/06,5.20,5.23,5.11,5.19,17398900,97592600.00
2024/08/07,5.18,5.26,5.12,5.17,16641847,93816336.00
2024/08/08,5.21,5.21,5.06,5.17,19890100,110856208.00
2024/08/09,5.21,5.29,5.18,5.19,29445180,166971872.00
2024/08/12,5.05,5.10,5.02,5.09,23547449,129576680.00
2024/08/13,5.13,5.18,5.04,5.12,16612777,92077696.00
2024/08/14,5.12,5.15,5.04,5.04,13599500,75019472.00
2024/08/15,5.01,5.15,4.99,5.12,19536960,108029072.00
2024/08/16,5.24,5.27,5.06,5.08,23398700,130699512.00
2024/08/19,5.11,5.26,5.11,5.18,31012006,174773088.00
2024/08/20,5.19,5.20,5.02,5.06,19673025,108728288.00
2024/08/21,5.06,5.12,5.02,5.08,12928002,71299608.00
2024/08/22,5.09,5.09,4.93,4.96,16898475,91693312.00
2024/08/23,4.90,4.98,4.86,4.97,10875103,58400012.00
2024/08/26,5.00,5.10,4.98,5.06,15054751,82544432.00
2024/08/27,5.03,5.04,4.93,4.99,11106300,60093804.00
2024/08/28,4.97,5.07,4.97,5.01,11951031,65318628.00
2024/08/29,4.98,5.12,4.91,5.11,16017334,88123560.00
2024/08/30,5.09,5.25,5.06,5.20,21693900,121826048.00
2024/09/02,5.31,5.35,5.20,5.22,35872150,204570496.00
2024/09/03,5.19,5.31,5.18,5.22,21185450,120359096.00
2024/09/04,5.20,5.20,5.07,5.10,19004996,105724408.00
2024/09/05,5.11,5.16,5.08,5.13,12471200,69306464.00
2024/09/06,5.12,5.19,5.06,5.06,15642400,87009664.00
2024/09/09,4.98,5.01,4.91,4.96,14225960,76779408.00
2024/09/10,4.98,5.01,4.88,4.99,12525500,67443760.00
2024/09/11,4.98,5.02,4.93,5.00,9970300,54068256.00
2024/09/12,5.01,5.10,4.98,5.02,11809146,64760636.00
2024/09/13,5.15,5.20,5.05,5.05,21622630,119815928.00
2024/09/18,5.11,5.17,5.03,5.15,21976302,122039024.00
2024/09/19,5.11,5.33,5.05,5.32,34519418,195421616.00
2024/09/20,5.30,5.42,5.29,5.39,34471296,199856016.00
2024/09/23,5.37,5.45,5.35,5.40,20302700,118548448.00
2024/09/24,5.41,5.61,5.40,5.60,34369459,204762912.00
2024/09/25,5.72,5.81,5.60,5.61,40731669,250261040.00
2024/09/26,5.60,5.81,5.58,5.81,30691506,188698304.00
2024/09/27,5.89,6.02,5.83,6.00,31628860,201158544.00
2024/09/30,6.20,6.64,6.11,6.60,88789283,606473920.00
2024/10/08,7.30,7.30,6.81,7.30,135495356,1029870720.00
2024/10/09,7.10,7.11,6.53,6.53,84300393,610540864.00
2024/10/10,6.53,6.83,6.29,6.57,55632983,390925760.00
2024/10/11,6.66,6.70,6.35,6.44,41436306,288902528.00
2024/10/14,6.45,6.63,6.42,6.60,31517216,220054112.00
2024/10/15,6.58,6.59,6.33,6.34,34433436,237077600.00
2024/10/16,6.26,6.48,6.22,6.44,27282200,186192880.00
2024/10/17,6.47,6.51,6.31,6.32,23680802,162338800.00
2024/10/18,6.33,6.56,6.32,6.44,45405441,313318816.00
2024/10/21,6.64,6.78,6.59,6.71,53407999,381173408.00
2024/10/22,6.70,6.72,6.59,6.70,32152945,228197728.00
2024/10/23,6.77,6.82,6.66,6.73,39734161,285347104.00
2024/10/24,6.60,6.66,6.50,6.63,27616518,193980816.00
2024/10/25,6.58,6.70,6.56,6.62,28562012,201591376.00
2024/10/28,6.61,6.73,6.59,6.73,29655296,211204640.00
2024/10/29,6.72,6.76,6.57,6.60,30582168,216893232.00
2024/10/30,6.54,6.69,6.44,6.54,35867990,250331568.00
2024/10/31,6.49,6.56,6.42,6.50,33552601,232794704.00
2024/11/01,6.47,6.88,6.45,6.64,74509303,529731104.00
2024/11/04,6.65,6.70,6.52,6.68,38467308,271707200.00
2024/11/05,6.74,7.16,6.73,7.07,80415721,597979456.00
2024/11/06,7.07,7.22,6.97,7.01,66607038,501240512.00
2024/11/07,6.82,7.09,6.71,7.05,52594526,386977024.00
2024/11/08,7.15,7.21,6.81,6.88,53068206,394683008.00
2024/11/11,6.80,6.86,6.69,6.82,38232233,275449536.00
2024/11/12,6.79,6.87,6.62,6.68,35343900,254263472.00
2024/11/13,6.63,6.77,6.62,6.69,24027800,171184048.00
2024/11/14,6.67,6.71,6.44,6.46,31022455,217383168.00
2024/11/15,6.41,6.56,6.31,6.35,22140293,152479648.00
2024/11/18,6.41,6.44,6.20,6.26,26035777,175894464.00
2024/11/19,6.31,6.40,6.25,6.40,20848922,140916480.00
2024/11/20,6.38,6.46,6.32,6.42,21485006,146935648.00
2024/11/21,6.42,6.50,6.37,6.49,21949806,150991296.00
2024/11/22,6.44,6.50,6.20,6.21,24901435,169194400.00
2024/11/25,6.24,6.36,6.18,6.27,19047380,127707464.00
2024/11/26,6.23,6.35,6.21,6.26,15004000,100806856.00
2024/11/27,6.25,6.34,6.07,6.33,21644020,143404688.00
2024/11/28,6.31,6.33,6.20,6.25,18887519,126658632.00
2024/11/29,6.22,6.35,6.20,6.31,19211730,129321088.00
2024/12/02,6.32,6.46,6.29,6.43,20214231,138157776.00
2024/12/03,6.44,6.46,6.34,6.43,17158560,117276472.00
2024/12/04,6.51,6.51,6.35,6.38,21456750,147445200.00
2024/12/05,6.35,6.44,6.32,6.41,14209090,96956312.00
2024/12/06,6.40,6.49,6.37,6.49,19535000,134590144.00
2024/12/09,6.46,6.64,6.46,6.53,26124300,182715600.00
2024/12/10,6.65,6.70,6.51,6.53,31925860,225308192.00
2024/12/11,6.55,6.69,6.52,6.64,25921543,183312624.00
2024/12/12,6.65,6.72,6.62,6.70,25696761,183002944.00
2024/12/13,6.64,6.66,6.50,6.50,25189885,176512416.00
2024/12/16,6.50,6.54,6.42,6.46,15137630,104775704.00
2024/12/17,6.44,6.48,6.33,6.34,13706002,93745600.00
2024/12/18,6.35,6.40,6.28,6.30,12347500,83834296.00
2024/12/19,6.24,6.29,6.16,6.26,14981390,99755144.00
2024/12/20,6.24,6.28,6.20,6.22,12289800,82038496.00
2024/12/23,6.24,6.27,6.11,6.13,14508000,96185256.00
2024/12/24,6.13,6.26,6.13,6.25,14057900,93495112.00
2024/12/25,6.26,6.27,6.13,6.17,11435700,75611208.00
2024/12/26,6.16,6.24,6.15,6.18,10404732,69047984.00
2024/12/27,6.20,6.28,6.19,6.21,13250597,88359312.00
2024/12/30,6.22,6.22,6.14,6.19,11898825,78826072.00
2024/12/31,6.19,6.21,5.98,5.98,19121500,124647072.00
2025/01/02,5.99,6.10,5.86,5.90,18048603,116149048.00
2025/01/03,5.92,6.09,5.83,5.87,21999930,140982016.00
2025/01/06,5.86,6.04,5.75,5.96,18639230,118641800.00
2025/01/07,5.94,6.10,5.88,6.07,18742051,120571008.00
2025/01/08,6.03,6.07,5.81,6.00,20159604,128682048.00
2025/01/09,5.96,6.02,5.93,5.96,10615944,68229752.00
2025/01/10,5.99,6.06,5.85,5.86,11864204,75757048.00
2025/01/13,5.81,6.05,5.76,6.00,16289920,103982672.00
2025/01/14,5.97,6.11,5.92,6.07,25075866,162374304.00
2025/01/15,6.07,6.09,5.96,6.02,16269103,104928888.00
2025/01/16,6.06,6.21,6.05,6.19,29513873,194579360.00
2025/01/17,6.16,6.24,6.12,6.20,17308739,114731840.00
2025/01/20,6.22,6.24,6.09,6.12,18923300,124816856.00
2025/01/21,6.14,6.16,6.08,6.14,12194803,79991232.00
2025/01/22,6.14,6.18,6.10,6.16,11726469,77125440.00
2025/01/23,6.18,6.24,6.11,6.12,14340170,95051312.00
2025/01/24,6.10,6.20,6.06,6.20,15303800,100557408.00
2025/01/27,6.23,6.29,6.17,6.18,16454130,109760880.00
2025/02/05,6.30,6.38,6.25,6.35,30792193,207746880.00
2025/02/06,6.34,6.43,6.31,6.38,20262250,137463280.00
2025/02/07,6.35,6.46,6.33,6.44,24047990,164944000.00
2025/02/10,6.48,6.51,6.39,6.41,18677180,128224752.00
2025/02/11,6.46,6.52,6.41,6.46,22961900,158470512.00
2025/02/12,6.41,6.46,6.31,6.38,23878749,162929456.00
2025/02/13,6.38,6.41,6.30,6.32,15819570,107151168.00
2025/02/14,6.36,6.38,6.28,6.35,13190345,89347864.00
2025/02/17,6.30,6.30,6.21,6.25,16454330,110082288.00
2025/02/18,6.24,6.26,6.15,6.18,14066067,93507000.00
2025/02/19,6.22,6.25,6.14,6.24,13364691,88916672.00
2025/02/20,6.26,6.27,6.17,6.23,15035112,100021320.00
2025/02/21,6.25,6.28,6.17,6.18,17347546,115307280.00
2025/02/24,6.15,6.21,6.11,6.15,16407557,108291064.00
2025/02/25,6.13,6.18,6.07,6.08,19406784,127342808.00
2025/02/26,6.08,6.18,6.07,6.17,17656651,116270064.00
2025/02/27,6.16,6.18,6.02,6.08,19168803,124971992.00
2025/02/28,6.06,6.10,5.97,6.00,14205555,91882464.00
2025/03/03,6.00,6.11,6.00,6.03,15918203,103536304.00
2025/03/04,5.98,6.10,5.98,6.09,13330053,86595992.00
2025/03/05,6.12,6.46,6.09,6.42,44909640,301012320.00
2025/03/06,6.42,6.59,6.38,6.47,47886334,331476160.00
2025/03/07,6.50,7.16,6.50,7.04,151026621,1121499904.00
2025/03/10,7.32,7.47,6.97,7.01,129945219,989311040.00
2025/03/11,6.91,7.33,6.87,7.28,91951553,697989120.00
2025/03/12,7.26,7.62,7.26,7.27,81093409,635081344.00
2025/03/13,7.34,7.46,7.10,7.21,53940768,411742848.00
2025/03/14,7.54,7.55,7.19,7.31,66148910,512015808.00
2025/03/17,7.22,7.31,7.14,7.16,44684298,341715968.00
2025/03/18,7.19,7.43,7.12,7.30,48431903,374120224.00
2025/03/19,7.31,7.40,7.23,7.38,44672360,346754976.00
2025/03/20,7.37,7.42,7.23,7.27,35899300,278841088.00
2025/03/21,7.23,7.29,7.03,7.07,40888562,310084256.00
2025/03/24,7.13,7.17,6.94,7.08,38228712,286082528.00
2025/03/25,7.09,7.19,7.00,7.13,34462546,260312896.00
2025/03/26,7.19,7.30,7.04,7.08,36557393,278468544.00
2025/03/27,6.98,7.07,6.89,6.95,28449512,210859536.00
2025/03/28,7.02,7.07,6.79,6.89,31296700,230205744.00
2025/03/31,6.86,6.93,6.69,6.86,26708400,193995072.00
2025/04/01,6.87,6.98,6.81,6.85,22950560,167780240.00
2025/04/02,6.83,6.91,6.79,6.82,18591018,135321200.00
2025/04/03,6.74,6.86,6.66,6.68,26170600,187930144.00
2025/04/07,6.09,6.22,5.97,5.97,40717195,262578368.00
2025/04/08,5.91,5.94,5.44,5.57,68279065,415154368.00
2025/04/09,5.41,5.64,5.07,5.62,50743573,295925120.00
2025/04/10,5.79,5.92,5.76,5.83,44237693,277465184.00
2025/04/11,5.92,6.09,5.90,5.91,47442919,304568768.00
2025/04/14,5.98,6.32,5.96,6.24,47523183,313740320.00
2025/04/15,6.21,6.22,6.04,6.15,30467662,200055744.00
2025/04/16,6.24,6.28,5.95,6.09,32366585,211363536.00
2025/04/17,6.18,6.30,6.11,6.14,44753958,296952192.00
2025/04/18,6.13,6.21,6.07,6.10,22522170,147555504.00
2025/04/21,6.19,6.46,6.17,6.43,51464803,349121152.00
2025/04/22,6.44,6.62,6.33,6.57,48408100,334235136.00
2025/04/23,6.41,6.46,6.26,6.29,46663400,317425536.00
2025/04/24,6.35,6.40,6.23,6.27,27037000,182736704.00
2025/04/25,6.30,6.39,6.28,6.31,23794670,161054944.00
2025/04/28,6.51,6.68,6.46,6.59,55415778,389056000.00
2025/04/29,6.56,6.73,6.55,6.67,36353573,258123120.00
2025/04/30,6.62,6.68,6.42,6.44,49809583,345367296.00
2025/05/06,6.52,6.68,6.52,6.66,49769287,351276416.00
2025/05/07,6.68,6.71,6.59,6.63,30181400,213405712.00
2025/05/08,6.61,6.65,6.54,6.58,27441377,193260848.00
2025/05/09,6.59,6.59,6.49,6.55,22590100,157637184.00
2025/05/12,6.55,6.82,6.51,6.72,42611343,302214784.00
2025/05/13,6.68,6.68,6.57,6.64,29389766,207543472.00
2025/05/14,6.63,6.67,6.60,6.64,22612900,159976704.00
2025/05/15,6.63,6.63,6.47,6.51,26236416,182560304.00
2025/05/16,6.54,6.61,6.50,6.51,22093100,154580496.00
2025/05/19,6.57,6.58,6.49,6.55,19383260,135107616.00
2025/05/20,6.54,6.58,6.51,6.55,19024155,132948056.00
2025/05/21,6.61,6.68,6.55,6.67,38393500,271145024.00
2025/05/22,6.65,6.94,6.63,6.69,52287300,377035168.00
2025/05/23,6.66,6.76,6.61,6.61,33312629,237610832.00
2025/05/26,6.61,6.75,6.60,6.66,25453555,181218592.00
2025/05/27,6.65,6.65,6.44,6.49,33072331,229696992.00
2025/05/28,6.49,6.55,6.46,6.52,19784380,137689968.00
2025/05/29,6.47,6.62,6.45,6.58,22717800,158778736.00
2025/05/30,6.57,6.57,6.47,6.51,17806000,123811008.00
2025/06/03,6.63,6.74,6.59,6.71,43067980,306741696.00
2025/06/04,6.70,6.88,6.70,6.83,39091257,283498464.00
2025/06/05,6.83,6.93,6.74,6.77,27050901,196434912.00
2025/06/06,6.92,7.28,6.92,7.24,87809250,663508288.00
2025/06/09,7.13,7.19,6.99,7.15,79940872,601767040.00
2025/06/10,7.21,7.24,7.07,7.17,56460806,428949120.00
2025/06/11,7.18,7.35,7.15,7.28,47929455,369823936.00
2025/06/12,7.24,7.49,7.22,7.44,45364005,353089888.00
2025/06/13,7.55,7.60,7.34,7.40,50076801,393745248.00
2025/06/16,7.33,7.43,7.24,7.28,40789807,317008000.00
2025/06/17,7.24,7.39,7.23,7.27,22564911,174122368.00
2025/06/18,7.34,7.39,7.20,7.32,34663483,268064128.00
2025/06/19,7.26,7.27,7.00,7.06,36308618,274633600.00
2025/06/20,7.06,7.09,6.87,6.89,27845515,205773696.00
2025/06/23,6.91,6.99,6.87,6.92,21454612,158247664.00
2025/06/24,6.91,7.04,6.90,6.96,24375983,180992576.00
2025/06/25,6.95,7.00,6.92,6.99,22550612,166823920.00
2025/06/26,7.02,7.18,6.93,7.09,37732027,282365856.00
2025/06/27,7.16,7.49,7.16,7.40,58833509,458947552.00
2025/06/30,7.41,7.43,7.26,7.30,36844280,285209792.00
2025/07/01,7.31,7.51,7.26,7.49,36529020,285173088.00
2025/07/02,7.41,7.71,7.37,7.53,50423075,401774528.00
2025/07/03,7.56,7.64,7.50,7.64,32683900,261781744.00
2025/07/04,7.59,7.61,7.43,7.46,33755706,267345056.00
2025/07/07,7.43,7.69,7.39,7.62,35647297,285395232.00
2025/07/08,7.60,7.89,7.60,7.84,56118120,461663776.00
2025/07/09,7.86,7.93,7.55,7.56,54002925,437828608.00
2025/07/10,7.56,7.63,7.55,7.61,25961859,208465936.00
2025/07/11,7.71,7.90,7.64,7.82,48004611,383008896.00
2025/07/14,8.09,8.37,8.01,8.13,68452106,575762112.00
2025/07/15,8.12,8.19,7.99,8.04,42101732,348611008.00
2025/07/16,8.00,8.05,7.80,7.83,31404100,254023056.00
2025/07/17,7.84,7.87,7.74,7.80,25807922,206599648.00
2025/07/18,7.86,7.96,7.80,7.86,36375000,293882624.00
2025/07/21,7.86,8.03,7.85,8.01,40123600,327358080.00
2025/07/22,8.07,8.20,8.05,8.10,44292717,368591584.00
2025/07/23,8.13,8.30,8.06,8.24,49810003,419075968.00
2025/07/24,8.15,8.35,8.11,8.34,47803628,404519712.00
2025/07/25,8.31,8.36,8.17,8.20,33263000,281456448.00
2025/07/28,8.12,8.15,7.96,8.03,34792038,287234880.00
2025/07/29,7.99,8.07,7.91,8.01,24636672,201632176.00
2025/07/30,8.00,8.04,7.79,7.87,32428041,263350240.00
2025/07/31,7.88,8.25,7.84,7.93,73016214,602172864.00
2025/08/01,7.94,8.40,7.94,8.30,74623578,631397888.00
2025/08/04,8.39,8.69,8.24,8.64,55108379,476701056.00
2025/08/05,8.68,8.68,8.44,8.51,38730734,338498912.00
2025/08/06,8.50,8.66,8.46,8.52,31198533,272490080.00
2025/08/07,8.52,8.57,8.24,8.40,42314351,362384032.00
2025/08/08,8.39,8.49,8.37,8.42,26820438,231740656.00
2025/08/11,8.39,8.44,8.28,8.34,31601483,270106496.00
2025/08/12,8.32,8.33,8.23,8.29,24020405,203965344.00
2025/08/13,8.29,8.63,8.29,8.63,44880356,389943936.00
2025/08/14,8.50,8.52,8.27,8.29,49999173,429944896.00
2025/08/15,8.29,8.62,8.27,8.44,38102816,330664608.00
2025/08/18,8.44,8.51,8.30,8.35,39122490,335481504.00
2025/08/19,8.33,8.39,8.19,8.26,32341470,273955648.00
2025/08/20,8.16,8.51,8.14,8.41,40536903,347902880.00
2025/08/21,8.56,8.71,8.37,8.41,34262039,298405856.00
2025/08/22,8.46,8.48,8.29,8.42,29018680,248914720.00
2025/08/25,8.54,8.86,8.52,8.76,56767178,507351200.00
2025/08/26,8.78,8.90,8.60,8.79,40926702,366752832.00
2025/08/27,8.80,9.10,8.67,8.69,51907060,471790912.00
2025/08/28,8.68,8.90,8.48,8.90,51338019,457271680.00
2025/08/29,8.83,8.93,8.60,8.80,56667512,510018336.00
2025/09/01,8.96,9.70,8.81,9.70,100655290,966536320.00
2025/09/02,9.98,10.56,9.78,10.24,171790903,1775038336.00
2025/09/03,10.20,10.38,9.79,9.89,99625636,1019200320.00
2025/09/04,9.89,10.21,9.38,9.51,82842835,824122496.00
2025/09/05,9.54,9.89,9.51,9.79,64066196,636150272.00
2025/09/08,9.95,9.98,9.57,9.66,60183215,597726976.00
2025/09/09,9.88,10.65,9.79,10.38,146107955,1536968832.00
2025/09/10,9.95,10.17,9.81,10.01,96599373,984848512.00
2025/09/11,10.02,10.36,9.85,10.27,83626091,863549376.00
2025/09/12,10.29,11.32,10.29,11.32,150736529,1700237952.00
2025/09/15,11.57,12.42,11.55,11.76,175312876,2128883200.00
2025/09/16,12.07,12.16,10.87,11.25,162176602,1858642816.00
2025/09/17,11.13,11.27,10.81,10.98,106361137,1191950336.00
2025/09/18,10.77,10.78,10.29,10.34,100856260,1083892864.00
2025/09/19,10.34,10.69,10.34,10.53,53279237,571781440.00
2025/09/22,10.89,11.23,10.67,11.17,97034582,1083932032.00
2025/09/23,11.27,11.34,10.64,10.91,84454780,946235584.00
2025/09/24,10.79,11.26,10.67,10.99,62744467,697878016.00
2025/09/25,11.16,11.39,11.03,11.23,76577707,872614720.00
2025/09/26,11.39,12.07,11.38,11.43,95688118,1137048576.00
2025/09/29,11.78,12.05,11.31,11.92,91976716,1093695488.00
2025/09/30,11.90,13.08,11.90,12.76,120550507,1543665664.00
2025/10/09,13.30,14.06,13.10,14.04,112391068,1547173376.00
2025/10/10,13.52,13.62,12.93,13.04,95678635,1288970624.00
2025/10/13,12.64,14.37,12.64,14.37,110528428,1537138432.00
2025/10/14,15.19,15.61,13.89,14.04,169221908,2549755904.00
2025/10/15,14.44,14.72,13.92,14.34,102983937,1493911936.00
2025/10/16,14.64,15.48,14.43,14.76,125473707,1897594624.00
2025/10/17,15.07,15.20,13.93,13.97,110327280,1616765056.00
2025/10/20,13.30,13.50,12.55,13.11,89568378,1195632000.00
2025/10/21,13.42,13.46,13.08,13.10,55144321,739477248.00
2025/10/22,12.13,12.66,12.13,12.52,63256613,798409152.00
2025/10/23,12.37,12.61,12.07,12.55,48922781,612046016.00
2025/10/24,12.61,12.68,12.30,12.58,45923580,583174336.00
2025/10/27,12.19,12.41,11.77,12.04,94675787,1163504384.00
2025/10/28,11.75,11.90,11.32,11.36,101564479,1196270208.00
2025/10/29,11.51,11.98,11.47,11.96,82149372,980348736.00
2025/10/30,11.79,11.88,11.67,11.67,53397775,638550592.00
2025/10/31,12.09,12.70,11.99,12.02,108155884,1352325376.00
2025/11/03,11.91,11.98,11.35,11.80,61517658,728369344.00
2025/11/04,11.60,11.74,11.28,11.39,53682730,626893120.00
2025/11/05,11.03,11.51,10.98,11.41,38281778,440740768.00
2025/11/06,11.42,11.71,11.37,11.69,41367675,485994624.00
2025/11/07,11.61,11.71,11.51,11.57,35489769,419632640.00
2025/11/10,11.77,12.14,11.72,11.98,68371992,828234688.00
2025/11/11,12.23,12.29,11.65,11.69,76283361,920099392.00
2025/11/12,11.66,11.91,11.33,11.59,53115542,627939968.00
2025/11/13,11.90,12.64,11.90,12.48,136491112,1723777920.00
2025/11/14,12.13,12.43,12.03,12.05,67435210,837703552.00
2025/11/17,11.61,11.73,11.42,11.43,68260017,802241344.00
2025/11/18,11.32,11.37,10.65,10.77,82298806,913506304.00
2025/11/19,10.84,11.13,10.78,11.04,53907214,601204352.00
2025/11/20,10.94,11.14,10.74,10.78,41850486,465521984.00
2025/11/21,10.59,10.60,10.09,10.23,52118474,548922752.00
2025/11/24,10.21,10.34,10.09,10.25,27696869,288867968.00
2025/11/25,10.46,10.71,10.39,10.59,35343732,380283232.00
2025/11/26,10.57,10.75,10.48,10.55,31829746,343739808.00
2025/11/27,10.79,10.82,10.50,10.58,36287433,393911776.00
2025/11/28,10.69,10.88,10.56,10.85,47331097,519440768.00
2025/12/01,11.43,11.87,11.18,11.28,103049192,1206914816.00
2025/12/02,11.23,11.30,11.05,11.14,42973024,488382432.00
2025/12/03,11.27,11.46,11.13,11.24,53936424,618741312.00
2025/12/04,11.34,11.37,10.93,10.98,48335969,547673280.00
2025/12/05,10.85,11.42,10.81,11.38,52516135,599444352.00
2025/12/08,11.42,11.43,11.04,11.21,48722074,553542272.00
2025/12/09,11.10,11.10,10.70,10.73,53694566,591375424.00
2025/12/10,11.19,11.23,10.80,10.96,70220412,787216576.00
2025/12/11,11.06,11.15,10.54,10.57,74129928,819326912.00
2025/12/12,10.77,10.93,10.61,10.71,58175167,636348544.00
2025/12/15,10.40,10.68,10.33,10.66,44556665,479492960.00
2025/12/16,10.52,10.58,10.10,10.16,50559802,529522048.00
2025/12/17,10.29,10.72,10.24,10.65,66133862,708496384.00
2025/12/18,10.59,10.84,10.52,10.61,41688977,455307712.00
2025/12/19,10.49,10.79,10.39,10.74,42147012,456169856.00
2025/12/22,10.97,11.44,10.97,11.28,87540570,1005531328.00
2025/12/23,11.47,11.57,11.21,11.30,66984860,775032640.00
2025/12/24,11.51,11.62,11.27,11.45,63477553,738749568.00
2025/12/25,11.27,11.27,11.06,11.18,45508737,517184384.00
2025/12/26,11.43,11.66,11.37,11.59,84509173,992278720.00
2025/12/29,11.99,12.59,11.63,12.03,160999055,1981390976.00
2025/12/30,11.30,11.88,11.22,11.72,88747132,1046410624.00
2025/12/31,11.79,12.07,11.46,11.54,83749823,1001704256.00
2026/01/05,12.07,12.55,11.99,12.38,144200095,1808403072.00
2026/01/06,12.57,12.87,12.35,12.73,119768403,1539683712.00
2026/01/07,12.83,13.09,12.58,12.66,121950193,1592347008.00
2026/01/08,12.39,12.88,12.34,12.42,84106351,1077689600.00
2026/01/09,12.16,12.66,12.16,12.56,91675467,1162268544.00
2026/01/12,13.04,13.24,12.73,13.08,108969665,1436755456.00
2026/01/13,13.14,13.67,12.97,13.25,120152571,1620014208.00
2026/01/14,13.54,14.25,13.36,13.82,146890032,2052328960.00
2026/01/15,13.89,14.18,13.34,13.64,148445563,2070011520.00
2026/01/16,13.69,14.32,13.57,13.77,118306831,1677412864.00
2026/01/19,13.96,13.96,12.99,13.72,88136675,1216828032.00
2026/01/20,13.82,14.14,13.12,13.92,136432062,1898875520.00
2026/01/21,13.95,15.23,13.95,14.89,177888449,2638590720.00
2026/01/22,14.44,15.48,14.22,15.19,170175183,2545895936.00
2026/01/23,15.89,16.73,15.71,16.73,133672542,2221834496.00
2026/01/26,18.42,18.42,18.42,18.42,10795537,201120848.00
2026/01/27,19.78,20.28,19.10,20.28,285546137,5771625472.00
2026/01/28,21.54,22.33,20.69,22.33,171369300,3741275648.00
2026/01/29,24.57,24.58,22.08,24.58,248945296,5957955072.00
2026/01/30,22.10,22.10,22.10,22.10,22790000,508444896.00
2026/02/02,19.87,19.87,19.87,19.87,3640700,73105256.00
2026/02/03,17.86,18.15,17.86,17.86,187018940,3383813120.00
2026/02/04,18.23,18.34,17.18,17.77,211468930,3795742720.00
2026/02/05,16.92,17.28,16.02,16.33,189063257,3166645504.00
2026/02/06,14.79,16.27,14.79,15.91,141469017,2257854464.00
2026/02/09,16.45,16.82,16.19,16.75,138593604,2316015872.00
2026/02/10,16.66,16.85,16.31,16.39,93046728,1558319488.00
2026/02/11,16.29,16.76,16.29,16.58,73978736,1239965952.00
2026/02/12,16.46,16.83,16.39,16.50,73495337,1239182720.00
2026/02/13,15.97,16.50,15.97,16.02,68064042,1117677312.00
2026/02/24,16.94,17.42,16.83,17.32,117124184,2039302016.00
2026/02/25,17.32,17.91,17.04,17.66,123801738,2206657280.00
2026/02/26,17.67,17.89,17.28,17.31,79561121,1411152256.00
2026/02/27,17.28,18.03,17.20,17.86,93769030,1681343360.00
2026/03/02,18.28,19.22,17.52,19.11,195958978,3632624896.00
2026/03/03,18.37,18.37,17.18,17.18,130818495,2342934016.00
2026/03/04,15.85,17.05,15.85,16.49,84901662,1421400448.00
2026/03/05,16.79,16.85,16.25,16.45,66722285,1117141888.00
2026/03/06,16.20,16.52,15.99,16.29,45057876,744682944.00
2026/03/09,15.69,16.31,15.40,16.18,59245833,949743296.00
2026/03/10,16.64,16.68,16.29,16.38,41130470,686755264.00
2026/03/11,16.49,16.50,16.00,16.09,42056854,689735872.00
2026/03/12,15.86,16.10,15.54,15.76,44239054,708025088.00
2026/03/13,15.56,15.92,15.12,15.19,51553225,809676352.00
2026/03/16,14.89,14.95,14.17,14.53,71402830,1051377856.00
2026/03/17,14.50,14.75,14.31,14.32,41094602,605938624.00
2026/03/18,14.30,14.37,14.04,14.30,31674667,457116096.00
2026/03/19,13.91,13.97,13.26,13.39,63181794,871488768.00
2026/03/20,13.39,13.65,13.18,13.20,44165909,603097920.00
2026/03/23,12.77,13.08,12.00,12.09,70500882,895642624.00
2026/03/24,12.67,12.72,12.21,12.68,54358472,689432960.00
2026/03/25,13.26,13.38,12.88,12.98,71138629,947181632.00
2026/03/26,12.88,13.02,12.55,12.59,40028035,518508096.00
2026/03/27,12.30,12.99,12.30,12.90,41609299,539872768.00
2026/03/30,12.74,13.14,12.67,13.06,43301839,568785536.00
2026/03/31,13.18,13.43,12.97,12.97,47863389,640260992.00
2026/04/01,13.39,13.49,13.02,13.24,43409556,581846400.00
2026/04/02,13.08,13.08,12.59,12.73,39604616,517056544.00
2026/04/03,12.88,12.90,12.42,12.54,24276074,310389856.00
2026/04/07,12.49,12.66,12.41,12.55,26996166,344741408.00
2026/04/08,13.10,13.79,13.09,13.78,74881939,1023630592.00
2026/04/09,13.31,13.58,13.14,13.40,52377772,711281920.00
2026/04/10,13.57,13.65,13.33,13.34,38144773,521985888.00
2026/04/13,13.29,13.38,13.16,13.34,28894535,389404832.00
2026/04/14,13.58,13.67,13.27,13.43,35473286,484103968.00
2026/04/15,13.75,13.86,13.22,13.28,55940259,769665600.00
2026/04/16,13.35,13.98,13.34,13.83,65477765,909878336.00
2026/04/17,13.99,14.96,13.99,14.42,95963858,1411456128.00
2026/04/20,14.43,15.30,14.43,15.08,110558105,1673639296.00
2026/04/21,15.10,15.18,14.74,15.16,64617763,983139200.00
2026/04/22,15.20,16.70,15.10,16.19,162955973,2674209536.00
2026/04/23,16.25,16.29,15.24,15.38,112849614,1782756224.00
2026/04/24,15.09,15.81,15.07,15.35,74530062,1167547008.00
2026/04/27,15.19,15.94,15.17,15.61,70046231,1108723968.00
2026/04/28,15.51,15.79,15.10,15.67,75286038,1184657280.00
2026/04/29,14.48,15.25,14.08,15.04,108155767,1617595776.00
2026/04/30,14.82,15.00,14.48,14.52,67392050,1001191872.00
2026/05/06,14.74,15.29,14.55,15.17,74635376,1127459968.00
2026/05/07,15.49,15.77,15.15,15.50,76482024,1197351040.00
2026/05/08,15.32,16.04,15.25,15.79,92046875,1465391104.00
2026/05/11,16.13,16.86,16.01,16.46,124418475,2073141248.00
2026/05/12,17.29,17.29,16.27,16.43,105339820,1776082688.00
2026/05/13,16.79,17.13,16.29,16.37,88155988,1476931712.00
2026/05/14,16.29,17.18,16.05,16.51,125944962,2130743296.00
2026/05/15,16.19,16.21,14.94,15.11,110636799,1739756032.00
2026/05/18,14.74,14.93,14.14,14.69,66845567,988263296.00
2026/05/19,14.59,14.59,13.75,13.91,70383991,996566272.00
2026/05/20,13.50,13.82,13.25,13.63,57458129,786090176.00
2026/05/21,13.79,14.18,12.98,13.02,61368391,850684096.00
2026/05/22,13.14,13.92,12.94,13.71,50864004,697592256.00
2026/05/25,13.96,14.27,13.56,13.69,43236454,605800192.00
2026/05/26,13.74,14.13,13.32,14.08,60513738,846080960.00
2026/05/27,13.99,13.99,13.20,13.34,51518664,706545600.00
2026/05/28,13.08,13.52,12.85,13.39,41006463,549885952.00
2026/05/29,13.54,13.63,12.95,13.02,38162282,512268192.00
2026/06/01,13.02,13.25,12.86,12.88,40094930,530125088.00
2026/06/02,12.92,13.29,12.49,13.23,56121123,738167552.00
2026/06/03,13.00,13.39,12.93,13.16,43430873,583360832.00
2026/06/04,12.96,12.96,12.56,12.62,36919220,475747264.00
2026/06/05,12.56,12.61,12.22,12.29,36923025,466034112.00
2026/06/08,11.49,11.85,11.24,11.48,42943848,506398080.00
2026/06/09,11.59,11.64,11.16,11.61,33496586,389355744.00
2026/06/10,11.29,11.41,11.13,11.31,29965580,343633344.00
2026/06/11,11.24,11.94,11.19,11.69,47976488,566661312.00
2026/06/12,12.19,12.88,12.13,12.88,75948460,974410688.00
2026/06/15,12.99,13.52,12.88,13.51,119599167,1611168256.00
2026/06/16,13.22,13.59,13.07,13.45,81801393,1111166080.00
2026/06/17,13.42,13.54,13.05,13.22,53044448,713816640.00
2026/06/18,13.08,13.71,12.97,13.25,65278344,884057728.00
2026/06/22,13.78,14.60,13.78,14.60,94430784,1382125952.00
2026/06/23,15.29,15.59,14.09,14.23,161321362,2423806976.00
2026/06/24,14.59,15.67,14.23,15.55,165244008,2508901888.00
2026/06/25,15.55,17.13,15.49,16.81,259664528,4411300864.00
2026/06/26,16.90,16.90,15.38,15.72,192304012,3114004736.00
2026/06/29,15.39,16.32,14.99,15.28,137691317,2186007040.00
2026/06/30,15.09,15.11,14.31,14.55,114035379,1680770432.00
2026/07/01,14.37,16.03,14.27,15.52,143186756,2258984448.00
2026/07/02,15.27,15.29,14.57,14.62,118297287,1788369280.00
2026/07/03,15.37,15.94,14.90,15.03,128241404,1989952640.00
2026/07/06,15.09,15.54,14.32,14.36,105299195,1588469632.00
2026/07/07,14.04,14.44,13.40,13.49,69984035,982352896.00
2026/07/08,13.40,13.55,12.89,12.90,52871812,708951296.00
2026/07/09,12.99,13.56,12.50,13.51,62880820,820263040.00
2026/07/10,13.48,14.21,13.28,13.48,63124177,866859328.00
2026/07/13,13.08,13.19,12.35,12.40,53156794,675988096.00
2026/07/14,12.25,12.88,12.06,12.80,54737736,682888000.00
2026/07/15,12.80,12.82,12.03,12.06,56395246,691943296.00
2026/07/16,11.81,12.18,11.68,11.72,41278803,491232288.00
2026/07/17,11.60,11.70,11.00,11.05,50326749,567519552.00
2026/07/20,11.19,11.29,10.58,10.87,50179225,548613056.00
2026/07/21,10.93,11.45,10.62,11.44,53851060,598871360.00
2026/07/22,11.50,12.02,11.43,11.66,67319218,792860480.00
2026/07/23,11.67,12.03,11.52,11.92,48714954,576101568.00
2026/07/24,11.52,11.70,11.30,11.30,37381349,428318656.00
2026/07/27,11.50,11.69,11.40,11.69,31380200,363691488.00
2026/07/28,11.46,11.55,11.27,11.37,26639043,303454976.00
2026/07/29,11.32,11.69,11.04,11.61,38228864,436321472.00
2026/07/30,11.66,11.79,11.33,11.44,37190289,430399648.00
2026/07/31,11.68,11.95,11.65,11.67,46309959,545309760.00
2026/08/03,11.67,11.85,11.51,11.78,30062475,352608864.00
2026/08/04,11.75,12.17,11.71,12.14,44478074,535651648.00
2026/08/05,12.35,12.88,12.23,12.85,67651923,855142528.00
2026/08/06,13.27,13.45,12.73,12.97,83535642,1089708288.00
2026/08/07,13.01,13.59,12.81,13.58,82194403,1093111040.00
2026/08/10,13.80,14.01,13.58,13.90,73609430,1014469376.00
2026/08/11,13.95,14.70,13.59,13.62,111083892,1569298688.00
2026/08/12,13.68,14.02,13.53,13.78,69292434,955215360.00
2026/08/13,13.75,13.96,13.16,13.17,67290254,908743296.00
2026/08/14,13.11,13.27,12.81,13.05,46951218,612266624.00
2026/08/17,13.35,13.53,13.28,13.52,44293764,593745536.00
2026/08/18,13.50,13.69,13.19,13.36,37351395,500443808.00
2026/08/19,12.97,13.20,12.70,12.81,39624846,513048256.00
2026/08/20,13.33,13.69,12.96,13.09,60057057,804121344.00
2026/08/21,13.23,13.97,13.03,13.90,90653210,1237244544.00
2026/08/24,14.00,14.25,13.60,13.89,103459207,1439602816.00
2026/08/25,13.82,13.96,13.14,13.43,68290507,919891840.00
2026/08/26,13.42,14.18,13.39,13.80,71679423,991972224.00
2026/08/27,13.60,14.14,13.52,13.95,75570785,1054310528.00
2026/08/28,13.95,14.31,13.70,14.17,74145841,1041907008.00
2026/08/31,13.55,13.66,13.18,13.65,60969910,818667840.00
2026/09/01,13.57,13.87,13.46,13.51,40214921,548272768.00
2026/09/02,13.18,13.37,12.66,13.27,55150644,717465472.00
2026/09/03,13.49,13.62,13.35,13.47,44817683,604518400.00
2026/09/04,13.65,13.68,12.97,13.08,40966150,544278144.00
2026/09/07,12.91,12.98,12.75,12.77,32091729,411572704.00
2026/09/08,12.93,13.14,12.86,12.92,38353586,499165824.00
2026/09/09,12.88,13.22,12.85,13.10,41237271,537846144.00
2026/09/10,13.07,13.30,12.87,12.94,26171396,340527904.00
2026/09/11,12.43,12.43,11.79,12.26,54583904,660210240.00
2026/09/14,12.05,12.31,11.99,12.22,21426608,261093344.00
#数据来源:通达信
