601808 中海油服 日线 前复权
      日期	    开盘	    最高	    最低	    收盘	    成交量	    成交额
2021/08/02,11.17,11.31,10.83,11.29,13041209,157191808.00
2021/08/03,11.15,11.28,11.03,11.19,7837168,95695032.00
2021/08/04,11.19,11.48,10.99,11.43,9318911,114946048.00
2021/08/05,11.34,11.34,11.16,11.22,6241819,76503824.00
2021/08/06,11.25,11.36,11.12,11.28,5994484,73607432.00
2021/08/09,11.22,11.52,11.06,11.47,8369490,104178448.00
2021/08/10,11.47,11.65,11.30,11.59,10973918,137923456.00
2021/08/11,11.65,11.83,11.60,11.69,9182399,116856456.00
2021/08/12,11.65,11.72,11.54,11.57,5617032,70998096.00
2021/08/13,11.55,11.60,11.41,11.48,5781255,72312376.00
2021/08/16,11.52,11.83,11.47,11.64,8385555,106614408.00
2021/08/17,11.57,11.73,11.27,11.30,7866503,98333736.00
2021/08/18,11.30,11.65,11.27,11.64,7176159,89920264.00
2021/08/19,11.57,11.57,11.30,11.32,6823023,84717168.00
2021/08/20,11.27,11.27,10.97,11.15,9436908,114273800.00
2021/08/23,11.14,11.55,11.14,11.45,7680938,95374280.00
2021/08/24,11.62,11.81,11.55,11.72,10677190,135850624.00
2021/08/25,11.83,12.06,11.74,11.97,11540569,149719280.00
2021/08/26,11.89,12.06,11.73,11.91,9990367,129284896.00
2021/08/27,11.99,12.02,11.81,12.00,6665556,86331016.00
2021/08/30,12.00,12.62,12.00,12.37,11974813,160614944.00
2021/08/31,12.36,13.02,12.13,12.96,19560290,269635936.00
2021/09/01,13.08,13.32,12.71,13.02,19145261,269735008.00
2021/09/02,13.01,13.22,12.67,13.16,14991632,209773088.00
2021/09/03,13.27,13.53,12.99,13.08,11663364,166660080.00
2021/09/06,12.87,13.33,12.82,13.21,11516775,163135648.00
2021/09/07,13.27,14.21,13.11,13.91,22351900,330810080.00
2021/09/08,13.95,13.97,13.44,13.57,13842069,202289744.00
2021/09/09,13.60,15.02,13.60,14.67,37232565,581715072.00
2021/09/10,14.47,14.47,14.00,14.15,19644111,299369376.00
2021/09/13,14.20,14.79,14.00,14.62,16221716,252048112.00
2021/09/14,14.83,15.25,14.15,14.31,19404776,305341952.00
2021/09/15,14.01,14.94,14.00,14.54,14918773,232739488.00
2021/09/16,14.77,15.47,14.47,14.47,22497920,358927872.00
2021/09/17,14.77,14.77,13.85,14.17,13793724,210646576.00
2021/09/22,13.72,14.31,13.67,14.24,13569471,205546384.00
2021/09/23,14.47,14.69,13.57,14.07,19130156,288559424.00
2021/09/24,14.42,15.26,14.07,14.41,21590510,338776032.00
2021/09/27,14.52,15.13,14.19,14.74,17232339,272509888.00
2021/09/28,14.78,16.32,14.78,16.31,34828838,581484160.00
2021/09/29,15.57,15.62,14.86,15.07,26312936,426612896.00
2021/09/30,14.77,15.26,14.76,15.07,9962861,159715936.00
2021/10/08,15.87,16.63,15.37,16.17,25308378,429292096.00
2021/10/11,16.14,16.96,15.74,15.91,18296616,315245760.00
2021/10/12,15.91,16.44,15.20,15.37,19024284,318418176.00
2021/10/13,15.37,15.37,13.73,14.20,18096875,275392096.00
2021/10/14,14.21,14.32,13.67,14.25,14538971,217675792.00
2021/10/15,14.12,14.77,14.00,14.62,13128651,201260576.00
2021/10/18,14.67,15.29,14.37,15.05,17957306,286164160.00
2021/10/19,14.83,15.14,14.56,14.96,11980018,191236400.00
2021/10/20,14.56,14.85,14.23,14.36,9774870,151248240.00
2021/10/21,14.66,14.75,14.26,14.35,6897926,107165552.00
2021/10/22,14.39,14.39,13.79,14.02,8389823,126115696.00
2021/10/25,14.26,14.70,14.02,14.63,9045051,140630320.00
2021/10/26,14.63,14.83,14.37,14.47,7931541,123551504.00
2021/10/27,14.49,14.52,14.00,14.05,5428418,82310144.00
2021/10/28,13.84,13.89,12.76,13.45,15380034,217366704.00
2021/10/29,13.36,13.96,13.02,13.85,11130374,162561888.00
2021/11/01,13.64,14.35,13.47,14.20,8540025,127765744.00
2021/11/02,14.17,14.42,13.78,14.22,6969938,105367216.00
2021/11/03,13.96,14.47,13.89,14.22,5510297,84072600.00
2021/11/04,13.97,14.21,13.81,14.06,5462419,81933624.00
2021/11/05,13.98,14.04,13.33,13.66,9788084,143867920.00
2021/11/08,13.77,14.40,13.76,14.32,8260060,125964176.00
2021/11/09,14.32,14.32,13.80,14.04,5064537,76197328.00
2021/11/10,14.19,14.47,13.77,14.29,6510538,98687968.00
2021/11/11,13.93,14.17,13.77,14.07,7589422,113758160.00
2021/11/12,13.97,14.06,13.81,13.94,5104603,76354216.00
2021/11/15,13.95,14.11,13.66,13.85,4692032,69898640.00
2021/11/16,13.86,14.05,13.51,13.56,4613763,68185840.00
2021/11/17,13.52,13.53,13.20,13.40,6116122,87841480.00
2021/11/18,13.26,13.36,12.84,12.87,14652572,205910736.00
2021/11/19,12.84,13.14,12.80,13.07,5604624,78687032.00
2021/11/22,12.97,13.13,12.70,13.10,8134390,113575104.00
2021/11/23,12.97,13.17,12.95,13.03,4374333,61589332.00
2021/11/24,13.16,13.36,12.98,13.10,5643498,79975696.00
2021/11/25,13.05,13.07,12.81,12.99,5206550,72766160.00
2021/11/26,12.82,12.97,12.65,12.72,5985064,82701136.00
2021/11/29,12.38,12.59,12.08,12.52,7727712,103663624.00
2021/11/30,12.52,12.77,12.48,12.52,4179144,56962256.00
2021/12/01,12.43,12.63,12.35,12.57,6374923,86302224.00
2021/12/02,12.55,12.55,12.14,12.18,11518063,153350848.00
2021/12/03,12.26,12.52,12.18,12.49,6341087,84940496.00
2021/12/06,12.40,12.73,12.38,12.46,6865011,93334720.00
2021/12/07,12.57,12.83,12.48,12.79,9036560,124142168.00
2021/12/08,12.93,12.97,12.68,12.77,5099323,70425016.00
2021/12/09,12.81,12.99,12.72,12.88,5960646,82994432.00
2021/12/10,12.77,12.86,12.65,12.72,4843578,66628248.00
2021/12/13,12.79,12.93,12.75,12.83,3519272,48834464.00
2021/12/14,12.73,12.97,12.65,12.87,6470973,89625568.00
2021/12/15,12.82,12.96,12.77,12.79,5130714,71319504.00
2021/12/16,12.87,13.41,12.81,13.28,8849539,125180864.00
2021/12/17,13.33,13.57,13.26,13.27,6604360,95141520.00
2021/12/20,13.12,13.44,13.02,13.15,5910699,84498104.00
2021/12/21,13.18,13.45,13.16,13.27,5268048,75638760.00
2021/12/22,13.41,13.67,13.37,13.46,6626397,96430992.00
2021/12/23,13.49,13.76,13.41,13.72,6701495,98076856.00
2021/12/24,13.75,13.89,13.53,13.76,6141714,90730392.00
2021/12/27,13.76,14.06,13.62,13.68,4253215,63157764.00
2021/12/28,13.75,14.12,13.75,13.97,6565632,98369392.00
2021/12/29,14.02,14.03,13.74,13.97,5841471,86984568.00
2021/12/30,13.93,14.07,13.68,13.73,5401577,80118592.00
2021/12/31,13.81,14.03,13.62,13.97,5269637,78387480.00
2022/01/04,13.93,14.01,13.53,13.69,7529206,110938440.00
2022/01/05,13.72,14.07,13.62,13.76,7814967,116074016.00
2022/01/06,13.71,13.83,13.55,13.72,5328322,78302272.00
2022/01/07,13.96,14.40,13.79,14.09,11398714,172267792.00
2022/01/10,14.10,14.32,13.67,13.81,8489423,126057120.00
2022/01/11,13.87,13.87,13.32,13.40,6806238,99276120.00
2022/01/12,13.78,13.97,13.67,13.76,8055536,119539048.00
2022/01/13,13.80,14.23,13.78,13.98,10161403,152928144.00
2022/01/14,13.98,13.98,13.42,13.68,6689178,98132624.00
2022/01/17,13.77,14.37,13.76,14.28,9166555,138338400.00
2022/01/18,14.44,14.68,13.99,14.24,11216887,171370896.00
2022/01/19,14.37,14.46,13.82,13.97,9913699,149272352.00
2022/01/20,13.95,14.08,13.72,13.96,6275972,93919704.00
2022/01/21,13.86,13.92,13.32,13.34,6519605,94923456.00
2022/01/24,12.71,13.92,12.42,13.77,20761876,292473984.00
2022/01/25,13.56,13.57,12.67,12.85,8840629,123932352.00
2022/01/26,12.93,13.95,12.87,13.78,13722582,201330736.00
2022/01/27,13.85,14.16,13.56,13.70,7655096,113650392.00
2022/01/28,13.79,13.92,13.11,13.12,6442925,92691120.00
2022/02/07,13.72,14.54,13.56,14.54,23666873,365523648.00
2022/02/08,14.62,14.83,14.21,14.81,19349754,301200608.00
2022/02/09,14.53,14.82,14.32,14.68,13829565,216631824.00
2022/02/10,14.66,14.82,14.44,14.78,13311647,208433824.00
2022/02/11,14.77,15.29,14.68,14.91,12004450,192849968.00
2022/02/14,15.47,15.94,14.98,15.30,20494601,336424736.00
2022/02/15,15.24,15.24,14.54,14.70,11861296,187416208.00
2022/02/16,14.38,14.68,13.97,14.48,8919890,137242272.00
2022/02/17,14.37,15.05,14.24,14.74,10482200,164887824.00
2022/02/18,14.53,15.04,14.39,14.70,6820014,107584480.00
2022/02/21,14.73,14.86,14.26,14.40,9155887,141478672.00
2022/02/22,14.68,15.15,14.43,14.79,16421141,260064752.00
2022/02/23,14.63,14.66,14.23,14.33,9690501,148970576.00
2022/02/24,14.40,15.87,14.37,15.68,36363836,596563584.00
2022/02/25,15.08,15.77,14.79,15.46,21190039,345762464.00
2022/02/28,15.52,16.61,15.30,16.15,26776090,457788512.00
2022/03/01,15.96,16.22,15.59,15.80,12737743,214169936.00
2022/03/02,16.64,16.65,16.00,16.28,20824068,360921856.00
2022/03/03,16.58,17.08,16.20,16.39,24155812,425340096.00
2022/03/04,15.97,16.11,15.65,15.76,15639997,263809520.00
2022/03/07,16.27,16.57,15.81,15.87,22549778,387142016.00
2022/03/08,15.87,15.94,15.14,15.43,15784609,260458992.00
2022/03/09,15.55,15.60,14.15,14.73,15992534,252877776.00
2022/03/10,14.55,14.66,14.07,14.54,15087405,233120608.00
2022/03/11,14.32,14.42,13.50,13.95,19539977,290306528.00
2022/03/14,13.64,13.76,12.82,12.99,21586716,309303360.00
2022/03/15,12.57,12.65,11.67,11.73,31312970,411548928.00
2022/03/16,11.76,11.95,11.27,11.92,28286201,359465696.00
2022/03/17,11.96,12.34,11.75,12.27,19610963,256833248.00
2022/03/18,12.52,12.79,12.28,12.52,20645139,280710208.00
2022/03/21,12.57,12.85,12.35,12.62,12789163,173866784.00
2022/03/22,12.77,13.21,12.72,13.01,19670303,276087424.00
2022/03/23,12.77,12.96,12.63,12.82,13123017,180985104.00
2022/03/24,13.05,13.06,12.72,12.78,9401829,130877640.00
2022/03/25,12.49,13.00,12.35,12.76,11384342,156667696.00
2022/03/28,12.85,13.47,12.52,13.18,18517591,262072704.00
2022/03/29,12.97,13.12,12.67,12.91,15224645,211237104.00
2022/03/30,12.86,12.90,12.36,12.73,16782867,229593456.00
2022/03/31,12.72,12.75,12.58,12.61,7245049,99105816.00
2022/04/01,12.57,12.67,12.37,12.54,7796717,105636648.00
2022/04/06,12.58,12.96,12.55,12.92,11088802,152959296.00
2022/04/07,12.75,12.85,12.35,12.36,8659858,117679272.00
2022/04/08,12.41,12.50,12.03,12.27,7509534,99436544.00
2022/04/11,12.30,12.52,12.08,12.18,10099254,134330944.00
2022/04/12,12.36,12.36,11.81,12.13,8709100,113667088.00
2022/04/13,12.25,12.47,12.11,12.32,9759319,130221232.00
2022/04/14,12.37,12.57,12.19,12.43,7799905,104849888.00
2022/04/15,12.45,12.87,12.45,12.79,10423123,143618704.00
2022/04/18,12.80,12.81,12.22,12.33,7692861,103488112.00
2022/04/19,12.31,12.61,12.14,12.52,6476773,87204224.00
2022/04/20,12.36,12.44,11.95,12.03,8251748,108631328.00
2022/04/21,11.97,12.20,11.72,11.80,8091278,104805752.00
2022/04/22,11.52,12.01,11.48,11.91,6232433,79786912.00
2022/04/25,11.58,11.70,10.62,10.94,12824421,154942944.00
2022/04/26,10.85,10.91,10.26,10.35,8949066,103493128.00
2022/04/27,10.28,10.97,10.13,10.95,9366128,109084552.00
2022/04/28,10.82,11.09,10.73,10.95,6968277,83234600.00
2022/04/29,11.07,11.50,10.98,11.46,8733065,107772264.00
2022/05/05,11.65,11.97,11.57,11.78,7780349,99888696.00
2022/05/06,11.53,11.85,11.40,11.63,7508286,94592064.00
2022/05/09,11.62,11.68,11.39,11.60,4907593,61623884.00
2022/05/10,11.32,11.46,11.03,11.39,8443142,103828856.00
2022/05/11,11.42,11.64,11.37,11.42,6453931,80645696.00
2022/05/12,11.52,11.67,11.26,11.38,6040332,75451136.00
2022/05/13,11.50,11.64,11.42,11.57,6969188,87686552.00
2022/05/16,11.64,11.86,11.52,11.72,7451562,94819128.00
2022/05/17,11.94,12.28,11.77,12.10,12993719,170779216.00
2022/05/18,11.98,11.98,11.60,11.88,9026262,115976424.00
2022/05/19,11.58,11.72,11.33,11.56,6753053,84471208.00
2022/05/20,11.54,11.79,11.53,11.77,5663033,72172056.00
2022/05/23,11.77,12.01,11.68,11.95,5253585,67771352.00
2022/05/24,11.95,12.35,11.77,11.83,10769652,141350720.00
2022/05/25,11.91,12.47,11.84,12.41,11793522,157200432.00
2022/05/26,12.41,13.10,12.36,12.97,16219834,223322800.00
2022/05/27,13.20,13.59,13.12,13.42,17561272,253387616.00
2022/05/30,13.49,13.65,13.12,13.40,10163864,146031232.00
2022/05/31,13.65,14.16,13.50,14.03,16785425,250305344.00
2022/06/01,14.02,14.27,13.67,14.20,12258651,184265808.00
2022/06/02,14.04,14.04,13.60,13.82,14604896,216634720.00
2022/06/06,13.97,14.36,13.93,14.24,8577736,130746592.00
2022/06/07,14.25,14.55,14.14,14.48,9602800,147921712.00
2022/06/08,14.47,14.87,14.37,14.80,11055881,173387712.00
2022/06/09,14.97,15.22,14.67,14.76,11893127,189306672.00
2022/06/10,14.47,14.91,14.46,14.82,9495876,149781824.00
2022/06/13,14.75,15.03,14.50,14.68,10362591,163189360.00
2022/06/14,14.70,15.18,14.46,15.00,13639016,216532080.00
2022/06/15,15.08,15.10,14.65,14.69,8235394,130467760.00
2022/06/16,14.61,14.69,13.97,14.22,16637225,253515616.00
2022/06/17,14.36,14.60,14.08,14.27,9857226,149332352.00
2022/06/20,14.02,14.02,12.92,13.20,20780293,293654368.00
2022/06/21,13.29,13.48,13.12,13.29,10807941,152731024.00
2022/06/22,13.22,13.36,12.90,12.92,8088965,113076688.00
2022/06/23,12.92,12.99,12.64,12.97,7378010,101248608.00
2022/06/24,12.98,13.12,12.72,12.76,6774253,92679312.00
2022/06/27,12.79,13.29,12.79,13.16,11771902,164807136.00
2022/06/28,13.14,13.41,13.08,13.24,7671693,108210696.00
2022/06/29,13.27,13.45,13.00,13.06,6435700,90381632.00
2022/06/30,12.92,13.08,12.90,13.07,3837511,53218752.00
2022/07/01,12.92,12.97,12.70,12.77,5948550,81283232.00
2022/07/04,12.85,13.15,12.71,13.07,7156109,99162336.00
2022/07/05,13.22,13.37,12.93,13.14,8863343,124683248.00
2022/07/06,12.71,12.80,12.38,12.51,10289521,137834144.00
2022/07/07,12.55,12.59,12.32,12.37,6001259,79742824.00
2022/07/08,12.56,12.69,12.41,12.44,4679124,62713244.00
2022/07/11,12.48,12.49,12.14,12.28,3829600,50214520.00
2022/07/12,12.32,12.37,12.07,12.22,4289952,56162304.00
2022/07/13,12.04,12.17,11.97,12.14,3541648,45864436.00
2022/07/14,12.23,12.24,11.97,12.01,3502155,45221820.00
2022/07/15,12.03,12.10,11.71,11.71,6039100,76719424.00
2022/07/18,11.71,12.17,11.71,12.15,6776702,87653728.00
2022/07/19,12.24,12.38,12.12,12.35,4863396,64052152.00
2022/07/20,12.38,12.54,12.35,12.45,4080823,54355796.00
2022/07/21,12.44,12.45,12.22,12.28,3745368,49405796.00
2022/07/22,12.27,12.39,12.13,12.25,3334500,43748248.00
2022/07/25,12.25,12.35,12.06,12.07,3943037,51457152.00
2022/07/26,12.41,12.56,12.22,12.36,4893920,64742396.00
2022/07/27,12.44,12.67,12.27,12.37,5531220,73505536.00
2022/07/28,12.62,12.72,12.51,12.60,5417545,73110624.00
2022/07/29,12.70,12.70,12.31,12.34,4219868,56239208.00
2022/08/01,12.33,12.50,12.19,12.50,3412165,45264344.00
2022/08/02,12.41,12.41,11.96,12.24,4960783,64769892.00
2022/08/03,12.20,12.44,12.13,12.14,2870213,37803656.00
2022/08/04,12.12,12.27,11.92,12.08,3428693,44320556.00
2022/08/05,12.05,12.22,11.81,12.22,4770895,61221648.00
2022/08/08,12.21,12.21,12.08,12.13,3870568,50376080.00
2022/08/09,12.13,12.40,12.12,12.38,5192852,68455392.00
2022/08/10,12.44,12.44,12.18,12.32,3242242,42676384.00
2022/08/11,12.40,12.44,12.28,12.39,4955181,65625660.00
2022/08/12,12.42,12.91,12.42,12.89,10976066,149978384.00
2022/08/15,12.80,12.81,12.53,12.71,8636901,116749192.00
2022/08/16,12.57,12.63,12.44,12.48,4337580,58011720.00
2022/08/17,12.42,12.62,12.42,12.61,4350283,58342936.00
2022/08/18,12.64,12.65,12.37,12.53,4442800,59345536.00
2022/08/19,12.63,12.86,12.57,12.74,7464759,101782664.00
2022/08/22,12.67,13.23,12.53,13.12,8045710,111867120.00
2022/08/23,13.13,13.73,13.13,13.63,12269162,176327680.00
2022/08/24,13.63,13.89,13.43,13.53,9159709,133151496.00
2022/08/25,13.67,14.21,13.52,14.12,13496888,200671104.00
2022/08/26,13.98,14.27,13.92,14.09,14497965,217259056.00
2022/08/29,13.82,14.41,13.80,14.35,8288476,125086688.00
2022/08/30,14.43,14.56,14.32,14.47,10729128,163865520.00
2022/08/31,14.12,14.22,13.64,13.75,9214752,135503200.00
2022/09/01,13.86,14.10,13.71,13.84,8731484,128645136.00
2022/09/02,13.77,14.17,13.62,14.13,6913168,103059488.00
2022/09/05,14.31,14.76,14.19,14.61,7885673,121642912.00
2022/09/06,14.75,14.97,14.52,14.87,7826320,122660768.00
2022/09/07,14.84,14.84,14.57,14.61,6174789,96069680.00
2022/09/08,14.60,14.60,14.13,14.22,8638524,130974672.00
2022/09/09,14.32,14.36,14.00,14.13,8315359,124849808.00
2022/09/13,14.34,14.40,13.83,13.95,11560713,172590880.00
2022/09/14,13.78,14.20,13.66,13.99,7054225,104982480.00
2022/09/15,14.11,14.31,13.75,13.89,6008971,89358584.00
2022/09/16,13.79,13.92,13.36,13.45,6866498,99357968.00
2022/09/19,13.52,13.74,13.31,13.64,5656973,81891232.00
2022/09/20,13.83,13.93,13.55,13.69,3938047,57578648.00
2022/09/21,14.00,14.62,13.42,14.55,9564654,144505360.00
2022/09/22,14.46,14.57,14.17,14.47,9047649,138371872.00
2022/09/23,14.48,14.92,14.29,14.53,12675268,195979808.00
2022/09/26,14.09,14.57,13.71,13.77,10143795,152206176.00
2022/09/27,13.70,13.80,13.16,13.33,7987579,113666592.00
2022/09/28,13.43,13.72,13.11,13.19,6125252,87039440.00
2022/09/29,13.45,13.90,13.26,13.37,7483172,107749064.00
2022/09/30,13.49,13.67,12.91,13.47,6048636,86497400.00
2022/10/10,13.99,14.57,13.85,14.32,14287786,216982720.00
2022/10/11,14.32,14.32,13.62,13.95,7648394,112975632.00
2022/10/12,13.90,14.02,13.57,14.02,7644418,112211576.00
2022/10/13,14.02,14.02,13.52,13.73,7679106,111625032.00
2022/10/14,13.75,14.35,13.75,14.13,10724287,160644512.00
2022/10/17,13.93,14.31,13.54,14.28,9636281,143779728.00
2022/10/18,14.28,14.41,14.08,14.23,8058243,121723616.00
2022/10/19,14.05,14.11,13.69,13.69,6378640,94033168.00
2022/10/20,13.82,14.40,13.74,14.34,12448908,187351808.00
2022/10/21,14.41,14.58,14.02,14.35,7847490,118851288.00
2022/10/24,14.83,15.86,14.83,15.67,23822811,390987648.00
2022/10/25,15.50,16.04,15.32,15.60,13659863,225533616.00
2022/10/26,15.52,15.76,15.28,15.62,8840984,145559392.00
2022/10/27,16.03,16.36,15.57,16.07,12213406,207239024.00
2022/10/28,16.02,16.77,15.85,16.52,17794274,308913920.00
2022/10/31,16.79,16.79,15.75,15.91,14207947,243068528.00
2022/11/01,16.02,17.58,15.78,17.58,20363407,363234880.00
2022/11/02,17.58,18.30,17.34,17.82,16275703,306400928.00
2022/11/03,17.57,18.10,17.20,17.91,8779785,163541008.00
2022/11/04,17.87,17.87,17.30,17.36,14471339,264970032.00
2022/11/07,17.37,17.54,16.97,17.26,10222069,185608000.00
2022/11/08,17.26,17.75,17.22,17.49,11559349,212807424.00
2022/11/09,17.35,17.47,17.12,17.20,5072504,92139864.00
2022/11/10,17.01,17.01,16.24,16.30,18722675,324529344.00
2022/11/11,16.56,16.70,16.20,16.64,12333128,214626640.00
2022/11/14,16.62,17.11,16.45,16.77,15648432,276288704.00
2022/11/15,16.64,16.90,16.48,16.66,8490638,148686400.00
2022/11/16,16.62,16.84,16.45,16.62,7869209,137746496.00
2022/11/17,16.38,16.51,16.06,16.28,8836057,151390688.00
2022/11/18,16.16,16.53,16.12,16.27,8330640,142986960.00
2022/11/21,16.13,16.25,15.80,16.19,6720774,113960136.00
2022/11/22,16.21,16.70,16.12,16.42,8226145,142882560.00
2022/11/23,16.57,16.77,16.33,16.58,7813499,136351392.00
2022/11/24,16.22,16.98,16.16,16.76,7481970,131434520.00
2022/11/25,16.66,17.28,16.62,17.07,9437708,169399136.00
2022/11/28,16.71,16.89,16.27,16.40,9953922,172860016.00
2022/11/29,16.54,16.99,16.37,16.94,7220992,127391392.00
2022/11/30,17.02,17.40,16.73,16.84,6463735,115097576.00
2022/12/01,17.08,17.09,16.63,16.73,6087614,107771992.00
2022/12/02,16.74,16.89,16.55,16.66,4715468,82842672.00
2022/12/05,16.66,17.06,16.58,16.64,10234710,180483536.00
2022/12/06,16.61,16.61,16.02,16.36,10981146,187960928.00
2022/12/07,16.30,16.49,16.10,16.37,8857882,152524384.00
2022/12/08,16.45,16.70,15.95,16.32,9272482,159364352.00
2022/12/09,16.25,16.42,15.74,15.86,9385644,158280224.00
2022/12/12,15.79,15.91,15.53,15.72,6378873,105966032.00
2022/12/13,15.85,16.16,15.72,15.84,6027420,101270240.00
2022/12/14,15.83,16.29,15.77,16.08,6020186,102083072.00
2022/12/15,16.15,16.20,15.66,15.67,4996576,83281840.00
2022/12/16,15.72,15.89,15.54,15.73,4510765,74722512.00
2022/12/19,15.84,16.01,15.17,15.23,6677818,108702528.00
2022/12/20,15.24,15.61,15.24,15.46,5500718,89669312.00
2022/12/21,15.54,15.58,15.14,15.44,4225457,68880728.00
2022/12/22,15.59,15.70,15.00,15.13,4873905,78432776.00
2022/12/23,15.11,15.18,14.74,14.89,3808906,60139732.00
2022/12/26,15.11,15.67,14.60,15.49,4999501,81196032.00
2022/12/27,15.55,15.97,15.45,15.87,5757150,96122696.00
2022/12/28,15.80,15.94,15.57,15.92,3635406,60657408.00
2022/12/29,15.83,15.92,15.42,15.56,4598718,75721624.00
2022/12/30,15.56,15.82,15.54,15.70,4392422,72782920.00
2023/01/03,15.70,15.97,15.41,15.87,5601722,93007560.00
2023/01/04,15.80,16.09,15.71,15.89,5013608,84099472.00
2023/01/05,15.74,16.29,15.67,16.19,5443095,92509440.00
2023/01/06,16.04,16.14,15.69,15.75,3860015,64602144.00
2023/01/09,15.89,15.89,15.38,15.47,8242995,135304736.00
2023/01/10,15.57,15.73,15.37,15.43,5512657,90474728.00
2023/01/11,15.51,15.58,15.30,15.46,4943332,80571192.00
2023/01/12,15.66,16.62,15.48,15.66,15995766,269469120.00
2023/01/13,15.83,16.30,15.73,16.22,9757991,165313728.00
2023/01/16,16.17,16.72,15.92,16.30,10992056,189342128.00
2023/01/17,16.42,16.42,15.62,15.79,12106530,202149696.00
2023/01/18,15.91,16.03,15.79,15.87,7245472,121625008.00
2023/01/19,15.83,15.90,15.22,15.34,9796937,159350976.00
2023/01/20,15.39,15.76,15.30,15.61,10421309,171442864.00
2023/01/30,15.67,15.85,15.44,15.54,7987114,131861472.00
2023/01/31,15.48,15.64,15.40,15.42,6836379,112010768.00
2023/02/01,15.48,15.53,15.24,15.52,6616830,107640432.00
2023/02/02,15.46,15.59,15.28,15.33,6882306,111868312.00
2023/02/03,15.22,15.26,14.80,14.93,9898262,156592720.00
2023/02/06,14.81,15.27,14.79,15.02,8914422,142354576.00
2023/02/07,15.02,15.15,14.93,14.97,4746099,75384584.00
2023/02/08,15.30,15.36,15.09,15.30,8696368,140381552.00
2023/02/09,15.14,15.28,15.08,15.28,5882694,94449408.00
2023/02/10,15.24,15.29,14.95,15.11,6171101,98736784.00
2023/02/13,15.11,15.46,15.02,15.37,10084988,163272672.00
2023/02/14,15.39,15.57,15.30,15.45,7801396,127288672.00
2023/02/15,15.49,15.49,15.19,15.24,5917423,95603224.00
2023/02/16,15.24,15.38,14.85,14.96,5677192,91016320.00
2023/02/17,14.96,15.11,14.90,14.91,5157703,81875752.00
2023/02/20,14.99,15.05,14.84,15.05,4568535,72371104.00
2023/02/21,15.11,15.29,15.00,15.15,6064155,97229656.00
2023/02/22,15.12,15.12,14.93,15.01,3520797,55977716.00
2023/02/23,15.03,15.11,14.80,14.83,6557948,103407456.00
2023/02/24,14.87,14.93,14.75,14.83,4356524,68485056.00
2023/02/27,14.80,14.96,14.75,14.80,4584468,72134448.00
2023/02/28,14.79,14.98,14.75,14.96,4704762,73926088.00
2023/03/01,14.97,15.38,14.97,15.29,12875004,207493888.00
2023/03/02,15.39,15.57,15.34,15.43,7177635,117135736.00
2023/03/03,15.45,15.89,15.37,15.69,10147770,167377744.00
2023/03/06,15.82,15.86,15.53,15.73,6595078,109255408.00
2023/03/07,15.73,16.57,15.72,16.19,16209783,278490496.00
2023/03/08,16.01,16.13,15.73,16.12,9782275,164908848.00
2023/03/09,16.12,16.35,15.71,15.85,7332814,123274800.00
2023/03/10,15.82,15.90,15.42,15.48,6280161,103568752.00
2023/03/13,15.73,16.16,15.58,16.16,10127289,170445088.00
2023/03/14,15.97,16.29,15.84,15.97,7303885,123538024.00
2023/03/15,15.94,16.02,15.60,15.91,8558670,142673776.00
2023/03/16,15.60,15.82,14.95,15.13,16736251,269685760.00
2023/03/17,15.23,15.67,15.17,15.61,11244577,184477328.00
2023/03/20,16.32,16.32,14.90,15.01,16999508,275818112.00
2023/03/21,15.01,15.20,14.75,14.98,8833213,139679472.00
2023/03/22,15.10,15.21,14.90,14.99,7045919,112246192.00
2023/03/23,14.96,14.96,14.60,14.79,7826703,122296544.00
2023/03/24,14.79,14.81,13.97,14.03,22357667,337432256.00
2023/03/27,14.03,14.08,13.47,13.65,13536966,196003328.00
2023/03/28,13.82,14.06,13.78,13.89,12026104,177562624.00
2023/03/29,13.95,13.95,13.58,13.62,8014869,116437696.00
2023/03/30,13.70,13.83,13.51,13.83,14197477,206254560.00
2023/03/31,13.83,13.83,13.62,13.70,7714366,112274368.00
2023/04/03,13.97,14.32,13.90,14.09,17888240,268094608.00
2023/04/04,14.21,14.31,14.00,14.14,10362411,155563680.00
2023/04/06,14.12,14.17,13.83,14.06,8842068,131545816.00
2023/04/07,14.01,14.07,13.92,14.03,3659372,54453244.00
2023/04/10,14.08,14.39,14.04,14.26,9700879,146932720.00
2023/04/11,14.21,14.27,13.93,14.23,6076538,91140624.00
2023/04/12,14.24,14.77,14.24,14.71,15453080,238551664.00
2023/04/13,14.67,15.22,14.63,14.94,14584169,232065456.00
2023/04/14,15.11,15.11,14.73,14.95,7219190,113927896.00
2023/04/17,15.01,15.44,14.87,15.27,11526190,185370288.00
2023/04/18,15.19,15.19,14.91,15.11,5713490,90761928.00
2023/04/19,15.13,15.32,14.99,15.16,7988596,128366560.00
2023/04/20,15.16,15.30,15.01,15.29,4856506,78030040.00
2023/04/21,15.32,15.45,15.00,15.02,7424461,119578400.00
2023/04/24,15.18,15.25,14.92,15.03,6434785,102726544.00
2023/04/25,15.15,15.38,15.04,15.27,9318540,150121184.00
2023/04/26,15.28,15.35,14.87,15.26,6735908,107707664.00
2023/04/27,15.31,15.31,14.95,15.19,3625565,58040900.00
2023/04/28,15.21,15.42,15.00,15.26,7733285,124619824.00
2023/05/04,14.73,15.07,14.32,15.01,9159603,143183920.00
2023/05/05,14.92,15.11,14.57,14.78,4880462,76434944.00
2023/05/08,14.81,15.78,14.80,15.75,15143497,248559872.00
2023/05/09,15.92,16.10,15.45,15.48,13846673,229288864.00
2023/05/10,15.43,15.45,14.32,14.36,16678358,258919200.00
2023/05/11,14.29,14.44,14.17,14.29,6486810,98398280.00
2023/05/12,14.30,14.35,13.90,13.93,9489925,141494080.00
2023/05/15,13.93,14.07,13.52,14.04,11852531,172996432.00
2023/05/16,14.12,14.35,14.03,14.28,7661472,115713504.00
2023/05/17,14.29,14.42,14.03,14.22,5443112,82209808.00
2023/05/18,14.30,14.54,14.16,14.32,4218540,64146464.00
2023/05/19,14.23,14.24,14.08,14.14,5088951,76449008.00
2023/05/22,14.14,14.26,14.00,14.15,4236916,63593512.00
2023/05/23,14.11,14.20,13.72,13.79,5511919,81656200.00
2023/05/24,13.76,13.82,13.62,13.64,6977104,101581184.00
2023/05/25,13.61,13.71,13.32,13.52,7035059,100956320.00
2023/05/26,13.43,13.48,13.28,13.43,2824568,40282536.00
2023/05/29,13.46,13.68,13.37,13.53,5220949,75195152.00
2023/05/30,13.42,13.62,13.28,13.52,3811346,54691980.00
2023/05/31,13.37,13.47,13.18,13.24,5284505,74840776.00
2023/06/01,13.16,13.30,13.02,13.24,6151551,86491688.00
2023/06/02,13.32,13.55,13.32,13.53,5286033,75835552.00
2023/06/05,13.64,13.84,13.47,13.53,3424684,49482880.00
2023/06/06,13.52,13.56,13.31,13.36,3103549,44385184.00
2023/06/07,13.38,13.43,13.09,13.11,6907282,97134456.00
2023/06/08,13.12,13.43,13.11,13.41,4447434,63068368.00
2023/06/09,13.38,13.42,13.21,13.25,3182267,44550844.00
2023/06/12,13.28,13.37,13.19,13.25,3393653,47473700.00
2023/06/13,13.23,13.25,13.03,13.08,4326816,59804560.00
2023/06/14,13.16,13.26,13.10,13.17,2898998,40250036.00
2023/06/15,13.10,13.17,12.94,13.06,4468411,61362608.00
2023/06/16,13.06,13.46,13.06,13.27,6368710,89095152.00
2023/06/19,13.26,13.26,12.97,13.04,6828792,94062496.00
2023/06/20,13.06,13.08,12.80,12.94,7151391,97485024.00
2023/06/21,12.94,13.06,12.82,12.85,4965441,67824504.00
2023/06/26,12.78,13.00,12.58,12.74,5253096,70727704.00
2023/06/27,12.81,13.02,12.70,12.95,4336586,58958960.00
2023/06/28,12.95,12.98,12.76,12.98,3632308,49394632.00
2023/06/29,13.05,13.05,12.84,12.99,4800938,65583520.00
2023/06/30,12.97,13.24,12.93,13.16,5573597,77213992.00
2023/07/03,13.26,13.64,13.20,13.56,8698690,123377768.00
2023/07/04,13.61,13.81,13.52,13.76,7504092,108256840.00
2023/07/05,13.82,13.94,13.75,13.83,5867210,85333616.00
2023/07/06,13.90,13.91,13.73,13.89,5400956,78768792.00
2023/07/07,13.90,14.00,13.75,13.90,5397950,78949888.00
2023/07/10,14.03,14.13,13.82,13.90,4078516,59870068.00
2023/07/11,14.06,14.07,13.85,14.04,4240781,62417016.00
2023/07/12,14.13,14.18,13.92,13.99,4564412,67495176.00
2023/07/13,14.13,14.21,13.98,14.11,3966617,58762036.00
2023/07/14,14.18,14.26,14.06,14.19,4321233,64452272.00
2023/07/17,14.14,14.16,13.95,14.12,2675759,39523884.00
2023/07/18,14.11,14.11,13.93,14.01,2780972,40915284.00
2023/07/19,14.07,14.13,14.00,14.09,3099170,45830596.00
2023/07/20,14.10,14.25,13.95,13.97,3870883,57301536.00
2023/07/21,14.11,14.11,13.89,13.97,3462079,50878412.00
2023/07/24,13.98,14.03,13.82,13.97,2277029,33370854.00
2023/07/25,14.06,14.22,14.01,14.15,4307983,64101812.00
2023/07/26,14.23,14.24,14.10,14.16,2952294,43944556.00
2023/07/27,14.19,14.22,14.01,14.03,2359894,35029392.00
2023/07/28,14.03,14.36,13.94,14.28,4328048,64590432.00
2023/07/31,14.40,14.51,14.29,14.47,4970091,75212304.00
2023/08/01,14.48,14.65,14.44,14.60,5563608,85092872.00
2023/08/02,14.66,14.67,14.46,14.55,4322900,66032272.00
2023/08/03,14.51,14.53,14.29,14.42,3188515,48240532.00
2023/08/04,14.55,14.68,14.37,14.38,3341114,50793016.00
2023/08/07,14.36,14.47,14.34,14.41,2458627,37185404.00
2023/08/08,14.41,14.46,14.29,14.35,2951100,44521344.00
2023/08/09,14.42,14.42,14.26,14.32,2550400,38341928.00
2023/08/10,14.40,14.80,14.33,14.76,6632975,102034376.00
2023/08/11,14.74,14.82,14.52,14.53,5223207,80277440.00
2023/08/14,14.52,14.58,14.26,14.48,2884476,43631744.00
2023/08/15,14.50,14.56,14.36,14.56,3000732,45581128.00
2023/08/16,14.47,14.48,14.09,14.13,3852001,57541664.00
2023/08/17,14.03,14.36,13.90,14.35,4724100,70240600.00
2023/08/18,14.39,14.53,14.29,14.32,3095400,46786448.00
2023/08/21,14.28,14.46,14.17,14.20,3100258,46466412.00
2023/08/22,14.20,14.26,14.00,14.22,3859477,57296472.00
2023/08/23,14.16,14.31,13.96,14.08,4185102,62338220.00
2023/08/24,14.06,14.21,13.89,13.89,3387700,49783604.00
2023/08/25,13.98,14.06,13.78,13.82,4296372,62753160.00
2023/08/28,14.34,14.48,14.20,14.24,8069763,121216384.00
2023/08/29,14.33,14.40,14.08,14.26,7490008,111975808.00
2023/08/30,14.24,14.33,14.05,14.09,4806225,71420488.00
2023/08/31,14.01,14.18,14.01,14.10,4404173,65280092.00
2023/09/01,14.14,14.23,14.10,14.18,3882302,57838700.00
2023/09/04,14.37,15.25,14.29,15.22,19685074,308684000.00
2023/09/05,15.20,15.24,14.88,15.18,8911952,140879648.00
2023/09/06,15.46,15.58,15.06,15.51,11066772,177815632.00
2023/09/07,15.44,15.68,15.31,15.49,7790463,126352816.00
2023/09/08,15.36,15.56,15.20,15.46,5173375,83295176.00
2023/09/11,15.40,15.65,15.39,15.58,6435300,104823600.00
2023/09/12,15.62,15.96,15.52,15.69,8211126,135089344.00
2023/09/13,15.85,15.98,15.68,15.81,6516842,107605616.00
2023/09/14,15.66,15.99,15.66,15.94,7769187,129004040.00
2023/09/15,15.94,16.25,15.89,16.00,9405425,158064736.00
2023/09/18,16.10,16.10,15.77,15.98,6335977,105308936.00
2023/09/19,15.98,16.12,15.89,15.94,4478136,74888280.00
2023/09/20,15.94,15.97,15.74,15.80,5708099,94399776.00
2023/09/21,15.75,15.88,15.64,15.73,4605347,75775880.00
2023/09/22,15.78,15.87,15.49,15.58,9385386,153014496.00
2023/09/25,15.75,15.78,15.49,15.54,6433757,105184200.00
2023/09/26,15.54,15.65,15.47,15.49,3742825,60870952.00
2023/09/27,15.47,15.90,15.44,15.67,6160602,101184632.00
2023/09/28,15.86,15.93,15.48,15.50,4523721,73941792.00
2023/10/09,15.49,15.58,15.22,15.48,5313800,85806608.00
2023/10/10,15.42,15.75,15.38,15.40,3577500,58070216.00
2023/10/11,15.44,15.55,15.14,15.25,6853096,109402704.00
2023/10/12,15.35,15.39,14.95,15.03,5132868,81124864.00
2023/10/13,15.05,15.13,14.84,15.07,3827600,60323208.00
2023/10/16,15.30,15.83,15.29,15.61,12435574,203559280.00
2023/10/17,15.50,15.57,15.08,15.54,5805995,93772440.00
2023/10/18,15.49,15.60,15.18,15.20,4472571,71590080.00
2023/10/19,15.33,15.34,14.87,14.92,6093740,95851136.00
2023/10/20,15.01,15.04,14.78,14.87,3036617,47486652.00
2023/10/23,14.80,14.91,14.49,14.58,3347535,51564048.00
2023/10/24,14.67,14.93,14.52,14.83,3596344,55747132.00
2023/10/25,15.10,15.65,14.93,15.39,8756632,141415168.00
2023/10/26,15.38,15.38,14.54,14.86,6437955,100494192.00
2023/10/27,14.86,15.46,14.71,15.37,8185966,130996360.00
2023/10/30,15.28,15.47,15.03,15.05,6510970,103684384.00
2023/10/31,14.99,15.00,14.69,14.88,5526484,85759120.00
2023/11/01,14.90,14.90,14.58,14.63,3769622,57953144.00
2023/11/02,14.67,14.86,14.67,14.75,3385511,52498696.00
2023/11/03,14.83,14.88,14.68,14.70,3075070,47536968.00
2023/11/06,14.70,14.77,14.42,14.60,5745900,87586376.00
2023/11/07,14.60,14.69,14.48,14.60,4831205,74002920.00
2023/11/08,14.53,14.53,14.08,14.19,9344036,139877744.00
2023/11/09,14.14,14.33,14.04,14.26,4562800,68075496.00
2023/11/10,14.20,14.41,14.17,14.30,4839800,72752088.00
2023/11/13,14.31,14.36,14.10,14.27,4539408,67934760.00
2023/11/14,14.45,14.45,14.20,14.28,2909600,43645620.00
2023/11/15,14.30,14.36,14.18,14.24,3615418,54111764.00
2023/11/16,14.18,14.34,14.11,14.14,3865101,57727780.00
2023/11/17,14.04,14.08,13.81,13.86,6080355,88765232.00
2023/11/20,13.87,14.16,13.86,14.14,7107420,105073960.00
2023/11/21,14.21,14.30,14.09,14.10,4863735,72490144.00
2023/11/22,14.08,14.17,14.04,14.04,3453625,51209880.00
2023/11/23,14.03,14.15,13.95,14.10,3299078,48737960.00
2023/11/24,14.10,14.16,13.96,14.02,2293462,33832012.00
2023/11/27,14.02,14.13,13.94,14.07,4552901,67101832.00
2023/11/28,13.99,14.07,13.82,14.01,4163057,61080968.00
2023/11/29,13.99,14.14,13.94,13.99,3971408,58602896.00
2023/11/30,13.99,14.29,13.98,14.20,7482598,111807040.00
2023/12/01,14.13,14.15,13.99,14.12,4591035,67940040.00
2023/12/04,14.08,14.25,14.02,14.07,5033468,74661416.00
2023/12/05,14.13,14.13,13.84,13.84,4326709,63541976.00
2023/12/06,13.84,13.84,13.63,13.70,4374807,63205740.00
2023/12/07,13.70,13.77,13.59,13.71,3552496,51175648.00
2023/12/08,13.66,13.86,13.66,13.71,4570104,66084704.00
2023/12/11,13.71,13.93,13.48,13.89,5441533,78661432.00
2023/12/12,13.89,13.93,13.72,13.80,3860700,56065336.00
2023/12/13,13.75,13.83,13.48,13.54,5162830,73750152.00
2023/12/14,13.56,13.62,13.40,13.43,4282596,60789764.00
2023/12/15,13.50,13.60,13.34,13.37,3609285,51129548.00
2023/12/18,13.33,13.49,13.31,13.40,3375157,47674576.00
2023/12/19,13.47,13.47,13.22,13.30,3597392,50321236.00
2023/12/20,13.34,13.61,13.27,13.27,3341387,47307992.00
2023/12/21,13.27,13.37,13.12,13.31,3912456,54739432.00
2023/12/22,13.35,13.52,13.28,13.45,3537460,49940488.00
2023/12/25,13.36,13.61,13.27,13.53,3952402,55915096.00
2023/12/26,13.47,13.70,13.46,13.56,5853800,83750552.00
2023/12/27,13.62,14.01,13.48,13.95,8317594,120980584.00
2023/12/28,13.95,13.96,13.68,13.86,7625051,111139312.00
2023/12/29,13.80,13.95,13.70,13.90,5361871,78229096.00
2024/01/02,13.90,14.17,13.90,14.10,4369855,64687984.00
2024/01/03,14.02,14.22,14.01,14.17,7133024,106103400.00
2024/01/04,14.24,14.33,14.08,14.19,3286196,48974596.00
2024/01/05,14.19,14.25,14.01,14.11,5165432,76884696.00
2024/01/08,14.10,14.17,13.92,14.03,5352800,79056120.00
2024/01/09,13.99,14.27,13.86,14.16,4468789,66370076.00
2024/01/10,14.10,14.22,14.00,14.05,4364179,64804016.00
2024/01/11,14.10,14.10,13.86,13.90,3845066,56375328.00
2024/01/12,13.92,14.16,13.91,14.10,4862429,71977168.00
2024/01/15,14.03,14.37,13.96,14.32,5482301,82009632.00
2024/01/16,14.31,14.35,14.08,14.25,3051982,45593236.00
2024/01/17,14.25,14.47,14.06,14.07,4572654,68588096.00
2024/01/18,14.03,14.04,13.35,13.91,6743620,97113000.00
2024/01/19,13.87,13.93,13.70,13.85,3428276,49892064.00
2024/01/22,13.83,13.93,13.18,13.29,4987147,71131952.00
2024/01/23,13.26,13.43,13.01,13.37,4303504,60046220.00
2024/01/24,13.34,13.62,13.16,13.59,5115970,72340256.00
2024/01/25,13.61,14.30,13.61,14.20,8791368,130068840.00
2024/01/26,14.28,14.64,14.18,14.56,9595368,145360768.00
2024/01/29,14.55,14.88,14.53,14.66,8151190,125744872.00
2024/01/30,14.53,14.79,14.40,14.42,5818411,89213032.00
2024/01/31,14.42,14.79,14.24,14.65,9584265,146614992.00
2024/02/01,14.58,14.77,14.36,14.39,7704845,117284824.00
2024/02/02,14.42,14.58,13.35,13.68,9399325,139638368.00
2024/02/05,13.54,13.86,13.19,13.60,12573100,179343856.00
2024/02/06,13.53,13.85,13.38,13.71,10669487,152785920.00
2024/02/07,13.75,13.79,13.20,13.38,15152184,214362080.00
2024/02/08,13.30,13.48,12.60,13.46,16914596,234363312.00
2024/02/19,13.52,13.95,13.47,13.95,12863285,185702480.00
2024/02/20,13.88,13.95,13.70,13.84,7206695,104716144.00
2024/02/21,13.73,14.16,13.69,14.13,8761918,129397552.00
2024/02/22,14.08,14.38,13.98,14.34,9599892,143355296.00
2024/02/23,14.38,14.38,14.06,14.16,7885414,117445232.00
2024/02/26,14.15,14.27,13.89,13.92,7316946,108261184.00
2024/02/27,13.92,13.94,13.70,13.93,8916926,129659736.00
2024/02/28,13.88,14.00,13.66,13.66,8963577,130470984.00
2024/02/29,13.54,13.88,13.50,13.88,6771450,98020432.00
2024/03/01,13.92,14.04,13.74,13.79,6853043,99966128.00
2024/03/04,13.85,13.98,13.81,13.93,7479705,109286888.00
2024/03/05,13.87,13.88,13.59,13.72,7628345,109888840.00
2024/03/06,13.73,13.98,13.66,13.91,9235573,134951040.00
2024/03/07,13.90,14.28,13.88,14.17,14500021,214141968.00
2024/03/08,14.18,14.22,13.96,14.15,8629438,127939616.00
2024/03/11,14.08,14.15,13.63,13.76,13131378,189914144.00
2024/03/12,13.75,13.75,13.51,13.65,10963050,157109824.00
2024/03/13,13.59,13.63,13.38,13.50,10906674,155089296.00
2024/03/14,13.51,14.13,13.51,14.06,20073155,292441120.00
2024/03/15,14.06,14.66,13.92,14.63,19283600,289681440.00
2024/03/18,14.63,15.11,14.40,14.97,14823112,229428592.00
2024/03/19,14.97,15.21,14.83,15.04,10772579,169297184.00
2024/03/20,15.04,15.26,14.81,15.14,6896659,108816576.00
2024/03/21,15.19,15.38,14.99,15.29,7318170,116681528.00
2024/03/22,15.31,15.40,14.80,14.85,9578005,150306160.00
2024/03/25,14.88,15.55,14.88,15.34,12540772,200794384.00
2024/03/26,15.48,15.55,15.10,15.42,11274730,180956128.00
2024/03/27,15.61,16.31,15.48,16.07,23650404,394140640.00
2024/03/28,16.07,16.88,16.00,16.57,20327105,350292128.00
2024/03/29,16.58,18.30,16.53,18.30,15922633,293481920.00
2024/04/01,18.48,19.29,18.00,18.58,26552043,513118848.00
2024/04/02,18.59,19.27,18.28,18.42,23419132,453484640.00
2024/04/03,18.58,19.27,18.28,19.12,31140684,609488128.00
2024/04/08,17.53,18.26,17.43,17.66,44154044,817267264.00
2024/04/09,17.70,17.79,17.19,17.60,27466222,500853920.00
2024/04/10,17.59,18.16,17.59,17.86,18473730,343998176.00
2024/04/11,17.79,18.31,17.68,18.10,12524158,235414288.00
2024/04/12,18.07,18.44,17.90,18.21,10265176,194376016.00
2024/04/15,17.90,18.68,17.82,18.46,13856029,264388096.00
2024/04/16,18.39,18.50,17.78,17.92,14783543,279298240.00
2024/04/17,17.94,18.80,17.63,18.80,15132224,288578112.00
2024/04/18,18.64,18.68,18.07,18.23,13389886,254293056.00
2024/04/19,18.27,19.14,18.27,18.76,18335593,357928256.00
2024/04/22,18.38,18.58,17.61,17.68,19611901,366621216.00
2024/04/23,17.45,17.92,17.25,17.81,15181819,278687584.00
2024/04/24,17.72,17.95,17.54,17.84,10383148,191659904.00
2024/04/25,17.78,17.98,17.61,17.68,6746897,124522088.00
2024/04/26,17.90,18.37,17.84,17.93,11210709,209990096.00
2024/04/29,17.87,17.87,17.00,17.13,14993909,268589568.00
2024/04/30,17.09,17.71,16.98,17.19,11428949,206815360.00
2024/05/06,16.98,17.60,16.59,17.49,15091899,269083680.00
2024/05/07,17.38,17.94,17.25,17.33,14149365,258302512.00
2024/05/08,17.20,17.54,17.20,17.30,7050150,127722048.00
2024/05/09,17.38,17.63,17.30,17.51,6416820,116658704.00
2024/05/10,17.66,17.70,17.30,17.32,7178350,130447408.00
2024/05/13,17.08,17.90,17.03,17.71,13113092,239749680.00
2024/05/14,17.68,17.85,17.34,17.38,12721339,232463584.00
2024/05/15,17.34,17.56,17.24,17.28,5527801,99984720.00
2024/05/16,17.34,17.81,17.26,17.36,10432401,190088704.00
2024/05/17,17.38,17.54,17.11,17.48,7695254,139292208.00
2024/05/20,17.59,18.23,17.33,18.08,14795493,275114496.00
2024/05/21,18.08,18.08,17.44,17.46,10044852,184658768.00
2024/05/22,17.33,17.66,17.09,17.14,9271972,167107920.00
2024/05/23,17.03,17.06,16.69,16.82,8233467,144550576.00
2024/05/24,16.76,17.37,16.70,17.11,7964993,142156960.00
2024/05/27,17.08,17.66,17.05,17.58,7355179,133904952.00
2024/05/28,17.61,18.02,17.51,17.57,8855640,163880512.00
2024/05/29,17.58,17.90,17.50,17.70,5361800,98880088.00
2024/05/30,17.63,18.02,17.51,17.63,9766871,180364272.00
2024/05/31,17.28,17.78,17.27,17.35,4445130,80471896.00
2024/06/03,17.28,17.43,17.02,17.18,5865701,105342448.00
2024/06/04,17.08,17.17,16.73,17.10,5753203,101749072.00
2024/06/05,17.03,17.18,16.61,16.64,7076528,123886352.00
2024/06/06,16.72,17.03,16.64,16.74,9391060,164685136.00
2024/06/07,16.87,17.28,16.81,16.95,6545127,116376608.00
2024/06/11,16.98,17.11,16.36,16.50,8823776,152406928.00
2024/06/12,16.50,16.58,16.26,16.49,12671221,214245120.00
2024/06/13,16.45,16.69,16.27,16.40,9522258,161298272.00
2024/06/14,16.34,16.51,16.20,16.30,5705107,96186176.00
2024/06/17,16.32,16.62,16.24,16.33,7403659,125356032.00
2024/06/18,16.44,16.61,16.15,16.54,7812676,132298976.00
2024/06/19,16.54,16.83,16.50,16.65,6334435,108733104.00
2024/06/20,16.74,16.95,16.27,16.46,9572384,162967936.00
2024/06/21,16.47,16.58,16.21,16.36,5628257,95212464.00
2024/06/24,16.38,16.41,16.02,16.16,6057811,101193632.00
2024/06/25,16.12,16.85,16.12,16.64,9870311,168256864.00
2024/06/26,16.60,16.73,16.30,16.68,7324801,124675312.00
2024/06/27,16.59,16.60,16.17,16.21,6008638,100941488.00
2024/06/28,16.28,16.79,16.14,16.69,7426401,126669080.00
2024/07/01,16.69,17.14,16.62,17.06,7334200,128155024.00
2024/07/02,17.08,17.12,16.42,16.50,8551237,147004592.00
2024/07/03,16.39,16.59,16.04,16.12,6230422,104423832.00
2024/07/04,15.99,16.20,15.75,15.86,10444636,171281040.00
2024/07/05,15.79,15.95,15.52,15.76,7555858,122744152.00
2024/07/08,15.78,15.79,15.39,15.55,7741453,124453840.00
2024/07/09,15.66,15.82,15.26,15.79,8042092,129300768.00
2024/07/10,15.77,15.82,15.45,15.48,5075938,81784336.00
2024/07/11,15.49,15.72,15.39,15.66,6924082,111358144.00
2024/07/12,15.66,15.85,15.36,15.41,5912356,94779416.00
2024/07/15,15.49,15.59,15.21,15.48,4560300,72793976.00
2024/07/16,15.39,15.64,15.36,15.48,4122921,65972768.00
2024/07/17,15.39,15.48,15.10,15.12,7444707,116956296.00
2024/07/18,15.17,15.24,14.84,15.21,7681300,119518040.00
2024/07/19,15.14,15.17,14.91,15.07,6553020,101703464.00
2024/07/22,14.97,15.04,14.70,14.99,6888426,106071424.00
2024/07/23,14.97,15.10,14.62,14.62,5743241,87817264.00
2024/07/24,14.65,14.86,14.54,14.72,4429100,67364968.00
2024/07/25,14.61,14.66,14.39,14.46,4888631,73336616.00
2024/07/26,14.48,14.74,14.47,14.60,3735350,56367072.00
2024/07/29,14.67,14.77,14.55,14.66,2914410,44127496.00
2024/07/30,14.59,14.59,14.19,14.22,6353652,94066288.00
2024/07/31,14.30,14.68,14.18,14.61,8339260,125169192.00
2024/08/01,14.67,14.85,14.35,14.49,8577514,129157880.00
2024/08/02,14.49,14.49,14.01,14.07,11313973,165339552.00
2024/08/05,13.90,14.04,13.62,13.68,10498590,150209648.00
2024/08/06,13.76,13.94,13.74,13.87,7295877,104712752.00
2024/08/07,13.85,14.28,13.79,14.15,7957412,116263096.00
2024/08/08,14.22,14.34,14.01,14.06,5582173,81659720.00
2024/08/09,14.10,14.32,14.06,14.23,5366083,79136608.00
2024/08/12,14.19,14.29,14.08,14.20,4359805,64028244.00
2024/08/13,14.33,14.42,14.18,14.35,6753100,99945024.00
2024/08/14,14.29,14.29,13.99,14.06,6165400,90015656.00
2024/08/15,14.06,14.21,13.94,14.06,5343800,77862016.00
2024/08/16,14.13,14.13,13.87,13.93,6021841,87259576.00
2024/08/19,13.98,14.30,13.92,14.12,7868815,115475120.00
2024/08/20,14.06,14.10,13.66,13.71,7549182,108014768.00
2024/08/21,13.74,13.82,13.61,13.78,5949782,84539960.00
2024/08/22,13.73,13.73,13.51,13.61,4789500,67617952.00
2024/08/23,13.72,13.81,13.51,13.55,5071400,71633104.00
2024/08/26,13.62,13.88,13.62,13.86,5364800,76649792.00
2024/08/27,13.81,13.94,13.69,13.85,6296000,89975072.00
2024/08/28,13.77,14.26,13.67,14.05,9718101,141046272.00
2024/08/29,14.09,14.17,13.87,14.07,6609271,96129288.00
2024/08/30,14.02,14.46,14.00,14.30,8585923,126675632.00
2024/09/02,14.21,14.34,13.97,14.07,8941025,131084104.00
2024/09/03,14.04,14.24,13.90,13.96,6133177,89137376.00
2024/09/04,13.74,13.75,13.19,13.31,11988623,166323872.00
2024/09/05,13.37,13.57,13.35,13.48,5912210,82592208.00
2024/09/06,13.49,13.54,13.19,13.21,4509349,62276820.00
2024/09/09,13.14,13.25,12.88,12.94,6979472,94332896.00
2024/09/10,12.89,13.07,12.69,12.91,4682346,62670944.00
2024/09/11,12.81,12.82,12.62,12.66,5810755,76590592.00
2024/09/12,12.71,12.81,12.65,12.72,3597200,47617016.00
2024/09/13,12.77,12.84,12.65,12.66,4899896,64834576.00
2024/09/18,12.74,12.89,12.56,12.88,4569040,60435872.00
2024/09/19,12.87,12.93,12.56,12.79,6818693,90607744.00
2024/09/20,12.79,13.02,12.69,12.84,7178842,96012024.00
2024/09/23,12.84,12.98,12.81,12.93,4028371,54062948.00
2024/09/24,12.91,13.39,12.91,13.39,8398458,115406760.00
2024/09/25,13.61,13.91,13.54,13.62,9605332,136429184.00
2024/09/26,13.63,13.96,13.53,13.96,8782722,125270664.00
2024/09/27,14.02,14.37,14.01,14.31,9469523,138966784.00
2024/09/30,14.69,15.61,14.64,15.57,23075738,361895168.00
2024/10/08,17.18,17.18,16.07,16.86,33731492,584518336.00
2024/10/09,16.57,16.57,15.12,15.12,25009697,399618944.00
2024/10/10,15.12,15.91,14.89,15.47,19428761,310277376.00
2024/10/11,15.51,15.72,15.19,15.28,9716785,154939936.00
2024/10/14,15.24,15.54,15.09,15.35,8860210,140052480.00
2024/10/15,15.28,15.28,14.77,14.80,9687610,149928256.00
2024/10/16,14.69,14.89,14.54,14.76,6578268,100322384.00
2024/10/17,14.88,14.95,14.44,14.46,6594086,100221720.00
2024/10/18,14.50,15.14,14.42,14.93,9960593,151963104.00
2024/10/21,14.94,14.99,14.63,14.82,7293000,111561208.00
2024/10/22,14.83,15.05,14.79,14.93,6092159,93928128.00
2024/10/23,15.07,15.25,14.94,15.15,8913305,139113648.00
2024/10/24,15.10,15.10,14.75,14.88,5496764,84603632.00
2024/10/25,14.86,15.02,14.79,14.91,4184200,64561904.00
2024/10/28,14.92,15.09,14.78,15.09,7436971,114814440.00
2024/10/29,15.00,15.36,14.81,14.86,10280598,159503616.00
2024/10/30,14.85,14.88,14.46,14.62,7961200,120265712.00
2024/10/31,14.65,14.72,14.54,14.57,6225286,94080776.00
2024/11/01,14.56,15.09,14.56,14.91,10475801,161198640.00
2024/11/04,15.01,15.07,14.72,14.94,7161200,110292440.00
2024/11/05,14.95,15.22,14.88,15.18,10513733,164047904.00
2024/11/06,15.19,15.84,15.19,15.67,21743030,351293312.00
2024/11/07,15.49,15.67,15.20,15.64,16902378,269590944.00
2024/11/08,15.64,15.76,15.24,15.28,14574301,232891296.00
2024/11/11,15.11,15.17,14.80,15.15,13829350,214393744.00
2024/11/12,15.12,15.29,14.83,14.93,9878503,154076400.00
2024/11/13,14.79,15.06,14.73,15.04,6867208,106338592.00
2024/11/14,15.02,15.22,14.76,14.79,10577720,163755376.00
2024/11/15,14.79,15.17,14.70,14.94,11264919,174622880.00
2024/11/18,14.94,15.34,14.90,15.00,11664942,182692448.00
2024/11/19,14.99,15.13,14.71,15.01,8399853,129623384.00
2024/11/20,15.01,15.02,14.85,14.99,7284293,112443096.00
2024/11/21,14.99,15.04,14.79,14.87,7141406,109894168.00
2024/11/22,14.82,14.93,14.39,14.39,8776200,133180048.00
2024/11/25,14.35,14.78,14.32,14.55,7640923,115454296.00
2024/11/26,14.64,14.64,14.29,14.31,5256300,78333496.00
2024/11/27,14.32,14.49,14.14,14.46,6135135,90984456.00
2024/11/28,14.44,14.45,14.26,14.30,5025685,74623816.00
2024/11/29,14.38,14.48,14.29,14.35,5210401,77562704.00
2024/12/02,14.35,14.51,14.32,14.51,6964709,103999536.00
2024/12/03,14.50,14.64,14.36,14.54,6664200,99906920.00
2024/12/04,14.50,14.82,14.45,14.65,8349603,126656984.00
2024/12/05,14.51,14.57,14.34,14.38,7573725,112984912.00
2024/12/06,14.38,14.53,14.38,14.48,5791689,86729216.00
2024/12/09,14.47,14.72,14.40,14.43,9113361,137035072.00
2024/12/10,14.73,14.78,14.36,14.40,12422626,186790496.00
2024/12/11,14.34,14.65,14.34,14.62,9126500,137195264.00
2024/12/12,14.69,14.69,14.54,14.63,4792954,72463752.00
2024/12/13,14.63,14.63,14.43,14.47,9585938,144084640.00
2024/12/16,14.39,14.82,14.39,14.59,9123349,138403648.00
2024/12/17,14.60,14.65,14.39,14.43,7089171,106473168.00
2024/12/18,14.47,14.64,14.44,14.55,5904510,89001568.00
2024/12/19,14.48,14.48,14.03,14.11,14428101,211869488.00
2024/12/20,14.11,14.15,13.87,13.92,10293279,149334976.00
2024/12/23,13.92,14.32,13.92,14.05,19605722,287610784.00
2024/12/24,14.05,14.27,13.97,14.24,9628401,141315616.00
2024/12/25,14.28,14.35,14.14,14.25,6358822,93861520.00
2024/12/26,14.27,14.32,14.14,14.25,5127821,75701072.00
2024/12/27,14.29,14.37,14.21,14.35,5034021,74578832.00
2024/12/30,14.37,14.65,14.33,14.63,8827801,132948704.00
2024/12/31,14.68,14.97,14.67,14.74,13708923,210399072.00
2025/01/02,14.66,14.89,14.42,14.51,13022079,197538848.00
2025/01/03,14.53,15.12,14.53,14.92,21739872,336047904.00
2025/01/06,15.09,15.15,14.70,14.96,14768926,227664208.00
2025/01/07,14.92,15.25,14.82,15.05,11797649,183208960.00
2025/01/08,14.99,15.26,14.74,14.89,11079988,171702640.00
2025/01/09,14.79,14.88,14.29,14.30,11641210,174199120.00
2025/01/10,14.30,14.37,14.01,14.04,6550800,95768768.00
2025/01/13,14.25,14.47,14.13,14.32,9283293,137660112.00
2025/01/14,14.25,14.97,14.10,14.97,13076147,199107952.00
2025/01/15,15.05,15.40,14.80,15.08,11942282,186898736.00
2025/01/16,15.24,15.39,15.14,15.30,9345107,147471424.00
2025/01/17,15.21,15.40,15.03,15.35,11183839,175923056.00
2025/01/20,15.34,15.67,15.26,15.35,12653986,202316208.00
2025/01/21,15.35,15.46,14.83,14.89,7108541,110466496.00
2025/01/22,15.01,15.02,14.47,14.52,7280100,110149016.00
2025/01/23,14.64,14.73,14.53,14.57,6723450,101682984.00
2025/01/24,14.57,14.70,14.43,14.56,8292702,125214128.00
2025/01/27,14.56,14.68,14.48,14.50,7563361,114061104.00
2025/02/05,14.44,14.53,13.80,13.89,21182212,306353888.00
2025/02/06,13.90,14.08,13.81,14.06,8584057,124137328.00
2025/02/07,14.03,14.22,13.98,14.15,8574395,125429288.00
2025/02/10,14.10,14.19,14.03,14.14,7718028,112851904.00
2025/02/11,14.23,14.24,14.12,14.18,6633500,97374656.00
2025/02/12,14.15,14.19,13.93,14.06,10022949,145622208.00
2025/02/13,14.00,14.07,13.92,13.94,9742212,141098480.00
2025/02/14,13.94,13.96,13.84,13.87,8484859,122071184.00
2025/02/17,13.84,13.90,13.80,13.89,6753009,96923248.00
2025/02/18,13.89,13.99,13.82,13.84,8330931,120137584.00
2025/02/19,13.80,13.87,13.64,13.83,8019406,114178968.00
2025/02/20,13.84,13.98,13.82,13.91,7883473,113743184.00
2025/02/21,13.94,13.95,13.80,13.87,6250948,89730008.00
2025/02/24,13.80,13.83,13.69,13.72,7811156,111275176.00
2025/02/25,13.68,13.77,13.62,13.64,5311566,75367840.00
2025/02/26,13.62,13.76,13.60,13.69,6630312,94021248.00
2025/02/27,13.67,13.68,13.58,13.64,7779401,109874720.00
2025/02/28,13.64,13.97,13.60,13.93,17585403,252602944.00
2025/03/03,14.03,14.13,13.72,13.75,15716267,225874624.00
2025/03/04,13.67,13.68,13.52,13.58,8631443,121446088.00
2025/03/05,13.56,13.59,13.47,13.54,5772643,80978760.00
2025/03/06,13.55,13.55,13.38,13.45,12028482,167486160.00
2025/03/07,13.44,13.55,13.39,13.44,8695559,121665360.00
2025/03/10,13.44,13.50,13.34,13.41,8276810,115267672.00
2025/03/11,13.34,13.50,13.17,13.48,9737380,135155072.00
2025/03/12,13.49,13.52,13.40,13.48,5192261,72543608.00
2025/03/13,13.49,13.62,13.42,13.52,10567070,148218208.00
2025/03/14,13.57,13.76,13.54,13.73,18135451,256787952.00
2025/03/17,14.05,14.53,13.99,14.16,37759689,555555520.00
2025/03/18,14.27,14.27,14.00,14.12,19715416,288488928.00
2025/03/19,14.11,14.11,13.90,13.95,13795300,199963728.00
2025/03/20,13.93,14.43,13.91,14.43,27901768,411389280.00
2025/03/21,14.52,15.39,14.51,15.02,49991846,774625536.00
2025/03/24,15.26,15.28,14.56,14.91,33864628,518584704.00
2025/03/25,14.79,14.79,14.56,14.66,16973618,257521472.00
2025/03/26,14.52,14.65,14.29,14.39,21950301,328170816.00
2025/03/27,14.45,14.50,13.95,14.04,20759086,302952352.00
2025/03/28,14.01,14.02,13.77,13.78,17107200,246103312.00
2025/03/31,13.72,13.74,13.52,13.57,17042797,240632560.00
2025/04/01,13.67,13.94,13.66,13.73,16620024,237490176.00
2025/04/02,13.64,13.69,13.49,13.58,13082484,184203504.00
2025/04/03,13.49,13.62,13.39,13.53,11420268,160142112.00
2025/04/07,12.54,12.91,12.13,12.13,26222991,335197440.00
2025/04/08,12.09,12.37,11.90,12.35,21724043,274684192.00
2025/04/09,12.20,12.52,11.99,12.43,20801581,265253712.00
2025/04/10,12.60,12.74,12.51,12.58,19881299,260976672.00
2025/04/11,12.36,12.69,12.34,12.65,10712059,140061024.00
2025/04/14,12.73,12.98,12.69,12.90,11378103,151844416.00
2025/04/15,12.90,12.90,12.75,12.84,7219020,96149104.00
2025/04/16,12.83,12.92,12.70,12.90,7045060,93840200.00
2025/04/17,12.89,12.89,12.78,12.81,5266700,70211200.00
2025/04/18,12.87,12.99,12.82,12.87,6635800,88873496.00
2025/04/21,12.88,12.92,12.80,12.89,5110000,68365416.00
2025/04/22,12.89,12.96,12.81,12.82,7584656,101460288.00
2025/04/23,12.86,12.88,12.73,12.78,8841344,117517624.00
2025/04/24,12.99,13.41,12.95,13.22,28819894,397013344.00
2025/04/25,13.23,13.29,12.88,12.94,14107688,191114944.00
2025/04/28,12.94,12.94,12.75,12.83,6901500,91988048.00
2025/04/29,12.80,12.85,12.68,12.72,7879862,104565128.00
2025/04/30,12.70,12.85,12.69,12.82,6961125,92699680.00
2025/05/06,12.81,12.97,12.74,12.95,11111644,148773712.00
2025/05/07,13.04,13.12,12.89,13.03,11194715,151158032.00
2025/05/08,12.94,13.00,12.90,12.94,8128751,109405712.00
2025/05/09,12.94,12.99,12.83,12.87,6185296,82911920.00
2025/05/12,12.90,13.00,12.85,13.00,9343635,125638328.00
2025/05/13,13.06,13.10,12.95,12.98,8257900,111685280.00
2025/05/14,12.97,13.12,12.90,13.12,10280520,139194064.00
2025/05/15,13.12,13.12,12.94,12.94,7413564,100178000.00
2025/05/16,12.93,12.97,12.82,12.84,7216080,96441080.00
2025/05/19,12.87,12.88,12.78,12.86,4722772,63042912.00
2025/05/20,12.87,13.03,12.81,13.01,7304300,98266568.00
2025/05/21,13.06,13.07,13.00,13.04,5977031,80976608.00
2025/05/22,13.01,13.10,12.97,13.05,6975400,94504088.00
2025/05/23,13.08,13.24,12.72,12.77,13219271,177818096.00
2025/05/26,12.77,12.86,12.74,12.79,4714500,62704968.00
2025/05/27,12.79,12.82,12.71,12.76,4372649,58010756.00
2025/05/28,12.76,13.01,12.74,12.98,8710848,116978208.00
2025/05/29,12.97,12.99,12.85,12.98,5911806,79535048.00
2025/05/30,12.94,12.97,12.89,12.95,4081634,54863300.00
2025/06/03,12.97,12.99,12.92,12.97,6576493,88606736.00
2025/06/04,12.99,13.12,12.97,13.05,7285167,98814064.00
2025/06/05,13.05,13.08,12.96,13.00,4453727,60209960.00
2025/06/06,13.04,13.11,12.98,13.09,5822226,79129544.00
2025/06/09,13.11,13.35,13.11,13.33,11123528,153154880.00
2025/06/10,13.31,13.38,13.13,13.21,8595770,118358944.00
2025/06/11,13.27,13.33,13.20,13.30,6559282,88869848.00
2025/06/12,13.37,13.51,13.33,13.45,11775286,161470064.00
2025/06/13,14.02,14.21,13.65,13.98,58541265,833889920.00
2025/06/16,14.27,14.65,13.81,13.87,48929726,708924608.00
2025/06/17,13.72,14.31,13.55,14.17,40767768,580358400.00
2025/06/18,14.32,14.39,13.97,14.02,22773836,328134656.00
2025/06/19,13.93,14.58,13.89,14.28,34327965,497067008.00
2025/06/20,14.12,14.20,13.89,14.00,18201499,259891888.00
2025/06/23,14.46,14.47,14.08,14.22,28348559,412396192.00
2025/06/24,13.49,13.67,13.42,13.50,34616934,477799232.00
2025/06/25,13.43,13.48,13.32,13.47,15614690,213633648.00
2025/06/26,13.43,13.52,13.30,13.33,23619354,322595936.00
2025/06/27,13.28,13.38,13.22,13.32,11753608,159599200.00
2025/06/30,13.32,13.49,13.27,13.48,15443842,211467056.00
2025/07/01,13.42,13.46,13.32,13.37,9883867,134779424.00
2025/07/02,13.59,13.79,13.53,13.73,29780042,415627424.00
2025/07/03,13.82,13.82,13.62,13.65,15309003,213925152.00
2025/07/04,13.57,13.62,13.53,13.53,9554547,132260688.00
2025/07/07,13.53,13.53,13.35,13.40,9878264,135170144.00
2025/07/08,13.43,13.47,13.36,13.41,11814009,161633760.00
2025/07/09,13.42,13.48,13.36,13.39,10138181,138833792.00
2025/07/10,13.39,13.49,13.36,13.48,9265000,127073664.00
2025/07/11,13.48,13.61,13.42,13.53,12171300,168025552.00
2025/07/14,13.53,13.60,13.53,13.58,7811400,108107584.00
2025/07/15,13.51,13.53,13.34,13.36,10435218,142766208.00
2025/07/16,13.38,13.44,13.34,13.41,5594042,76504456.00
2025/07/17,13.41,13.52,13.36,13.50,8896047,122111328.00
2025/07/18,13.51,13.75,13.51,13.62,15547088,216685344.00
2025/07/21,13.60,13.88,13.60,13.87,14653267,206246240.00
2025/07/22,13.87,14.01,13.77,13.98,12929779,183442064.00
2025/07/23,14.00,14.05,13.77,13.78,10545836,149316352.00
2025/07/24,13.78,13.92,13.73,13.92,10567487,149192720.00
2025/07/25,13.92,14.05,13.82,13.84,10766742,152810528.00
2025/07/28,13.84,13.84,13.68,13.76,8390410,117545776.00
2025/07/29,13.73,13.80,13.67,13.78,6169710,86411424.00
2025/07/30,13.81,13.98,13.81,13.91,12979654,184157552.00
2025/07/31,13.88,13.98,13.59,13.64,11980989,167266672.00
2025/08/01,13.64,13.68,13.49,13.52,8455214,116846816.00
2025/08/04,13.43,13.57,13.37,13.56,6522301,89974160.00
2025/08/05,13.55,13.63,13.50,13.59,6529121,90546544.00
2025/08/06,13.56,13.76,13.53,13.76,8054300,112495576.00
2025/08/07,13.75,13.77,13.63,13.73,7154590,100051536.00
2025/08/08,13.65,13.80,13.60,13.73,8606199,120327680.00
2025/08/11,13.70,13.78,13.56,13.62,11534559,160245424.00
2025/08/12,13.63,13.80,13.59,13.73,11915827,166882368.00
2025/08/13,13.75,13.77,13.69,13.73,8561400,119887432.00
2025/08/14,13.72,13.80,13.58,13.59,9401603,131213456.00
2025/08/15,13.57,13.75,13.57,13.74,9257851,129184576.00
2025/08/18,13.72,13.80,13.69,13.70,12332577,172933808.00
2025/08/19,13.72,13.73,13.61,13.67,8241401,114846224.00
2025/08/20,13.68,13.82,13.62,13.82,10461325,146529376.00
2025/08/21,13.83,14.29,13.79,14.21,24955184,358694656.00
2025/08/22,14.24,14.25,14.00,14.14,15996177,229741680.00
2025/08/25,14.14,14.38,14.08,14.34,16170000,235243296.00
2025/08/26,14.42,14.48,14.29,14.43,11023706,161920080.00
2025/08/27,14.34,14.38,13.87,13.90,18554675,266982320.00
2025/08/28,13.94,14.27,13.71,13.93,16409703,233619568.00
2025/08/29,13.97,14.10,13.71,13.73,20640087,291408128.00
2025/09/01,13.80,13.86,13.64,13.78,14106708,198022944.00
2025/09/02,13.76,13.86,13.60,13.76,13042000,182560112.00
2025/09/03,13.80,13.82,13.50,13.55,12203179,169421696.00
2025/09/04,13.47,13.49,13.30,13.41,13540989,184891888.00
2025/09/05,13.41,13.55,13.33,13.55,10479698,144007328.00
2025/09/08,13.52,13.66,13.50,13.63,8466176,117616672.00
2025/09/09,13.59,13.63,13.47,13.52,9656367,133359224.00
2025/09/10,13.52,13.60,13.47,13.58,8626546,119395440.00
2025/09/11,13.55,13.64,13.46,13.63,9492373,131222240.00
2025/09/12,13.62,13.64,13.54,13.55,7077111,98146592.00
2025/09/15,13.56,13.63,13.54,13.56,6570902,91040448.00
2025/09/16,13.56,13.58,13.40,13.47,8332500,114519120.00
2025/09/17,13.49,13.56,13.45,13.55,6460541,89122240.00
2025/09/18,13.55,13.56,13.27,13.32,11913074,162898960.00
2025/09/19,13.33,13.40,13.28,13.39,7268501,99027872.00
2025/09/22,13.38,13.39,13.25,13.31,6828600,92767240.00
2025/09/23,13.27,13.33,13.12,13.29,8608936,116145744.00
2025/09/24,13.31,13.44,13.31,13.37,7682000,104777624.00
2025/09/25,13.36,13.37,13.22,13.28,6405426,86908544.00
2025/09/26,13.32,13.37,13.26,13.28,6470088,87943536.00
2025/09/29,13.27,13.28,13.10,13.24,7793587,104899536.00
2025/09/30,13.20,13.21,13.14,13.18,6108856,82131736.00
2025/10/09,13.22,13.47,13.17,13.47,14228289,194510496.00
2025/10/10,13.42,13.71,13.41,13.67,14960669,208047120.00
2025/10/13,13.38,13.45,13.27,13.42,11565166,157675568.00
2025/10/14,13.42,13.56,13.36,13.48,10979830,150882480.00
2025/10/15,13.43,13.52,13.38,13.49,7944566,109048936.00
2025/10/16,13.48,13.56,13.42,13.55,8126920,111894400.00
2025/10/17,13.53,13.56,13.34,13.35,8010220,109873520.00
2025/10/20,13.36,13.46,13.25,13.46,8528593,116330600.00
2025/10/21,13.55,13.80,13.50,13.72,23641270,330585344.00
2025/10/22,13.83,14.45,13.75,14.17,50182078,722676736.00
2025/10/23,14.18,14.22,13.71,13.94,31593917,447289600.00
2025/10/24,13.97,14.09,13.72,13.75,22667595,319591744.00
2025/10/27,13.76,13.92,13.60,13.82,18773187,264132432.00
2025/10/28,13.80,13.84,13.66,13.68,12117200,169922976.00
2025/10/29,13.64,13.71,13.55,13.70,9363403,130436896.00
2025/10/30,14.00,14.44,13.87,14.30,49105008,713456384.00
2025/10/31,14.33,14.41,14.06,14.11,21734312,314357280.00
2025/11/03,14.30,14.42,14.15,14.33,20196400,294357216.00
2025/11/04,14.34,14.44,14.21,14.26,13542092,197755232.00
2025/11/05,14.18,14.37,14.11,14.31,10847488,157723296.00
2025/11/06,14.27,14.53,14.22,14.48,14515578,213883984.00
2025/11/07,14.46,14.76,14.42,14.61,17573015,262135152.00
2025/11/10,14.58,14.68,14.33,14.61,11993800,178330848.00
2025/11/11,14.58,14.69,14.52,14.53,8194711,121890368.00
2025/11/12,14.58,14.89,14.53,14.67,16051138,241086128.00
2025/11/13,14.52,14.53,14.34,14.49,14539580,214212112.00
2025/11/14,14.47,14.73,14.41,14.49,9469800,140912160.00
2025/11/17,14.56,14.67,14.34,14.53,8902994,131556408.00
2025/11/18,14.52,14.56,14.25,14.31,7565300,110634584.00
2025/11/19,14.34,14.61,14.34,14.55,10912419,161186544.00
2025/11/20,14.42,14.49,14.22,14.22,8892300,129787568.00
2025/11/21,14.17,14.32,13.96,13.99,11071069,159620208.00
2025/11/24,14.02,14.12,13.84,13.86,9106400,129456928.00
2025/11/25,13.97,14.07,13.84,13.88,10877631,154578048.00
2025/11/26,13.83,13.90,13.69,13.71,10153387,142394176.00
2025/11/27,13.67,13.75,13.61,13.71,5805996,81053864.00
2025/11/28,13.73,13.75,13.63,13.69,6394401,89322576.00
2025/12/01,13.71,14.04,13.71,14.01,11886929,168778736.00
2025/12/02,14.02,14.16,13.92,14.13,9051081,129928144.00
2025/12/03,14.08,14.14,13.98,14.07,6747510,96807376.00
2025/12/04,14.05,14.19,13.99,14.02,6386015,91612456.00
2025/12/05,14.02,14.17,13.98,14.08,6765364,97133016.00
2025/12/08,14.05,14.09,13.79,13.88,8900914,125964824.00
2025/12/09,13.81,13.92,13.64,13.67,8953477,125395080.00
2025/12/10,13.63,13.66,13.53,13.57,7317444,101423408.00
2025/12/11,13.59,13.65,13.45,13.46,7760399,107156784.00
2025/12/12,13.49,13.53,13.44,13.47,9147501,125832896.00
2025/12/15,13.53,13.57,13.45,13.49,7223700,99592992.00
2025/12/16,13.51,13.52,13.22,13.30,10835750,147200784.00
2025/12/17,13.24,13.37,13.16,13.35,7448768,100945216.00
2025/12/18,13.38,13.54,13.33,13.50,8919500,122414832.00
2025/12/19,13.45,13.50,13.39,13.44,7016438,96281744.00
2025/12/22,13.48,13.48,13.38,13.43,6259506,85805304.00
2025/12/23,13.46,13.54,13.43,13.46,6513941,89518840.00
2025/12/24,13.43,13.58,13.39,13.56,6932722,95656096.00
2025/12/25,13.56,13.61,13.48,13.52,6870502,94990408.00
2025/12/26,13.52,13.63,13.49,13.59,6394516,88539728.00
2025/12/29,13.58,13.75,13.53,13.65,8968610,125123208.00
2025/12/30,13.74,13.87,13.58,13.75,10214500,143390064.00
2025/12/31,13.77,13.89,13.68,13.76,7709063,108163928.00
2026/01/05,14.21,14.31,13.77,13.86,27858700,396896800.00
2026/01/06,13.78,14.17,13.77,14.17,19153151,273879936.00
2026/01/07,14.04,14.04,13.78,13.82,14783338,209292688.00
2026/01/08,13.77,14.08,13.70,14.02,12689748,180333520.00
2026/01/09,14.17,14.33,14.03,14.26,22166783,320563200.00
2026/01/12,14.27,14.27,14.04,14.14,17119839,246563296.00
2026/01/13,14.34,15.25,14.34,15.01,53326366,807499968.00
2026/01/14,15.22,15.72,15.07,15.30,49478647,774161984.00
2026/01/15,15.22,15.31,14.97,15.28,25398894,391786528.00
2026/01/16,14.99,15.02,14.43,14.52,26552746,395653312.00
2026/01/19,14.55,14.75,14.38,14.66,18019556,268607904.00
2026/01/20,14.72,14.75,14.50,14.66,14846528,221118016.00
2026/01/21,14.65,14.87,14.57,14.80,16190303,243021536.00
2026/01/22,14.86,15.67,14.86,15.37,33843101,530776224.00
2026/01/23,15.22,15.36,15.07,15.20,21258704,329112608.00
2026/01/26,15.48,16.22,15.48,16.08,45955616,743119232.00
2026/01/27,16.08,16.38,15.73,15.82,35214207,570812480.00
2026/01/28,16.13,16.91,15.90,16.42,57060702,953119360.00
2026/01/29,16.72,17.10,15.94,16.93,84626682,1428294400.00
2026/01/30,16.69,16.93,15.75,16.27,59628361,986269120.00
2026/02/02,15.55,15.91,15.15,15.18,42317700,666185472.00
2026/02/03,15.38,15.46,15.01,15.28,23970792,370981728.00
2026/02/04,15.44,15.66,15.23,15.58,31005063,488328064.00
2026/02/05,15.52,15.73,15.10,15.21,19633829,306392928.00
2026/02/06,15.02,15.59,14.81,15.42,23743562,370102208.00
2026/02/09,15.45,15.51,15.22,15.29,17864900,278681216.00
2026/02/10,15.40,15.55,15.22,15.38,15632983,244900016.00
2026/02/11,15.22,15.82,15.22,15.76,23717441,377710144.00
2026/02/12,15.82,16.07,15.73,15.83,21229322,343365216.00
2026/02/13,15.52,15.60,15.23,15.52,19676906,309199584.00
2026/02/24,16.00,17.10,15.90,17.10,39062135,668560576.00
2026/02/25,17.10,17.18,16.66,16.77,64032687,1099919872.00
2026/02/26,16.75,17.02,16.42,16.60,32574378,551287808.00
2026/02/27,16.60,16.77,16.36,16.59,27281606,459247136.00
2026/03/02,18.28,18.28,17.75,18.28,149529978,2760466176.00
2026/03/03,19.18,20.14,18.92,20.14,115918077,2301638400.00
2026/03/04,20.72,21.57,18.10,20.40,169937792,3467720192.00
2026/03/05,19.55,21.24,18.42,19.52,123605841,2404909824.00
2026/03/06,18.60,18.82,18.04,18.46,71114003,1327560704.00
2026/03/09,20.27,20.27,18.65,18.93,108398232,2160750848.00
2026/03/10,17.71,17.94,17.22,17.61,64930357,1160056192.00
2026/03/11,17.32,17.92,17.28,17.85,54560880,975234048.00
2026/03/12,18.18,18.30,17.72,17.75,52543845,959204928.00
2026/03/13,18.04,18.12,17.35,17.41,34909594,626459968.00
2026/03/16,17.71,18.21,17.48,17.54,39803501,719360448.00
2026/03/17,17.29,17.64,17.05,17.49,38243416,672302912.00
2026/03/18,17.18,17.18,16.55,16.82,33602386,572213760.00
2026/03/19,17.35,17.52,16.83,17.11,44668352,779187392.00
2026/03/20,16.52,16.71,16.32,16.53,33418475,560285632.00
2026/03/23,16.60,16.60,15.92,16.05,33974425,561667520.00
2026/03/24,15.81,16.11,15.70,16.08,30198584,488919936.00
2026/03/25,15.70,16.21,15.59,16.14,28937579,469429152.00
2026/03/26,16.14,16.43,16.01,16.42,32081369,530522176.00
2026/03/27,16.42,16.42,15.92,16.26,29447688,483941504.00
2026/03/30,16.55,16.70,15.87,15.91,29790636,489179904.00
2026/03/31,15.84,16.08,15.48,15.51,24258347,388308000.00
2026/04/01,15.43,15.60,15.22,15.25,33422567,524451744.00
2026/04/02,15.31,15.89,15.26,15.87,42598052,681182784.00
2026/04/03,15.86,15.86,15.35,15.57,25070047,396750592.00
2026/04/07,15.39,15.88,15.20,15.84,22694918,361519296.00
2026/04/08,15.02,15.41,14.96,15.34,38403970,595296448.00
2026/04/09,15.48,15.57,15.25,15.43,27919520,438012288.00
2026/04/10,15.30,15.67,15.26,15.57,22839437,360668320.00
2026/04/13,15.92,15.95,15.40,15.74,30758338,489549280.00
2026/04/14,15.48,15.54,15.31,15.42,22653234,355066048.00
2026/04/15,15.17,15.20,14.89,15.03,28174422,430698880.00
2026/04/16,14.90,15.06,14.83,15.06,17445014,265308080.00
2026/04/17,14.98,15.07,14.83,14.97,16269395,247226192.00
2026/04/20,15.00,15.00,14.75,14.94,18749007,284054720.00
2026/04/21,14.89,14.97,14.80,14.88,15233259,230612000.00
2026/04/22,14.87,14.90,14.60,14.65,21349169,319693664.00
2026/04/23,14.54,15.05,14.53,14.96,39701811,600799360.00
2026/04/24,14.96,15.07,14.62,14.69,23081234,348229952.00
2026/04/27,14.66,14.82,14.57,14.68,18125847,271537824.00
2026/04/28,14.64,14.84,14.53,14.81,21137051,316695104.00
2026/04/29,14.89,14.95,14.67,14.87,24863919,375584128.00
2026/04/30,14.97,14.99,14.74,14.82,18716690,283055232.00
2026/05/06,14.67,14.67,14.27,14.58,26387066,388774080.00
2026/05/07,14.39,14.44,14.07,14.15,28248956,408565728.00
2026/05/08,14.25,14.27,14.10,14.14,18338771,264761840.00
2026/05/11,14.20,14.26,14.07,14.14,19880191,286794752.00
2026/05/12,14.16,14.24,14.00,14.03,15128227,217232496.00
2026/05/13,14.03,14.09,13.88,13.99,19828677,282823072.00
2026/05/14,13.96,13.98,13.84,13.84,15433676,218832192.00
2026/05/15,13.86,13.97,13.79,13.82,17662094,249993648.00
2026/05/18,14.01,14.11,13.78,13.94,27277579,387666880.00
2026/05/19,13.88,14.01,13.78,14.00,22345032,317629472.00
2026/05/20,13.97,14.10,13.85,13.90,17426990,247956560.00
2026/05/21,13.70,13.73,13.38,13.40,24384252,337745248.00
2026/05/22,13.38,13.46,13.25,13.43,16716553,228221920.00
2026/05/25,13.26,13.34,13.12,13.23,15604409,210865728.00
2026/05/26,13.28,13.28,13.05,13.14,14373649,192646576.00
2026/05/27,13.10,13.13,12.81,12.89,15749529,207947424.00
2026/05/28,12.91,13.02,12.74,12.77,13198230,173065408.00
2026/05/29,12.75,12.84,12.67,12.75,15713225,204941984.00
2026/06/01,12.76,12.86,12.73,12.81,22254474,290965120.00
2026/06/02,12.88,12.98,12.68,12.79,20656049,270403808.00
2026/06/03,12.79,12.85,12.54,12.82,20353645,264351968.00
2026/06/04,12.69,12.82,12.43,12.67,19715961,253997088.00
2026/06/05,12.60,12.87,12.60,12.67,17169063,223547200.00
2026/06/08,12.56,12.85,12.44,12.53,19790050,254754752.00
2026/06/09,12.45,12.48,12.14,12.27,17998242,225279392.00
2026/06/10,12.27,12.30,11.98,12.08,16154869,200266080.00
2026/06/11,12.22,12.37,12.15,12.24,16530110,202301248.00
2026/06/12,12.00,12.51,12.00,12.51,34038388,419314080.00
2026/06/15,12.34,12.47,12.17,12.39,21527992,265790864.00
2026/06/16,12.37,12.38,12.01,12.07,15751173,190613360.00
2026/06/17,12.00,12.04,11.90,12.00,14490003,173239232.00
2026/06/18,11.95,11.98,11.81,11.87,12148246,144334272.00
2026/06/22,11.85,11.94,11.63,11.92,23620148,278504512.00
2026/06/23,11.86,12.03,11.53,11.60,21453112,252848384.00
2026/06/24,11.60,11.62,11.22,11.27,21116032,239819472.00
2026/06/25,11.21,11.25,10.95,11.09,18358964,203385328.00
2026/06/26,11.15,11.18,10.77,10.79,15086637,164007360.00
2026/06/29,10.79,10.98,10.53,10.91,16371041,176893840.00
2026/06/30,10.86,10.92,10.68,10.81,11705700,126083712.00
2026/07/01,10.79,10.98,10.69,10.84,15838705,171767808.00
2026/07/02,10.73,11.02,10.70,10.94,20703628,225424544.00
2026/07/03,10.98,11.25,10.96,11.20,17228901,192110240.00
2026/07/06,11.21,11.39,11.08,11.36,16734561,188886768.00
2026/07/07,11.35,11.35,11.00,11.05,15275697,169438448.00
2026/07/08,11.24,11.65,11.15,11.63,39871058,458343072.00
2026/07/09,11.88,11.88,11.27,11.28,36733148,423796640.00
2026/07/10,11.00,11.30,10.83,11.29,28039945,311904160.00
2026/07/13,11.46,11.54,11.27,11.38,20972496,238443664.00
2026/07/14,11.58,11.90,11.50,11.70,43038309,503532768.00
2026/07/15,11.50,11.72,11.40,11.57,27997888,324204320.00
2026/07/16,11.55,11.75,11.37,11.68,24008896,277877472.00
2026/07/17,11.67,11.94,11.48,11.57,21479481,250880272.00
2026/07/20,11.81,12.27,11.76,12.27,50792150,615449600.00
2026/07/21,12.08,12.26,11.88,12.01,38976912,469000448.00
2026/07/22,12.10,12.39,12.01,12.38,34120534,417303168.00
2026/07/23,12.39,12.61,12.29,12.55,30198326,377227296.00
2026/07/24,12.73,12.95,12.15,12.17,35530508,443266336.00
2026/07/27,11.79,12.30,11.66,12.15,34952197,418977984.00
2026/07/28,12.00,12.05,11.81,12.02,18534878,221117056.00
2026/07/29,12.07,12.34,12.05,12.32,19543548,239336944.00
2026/07/30,12.51,12.75,12.46,12.69,32723821,413715968.00
2026/07/31,12.32,12.68,12.32,12.63,20485031,257196192.00
2026/08/03,12.47,12.70,12.42,12.67,17220774,216587872.00
2026/08/04,12.60,12.64,12.38,12.42,18045642,224881104.00
2026/08/05,12.26,12.30,12.10,12.16,16085079,195827584.00
2026/08/06,12.12,12.27,12.10,12.23,13089862,159634976.00
2026/08/07,12.32,12.37,12.02,12.08,15733199,190738112.00
2026/08/10,12.07,12.26,12.01,12.12,15153700,183957296.00
2026/08/11,12.25,12.36,12.12,12.15,21535475,262937040.00
2026/08/12,12.14,12.14,11.92,12.02,18993465,227993248.00
2026/08/13,11.94,11.97,11.80,11.89,17509070,208021744.00
2026/08/14,11.84,11.91,11.72,11.90,10383025,122837984.00
2026/08/17,11.90,12.05,11.80,12.05,10889910,130466632.00
2026/08/18,12.15,12.33,12.13,12.29,20772387,254602784.00
2026/08/19,12.30,12.54,12.24,12.29,29543785,366002528.00
2026/08/20,12.23,12.50,12.18,12.31,18779668,231522352.00
2026/08/21,12.40,12.59,12.28,12.46,19191100,239377696.00
2026/08/24,12.31,12.42,12.25,12.39,11827137,146082720.00
2026/08/25,12.38,12.54,12.33,12.43,14102391,175549424.00
2026/08/26,12.26,12.37,12.13,12.34,15469064,189627648.00
2026/08/27,12.30,12.60,12.20,12.58,19127615,238163184.00
2026/08/28,12.55,12.97,12.55,12.85,26827798,343220896.00
2026/08/31,13.00,13.07,12.66,12.89,18414878,236786592.00
2026/09/01,12.88,13.05,12.83,12.91,11802660,152721616.00
2026/09/02,13.20,13.26,12.65,12.68,19866369,255029984.00
2026/09/03,12.56,12.77,12.51,12.53,12508142,157815856.00
2026/09/04,12.53,12.66,12.47,12.50,10839570,136152416.00
2026/09/07,12.51,12.58,12.34,12.44,10560355,131452472.00
2026/09/08,12.41,12.86,12.40,12.85,15671572,198457328.00
2026/09/09,12.87,13.00,12.76,12.88,13863007,178538240.00
2026/09/10,13.05,13.07,12.72,12.72,13369447,171875088.00
2026/09/11,12.97,12.99,12.46,12.46,19199950,243427488.00
2026/09/14,12.73,12.76,12.35,12.37,14031520,175640672.00
#数据来源:通达信
