688195 腾景科技 日线 前复权
      日期	    开盘	    最高	    最低	    收盘	    成交量	    成交额
2021/08/02,14.18,14.85,14.07,14.49,2348369,49428044.00
2021/08/03,14.41,15.13,14.30,14.71,2190817,47072680.00
2021/08/04,14.69,14.84,14.49,14.81,1204709,25576812.00
2021/08/05,14.69,15.13,14.49,14.80,1486464,32045564.00
2021/08/06,14.71,15.21,14.59,15.09,2136914,46022936.00
2021/08/09,15.12,15.21,14.58,14.75,1340462,28552084.00
2021/08/10,14.74,14.93,14.60,14.75,963519,20594154.00
2021/08/11,14.84,15.43,14.64,15.32,2058121,45049312.00
2021/08/12,15.14,15.57,15.04,15.33,1617367,35835296.00
2021/08/13,15.57,15.81,15.07,15.30,1839211,40836816.00
2021/08/16,15.31,18.13,15.31,16.56,7122425,169930176.00
2021/08/17,15.93,16.28,14.93,15.01,4245067,96096456.00
2021/08/18,15.21,16.08,15.11,15.42,2684258,59918624.00
2021/08/19,15.69,15.69,14.41,14.54,3027447,64604916.00
2021/08/20,14.39,15.43,13.86,14.71,2538528,54080220.00
2021/08/23,14.85,16.83,14.85,16.06,4772153,111369992.00
2021/08/24,16.79,16.79,15.54,16.01,2855183,65295208.00
2021/08/25,15.95,15.99,15.49,15.63,1453230,32897718.00
2021/08/26,15.64,15.84,14.99,15.04,1871153,40956352.00
2021/08/27,14.84,15.06,14.34,14.44,2026424,42648372.00
2021/08/30,14.67,14.98,14.42,14.64,1498687,31877128.00
2021/08/31,14.90,14.90,14.33,14.63,1700753,35888880.00
2021/09/01,14.57,14.82,14.02,14.58,1665784,34715064.00
2021/09/02,14.53,15.44,14.53,15.34,2072135,45314532.00
2021/09/03,15.57,15.77,15.01,15.24,1566689,34803824.00
2021/09/06,15.26,16.40,15.26,16.28,2666546,61828984.00
2021/09/07,16.09,16.60,16.04,16.25,1891776,44515336.00
2021/09/08,16.11,16.79,16.09,16.52,1699334,40345720.00
2021/09/09,16.33,16.43,15.94,16.16,1388600,32400036.00
2021/09/10,16.29,16.41,15.99,16.20,1110805,26008954.00
2021/09/13,16.14,16.26,15.51,15.76,1311025,29883008.00
2021/09/14,15.60,15.92,15.27,15.37,972071,21891164.00
2021/09/15,15.27,15.67,15.09,15.61,828434,18424030.00
2021/09/16,15.79,15.90,15.06,15.06,1042152,23234084.00
2021/09/17,14.91,15.44,14.91,15.01,842560,18467708.00
2021/09/22,15.01,15.21,14.51,14.65,1413608,30278304.00
2021/09/23,14.67,15.11,14.63,14.64,897419,19188164.00
2021/09/24,14.65,15.20,14.04,14.08,1551069,32676000.00
2021/09/27,14.08,14.18,13.26,13.39,1588630,31361304.00
2021/09/28,13.79,13.79,13.00,13.61,1036991,20113686.00
2021/09/29,13.29,13.52,13.18,13.21,916387,17748732.00
2021/09/30,13.41,13.49,13.20,13.39,690132,13374741.00
2021/10/08,13.41,13.70,13.39,13.44,632959,12383720.00
2021/10/11,13.40,13.66,13.40,13.50,469442,9214824.00
2021/10/12,13.50,13.50,12.88,13.07,1056633,20158416.00
2021/10/13,13.18,13.18,12.94,13.11,511168,9708523.00
2021/10/14,13.11,13.25,12.94,13.21,464004,8847970.00
2021/10/15,13.21,13.21,12.96,13.01,586318,11140913.00
2021/10/18,13.13,13.13,12.99,13.08,583480,11054682.00
2021/10/19,13.11,13.11,12.87,13.04,561052,10597413.00
2021/10/20,13.07,13.11,12.72,12.89,1069083,20066976.00
2021/10/21,12.93,13.04,12.79,12.81,548504,10272825.00
2021/10/22,12.99,13.00,12.46,12.50,718574,13251118.00
2021/10/25,12.51,12.76,12.36,12.74,649733,11853227.00
2021/10/26,12.77,13.32,12.67,12.97,904656,17168556.00
2021/10/27,13.11,13.14,12.73,12.93,495680,9304576.00
2021/10/28,12.73,13.00,12.40,12.52,639837,11788021.00
2021/10/29,12.50,12.90,12.38,12.90,619340,11431233.00
2021/11/01,12.72,13.69,12.72,13.61,1644543,31925916.00
2021/11/02,13.54,13.71,13.32,13.59,1154985,22601340.00
2021/11/03,13.77,13.89,13.44,13.87,717993,14246245.00
2021/11/04,13.79,14.01,13.71,13.89,621037,12483867.00
2021/11/05,13.86,15.00,13.80,14.59,2012367,42140040.00
2021/11/08,14.64,14.64,14.14,14.48,1054103,21990236.00
2021/11/09,14.50,14.77,14.14,14.22,1526953,31827810.00
2021/11/10,14.21,16.71,14.21,16.25,5181687,116779368.00
2021/11/11,15.69,17.71,15.69,16.97,5026864,122807976.00
2021/11/12,17.27,17.79,16.79,17.52,3948545,98735016.00
2021/11/15,18.02,19.45,17.89,18.26,4552648,120629400.00
2021/11/16,18.89,21.88,18.79,20.16,6565847,191103872.00
2021/11/17,20.14,24.30,19.59,24.30,9539280,313691104.00
2021/11/18,23.07,23.79,21.48,22.41,8599151,272973152.00
2021/11/19,22.26,23.76,21.58,23.73,7523777,242692496.00
2021/11/22,23.79,27.06,23.14,26.46,8494134,309006336.00
2021/11/23,26.84,29.80,26.32,29.51,6380716,253632128.00
2021/11/24,29.43,29.43,27.77,28.21,4090706,164644656.00
2021/11/25,28.29,29.39,27.51,28.07,4235638,169528368.00
2021/11/26,27.44,27.99,25.64,25.78,6718701,252207040.00
2021/11/29,25.72,27.84,25.69,26.96,3845686,146814512.00
2021/11/30,26.96,27.92,26.31,27.14,3879454,149762544.00
2021/12/01,26.30,26.99,25.21,25.99,3350534,123891504.00
2021/12/02,25.46,26.14,24.56,25.20,2976317,106668120.00
2021/12/03,25.57,25.57,24.43,24.79,2801924,99590240.00
2021/12/06,24.86,25.46,24.07,24.28,2141902,75034224.00
2021/12/07,24.43,24.98,22.09,22.52,3951233,129505304.00
2021/12/08,22.50,23.07,22.29,22.57,2848060,92319944.00
2021/12/09,22.72,23.25,22.07,22.44,2015276,64671064.00
2021/12/10,22.81,22.81,21.49,22.02,1749217,55276116.00
2021/12/13,22.45,22.86,21.38,22.42,2740762,87330360.00
2021/12/14,22.50,23.64,21.90,22.66,3694044,120127472.00
2021/12/15,22.90,24.40,22.58,23.41,4530817,152155520.00
2021/12/16,23.79,24.14,21.44,21.45,4394846,139050160.00
2021/12/17,21.41,21.44,20.40,21.04,3225461,96378008.00
2021/12/20,20.68,21.20,20.23,20.26,2359814,69667792.00
2021/12/21,20.36,21.91,20.36,21.69,3063349,94057616.00
2021/12/22,21.64,23.07,21.64,21.80,2713698,86370688.00
2021/12/23,22.78,24.36,20.91,22.94,4755068,154445536.00
2021/12/24,23.32,24.34,22.15,22.18,3580644,118900752.00
2021/12/27,23.31,23.43,20.34,20.59,2930603,88793488.00
2021/12/28,20.61,21.50,20.21,21.29,2337741,70650192.00
2021/12/29,21.08,21.46,19.94,20.66,2295766,67414184.00
2021/12/30,20.59,24.89,20.44,24.07,6196211,208424272.00
2021/12/31,23.66,24.34,22.40,22.70,3837241,127536952.00
2022/01/04,23.06,23.07,21.48,21.89,3260957,103139776.00
2022/01/05,21.44,21.81,20.59,21.19,2823147,85424376.00
2022/01/06,20.91,22.19,20.91,21.93,2296675,71398024.00
2022/01/07,21.88,22.18,20.57,20.86,2041307,61638860.00
2022/01/10,20.92,21.49,20.34,20.92,1528546,45970520.00
2022/01/11,20.91,21.05,20.22,20.57,1293169,38066348.00
2022/01/12,20.84,21.55,20.60,21.34,1950643,58815840.00
2022/01/13,21.29,22.32,20.73,22.01,2931043,91176840.00
2022/01/14,21.56,24.06,21.50,23.46,4918467,162333504.00
2022/01/17,23.70,27.76,23.50,25.69,5627529,209063840.00
2022/01/18,26.07,26.07,24.38,24.74,3338841,119640384.00
2022/01/19,24.21,25.53,23.21,23.71,3571070,123056560.00
2022/01/20,23.22,23.69,21.73,22.25,3515533,112710224.00
2022/01/21,21.81,22.24,20.66,20.86,2844373,86686656.00
2022/01/24,20.93,21.86,20.49,21.09,1952812,59157672.00
2022/01/25,20.91,21.62,20.35,20.86,2578393,77533648.00
2022/01/26,20.92,21.41,20.39,21.09,1909856,57403708.00
2022/01/27,20.74,21.21,19.14,19.49,2702957,77054752.00
2022/01/28,19.85,21.06,19.84,20.24,2429626,71598448.00
2022/02/07,21.06,21.13,18.91,19.11,1844334,51753960.00
2022/02/08,18.92,19.41,18.48,18.63,2057008,55668688.00
2022/02/09,18.79,18.91,17.79,18.73,1999640,53091120.00
2022/02/10,18.57,18.71,17.79,18.21,1894988,49493184.00
2022/02/11,18.07,18.20,16.96,17.00,2094832,52320392.00
2022/02/14,16.93,17.44,16.59,16.83,1298806,31765112.00
2022/02/15,16.74,17.43,16.59,17.34,2316679,56818612.00
2022/02/16,17.32,17.84,17.15,17.53,1353803,34096568.00
2022/02/17,17.49,18.03,17.24,17.54,1428263,36058708.00
2022/02/18,17.37,17.45,16.95,17.18,1207377,29905762.00
2022/02/21,17.21,17.36,16.95,17.31,740192,18284146.00
2022/02/22,16.86,17.14,16.42,16.76,1262924,30310728.00
2022/02/23,16.83,17.79,16.64,17.56,2120336,53315400.00
2022/02/24,17.71,17.71,16.24,16.69,2433738,59223824.00
2022/02/25,16.71,17.13,16.31,16.37,2013046,48402324.00
2022/02/28,16.32,16.64,15.89,16.27,1811271,42301104.00
2022/03/01,16.29,16.47,15.89,16.06,1459891,33933984.00
2022/03/02,16.00,16.00,15.56,15.81,1308541,29874394.00
2022/03/03,15.88,15.97,15.24,15.32,2168713,48345528.00
2022/03/04,15.39,15.54,15.07,15.11,1351908,29817744.00
2022/03/07,15.11,15.13,14.71,14.90,1213353,26128944.00
2022/03/08,14.92,15.06,14.41,14.47,1353580,28731444.00
2022/03/09,14.61,14.76,13.89,14.25,1007907,20989436.00
2022/03/10,14.50,14.90,14.36,14.44,1235360,26254204.00
2022/03/11,14.14,14.86,13.87,14.57,1278330,26406396.00
2022/03/14,14.57,14.57,13.75,13.79,2112641,42805600.00
2022/03/15,13.72,13.84,13.02,13.17,1766796,34442672.00
2022/03/16,13.29,14.14,12.83,13.96,2056004,40146244.00
2022/03/17,14.53,14.96,14.06,14.16,2480792,52234368.00
2022/03/18,14.01,14.21,13.79,13.98,1297101,26260800.00
2022/03/21,14.02,15.03,13.81,14.74,2378486,50409876.00
2022/03/22,14.50,14.80,14.30,14.49,1216965,25611664.00
2022/03/23,14.51,15.37,14.41,14.80,1672162,36212264.00
2022/03/24,14.79,15.30,14.50,14.85,1876416,40549376.00
2022/03/25,14.93,14.99,14.24,14.38,1490853,31572044.00
2022/03/28,14.56,15.29,14.14,14.89,2134738,46040996.00
2022/03/29,14.93,15.79,14.83,15.19,2647045,58777168.00
2022/03/30,15.16,15.78,14.98,15.49,1982392,44276464.00
2022/03/31,15.42,16.54,15.15,15.98,2744766,63134504.00
2022/04/01,15.80,16.84,15.79,16.76,3529527,84114416.00
2022/04/06,16.81,17.18,16.16,16.62,2949851,70850856.00
2022/04/07,16.44,16.44,15.12,15.35,3581758,80593696.00
2022/04/08,15.36,15.41,14.82,14.88,2120426,46226792.00
2022/04/11,15.01,15.01,13.64,13.76,2519632,51068224.00
2022/04/12,13.90,13.96,13.24,13.79,1972262,38752636.00
2022/04/13,13.74,13.76,13.27,13.31,996732,19438480.00
2022/04/14,13.31,13.74,13.31,13.63,948813,18676228.00
2022/04/15,13.47,13.50,13.04,13.14,1095654,21094876.00
2022/04/18,13.28,14.21,13.00,14.05,1488019,29724400.00
2022/04/19,13.96,14.08,13.46,13.60,1344963,26750724.00
2022/04/20,13.55,13.82,13.19,13.32,1254216,24625228.00
2022/04/21,13.29,13.44,12.57,12.57,1496992,28181348.00
2022/04/22,12.31,12.55,11.65,11.73,2352785,41069784.00
2022/04/25,11.74,11.74,10.62,10.64,2217423,36290812.00
2022/04/26,10.78,11.15,10.57,10.59,1256122,19941688.00
2022/04/27,10.59,11.00,9.87,10.97,1931766,29358764.00
2022/04/28,10.71,10.91,10.28,10.41,1280896,19844660.00
2022/04/29,10.51,11.48,10.51,11.18,1692489,27554568.00
2022/05/05,11.01,12.10,10.92,11.77,1832638,31190900.00
2022/05/06,11.43,11.88,11.29,11.69,1194047,20275076.00
2022/05/09,11.70,12.21,11.61,12.14,1225316,21348940.00
2022/05/10,11.79,12.43,11.79,12.33,1019388,18127536.00
2022/05/11,12.09,13.04,12.08,12.44,1777953,32848510.00
2022/05/12,12.55,12.56,12.11,12.55,1198763,21658136.00
2022/05/13,12.56,12.67,12.36,12.61,774126,14098044.00
2022/05/16,12.64,13.05,12.43,12.46,822473,15163450.00
2022/05/17,12.45,12.98,12.24,12.86,1156646,21397286.00
2022/05/18,12.85,13.11,12.70,12.70,867425,16229763.00
2022/05/19,12.46,13.07,12.28,12.97,1323246,24648868.00
2022/05/20,12.97,13.18,12.76,13.12,810870,15296167.00
2022/05/23,13.21,13.29,12.97,13.23,622428,11889605.00
2022/05/24,13.23,13.89,12.64,12.64,1456535,28049166.00
2022/05/25,12.52,12.84,12.37,12.69,634912,11636829.00
2022/05/26,12.59,12.74,12.20,12.54,785310,14278363.00
2022/05/27,12.54,12.79,12.38,12.50,609742,11113479.00
2022/05/30,12.50,13.45,12.29,13.45,1276538,23789712.00
2022/05/31,13.44,15.56,13.24,15.01,3888070,81982584.00
2022/06/01,15.23,15.30,14.45,14.58,2342264,49623708.00
2022/06/02,14.48,16.67,14.32,16.24,5465040,122138224.00
2022/06/06,16.73,17.84,16.50,17.22,6288777,154646912.00
2022/06/07,16.52,17.04,16.20,16.91,3611358,85855768.00
2022/06/08,16.73,17.59,16.02,16.27,3650687,87464128.00
2022/06/09,16.09,16.52,15.52,15.75,2647632,60284924.00
2022/06/10,15.84,16.43,15.39,16.02,2832852,65056628.00
2022/06/13,15.95,16.23,15.44,15.75,2486799,56549332.00
2022/06/14,15.75,15.75,14.50,15.10,2541411,54927728.00
2022/06/15,15.38,15.73,14.97,15.31,1961637,43386212.00
2022/06/16,15.16,16.52,15.11,16.00,3044565,69897816.00
2022/06/17,16.03,17.02,15.88,16.67,2854459,67716264.00
2022/06/20,16.76,17.05,16.14,16.29,2381903,56378924.00
2022/06/21,16.45,16.45,15.52,15.83,1825766,41425636.00
2022/06/22,15.88,16.66,15.71,15.75,1961779,45462120.00
2022/06/23,15.43,18.65,15.43,18.35,5576999,139643392.00
2022/06/24,18.18,18.71,17.58,17.75,4485784,116393792.00
2022/06/27,18.21,19.34,18.03,18.88,4318626,116159336.00
2022/06/28,18.91,19.06,18.30,18.84,2624675,70065192.00
2022/06/29,18.38,18.80,17.80,18.02,3323847,86930440.00
2022/06/30,18.13,19.95,18.12,19.39,3075685,83675016.00
2022/07/01,19.91,19.91,18.42,18.60,2000182,54100144.00
2022/07/04,18.73,18.73,17.83,18.11,2004397,52367232.00
2022/07/05,18.11,18.54,17.52,17.80,1808999,46310544.00
2022/07/06,17.65,19.10,17.57,18.61,3036978,80141920.00
2022/07/07,18.88,20.18,18.38,19.20,3037734,84028528.00
2022/07/08,19.58,20.30,18.51,18.52,3027128,82898400.00
2022/07/11,18.68,18.88,18.01,18.20,1680754,44104224.00
2022/07/12,18.22,18.57,17.23,17.45,1931013,49002388.00
2022/07/13,17.71,17.93,17.09,17.75,1419804,35631912.00
2022/07/14,17.38,18.51,17.30,18.18,1563759,40075036.00
2022/07/15,18.42,18.79,17.88,18.26,1959945,51455424.00
2022/07/18,18.51,19.45,18.35,19.38,2329090,63115572.00
2022/07/19,18.98,19.58,18.59,18.84,1663108,45329672.00
2022/07/20,18.88,19.41,18.45,18.73,1259567,33778500.00
2022/07/21,18.54,19.81,18.54,19.13,2122623,58755592.00
2022/07/22,19.13,20.79,18.23,20.39,3554627,98826992.00
2022/07/25,20.38,20.73,19.59,20.40,3387490,97522608.00
2022/07/26,20.23,20.29,19.31,20.16,2937117,83182616.00
2022/07/27,20.00,21.09,19.59,20.09,3996653,115953864.00
2022/07/28,19.90,21.13,19.90,20.80,4184619,122927736.00
2022/07/29,20.73,21.54,20.33,20.93,2903473,86729152.00
2022/08/01,20.80,22.09,19.95,21.85,3773460,114098544.00
2022/08/02,21.48,22.29,20.88,21.00,4186952,129096360.00
2022/08/03,21.34,23.30,21.02,21.23,5446421,171940528.00
2022/08/04,21.58,22.75,20.88,21.31,4794777,147588816.00
2022/08/05,20.84,22.22,20.84,21.59,3454061,106368136.00
2022/08/08,21.91,21.91,19.95,21.03,3664484,109011568.00
2022/08/09,21.25,21.45,20.39,21.16,2500731,74693408.00
2022/08/10,21.49,23.36,21.08,23.11,4475557,143152912.00
2022/08/11,23.15,24.34,22.66,23.25,3817531,128373728.00
2022/08/12,22.95,24.47,22.95,23.28,3509979,118878928.00
2022/08/15,23.16,23.89,22.73,23.75,2541630,84345216.00
2022/08/16,23.88,24.20,22.83,23.05,2476288,82492720.00
2022/08/17,23.09,23.27,22.33,23.08,2410018,78545920.00
2022/08/18,22.82,26.32,22.66,25.73,4947513,175192688.00
2022/08/19,26.01,27.09,24.67,24.71,3971786,145641920.00
2022/08/22,25.30,25.30,23.89,24.59,2481689,86248208.00
2022/08/23,24.38,25.29,24.18,24.32,2018664,70696928.00
2022/08/24,24.29,26.30,24.05,24.48,5981755,212983536.00
2022/08/25,24.68,24.77,22.17,23.38,5251629,174852272.00
2022/08/26,23.38,24.02,22.47,22.47,1964164,64888664.00
2022/08/29,21.74,23.33,21.74,22.67,1830715,59512000.00
2022/08/30,23.40,23.40,21.01,21.16,2684745,83564848.00
2022/08/31,21.45,21.45,19.95,20.25,3575245,104568736.00
2022/09/01,20.21,20.38,19.41,19.41,3394385,95564672.00
2022/09/02,19.49,21.14,19.30,20.54,3676212,106982944.00
2022/09/05,21.02,21.25,20.23,20.68,2010234,59419544.00
2022/09/06,21.21,21.99,20.40,21.64,2633144,79771264.00
2022/09/07,21.64,23.55,20.88,23.32,3891718,126698072.00
2022/09/08,23.78,23.78,22.41,22.49,2061302,67056376.00
2022/09/09,22.49,23.15,21.75,22.89,1954699,62441676.00
2022/09/13,22.60,23.25,21.73,22.52,1461986,46548400.00
2022/09/14,22.05,22.86,21.94,22.60,1138467,36317808.00
2022/09/15,22.89,22.89,20.30,20.68,2893536,87046736.00
2022/09/16,20.85,21.46,20.40,20.61,1674349,50184624.00
2022/09/19,20.61,21.48,19.70,19.88,1954609,57038956.00
2022/09/20,19.94,20.80,19.79,19.92,1765799,50936520.00
2022/09/21,19.87,20.48,19.34,19.89,1574492,44743292.00
2022/09/22,19.87,20.37,19.55,19.96,1063982,30432352.00
2022/09/23,20.16,20.16,18.43,18.80,2796037,75870328.00
2022/09/26,18.70,19.23,18.52,18.88,1471460,39678728.00
2022/09/27,19.00,19.28,18.55,19.20,1280017,34676120.00
2022/09/28,19.23,19.51,18.02,18.02,1257946,33562368.00
2022/09/29,18.38,18.59,17.93,18.05,1206415,31403216.00
2022/09/30,18.15,18.52,16.98,16.98,1458380,36550888.00
2022/10/10,17.28,17.28,16.02,16.16,1617569,38401396.00
2022/10/11,16.16,16.56,16.01,16.21,1188421,27746348.00
2022/10/12,16.10,17.90,15.81,17.63,1646716,39563768.00
2022/10/13,17.46,18.49,17.20,17.86,1134747,29217768.00
2022/10/14,18.16,19.43,17.78,19.00,1747168,46689496.00
2022/10/17,19.00,19.53,18.47,18.95,1205670,32553350.00
2022/10/18,19.56,19.56,18.80,19.03,1204516,32988328.00
2022/10/19,19.03,19.41,18.51,18.70,1432726,38713972.00
2022/10/20,18.32,19.15,18.16,18.80,1794554,47926776.00
2022/10/21,18.80,18.98,18.13,18.21,1881562,49556344.00
2022/10/24,18.36,19.05,18.18,18.28,1904616,50722972.00
2022/10/25,17.84,18.52,17.51,17.97,1413279,36311532.00
2022/10/26,18.08,19.34,17.81,18.92,2015568,54036552.00
2022/10/27,19.02,19.33,18.48,18.49,1221085,32740064.00
2022/10/28,18.45,18.63,17.30,17.38,1522340,38970976.00
2022/10/31,17.42,18.41,17.42,17.98,1439166,37279196.00
2022/11/01,17.63,18.55,17.63,18.55,1338200,34875592.00
2022/11/02,19.33,20.45,18.78,20.05,3507213,99085736.00
2022/11/03,19.65,20.63,19.65,20.23,1975135,57034644.00
2022/11/04,20.44,20.90,20.03,20.59,1765685,51512272.00
2022/11/07,20.50,21.01,20.06,20.20,1758418,51190432.00
2022/11/08,20.27,20.36,19.45,19.83,1605200,45257280.00
2022/11/09,20.15,20.21,19.38,19.43,1315707,36982044.00
2022/11/10,19.43,19.69,18.64,18.77,1594597,43323436.00
2022/11/11,19.58,19.58,18.63,18.73,1674714,45427480.00
2022/11/14,18.72,18.98,18.26,18.63,1240105,33075602.00
2022/11/15,18.66,19.65,18.45,19.40,2209445,60760424.00
2022/11/16,19.38,19.87,18.95,19.03,1589040,44060408.00
2022/11/17,18.89,18.95,17.96,18.70,1772574,46499764.00
2022/11/18,18.63,18.94,18.16,18.23,1657689,43934396.00
2022/11/21,18.23,18.50,17.88,18.45,937418,24495340.00
2022/11/22,18.05,18.16,17.02,17.17,2361423,59427468.00
2022/11/23,17.17,17.28,16.47,17.00,1234660,29886512.00
2022/11/24,16.61,17.20,16.61,16.83,955237,23200222.00
2022/11/25,17.00,17.23,16.52,16.59,1005058,24251454.00
2022/11/28,16.20,16.52,16.02,16.30,860990,20157668.00
2022/11/29,16.18,16.64,16.13,16.40,803398,18864530.00
2022/11/30,16.44,16.92,16.02,16.55,1063659,25202110.00
2022/12/01,16.95,17.78,16.60,16.78,1534339,37421668.00
2022/12/02,16.88,17.63,16.66,17.43,1731060,42503016.00
2022/12/05,17.43,17.44,15.95,16.24,3700729,87531544.00
2022/12/06,16.14,16.57,16.10,16.23,1447862,33929000.00
2022/12/07,16.28,16.31,15.50,15.85,2370018,53867928.00
2022/12/08,15.85,16.18,15.66,15.68,1770102,40485020.00
2022/12/09,15.68,17.08,15.63,16.60,3054305,72535952.00
2022/12/12,16.68,16.70,16.25,16.43,1390100,32647116.00
2022/12/13,16.58,16.61,16.17,16.39,1179951,27742826.00
2022/12/14,16.44,16.59,16.05,16.14,841100,19671680.00
2022/12/15,16.14,16.37,15.93,16.20,789481,18337346.00
2022/12/16,16.20,16.34,15.93,16.02,588081,13579941.00
2022/12/19,15.90,16.25,15.52,15.74,1297967,29646904.00
2022/12/20,15.66,16.33,15.56,15.90,1023167,23518868.00
2022/12/21,16.14,16.14,15.60,15.70,858057,19384466.00
2022/12/22,15.90,16.13,15.33,15.36,963248,21661612.00
2022/12/23,15.36,15.36,14.74,14.98,872773,18793824.00
2022/12/26,14.98,15.93,14.98,15.85,958508,21449792.00
2022/12/27,16.02,16.27,15.63,16.24,951920,21882008.00
2022/12/28,16.24,16.35,15.70,15.80,615734,14085112.00
2022/12/29,15.66,15.93,15.47,15.47,586200,13229399.00
2022/12/30,15.47,16.05,15.47,15.92,748480,17032604.00
2023/01/03,15.78,16.20,15.36,16.17,1508277,34302396.00
2023/01/04,16.05,16.50,15.70,15.88,828609,18998988.00
2023/01/05,15.74,17.16,15.63,16.78,1947862,46192880.00
2023/01/06,16.63,17.00,16.47,16.63,1564047,37371264.00
2023/01/09,16.61,17.02,16.40,16.57,892724,21360000.00
2023/01/10,16.44,17.13,16.44,16.84,1169809,28375014.00
2023/01/11,16.90,17.34,16.81,16.91,1180979,28887354.00
2023/01/12,16.80,17.42,16.63,16.80,482646,11640366.00
2023/01/13,16.95,17.00,16.53,16.63,835500,19966432.00
2023/01/16,16.63,17.16,16.63,16.98,1009660,24591370.00
2023/01/17,16.98,17.55,16.85,17.40,1941222,48185128.00
2023/01/18,17.44,17.45,17.09,17.30,759561,18831836.00
2023/01/19,17.30,18.02,17.14,17.85,1022814,25837754.00
2023/01/20,17.85,18.00,17.23,17.33,1468290,36630132.00
2023/01/30,17.51,17.88,17.35,17.49,1395563,35104652.00
2023/01/31,17.32,17.71,17.23,17.45,872021,21709196.00
2023/02/01,17.48,18.15,17.48,18.08,1539200,39606260.00
2023/02/02,18.16,18.75,17.92,18.63,2289432,60415536.00
2023/02/03,18.58,19.04,18.18,18.56,1741123,46394040.00
2023/02/06,18.58,18.58,17.95,18.03,1316157,34204380.00
2023/02/07,18.04,19.30,17.97,19.23,2701118,71904680.00
2023/02/08,19.23,19.23,18.45,18.73,2200649,58972296.00
2023/02/09,18.68,20.16,18.50,19.70,3425726,96050920.00
2023/02/10,19.20,19.85,19.05,19.41,2559275,70814024.00
2023/02/13,19.33,19.38,18.95,19.15,1476284,40338084.00
2023/02/14,19.14,19.38,18.81,18.94,1449304,39489616.00
2023/02/15,18.94,19.43,18.94,19.10,1302951,35705384.00
2023/02/16,19.23,19.40,17.84,18.08,2292909,60818008.00
2023/02/17,18.09,18.33,17.88,17.98,1360182,35272516.00
2023/02/20,17.98,18.17,17.63,18.05,876362,22422220.00
2023/02/21,18.30,18.47,17.80,18.00,972005,25247080.00
2023/02/22,18.03,18.23,17.57,17.68,2198274,55812260.00
2023/02/23,17.82,19.08,17.79,18.48,2797117,73878968.00
2023/02/24,18.38,18.39,17.59,17.69,1610072,41283432.00
2023/02/27,17.62,17.85,17.09,17.22,1661496,41415248.00
2023/02/28,17.27,17.73,17.09,17.30,1497247,37290348.00
2023/03/01,17.43,18.41,17.30,18.13,2069225,53065836.00
2023/03/02,18.09,18.16,17.57,17.57,1440552,36651376.00
2023/03/03,17.66,17.80,17.16,17.33,1036355,25802526.00
2023/03/06,17.40,17.75,17.10,17.47,1015707,25355296.00
2023/03/07,17.55,17.62,16.72,16.74,1265325,30837564.00
2023/03/08,16.63,17.35,16.63,17.22,1287909,31509564.00
2023/03/09,17.20,17.82,17.04,17.68,1681313,42404900.00
2023/03/10,17.41,17.68,17.03,17.20,1394380,34468912.00
2023/03/13,17.02,17.30,16.70,16.85,1189489,28728540.00
2023/03/14,16.74,17.02,16.38,16.73,1215000,29031216.00
2023/03/15,16.73,17.25,16.73,16.90,826659,20176234.00
2023/03/16,16.90,16.91,16.30,16.35,1360116,32236730.00
2023/03/17,16.44,19.18,16.30,18.69,7055397,184954128.00
2023/03/20,19.24,21.96,19.24,21.01,10872320,325247712.00
2023/03/21,21.14,21.86,20.38,21.03,7420997,222664672.00
2023/03/22,21.02,21.48,20.23,20.94,4263319,126149408.00
2023/03/23,20.63,21.29,20.33,21.18,5448138,162066016.00
2023/03/24,21.28,21.88,20.73,21.01,6004546,182249536.00
2023/03/27,20.88,21.35,20.45,20.77,4451757,132463848.00
2023/03/28,20.81,21.00,19.82,19.83,4155912,119440224.00
2023/03/29,19.96,21.30,19.67,20.83,4908543,144490608.00
2023/03/30,20.68,21.07,20.09,20.25,2786325,81277032.00
2023/03/31,20.33,20.55,19.95,20.23,1776395,51247004.00
2023/04/03,20.50,21.68,20.25,21.45,5049647,151191680.00
2023/04/04,21.34,23.02,20.90,21.97,8590802,270089792.00
2023/04/06,21.33,23.76,21.08,22.77,8244781,265703808.00
2023/04/07,22.85,23.23,21.88,22.27,4552546,144777200.00
2023/04/10,21.95,23.75,21.57,21.91,6396278,205820352.00
2023/04/11,21.87,22.66,21.00,21.48,4071856,126419264.00
2023/04/12,21.53,22.37,21.22,21.97,3179791,98831992.00
2023/04/13,21.57,21.88,20.93,21.38,2542726,77378896.00
2023/04/14,21.16,22.25,20.30,21.55,3462689,105318856.00
2023/04/17,21.58,22.54,21.23,22.12,3323401,104749984.00
2023/04/18,22.08,22.08,20.42,21.70,3237555,97605176.00
2023/04/19,21.70,26.00,21.45,25.19,10307634,357207872.00
2023/04/20,24.94,26.02,24.60,25.79,7083771,256337776.00
2023/04/21,25.30,25.55,23.18,23.37,6553479,223575680.00
2023/04/24,23.38,24.08,22.68,23.77,4541531,151266864.00
2023/04/25,23.76,23.76,21.48,21.75,4050156,129336472.00
2023/04/26,21.80,21.83,20.40,20.58,3127136,92608328.00
2023/04/27,20.90,21.05,20.10,20.27,2435903,71197128.00
2023/04/28,19.55,20.83,19.40,19.96,3209274,91893792.00
2023/05/04,19.69,20.04,18.27,18.45,3115607,83407872.00
2023/05/05,18.47,18.62,17.58,17.63,2534948,64763440.00
2023/05/08,17.57,18.24,17.49,18.16,2714310,69391048.00
2023/05/09,18.25,20.05,17.73,19.33,3703420,101153192.00
2023/05/10,18.83,19.40,18.45,18.90,1603362,42882072.00
2023/05/11,18.78,19.47,18.29,18.54,1327218,35045596.00
2023/05/12,18.75,18.83,18.05,18.05,762260,19836992.00
2023/05/15,18.05,18.88,17.97,18.59,957151,25116166.00
2023/05/16,18.59,18.88,18.12,18.50,1111730,29278138.00
2023/05/17,18.40,18.82,18.33,18.60,1188725,31477920.00
2023/05/18,18.86,21.52,18.55,20.90,5606737,161402816.00
2023/05/19,20.40,20.95,19.56,19.68,3182565,91350040.00
2023/05/22,19.68,20.33,19.38,20.11,2268238,64121416.00
2023/05/23,20.20,20.23,19.23,19.68,1753696,49012200.00
2023/05/24,19.60,20.59,19.39,20.10,2594914,74260200.00
2023/05/25,20.61,21.76,19.95,21.32,4276000,127479120.00
2023/05/26,21.07,22.65,20.76,22.28,4715069,147044896.00
2023/05/29,22.90,24.69,22.90,23.73,6564031,223112688.00
2023/05/30,23.80,24.62,23.02,24.33,5491441,187103792.00
2023/05/31,23.99,24.10,23.26,23.91,3743008,125510240.00
2023/06/01,23.65,25.26,23.65,24.11,5494712,191658896.00
2023/06/02,26.48,26.48,23.46,23.46,6781525,236398448.00
2023/06/05,23.18,24.55,23.05,23.44,4646714,155480032.00
2023/06/06,24.03,24.20,22.19,22.22,4446910,144998960.00
2023/06/07,22.54,23.80,22.19,23.17,3032540,98987464.00
2023/06/08,23.18,23.18,21.98,22.34,2745869,87186816.00
2023/06/09,22.13,24.13,21.88,23.70,4987346,164070544.00
2023/06/12,23.35,24.86,23.35,23.68,4166892,142311232.00
2023/06/13,23.80,24.33,23.11,24.07,3933128,132509480.00
2023/06/14,24.33,26.37,23.61,25.99,12007193,432155232.00
2023/06/15,27.90,29.99,26.55,28.26,14754537,584018752.00
2023/06/16,27.33,33.98,26.73,32.90,17351622,740386944.00
2023/06/19,32.19,37.62,31.91,35.27,17552333,850212672.00
2023/06/20,33.98,34.38,32.19,34.19,12106094,569932608.00
2023/06/21,34.40,34.60,31.20,34.33,11387559,528944320.00
2023/06/26,33.51,37.53,33.31,34.37,11938958,596085952.00
2023/06/27,33.53,36.76,32.26,35.39,10145000,496787648.00
2023/06/28,34.76,37.48,32.62,35.69,10647611,525027744.00
2023/06/29,36.01,37.84,33.71,34.58,9418273,475736032.00
2023/06/30,34.39,40.80,33.98,37.85,13266275,693956736.00
2023/07/03,38.33,38.83,33.26,33.50,14072108,699994752.00
2023/07/04,33.73,35.40,32.62,33.19,8114943,391915168.00
2023/07/05,33.03,33.25,30.90,31.16,10202645,459707936.00
2023/07/06,31.60,33.75,30.88,32.28,8161689,374953216.00
2023/07/07,31.83,32.79,30.50,32.48,7496582,336790368.00
2023/07/10,32.46,32.48,30.33,30.73,6381008,278454080.00
2023/07/11,29.55,30.28,28.62,29.40,8950916,372219712.00
2023/07/12,29.13,30.59,28.98,29.02,6558944,276038336.00
2023/07/13,29.25,31.47,28.80,31.00,7004028,298596992.00
2023/07/14,31.12,32.73,30.63,31.59,7432362,332249056.00
2023/07/17,30.76,31.54,29.96,30.65,5063202,220284992.00
2023/07/18,30.65,31.48,30.14,30.30,3590154,155326800.00
2023/07/19,30.48,30.83,29.24,29.83,3699921,155522592.00
2023/07/20,29.76,30.04,28.26,28.48,4504915,184379920.00
2023/07/21,28.89,28.90,27.40,27.66,3803022,149932288.00
2023/07/24,28.07,28.54,27.53,27.84,2734831,108232360.00
2023/07/25,28.40,28.60,26.96,27.25,3169173,123449960.00
2023/07/26,27.24,27.49,26.05,26.16,3792755,142480112.00
2023/07/27,26.19,27.03,26.05,26.33,2579711,97025904.00
2023/07/28,26.33,26.48,25.19,25.80,2843054,103726016.00
2023/07/31,25.69,26.02,25.02,25.13,2749701,98980128.00
2023/08/01,25.13,25.90,24.63,25.37,2914689,104542280.00
2023/08/02,25.40,26.58,24.69,25.66,3981060,145772288.00
2023/08/03,25.47,26.32,24.83,25.50,2612871,94788368.00
2023/08/04,25.13,26.22,25.13,25.95,2471396,89889568.00
2023/08/07,26.12,28.43,25.67,26.96,7019141,270376032.00
2023/08/08,26.75,28.15,26.43,27.13,4777607,185140176.00
2023/08/09,26.58,26.85,25.88,25.96,3364069,124972528.00
2023/08/10,25.95,26.26,25.40,25.57,2379139,86578928.00
2023/08/11,25.55,25.73,24.71,24.75,1665075,59427132.00
2023/08/14,24.68,25.32,24.41,25.06,2511898,88445672.00
2023/08/15,25.58,26.70,24.53,24.94,3855120,139642304.00
2023/08/16,24.91,25.05,23.98,24.31,2739873,94791984.00
2023/08/17,23.98,25.39,23.90,24.93,2419851,85031984.00
2023/08/18,24.69,25.23,23.68,23.68,2724560,93371344.00
2023/08/21,23.74,24.52,23.63,23.85,1902982,64902740.00
2023/08/22,24.19,24.69,23.53,24.59,2509153,86029216.00
2023/08/23,24.65,24.65,23.13,23.19,2692420,89723256.00
2023/08/24,23.58,24.09,23.19,23.65,1814673,60914200.00
2023/08/25,23.30,23.33,22.09,22.45,2417472,77608552.00
2023/08/28,25.26,25.26,22.72,22.74,3136585,103174248.00
2023/08/29,22.62,24.06,22.46,23.73,2568859,85464176.00
2023/08/30,23.95,25.39,23.95,25.15,3181199,112070112.00
2023/08/31,25.05,27.18,24.55,26.58,5474144,201940144.00
2023/09/01,26.15,26.68,25.41,25.56,4586354,169181136.00
2023/09/04,25.56,25.85,24.98,25.45,3485026,125051056.00
2023/09/05,25.05,26.03,25.01,25.26,3064717,110988560.00
2023/09/06,25.23,29.11,25.03,28.69,11512554,446280704.00
2023/09/07,28.19,28.37,26.60,26.90,8217241,319142816.00
2023/09/08,27.58,31.98,27.58,29.59,13808766,589540608.00
2023/09/11,29.51,30.92,28.31,29.73,13155582,548472064.00
2023/09/12,29.33,31.03,28.40,30.33,11372570,484579136.00
2023/09/13,29.76,30.20,28.46,28.64,9188512,379724096.00
2023/09/14,28.26,28.78,26.05,27.45,8720823,334935232.00
2023/09/15,27.55,28.54,26.96,28.01,7288202,287998624.00
2023/09/18,27.53,27.53,25.48,25.75,7418674,275242656.00
2023/09/19,25.60,25.68,23.83,24.78,6518998,227377056.00
2023/09/20,24.50,25.07,23.98,24.10,3930278,136309664.00
2023/09/21,24.04,25.35,23.88,24.43,3963410,139140256.00
2023/09/22,24.35,26.43,24.28,26.12,6976936,254625904.00
2023/09/25,25.70,26.90,25.55,25.93,6457603,240037120.00
2023/09/26,25.95,26.09,24.80,25.52,5703733,205922864.00
2023/09/27,25.15,25.69,24.50,24.52,4643347,164253072.00
2023/09/28,24.83,26.68,24.80,25.97,7219646,265343632.00
2023/10/09,25.90,26.01,25.04,25.39,3909747,140711280.00
2023/10/10,25.58,26.02,24.95,25.28,3865404,139637744.00
2023/10/11,25.40,26.68,25.18,26.00,5133833,189472480.00
2023/10/12,26.18,26.40,24.33,24.54,5117628,180281088.00
2023/10/13,24.55,25.55,24.32,25.07,4038174,143142176.00
2023/10/16,25.40,25.73,23.76,24.04,3611090,125972408.00
2023/10/17,23.78,24.09,22.91,23.45,3533246,117101824.00
2023/10/18,23.62,23.78,22.88,23.06,3037157,100233448.00
2023/10/19,22.73,23.69,22.73,22.93,2673239,88337768.00
2023/10/20,22.75,23.23,21.77,21.86,2672338,84718568.00
2023/10/23,21.48,21.81,20.17,20.42,4278462,126231008.00
2023/10/24,20.52,21.33,19.85,20.98,4635214,137103472.00
2023/10/25,21.16,21.35,20.69,20.90,2728532,81336856.00
2023/10/26,20.77,21.13,20.40,20.77,2845256,83796664.00
2023/10/27,20.68,21.69,20.16,21.27,3955345,117726752.00
2023/10/30,21.10,22.29,20.77,22.15,4972986,152999584.00
2023/10/31,21.91,22.13,21.05,21.43,3898046,118841176.00
2023/11/01,21.40,21.78,20.90,20.97,2688404,80860696.00
2023/11/02,21.01,21.53,20.58,20.58,2524579,75427008.00
2023/11/03,20.70,22.05,20.69,21.78,3742490,115185792.00
2023/11/06,22.22,25.62,22.21,25.19,9975174,340773248.00
2023/11/07,25.11,26.25,24.73,25.75,9203846,331772608.00
2023/11/08,26.00,26.53,25.55,25.86,6847298,252062912.00
2023/11/09,26.08,26.82,25.67,26.30,7989178,297352576.00
2023/11/10,26.45,26.94,25.77,25.85,4351828,161847968.00
2023/11/13,25.95,26.69,25.56,26.18,4875601,180025040.00
2023/11/14,26.10,27.15,25.61,26.56,5601104,210808992.00
2023/11/15,26.56,26.77,24.62,25.03,7871096,281850848.00
2023/11/16,25.10,25.30,24.39,24.45,4541363,159716880.00
2023/11/17,24.55,24.90,24.04,24.88,4669333,162564976.00
2023/11/20,24.93,25.72,24.69,25.28,5990384,214754912.00
2023/11/21,25.33,25.62,24.35,24.50,5231574,185149664.00
2023/11/22,24.36,24.65,23.25,23.34,4110012,138758688.00
2023/11/23,23.54,24.86,22.78,24.49,4901377,166209456.00
2023/11/24,24.54,24.65,23.23,23.40,4107210,138172336.00
2023/11/27,23.54,25.16,23.54,24.55,6730693,232992256.00
2023/11/28,24.55,24.68,23.83,24.17,5419288,185324416.00
2023/11/29,24.05,25.30,23.88,24.25,6260421,219300112.00
2023/11/30,24.10,24.25,23.12,23.43,5488743,183043392.00
2023/12/01,23.60,23.89,22.98,23.71,5778592,191977328.00
2023/12/04,23.76,23.76,23.05,23.18,4118206,136179104.00
2023/12/05,23.16,23.18,21.98,22.08,4334023,138117360.00
2023/12/06,22.07,22.63,21.91,21.98,3030488,95378472.00
2023/12/07,22.03,24.60,22.03,23.65,11277424,375315392.00
2023/12/08,24.72,28.45,24.72,28.45,16123441,610039488.00
2023/12/11,28.84,30.39,27.55,29.83,21935753,910427904.00
2023/12/12,29.23,29.63,27.56,28.09,17077602,689113536.00
2023/12/13,28.27,28.75,27.33,27.51,10811131,429515264.00
2023/12/14,27.33,27.75,26.11,26.34,10283651,390345632.00
2023/12/15,26.26,26.40,25.34,25.93,6510027,237867984.00
2023/12/18,25.84,26.11,25.13,25.23,5649831,204576672.00
2023/12/19,25.08,25.89,24.70,25.30,5285731,188509936.00
2023/12/20,25.31,25.47,24.22,24.60,5907420,207810688.00
2023/12/21,24.48,25.97,23.86,25.20,7411276,262414384.00
2023/12/22,25.26,25.60,24.08,24.43,6072387,213809344.00
2023/12/25,24.60,25.00,23.74,24.23,3819388,130945624.00
2023/12/26,24.34,24.34,22.93,23.49,3865620,127880648.00
2023/12/27,23.41,23.83,23.20,23.53,3162587,105687208.00
2023/12/28,23.55,24.48,23.19,24.15,4418309,150388992.00
2023/12/29,24.28,25.83,24.05,25.40,6649175,238574336.00
2024/01/02,25.33,25.40,24.38,24.38,5110961,178432512.00
2024/01/03,24.30,24.58,23.05,23.51,5400197,181333568.00
2024/01/04,23.40,24.03,23.15,23.82,3896327,130871328.00
2024/01/05,23.98,23.98,22.21,22.48,5200931,168536032.00
2024/01/08,22.44,22.55,21.43,21.48,3158958,97897152.00
2024/01/09,21.88,22.34,21.60,21.97,3061206,95644208.00
2024/01/10,21.69,22.25,21.13,21.70,2401074,73821040.00
2024/01/11,21.70,22.78,21.62,22.47,3502175,110561464.00
2024/01/12,22.46,22.51,21.55,21.62,2973565,92316864.00
2024/01/15,21.62,22.01,21.25,21.38,2004565,61419264.00
2024/01/16,21.31,21.41,20.20,20.90,5479623,161111808.00
2024/01/17,20.89,20.90,20.05,20.12,2315347,67434464.00
2024/01/18,19.71,21.00,19.71,20.98,4456586,129524536.00
2024/01/19,20.86,21.22,20.19,20.26,3039328,88820512.00
2024/01/22,20.53,21.03,18.98,19.33,4051080,116065104.00
2024/01/23,19.12,20.53,19.05,20.04,3989394,112391888.00
2024/01/24,20.05,20.26,18.48,19.40,4246430,116415944.00
2024/01/25,19.44,20.26,18.84,20.15,4018587,113297600.00
2024/01/26,20.05,20.26,19.42,19.54,2535448,71475944.00
2024/01/29,19.55,19.75,17.96,18.00,4145018,108519016.00
2024/01/30,17.83,18.19,17.10,17.11,3223420,80711416.00
2024/01/31,17.31,17.35,15.91,15.94,3652494,85968976.00
2024/02/01,15.77,16.71,15.55,16.13,4002780,92421760.00
2024/02/02,16.20,16.40,14.21,14.78,5382967,116864752.00
2024/02/05,14.59,14.83,12.27,12.63,5390112,102724040.00
2024/02/06,12.54,13.73,11.35,13.02,8015101,145044448.00
2024/02/07,13.16,13.70,12.38,12.83,6987504,130643704.00
2024/02/08,13.18,14.48,12.44,14.34,8468185,164089424.00
2024/02/19,15.19,16.98,14.48,16.48,9831743,220359440.00
2024/02/20,15.98,16.92,15.59,16.19,8314043,191308560.00
2024/02/21,15.76,16.83,15.64,16.05,6501984,151140032.00
2024/02/22,16.56,16.97,16.19,16.75,5942286,140900896.00
2024/02/23,16.94,17.90,16.75,17.54,6944332,171568448.00
2024/02/26,17.26,18.42,17.09,17.86,6827653,173576032.00
2024/02/27,17.55,19.19,17.48,18.95,7206416,188871280.00
2024/02/28,18.96,19.16,16.40,16.42,9305440,237958048.00
2024/02/29,16.13,18.08,16.13,17.70,7006861,174574400.00
2024/03/01,18.00,19.12,17.69,18.61,7801896,205907648.00
2024/03/04,18.62,19.48,17.91,19.15,9002380,240554784.00
2024/03/05,18.83,19.12,17.90,18.10,8469086,223871888.00
2024/03/06,18.03,18.72,17.70,18.30,5766135,149419600.00
2024/03/07,18.32,18.83,17.83,18.01,5540404,144964448.00
2024/03/08,18.13,18.55,17.89,18.37,4882431,127087600.00
2024/03/11,18.01,18.69,17.78,18.62,5112065,132727336.00
2024/03/12,18.84,19.12,18.55,18.78,5551372,148449312.00
2024/03/13,19.08,19.43,18.77,18.96,6376961,173246800.00
2024/03/14,18.62,19.15,18.15,18.52,5202896,137713760.00
2024/03/15,18.39,19.08,18.07,19.03,5654040,150329680.00
2024/03/18,19.23,19.66,18.90,19.40,5643749,154900368.00
2024/03/19,19.69,20.95,19.20,20.29,9687884,278129632.00
2024/03/20,20.21,20.68,19.49,19.90,7714585,217673408.00
2024/03/21,19.74,19.82,19.27,19.35,6071636,168474320.00
2024/03/22,19.54,19.87,18.95,19.45,6047465,167687280.00
2024/03/25,19.27,19.95,18.88,18.90,5308144,145992816.00
2024/03/26,19.19,19.93,17.90,19.92,7995327,214964320.00
2024/03/27,18.98,19.14,17.78,18.03,9528897,249203136.00
2024/03/28,17.55,18.60,17.47,17.93,5747866,147782912.00
2024/03/29,17.57,18.09,17.39,17.80,4357513,109722880.00
2024/04/01,17.84,19.66,17.84,19.18,7659100,204634128.00
2024/04/02,19.30,20.45,18.78,19.71,10928717,307341696.00
2024/04/03,19.69,19.70,17.69,18.12,8567689,224230032.00
2024/04/08,18.14,18.40,17.40,17.40,4085516,103274048.00
2024/04/09,17.46,17.97,17.16,17.45,3300784,82518176.00
2024/04/10,17.42,17.55,16.40,16.46,3646041,87152048.00
2024/04/11,16.28,17.75,16.28,17.17,4006985,97545880.00
2024/04/12,17.21,18.60,17.21,17.82,4954993,126936256.00
2024/04/15,17.96,18.25,16.40,16.83,4070610,99791464.00
2024/04/16,16.69,16.69,15.12,16.00,3378710,76330928.00
2024/04/17,16.19,18.50,16.19,18.48,6738620,168376064.00
2024/04/18,18.21,18.62,17.40,17.94,7623422,195305440.00
2024/04/19,17.76,18.15,16.76,17.06,5658878,139036352.00
2024/04/22,15.69,16.79,15.68,16.50,3358976,77807072.00
2024/04/23,16.83,17.19,16.54,16.66,2588826,62161852.00
2024/04/24,16.98,18.23,16.85,18.02,6903461,174126064.00
2024/04/25,17.73,18.75,17.40,18.33,6463855,166210624.00
2024/04/26,18.65,20.95,18.55,20.78,12842632,365187968.00
2024/04/29,20.76,22.37,20.40,21.25,12906468,389815584.00
2024/04/30,21.25,21.83,20.61,20.70,7446950,222518304.00
2024/05/06,20.62,20.97,20.05,20.63,6331063,184710416.00
2024/05/07,20.73,21.48,20.32,20.66,4948631,146829184.00
2024/05/08,20.40,20.45,19.69,19.88,4703501,133859280.00
2024/05/09,20.10,20.23,19.71,19.89,3726097,105816336.00
2024/05/10,19.94,20.03,19.03,19.18,3955181,108733840.00
2024/05/13,18.97,19.51,18.63,18.99,4856096,131181448.00
2024/05/14,18.97,19.65,18.85,19.05,4404690,120283224.00
2024/05/15,18.83,19.53,18.56,18.90,3282618,89248152.00
2024/05/16,19.26,19.90,19.04,19.33,5714957,158120112.00
2024/05/17,19.19,20.05,18.81,19.80,5469990,151780352.00
2024/05/20,19.73,20.82,19.27,20.62,6490338,185559280.00
2024/05/21,20.33,20.55,19.83,19.90,3521429,100596656.00
2024/05/22,20.00,20.02,19.43,19.75,3034012,85035080.00
2024/05/23,19.92,20.16,19.34,19.47,2681669,74751896.00
2024/05/24,19.40,19.83,18.80,18.87,3693260,101489472.00
2024/05/27,18.63,18.82,17.33,18.38,6130804,155329472.00
2024/05/28,18.36,18.75,17.99,18.29,3419717,89399864.00
2024/05/29,18.44,18.68,18.19,18.22,2396821,62895692.00
2024/05/30,18.08,18.58,17.78,18.32,1885540,49060212.00
2024/05/31,18.20,19.00,18.10,18.62,2448108,65184884.00
2024/06/03,18.70,19.17,18.01,18.35,3585209,94831568.00
2024/06/04,18.19,18.46,17.32,17.47,3686255,92274008.00
2024/06/05,17.38,17.78,17.13,17.19,3673498,91014776.00
2024/06/06,17.22,17.53,16.30,16.37,3845080,91482024.00
2024/06/07,16.48,17.03,16.32,16.54,3087747,73190696.00
2024/06/11,16.33,17.31,16.20,17.25,3667500,87760400.00
2024/06/12,17.17,17.63,17.13,17.33,2382931,59253440.00
2024/06/13,17.43,18.46,17.34,18.00,5502755,140987952.00
2024/06/14,17.87,18.80,17.58,18.47,5659958,147875952.00
2024/06/17,18.71,19.12,18.48,18.70,4821592,129202336.00
2024/06/18,18.83,19.32,18.68,18.98,4895490,132373624.00
2024/06/19,18.80,19.38,18.24,18.98,6316136,168993904.00
2024/06/20,18.93,19.88,18.90,19.15,7301960,201821888.00
2024/06/21,18.95,19.34,18.38,18.88,4891402,130576760.00
2024/06/24,18.50,18.88,17.40,17.49,4594384,118027552.00
2024/06/25,17.80,17.80,16.75,16.95,3419233,83547496.00
2024/06/26,17.19,18.25,16.78,18.12,5509883,138590176.00
2024/06/27,17.96,18.11,16.90,16.93,4308127,106744032.00
2024/06/28,16.88,17.75,16.75,17.20,3437075,85179888.00
2024/07/01,17.10,17.29,16.39,17.08,3649245,87336784.00
2024/07/02,16.94,17.22,16.44,16.59,3137612,74541416.00
2024/07/03,16.62,16.68,16.19,16.38,2526938,59186352.00
2024/07/04,16.55,16.62,15.75,15.80,2462788,56278536.00
2024/07/05,15.73,16.15,15.38,15.98,2362488,52763428.00
2024/07/08,15.98,16.03,15.62,15.72,2119174,47543412.00
2024/07/09,15.75,16.76,15.49,16.60,4330593,100415560.00
2024/07/10,16.69,16.85,16.45,16.51,2451021,57893864.00
2024/07/11,16.96,17.23,16.66,17.23,3446006,82890448.00
2024/07/12,17.15,17.15,16.72,16.80,2215053,53032436.00
2024/07/15,16.79,17.08,16.40,16.75,2579094,61339908.00
2024/07/16,16.75,17.12,16.57,16.91,2490934,59859836.00
2024/07/17,17.12,17.18,16.36,16.36,2471671,58814336.00
2024/07/18,16.31,16.43,15.75,16.23,2599259,59244048.00
2024/07/19,16.11,17.05,15.98,16.62,3304979,78158592.00
2024/07/22,16.65,17.50,16.58,17.20,4223087,102234472.00
2024/07/23,17.20,17.20,16.30,16.33,3199039,75706888.00
2024/07/24,15.87,16.49,15.84,15.85,2146888,49025680.00
2024/07/25,15.63,15.95,15.39,15.70,1739124,38748800.00
2024/07/26,15.73,16.19,15.49,15.87,1943112,43790304.00
2024/07/29,15.88,16.10,15.62,15.83,1161998,26228240.00
2024/07/30,15.76,16.19,15.62,15.98,1654738,37461248.00
2024/07/31,17.05,17.60,16.55,16.98,4923121,118530584.00
2024/08/01,17.20,17.47,16.69,16.80,4248532,102168192.00
2024/08/02,16.62,16.62,15.82,15.93,4390276,101147032.00
2024/08/05,15.48,15.93,14.94,15.00,3608197,78889168.00
2024/08/06,15.48,15.58,15.05,15.23,1566247,33902604.00
2024/08/07,15.36,15.73,15.29,15.38,1861893,41064588.00
2024/08/08,15.54,15.74,15.33,15.53,2223849,49221044.00
2024/08/09,15.53,15.68,15.27,15.28,1670373,36691320.00
2024/08/12,15.12,15.23,14.87,14.98,1119104,23879956.00
2024/08/13,15.01,15.45,15.00,15.30,1415357,30648312.00
2024/08/14,15.30,15.82,15.23,15.61,1605024,35323432.00
2024/08/15,15.33,15.89,15.33,15.61,2118699,47072088.00
2024/08/16,15.69,16.33,15.63,16.02,4082698,93442344.00
2024/08/19,16.10,16.10,15.57,15.65,2377936,53432448.00
2024/08/20,15.65,16.07,15.19,15.33,2351035,52119280.00
2024/08/21,15.33,15.73,15.22,15.40,1845442,40703304.00
2024/08/22,15.33,15.47,14.68,14.74,2100525,44782216.00
2024/08/23,14.57,14.98,14.57,14.84,1703000,35808912.00
2024/08/26,14.98,15.25,14.86,15.00,1312535,28125912.00
2024/08/27,14.98,15.13,14.54,14.55,1319127,27780360.00
2024/08/28,14.50,14.75,14.28,14.63,1199976,24804056.00
2024/08/29,14.56,14.92,14.40,14.75,1909899,39959068.00
2024/08/30,14.62,15.60,14.62,15.36,2590434,56409264.00
2024/09/02,16.14,16.48,15.87,15.89,5628079,129402456.00
2024/09/03,15.89,16.26,15.71,15.92,2891303,65801484.00
2024/09/04,15.90,16.14,15.72,15.96,2129389,48218032.00
2024/09/05,15.98,16.30,15.90,16.05,1764094,40291120.00
2024/09/06,16.05,16.05,15.54,15.56,1953629,43659128.00
2024/09/09,15.48,15.86,15.45,15.50,1512804,33521706.00
2024/09/10,15.50,16.17,15.23,16.01,2722534,61017900.00
2024/09/11,15.95,16.05,15.76,15.87,1322731,29841380.00
2024/09/12,16.01,16.08,15.50,15.53,1652891,36931172.00
2024/09/13,15.53,15.70,14.98,14.98,1589110,34664808.00
2024/09/18,15.92,16.04,15.13,15.15,3350302,73627984.00
2024/09/19,15.18,15.74,15.03,15.11,3022637,65935816.00
2024/09/20,15.06,15.28,14.97,15.10,1898260,40877424.00
2024/09/23,15.08,15.36,14.89,15.10,1816311,39287608.00
2024/09/24,15.00,15.81,15.00,15.80,3260582,71900880.00
2024/09/25,15.90,16.24,15.74,15.75,3168191,71959600.00
2024/09/26,15.75,16.28,15.60,16.28,3114569,71004728.00
2024/09/27,16.29,17.47,16.29,17.30,3166437,76025504.00
2024/09/30,18.33,20.66,17.98,20.50,8388315,227476672.00
2024/10/08,24.45,24.62,21.65,24.40,12010809,396763776.00
2024/10/09,23.76,23.76,21.16,21.20,9299070,294692832.00
2024/10/10,21.93,22.15,20.69,21.02,5951606,180629824.00
2024/10/11,19.98,20.83,19.49,19.69,4949471,140496608.00
2024/10/14,19.69,20.68,19.06,20.62,4458867,126246592.00
2024/10/15,20.48,21.55,20.26,20.41,4437961,131272440.00
2024/10/16,19.98,21.38,19.98,20.56,4792422,140001760.00
2024/10/17,20.60,21.01,20.40,20.58,4496019,131793416.00
2024/10/18,20.59,22.50,20.43,21.96,8328512,254886160.00
2024/10/21,23.05,26.40,22.83,25.90,19863533,707138112.00
2024/10/22,25.90,25.92,24.12,24.78,14037809,494621184.00
2024/10/23,24.48,26.19,24.31,24.75,9206339,329590368.00
2024/10/24,24.20,25.46,23.94,24.47,5855079,202707680.00
2024/10/25,24.51,25.10,23.92,24.89,6179350,214795936.00
2024/10/28,25.15,25.48,24.39,24.53,5973501,210288912.00
2024/10/29,24.63,24.90,23.69,23.76,5021436,171672448.00
2024/10/30,23.55,24.45,23.37,24.05,5294945,179626400.00
2024/10/31,23.93,25.89,23.42,25.33,9208743,324891232.00
2024/11/01,26.40,29.64,24.26,24.26,15371310,582775872.00
2024/11/04,24.68,25.83,23.69,24.96,8029922,282776608.00
2024/11/05,24.76,26.14,24.49,26.03,8674380,312899744.00
2024/11/06,25.83,27.17,25.18,26.45,8885336,327597760.00
2024/11/07,26.25,26.41,25.55,26.05,5576791,203843984.00
2024/11/08,26.62,29.67,26.12,28.97,13447239,531849568.00
2024/11/11,29.93,34.80,29.93,34.80,16280022,756458368.00
2024/11/12,36.98,37.07,31.80,32.50,15198515,714254592.00
2024/11/13,32.50,34.83,31.75,32.88,10524793,491355040.00
2024/11/14,32.33,32.73,30.55,30.75,7385015,329031488.00
2024/11/15,30.85,31.96,28.84,28.97,7062391,300909184.00
2024/11/18,28.79,29.48,26.98,27.67,7101444,278698368.00
2024/11/19,28.05,29.12,27.55,29.08,5266776,210078592.00
2024/11/20,29.03,30.12,28.70,30.05,5958535,248318896.00
2024/11/21,29.83,30.11,29.12,29.60,4190738,174241600.00
2024/11/22,29.35,29.75,27.25,27.39,6341681,253830976.00
2024/11/25,27.70,27.83,26.43,27.17,4775142,181816112.00
2024/11/26,27.35,27.69,26.50,26.56,3358302,128064216.00
2024/11/27,26.27,28.04,24.98,27.81,5173188,193869856.00
2024/11/28,27.81,28.39,27.03,27.48,4528854,176925792.00
2024/11/29,27.45,28.60,26.76,27.49,5222019,203451696.00
2024/12/02,27.59,28.81,27.13,28.81,7181229,282574400.00
2024/12/03,28.81,28.97,27.93,27.98,4537579,181407728.00
2024/12/04,28.43,29.05,27.15,27.40,4219315,166447808.00
2024/12/05,27.08,28.02,27.08,27.50,3575435,139165888.00
2024/12/06,27.45,28.14,26.51,27.93,5826984,224467760.00
2024/12/09,27.65,27.83,26.66,26.94,3894957,148809968.00
2024/12/10,27.90,28.31,27.33,27.40,5132982,201340768.00
2024/12/11,28.01,30.32,27.95,30.05,11667635,481977216.00
2024/12/12,30.55,30.57,28.78,29.40,7403079,306399328.00
2024/12/13,29.17,29.57,27.93,27.94,5672469,227915760.00
2024/12/16,28.55,28.74,27.42,27.73,4734771,188181648.00
2024/12/17,27.68,28.53,26.63,26.80,4925850,190054608.00
2024/12/18,28.40,29.12,27.12,28.33,7568938,301402208.00
2024/12/19,27.73,28.90,27.55,28.73,7195472,286835872.00
2024/12/20,28.26,30.74,28.05,30.01,9624356,403179424.00
2024/12/23,29.81,30.38,28.62,28.62,6089804,250731680.00
2024/12/24,28.65,28.98,27.91,28.68,4885327,195058736.00
2024/12/25,28.51,28.56,27.60,27.85,3650043,143787840.00
2024/12/26,27.94,29.82,27.60,29.51,6373213,261859952.00
2024/12/27,29.23,30.19,29.05,29.36,5467674,228638480.00
2024/12/30,29.24,30.13,28.19,29.95,5202438,216902224.00
2024/12/31,29.96,30.00,28.53,28.53,4467199,182237424.00
2025/01/02,28.15,29.80,27.59,28.33,5194759,210911056.00
2025/01/03,28.40,28.94,26.98,26.98,4597305,178927424.00
2025/01/06,26.68,27.12,25.40,25.55,3551803,131434520.00
2025/01/07,25.67,27.23,25.67,27.23,3575200,133010800.00
2025/01/08,27.20,27.33,25.86,27.00,2822775,105926216.00
2025/01/09,26.96,27.45,26.35,26.67,2535636,95944904.00
2025/01/10,26.63,27.92,26.28,26.29,3925801,150442832.00
2025/01/13,26.30,27.69,25.55,27.38,4103888,155194000.00
2025/01/14,27.40,28.45,26.90,28.44,4789413,188257184.00
2025/01/15,28.44,28.93,27.78,28.75,4431799,176858800.00
2025/01/16,29.26,29.61,28.60,29.26,5333462,219105984.00
2025/01/17,28.55,30.69,28.53,29.41,6884386,287186656.00
2025/01/20,29.82,29.93,29.35,29.51,4310471,179604064.00
2025/01/21,29.84,30.03,29.05,29.88,5307673,221153616.00
2025/01/22,30.08,30.23,29.25,29.48,4050800,169468960.00
2025/01/23,30.12,31.39,29.94,30.30,8169975,353602432.00
2025/01/24,29.90,31.23,29.80,30.88,6328706,273249856.00
2025/01/27,30.48,30.55,28.87,28.88,5021820,209214656.00
2025/02/05,28.88,29.28,27.98,28.98,4313463,174382688.00
2025/02/06,28.58,30.29,28.58,30.29,4810460,201562320.00
2025/02/07,31.40,33.38,31.35,32.13,11014713,499296224.00
2025/02/10,32.88,34.48,32.18,33.83,9727279,458562272.00
2025/02/11,34.01,34.12,31.98,32.75,7210318,336838976.00
2025/02/12,32.68,33.24,32.25,32.83,6202721,286276800.00
2025/02/13,32.78,35.10,31.87,32.97,9980894,466841216.00
2025/02/14,32.62,33.24,31.62,31.97,7700844,348369472.00
2025/02/17,31.50,32.83,31.50,32.40,5072620,230751040.00
2025/02/18,32.37,32.65,30.81,30.87,5418053,241405616.00
2025/02/19,30.79,34.04,30.79,33.30,9232419,425951232.00
2025/02/20,34.28,34.62,33.33,33.96,7555081,360087456.00
2025/02/21,34.39,34.51,33.40,34.13,6551261,313610880.00
2025/02/24,34.25,34.61,33.23,33.90,6048101,287516000.00
2025/02/25,33.32,35.04,32.55,34.92,8664601,412615424.00
2025/02/26,34.57,35.53,33.76,34.48,6440903,313119648.00
2025/03/13,34.83,35.55,31.16,31.74,14678245,681973632.00
2025/03/14,30.94,31.25,29.60,30.27,9154052,389546944.00
2025/03/17,30.75,31.60,30.46,30.75,5618744,245150304.00
2025/03/18,30.96,31.12,30.11,30.83,5348208,229665312.00
2025/03/19,30.42,30.65,29.88,30.05,4112207,174245600.00
2025/03/20,30.17,30.37,29.89,29.95,2846847,120686816.00
2025/03/21,29.89,30.39,29.63,30.14,3667774,154907584.00
2025/03/24,30.08,30.10,28.05,29.00,4875027,198640688.00
2025/03/25,29.43,29.43,28.52,28.64,2025950,82505816.00
2025/03/26,28.60,28.85,28.33,28.44,2063085,82890080.00
2025/03/27,28.15,29.37,27.23,28.63,4082072,162033664.00
2025/03/28,28.41,28.94,27.50,27.54,2548565,100881664.00
2025/03/31,27.48,28.03,27.18,27.94,1830133,71374624.00
2025/04/01,27.98,28.32,27.83,28.12,1570962,62141772.00
2025/04/02,28.64,29.12,28.26,28.32,1952464,78656080.00
2025/04/03,27.71,28.41,27.24,27.33,2190220,85439376.00
2025/04/07,25.48,25.50,21.83,21.83,6570765,216117120.00
2025/04/08,22.65,23.51,21.64,22.49,4858247,154457776.00
2025/04/09,22.05,23.50,20.63,23.26,4736610,149112432.00
2025/04/10,23.85,24.83,23.85,24.65,4595096,158356016.00
2025/04/11,24.15,25.44,23.98,25.01,3549174,125023408.00
2025/04/14,25.54,25.98,25.25,25.38,3060862,110573768.00
2025/04/15,25.28,25.68,24.89,25.26,1851089,65579436.00
2025/04/16,24.96,25.50,24.33,24.81,2035951,71366384.00
2025/04/17,24.48,25.51,24.48,24.90,1820060,64456744.00
2025/04/18,24.83,25.10,24.37,24.70,1202113,41797252.00
2025/04/21,24.90,25.15,24.68,25.12,1729646,60845192.00
2025/04/22,24.97,26.12,24.70,25.40,2917191,104820552.00
2025/04/23,25.90,26.04,25.48,25.77,3045501,110464096.00
2025/04/24,25.78,25.88,24.68,24.89,2403555,85435032.00
2025/04/25,24.89,25.87,24.75,25.55,2130035,76363392.00
2025/04/28,25.40,25.75,25.03,25.48,1603953,57254080.00
2025/04/29,25.31,25.88,25.12,25.65,1305031,47048488.00
2025/04/30,25.31,26.20,25.31,26.04,2253111,82029072.00
2025/05/06,26.04,26.92,26.04,26.82,2130230,79812872.00
2025/05/07,27.17,27.85,26.75,27.12,3648664,139970720.00
2025/05/08,26.98,28.15,26.90,27.67,3102107,120748024.00
2025/05/09,27.60,28.45,27.18,27.54,3858498,151226528.00
2025/05/12,27.88,28.24,27.28,27.63,2662467,103261184.00
2025/05/13,28.31,29.59,28.03,28.18,4874919,196416160.00
2025/05/14,29.53,31.01,29.24,29.24,8426574,355852640.00
2025/05/15,29.22,29.73,27.99,28.76,4140119,167848912.00
2025/05/16,28.66,29.59,28.48,29.08,3625121,148763904.00
2025/05/19,29.31,30.30,29.30,30.00,4789031,201916336.00
2025/05/20,30.03,30.23,29.17,29.25,3076337,127727128.00
2025/05/21,28.90,29.25,28.04,28.32,2984112,119210104.00
2025/05/22,28.30,28.92,28.05,28.29,2020013,80989480.00
2025/05/23,28.31,28.53,27.64,27.70,1795459,70740824.00
2025/05/26,27.80,28.55,27.68,28.05,2509020,99267248.00
2025/05/27,27.85,28.07,27.32,27.68,2145717,83689680.00
2025/05/28,27.79,28.41,27.32,27.66,1892159,74109632.00
2025/05/29,27.73,29.00,27.73,28.68,2896767,116706240.00
2025/05/30,28.58,28.58,27.54,27.63,2030529,79415560.00
2025/06/03,27.94,27.94,27.24,27.38,1603014,61830424.00
2025/06/04,27.39,29.08,27.25,28.70,4033816,161895888.00
2025/06/05,28.66,30.50,28.50,29.95,5185340,216279600.00
2025/06/06,30.05,30.50,29.64,29.95,2813931,118577184.00
2025/06/09,29.90,30.51,29.72,29.88,3016031,127443696.00
2025/06/10,29.67,30.17,28.18,28.57,3977374,161336784.00
2025/06/11,28.48,28.99,28.31,28.41,1861006,74814560.00
2025/06/12,28.53,30.88,28.31,30.05,6569673,276714112.00
2025/06/13,29.59,30.69,29.59,29.98,3579962,151814368.00
2025/06/16,29.84,31.45,29.84,31.08,5256760,229143952.00
2025/06/17,31.15,31.57,30.58,30.77,3620149,157960224.00
2025/06/18,30.62,32.19,30.56,31.81,5368210,237826176.00
2025/06/19,31.95,32.24,30.95,31.09,3583267,158560096.00
2025/06/20,31.32,31.77,30.25,30.30,3845610,165885408.00
2025/06/23,29.88,31.66,29.64,30.87,3902598,169899120.00
2025/06/24,31.08,31.36,30.45,30.64,3035473,131323952.00
2025/06/25,31.25,31.25,30.10,30.45,3717469,159158032.00
2025/06/26,30.46,30.86,30.07,30.10,3234320,138291264.00
2025/06/27,30.36,31.70,30.10,31.17,5644264,246287136.00
2025/06/30,32.15,34.15,31.99,32.03,8531407,393233984.00
2025/07/01,32.24,32.45,30.61,30.97,6668539,291778400.00
2025/07/02,30.62,30.80,29.53,29.84,5338120,224562720.00
2025/07/03,29.93,31.43,29.88,30.67,4467100,191835216.00
2025/07/04,30.39,30.60,29.30,29.48,4689823,195795232.00
2025/07/07,29.48,29.48,28.66,29.07,2207164,89822584.00
2025/07/08,29.06,29.83,28.80,29.68,3233752,133915328.00
2025/07/09,29.67,29.69,28.86,28.96,2912407,119626240.00
2025/07/10,29.16,30.05,28.93,29.50,4298831,178400240.00
2025/07/11,29.44,29.59,28.96,29.29,2479489,102021488.00
2025/07/14,29.49,29.49,28.88,29.04,2337300,95670320.00
2025/07/15,29.11,30.12,28.93,29.17,4370581,181389168.00
2025/07/16,29.24,30.08,28.93,29.38,3938735,163830304.00
2025/07/17,29.40,30.83,29.20,30.29,5373948,228814928.00
2025/07/18,30.20,30.57,29.56,29.88,3774842,158287248.00
2025/07/21,29.93,30.23,29.60,29.89,3088829,129864016.00
2025/07/22,29.87,31.73,29.75,30.49,7009030,303978240.00
2025/07/23,30.20,30.52,29.53,30.20,3894252,164395968.00
2025/07/24,30.53,31.13,30.28,30.53,5109194,220308048.00
2025/07/25,30.53,31.23,29.98,31.10,5435226,233685040.00
2025/07/28,31.17,32.38,30.95,31.98,7395555,330968000.00
2025/07/29,31.63,34.56,31.55,33.99,11617529,542377216.00
2025/07/30,34.00,35.25,33.24,34.60,9035348,436613856.00
2025/07/31,34.26,36.76,34.26,34.49,9146431,450400768.00
2025/08/01,34.35,34.52,32.90,33.28,5947560,280600448.00
2025/08/04,33.03,33.83,32.73,33.40,4119840,192799584.00
2025/08/05,33.81,34.07,33.00,33.35,4613743,217358160.00
2025/08/06,33.13,33.81,32.83,33.50,3301030,154858512.00
2025/08/07,33.53,33.64,32.18,32.45,5378274,247992528.00
2025/08/08,31.10,31.56,30.53,31.40,6417292,281517856.00
2025/08/11,31.42,32.06,31.15,31.93,5372254,238293504.00
2025/08/12,31.80,32.33,31.57,32.33,3925409,176451856.00
2025/08/13,32.38,32.95,32.16,32.94,5950637,272681600.00
2025/08/14,33.44,36.88,33.31,34.53,15872138,787012928.00
2025/08/15,35.60,39.62,33.95,38.40,21204875,1098333312.00
2025/08/18,42.73,46.10,42.73,46.10,14319357,889251648.00
2025/08/19,49.90,53.87,47.50,48.05,25973774,1819358080.00
2025/08/20,47.18,48.88,44.53,48.10,17788273,1180348672.00
2025/08/21,46.83,48.26,43.73,44.17,15204562,962640640.00
2025/08/22,43.81,45.52,43.35,44.29,10824727,674382784.00
2025/08/25,46.35,47.65,44.39,45.60,14473835,929162560.00
2025/08/26,45.37,45.55,43.63,43.67,8641007,537853248.00
2025/08/27,43.58,46.73,43.58,44.64,11868656,756186560.00
2025/08/28,44.95,49.64,44.68,49.35,15555240,1038411776.00
2025/08/29,49.30,52.53,47.07,50.78,14011063,979402432.00
2025/09/01,50.49,60.95,49.23,60.95,14474896,1129198976.00
2025/09/02,62.99,68.44,58.95,59.88,19899641,1771980544.00
2025/09/03,60.60,62.74,57.03,59.92,14851844,1245840384.00
2025/09/04,64.81,67.80,54.09,55.10,18077283,1527667328.00
2025/09/05,56.87,66.15,55.68,66.15,20343964,1749515520.00
2025/09/08,68.73,68.74,58.47,62.95,18975500,1645786624.00
2025/09/09,60.64,67.36,59.17,63.60,14560227,1305001088.00
2025/09/10,66.64,66.93,59.81,60.26,14641588,1278883840.00
2025/09/11,60.28,72.34,58.02,72.34,19449233,1812430848.00
2025/09/12,69.10,80.24,69.10,73.45,20922916,2163864576.00
2025/09/15,70.24,82.65,68.69,78.45,15826974,1688550784.00
2025/09/16,81.31,82.83,77.40,79.12,13195188,1475711872.00
2025/09/17,78.46,83.17,76.88,78.45,11364338,1266477568.00
2025/09/18,79.03,89.10,77.74,82.00,14703625,1713196032.00
2025/09/19,85.45,98.30,83.15,94.27,15183002,1936842496.00
2025/09/22,94.74,102.58,91.31,102.03,14887209,2030246016.00
2025/09/23,98.45,103.78,94.08,102.74,13443968,1836036224.00
2025/09/24,97.05,101.31,95.75,98.14,9590151,1316145408.00
2025/09/25,94.88,96.45,88.60,92.17,10324410,1346899584.00
2025/09/26,90.10,93.87,87.72,87.72,8282849,1040059328.00
2025/09/29,86.31,91.28,84.33,85.57,9854770,1198022144.00
2025/09/30,87.03,88.35,83.73,84.34,9035231,1080429696.00
2025/10/09,85.24,85.95,82.58,83.03,7837524,917783488.00
2025/10/10,82.03,83.30,75.60,76.03,10234938,1120988416.00
2025/10/13,70.59,74.80,70.59,73.74,7818343,802872832.00
2025/10/14,75.73,77.02,67.38,68.41,8851783,879967168.00
2025/10/15,68.51,69.75,66.45,69.53,6903574,661680832.00
2025/10/16,69.54,69.72,67.60,68.04,6807990,653945088.00
2025/10/17,70.74,73.10,67.03,68.19,16180772,1582373632.00
2025/10/20,69.92,71.94,66.84,69.60,14096580,1375557888.00
2025/10/21,69.88,74.82,66.88,73.63,16098302,1604009728.00
2025/10/22,72.10,79.64,71.50,79.15,15848640,1703075712.00
2025/10/23,87.74,88.10,79.92,81.47,17853739,2114659840.00
2025/10/24,84.88,86.31,77.39,84.33,16201682,1864686464.00
2025/10/27,85.60,90.03,83.81,84.78,11851956,1441550848.00
2025/10/28,84.17,92.03,82.74,90.60,12235177,1528063360.00
2025/10/29,89.40,94.90,88.51,94.90,11003175,1421194240.00
2025/10/30,94.17,94.17,83.45,83.88,11813343,1471184768.00
2025/10/31,84.17,84.43,77.57,78.19,9563165,1066782528.00
2025/11/03,76.31,79.49,74.95,78.44,7043987,760213376.00
2025/11/04,77.67,80.02,76.38,78.75,5011591,551888320.00
2025/11/05,75.60,77.95,74.25,76.35,6603640,702521664.00
2025/11/06,78.08,85.35,77.79,83.96,8633189,1000847488.00
2025/11/07,81.47,85.55,79.45,83.46,6931253,802454528.00
2025/11/10,83.81,92.73,81.17,92.73,12667255,1549476736.00
2025/11/11,93.81,94.01,84.21,85.31,11222243,1394869632.00
2025/11/12,82.20,88.80,79.18,87.17,7459254,869782912.00
2025/11/13,84.88,86.67,82.92,85.30,4963148,589542016.00
2025/11/14,80.68,83.51,80.23,80.60,4384026,501105408.00
2025/11/17,84.08,96.75,84.08,96.75,16080744,2063697408.00
2025/11/18,92.74,97.70,92.43,96.59,13892517,1854892416.00
2025/11/19,96.76,110.28,95.10,105.18,15519804,2276849920.00
2025/11/20,116.14,118.31,106.38,112.45,16592637,2595817472.00
2025/11/21,107.12,119.05,104.17,108.45,18914565,2970605824.00
2025/11/24,114.35,130.17,109.88,128.45,20115073,3371731200.00
2025/11/25,128.45,149.88,126.31,134.38,22585488,4338533376.00
2025/11/26,134.53,142.50,128.49,132.74,23425190,4446999040.00
2025/11/27,128.45,143.37,127.39,131.95,20023022,3792771328.00
2025/11/28,128.45,131.88,123.41,125.60,16308223,2889141248.00
2025/12/01,127.74,136.55,124.17,129.18,15950273,2931694080.00
2025/12/02,125.30,126.98,117.74,123.45,14314657,2462178560.00
2025/12/03,123.65,124.17,114.80,116.31,13442549,2223803648.00
2025/12/04,112.74,116.87,111.80,113.74,9304892,1484041600.00
2025/12/05,116.31,119.73,111.67,115.38,12440254,2027720832.00
2025/12/08,114.17,127.12,114.17,123.88,16159586,2787073792.00
2025/12/09,120.45,137.03,119.76,136.95,19998921,3644317184.00
2025/12/10,132.74,136.74,131.31,134.52,13928390,2606186496.00
2025/12/11,134.17,145.16,129.17,130.32,15800155,3009324288.00
2025/12/12,128.40,141.74,128.40,140.31,14970377,2859175680.00
2025/12/15,132.03,134.17,124.53,125.30,12377221,2223265536.00
2025/12/16,124.18,125.60,117.03,118.72,10215943,1721190912.00
2025/12/17,119.17,124.03,116.96,123.43,8777110,1489851008.00
2025/12/18,117.74,129.03,117.10,126.96,9219880,1606824704.00
2025/12/19,129.10,129.10,115.88,117.53,9344337,1567540864.00
2025/12/22,119.91,121.65,116.31,117.99,7989102,1324228736.00
2025/12/23,118.27,134.17,112.95,128.45,15052756,2619468800.00
2025/12/24,129.17,131.76,123.29,126.53,9385623,1666492032.00
2025/12/25,131.67,142.68,129.38,133.60,11937751,2267739648.00
2025/12/26,132.48,133.45,124.89,125.95,8708073,1548131712.00
2025/12/29,121.31,125.58,120.24,122.65,6879406,1182807936.00
2025/12/30,120.30,124.13,119.17,120.09,5739314,975845248.00
2025/12/31,119.17,124.88,117.03,120.99,6796538,1155049472.00
2026/01/05,119.95,127.63,118.53,124.85,6823528,1189160448.00
2026/01/06,126.31,127.03,119.03,120.59,8510881,1452425600.00
2026/01/07,122.74,129.88,119.88,128.08,10081065,1762985600.00
2026/01/08,125.60,126.70,122.04,122.38,6943736,1202438656.00
2026/01/09,119.88,123.01,116.31,120.51,7262337,1218917120.00
2026/01/12,119.79,123.65,112.10,123.40,10368089,1719557632.00
2026/01/13,122.73,126.31,117.88,122.88,9211493,1575641984.00
2026/01/14,124.87,139.95,122.11,133.68,14742971,2678879488.00
2026/01/15,131.38,137.74,124.88,135.45,10720564,1979216384.00
2026/01/16,132.74,146.31,132.70,140.52,10552227,2081582208.00
2026/01/19,137.65,137.65,128.53,129.17,8380497,1556300928.00
2026/01/20,126.92,130.73,120.56,121.90,6773957,1178189056.00
2026/01/21,122.02,129.64,122.02,127.87,6378281,1130178304.00
2026/01/22,137.79,153.47,133.45,153.47,15637956,3142701824.00
2026/01/23,152.03,152.34,142.02,147.45,13121431,2689521408.00
2026/01/26,147.43,151.65,141.83,144.89,8108032,1665203968.00
2026/01/27,142.03,153.45,138.31,145.95,9677653,1978102272.00
2026/01/28,151.43,155.59,143.48,146.64,8174015,1703238656.00
2026/01/29,142.03,149.07,134.88,135.24,8348418,1661429248.00
2026/01/30,134.17,149.60,133.14,147.03,9064838,1803637760.00
2026/02/02,148.45,160.60,148.45,152.74,10820335,2336667392.00
2026/02/03,159.17,173.90,158.21,165.60,12263049,2843883264.00
2026/02/04,164.66,177.74,154.38,176.31,12904126,2985193984.00
2026/02/05,172.03,182.03,162.10,169.63,10844307,2588967680.00
2026/02/06,159.17,166.32,157.25,157.75,8083530,1824621824.00
2026/02/09,164.88,182.97,159.89,173.81,10947225,2662044160.00
2026/02/10,174.42,174.88,162.03,163.30,7471087,1741621376.00
2026/02/11,161.58,164.13,157.13,158.95,4521053,1013517696.00
2026/02/12,160.60,169.58,155.75,165.04,7574338,1750749696.00
2026/02/13,161.31,162.73,150.71,151.10,7822335,1693568640.00
2026/02/24,154.17,163.31,153.87,156.67,5703818,1262651648.00
2026/02/25,154.88,156.20,146.31,148.18,6836153,1421529856.00
2026/02/26,149.88,154.93,146.31,152.40,6109323,1290678272.00
2026/02/27,147.07,147.74,143.10,146.31,5595906,1136410112.00
2026/03/02,142.74,157.74,141.94,154.82,8255172,1765938944.00
2026/03/03,161.74,169.72,157.17,157.23,9361620,2144837120.00
2026/03/04,152.05,157.13,149.17,152.31,5945908,1275460480.00
2026/03/05,157.03,157.03,146.39,148.10,8166931,1722898560.00
2026/03/06,144.74,164.08,141.03,156.79,10143940,2185525760.00
2026/03/09,142.73,150.73,141.45,149.24,7056026,1432501632.00
2026/03/10,156.31,166.12,154.35,162.74,9849111,2213075712.00
2026/03/11,165.11,168.33,155.83,156.85,7468227,1690725248.00
2026/03/12,156.88,173.45,153.65,169.74,11439142,2602502144.00
2026/03/13,164.87,176.21,164.15,169.61,9657644,2299094784.00
2026/03/16,165.95,168.44,161.31,165.61,6307266,1452189312.00
2026/03/17,162.38,162.73,149.18,151.31,7177553,1548593024.00
2026/03/18,155.41,157.38,151.68,155.85,4934882,1070366656.00
2026/03/19,152.03,157.17,151.78,153.38,5102952,1104228864.00
2026/03/20,158.40,181.31,158.18,167.10,15852707,3798500608.00
2026/03/23,160.88,181.34,160.88,173.45,11649459,2805895680.00
2026/03/24,178.45,193.81,169.81,190.60,11194040,2900674048.00
2026/03/25,194.17,203.40,190.68,199.17,10377203,2857769472.00
2026/03/26,193.10,199.01,187.74,189.73,8049845,2178650368.00
2026/03/27,182.03,211.55,180.15,209.88,10574579,2959255040.00
2026/03/30,203.54,206.40,194.17,203.10,8556822,2406580224.00
2026/03/31,196.24,198.81,188.10,193.13,7554233,2043698176.00
2026/04/01,203.55,206.20,191.67,205.15,8931150,2510896640.00
2026/04/02,199.18,211.19,198.45,202.94,6879772,1979728640.00
2026/04/03,214.06,242.84,213.56,241.98,11191403,3639801856.00
2026/04/07,237.03,239.88,225.01,234.17,9242386,2998990592.00
2026/04/08,248.37,249.88,229.17,242.03,10421795,3464463872.00
2026/04/09,236.35,243.81,232.45,236.38,8570195,2854424320.00
2026/04/10,237.75,247.02,229.88,232.80,8749399,2903159552.00
2026/04/13,231.31,239.17,223.07,234.75,7663751,2467966720.00
2026/04/14,234.75,249.65,232.43,237.94,8717802,2948208384.00
2026/04/15,241.30,253.20,237.73,243.81,7421425,2539032576.00
2026/04/16,241.38,248.93,232.74,244.35,6858446,2317615872.00
2026/04/17,247.74,258.45,244.18,255.60,8915726,3146604800.00
2026/04/20,253.80,274.51,249.92,252.47,10295281,3771386624.00
2026/04/21,247.28,277.60,247.28,269.95,10964412,4001870592.00
2026/04/22,269.93,284.72,269.44,283.53,8706896,3388503552.00
2026/04/23,285.78,306.38,249.78,259.17,15475872,5856314880.00
2026/04/24,257.01,258.44,239.24,246.31,10281995,3566401792.00
2026/04/27,244.19,249.03,238.53,242.49,7003164,2387450112.00
2026/04/28,242.03,246.31,228.45,232.03,7817498,2568870400.00
2026/04/29,230.60,236.67,225.24,231.14,5499640,1781254400.00
2026/04/30,236.48,241.48,228.50,237.03,7455886,2466391040.00
2026/05/06,239.88,250.60,237.75,241.24,7556544,2585762816.00
2026/05/07,241.31,259.08,237.44,258.44,8282284,2925100800.00
2026/05/08,251.22,266.88,248.45,265.95,7163948,2588600832.00
2026/05/11,268.45,273.10,257.07,268.17,7246384,2694400256.00
2026/05/12,271.17,281.95,257.90,261.32,7967616,3010888704.00
2026/05/13,253.45,270.11,249.89,266.78,7755598,2828403456.00
2026/05/14,267.51,277.03,262.03,262.03,7566285,2859761664.00
2026/05/15,261.31,272.38,242.74,249.11,6916869,2455223040.00
2026/05/18,243.95,254.74,240.60,249.23,4816203,1672109824.00
2026/05/19,245.08,245.08,227.73,236.37,6097805,2002206720.00
2026/05/20,235.94,252.74,228.45,249.22,7727713,2589151744.00
2026/05/21,249.88,251.31,228.45,229.15,6241953,2091419264.00
2026/05/22,233.73,242.74,231.90,237.10,5514947,1837336960.00
2026/05/25,239.17,239.88,230.60,237.05,5396218,1777592576.00
2026/05/26,237.74,237.74,226.17,231.17,5120410,1656754304.00
2026/05/27,230.15,244.85,227.80,233.20,7454960,2467304704.00
2026/05/28,232.03,246.28,229.90,243.75,7728588,2604250112.00
2026/05/29,242.30,248.88,231.00,233.90,7102907,1702549120.00
2026/06/01,233.90,233.90,214.00,220.71,7871086,1750427264.00
2026/06/02,221.80,236.88,214.80,231.82,7841364,1788569088.00
2026/06/03,243.38,249.99,235.00,246.00,12135698,2946987776.00
2026/06/04,235.00,245.60,229.00,236.69,11426631,2685232384.00
2026/06/05,231.00,252.00,231.00,241.80,12084211,2926354944.00
2026/06/08,228.27,228.27,212.00,215.00,9203026,2019656960.00
2026/06/09,221.28,223.80,202.67,212.33,14771896,3127625728.00
2026/06/10,205.01,205.96,187.08,188.85,15195427,2953228288.00
2026/06/11,189.81,196.00,189.00,191.30,8677528,1673042304.00
2026/06/12,195.50,201.66,188.83,189.94,10154034,1984239488.00
2026/06/15,190.56,209.88,190.56,208.47,12934519,2593876224.00
2026/06/16,208.47,215.38,203.02,213.64,11613455,2441260032.00
2026/06/17,208.87,212.82,205.36,210.82,9090318,1902346240.00
2026/06/18,211.00,215.99,208.68,212.54,10306333,2194108672.00
2026/06/22,215.00,215.00,198.70,207.70,12598715,2604455936.00
2026/06/23,207.00,207.40,196.00,198.80,7748268,1553062144.00
2026/06/24,198.80,209.49,195.00,207.81,8295104,1688750720.00
2026/06/25,209.00,212.48,201.37,204.10,7815006,1609009024.00
2026/06/26,200.50,200.80,186.00,187.60,9307664,1792871040.00
2026/06/29,188.64,192.71,174.90,183.95,8940415,1629811584.00
2026/06/30,185.98,195.28,180.49,192.58,7216277,1370846592.00
2026/07/01,191.13,196.00,185.71,189.50,8672675,1652306816.00
2026/07/02,185.00,189.40,169.45,170.38,8357815,1484203008.00
2026/07/03,173.10,173.30,164.60,164.60,8646231,1463729408.00
2026/07/06,165.00,168.50,156.04,157.72,7219254,1164579328.00
2026/07/07,158.46,159.78,150.82,154.00,6020503,934431872.00
2026/07/08,155.39,162.28,153.00,155.18,7079041,1112625920.00
2026/07/09,158.10,163.36,151.03,162.70,6303454,991596928.00
2026/07/10,162.33,172.00,159.40,159.51,7139838,1185122688.00
2026/07/13,158.51,162.70,146.64,146.95,6117021,933478272.00
2026/07/14,150.23,156.47,143.15,155.53,6512217,980126208.00
2026/07/15,156.55,157.88,147.36,148.40,5055996,767158528.00
2026/07/16,148.94,148.94,138.01,139.86,4817993,691321792.00
2026/07/17,139.10,140.00,122.60,123.00,7834499,1022779136.00
2026/07/20,127.98,129.52,108.91,112.80,8684969,1041677184.00
2026/07/21,115.38,122.48,98.68,121.20,10184381,1131497984.00
2026/07/22,125.00,134.17,123.34,126.01,11112792,1426968320.00
2026/07/23,129.75,133.70,125.00,126.00,7866996,1011573632.00
2026/07/24,123.90,126.80,119.55,120.60,5321818,654816448.00
2026/07/27,120.01,127.00,119.47,125.56,5890548,727738240.00
2026/07/28,123.05,125.22,114.70,115.66,6411308,765721472.00
2026/07/29,116.09,118.00,106.00,112.89,7135306,797586624.00
2026/07/30,111.77,113.65,99.10,100.73,8370781,871701120.00
2026/07/31,109.00,117.17,108.03,108.05,8529555,958246912.00
2026/08/03,106.26,113.50,105.24,110.60,8099104,883069120.00
2026/08/04,114.29,119.97,112.00,118.30,9161271,1066540928.00
2026/08/05,111.80,125.87,111.80,125.00,9615023,1156883328.00
2026/08/06,120.04,132.72,119.27,129.28,9746363,1243152128.00
2026/08/07,129.39,153.46,129.38,150.14,14418439,2011305984.00
2026/08/10,147.73,153.00,143.16,148.50,20601889,3029046528.00
2026/08/11,145.00,151.33,137.80,146.44,13980465,2021616000.00
2026/08/12,149.00,161.61,147.20,157.48,14532168,2261933568.00
2026/08/13,161.00,167.61,157.01,158.25,16517285,2679223040.00
2026/08/14,160.20,166.56,158.30,164.08,11465351,1869409536.00
2026/08/17,166.88,168.50,159.10,167.99,11361201,1877720448.00
2026/08/18,171.00,189.80,168.10,185.90,19029561,3375443200.00
2026/08/19,173.52,177.00,161.01,161.88,14910966,2520041984.00
2026/08/20,165.20,184.89,162.13,176.28,15334082,2687345408.00
2026/08/21,179.86,180.00,168.88,172.00,11052522,1921638656.00
2026/08/24,173.92,178.00,164.61,170.30,8603636,1463200256.00
2026/08/25,162.50,169.58,161.00,165.98,8093533,1336834816.00
2026/08/26,167.63,174.88,161.00,171.00,10151500,1710786432.00
2026/08/27,173.00,180.00,169.00,177.46,10826763,1886895744.00
2026/08/28,177.40,201.29,174.19,182.03,18432508,3492191744.00
2026/08/31,194.27,205.60,185.01,196.88,15620791,3065230336.00
2026/09/01,195.00,196.60,186.26,188.35,11071949,2110014080.00
2026/09/02,184.82,193.26,181.78,186.00,11100144,2071627264.00
2026/09/03,193.00,206.30,190.18,202.30,14124676,2826350336.00
2026/09/04,207.00,209.90,190.98,193.15,17124367,3436374784.00
2026/09/07,197.00,207.50,193.26,204.00,16249076,3248829440.00
2026/09/08,200.00,211.00,199.40,202.50,12448454,2554984704.00
2026/09/09,209.98,215.50,201.50,203.12,13859725,2871297792.00
2026/09/10,200.00,211.24,196.66,202.66,10437662,2127538176.00
2026/09/11,197.00,203.68,187.00,194.89,11649602,2270089728.00
2026/09/14,184.88,188.91,178.99,181.34,14228377,2608065024.00
#数据来源:通达信
