603738 泰晶科技 日线 前复权
      日期	    开盘	    最高	    最低	    收盘	    成交量	    成交额
2021/08/02,23.65,24.05,23.03,23.87,6122444,291786624.00
2021/08/03,23.86,23.86,21.41,21.55,8920852,400835552.00
2021/08/04,21.45,22.87,21.45,22.87,7032469,318541504.00
2021/08/05,22.87,22.87,21.63,21.98,6434880,286226528.00
2021/08/06,22.21,22.31,21.30,21.48,5132024,225224304.00
2021/08/09,21.89,22.05,20.59,21.83,5488949,237985392.00
2021/08/10,21.84,24.09,21.65,24.09,5693874,269677856.00
2021/08/11,24.81,26.06,22.84,22.91,13549925,658942272.00
2021/08/12,22.93,23.13,21.49,22.22,8164930,365662912.00
2021/08/13,21.74,23.08,21.53,22.06,5975755,270328512.00
2021/08/16,21.80,22.69,21.65,22.14,3909158,175410960.00
2021/08/17,21.65,22.46,20.55,20.83,5853733,252872768.00
2021/08/18,20.83,21.52,20.50,21.02,4814403,205599856.00
2021/08/19,21.30,21.33,20.16,20.63,3397914,142103280.00
2021/08/20,20.58,21.10,19.99,20.47,3957920,164264448.00
2021/08/23,20.42,22.17,20.42,21.70,5698714,247720528.00
2021/08/24,21.99,23.36,21.31,23.05,6914446,316165056.00
2021/08/25,22.86,22.93,21.83,22.62,5481703,246885360.00
2021/08/26,22.49,22.62,21.90,22.26,3133592,140964016.00
2021/08/27,22.03,23.31,21.35,23.20,5457905,248855328.00
2021/08/30,22.97,23.89,22.84,23.15,6283651,297132768.00
2021/08/31,23.52,24.17,22.76,23.28,6349856,300472192.00
2021/09/01,23.28,23.28,20.88,20.88,8370782,361277216.00
2021/09/02,20.53,22.71,20.43,22.41,7591793,333525696.00
2021/09/03,23.71,24.72,23.41,24.72,10934420,540123840.00
2021/09/06,25.73,27.26,25.49,27.26,13895180,746387904.00
2021/09/07,27.65,27.65,24.70,25.83,11734465,607453760.00
2021/09/08,25.98,25.98,24.72,24.73,6773134,342202688.00
2021/09/09,24.73,25.52,24.06,24.87,5820268,291339168.00
2021/09/10,24.50,25.24,23.34,24.83,7191516,352049056.00
2021/09/13,24.56,25.16,23.67,24.01,4801655,235904768.00
2021/09/14,23.94,25.22,23.81,23.99,6330206,312477696.00
2021/09/15,24.00,25.15,23.70,24.44,5213038,256788944.00
2021/09/16,24.46,24.65,22.81,23.34,5855055,278102656.00
2021/09/17,23.18,23.73,22.69,23.17,3407618,159089088.00
2021/09/22,22.92,23.63,22.70,22.70,3502300,163210560.00
2021/09/23,22.72,23.77,22.64,22.80,6130711,288020256.00
2021/09/24,22.67,25.15,22.67,25.15,8786310,428986592.00
2021/09/27,26.30,26.34,22.57,22.57,10135417,483871616.00
2021/09/28,22.01,23.54,22.01,22.65,5218685,241241376.00
2021/09/29,22.07,23.73,22.05,22.64,4898604,228189648.00
2021/09/30,22.76,24.75,22.76,23.69,5253281,251577920.00
2021/10/08,23.76,24.55,22.83,23.19,5566938,264869120.00
2021/10/11,23.26,23.62,22.16,22.57,4362398,200565840.00
2021/10/12,22.62,22.87,21.13,22.04,4858475,214495424.00
2021/10/13,22.20,22.39,21.41,22.19,2520381,111983176.00
2021/10/14,22.06,23.21,21.91,23.03,3027537,138044272.00
2021/10/15,22.84,25.40,22.63,25.40,11697830,589524160.00
2021/10/18,25.17,25.54,23.53,24.96,9021226,443548000.00
2021/10/19,25.53,26.99,24.98,26.90,8793770,461370304.00
2021/10/20,26.20,27.49,26.17,26.43,5132304,274252416.00
2021/10/21,26.61,26.61,25.68,25.90,3581847,186710928.00
2021/10/22,25.98,26.06,25.15,25.42,3982810,203507696.00
2021/10/25,25.30,25.47,24.57,24.75,4151018,206271568.00
2021/10/26,24.76,25.30,24.18,24.26,5061190,248241792.00
2021/10/27,24.18,24.44,23.62,24.01,3286068,158091584.00
2021/10/28,24.11,24.45,23.12,23.48,4401047,208620736.00
2021/10/29,23.45,24.74,23.18,24.42,5263684,255888080.00
2021/11/01,24.95,26.92,23.94,26.92,15039687,786588992.00
2021/11/02,26.92,29.66,26.49,29.66,17016641,984023232.00
2021/11/03,30.20,31.52,28.78,29.08,23345282,1405651456.00
2021/11/04,29.73,30.42,28.19,30.24,13048824,771636928.00
2021/11/05,30.24,30.52,29.46,29.56,8302038,495540928.00
2021/11/08,29.08,30.07,28.28,29.08,7492893,435314656.00
2021/11/09,29.11,29.44,27.88,28.64,8011010,455811904.00
2021/11/10,28.65,29.19,27.63,27.83,9152052,516662880.00
2021/11/11,26.56,26.94,24.99,25.12,15888646,810654336.00
2021/11/12,25.12,25.57,24.81,25.23,9630020,486093664.00
2021/11/15,25.20,25.54,24.26,24.71,9326194,462006816.00
2021/11/16,24.96,25.63,24.77,24.90,8774311,442949088.00
2021/11/17,24.96,27.06,24.96,26.22,11309207,590266688.00
2021/11/18,25.92,26.98,24.75,26.52,10480251,543323904.00
2021/11/19,26.65,29.22,26.53,29.22,9212301,518196000.00
2021/11/22,30.11,31.03,28.93,30.20,12888931,766938368.00
2021/11/23,29.69,32.87,29.55,31.34,10984856,694400448.00
2021/11/24,31.46,32.30,30.71,31.55,7120406,449099072.00
2021/11/25,32.14,32.33,31.05,31.70,4511339,284065344.00
2021/11/26,31.35,32.02,30.86,30.98,6024618,374625088.00
2021/11/29,30.57,31.34,29.91,31.04,6473972,394806816.00
2021/11/30,31.09,33.02,30.77,31.84,7385441,469249408.00
2021/12/01,32.11,34.22,31.87,32.43,8206100,541155776.00
2021/12/02,32.02,32.54,31.55,31.85,4487439,286241696.00
2021/12/03,31.93,33.10,31.35,32.24,4794567,308063840.00
2021/12/06,32.11,33.18,31.60,31.93,5112206,328871296.00
2021/12/07,31.85,32.36,30.05,30.79,6339989,390534976.00
2021/12/08,31.03,31.49,30.68,30.99,4790293,296694240.00
2021/12/09,31.09,31.39,30.10,30.55,3320316,202407504.00
2021/12/10,30.27,31.24,30.27,30.74,4120216,252466768.00
2021/12/13,30.88,31.34,30.17,30.74,4034641,247223008.00
2021/12/14,30.53,32.50,29.56,32.36,6253408,393062176.00
2021/12/15,32.11,32.76,31.30,31.57,5344424,340109280.00
2021/12/16,31.43,31.84,30.37,31.58,4165500,258459568.00
2021/12/17,31.37,31.60,30.40,30.65,3166896,195145824.00
2021/12/20,30.54,30.88,28.89,28.97,4398364,259961936.00
2021/12/21,28.67,30.27,28.59,30.12,4308008,255273616.00
2021/12/22,29.96,32.10,29.96,31.64,4538290,285033696.00
2021/12/23,31.85,31.89,31.04,31.49,2695000,168643600.00
2021/12/24,31.52,31.60,30.52,30.87,3495910,216268688.00
2021/12/27,30.19,30.44,29.35,29.56,3327100,197318496.00
2021/12/28,29.67,30.60,29.47,30.58,3025694,180850992.00
2021/12/29,30.29,30.92,29.61,30.61,2425180,146204032.00
2021/12/30,30.80,31.13,30.09,30.20,3202100,194996736.00
2021/12/31,30.10,30.22,28.97,29.71,6193221,365413888.00
2022/01/04,29.33,29.64,26.79,27.90,7455533,414770240.00
2022/01/05,27.99,27.99,26.06,26.87,4739664,252868528.00
2022/01/06,26.67,26.87,25.67,26.59,6263484,328966432.00
2022/01/07,26.52,26.99,25.10,25.63,5502023,283592352.00
2022/01/10,25.47,25.97,24.87,25.73,2889906,147859728.00
2022/01/11,25.84,25.84,24.27,24.42,5442628,270904000.00
2022/01/12,24.79,26.17,24.60,25.40,4955390,252515248.00
2022/01/13,25.42,26.43,24.91,25.53,4270506,219591088.00
2022/01/14,25.86,27.20,25.37,26.88,5222022,277950336.00
2022/01/17,26.49,27.45,25.73,26.55,9135631,487421120.00
2022/01/18,26.40,26.84,25.63,26.09,6430507,336239520.00
2022/01/19,25.73,26.16,25.22,25.48,3316265,169262192.00
2022/01/20,25.55,25.64,24.71,25.07,2784900,139948256.00
2022/01/21,25.21,25.64,24.40,24.56,4286200,213874976.00
2022/01/24,24.59,25.88,24.45,25.50,2903638,147269216.00
2022/01/25,25.39,26.11,24.70,24.71,3540861,181176704.00
2022/01/26,24.95,25.24,24.20,24.67,2493304,123394416.00
2022/01/27,24.52,27.11,24.52,25.37,6247614,323546848.00
2022/01/28,24.96,25.73,23.64,24.55,5479269,270411200.00
2022/02/07,25.47,26.14,24.90,25.74,3510885,179412832.00
2022/02/08,25.98,25.98,24.52,25.47,3669772,183845248.00
2022/02/09,25.37,26.14,24.46,25.77,3175865,161105792.00
2022/02/10,25.88,26.29,25.36,25.49,2718453,140245216.00
2022/02/11,25.59,25.68,24.29,24.33,2684375,133096512.00
2022/02/14,24.32,24.49,23.57,24.25,2299066,110758400.00
2022/02/15,24.69,25.68,23.88,25.58,3791296,189055024.00
2022/02/16,25.68,25.69,24.96,25.35,2856334,144508336.00
2022/02/17,24.97,25.47,24.73,25.06,2811773,140625744.00
2022/02/18,24.87,24.87,23.84,24.40,3720164,180683776.00
2022/02/21,24.10,24.41,23.54,23.76,4102437,196394032.00
2022/02/22,23.48,24.19,22.57,23.66,4245682,199167424.00
2022/02/23,23.80,25.12,23.79,24.89,5057688,250790448.00
2022/02/24,24.71,24.95,23.33,24.25,5121438,246842208.00
2022/02/25,24.45,24.76,24.11,24.45,3123487,153122544.00
2022/02/28,24.45,24.75,24.19,24.49,2450089,119975656.00
2022/03/01,24.49,24.63,23.88,24.14,2630268,127688184.00
2022/03/02,23.94,23.94,23.39,23.49,2607039,123237224.00
2022/03/03,23.54,23.54,22.44,22.71,3812807,174321280.00
2022/03/04,22.34,22.54,21.71,22.08,3693297,164361088.00
2022/03/07,22.06,22.06,20.60,20.84,6993427,294446368.00
2022/03/08,20.98,21.57,20.63,20.85,4620153,195978880.00
2022/03/09,20.89,21.29,19.88,20.70,3436483,143169200.00
2022/03/10,21.23,21.53,20.79,21.09,3247938,138424752.00
2022/03/11,20.79,20.98,20.28,20.93,2170109,90295624.00
2022/03/14,20.59,20.83,20.19,20.22,2374954,97863120.00
2022/03/15,20.40,20.40,19.10,19.10,3129269,123891088.00
2022/03/16,19.35,19.60,18.22,19.19,3806851,144805888.00
2022/03/17,19.50,21.15,19.35,20.23,5029579,207017760.00
2022/03/18,20.01,20.32,19.66,19.94,2370236,95218392.00
2022/03/21,20.17,20.99,19.88,20.23,3185711,131513960.00
2022/03/22,20.23,20.34,19.51,19.80,2413357,96010672.00
2022/03/23,20.12,20.55,19.62,20.17,3328309,135286768.00
2022/03/24,20.20,20.27,19.49,19.81,2249489,89577000.00
2022/03/25,19.78,20.07,19.20,19.32,2351700,92533888.00
2022/03/28,19.25,19.25,18.74,18.95,2657367,101311296.00
2022/03/29,19.11,19.67,18.19,18.28,4966382,187012608.00
2022/03/30,18.33,18.59,17.32,17.84,8729243,315634688.00
2022/03/31,17.90,17.90,17.33,17.52,4392646,155661808.00
2022/04/01,17.41,17.67,17.17,17.26,3842523,134931744.00
2022/04/06,17.29,17.44,16.81,17.10,4195409,144622160.00
2022/04/07,17.10,17.11,16.09,16.14,4945389,164801648.00
2022/04/08,16.29,16.32,15.63,16.12,4155617,134609840.00
2022/04/11,16.32,16.33,15.31,15.52,3586900,113957136.00
2022/04/12,15.32,15.83,15.02,15.71,3531562,110857776.00
2022/04/13,15.31,15.65,15.28,15.42,2441155,76718912.00
2022/04/14,15.47,15.59,15.04,15.40,3247297,100953168.00
2022/04/15,15.28,15.37,14.84,15.13,3880508,118820232.00
2022/04/18,15.21,15.96,15.01,15.86,5013512,158635760.00
2022/04/19,15.87,16.07,15.66,15.92,4390667,141502144.00
2022/04/20,16.01,16.55,15.84,16.12,4544660,149587872.00
2022/04/21,16.08,16.27,15.17,15.36,3780230,120418360.00
2022/04/22,15.16,15.53,14.73,14.79,3517612,106972960.00
2022/04/25,14.26,14.40,13.60,13.71,3842672,109435632.00
2022/04/26,13.57,13.79,12.88,12.96,4623360,125942064.00
2022/04/27,12.55,14.05,12.55,13.94,3708847,101608784.00
2022/04/28,13.91,14.28,13.47,13.95,4572186,129265840.00
2022/04/29,14.36,15.32,14.10,15.15,6838900,204097168.00
2022/05/05,15.04,15.62,14.55,15.42,5810507,179420256.00
2022/05/06,14.89,15.19,14.49,14.57,5323538,160092544.00
2022/05/09,14.45,15.41,14.45,15.14,3993192,122664512.00
2022/05/10,14.87,15.90,14.66,15.84,5374400,169405184.00
2022/05/11,15.67,16.94,15.67,16.30,7277336,241609360.00
2022/05/12,16.11,16.58,16.06,16.40,3798164,125851928.00
2022/05/13,16.47,16.62,16.20,16.51,3250346,108436072.00
2022/05/16,16.65,16.95,16.37,16.47,2827996,94857760.00
2022/05/17,16.44,16.92,16.20,16.80,3244205,109279928.00
2022/05/18,16.95,17.57,16.81,17.20,3582719,125101680.00
2022/05/19,16.81,17.15,16.45,16.85,5066772,171348608.00
2022/05/20,16.83,17.15,16.60,17.01,3207841,109682176.00
2022/05/23,17.01,17.67,16.93,17.43,3267700,114981416.00
2022/05/24,17.46,17.46,16.30,16.36,4471973,152449376.00
2022/05/25,16.36,16.76,16.26,16.63,2596200,86762400.00
2022/05/26,16.52,16.88,16.16,16.50,2829476,94773168.00
2022/05/27,16.62,17.10,16.15,16.45,3478703,116772160.00
2022/05/30,16.69,16.69,16.05,16.22,4625906,152567216.00
2022/05/31,16.36,16.96,15.77,16.94,5231340,174346832.00
2022/06/01,16.86,17.21,16.84,17.13,3463940,119371216.00
2022/06/02,17.16,17.74,16.80,17.64,4147561,145589712.00
2022/06/06,17.71,18.73,17.64,18.62,5673149,210220640.00
2022/06/07,18.62,18.78,17.86,18.03,4809214,175821168.00
2022/06/08,18.22,18.50,17.53,17.88,5854502,150211440.00
2022/06/09,17.73,17.73,17.17,17.37,5876916,145716496.00
2022/06/10,17.28,17.98,17.22,17.96,4968030,125072752.00
2022/06/13,17.79,18.30,17.71,18.09,5198491,133586320.00
2022/06/14,17.94,17.94,16.86,17.43,6549648,162275872.00
2022/06/15,17.47,18.43,17.47,17.86,7444599,192124176.00
2022/06/16,17.87,18.21,17.65,17.83,6247979,160316608.00
2022/06/17,17.47,17.99,17.41,17.96,6565175,165850256.00
2022/06/20,18.06,18.31,17.71,18.01,6491524,166998560.00
2022/06/21,18.21,18.21,17.48,17.74,5705375,144284192.00
2022/06/22,17.83,18.59,17.58,17.86,10083606,261912128.00
2022/06/23,17.98,19.68,17.92,19.68,12015007,330268160.00
2022/06/24,20.49,20.71,19.69,19.87,26198883,753700288.00
2022/06/27,19.72,21.39,19.43,21.28,18738584,538780032.00
2022/06/28,20.93,22.37,20.23,21.49,21441206,641498752.00
2022/06/29,21.26,22.57,20.83,21.75,17929788,559544896.00
2022/06/30,21.93,22.68,21.58,22.08,15016966,470558944.00
2022/07/01,21.85,21.90,20.80,20.96,13035773,392232288.00
2022/07/04,20.58,21.20,19.73,20.67,11829441,345769536.00
2022/07/05,20.53,21.15,20.44,20.97,8735480,258456240.00
2022/07/06,20.94,21.23,20.23,20.50,8600288,254198448.00
2022/07/07,20.46,20.61,20.03,20.14,9383199,270402720.00
2022/07/08,20.16,20.67,20.08,20.21,8560024,248679248.00
2022/07/11,20.24,20.43,19.02,19.23,10771374,298648224.00
2022/07/12,19.33,19.33,18.38,18.43,8602215,230860720.00
2022/07/13,18.56,18.84,18.43,18.64,5195051,138230336.00
2022/07/14,18.66,19.81,18.44,19.20,9106078,250358096.00
2022/07/15,19.04,19.43,18.83,18.85,7445976,202784832.00
2022/07/18,19.01,19.21,18.33,18.76,7487653,199546528.00
2022/07/19,18.76,19.11,18.55,18.90,6075114,163254416.00
2022/07/20,18.92,19.34,18.92,19.30,7592552,207495344.00
2022/07/21,19.45,19.97,19.09,19.52,11970660,336096000.00
2022/07/22,19.53,19.69,18.43,18.80,10052514,272648192.00
2022/07/25,18.78,18.79,18.04,18.14,6256707,163366048.00
2022/07/26,18.01,18.32,17.77,18.27,4751300,122730200.00
2022/07/27,18.24,18.38,18.01,18.18,4527321,117421592.00
2022/07/28,18.23,20.03,18.23,19.74,21928307,611544192.00
2022/07/29,19.36,20.01,19.25,19.65,17687850,494823424.00
2022/08/01,19.65,20.98,19.10,20.72,19666253,565420928.00
2022/08/02,20.51,20.54,19.68,20.05,13771189,394689888.00
2022/08/03,20.05,21.29,19.86,21.08,19119798,560999232.00
2022/08/04,21.41,21.41,20.72,20.98,12191519,364573024.00
2022/08/05,20.91,21.69,20.72,21.17,15989388,484265664.00
2022/08/08,20.77,20.93,20.15,20.39,11817449,342224032.00
2022/08/09,20.28,20.63,19.94,20.61,9535089,276240384.00
2022/08/10,20.36,20.93,20.23,20.23,9788742,285698304.00
2022/08/11,20.36,21.41,20.27,21.13,16225206,485327264.00
2022/08/12,21.23,21.63,20.87,21.19,13050640,394567040.00
2022/08/15,21.18,21.18,20.72,21.13,7658328,228539520.00
2022/08/16,20.95,21.38,20.34,20.39,14035245,417197152.00
2022/08/17,20.22,20.24,19.45,19.92,11667901,328635584.00
2022/08/18,19.74,20.28,19.51,20.07,10932913,309951104.00
2022/08/19,20.04,20.65,19.56,19.61,10225675,292303680.00
2022/08/22,19.43,19.93,19.02,19.76,5586059,156128512.00
2022/08/23,19.76,19.88,19.31,19.37,5865994,163414112.00
2022/08/24,19.34,19.47,18.19,18.23,8988765,238879376.00
2022/08/25,18.02,18.36,17.66,17.85,5835956,149271184.00
2022/08/26,17.92,18.28,17.65,17.90,5682671,145468992.00
2022/08/29,17.51,17.91,17.03,17.16,8903932,220187760.00
2022/08/30,17.18,17.28,16.67,16.83,6452475,155734032.00
2022/08/31,16.89,16.94,16.16,16.29,5564115,131140448.00
2022/09/01,16.32,16.62,16.26,16.33,3931735,92303392.00
2022/09/02,16.40,16.63,16.33,16.57,4122847,97484864.00
2022/09/05,16.57,16.59,16.13,16.15,3780929,88200504.00
2022/09/06,16.16,16.46,16.06,16.44,4318820,100471512.00
2022/09/07,16.38,16.80,16.31,16.63,5933764,140892960.00
2022/09/08,16.21,16.22,15.07,15.22,14999274,332949664.00
2022/09/09,15.13,15.19,14.78,14.93,10029955,214715120.00
2022/09/13,14.96,15.33,14.86,14.91,6500646,139759712.00
2022/09/14,14.63,14.82,14.50,14.78,4712219,99029936.00
2022/09/15,14.78,14.91,13.98,14.20,6841122,140625040.00
2022/09/16,14.33,14.85,14.28,14.33,7798548,162457472.00
2022/09/19,14.29,14.63,13.95,14.06,4872749,99160656.00
2022/09/20,14.25,14.39,14.06,14.33,3757432,76829440.00
2022/09/21,14.25,14.48,13.93,14.41,4167733,85240120.00
2022/09/22,14.38,14.79,14.23,14.64,6814490,142769600.00
2022/09/23,14.61,14.63,14.04,14.18,4882778,100034416.00
2022/09/26,14.18,14.28,13.84,14.09,3695267,74634656.00
2022/09/27,14.15,14.58,14.08,14.56,4632233,95185656.00
2022/09/28,14.48,14.70,14.15,14.22,5051916,104569792.00
2022/09/29,14.39,14.47,14.06,14.21,2707893,55304848.00
2022/09/30,14.09,14.26,13.45,13.46,5319415,105414720.00
2022/10/10,13.50,13.63,12.73,12.81,4719688,88352136.00
2022/10/11,12.83,13.28,12.70,13.18,4573692,85785680.00
2022/10/12,13.24,14.04,13.06,14.04,7320020,143631136.00
2022/10/13,14.04,14.29,13.88,14.11,5184516,105192896.00
2022/10/14,14.17,14.46,14.12,14.41,5172880,106474832.00
2022/10/17,14.23,14.83,14.23,14.81,5054017,106432408.00
2022/10/18,14.91,15.11,14.58,15.03,5320080,113663608.00
2022/10/19,15.10,15.22,14.78,14.78,4358920,93473432.00
2022/10/20,14.71,15.18,14.51,14.90,5802857,123869752.00
2022/10/21,14.93,15.12,14.65,14.71,3504370,74302856.00
2022/10/24,14.65,15.01,14.51,14.58,4858742,102920344.00
2022/10/25,14.48,15.11,14.22,15.03,6912914,146054672.00
2022/10/26,14.88,15.30,14.87,15.08,5819389,125948864.00
2022/10/27,15.10,15.21,14.71,14.73,6308614,134932192.00
2022/10/28,14.61,14.89,13.99,14.10,5482375,113590744.00
2022/10/31,13.65,14.36,13.58,14.06,4492357,91068584.00
2022/11/01,14.08,14.64,13.92,14.56,4944833,101761936.00
2022/11/02,14.66,14.93,14.59,14.78,3837033,81430912.00
2022/11/03,14.59,15.07,14.57,15.03,4531380,96780880.00
2022/11/04,14.97,15.24,14.86,15.15,5606215,121201344.00
2022/11/07,15.08,15.33,14.93,15.02,4904420,106139576.00
2022/11/08,15.17,15.17,14.81,14.94,3566586,76275760.00
2022/11/09,14.96,15.21,14.77,15.02,4730037,101790176.00
2022/11/10,14.93,16.56,14.84,16.56,14150479,325110624.00
2022/11/11,17.01,17.15,16.33,16.58,19171688,456491136.00
2022/11/14,16.64,16.93,16.35,16.76,11382958,270694784.00
2022/11/15,16.68,18.43,16.61,18.11,23037766,586133184.00
2022/11/16,17.88,17.92,17.42,17.55,10777994,271267648.00
2022/11/17,17.40,17.95,16.96,17.83,9471584,236697536.00
2022/11/18,17.69,18.01,17.13,17.24,6962441,173862160.00
2022/11/21,17.05,17.14,16.76,17.14,4853831,117463704.00
2022/11/22,16.97,17.38,16.47,16.61,6591933,159869456.00
2022/11/23,16.75,16.76,15.98,16.42,5535228,128830880.00
2022/11/24,16.43,16.48,16.17,16.26,3347302,78155568.00
2022/11/25,16.34,17.93,16.23,16.96,13664744,333932064.00
2022/11/28,16.62,17.27,16.42,17.08,7972134,192988624.00
2022/11/29,16.81,17.26,16.73,17.25,7594177,185153120.00
2022/11/30,17.15,17.15,16.81,16.92,5575402,135087392.00
2022/12/01,17.08,17.34,16.86,16.92,5004190,121990896.00
2022/12/02,16.83,16.90,16.29,16.33,6394216,151363904.00
2022/12/05,16.36,16.48,16.15,16.47,3907060,91214032.00
2022/12/06,16.47,16.56,16.22,16.33,4252593,99543704.00
2022/12/07,16.24,16.28,15.78,15.85,5742476,131569456.00
2022/12/08,15.88,16.08,15.68,16.01,3259029,74350024.00
2022/12/09,16.03,16.15,15.74,15.87,3671954,83720240.00
2022/12/12,15.87,16.01,15.61,15.73,3775249,85350008.00
2022/12/13,15.83,15.88,15.36,15.36,4641149,103059112.00
2022/12/14,15.72,16.37,15.68,15.81,8295005,189493600.00
2022/12/15,15.63,17.07,15.46,16.73,11810321,280435840.00
2022/12/16,16.57,16.57,15.94,16.03,6584565,152425248.00
2022/12/19,15.91,16.15,15.46,15.51,3283331,73684472.00
2022/12/20,15.53,15.86,15.45,15.63,3233371,72192424.00
2022/12/21,15.60,15.61,14.95,14.99,4033691,87460952.00
2022/12/22,15.03,15.11,14.51,14.53,3606274,76186912.00
2022/12/23,14.46,14.58,14.03,14.16,3319961,67732480.00
2022/12/26,14.15,14.74,14.05,14.65,3885043,80901072.00
2022/12/27,14.68,14.93,14.44,14.74,3073873,64728792.00
2022/12/28,14.65,14.78,14.23,14.34,3012060,62168180.00
2022/12/29,14.40,14.49,14.23,14.23,2584565,53242876.00
2022/12/30,14.26,14.33,14.08,14.13,2389326,48681668.00
2023/01/03,13.90,14.47,13.82,14.38,3362132,68647240.00
2023/01/04,14.32,14.65,13.92,14.04,5936000,120905200.00
2023/01/05,14.12,14.60,13.95,14.54,5102860,104896416.00
2023/01/06,14.54,14.79,14.43,14.63,4215302,88337888.00
2023/01/09,14.65,15.04,14.62,15.00,4531517,96759856.00
2023/01/10,14.97,16.53,14.88,16.53,16443991,379736928.00
2023/01/11,16.63,16.78,16.23,16.32,17703331,418419776.00
2023/01/12,16.49,16.52,16.11,16.22,5932364,137824096.00
2023/01/13,16.41,16.51,16.15,16.25,6463275,150728256.00
2023/01/16,16.16,16.47,16.06,16.29,5071960,118143528.00
2023/01/17,16.43,17.04,16.31,16.71,9358909,224032176.00
2023/01/18,16.82,17.49,16.79,17.36,10603737,261139072.00
2023/01/19,17.18,18.08,16.98,17.78,10600969,266177344.00
2023/01/20,17.80,17.99,17.56,17.57,7011118,177737488.00
2023/01/30,17.71,17.88,17.32,17.35,6748469,168969184.00
2023/01/31,17.39,17.44,16.91,16.98,6994255,170516992.00
2023/02/01,17.06,17.28,16.91,17.23,5020727,122758048.00
2023/02/02,17.33,18.03,17.24,17.63,7702718,193789600.00
2023/02/03,17.63,17.69,17.06,17.36,5023489,124166184.00
2023/02/06,17.28,17.28,16.90,17.00,6056834,147499504.00
2023/02/07,17.03,17.28,16.96,17.11,3418676,83388856.00
2023/02/08,17.08,17.54,16.91,16.93,4041276,98912480.00
2023/02/09,16.81,17.63,16.80,17.58,6457751,159563472.00
2023/02/10,17.51,17.76,17.21,17.33,4996634,124775800.00
2023/02/13,17.26,18.09,17.16,17.71,8507559,215745456.00
2023/02/14,17.71,18.93,17.71,18.43,12965477,342949696.00
2023/02/15,18.21,18.83,18.02,18.65,10344882,273515232.00
2023/02/16,18.43,18.48,17.48,17.72,10586169,271878112.00
2023/02/17,17.72,17.78,16.95,16.95,5898089,145705200.00
2023/02/20,17.22,18.68,16.97,18.68,14555081,376416096.00
2023/02/21,19.03,19.21,18.65,18.86,14348311,386559136.00
2023/02/22,18.86,19.02,18.51,18.93,8631432,232204384.00
2023/02/23,18.83,19.56,18.73,19.29,12450111,342267392.00
2023/02/24,19.30,19.83,19.10,19.73,11275203,313501408.00
2023/02/27,19.51,19.51,18.62,18.86,11096161,299769504.00
2023/02/28,18.77,19.23,18.73,18.93,6348162,171577296.00
2023/03/01,18.91,18.91,18.43,18.77,6632571,176568944.00
2023/03/02,18.72,19.40,18.58,18.78,6580736,178164592.00
2023/03/03,18.78,19.19,18.73,18.79,4436958,119849280.00
2023/03/06,18.74,18.79,18.28,18.63,3811001,100548528.00
2023/03/07,18.61,18.65,18.16,18.21,3896180,102064336.00
2023/03/08,18.21,18.37,18.02,18.28,3512714,91252456.00
2023/03/09,18.30,18.37,18.02,18.08,3606649,93587816.00
2023/03/10,17.93,18.06,17.54,17.56,4692780,119002640.00
2023/03/13,17.71,17.75,17.28,17.73,2986366,74812176.00
2023/03/14,17.73,17.73,17.26,17.58,3329239,83372432.00
2023/03/15,17.86,18.85,17.81,18.00,9201604,239942128.00
2023/03/16,17.93,18.82,17.85,18.43,7177925,188483632.00
2023/03/17,18.51,18.70,18.29,18.56,5649801,149163920.00
2023/03/20,18.58,18.87,18.08,18.86,5723654,150562128.00
2023/03/21,18.64,19.41,18.58,19.32,6524513,178567664.00
2023/03/22,19.24,19.56,18.94,19.15,5881600,161305296.00
2023/03/23,19.01,19.51,18.65,19.43,6853181,186161408.00
2023/03/24,19.37,20.51,19.18,19.62,14982533,426055520.00
2023/03/27,19.56,19.77,19.02,19.13,7111543,195577872.00
2023/03/28,19.28,19.36,18.70,18.73,4463501,120850968.00
2023/03/29,18.79,18.99,18.43,18.61,5095634,135949440.00
2023/03/30,18.71,19.18,18.61,18.88,5444006,146905152.00
2023/03/31,18.81,19.06,18.53,18.71,3612728,96652976.00
2023/04/03,18.82,20.36,18.78,19.63,9172489,258728688.00
2023/04/04,19.57,20.05,19.42,19.76,6508106,182850880.00
2023/04/06,19.62,20.11,19.56,20.05,10276362,290552992.00
2023/04/07,20.01,20.22,19.30,19.33,7568744,211194192.00
2023/04/10,19.43,19.71,19.18,19.21,4695351,130225360.00
2023/04/11,19.15,19.43,18.93,19.20,4375760,119717912.00
2023/04/12,19.15,19.68,19.15,19.53,4118207,114216528.00
2023/04/13,19.51,19.51,18.44,18.89,8199302,220046928.00
2023/04/14,18.93,19.38,18.52,19.31,6758371,183699200.00
2023/04/17,19.16,19.78,18.94,19.35,5158685,142008144.00
2023/04/18,19.28,19.28,18.48,18.56,4727800,126144616.00
2023/04/19,18.51,20.06,18.51,19.31,11205942,312492160.00
2023/04/20,18.93,20.28,18.88,20.26,14702064,415789440.00
2023/04/21,20.83,21.86,19.36,19.43,24361409,711139008.00
2023/04/24,18.51,18.58,17.46,17.46,15102922,383402016.00
2023/04/25,16.93,17.04,15.68,15.68,10153014,233367216.00
2023/04/26,15.23,15.36,14.26,14.75,17680792,373421792.00
2023/04/27,14.69,15.28,14.65,14.76,10361518,220417712.00
2023/04/28,14.72,14.98,14.48,14.71,6730158,142032960.00
2023/05/04,14.63,14.74,14.12,14.30,5468289,112502896.00
2023/05/05,14.34,14.37,13.96,14.06,3600994,73047584.00
2023/05/08,14.06,14.20,13.91,14.03,4799742,96622064.00
2023/05/09,13.95,14.02,13.61,13.66,5996561,118542168.00
2023/05/10,13.71,13.72,13.39,13.68,3831922,74791120.00
2023/05/11,13.71,14.04,13.68,13.83,5015885,100003800.00
2023/05/12,13.83,13.92,13.56,13.56,3136420,61668580.00
2023/05/15,13.56,13.75,13.26,13.74,3943626,76457040.00
2023/05/16,13.76,13.90,13.51,13.61,4309345,84622632.00
2023/05/17,13.56,13.93,13.51,13.90,3816132,75612528.00
2023/05/18,13.90,14.31,13.88,14.20,6118557,124182032.00
2023/05/19,14.22,15.13,14.18,14.91,9292790,195485792.00
2023/05/22,14.91,15.27,14.73,15.00,7019488,150666096.00
2023/05/23,14.88,15.21,14.73,14.96,4380837,94177048.00
2023/05/24,14.86,15.31,14.81,15.08,4172040,90356920.00
2023/05/25,15.08,15.57,14.96,15.26,7221368,157300544.00
2023/05/26,15.23,15.43,15.18,15.36,4536055,99629648.00
2023/05/29,15.56,16.55,15.42,16.12,11671875,268519488.00
2023/05/30,16.12,16.12,15.64,15.73,7300256,164993504.00
2023/05/31,15.77,15.92,15.56,15.78,5089200,114502304.00
2023/06/01,15.71,15.87,15.47,15.68,4728684,106522712.00
2023/06/02,15.68,15.91,15.54,15.64,4534856,101736944.00
2023/06/05,15.79,15.96,15.71,15.76,3456584,78302792.00
2023/06/06,15.72,15.72,15.21,15.28,5434603,119618464.00
2023/06/07,15.37,15.53,15.14,15.27,4096496,63515012.00
2023/06/08,15.20,15.38,14.86,14.96,4905567,74835384.00
2023/06/09,14.91,15.38,14.75,15.31,5267717,80246480.00
2023/06/12,15.14,15.82,15.09,15.40,5324224,83641880.00
2023/06/13,15.28,15.33,15.00,15.03,9005260,137894464.00
2023/06/14,15.01,15.08,14.49,14.74,11351387,169254656.00
2023/06/15,14.71,15.27,14.60,15.06,10119730,153488704.00
2023/06/16,15.04,15.94,14.83,15.82,14291805,223984304.00
2023/06/19,16.03,16.47,15.82,16.11,17158445,280007200.00
2023/06/20,16.09,16.09,15.66,15.89,8271551,132734688.00
2023/06/21,15.84,17.50,15.24,17.50,13429696,225654848.00
2023/06/26,19.27,19.27,17.00,17.81,69300996,1265484544.00
2023/06/27,17.11,17.58,16.38,17.12,37054337,635739776.00
2023/06/28,16.50,16.51,15.81,15.94,27170940,441631648.00
2023/06/29,15.78,16.27,15.63,16.08,16320570,265078848.00
2023/06/30,16.05,16.56,15.75,16.41,17409130,287577408.00
2023/07/03,16.70,18.07,16.70,17.24,42728544,757617600.00
2023/07/04,17.35,17.68,16.90,17.30,29127118,510127936.00
2023/07/05,17.37,18.23,16.93,17.80,35036340,621693504.00
2023/07/06,17.37,18.17,17.20,17.65,30418878,547272320.00
2023/07/07,17.55,17.68,16.75,17.08,22645282,392930848.00
2023/07/10,17.37,17.38,16.67,16.72,12052425,205323728.00
2023/07/11,16.69,17.58,16.56,17.34,16696818,290958208.00
2023/07/12,17.08,17.27,16.71,16.75,13903792,238565968.00
2023/07/13,16.73,17.40,16.68,17.19,17481618,304013952.00
2023/07/14,17.19,17.73,17.10,17.17,16736384,293771552.00
2023/07/17,16.68,16.96,16.25,16.50,17443545,292236800.00
2023/07/18,16.60,16.94,16.28,16.29,12250369,205147664.00
2023/07/19,16.17,16.54,15.94,15.95,8909648,145382704.00
2023/07/20,15.98,16.06,15.44,15.48,10115611,160611968.00
2023/07/21,15.32,15.56,15.05,15.07,9103531,140556720.00
2023/07/24,15.03,15.26,14.89,15.02,5679409,87030192.00
2023/07/25,15.25,16.54,15.17,16.12,24003190,390752640.00
2023/07/26,16.07,16.15,15.55,15.55,11110513,177102480.00
2023/07/27,15.48,15.71,15.16,15.25,7844396,122422888.00
2023/07/28,15.24,15.63,15.08,15.42,7703618,120053032.00
2023/07/31,15.42,15.63,15.26,15.51,6137466,96278016.00
2023/08/01,15.52,15.58,15.33,15.38,4786741,74839768.00
2023/08/02,15.26,15.48,15.26,15.40,3678712,57305408.00
2023/08/03,15.31,15.65,14.99,15.33,9245272,142855360.00
2023/08/04,15.28,15.50,15.22,15.35,5446541,84737496.00
2023/08/07,15.37,15.54,15.18,15.29,6383920,99234248.00
2023/08/08,15.30,15.33,14.86,14.92,6767822,103282880.00
2023/08/09,14.88,14.96,14.81,14.83,3335067,50236872.00
2023/08/10,14.80,14.94,14.75,14.80,3350679,50283444.00
2023/08/11,14.80,14.89,14.44,14.49,4063168,60211504.00
2023/08/14,14.30,14.58,14.17,14.40,4142336,60115080.00
2023/08/15,14.38,14.47,13.88,14.00,6412536,91560504.00
2023/08/16,14.00,14.00,13.70,13.72,4470804,62581780.00
2023/08/17,13.72,14.06,13.55,14.04,5029300,70736560.00
2023/08/18,14.07,14.15,13.64,13.67,4341991,61125064.00
2023/08/21,13.77,13.77,13.39,13.41,4322070,59556988.00
2023/08/22,13.49,13.64,13.18,13.57,5234412,71271848.00
2023/08/23,13.51,13.56,13.22,13.22,4286783,58130820.00
2023/08/24,13.33,13.75,13.20,13.41,5297261,72458184.00
2023/08/25,13.31,13.40,12.80,12.85,5817481,76916144.00
2023/08/28,13.55,13.77,12.98,13.03,6510993,88361816.00
2023/08/29,13.01,13.72,12.91,13.67,7706008,105492944.00
2023/08/30,13.96,14.43,13.96,14.17,11622511,167012656.00
2023/08/31,14.08,14.29,13.91,14.13,6595762,94461392.00
2023/09/01,14.15,15.06,14.01,14.69,14781911,218024112.00
2023/09/04,15.33,15.89,15.14,15.54,25032104,392166016.00
2023/09/05,15.47,16.13,15.38,15.53,24137490,383762656.00
2023/09/06,15.51,16.05,15.31,16.03,22508660,360509312.00
2023/09/07,15.80,15.87,15.34,15.37,17247487,271877856.00
2023/09/08,15.32,15.80,15.32,15.78,13960992,220958144.00
2023/09/11,15.86,16.03,15.60,15.78,12325288,197222560.00
2023/09/12,15.63,15.98,15.56,15.78,9488130,151111296.00
2023/09/13,15.68,15.88,15.36,15.51,8699211,137039376.00
2023/09/14,15.60,15.65,15.22,15.42,7177648,111939104.00
2023/09/15,15.45,16.58,15.35,16.51,34571297,562904256.00
2023/09/18,16.44,16.44,15.65,15.86,22704134,365442528.00
2023/09/19,15.73,15.78,15.35,15.42,10499436,164743056.00
2023/09/20,15.41,15.53,14.89,14.90,11885440,181918768.00
2023/09/21,14.83,15.45,14.76,15.07,9139083,140308560.00
2023/09/22,15.05,15.41,14.88,15.38,10480829,161032864.00
2023/09/25,15.38,15.54,15.11,15.31,10888173,168847472.00
2023/09/26,15.14,15.65,14.88,15.32,12101623,187543168.00
2023/09/27,15.31,15.35,15.01,15.02,7541703,115789680.00
2023/09/28,15.13,15.46,15.00,15.38,7789039,120321024.00
2023/10/09,15.38,15.77,15.31,15.65,11177723,177001760.00
2023/10/10,15.70,15.79,15.55,15.61,8732249,138640288.00
2023/10/11,15.65,16.99,15.59,16.60,25877322,429232256.00
2023/10/12,16.48,16.83,16.21,16.74,20085103,336163968.00
2023/10/13,16.55,18.43,16.45,18.43,52561784,944817408.00
2023/10/16,18.37,18.37,17.34,17.90,41082332,735798400.00
2023/10/17,17.60,17.78,16.71,17.04,27464255,474948960.00
2023/10/18,16.84,17.29,16.70,16.85,18956852,324477056.00
2023/10/19,16.68,17.53,16.55,16.97,25237623,437977856.00
2023/10/20,16.50,17.14,16.18,16.59,19005830,320606880.00
2023/10/23,16.60,16.70,15.61,15.80,18733530,303313248.00
2023/10/24,15.93,16.42,15.47,15.94,15408532,248995536.00
2023/10/25,16.05,16.42,15.92,16.19,12602871,206849328.00
2023/10/26,16.19,16.49,15.86,16.35,15215471,249858496.00
2023/10/27,16.30,16.48,15.70,16.24,16543746,270582880.00
2023/10/30,16.11,17.20,16.09,17.14,27645867,471584224.00
2023/10/31,17.18,17.24,16.74,17.12,17142186,294443776.00
2023/11/01,17.15,17.70,16.86,17.54,21509192,377782304.00
2023/11/02,17.54,17.66,16.61,16.65,18258789,314085952.00
2023/11/03,16.66,17.28,16.65,17.12,14534604,251166976.00
2023/11/06,16.96,17.80,16.96,17.60,19493759,345052288.00
2023/11/07,17.70,18.07,17.53,17.71,16897787,303668544.00
2023/11/08,17.73,18.05,17.31,17.70,15103904,268941536.00
2023/11/09,17.72,17.90,17.15,17.20,13205431,232252928.00
2023/11/10,17.00,17.34,16.89,17.00,9467025,163502656.00
2023/11/13,17.08,17.32,16.92,17.06,10896917,188227072.00
2023/11/14,16.96,17.45,16.92,17.34,10057118,175737824.00
2023/11/15,17.47,17.56,17.16,17.30,8500317,148984704.00
2023/11/16,17.21,17.55,17.18,17.20,10759057,188518064.00
2023/11/17,17.04,17.38,16.97,17.24,10373189,180043584.00
2023/11/20,17.24,17.34,17.12,17.17,8452001,147177488.00
2023/11/21,17.19,17.25,16.39,16.43,18626820,313536032.00
2023/11/22,16.43,16.48,16.04,16.07,11704869,192030960.00
2023/11/23,16.12,17.04,16.00,16.77,19465161,329804896.00
2023/11/24,16.75,17.40,16.40,17.00,22511105,388669824.00
2023/11/27,17.00,17.78,16.98,17.59,28921603,514843904.00
2023/11/28,17.45,17.67,17.21,17.52,15361126,271335744.00
2023/11/29,17.56,17.84,17.45,17.58,16293737,290574176.00
2023/11/30,17.47,17.55,16.83,17.07,13794768,239385616.00
2023/12/01,17.10,17.13,16.68,16.78,11639692,197955168.00
2023/12/04,16.90,17.20,16.51,16.74,17432688,296341184.00
2023/12/05,16.70,16.74,15.99,15.99,15227383,249409328.00
2023/12/06,15.83,16.00,15.60,15.61,12023806,191691648.00
2023/12/07,15.60,15.92,15.49,15.68,10255998,162938528.00
2023/12/08,15.62,16.12,15.60,16.04,10161824,163804528.00
2023/12/11,16.05,16.26,15.86,16.20,8969520,146021792.00
2023/12/12,16.13,16.26,15.92,16.10,7069720,115127896.00
2023/12/13,16.09,16.18,15.88,16.03,5145687,83481744.00
2023/12/14,16.03,16.29,15.97,16.01,4706235,76755880.00
2023/12/15,16.01,16.14,15.77,15.88,4612981,74362112.00
2023/12/18,15.78,15.95,15.65,15.69,4635185,74076400.00
2023/12/19,15.83,15.83,15.51,15.64,3333291,52738772.00
2023/12/20,15.69,15.69,15.34,15.37,3949352,61906904.00
2023/12/21,15.31,16.02,15.17,15.93,7609845,120600768.00
2023/12/22,15.91,15.97,15.52,15.64,5078468,81044496.00
2023/12/25,15.63,15.95,15.35,15.92,6224876,99010832.00
2023/12/26,15.80,15.98,15.55,15.83,7518386,119615464.00
2023/12/27,15.83,15.88,15.20,15.57,8636094,135463312.00
2023/12/28,15.43,15.92,15.14,15.66,7983499,126253528.00
2023/12/29,15.61,16.15,15.60,16.15,10063707,162488592.00
2024/01/02,16.14,16.23,15.96,15.98,5004484,81242632.00
2024/01/03,16.03,16.29,15.67,15.88,6118840,98653536.00
2024/01/04,15.88,16.00,15.68,15.79,4501760,72096912.00
2024/01/05,15.72,15.89,15.31,15.42,5248500,82553840.00
2024/01/08,15.41,15.43,14.90,15.09,5408479,82774096.00
2024/01/09,15.11,15.28,14.75,14.93,4778373,72704368.00
2024/01/10,15.00,15.03,14.48,14.67,4488897,67005380.00
2024/01/11,14.66,15.03,14.51,14.92,3823100,57690408.00
2024/01/12,14.92,15.02,14.60,14.64,3103896,46556856.00
2024/01/15,14.55,14.73,14.35,14.56,3739721,55263504.00
2024/01/16,14.54,14.56,14.20,14.36,4643604,67581216.00
2024/01/17,14.34,14.38,13.93,14.00,3241486,46411540.00
2024/01/18,13.92,14.15,13.48,14.03,7538290,105135520.00
2024/01/19,14.00,14.32,13.80,13.82,4250434,60255816.00
2024/01/22,13.80,13.80,12.80,12.90,6878540,92474984.00
2024/01/23,12.90,13.03,12.67,12.94,5451548,71288016.00
2024/01/24,12.96,13.09,12.26,12.75,7422711,95138960.00
2024/01/25,12.81,13.58,12.67,13.53,9318307,124941128.00
2024/01/26,13.53,13.67,13.30,13.37,6223603,84842144.00
2024/01/29,13.38,13.50,12.87,12.87,4890003,64833048.00
2024/01/30,12.84,12.99,12.30,12.33,4511911,57937608.00
2024/01/31,12.24,12.35,11.55,11.65,9047045,109121136.00
2024/02/01,11.55,11.82,11.12,11.48,7249962,84634464.00
2024/02/02,11.50,11.76,10.31,10.66,10147706,112127488.00
2024/02/05,10.60,10.60,9.57,9.57,12609208,125897280.00
2024/02/06,9.11,10.35,8.80,10.03,13147508,127132640.00
2024/02/07,10.03,10.50,9.82,10.13,10709698,110853392.00
2024/02/08,10.30,11.15,10.22,11.07,10426286,113469248.00
2024/02/19,11.23,11.94,11.23,11.88,11596911,136297712.00
2024/02/20,11.74,11.82,11.47,11.76,6234832,73804848.00
2024/02/21,11.70,12.14,11.52,11.75,7341776,88881864.00
2024/02/22,11.68,12.10,11.67,12.04,6884006,83777560.00
2024/02/23,12.22,12.49,11.98,12.42,7144171,88609544.00
2024/02/26,12.45,12.97,12.44,12.71,9294679,119996656.00
2024/02/27,12.80,14.00,12.62,14.00,15074910,206337792.00
2024/02/28,14.40,14.68,12.83,12.90,26231240,371582240.00
2024/02/29,12.71,13.90,12.71,13.56,17868822,243814592.00
2024/03/01,13.59,13.97,13.46,13.73,14326584,199215152.00
2024/03/04,13.75,13.90,13.35,13.64,10775103,149003312.00
2024/03/05,13.48,13.62,13.25,13.33,9094265,124019632.00
2024/03/06,13.18,13.60,13.00,13.40,9079667,122901848.00
2024/03/07,13.67,13.79,13.10,13.13,8474918,115305848.00
2024/03/08,13.15,13.48,13.07,13.45,7360754,99648048.00
2024/03/11,13.28,13.50,13.23,13.50,7153748,97142536.00
2024/03/12,13.53,13.99,13.41,13.82,11914703,165663312.00
2024/03/13,13.87,14.13,13.85,13.93,11832321,167846496.00
2024/03/14,13.85,13.99,13.62,13.77,7677889,107356888.00
2024/03/15,13.76,14.06,13.60,14.04,10119280,141954080.00
2024/03/18,14.02,14.32,13.98,14.32,11778448,169490128.00
2024/03/19,14.25,14.49,14.12,14.31,9618724,139485232.00
2024/03/20,14.33,14.94,14.30,14.76,14637652,217399712.00
2024/03/21,14.76,14.91,14.54,14.77,11375191,169562848.00
2024/03/22,14.77,14.77,14.27,14.29,10295039,150947984.00
2024/03/25,14.29,14.58,13.88,13.88,12551504,181039280.00
2024/03/26,13.94,14.34,13.90,14.04,9224693,131855600.00
2024/03/27,13.89,14.00,13.30,13.32,10775875,148238080.00
2024/03/28,13.42,13.85,13.32,13.63,9990307,138202640.00
2024/03/29,13.60,13.91,13.59,13.82,7201301,100317936.00
2024/04/01,13.82,14.02,13.82,13.86,7390162,104180416.00
2024/04/02,13.93,13.95,13.65,13.73,7123631,99760040.00
2024/04/03,13.80,13.82,13.18,13.52,7177964,98197528.00
2024/04/08,13.48,13.60,13.06,13.07,6226103,83944848.00
2024/04/09,13.02,13.45,13.01,13.43,5610170,75622312.00
2024/04/10,13.40,13.42,12.76,12.92,8053523,105985280.00
2024/04/11,12.90,13.10,12.77,12.80,4880625,64069112.00
2024/04/12,12.82,13.05,12.60,12.73,6094837,79326848.00
2024/04/15,12.80,12.88,12.08,12.28,9165379,115254680.00
2024/04/16,12.27,12.32,11.39,11.64,9459732,112476488.00
2024/04/17,11.82,12.52,11.82,12.51,6603124,82488016.00
2024/04/18,12.53,12.72,12.23,12.48,5225103,66405952.00
2024/04/19,12.50,12.50,12.03,12.08,4815968,59509408.00
2024/04/22,12.06,12.35,11.75,12.15,4761603,58403608.00
2024/04/23,12.25,12.40,12.15,12.27,3754472,46774892.00
2024/04/24,12.27,12.85,12.27,12.85,6329442,81113136.00
2024/04/25,12.89,13.10,12.72,13.02,4467388,58884956.00
2024/04/26,12.96,13.56,12.96,13.41,6329772,85573432.00
2024/04/29,13.57,13.88,13.57,13.74,7699765,107473360.00
2024/04/30,13.74,13.80,13.43,13.62,6168784,85276072.00
2024/05/06,13.93,13.93,13.66,13.77,5408727,75492288.00
2024/05/07,13.78,13.98,13.61,13.74,5190795,72693760.00
2024/05/08,13.75,13.75,13.40,13.44,4514332,61948408.00
2024/05/09,13.48,13.63,13.38,13.44,6263847,85775056.00
2024/05/10,13.43,13.53,13.15,13.19,4617659,62222336.00
2024/05/13,13.10,13.13,12.87,12.96,4538036,59906608.00
2024/05/14,13.03,13.32,12.97,13.06,3528524,46897032.00
2024/05/15,13.10,13.24,12.90,12.93,3260879,43211368.00
2024/05/16,12.97,13.27,12.89,12.94,3772396,49971644.00
2024/05/17,12.92,13.24,12.88,13.17,4422801,58790320.00
2024/05/20,13.23,13.40,13.15,13.26,5057292,68156376.00
2024/05/21,13.26,13.34,13.09,13.24,3721200,49951112.00
2024/05/22,13.26,13.42,13.15,13.40,4902256,66291756.00
2024/05/23,13.41,13.41,12.98,13.01,5127138,68495040.00
2024/05/24,12.98,13.09,12.70,12.71,4185261,54673588.00
2024/05/27,12.71,12.97,12.45,12.97,5344488,69030168.00
2024/05/28,13.02,13.31,12.83,12.92,6134320,81556672.00
2024/05/29,13.00,13.15,12.84,12.91,4039008,53177188.00
2024/05/30,12.81,13.18,12.70,13.07,5785228,76509568.00
2024/05/31,13.07,13.53,13.03,13.44,7883022,106997136.00
2024/06/03,13.54,13.65,13.12,13.27,7287765,99144680.00
2024/06/04,13.23,13.26,12.63,12.89,9577424,124760448.00
2024/06/05,12.87,13.18,12.72,12.83,6513531,85863792.00
2024/06/06,12.89,13.27,12.34,12.43,10084990,129878696.00
2024/06/07,12.47,12.75,12.36,12.54,5630590,71823472.00
2024/06/11,12.52,13.08,12.31,13.05,8993674,117228920.00
2024/06/12,13.05,13.34,13.00,13.23,7431136,99472888.00
2024/06/13,13.25,13.45,13.15,13.33,7621021,103308544.00
2024/06/14,13.34,13.55,13.23,13.50,8183404,111496408.00
2024/06/17,13.43,13.75,13.33,13.67,9482153,130750472.00
2024/06/18,13.60,14.06,13.56,13.77,13099750,183337712.00
2024/06/19,13.65,13.96,13.48,13.64,11387813,157743472.00
2024/06/20,13.58,13.88,13.32,13.38,11206896,154046048.00
2024/06/21,13.17,13.38,12.82,13.19,9630110,128672272.00
2024/06/24,13.06,13.29,12.53,12.58,8493596,110409720.00
2024/06/25,12.73,12.78,12.15,12.45,9467204,118707920.00
2024/06/26,12.33,13.13,12.17,13.11,8902223,113877728.00
2024/06/27,13.16,13.28,12.83,12.84,7633747,100559536.00
2024/06/28,12.71,13.80,12.69,13.52,14171986,192035632.00
2024/07/01,13.52,13.66,13.21,13.54,8143487,110205552.00
2024/07/02,13.53,13.53,13.08,13.19,8124448,108763264.00
2024/07/03,13.18,13.21,12.78,12.87,5956233,77644416.00
2024/07/04,12.86,13.04,12.50,12.52,5227652,67258416.00
2024/07/05,12.45,12.63,12.13,12.51,7968423,99061848.00
2024/07/08,12.50,12.60,12.20,12.27,4773836,59724096.00
2024/07/09,12.37,13.51,12.26,13.26,23797118,317253504.00
2024/07/10,13.01,13.77,13.01,13.43,20172661,274603296.00
2024/07/11,13.59,14.08,13.48,13.90,17173571,239528800.00
2024/07/12,13.76,13.88,13.58,13.76,9634684,133373000.00
2024/07/15,13.80,13.85,13.48,13.51,6762378,92913656.00
2024/07/16,13.53,13.97,13.40,13.81,9569944,132302800.00
2024/07/17,13.81,13.92,13.50,13.54,8927703,123078952.00
2024/07/18,13.42,13.58,12.87,13.41,12700485,169390496.00
2024/07/19,13.39,14.07,13.38,13.84,21572324,301439968.00
2024/07/22,13.74,13.96,13.55,13.74,14393856,198988640.00
2024/07/23,13.76,13.78,13.06,13.07,12610320,169873392.00
2024/07/24,12.98,13.49,12.86,12.89,10652672,141128736.00
2024/07/25,12.76,13.10,12.66,12.92,6769796,87946392.00
2024/07/26,13.06,13.13,12.87,12.98,7309588,95922560.00
2024/07/29,12.98,13.05,12.80,12.88,5712205,74444040.00
2024/07/30,12.82,13.31,12.68,13.21,9542496,125499288.00
2024/07/31,13.18,13.57,13.06,13.56,10619507,143789376.00
2024/08/01,13.50,13.78,13.48,13.59,9894610,136125296.00
2024/08/02,13.44,13.62,13.15,13.18,7748932,104646392.00
2024/08/05,12.96,13.24,12.54,12.62,10825720,140777328.00
2024/08/06,12.73,12.91,12.52,12.68,7440226,94930016.00
2024/08/07,12.68,12.92,12.62,12.79,6296798,81264392.00
2024/08/08,12.73,12.84,12.44,12.83,7590109,96934888.00
2024/08/09,12.94,13.11,12.71,12.72,5784060,75254920.00
2024/08/12,12.68,12.72,12.51,12.53,3744480,47589872.00
2024/08/13,12.54,12.64,12.38,12.58,4036603,50999224.00
2024/08/14,12.59,12.63,12.42,12.43,3143001,39652784.00
2024/08/15,12.38,12.65,12.28,12.47,5771312,72749384.00
2024/08/16,12.48,13.48,12.48,13.28,22432461,296057056.00
2024/08/19,13.28,13.49,13.09,13.15,19925224,267199520.00
2024/08/20,13.01,13.20,12.59,12.63,12824380,165025520.00
2024/08/21,12.64,13.35,12.58,12.89,13831780,181722720.00
2024/08/22,12.89,13.09,12.56,12.64,11661667,150306736.00
2024/08/23,12.48,13.01,12.48,12.91,13208864,170905120.00
2024/08/26,12.88,12.90,12.60,12.73,10045940,128796416.00
2024/08/27,12.59,12.71,12.33,12.38,9215820,115836208.00
2024/08/28,12.40,12.51,12.17,12.44,6202200,77445928.00
2024/08/29,12.29,12.58,12.29,12.55,6634684,83754784.00
2024/08/30,12.58,13.13,12.55,12.97,17436897,228080288.00
2024/09/02,12.96,13.06,12.61,12.61,9984176,129134024.00
2024/09/03,12.69,12.90,12.60,12.82,7110057,91737520.00
2024/09/04,12.72,12.77,12.51,12.59,6832953,87094176.00
2024/09/05,12.59,12.71,12.50,12.57,5833388,74176664.00
2024/09/06,12.54,12.58,12.34,12.37,6462521,80982008.00
2024/09/09,12.28,12.48,12.26,12.39,4415002,55190512.00
2024/09/10,12.38,12.85,12.23,12.69,7487748,94491384.00
2024/09/11,12.54,12.68,12.32,12.41,5732551,72316368.00
2024/09/12,12.41,12.52,12.25,12.27,4566400,56997080.00
2024/09/13,12.32,12.36,12.14,12.14,3775549,46610280.00
2024/09/18,12.36,12.45,12.14,12.28,5109952,63361960.00
2024/09/19,12.30,12.53,12.18,12.42,6641038,82990152.00
2024/09/20,12.47,12.47,11.84,11.85,10884471,132421520.00
2024/09/23,11.86,11.98,11.72,11.89,4351019,52241088.00
2024/09/24,11.89,12.16,11.80,12.15,8375816,101706256.00
2024/09/25,12.21,12.48,12.19,12.19,9584253,119474272.00
2024/09/26,12.10,12.47,12.10,12.46,10195306,126806304.00
2024/09/27,12.64,12.96,12.57,12.96,11299066,145489360.00
2024/09/30,13.55,14.27,13.18,14.27,32470028,454935456.00
2024/10/08,15.71,15.71,14.45,15.71,41993525,651802624.00
2024/10/09,15.37,15.93,14.68,14.83,30553894,469944192.00
2024/10/10,14.97,15.20,14.41,14.60,20345650,302949888.00
2024/10/11,14.43,14.63,13.64,13.74,18219552,257755568.00
2024/10/14,13.82,14.17,13.58,14.16,13637892,191472496.00
2024/10/15,14.07,14.38,13.86,13.87,13549296,192985408.00
2024/10/16,13.62,14.00,13.54,13.81,12633797,175173968.00
2024/10/17,13.88,14.15,13.73,13.76,11329664,159270768.00
2024/10/18,13.69,14.64,13.66,14.35,20920076,300437888.00
2024/10/21,14.58,15.02,14.40,14.78,25779338,382417600.00
2024/10/22,14.78,14.99,14.61,14.78,17969920,268282256.00
2024/10/23,14.69,15.06,14.62,14.72,17018177,254252608.00
2024/10/24,14.76,14.94,14.53,14.84,14256403,212233216.00
2024/10/25,14.88,15.13,14.78,15.10,20773106,313610304.00
2024/10/28,15.23,15.27,14.99,15.11,16813316,255556304.00
2024/10/29,15.25,15.60,15.03,15.14,21445521,330014272.00
2024/10/30,15.17,15.28,14.88,15.19,16556645,251545664.00
2024/10/31,15.21,15.63,14.99,15.48,23777843,369463456.00
2024/11/01,15.51,15.85,14.67,14.70,22559833,344015456.00
2024/11/04,14.48,15.51,14.45,15.32,18952878,289801760.00
2024/11/05,15.31,15.76,15.21,15.75,22613217,355117696.00
2024/11/06,16.38,16.67,15.83,16.01,30500594,496665248.00
2024/11/07,16.00,16.32,15.88,16.22,23121419,375770944.00
2024/11/08,16.26,16.59,16.08,16.14,22668243,372259136.00
2024/11/11,16.52,17.50,16.33,17.30,34362947,588375680.00
2024/11/12,17.32,17.32,16.58,16.89,21636715,369616416.00
2024/11/13,16.86,16.86,16.15,16.65,15535439,258214352.00
2024/11/14,16.53,16.66,15.78,15.90,14189969,231034080.00
2024/11/15,15.88,16.25,15.63,15.81,16717213,268361344.00
2024/11/18,15.97,16.13,15.32,15.40,13727957,217155648.00
2024/11/19,15.44,15.84,15.29,15.83,10805437,169225136.00
2024/11/20,15.77,16.13,15.59,16.02,11830240,189779536.00
2024/11/21,15.95,16.21,15.81,16.08,11927353,193076288.00
2024/11/22,15.97,16.16,15.21,15.24,12971932,205484352.00
2024/11/25,15.28,15.43,14.90,15.43,9585832,146253744.00
2024/11/26,15.35,15.52,15.19,15.25,7062376,109208432.00
2024/11/27,15.26,15.44,14.89,15.44,8213453,125405056.00
2024/11/28,15.44,15.73,15.28,15.47,9130884,142747392.00
2024/11/29,15.46,16.13,15.21,15.82,12630564,199033408.00
2024/12/02,15.81,16.38,15.76,16.28,15727999,256589952.00
2024/12/03,16.36,16.57,16.17,16.23,15316824,252609264.00
2024/12/04,16.46,16.68,15.98,16.05,14267008,234492688.00
2024/12/05,15.93,16.31,15.91,16.15,11220495,182707216.00
2024/12/06,16.17,16.20,15.78,15.95,13521851,217536480.00
2024/12/09,15.98,16.26,15.88,16.04,13658058,220887648.00
2024/12/10,16.51,16.88,16.22,16.48,29334760,489696480.00
2024/12/11,16.48,17.15,16.32,17.00,29626445,502582656.00
2024/12/12,16.69,16.88,16.54,16.77,17760250,298854688.00
2024/12/13,16.68,16.74,16.25,16.27,16504004,273845120.00
2024/12/16,16.23,16.28,15.86,15.99,10627164,172052416.00
2024/12/17,15.98,15.98,15.21,15.32,14166005,221622208.00
2024/12/18,15.39,16.18,15.14,15.95,15156960,240756240.00
2024/12/19,15.72,16.05,15.69,15.96,8506031,136126320.00
2024/12/20,15.88,16.50,15.84,16.33,12886655,211492032.00
2024/12/23,16.33,16.38,15.46,15.46,13786847,219296800.00
2024/12/24,15.61,15.93,15.34,15.79,9503142,149603360.00
2024/12/25,15.68,15.74,15.23,15.39,9762640,151892032.00
2024/12/26,15.38,16.24,15.21,16.07,15766596,253721808.00
2024/12/27,16.04,16.23,15.82,15.87,9959962,160836048.00
2024/12/30,15.77,16.01,15.39,15.68,8465560,134275392.00
2024/12/31,15.64,15.82,14.83,14.86,15687136,238772288.00
2025/01/02,14.85,14.88,14.24,14.39,11411288,167021072.00
2025/01/03,14.47,14.54,13.81,13.90,9631584,137255840.00
2025/01/06,13.90,14.01,13.58,13.83,6524476,90684136.00
2025/01/07,13.84,14.13,13.75,14.11,7772011,109139392.00
2025/01/08,13.98,14.08,13.40,13.92,11717445,162648384.00
2025/01/09,13.87,14.50,13.83,14.15,12830900,183961888.00
2025/01/10,14.06,14.58,13.88,13.90,13070169,188284240.00
2025/01/13,13.66,14.05,13.50,13.91,6958116,96680024.00
2025/01/14,14.01,14.75,13.91,14.74,13323233,193865424.00
2025/01/15,14.59,14.71,14.38,14.47,8560360,125399216.00
2025/01/16,14.50,14.71,14.33,14.51,8385808,122763744.00
2025/01/17,14.39,14.69,14.38,14.51,8098520,118707312.00
2025/01/20,14.65,14.68,14.50,14.56,8171888,120229528.00
2025/01/21,14.59,15.06,14.53,14.99,12524112,187364864.00
2025/01/22,14.93,15.28,14.85,15.03,11315168,171772592.00
2025/01/23,15.17,15.30,14.81,14.81,11072658,168480560.00
2025/01/24,14.71,15.12,14.68,15.09,8878116,133751192.00
2025/01/27,15.09,15.16,14.58,14.61,8159640,121858616.00
2025/02/05,14.83,15.08,14.70,15.02,7596919,114266296.00
2025/02/06,14.89,15.58,14.88,15.58,14441676,223595248.00
2025/02/07,15.56,15.88,15.33,15.54,15812054,248904128.00
2025/02/10,15.53,15.63,15.43,15.62,10398408,162966736.00
2025/02/11,15.64,16.01,15.48,15.70,13324888,211087088.00
2025/02/12,15.58,16.00,15.55,15.98,14941873,238550912.00
2025/02/13,15.98,16.03,15.44,15.45,13735824,216484048.00
2025/02/14,15.41,16.30,15.32,16.05,24402713,392400768.00
2025/02/17,16.19,16.34,15.85,16.05,18145016,293458912.00
2025/02/18,15.98,16.06,15.48,15.55,14261152,226497984.00
2025/02/19,15.48,16.23,15.48,16.21,22217964,358921152.00
2025/02/20,16.43,16.89,16.36,16.68,32886030,550164928.00
2025/02/21,16.60,16.74,16.53,16.64,20049516,335651968.00
2025/02/24,16.64,17.22,16.60,16.83,24557255,417218464.00
2025/02/25,16.46,16.86,16.38,16.60,13369842,224380800.00
2025/02/26,16.60,17.88,16.60,17.58,37733277,659627776.00
2025/02/27,17.48,18.03,17.19,17.79,34534852,613212800.00
2025/02/28,17.88,17.97,16.52,16.62,28545649,492495648.00
2025/03/03,16.66,16.85,16.13,16.37,21385370,355371456.00
2025/03/04,16.21,16.72,16.20,16.68,16257143,270883936.00
2025/03/05,16.63,16.83,16.40,16.69,13535436,226264672.00
2025/03/06,16.76,17.06,16.70,16.78,19476152,330518496.00
2025/03/07,16.64,16.96,16.48,16.67,16762763,282057920.00
2025/03/10,16.68,16.96,16.57,16.88,15934016,269634112.00
2025/03/11,16.63,17.23,16.57,16.97,16759913,285368000.00
2025/03/12,17.13,17.17,16.84,16.87,15767712,269698848.00
2025/03/13,16.81,16.83,16.03,16.27,17519020,288357120.00
2025/03/14,16.35,16.68,16.06,16.62,14123149,234266000.00
2025/03/17,16.73,17.02,16.52,16.85,12625216,213706416.00
2025/03/18,16.90,17.00,16.71,16.90,11004734,186960640.00
2025/03/19,17.00,17.72,16.91,17.05,27931812,484100192.00
2025/03/20,17.18,17.29,16.85,17.06,17098668,294028864.00
2025/03/21,17.04,17.04,16.26,16.36,16622708,277237824.00
2025/03/24,16.36,16.41,15.39,15.94,14305136,228449664.00
2025/03/25,15.94,16.10,15.65,15.83,8718032,139441728.00
2025/03/26,15.84,16.26,15.79,16.10,8854400,143701504.00
2025/03/27,15.99,16.46,15.73,16.24,10731940,175094752.00
2025/03/28,16.40,16.89,15.91,15.91,12953086,213644768.00
2025/03/31,15.85,15.95,15.32,15.59,10596548,165958544.00
2025/04/01,15.65,15.83,15.54,15.64,7260104,114726872.00
2025/04/02,15.68,16.09,15.59,15.71,7879904,125454264.00
2025/04/03,15.49,15.79,15.20,15.25,8814424,137101312.00
2025/04/07,14.38,14.38,13.71,13.71,9785596,136588016.00
2025/04/08,13.53,13.69,12.53,12.92,18221668,240052960.00
2025/04/09,12.68,13.36,12.00,13.31,13781280,178818016.00
2025/04/10,13.65,13.91,13.53,13.59,12860728,177834912.00
2025/04/11,13.39,14.37,13.38,14.13,16945239,239227904.00
2025/04/14,14.37,14.44,14.12,14.18,11375157,163440272.00
2025/04/15,14.20,14.28,13.94,14.03,6409112,90865872.00
2025/04/16,13.92,14.03,13.48,13.73,7111080,98497448.00
2025/04/17,13.55,13.91,13.55,13.72,4946720,68874688.00
2025/04/18,13.63,13.87,13.60,13.80,4585424,63547496.00
2025/04/21,13.70,14.12,13.68,14.06,5592816,78677080.00
2025/04/22,14.06,14.12,13.85,13.96,5017079,70628448.00
2025/04/23,14.08,14.28,14.07,14.23,8196908,117272896.00
2025/04/24,14.12,14.24,13.78,13.91,6137190,86386440.00
2025/04/25,13.91,14.05,13.78,13.87,5319708,74661768.00
2025/04/28,13.78,13.88,13.61,13.67,4110412,56837644.00
2025/04/29,12.88,13.23,12.60,13.16,13389444,175358208.00
2025/04/30,13.27,13.54,13.17,13.33,6652380,89715552.00
2025/05/06,13.53,13.91,13.47,13.90,7170612,99516376.00
2025/05/07,14.05,14.11,13.78,13.92,7085000,99498944.00
2025/05/08,13.93,14.15,13.88,14.13,5548515,78781440.00
2025/05/09,14.13,14.14,13.80,13.92,5646548,79305808.00
2025/05/12,14.04,14.25,14.03,14.21,6470084,92331584.00
2025/05/13,14.34,14.44,14.11,14.15,7139548,102621600.00
2025/05/14,14.13,14.25,13.88,14.01,6775119,95834496.00
2025/05/15,14.03,14.03,13.70,13.70,6131958,85259232.00
2025/05/16,13.68,13.85,13.66,13.71,4212684,58558248.00
2025/05/19,13.72,13.78,13.50,13.67,4869148,66949728.00
2025/05/20,13.72,13.81,13.56,13.80,4521840,62605264.00
2025/05/21,13.82,13.82,13.54,13.65,5779704,79391032.00
2025/05/22,13.59,13.80,13.41,13.44,5513536,75504760.00
2025/05/23,13.48,13.65,13.28,13.31,5696763,77427632.00
2025/05/26,13.38,13.53,13.29,13.47,3980428,53991688.00
2025/05/27,13.53,13.53,13.19,13.28,5106027,68385848.00
2025/05/28,13.26,13.37,13.15,13.19,3504245,46868968.00
2025/05/29,13.17,13.51,13.17,13.46,5656639,76576112.00
2025/05/30,13.41,13.43,13.18,13.20,5220160,69760800.00
2025/06/03,13.20,13.28,13.17,13.23,3194716,42614456.00
2025/06/04,13.23,13.48,13.19,13.46,4816920,64979720.00
2025/06/05,13.43,13.76,13.34,13.70,7216871,98857416.00
2025/06/06,13.76,13.76,13.58,13.64,4329679,59577792.00
2025/06/09,13.64,14.01,13.64,13.88,7462783,104272400.00
2025/06/10,13.84,13.97,13.64,13.73,8039522,111869816.00
2025/06/11,13.91,13.91,13.75,13.78,4447566,61976160.00
2025/06/12,13.69,14.16,13.67,13.85,9445968,132870032.00
2025/06/13,13.68,13.96,13.65,13.93,11485678,160052768.00
2025/06/16,13.93,13.97,13.72,13.76,6772856,94207680.00
2025/06/17,13.77,13.83,13.67,13.72,4147272,57442968.00
2025/06/18,13.67,13.96,13.62,13.87,7141233,99723312.00
2025/06/19,13.83,14.12,13.75,13.88,12209194,171893344.00
2025/06/20,13.81,14.13,13.69,14.02,8431070,117690456.00
2025/06/23,13.96,14.33,13.86,14.29,10025023,142625968.00
2025/06/24,14.27,14.55,14.17,14.55,12286108,177582112.00
2025/06/25,14.59,14.61,14.39,14.54,10581018,153496384.00
2025/06/26,14.54,14.60,14.39,14.39,8725892,126800752.00
2025/06/27,14.42,14.56,14.39,14.41,7258424,105280288.00
2025/06/30,14.51,14.69,14.46,14.64,9591613,140392272.00
2025/07/01,14.64,14.78,14.51,14.64,7482005,109768344.00
2025/07/02,14.56,14.57,14.28,14.35,8509181,122838720.00
2025/07/03,14.31,14.55,14.28,14.50,6406496,92789528.00
2025/07/04,14.49,14.50,14.19,14.20,6379907,91386112.00
2025/07/07,14.18,14.26,14.07,14.14,3488568,49480780.00
2025/07/08,14.22,14.54,14.16,14.36,5921800,85306352.00
2025/07/09,14.32,14.46,14.29,14.33,4964578,71524720.00
2025/07/10,14.29,14.41,14.22,14.33,4168648,59796600.00
2025/07/11,14.33,14.43,14.20,14.34,6109602,87712576.00
2025/07/14,14.36,14.48,14.31,14.46,6695693,96920896.00
2025/07/15,14.26,14.29,13.99,14.15,11790827,167087344.00
2025/07/16,14.15,14.28,14.05,14.10,5455607,77510696.00
2025/07/17,14.16,15.51,14.09,15.51,38797921,596746432.00
2025/07/18,16.60,16.94,15.63,15.66,79598800,1293144960.00
2025/07/21,15.39,15.84,15.31,15.36,42258289,655714880.00
2025/07/22,15.18,15.34,15.00,15.07,28714579,435748640.00
2025/07/23,14.99,15.21,14.88,15.08,20524598,310320000.00
2025/07/24,15.11,15.16,15.03,15.13,15087231,228338704.00
2025/07/25,15.11,15.45,15.02,15.45,21527648,328858080.00
2025/07/28,15.62,15.71,15.42,15.53,20562660,320118944.00
2025/07/29,15.42,15.65,15.35,15.56,14670944,228380816.00
2025/07/30,15.56,15.59,15.05,15.14,15074167,230354720.00
2025/07/31,15.06,15.32,15.06,15.08,11371409,173064672.00
2025/08/01,15.01,15.36,14.97,15.16,10010125,151636560.00
2025/08/04,15.03,15.36,15.01,15.32,9065785,138307456.00
2025/08/05,15.39,15.75,15.24,15.60,17664571,274883680.00
2025/08/06,15.61,15.96,15.43,15.96,23426545,369678784.00
2025/08/07,15.96,15.96,15.62,15.71,16400548,258862736.00
2025/08/08,15.71,15.71,15.42,15.48,12098354,188158400.00
2025/08/11,15.48,15.72,15.47,15.67,11603556,181811216.00
2025/08/12,15.65,15.75,15.46,15.54,10783981,168428976.00
2025/08/13,15.54,15.74,15.50,15.72,13965522,218839312.00
2025/08/14,15.72,15.79,15.24,15.24,13570935,210413280.00
2025/08/15,15.10,15.60,15.10,15.58,12939927,200644816.00
2025/08/18,15.84,16.11,15.62,15.90,22346395,355075808.00
2025/08/19,15.92,16.18,15.81,16.07,19366347,310661152.00
2025/08/20,16.11,16.31,15.99,16.23,18439726,298473888.00
2025/08/21,16.41,16.81,16.06,16.33,26720741,437673504.00
2025/08/22,16.18,16.32,16.12,16.26,17031304,276885888.00
2025/08/25,16.27,16.40,16.06,16.20,18097212,294069952.00
2025/08/26,16.12,16.37,16.04,16.21,14884002,242674704.00
2025/08/27,16.20,16.40,15.74,15.76,18547459,299809568.00
2025/08/28,15.77,16.10,15.41,16.10,17587101,278806176.00
2025/08/29,16.10,16.11,15.67,15.73,11226700,177480560.00
2025/09/01,15.71,16.03,15.65,15.75,9968506,157766672.00
2025/09/02,15.77,15.81,15.06,15.15,15358355,235256896.00
2025/09/03,15.16,15.23,14.52,14.57,12420714,185041456.00
2025/09/04,14.64,14.85,14.16,14.37,11169086,162713456.00
2025/09/05,14.41,14.68,14.34,14.66,9846086,143803232.00
2025/09/08,14.61,14.89,14.55,14.87,10088708,148944864.00
2025/09/09,14.79,14.79,14.46,14.57,8383316,122847352.00
2025/09/10,14.58,14.81,14.56,14.66,7382031,108663616.00
2025/09/11,14.66,15.11,14.47,15.11,14198740,212751616.00
2025/09/12,15.13,15.24,14.94,15.12,11781342,178485024.00
2025/09/15,15.26,15.29,14.86,14.90,8287039,124631808.00
2025/09/16,14.90,15.11,14.86,15.10,7543651,113592120.00
2025/09/17,15.07,15.40,15.07,15.28,10291020,157774800.00
2025/09/18,15.31,15.88,15.21,15.37,20343109,316703040.00
2025/09/19,15.38,15.66,15.23,15.35,10792672,166816416.00
2025/09/22,15.36,15.65,15.32,15.59,10364740,161334400.00
2025/09/23,15.59,15.69,15.09,15.47,11840593,181702144.00
2025/09/24,15.42,16.10,15.31,15.96,19609670,310844320.00
2025/09/25,15.96,16.07,15.83,15.90,12290142,196170048.00
2025/09/26,15.76,15.91,15.63,15.66,9134488,144305872.00
2025/09/29,15.67,15.86,15.49,15.68,8707253,136794640.00
2025/09/30,15.56,15.85,15.56,15.62,8326178,130772280.00
2025/10/09,15.77,15.90,15.59,15.63,9967872,157445344.00
2025/10/10,15.51,15.55,15.16,15.22,10609016,162743232.00
2025/10/13,14.62,15.27,14.32,15.27,11320753,168951552.00
2025/10/14,15.36,15.44,14.69,14.76,11753647,176767760.00
2025/10/15,14.81,15.16,14.65,15.01,8215123,123073200.00
2025/10/16,15.03,15.06,14.68,14.74,6422850,95444904.00
2025/10/17,14.72,14.76,14.11,14.13,10278346,148002304.00
2025/10/20,14.33,14.62,14.30,14.49,6856538,99440776.00
2025/10/21,14.44,14.93,14.39,14.76,8054908,118796656.00
2025/10/22,14.63,15.32,14.63,14.83,12457776,187760896.00
2025/10/23,14.69,14.84,14.50,14.73,6713944,98499672.00
2025/10/24,14.73,15.18,14.73,15.07,9386249,141600512.00
2025/10/27,15.14,15.26,15.01,15.18,7591633,115319320.00
2025/10/28,15.08,15.33,15.03,15.21,6935236,105892944.00
2025/10/29,15.16,15.25,14.99,15.06,5903328,89268184.00
2025/10/30,15.07,15.08,14.82,14.86,6677872,99816760.00
2025/10/31,14.69,14.97,14.61,14.79,6450836,95756520.00
2025/11/03,14.89,14.99,14.64,14.96,6853090,101859896.00
2025/11/04,14.94,14.94,14.62,14.73,5201172,76974064.00
2025/11/05,14.51,14.85,14.51,14.80,4487526,66180064.00
2025/11/06,14.83,15.11,14.72,15.06,8295296,124371440.00
2025/11/07,15.00,15.01,14.86,14.94,4632258,69348984.00
2025/11/10,14.91,15.10,14.85,15.01,5465412,82035960.00
2025/11/11,15.01,15.15,14.93,15.02,6237888,94006480.00
2025/11/12,14.98,15.06,14.78,14.97,5220676,78060872.00
2025/11/13,14.96,15.05,14.81,14.98,5216216,78121816.00
2025/11/14,14.91,15.40,14.74,15.06,10409848,157807296.00
2025/11/17,15.06,15.27,15.00,15.24,8240224,125262616.00
2025/11/18,15.19,15.84,15.13,15.57,20226336,315515360.00
2025/11/19,15.46,15.56,15.26,15.34,11686162,180417824.00
2025/11/20,15.41,15.88,15.41,15.68,19967283,314206016.00
2025/11/21,15.46,15.91,15.13,15.56,23445406,365019264.00
2025/11/24,15.57,16.09,15.40,16.04,29092311,463592896.00
2025/11/25,15.97,16.57,15.64,15.72,36097668,580681728.00
2025/11/26,15.61,16.26,15.29,16.26,34291360,545024576.00
2025/11/27,16.26,16.31,15.89,15.96,21414294,344939872.00
2025/11/28,15.83,16.06,15.70,16.05,17148226,273124512.00
2025/12/01,16.09,16.21,15.79,15.93,15142892,242270608.00
2025/12/02,15.82,16.31,15.72,16.04,19574277,314800896.00
2025/12/03,16.03,16.03,15.56,15.73,14783346,232972768.00
2025/12/04,15.66,15.77,15.27,15.50,11402864,177167248.00
2025/12/05,15.48,15.61,15.26,15.58,9717234,150727632.00
2025/12/08,15.58,17.14,15.56,17.14,30948822,524511872.00
2025/12/09,18.22,18.22,16.85,16.92,92036030,1611425024.00
2025/12/10,16.92,17.05,16.51,16.63,37081094,619615040.00
2025/12/11,16.74,17.08,16.16,16.18,44541030,736345088.00
2025/12/12,16.19,16.33,16.05,16.11,28504099,462511712.00
2025/12/15,15.90,16.24,15.60,16.08,23388299,373306080.00
2025/12/16,15.89,15.96,15.11,15.21,26164203,403910944.00
2025/12/17,15.16,15.29,14.73,15.14,17931091,268791648.00
2025/12/18,14.96,15.37,14.88,15.15,11589827,176810064.00
2025/12/19,15.16,15.41,15.16,15.20,11402161,174157376.00
2025/12/22,15.31,15.65,15.28,15.46,15031783,233570880.00
2025/12/23,15.45,15.47,15.07,15.20,12872394,197230576.00
2025/12/24,15.24,15.57,15.21,15.54,12011087,186193280.00
2025/12/25,15.55,15.80,15.47,15.79,13334144,209465248.00
2025/12/26,15.79,15.79,15.48,15.57,12154536,190386368.00
2025/12/29,15.55,15.85,15.49,15.68,11675762,183619280.00
2025/12/30,15.76,15.93,15.63,15.65,10951688,172618640.00
2025/12/31,15.74,15.81,15.46,15.67,10635496,166927680.00
2026/01/05,15.64,15.91,15.64,15.88,13352638,211535984.00
2026/01/06,15.90,16.08,15.83,16.06,15550156,249007968.00
2026/01/07,16.14,16.19,15.92,16.06,14142679,227653136.00
2026/01/08,16.20,16.89,16.15,16.69,34029912,563983360.00
2026/01/09,16.46,17.03,16.42,16.96,29558304,499268544.00
2026/01/12,16.95,17.13,16.82,17.02,24117986,409838848.00
2026/01/13,17.02,17.06,16.51,16.55,22020785,370001440.00
2026/01/14,16.49,16.77,16.28,16.54,18429441,306108192.00
2026/01/15,16.40,16.63,16.22,16.44,11908570,195625088.00
2026/01/16,16.54,16.57,16.21,16.38,12936909,212150624.00
2026/01/19,16.38,16.71,16.19,16.64,13721324,227643424.00
2026/01/20,16.62,16.64,16.23,16.35,10833654,177940144.00
2026/01/21,16.19,16.56,16.17,16.52,11629190,191714352.00
2026/01/22,16.62,16.80,16.48,16.75,15536517,259148160.00
2026/01/23,16.76,16.86,16.69,16.81,15590064,262108640.00
2026/01/26,16.82,16.85,16.17,16.35,15112359,249286928.00
2026/01/27,16.26,16.50,15.73,16.49,13744559,222408304.00
2026/01/28,16.49,16.66,16.29,16.35,9310952,153251440.00
2026/01/29,16.32,16.69,16.09,16.16,12319734,201847232.00
2026/01/30,16.16,16.34,15.85,16.05,10704356,172249808.00
2026/02/02,16.06,16.51,15.98,16.00,12661969,206537024.00
2026/02/03,16.16,16.37,16.01,16.31,7342083,119393776.00
2026/02/04,16.21,16.32,15.98,16.19,7322628,118402480.00
2026/02/05,16.04,16.21,15.80,15.82,8367154,133778960.00
2026/02/06,15.71,15.94,15.62,15.78,6786191,107484056.00
2026/02/09,16.04,16.35,15.94,16.26,9167442,148781024.00
2026/02/10,16.19,16.84,16.19,16.62,15581423,259717152.00
2026/02/11,16.66,16.90,16.54,16.69,10220897,171592640.00
2026/02/12,16.68,16.95,16.60,16.85,10314032,173938400.00
2026/02/13,16.81,17.66,16.77,17.44,27779082,484934560.00
2026/02/24,17.91,18.13,17.47,17.76,27084915,481464928.00
2026/02/25,17.72,19.54,17.62,19.16,56660810,1066870144.00
2026/02/26,19.00,19.92,18.91,19.76,44465950,864625408.00
2026/02/27,19.36,21.74,19.26,21.74,60173477,1261529984.00
2026/03/02,21.56,23.92,21.06,23.92,75965600,1706566528.00
2026/03/03,24.16,24.71,22.46,22.96,94045038,2219225600.00
2026/03/04,21.96,23.94,21.96,22.96,51807523,1198649728.00
2026/03/05,23.75,24.44,23.08,23.68,50376362,1194950272.00
2026/03/06,23.74,24.50,23.06,23.32,50896785,1208413568.00
2026/03/09,22.27,22.54,20.98,22.02,45077430,980651136.00
2026/03/10,22.29,22.84,22.02,22.42,33321263,747822144.00
2026/03/11,22.59,24.01,22.47,22.86,38584506,898833792.00
2026/03/12,22.76,23.16,22.07,23.01,31797337,718699392.00
2026/03/13,22.34,23.96,22.15,22.97,32103290,741207552.00
2026/03/16,23.56,25.27,23.56,25.27,46194897,1140182656.00
2026/03/17,25.93,26.02,22.76,22.81,62135042,1477163392.00
2026/03/18,23.31,24.14,23.26,24.01,43871367,1040054528.00
2026/03/19,23.91,24.76,23.46,23.96,37186564,893659712.00
2026/03/20,24.45,24.46,22.96,23.04,36692990,871016256.00
2026/03/23,22.40,24.96,22.03,23.74,56819493,1344917888.00
2026/03/24,25.42,26.12,24.60,25.61,77659925,1970397056.00
2026/03/25,25.96,26.46,24.86,25.34,62664096,1602944640.00
2026/03/26,24.72,25.23,23.72,23.77,39860266,971257472.00
2026/03/27,23.23,26.15,23.23,26.15,41717185,1046186176.00
2026/03/30,25.99,26.92,25.57,26.81,59789852,1573397376.00
2026/03/31,26.30,26.79,25.57,25.88,41131933,1077299712.00
2026/04/01,26.81,27.32,25.11,26.26,56476060,1484299904.00
2026/04/02,26.26,26.74,24.67,24.77,46047934,1175921408.00
2026/04/03,25.39,26.26,24.38,25.19,45131675,1150441728.00
2026/04/07,25.31,25.61,23.74,24.20,40518507,994507520.00
2026/04/08,24.95,26.62,24.82,26.15,63438236,1640944896.00
2026/04/09,25.89,26.16,25.31,25.35,37350110,959677696.00
2026/04/10,25.66,26.62,25.25,25.54,36636014,951816192.00
2026/04/13,25.36,28.10,25.36,28.10,42335237,1166726400.00
2026/04/14,28.54,28.74,27.58,27.87,55003610,1541657856.00
2026/04/15,27.87,28.17,26.97,27.11,36672995,1006507584.00
2026/04/16,27.12,28.15,26.76,27.39,40708168,1116079232.00
2026/04/17,28.07,30.13,27.46,30.13,62835647,1825772672.00
2026/04/20,30.88,32.54,30.53,31.48,66416910,2093253376.00
2026/04/21,31.40,34.63,30.91,34.63,47706465,1606144768.00
2026/04/22,34.96,36.26,32.76,35.48,77769980,2717376768.00
2026/04/23,35.96,37.51,35.36,36.96,81262325,2964480000.00
2026/04/24,37.26,40.66,37.21,39.77,92722482,3703051008.00
2026/04/27,40.87,42.96,38.26,38.89,86837775,3458489856.00
2026/04/28,38.96,39.16,35.64,36.16,67105461,2466565632.00
2026/04/29,35.84,39.78,34.97,39.78,68147496,2535673088.00
2026/04/30,40.26,40.76,37.27,38.28,60239285,2316453120.00
2026/05/06,38.34,40.11,37.85,38.81,51135430,2005342848.00
2026/05/07,41.95,42.70,41.95,42.70,11698874,498711136.00
2026/05/08,46.97,46.97,45.61,46.97,19892059,930097984.00
2026/05/11,50.63,51.67,50.01,51.67,26128917,1343871872.00
2026/05/12,50.96,54.95,49.21,54.24,77718146,4099758848.00
2026/05/13,53.28,55.28,52.36,53.96,57138797,3076113408.00
2026/05/14,54.46,57.26,51.64,52.94,59563722,3201433600.00
2026/05/15,53.49,58.24,53.49,55.54,72287615,4097973248.00
2026/05/18,55.41,57.64,53.11,53.96,64737447,3574526720.00
2026/05/19,53.79,54.74,50.30,52.46,53064753,2754948864.00
2026/05/20,51.96,52.65,48.74,50.81,56267510,2834522112.00
2026/05/21,50.46,51.64,46.67,47.09,51697898,2554478592.00
2026/05/22,47.96,51.80,47.95,50.20,52373987,2635040768.00
2026/05/25,51.70,52.90,48.49,49.15,49925195,2517501696.00
2026/05/26,49.16,49.46,46.16,46.83,43981269,2089611008.00
2026/05/27,46.05,48.42,45.26,45.93,39816986,1865745152.00
2026/05/28,44.96,47.46,44.91,47.36,39820913,1852034304.00
2026/05/29,49.66,50.53,42.96,43.38,56652812,2586963200.00
2026/06/01,43.29,44.72,42.21,42.36,40736175,1767720704.00
2026/06/02,42.86,44.26,41.24,43.60,35743926,1538349184.00
2026/06/03,44.17,47.96,43.68,45.76,59708830,2756607488.00
2026/06/04,44.51,46.81,44.51,45.31,41294542,1878580864.00
2026/06/05,44.56,46.11,43.94,44.45,35138100,1580518656.00
2026/06/08,41.71,43.72,41.71,42.98,31805808,1363660672.00
2026/06/09,43.84,45.92,42.79,45.15,36838174,1627056128.00
2026/06/10,44.04,45.59,42.98,43.72,30686082,1357031168.00
2026/06/11,43.07,48.10,43.07,47.00,64300508,3003286016.00
2026/06/12,49.96,51.70,49.00,51.70,17343104,888127040.00
2026/06/15,56.87,56.87,51.70,56.87,86750627,4750247424.00
2026/06/16,56.96,58.56,53.27,55.47,77531733,4311779840.00
2026/06/17,54.73,60.95,54.73,58.96,63677151,3745066496.00
2026/06/18,58.96,61.84,57.24,58.95,58118175,3441719040.00
2026/06/22,60.60,64.66,59.08,61.70,54428183,3348295424.00
2026/06/23,61.71,66.00,60.50,63.25,53481195,3405631488.00
2026/06/24,61.77,63.52,59.00,61.41,48904473,2990621952.00
2026/06/25,60.74,65.38,58.10,64.76,69214376,4258947328.00
2026/06/26,64.67,69.35,64.00,64.30,52658793,3499752448.00
2026/06/29,63.75,64.98,57.90,59.04,53158180,3211632384.00
2026/06/30,58.55,61.78,58.20,60.05,36690077,2201819648.00
2026/07/01,66.06,66.06,66.06,66.06,5202700,343690368.00
2026/07/02,68.50,68.67,59.45,59.45,67621730,4354560512.00
2026/07/03,56.00,57.94,53.51,53.51,53461516,2993935872.00
2026/07/06,54.00,55.54,50.99,51.74,37186247,1976713344.00
2026/07/07,51.32,52.43,48.90,49.63,26148019,1319153024.00
2026/07/08,50.15,50.99,45.80,45.96,32372234,1531036544.00
2026/07/09,46.88,48.20,43.75,48.10,42522789,1958773632.00
2026/07/10,49.50,51.48,46.50,46.57,39332923,1922022656.00
2026/07/13,46.57,46.93,41.91,41.91,32661869,1424277888.00
2026/07/14,41.00,43.40,39.67,43.04,41885270,1738470912.00
2026/07/15,43.79,44.29,40.10,40.35,28161307,1173840256.00
2026/07/16,39.52,40.68,37.00,37.80,30480507,1187082752.00
2026/07/17,37.80,38.38,34.02,34.02,37035467,1314234240.00
2026/07/20,35.26,35.50,30.62,30.62,36211392,1174384512.00
2026/07/21,31.08,33.27,27.56,33.21,48174734,1460136320.00
2026/07/22,32.96,34.04,31.61,32.10,37483488,1236252032.00
2026/07/23,32.53,34.67,31.91,32.36,32356881,1069605312.00
2026/07/24,31.58,32.87,30.89,31.30,24241243,772259840.00
2026/07/27,31.83,32.80,30.28,32.80,26183706,831837504.00
2026/07/28,31.60,33.46,30.20,30.66,29116581,923425792.00
2026/07/29,30.66,30.90,28.19,29.49,34528104,1010651776.00
2026/07/30,29.33,29.81,26.63,27.20,32979567,922803136.00
2026/07/31,29.91,29.92,29.39,29.92,29817582,889229440.00
2026/08/03,30.13,30.98,28.65,28.92,41530718,1223320960.00
2026/08/04,29.50,31.81,29.21,31.81,28412150,870576192.00
2026/08/05,31.02,33.56,30.94,33.15,48728000,1587315328.00
2026/08/06,33.80,36.47,33.80,36.47,61128516,2134032512.00
2026/08/07,36.47,38.00,34.94,36.63,85789042,3133544192.00
2026/08/10,36.50,37.48,34.90,36.24,52845522,1895087360.00
2026/08/11,35.70,37.74,35.00,36.74,49289900,1810403328.00
2026/08/12,36.90,37.98,36.14,37.44,41623268,1552253696.00
2026/08/13,37.90,38.30,36.13,36.13,45132804,1684968064.00
2026/08/14,36.83,38.30,36.18,38.30,40204642,1487752832.00
2026/08/17,38.00,41.66,37.02,40.69,75130183,2949129216.00
2026/08/18,40.36,41.87,39.03,39.89,55516631,2227186688.00
2026/08/19,37.49,38.47,35.90,35.90,40305030,1486518528.00
2026/08/20,35.51,36.39,34.05,36.33,42875066,1518156032.00
2026/08/21,35.90,38.28,35.90,37.57,38644923,1441963392.00
2026/08/24,38.09,38.13,34.77,35.93,31615764,1132221568.00
2026/08/25,34.78,38.21,34.54,37.70,38851649,1424944384.00
2026/08/26,38.51,39.44,37.21,38.81,45386734,1748178688.00
2026/08/27,39.44,42.69,38.70,42.09,66826428,2756376320.00
2026/08/28,41.97,42.52,40.16,40.22,49817449,2060457856.00
2026/08/31,39.35,39.98,38.57,39.39,34995265,1368857600.00
2026/09/01,39.39,39.66,37.19,37.43,27200433,1028324800.00
2026/09/02,36.23,37.10,36.06,36.13,18770111,682690944.00
2026/09/03,36.70,36.94,35.70,36.24,23973264,873166016.00
2026/09/04,36.68,37.00,33.88,34.30,28759897,1015348480.00
2026/09/07,34.86,36.28,34.66,36.20,23904667,851291840.00
2026/09/08,36.17,36.91,35.20,35.46,21580540,777695616.00
2026/09/09,36.00,37.14,35.56,35.79,29273024,1062884992.00
2026/09/10,35.21,36.35,34.91,35.49,17622896,627832768.00
2026/09/11,34.73,36.16,33.69,35.06,26320890,919381376.00
2026/09/14,34.52,35.90,33.41,35.23,21129962,738667008.00
#数据来源:通达信
