601333 广深铁路 日线 前复权
      日期	    开盘	    最高	    最低	    收盘	    成交量	    成交额
2021/08/02,1.70,1.74,1.70,1.72,28337562,55294512.00
2021/08/03,1.73,1.74,1.71,1.72,37695881,73442392.00
2021/08/04,1.71,1.72,1.67,1.68,40608269,77960520.00
2021/08/05,1.68,1.71,1.66,1.70,48752800,93396408.00
2021/08/06,1.70,1.71,1.69,1.71,21101601,40799664.00
2021/08/09,1.71,1.77,1.71,1.76,37265416,73668600.00
2021/08/10,1.76,1.77,1.75,1.76,19475726,38794900.00
2021/08/11,1.77,1.78,1.76,1.77,23917143,47874424.00
2021/08/12,1.77,1.79,1.76,1.78,19072381,38270516.00
2021/08/13,1.78,1.79,1.77,1.78,10364001,20868112.00
2021/08/16,1.78,1.82,1.77,1.81,19952307,40602352.00
2021/08/17,1.81,1.83,1.80,1.80,23059077,47063804.00
2021/08/18,1.80,1.81,1.77,1.80,19341752,39124668.00
2021/08/19,1.81,1.83,1.79,1.82,24183913,49408460.00
2021/08/20,1.82,1.84,1.81,1.83,22354855,45954288.00
2021/08/23,1.83,1.87,1.82,1.84,27806628,57967772.00
2021/08/24,1.85,1.85,1.82,1.84,15923466,32878520.00
2021/08/25,1.84,1.84,1.82,1.83,22063299,45485516.00
2021/08/26,1.84,1.89,1.83,1.88,30069249,63152404.00
2021/08/27,1.88,1.89,1.86,1.87,18593802,39032896.00
2021/08/30,1.88,1.88,1.84,1.86,13690600,28623588.00
2021/08/31,1.86,1.91,1.86,1.90,37241300,79054184.00
2021/09/01,1.91,1.98,1.89,1.94,66129668,142950096.00
2021/09/02,1.94,1.98,1.93,1.96,49755968,108745120.00
2021/09/03,1.97,2.00,1.95,1.96,37547755,82771760.00
2021/09/06,1.97,2.04,1.96,2.01,47077817,105589248.00
2021/09/07,2.00,2.08,2.00,2.07,57636254,131386864.00
2021/09/08,2.08,2.15,2.07,2.15,59262339,139210384.00
2021/09/09,2.15,2.17,2.11,2.15,58861078,139925456.00
2021/09/10,2.17,2.21,2.12,2.15,58217206,139452368.00
2021/09/13,2.15,2.20,2.13,2.20,45477069,109602784.00
2021/09/14,2.20,2.23,2.11,2.12,53546701,127564000.00
2021/09/15,2.12,2.18,2.11,2.15,47424206,112787176.00
2021/09/16,2.17,2.26,2.14,2.14,67136601,163350064.00
2021/09/17,2.16,2.16,2.06,2.12,47987725,112271888.00
2021/09/22,2.10,2.18,2.07,2.18,35634897,84417640.00
2021/09/23,2.20,2.22,2.16,2.21,41846623,101595560.00
2021/09/24,2.21,2.22,2.17,2.19,28070524,67969240.00
2021/09/27,2.18,2.19,2.07,2.10,42626865,99867208.00
2021/09/28,2.09,2.18,2.05,2.15,39089500,91987328.00
2021/09/29,2.13,2.16,2.11,2.14,31235200,73746296.00
2021/09/30,2.15,2.16,2.09,2.12,27640817,64649816.00
2021/10/08,2.13,2.17,2.12,2.16,33542112,79628864.00
2021/10/11,2.16,2.17,2.13,2.13,22587323,53627076.00
2021/10/12,2.12,2.16,2.09,2.10,32125137,75552056.00
2021/10/13,2.10,2.11,1.97,2.04,48911083,110664408.00
2021/10/14,2.06,2.17,2.04,2.15,46400333,108585712.00
2021/10/15,2.14,2.15,2.04,2.06,34178548,78887696.00
2021/10/18,2.04,2.10,2.04,2.08,22686704,52248528.00
2021/10/19,2.11,2.13,2.07,2.08,21698317,50595704.00
2021/10/20,2.07,2.09,2.05,2.06,16183517,37235536.00
2021/10/21,2.05,2.08,2.04,2.06,18396300,42189664.00
2021/10/22,2.06,2.07,2.00,2.02,19162600,43314380.00
2021/10/25,2.01,2.04,1.99,2.01,17752067,39831364.00
2021/10/26,2.01,2.03,1.99,2.00,18155260,40674112.00
2021/10/27,1.99,2.01,1.97,1.97,21036800,46568020.00
2021/10/28,1.96,1.98,1.94,1.95,27286283,59609088.00
2021/10/29,1.95,1.95,1.90,1.91,33804093,72648304.00
2021/11/01,1.91,1.91,1.86,1.87,41042552,86657480.00
2021/11/02,1.88,1.89,1.81,1.86,35230200,73267008.00
2021/11/03,1.85,1.89,1.83,1.87,27231947,57128420.00
2021/11/04,1.88,1.89,1.85,1.88,22492400,47228376.00
2021/11/05,1.87,1.88,1.84,1.85,17519509,36528328.00
2021/11/08,1.85,1.86,1.83,1.84,20051549,41555648.00
2021/11/09,1.85,1.87,1.84,1.85,16968445,35344404.00
2021/11/10,1.85,1.86,1.80,1.82,31836000,65378012.00
2021/11/11,1.82,1.87,1.81,1.85,25528786,53058436.00
2021/11/12,1.85,1.86,1.82,1.84,25617992,52817880.00
2021/11/15,1.83,1.84,1.81,1.83,25927199,53207940.00
2021/11/16,1.83,1.83,1.81,1.82,25958457,53241448.00
2021/11/17,1.82,1.82,1.79,1.80,28936019,58867680.00
2021/11/18,1.80,1.82,1.80,1.80,18111283,36859920.00
2021/11/19,1.80,1.83,1.79,1.82,23849003,48525500.00
2021/11/22,1.81,1.83,1.80,1.81,23418399,47856908.00
2021/11/23,1.81,1.84,1.80,1.83,29207179,60110320.00
2021/11/24,1.83,1.84,1.82,1.83,18175685,37451204.00
2021/11/25,1.84,1.85,1.83,1.85,19949452,41370424.00
2021/11/26,1.84,1.85,1.82,1.82,20733200,42707452.00
2021/11/29,1.81,1.81,1.78,1.79,28573127,57848064.00
2021/11/30,1.79,1.82,1.79,1.81,21328972,43396888.00
2021/12/01,1.81,1.85,1.79,1.85,31299774,64340028.00
2021/12/02,1.84,1.86,1.83,1.84,23173476,48016584.00
2021/12/03,1.84,1.87,1.83,1.86,26717598,55657884.00
2021/12/06,1.87,1.90,1.85,1.88,39935258,84150432.00
2021/12/07,1.88,1.89,1.85,1.87,30719758,64373992.00
2021/12/08,1.87,1.88,1.85,1.87,28977868,60673572.00
2021/12/09,1.87,1.89,1.87,1.89,22928824,48454624.00
2021/12/10,1.88,1.89,1.86,1.87,27064049,56920896.00
2021/12/13,1.88,1.91,1.87,1.89,33290040,70488032.00
2021/12/14,1.89,1.89,1.86,1.87,20505913,43102184.00
2021/12/15,1.86,1.89,1.86,1.89,21812366,45952848.00
2021/12/16,1.89,1.92,1.88,1.92,23911685,51063304.00
2021/12/17,1.92,1.95,1.90,1.92,27925600,60106628.00
2021/12/20,1.91,1.96,1.91,1.96,33855340,73563944.00
2021/12/21,1.95,2.02,1.94,2.00,44495615,98677344.00
2021/12/22,2.02,2.04,1.97,1.99,40027887,89312592.00
2021/12/23,1.98,2.00,1.94,1.98,35695103,78562736.00
2021/12/24,1.98,1.98,1.95,1.98,20423604,44842276.00
2021/12/27,1.97,2.00,1.96,1.99,21881888,48544400.00
2021/12/28,1.99,1.99,1.97,1.98,19476408,43012208.00
2021/12/29,1.98,2.03,1.97,2.01,31018974,69460200.00
2021/12/30,2.01,2.04,2.00,2.02,24311600,54607536.00
2021/12/31,2.02,2.03,2.01,2.01,18041010,40589160.00
2022/01/04,2.02,2.10,2.01,2.07,54198297,123781416.00
2022/01/05,2.10,2.12,2.05,2.08,38621848,89313360.00
2022/01/06,2.08,2.11,2.07,2.07,23079472,53303228.00
2022/01/07,2.07,2.12,2.07,2.09,34371645,80157280.00
2022/01/10,2.09,2.10,2.05,2.08,30339000,69631680.00
2022/01/11,2.08,2.11,2.07,2.09,24439051,56691324.00
2022/01/12,2.09,2.10,2.06,2.08,22058751,50837608.00
2022/01/13,2.07,2.10,2.06,2.08,26804900,62116904.00
2022/01/14,2.08,2.09,2.00,2.01,38657702,87507520.00
2022/01/17,2.01,2.04,2.00,2.00,18967022,42514432.00
2022/01/18,2.01,2.07,1.99,2.05,35804091,80723768.00
2022/01/19,2.04,2.11,2.04,2.09,39262600,90859376.00
2022/01/20,2.08,2.12,2.07,2.11,44118156,102988864.00
2022/01/21,2.11,2.13,2.08,2.12,42333224,99139352.00
2022/01/24,2.12,2.14,2.07,2.10,37616599,87778688.00
2022/01/25,2.11,2.11,2.02,2.04,38532786,88378016.00
2022/01/26,2.01,2.02,1.95,1.99,51670106,114603560.00
2022/01/27,1.99,1.99,1.92,1.95,44418298,97082808.00
2022/01/28,1.97,2.14,1.95,2.09,101069832,232804896.00
2022/02/07,2.10,2.13,2.08,2.12,56360309,131789200.00
2022/02/08,2.13,2.23,2.12,2.18,119977022,289309408.00
2022/02/09,2.18,2.24,2.17,2.21,88860251,217063632.00
2022/02/10,2.20,2.44,2.20,2.37,203876556,523719968.00
2022/02/11,2.37,2.39,2.29,2.32,108477559,278527232.00
2022/02/14,2.32,2.33,2.17,2.23,100133203,246372176.00
2022/02/15,2.24,2.24,2.16,2.18,67298255,162907296.00
2022/02/16,2.19,2.21,2.16,2.20,61309024,148296064.00
2022/02/17,2.18,2.23,2.16,2.17,46774456,112886640.00
2022/02/18,2.17,2.31,2.15,2.29,91021213,225210112.00
2022/02/21,2.29,2.39,2.27,2.35,79220674,202889280.00
2022/02/22,2.35,2.35,2.26,2.27,52436691,132682840.00
2022/02/23,2.28,2.30,2.20,2.22,54577681,134744144.00
2022/02/24,2.22,2.24,2.11,2.14,59883501,143689152.00
2022/02/25,2.15,2.22,2.14,2.15,42072257,100952672.00
2022/02/28,2.15,2.16,2.09,2.11,46172201,108314024.00
2022/03/01,2.12,2.15,2.10,2.13,48249015,113504000.00
2022/03/02,2.11,2.19,2.10,2.17,54558976,130150184.00
2022/03/03,2.17,2.22,2.16,2.20,39751059,96404016.00
2022/03/04,2.19,2.21,2.14,2.16,49753126,119480720.00
2022/03/07,2.17,2.19,2.10,2.12,40458511,96123304.00
2022/03/08,2.12,2.12,2.04,2.05,41413562,95618872.00
2022/03/09,2.05,2.07,1.90,1.98,65763166,145302240.00
2022/03/10,2.01,2.13,2.00,2.08,67634583,155737904.00
2022/03/11,2.07,2.09,1.99,2.07,38644112,87495712.00
2022/03/14,2.07,2.10,1.99,1.99,36655331,83292632.00
2022/03/15,1.99,1.99,1.78,1.81,98585518,207724144.00
2022/03/16,1.83,1.95,1.80,1.93,65453400,137645008.00
2022/03/17,1.96,1.99,1.88,1.91,57320508,123214368.00
2022/03/18,1.89,2.00,1.88,1.98,56308461,122625416.00
2022/03/21,2.00,2.01,1.93,1.97,34056913,74921808.00
2022/03/22,2.01,2.06,1.97,2.00,59155051,132356272.00
2022/03/23,2.00,2.01,1.95,1.98,45028812,99670616.00
2022/03/24,1.98,2.00,1.93,1.94,36631403,80230080.00
2022/03/25,1.94,1.96,1.92,1.93,38600750,83557592.00
2022/03/28,1.91,1.97,1.88,1.95,30541829,66107612.00
2022/03/29,1.95,1.96,1.90,1.92,29608903,63733812.00
2022/03/30,1.92,1.94,1.89,1.93,38355795,82253344.00
2022/03/31,1.92,1.95,1.91,1.91,41973314,90680496.00
2022/04/01,1.91,1.96,1.89,1.94,49832005,108022808.00
2022/04/06,1.95,2.02,1.93,1.98,54943864,121479432.00
2022/04/07,1.98,2.00,1.93,1.94,51739607,113637120.00
2022/04/08,1.93,1.96,1.91,1.94,37478466,80997160.00
2022/04/11,1.95,1.98,1.89,1.91,65059302,141395008.00
2022/04/12,1.90,2.03,1.88,1.99,72152817,157191856.00
2022/04/13,1.98,2.01,1.96,1.98,53589951,118887192.00
2022/04/14,1.97,1.98,1.95,1.95,39996628,87622496.00
2022/04/15,1.95,1.97,1.93,1.93,38228628,83178360.00
2022/04/18,1.93,1.94,1.90,1.92,29897300,64216844.00
2022/04/19,1.92,1.96,1.91,1.94,27153000,58815672.00
2022/04/20,1.94,1.99,1.92,1.93,35311824,76773392.00
2022/04/21,1.92,1.94,1.85,1.86,65707594,139329456.00
2022/04/22,1.86,1.91,1.83,1.89,34235356,72117792.00
2022/04/25,1.88,1.89,1.81,1.82,50117694,104034296.00
2022/04/26,1.82,1.85,1.78,1.79,44339435,90182568.00
2022/04/27,1.76,1.83,1.72,1.81,52190209,104523952.00
2022/04/28,1.81,1.84,1.77,1.82,31135423,63274176.00
2022/04/29,1.81,1.86,1.80,1.84,39189890,80856600.00
2022/05/05,1.84,1.88,1.83,1.84,27722530,57706296.00
2022/05/06,1.82,1.82,1.79,1.80,22334369,45543936.00
2022/05/09,1.80,1.83,1.79,1.81,23152406,47285152.00
2022/05/10,1.81,1.83,1.78,1.81,35267793,71828336.00
2022/05/11,1.81,1.84,1.80,1.81,31115123,63781976.00
2022/05/12,1.80,1.82,1.79,1.80,24965462,50735780.00
2022/05/13,1.81,1.84,1.81,1.83,38369501,78798320.00
2022/05/16,1.84,1.85,1.82,1.84,21779528,45004764.00
2022/05/17,1.85,1.85,1.81,1.82,19866269,40784864.00
2022/05/18,1.82,1.84,1.81,1.82,20372842,41842872.00
2022/05/19,1.81,1.84,1.80,1.84,23627551,48426716.00
2022/05/20,1.84,1.87,1.83,1.87,29516887,61524876.00
2022/05/23,1.87,1.89,1.85,1.87,25541480,53693864.00
2022/05/24,1.87,1.89,1.81,1.81,34343292,71183920.00
2022/05/25,1.81,1.88,1.80,1.87,34317993,71464824.00
2022/05/26,1.87,1.91,1.87,1.91,34330216,72746904.00
2022/05/27,1.91,1.93,1.90,1.92,32503286,69721312.00
2022/05/30,1.92,1.98,1.92,1.97,51273743,111863024.00
2022/05/31,1.98,2.06,1.96,2.05,81948812,185203200.00
2022/06/01,2.04,2.07,2.01,2.02,55360785,125225336.00
2022/06/02,2.02,2.03,1.99,2.00,34102331,76248616.00
2022/06/06,1.99,2.05,1.97,2.00,49372377,110541712.00
2022/06/07,2.00,2.11,1.99,2.06,67976301,155564432.00
2022/06/08,2.07,2.11,2.01,2.06,71619121,163427424.00
2022/06/09,2.05,2.06,2.00,2.02,45636800,103111792.00
2022/06/10,2.02,2.05,2.01,2.03,34581530,78139464.00
2022/06/13,2.02,2.03,1.96,1.98,34059654,75444928.00
2022/06/14,1.98,2.05,1.94,2.05,49248839,110056832.00
2022/06/15,2.05,2.11,2.03,2.06,61240786,141096000.00
2022/06/16,2.06,2.10,2.04,2.06,40714802,93671856.00
2022/06/17,2.05,2.05,2.00,2.03,34602678,78117488.00
2022/06/20,2.04,2.04,1.98,2.01,38994501,87098128.00
2022/06/21,2.00,2.02,1.96,1.98,31115008,69014984.00
2022/06/22,1.99,1.99,1.94,1.94,22301553,48855920.00
2022/06/23,1.95,1.98,1.91,1.98,49706851,107890704.00
2022/06/24,1.98,1.99,1.94,1.97,32430534,71096432.00
2022/06/27,1.98,2.00,1.95,1.96,27627519,60891352.00
2022/06/28,1.96,1.99,1.94,1.99,52306700,114943984.00
2022/06/29,1.98,2.00,1.94,1.95,51288082,112971368.00
2022/06/30,1.96,2.05,1.94,1.95,152139706,337466976.00
2022/07/01,1.95,1.98,1.94,1.95,42671530,93460200.00
2022/07/04,1.96,1.96,1.91,1.92,55993961,120809696.00
2022/07/05,1.93,1.95,1.89,1.94,67252868,144538464.00
2022/07/06,1.93,1.93,1.89,1.90,38191509,81518784.00
2022/07/07,1.90,1.91,1.88,1.89,36176100,76747224.00
2022/07/08,1.89,1.91,1.89,1.90,24582142,52375920.00
2022/07/11,1.89,1.90,1.88,1.89,29909526,63369296.00
2022/07/12,1.89,1.94,1.88,1.89,47809825,102293584.00
2022/07/13,1.90,1.96,1.89,1.94,52917255,114616264.00
2022/07/14,1.94,1.94,1.88,1.89,41737729,89029056.00
2022/07/15,1.89,1.89,1.82,1.82,57398901,119374144.00
2022/07/18,1.83,1.88,1.82,1.87,36903409,77048736.00
2022/07/19,1.87,1.88,1.84,1.86,37841685,78883448.00
2022/07/20,1.87,1.88,1.85,1.86,24703709,51796496.00
2022/07/21,1.86,1.88,1.85,1.86,23896047,49957920.00
2022/07/22,1.86,1.87,1.83,1.86,33946471,70607272.00
2022/07/25,1.85,1.90,1.85,1.85,43059971,90519472.00
2022/07/26,1.86,1.87,1.85,1.86,21283601,44518984.00
2022/07/27,1.87,1.87,1.84,1.86,25812203,53746864.00
2022/07/28,1.85,1.87,1.85,1.86,26823933,56045092.00
2022/07/29,1.86,1.86,1.82,1.84,32855845,67991872.00
2022/08/01,1.82,1.84,1.81,1.82,29868062,61321336.00
2022/08/02,1.81,1.82,1.76,1.78,71024870,142634944.00
2022/08/03,1.78,1.80,1.75,1.76,48346819,96756352.00
2022/08/04,1.76,1.77,1.75,1.76,31283795,62274064.00
2022/08/05,1.76,1.79,1.75,1.78,29034388,57965032.00
2022/08/08,1.78,1.79,1.77,1.79,23763146,47797528.00
2022/08/09,1.79,1.80,1.77,1.79,23421660,47309932.00
2022/08/10,1.79,1.80,1.78,1.79,12822099,25838572.00
2022/08/11,1.79,1.82,1.78,1.82,41691467,84781272.00
2022/08/12,1.82,1.86,1.81,1.84,45083429,93409928.00
2022/08/15,1.85,1.86,1.83,1.84,32289900,66959392.00
2022/08/16,1.84,1.86,1.83,1.84,24896287,51747540.00
2022/08/17,1.85,1.86,1.84,1.85,23926266,49813884.00
2022/08/18,1.85,1.86,1.82,1.82,21023469,43393232.00
2022/08/19,1.82,1.84,1.82,1.83,15557200,32058444.00
2022/08/22,1.83,1.84,1.82,1.83,18644108,38470280.00
2022/08/23,1.83,1.84,1.82,1.83,18616300,38336068.00
2022/08/24,1.83,1.84,1.80,1.80,28495672,58395460.00
2022/08/25,1.81,1.84,1.80,1.83,26136523,53531276.00
2022/08/26,1.83,1.86,1.82,1.84,32467313,67331752.00
2022/08/29,1.83,1.84,1.81,1.83,27147455,55851452.00
2022/08/30,1.84,1.88,1.83,1.87,45314659,94602792.00
2022/08/31,1.85,1.86,1.82,1.83,38532911,79769152.00
2022/09/01,1.83,1.85,1.81,1.82,30348400,62504536.00
2022/09/02,1.82,1.83,1.80,1.81,28202624,57474440.00
2022/09/05,1.81,1.85,1.80,1.85,46634026,96373104.00
2022/09/06,1.85,1.86,1.84,1.85,28862389,60083904.00
2022/09/07,1.85,1.86,1.82,1.83,28182744,58110384.00
2022/09/08,1.84,1.84,1.82,1.84,14391635,29676924.00
2022/09/09,1.83,1.85,1.83,1.85,20340811,42132824.00
2022/09/13,1.85,1.86,1.83,1.84,39059901,81099888.00
2022/09/14,1.83,1.84,1.82,1.83,21912836,45070560.00
2022/09/15,1.83,1.84,1.80,1.81,31986601,65678900.00
2022/09/16,1.82,1.82,1.76,1.77,46781800,94251408.00
2022/09/19,1.77,1.78,1.75,1.76,28060366,55824636.00
2022/09/20,1.77,1.78,1.75,1.76,27064351,54015424.00
2022/09/21,1.76,1.80,1.74,1.79,37991401,76101928.00
2022/09/22,1.79,1.80,1.77,1.79,32967655,66481676.00
2022/09/23,1.79,1.81,1.78,1.78,30767173,62243172.00
2022/09/26,1.78,1.78,1.73,1.74,39464700,78254384.00
2022/09/27,1.74,1.77,1.72,1.76,27419338,54083616.00
2022/09/28,1.76,1.76,1.74,1.74,21028200,41622264.00
2022/09/29,1.75,1.76,1.69,1.71,39407000,76993592.00
2022/09/30,1.71,1.72,1.69,1.72,23909402,46360828.00
2022/10/10,1.72,1.74,1.70,1.72,18723841,36501256.00
2022/10/11,1.72,1.73,1.67,1.72,27873255,53902448.00
2022/10/12,1.71,1.74,1.70,1.74,19318495,37648256.00
2022/10/13,1.73,1.74,1.71,1.73,16119990,31450538.00
2022/10/14,1.73,1.75,1.72,1.74,43863828,86227992.00
2022/10/17,1.73,1.76,1.72,1.75,24266755,47824676.00
2022/10/18,1.75,1.77,1.74,1.75,28703454,56979048.00
2022/10/19,1.75,1.76,1.74,1.75,14813900,29314336.00
2022/10/20,1.75,1.75,1.72,1.73,19016907,37360844.00
2022/10/21,1.73,1.77,1.73,1.75,30185386,59774224.00
2022/10/24,1.76,1.77,1.69,1.69,30421464,59391464.00
2022/10/25,1.70,1.71,1.67,1.69,27862677,53418568.00
2022/10/26,1.69,1.72,1.69,1.70,17586878,34054296.00
2022/10/27,1.70,1.73,1.70,1.72,21658963,42190604.00
2022/10/28,1.72,1.72,1.68,1.69,25958252,50208120.00
2022/10/31,1.68,1.71,1.67,1.69,20509516,39379488.00
2022/11/01,1.69,1.80,1.69,1.79,69731500,138268928.00
2022/11/02,1.78,1.82,1.77,1.80,47957908,97451232.00
2022/11/03,1.80,1.82,1.79,1.81,25217917,51245076.00
2022/11/04,1.80,1.86,1.80,1.84,51285558,105551048.00
2022/11/07,1.83,1.83,1.81,1.82,27072695,55578888.00
2022/11/08,1.82,1.84,1.81,1.83,25172443,51761384.00
2022/11/09,1.84,1.84,1.81,1.83,16725342,34390840.00
2022/11/10,1.82,1.84,1.81,1.84,27192081,55769536.00
2022/11/11,1.85,1.87,1.81,1.83,47575983,98598920.00
2022/11/14,1.83,1.85,1.79,1.81,57243970,117141888.00
2022/11/15,1.82,1.83,1.81,1.82,29704060,60901584.00
2022/11/16,1.82,1.83,1.81,1.81,21604116,44254232.00
2022/11/17,1.81,1.82,1.80,1.81,16485700,33672880.00
2022/11/18,1.82,1.82,1.80,1.80,32116761,65511196.00
2022/11/21,1.80,1.81,1.77,1.77,31093986,62507680.00
2022/11/22,1.77,1.82,1.76,1.81,43062853,87213720.00
2022/11/23,1.80,1.84,1.80,1.83,45022399,92426944.00
2022/11/24,1.83,1.84,1.81,1.82,24719500,50675840.00
2022/11/25,1.81,1.87,1.81,1.85,48771251,101077248.00
2022/11/28,1.84,1.86,1.81,1.86,41054504,85093632.00
2022/11/29,1.85,1.90,1.85,1.89,45644224,96523984.00
2022/11/30,1.89,1.92,1.88,1.90,39484011,84201200.00
2022/12/01,1.93,1.98,1.91,1.92,73487303,159366848.00
2022/12/02,1.93,1.96,1.92,1.95,53250500,115877264.00
2022/12/05,1.98,2.09,1.97,2.04,137417900,312660768.00
2022/12/06,2.04,2.08,2.03,2.08,78139767,179338688.00
2022/12/07,2.08,2.11,2.04,2.06,70124421,161610464.00
2022/12/08,2.08,2.10,2.06,2.07,67874065,156376352.00
2022/12/09,2.08,2.10,2.03,2.04,63552386,145021120.00
2022/12/12,2.04,2.07,2.01,2.04,49954381,113479184.00
2022/12/13,2.06,2.12,2.06,2.08,53261852,123751664.00
2022/12/14,2.09,2.11,2.07,2.07,35100983,81332032.00
2022/12/15,2.08,2.08,2.03,2.04,30808185,70240544.00
2022/12/16,2.03,2.08,2.02,2.07,34892515,79793824.00
2022/12/19,2.06,2.07,2.00,2.02,34857900,78783792.00
2022/12/20,2.02,2.02,1.98,1.99,30157065,67196368.00
2022/12/21,2.00,2.01,1.97,2.00,31027400,68988264.00
2022/12/22,2.01,2.03,1.96,1.98,34439000,76699512.00
2022/12/23,1.97,2.01,1.95,1.97,24203401,53450072.00
2022/12/26,1.98,2.02,1.97,1.98,33128300,73427544.00
2022/12/27,2.00,2.01,1.98,1.99,26844890,59801996.00
2022/12/28,1.99,2.01,1.97,1.99,29046383,64555160.00
2022/12/29,1.98,1.99,1.93,1.94,32546890,71064928.00
2022/12/30,1.95,2.05,1.94,2.04,53084626,118561744.00
2023/01/03,2.04,2.05,1.99,2.00,39034771,87301696.00
2023/01/04,2.01,2.03,1.99,2.00,31584784,70595776.00
2023/01/05,2.00,2.01,1.98,1.99,33317187,74060800.00
2023/01/06,1.99,2.00,1.94,1.94,44734050,97958352.00
2023/01/09,1.95,1.99,1.94,1.97,33233406,72968832.00
2023/01/10,1.97,1.97,1.93,1.93,26242893,57110216.00
2023/01/11,1.93,1.94,1.90,1.92,29836110,64094660.00
2023/01/12,1.91,1.92,1.89,1.91,31349098,66969488.00
2023/01/13,1.91,1.94,1.91,1.94,22174713,47847704.00
2023/01/16,1.94,1.98,1.93,1.95,35783567,78194448.00
2023/01/17,1.95,1.96,1.92,1.93,21403448,46195340.00
2023/01/18,1.92,1.94,1.91,1.93,29399700,63430744.00
2023/01/19,1.92,1.96,1.91,1.96,25985101,56395656.00
2023/01/20,1.96,1.98,1.95,1.97,28409732,62423300.00
2023/01/30,1.99,2.03,1.97,1.98,49110794,109496480.00
2023/01/31,1.98,2.00,1.96,1.97,31239646,68896088.00
2023/02/01,1.97,1.99,1.95,1.98,39464795,86915776.00
2023/02/02,1.98,1.99,1.96,1.97,31020325,68262936.00
2023/02/03,1.97,1.98,1.95,1.96,29604420,64788344.00
2023/02/06,1.96,2.01,1.96,1.98,41129201,91174720.00
2023/02/07,2.00,2.01,1.98,2.00,31980546,71167504.00
2023/02/08,2.00,2.01,1.97,1.97,24627601,54574092.00
2023/02/09,1.98,1.99,1.96,1.98,31334371,69269136.00
2023/02/10,1.98,2.01,1.98,1.99,25476244,56591172.00
2023/02/13,1.99,2.00,1.98,1.99,31273901,69318376.00
2023/02/14,1.99,2.00,1.98,1.99,22668801,50317264.00
2023/02/15,1.99,2.00,1.98,1.98,38606676,85629152.00
2023/02/16,1.98,2.02,1.96,1.97,55858037,124197168.00
2023/02/17,1.97,1.98,1.96,1.96,26849101,59038192.00
2023/02/20,1.96,2.00,1.96,2.00,34666500,76653208.00
2023/02/21,2.00,2.05,1.99,2.03,54568166,122759856.00
2023/02/22,2.02,2.04,2.01,2.03,24562400,55385588.00
2023/02/23,2.03,2.04,2.00,2.01,25485200,57170072.00
2023/02/24,2.00,2.01,1.98,1.99,20097400,44675172.00
2023/02/27,1.98,2.00,1.98,1.98,18974925,42099864.00
2023/02/28,1.99,2.02,1.98,2.01,23898659,53172396.00
2023/03/01,2.01,2.15,2.00,2.09,163379697,377889920.00
2023/03/02,2.09,2.17,2.08,2.14,93300731,220995600.00
2023/03/03,2.15,2.17,2.09,2.15,81367726,192435072.00
2023/03/06,2.15,2.18,2.13,2.14,56709410,134926960.00
2023/03/07,2.16,2.18,2.12,2.13,57910395,137937952.00
2023/03/08,2.13,2.16,2.11,2.14,39002159,92380304.00
2023/03/09,2.15,2.16,2.11,2.14,34979532,82797720.00
2023/03/10,2.14,2.14,2.08,2.08,35994700,84027888.00
2023/03/13,2.09,2.13,2.08,2.12,36460701,85174552.00
2023/03/14,2.13,2.14,2.09,2.10,30718700,72003688.00
2023/03/15,2.11,2.16,2.10,2.15,37696988,89222672.00
2023/03/16,2.14,2.19,2.13,2.14,46884548,112213328.00
2023/03/17,2.16,2.19,2.14,2.18,43638032,104783840.00
2023/03/20,2.18,2.22,2.14,2.14,55811471,134220032.00
2023/03/21,2.15,2.17,2.12,2.13,35737842,84618192.00
2023/03/22,2.14,2.14,2.08,2.11,59834700,139469728.00
2023/03/23,2.11,2.12,2.08,2.12,35119600,81765488.00
2023/03/24,2.12,2.12,2.06,2.07,44684645,103360664.00
2023/03/27,2.08,2.08,2.02,2.04,33132970,75318304.00
2023/03/28,2.05,2.06,2.02,2.03,31341115,71167400.00
2023/03/29,2.04,2.05,2.01,2.03,35415482,80133360.00
2023/03/30,2.03,2.05,2.00,2.02,39702206,89332040.00
2023/03/31,2.03,2.19,2.02,2.18,112557468,266231872.00
2023/04/03,2.19,2.34,2.17,2.26,119244819,299341664.00
2023/04/04,2.27,2.34,2.26,2.30,86830058,220535952.00
2023/04/06,2.32,2.33,2.27,2.28,62969320,158925104.00
2023/04/07,2.29,2.29,2.21,2.21,52831500,130144008.00
2023/04/10,2.22,2.23,2.18,2.19,47715700,116094896.00
2023/04/11,2.20,2.21,2.18,2.20,39752800,96454720.00
2023/04/12,2.20,2.24,2.19,2.23,48480200,118702008.00
2023/04/13,2.22,2.26,2.21,2.24,40502501,100010008.00
2023/04/14,2.25,2.25,2.20,2.21,36127911,88578552.00
2023/04/17,2.22,2.26,2.20,2.24,47078700,115888760.00
2023/04/18,2.23,2.28,2.21,2.25,43772550,108500992.00
2023/04/19,2.25,2.27,2.22,2.24,33335708,82552200.00
2023/04/20,2.24,2.27,2.22,2.27,44701998,110846672.00
2023/04/21,2.27,2.28,2.21,2.22,48263889,119470592.00
2023/04/24,2.23,2.25,2.18,2.21,44191324,107886784.00
2023/04/25,2.21,2.26,2.19,2.23,38482831,94577840.00
2023/04/26,2.23,2.24,2.15,2.22,45262276,109822168.00
2023/04/27,2.21,2.25,2.20,2.24,42834400,105540856.00
2023/04/28,2.47,2.49,2.39,2.49,126790752,343561408.00
2023/05/04,2.65,2.76,2.59,2.76,358017023,1057938432.00
2023/05/05,2.77,3.06,2.77,3.06,472224162,1502075008.00
2023/05/08,3.08,3.25,3.01,3.18,579126429,1946475392.00
2023/05/09,3.17,3.22,3.00,3.02,370571984,1232491776.00
2023/05/10,3.04,3.08,2.94,2.99,244352286,788805952.00
2023/05/11,3.00,3.20,2.86,3.10,312615797,1015900416.00
2023/05/12,3.06,3.38,3.03,3.15,331571865,1150671104.00
2023/05/15,3.17,3.28,3.00,3.16,236666050,791417984.00
2023/05/16,3.12,3.15,3.01,3.07,166460733,551697152.00
2023/05/17,3.05,3.14,2.95,3.12,145169935,479389728.00
2023/05/18,3.15,3.36,3.12,3.32,268142456,937661888.00
2023/05/19,3.22,3.46,3.18,3.33,230528318,818118272.00
2023/05/22,3.29,3.67,3.29,3.52,298164329,1126190848.00
2023/05/23,3.46,3.51,3.31,3.33,215091294,778923648.00
2023/05/24,3.29,3.36,3.21,3.25,155069836,541874880.00
2023/05/25,3.23,3.39,3.19,3.32,147357456,522560480.00
2023/05/26,3.27,3.32,3.16,3.22,122429812,423060640.00
2023/05/29,3.23,3.25,3.12,3.15,117085321,397421792.00
2023/05/30,3.14,3.30,3.13,3.22,119772199,412816800.00
2023/05/31,3.20,3.24,3.15,3.18,71753940,244868528.00
2023/06/01,3.20,3.20,3.04,3.09,156193022,518541536.00
2023/06/02,3.11,3.15,2.99,3.09,130052347,429383584.00
2023/06/05,3.09,3.20,3.06,3.17,92280236,312327456.00
2023/06/06,3.18,3.29,3.14,3.23,138753272,480552704.00
2023/06/07,3.36,3.58,3.35,3.58,130026618,487985856.00
2023/06/08,3.68,3.83,3.52,3.76,357254607,1394589952.00
2023/06/09,3.76,3.90,3.65,3.68,267071071,1064592576.00
2023/06/12,3.70,3.89,3.61,3.81,206332325,831078144.00
2023/06/13,3.77,3.95,3.76,3.86,122173196,497573056.00
2023/06/14,3.88,4.06,3.81,3.88,100520361,415876928.00
2023/06/15,3.86,4.00,3.82,3.94,93866134,390220160.00
2023/06/16,3.95,4.02,3.80,3.84,115886021,477370176.00
2023/06/19,3.85,3.87,3.77,3.82,76594742,309917792.00
2023/06/20,3.81,3.81,3.59,3.60,117160319,457327328.00
2023/06/21,3.65,3.67,3.54,3.62,85703885,329875424.00
2023/06/26,3.63,3.67,3.53,3.55,83407178,319479424.00
2023/06/27,3.56,3.77,3.54,3.68,96940682,377830304.00
2023/06/28,3.63,4.01,3.62,3.89,137730582,557949184.00
2023/06/29,3.88,3.88,3.71,3.79,82657769,331116288.00
2023/06/30,3.80,3.81,3.67,3.73,71448295,283427936.00
2023/07/03,3.73,3.94,3.70,3.78,88814730,357897824.00
2023/07/04,3.76,3.80,3.66,3.68,52849636,207760288.00
2023/07/05,3.67,3.70,3.62,3.64,44803574,173957200.00
2023/07/06,3.64,3.71,3.63,3.66,40617798,158465504.00
2023/07/07,3.66,3.72,3.61,3.63,36661343,142168048.00
2023/07/10,3.67,3.67,3.58,3.61,75077176,288546368.00
2023/07/11,3.59,3.59,3.44,3.46,117846985,438989504.00
2023/07/12,3.40,3.44,3.13,3.19,212882639,741878976.00
2023/07/13,3.21,3.25,3.11,3.15,135487474,459726016.00
2023/07/14,3.16,3.22,3.13,3.20,85251628,290411104.00
2023/07/17,3.03,3.12,2.97,3.03,163070145,530956128.00
2023/07/18,3.03,3.13,2.96,3.09,111171558,366848960.00
2023/07/19,3.10,3.33,3.07,3.25,155268625,539919680.00
2023/07/20,3.25,3.29,3.17,3.20,73686874,254721728.00
2023/07/21,3.18,3.24,3.15,3.18,48544036,166378944.00
2023/07/24,3.19,3.30,3.16,3.20,48243348,167061408.00
2023/07/25,3.21,3.24,3.14,3.17,64131181,218078656.00
2023/07/26,3.15,3.16,3.10,3.14,47602488,159786064.00
2023/07/27,3.16,3.16,3.09,3.12,61181300,205354992.00
2023/07/28,3.10,3.23,3.08,3.18,59789130,203516032.00
2023/07/31,3.18,3.22,3.14,3.17,46285124,157847104.00
2023/08/01,3.15,3.22,3.13,3.20,51097524,174733312.00
2023/08/02,3.19,3.19,3.10,3.14,52831860,177479968.00
2023/08/03,3.12,3.20,3.12,3.17,43820734,148724832.00
2023/08/04,3.19,3.22,3.13,3.14,53220427,181131888.00
2023/08/07,3.13,3.15,3.08,3.11,38215111,127580280.00
2023/08/08,3.09,3.19,3.08,3.14,44483136,149923088.00
2023/08/09,3.13,3.14,3.06,3.07,46518801,154638480.00
2023/08/10,3.07,3.11,3.05,3.10,30319500,100580032.00
2023/08/11,3.11,3.11,3.01,3.01,35644368,116664992.00
2023/08/14,3.01,3.07,2.98,3.06,31553447,102818872.00
2023/08/15,3.04,3.08,3.01,3.04,32185423,105258208.00
2023/08/16,3.04,3.04,2.97,3.00,33732174,109005696.00
2023/08/17,3.00,3.05,2.97,3.03,41301478,133473912.00
2023/08/18,3.03,3.07,2.99,3.00,33146200,108189048.00
2023/08/21,2.99,3.03,2.94,2.94,30948379,99143712.00
2023/08/22,2.92,2.99,2.92,2.99,33512980,106747496.00
2023/08/23,2.98,2.99,2.91,2.92,36660434,116412864.00
2023/08/24,2.93,2.95,2.89,2.90,40314051,126560928.00
2023/08/25,2.87,2.96,2.86,2.88,37764954,118486016.00
2023/08/28,3.02,3.07,2.89,2.91,46339544,147643136.00
2023/08/29,2.89,2.96,2.87,2.96,45053253,141779920.00
2023/08/30,2.95,2.98,2.90,2.92,49147881,155646720.00
2023/08/31,2.92,2.94,2.84,2.90,39009300,121769288.00
2023/09/01,2.89,2.99,2.89,2.97,45051242,143657984.00
2023/09/04,2.97,3.00,2.91,2.93,77867099,246935696.00
2023/09/05,2.93,2.94,2.84,2.86,56504174,175329632.00
2023/09/06,2.85,2.86,2.80,2.83,37879800,115984776.00
2023/09/07,2.83,2.84,2.77,2.78,40086500,121654256.00
2023/09/08,2.78,2.79,2.73,2.74,39249901,116922968.00
2023/09/11,2.75,2.80,2.72,2.78,71040020,212714496.00
2023/09/12,2.77,2.81,2.70,2.77,77464400,230995968.00
2023/09/13,2.77,2.78,2.72,2.75,35889302,106846040.00
2023/09/14,2.76,2.82,2.71,2.73,61665700,184746032.00
2023/09/15,2.73,2.82,2.72,2.72,85223139,254484176.00
2023/09/18,2.73,2.75,2.70,2.74,35089139,103825456.00
2023/09/19,2.73,2.78,2.72,2.74,40378553,120010312.00
2023/09/20,2.73,2.74,2.69,2.71,42707900,125610200.00
2023/09/21,2.71,2.75,2.70,2.73,43249000,127998680.00
2023/09/22,2.72,2.82,2.72,2.79,72300510,216805392.00
2023/09/25,2.78,2.79,2.62,2.69,141913455,414278688.00
2023/09/26,2.68,2.71,2.62,2.63,67639230,194948864.00
2023/09/27,2.63,2.71,2.62,2.65,93812998,271820224.00
2023/09/28,2.66,2.67,2.62,2.66,44382498,127921384.00
2023/10/09,2.66,2.67,2.58,2.61,44457501,126727512.00
2023/10/10,2.61,2.63,2.53,2.54,55052575,153659456.00
2023/10/11,2.54,2.59,2.52,2.53,53581190,149090928.00
2023/10/12,2.54,2.58,2.53,2.56,53078800,147775616.00
2023/10/13,2.54,2.55,2.47,2.48,55524870,151496320.00
2023/10/16,2.49,2.53,2.47,2.50,40038600,109584048.00
2023/10/17,2.50,2.52,2.47,2.50,31589072,85999424.00
2023/10/18,2.49,2.50,2.46,2.47,41857308,113330376.00
2023/10/19,2.46,2.49,2.43,2.44,39160261,105145904.00
2023/10/20,2.43,2.46,2.41,2.42,46165800,122808160.00
2023/10/23,2.42,2.42,2.34,2.37,60835792,158397136.00
2023/10/24,2.38,2.41,2.36,2.40,44883409,117492832.00
2023/10/25,2.41,2.45,2.40,2.42,36470500,96996952.00
2023/10/26,2.42,2.46,2.40,2.44,46865410,124505376.00
2023/10/27,2.44,2.51,2.42,2.49,42523826,114893048.00
2023/10/30,2.49,2.51,2.43,2.45,57048941,153347536.00
2023/10/31,2.45,2.46,2.31,2.35,82382260,213734624.00
2023/11/01,2.35,2.38,2.31,2.34,66734752,171415744.00
2023/11/02,2.34,2.37,2.33,2.36,48005307,124011584.00
2023/11/03,2.37,2.39,2.34,2.36,53424500,138483936.00
2023/11/06,2.37,2.45,2.36,2.43,81531588,215686288.00
2023/11/07,2.43,2.43,2.34,2.38,75184084,195881712.00
2023/11/08,2.38,2.39,2.34,2.35,40653070,105282128.00
2023/11/09,2.35,2.37,2.33,2.35,43962586,113290760.00
2023/11/10,2.35,2.36,2.30,2.35,51191592,131046232.00
2023/11/13,2.35,2.37,2.31,2.35,69706747,178748544.00
2023/11/14,2.34,2.39,2.32,2.35,70197622,180665744.00
2023/11/15,2.36,2.40,2.35,2.39,82464454,214877488.00
2023/11/16,2.39,2.42,2.35,2.36,58531830,152558976.00
2023/11/17,2.36,2.36,2.33,2.34,37159029,95615488.00
2023/11/20,2.34,2.37,2.33,2.37,46636794,120410184.00
2023/11/21,2.37,2.50,2.37,2.46,140916979,377557888.00
2023/11/22,2.45,2.48,2.42,2.45,82681247,221974912.00
2023/11/23,2.45,2.50,2.44,2.50,60120600,162937408.00
2023/11/24,2.49,2.51,2.47,2.48,43495100,118104568.00
2023/11/27,2.48,2.48,2.44,2.46,41761926,112164840.00
2023/11/28,2.45,2.46,2.42,2.44,40652400,108509880.00
2023/11/29,2.44,2.45,2.39,2.40,44986497,118874400.00
2023/11/30,2.39,2.42,2.38,2.41,43212962,113699040.00
2023/12/01,2.40,2.48,2.40,2.46,58540105,156745536.00
2023/12/04,2.46,2.51,2.45,2.49,68052478,184861872.00
2023/12/05,2.49,2.49,2.44,2.45,50773320,137074560.00
2023/12/06,2.43,2.47,2.41,2.45,52403722,140011808.00
2023/12/07,2.45,2.46,2.41,2.42,48576500,129154184.00
2023/12/08,2.42,2.47,2.40,2.43,64087171,170810512.00
2023/12/11,2.42,2.44,2.34,2.42,64598613,169102816.00
2023/12/12,2.42,2.45,2.40,2.45,45382699,120673032.00
2023/12/13,2.44,2.48,2.43,2.43,46321680,124347424.00
2023/12/14,2.44,2.48,2.43,2.46,36628717,98613104.00
2023/12/15,2.46,2.47,2.41,2.42,43808779,116747472.00
2023/12/18,2.41,2.44,2.38,2.39,30180699,79687168.00
2023/12/19,2.39,2.39,2.32,2.34,42277752,109112400.00
2023/12/20,2.34,2.38,2.32,2.32,45361037,117152152.00
2023/12/21,2.32,2.32,2.27,2.30,52833229,133520760.00
2023/12/22,2.30,2.33,2.27,2.29,48054820,121439232.00
2023/12/25,2.29,2.30,2.24,2.27,45640655,113840008.00
2023/12/26,2.27,2.28,2.24,2.24,25761800,64047396.00
2023/12/27,2.24,2.27,2.22,2.27,36104101,89422848.00
2023/12/28,2.26,2.40,2.25,2.37,86608343,222264640.00
2023/12/29,2.36,2.38,2.34,2.36,45585744,118073864.00
2024/01/02,2.36,2.50,2.36,2.47,116566748,313102496.00
2024/01/03,2.46,2.56,2.45,2.53,76147201,209250976.00
2024/01/04,2.53,2.54,2.47,2.51,46975307,128461488.00
2024/01/05,2.51,2.55,2.47,2.49,42546100,116845984.00
2024/01/08,2.49,2.51,2.42,2.44,56035038,150517952.00
2024/01/09,2.44,2.53,2.42,2.51,66412140,180300176.00
2024/01/10,2.50,2.55,2.47,2.53,55594560,153038528.00
2024/01/11,2.52,2.59,2.50,2.57,62456228,173745920.00
2024/01/12,2.57,2.63,2.52,2.54,44341821,123969864.00
2024/01/15,2.55,2.60,2.53,2.60,54890210,154192512.00
2024/01/16,2.59,2.59,2.52,2.56,54058897,150211056.00
2024/01/17,2.56,2.58,2.51,2.52,37406022,104213056.00
2024/01/18,2.50,2.51,2.42,2.50,53564079,144414896.00
2024/01/19,2.49,2.50,2.45,2.46,28931199,78099432.00
2024/01/22,2.47,2.47,2.30,2.33,51737200,135254192.00
2024/01/23,2.32,2.36,2.26,2.34,46640854,118632792.00
2024/01/24,2.35,2.48,2.34,2.47,69299600,183207696.00
2024/01/25,2.48,2.74,2.46,2.74,130488099,374434976.00
2024/01/26,2.77,2.83,2.66,2.69,127556901,376077440.00
2024/01/29,2.69,2.77,2.67,2.68,113530521,335184256.00
2024/01/30,2.67,2.74,2.65,2.67,86410189,253326144.00
2024/01/31,2.65,2.71,2.58,2.60,81585369,232905136.00
2024/02/01,2.57,2.64,2.52,2.54,74288899,207749968.00
2024/02/02,2.53,2.57,2.37,2.44,88486545,239333296.00
2024/02/05,2.40,2.42,2.26,2.31,116384389,297429536.00
2024/02/06,2.30,2.48,2.27,2.42,98275121,254659408.00
2024/02/07,2.38,2.50,2.37,2.48,132096257,354765536.00
2024/02/08,2.48,2.58,2.45,2.49,128252660,352636768.00
2024/02/19,2.51,2.54,2.48,2.53,115330233,315682368.00
2024/02/20,2.51,2.52,2.46,2.49,83876152,228081696.00
2024/02/21,2.48,2.59,2.47,2.54,119475037,331895104.00
2024/02/22,2.53,2.58,2.51,2.57,93619484,259688944.00
2024/02/23,2.57,2.68,2.55,2.67,114922879,325999296.00
2024/02/26,2.69,2.75,2.61,2.67,110935331,322522688.00
2024/02/27,2.64,2.68,2.63,2.68,64199901,185358064.00
2024/02/28,2.67,2.68,2.59,2.60,87888301,252003920.00
2024/02/29,2.59,2.67,2.58,2.67,72295927,206422288.00
2024/03/01,2.66,2.69,2.60,2.67,68338055,196578480.00
2024/03/04,2.66,2.68,2.63,2.67,50658501,146370064.00
2024/03/05,2.66,2.69,2.63,2.66,52486479,151754272.00
2024/03/06,2.65,2.74,2.64,2.68,53062863,155042864.00
2024/03/07,2.67,2.75,2.67,2.68,60312682,177184832.00
2024/03/08,2.67,2.73,2.66,2.70,48623878,142116336.00
2024/03/11,2.70,2.73,2.68,2.72,55906862,164111344.00
2024/03/12,2.73,2.74,2.63,2.68,73027200,211738448.00
2024/03/13,2.67,2.68,2.61,2.62,63793782,182284704.00
2024/03/14,2.62,2.65,2.59,2.63,43838058,125056152.00
2024/03/15,2.61,2.64,2.60,2.63,30356820,86489768.00
2024/03/18,2.63,2.76,2.63,2.71,92556538,271552832.00
2024/03/19,2.70,2.70,2.64,2.65,69264564,200128976.00
2024/03/20,2.66,2.71,2.63,2.70,46931508,136184672.00
2024/03/21,2.70,2.75,2.68,2.74,62711095,184945488.00
2024/03/22,2.74,2.81,2.72,2.79,88343935,264992032.00
2024/03/25,2.77,2.81,2.73,2.73,69259801,207584080.00
2024/03/26,2.73,2.79,2.72,2.79,54918498,164405824.00
2024/03/27,2.77,2.78,2.72,2.73,53603696,159844832.00
2024/03/28,2.73,2.79,2.70,2.76,40101951,119367096.00
2024/03/29,2.76,2.77,2.70,2.73,42120350,124420224.00
2024/04/01,2.73,2.77,2.72,2.75,39337979,117231216.00
2024/04/02,2.75,2.83,2.75,2.82,64139985,193404592.00
2024/04/03,2.82,2.96,2.82,2.94,122607845,383369664.00
2024/04/08,2.95,3.08,2.93,2.98,115565522,373668192.00
2024/04/09,2.97,3.07,2.94,3.04,70172149,228140928.00
2024/04/10,3.03,3.07,2.97,3.01,59721179,194237824.00
2024/04/11,2.99,3.07,2.97,3.03,54763331,179012880.00
2024/04/12,3.02,3.05,2.98,3.00,38391746,124777680.00
2024/04/15,3.00,3.15,2.94,3.08,80494142,264825184.00
2024/04/16,3.08,3.10,2.94,2.96,78976065,255627440.00
2024/04/17,2.95,3.06,2.95,3.04,70191172,227494480.00
2024/04/18,3.04,3.09,3.02,3.06,55025989,181087744.00
2024/04/19,3.05,3.12,3.02,3.04,57648700,189930704.00
2024/04/22,3.04,3.06,2.95,2.96,55680204,179545968.00
2024/04/23,2.96,2.98,2.85,2.88,68976501,216044000.00
2024/04/24,2.88,2.95,2.88,2.93,56248000,177273504.00
2024/04/25,2.93,2.93,2.87,2.89,61762538,192514928.00
2024/04/26,2.89,2.97,2.88,2.96,66264300,209377776.00
2024/04/29,2.95,2.95,2.83,2.86,97715574,302234528.00
2024/04/30,2.91,3.07,2.90,3.03,118279952,384262912.00
2024/05/06,3.28,3.36,3.28,3.36,85037317,304456320.00
2024/05/07,3.37,3.37,3.13,3.16,255599003,873905280.00
2024/05/08,3.14,3.16,3.07,3.11,127172104,424485440.00
2024/05/09,3.10,3.21,3.08,3.19,124009190,419505280.00
2024/05/10,3.18,3.21,3.11,3.12,82678496,278483104.00
2024/05/13,3.12,3.25,3.04,3.22,122490207,416807552.00
2024/05/14,3.21,3.28,3.19,3.25,83784560,291117120.00
2024/05/15,3.24,3.27,3.16,3.17,59749750,205644784.00
2024/05/16,3.17,3.20,3.15,3.17,58324370,198421872.00
2024/05/17,3.17,3.22,3.08,3.13,68976135,231911744.00
2024/05/20,3.14,3.19,3.11,3.12,72182489,243399408.00
2024/05/21,3.12,3.14,3.10,3.13,49399523,165512112.00
2024/05/22,3.11,3.14,3.09,3.10,41008239,136949792.00
2024/05/23,3.10,3.11,3.05,3.08,59346680,196504128.00
2024/05/24,3.08,3.13,3.07,3.10,48723880,162479040.00
2024/05/27,3.10,3.23,3.10,3.23,81083551,275703104.00
2024/05/28,3.22,3.23,3.15,3.17,48753500,166091424.00
2024/05/29,3.17,3.17,3.10,3.13,59809128,200924224.00
2024/05/30,3.13,3.15,3.07,3.09,41430015,138412592.00
2024/05/31,3.10,3.14,3.09,3.10,36842951,123276464.00
2024/06/03,3.10,3.13,3.07,3.09,44087501,146820512.00
2024/06/04,3.08,3.15,3.08,3.14,33440400,112079976.00
2024/06/05,3.13,3.16,3.10,3.10,31521146,106139160.00
2024/06/06,3.10,3.12,3.03,3.07,60476811,199755632.00
2024/06/07,3.07,3.17,3.06,3.16,57478703,192411504.00
2024/06/11,3.16,3.17,3.03,3.08,66470700,220013392.00
2024/06/12,3.09,3.11,3.06,3.09,36235100,120243464.00
2024/06/13,3.08,3.10,2.99,3.00,55302018,179999184.00
2024/06/14,2.99,3.03,2.93,2.96,49310500,157629776.00
2024/06/17,2.96,3.01,2.94,2.98,46048738,147908000.00
2024/06/18,2.98,3.04,2.94,3.03,42296900,136630896.00
2024/06/19,3.03,3.05,2.98,2.99,33884380,109783008.00
2024/06/20,2.99,3.00,2.92,2.98,41910545,133678528.00
2024/06/21,2.98,3.04,2.96,2.99,37627826,121727880.00
2024/06/24,3.00,3.00,2.93,2.96,37113900,118487536.00
2024/06/25,2.96,2.99,2.93,2.94,39894715,127121120.00
2024/06/26,2.94,2.99,2.92,2.94,49812817,158215344.00
2024/06/27,2.94,3.01,2.89,2.91,62370763,197450064.00
2024/06/28,2.90,3.06,2.89,3.01,74448789,239840048.00
2024/07/01,3.04,3.11,3.01,3.10,63084600,208040912.00
2024/07/02,3.09,3.16,3.08,3.16,60769418,204758272.00
2024/07/03,3.15,3.22,3.14,3.17,50452158,171590000.00
2024/07/04,3.17,3.21,3.15,3.17,47384610,161916528.00
2024/07/05,3.16,3.20,3.14,3.20,48654325,165899632.00
2024/07/08,3.21,3.25,3.14,3.16,47682700,162855952.00
2024/07/09,3.18,3.19,3.11,3.17,49237403,166869072.00
2024/07/10,3.17,3.19,3.14,3.18,35797934,121647888.00
2024/07/11,3.17,3.20,3.13,3.15,49670463,168073728.00
2024/07/12,3.14,3.17,3.12,3.16,33541700,113372792.00
2024/07/15,3.15,3.25,3.12,3.24,61644801,211930368.00
2024/07/16,3.25,3.33,3.22,3.27,55598801,194961520.00
2024/07/17,3.28,3.31,3.25,3.27,44135507,154674592.00
2024/07/18,3.25,3.31,3.21,3.30,42690700,148968784.00
2024/07/19,3.29,3.34,3.26,3.34,48909710,172833984.00
2024/07/22,3.33,3.55,3.32,3.43,92806313,341554656.00
2024/07/23,3.43,3.56,3.43,3.49,92641122,346552704.00
2024/07/24,3.49,3.57,3.48,3.52,61875080,232398032.00
2024/07/25,3.52,3.53,3.46,3.49,57221799,212661984.00
2024/07/26,3.50,3.51,3.45,3.49,44791444,166050480.00
2024/07/29,3.48,3.56,3.47,3.51,37334200,140093360.00
2024/07/30,3.50,3.51,3.37,3.39,67332101,245449920.00
2024/07/31,3.39,3.43,3.33,3.38,75823122,272733440.00
2024/08/01,3.38,3.54,3.37,3.48,71708082,265776528.00
2024/08/02,3.47,3.52,3.42,3.47,37304981,138252928.00
2024/08/05,3.46,3.47,3.33,3.36,66600801,241756384.00
2024/08/06,3.37,3.40,3.31,3.34,40830394,145885168.00
2024/08/07,3.34,3.35,3.27,3.27,38112670,134640448.00
2024/08/08,3.29,3.32,3.26,3.30,31999471,112661400.00
2024/08/09,3.30,3.35,3.27,3.31,44356430,156964768.00
2024/08/12,3.32,3.34,3.27,3.28,29725600,104686272.00
2024/08/13,3.29,3.31,3.24,3.28,34564578,121021064.00
2024/08/14,3.26,3.30,3.25,3.27,25582400,89576944.00
2024/08/15,3.27,3.31,3.24,3.28,38146800,133916800.00
2024/08/16,3.31,3.32,3.20,3.22,41355703,141078064.00
2024/08/19,3.23,3.39,3.22,3.36,57267101,199653984.00
2024/08/20,3.36,3.37,3.25,3.29,45190800,155928304.00
2024/08/21,3.28,3.32,3.26,3.30,31124820,107449712.00
2024/08/22,3.30,3.42,3.29,3.38,55581200,196256576.00
2024/08/23,3.37,3.40,3.26,3.32,51421095,178290880.00
2024/08/26,3.32,3.35,3.25,3.31,33895550,117477760.00
2024/08/27,3.29,3.31,3.22,3.24,37575700,128385080.00
2024/08/28,3.25,3.34,3.22,3.31,52699401,181582000.00
2024/08/29,3.32,3.35,3.10,3.14,96644251,321201632.00
2024/08/30,3.14,3.17,3.05,3.14,67807957,222728112.00
2024/09/02,3.13,3.17,3.09,3.13,44262711,145756304.00
2024/09/03,3.14,3.19,3.09,3.14,44718962,147516544.00
2024/09/04,3.13,3.18,3.09,3.16,41651801,137638688.00
2024/09/05,3.14,3.21,3.14,3.20,35626300,119103232.00
2024/09/06,3.21,3.27,3.19,3.22,40690900,138252528.00
2024/09/09,3.22,3.22,3.12,3.15,41793700,138181568.00
2024/09/10,3.15,3.16,3.07,3.10,36485640,118894224.00
2024/09/11,3.09,3.12,2.97,2.99,55946859,178080480.00
2024/09/12,2.99,3.04,2.98,2.99,27499600,87038944.00
2024/09/13,3.00,3.05,2.96,2.97,34277201,108250800.00
2024/09/18,2.98,2.99,2.92,2.97,26889601,83738176.00
2024/09/19,2.98,3.04,2.93,3.03,42093700,132902768.00
2024/09/20,3.02,3.04,2.98,3.03,29258736,92717488.00
2024/09/23,3.03,3.05,3.00,3.01,29187296,93006528.00
2024/09/24,3.03,3.18,3.02,3.18,51875301,170027968.00
2024/09/25,3.19,3.37,3.19,3.25,71930096,249862528.00
2024/09/26,3.26,3.36,3.24,3.36,55702851,192837824.00
2024/09/27,3.40,3.41,3.25,3.32,85890272,297698112.00
2024/09/30,3.41,3.64,3.39,3.62,144519700,529154784.00
2024/10/08,3.96,4.00,3.53,3.66,182609661,704163904.00
2024/10/09,3.62,3.62,3.35,3.37,111480794,405096960.00
2024/10/10,3.43,3.59,3.40,3.50,88239935,322782528.00
2024/10/11,3.51,3.52,3.35,3.40,66512220,238814496.00
2024/10/14,3.43,3.62,3.40,3.59,97253884,358292384.00
2024/10/15,3.56,3.65,3.50,3.52,74178711,277174048.00
2024/10/16,3.47,3.62,3.46,3.60,59856539,223044080.00
2024/10/17,3.62,3.63,3.49,3.49,45765742,169779648.00
2024/10/18,3.49,3.63,3.43,3.57,61899087,228385184.00
2024/10/21,3.56,3.58,3.45,3.48,79776895,290671168.00
2024/10/22,3.49,3.55,3.44,3.47,66525020,242296208.00
2024/10/23,3.46,3.50,3.43,3.45,56973100,206046304.00
2024/10/24,3.44,3.46,3.31,3.34,96617969,339912512.00
2024/10/25,3.34,3.36,3.22,3.24,134336433,459159264.00
2024/10/28,3.25,3.28,3.20,3.28,91985769,312716928.00
2024/10/29,3.28,3.31,3.19,3.21,92800601,315018112.00
2024/10/30,3.20,3.22,3.17,3.21,62815719,210574224.00
2024/10/31,3.19,3.26,3.16,3.25,90567143,305674496.00
2024/11/01,3.25,3.25,3.18,3.22,77363512,261392848.00
2024/11/04,3.22,3.22,3.18,3.22,50364896,169131248.00
2024/11/05,3.21,3.29,3.20,3.29,92025914,313853152.00
2024/11/06,3.28,3.29,3.21,3.23,104239854,354394400.00
2024/11/07,3.21,3.34,3.20,3.33,118523644,409738528.00
2024/11/08,3.35,3.38,3.28,3.29,82521950,287238464.00
2024/11/11,3.28,3.29,3.23,3.26,67008752,228557872.00
2024/11/12,3.24,3.27,3.19,3.21,75671050,256953840.00
2024/11/13,3.19,3.26,3.19,3.25,70912634,241077824.00
2024/11/14,3.24,3.25,3.21,3.21,48929600,165444672.00
2024/11/15,3.21,3.27,3.18,3.23,88111001,299459904.00
2024/11/18,3.26,3.38,3.26,3.31,139998633,488522656.00
2024/11/19,3.29,3.36,3.24,3.32,87744995,302879360.00
2024/11/20,3.31,3.34,3.28,3.32,57308305,198679312.00
2024/11/21,3.32,3.35,3.29,3.30,47664883,165439888.00
2024/11/22,3.29,3.34,3.19,3.19,73382883,251528848.00
2024/11/25,3.19,3.23,3.13,3.15,64672104,215690176.00
2024/11/26,3.15,3.20,3.14,3.18,42773705,142641552.00
2024/11/27,3.18,3.21,3.10,3.20,58835254,194796640.00
2024/11/28,3.20,3.27,3.19,3.22,56327954,190726688.00
2024/11/29,3.22,3.26,3.21,3.22,45227801,153426480.00
2024/12/02,3.23,3.28,3.21,3.27,67955000,231493408.00
2024/12/03,3.27,3.34,3.24,3.34,75304721,259767856.00
2024/12/04,3.32,3.34,3.29,3.32,47836511,166139040.00
2024/12/05,3.32,3.35,3.28,3.29,57070680,198238768.00
2024/12/06,3.29,3.39,3.28,3.39,76934871,270242368.00
2024/12/09,3.39,3.46,3.36,3.44,81124401,289055136.00
2024/12/10,3.49,3.50,3.37,3.37,81907676,293831744.00
2024/12/11,3.38,3.41,3.36,3.41,43753411,155146176.00
2024/12/12,3.41,3.45,3.38,3.44,49748501,178540752.00
2024/12/13,3.44,3.46,3.33,3.34,63487651,224737088.00
2024/12/16,3.34,3.40,3.32,3.38,60095100,211706512.00
2024/12/17,3.37,3.42,3.32,3.33,51664700,181660000.00
2024/12/18,3.35,3.41,3.33,3.34,48199770,169990064.00
2024/12/19,3.32,3.33,3.23,3.27,57102220,195610512.00
2024/12/20,3.27,3.28,3.23,3.24,32301825,110281192.00
2024/12/23,3.24,3.29,3.22,3.25,49977601,170999296.00
2024/12/24,3.26,3.36,3.24,3.35,52878765,183506672.00
2024/12/25,3.34,3.38,3.31,3.37,48323400,169356144.00
2024/12/26,3.37,3.39,3.26,3.28,59202900,204831104.00
2024/12/27,3.27,3.35,3.26,3.33,68712752,238931280.00
2024/12/30,3.34,3.35,3.30,3.32,34518281,120286896.00
2024/12/31,3.32,3.36,3.26,3.27,51780236,179317920.00
2025/01/02,3.26,3.29,3.14,3.16,76384384,256287968.00
2025/01/03,3.16,3.21,3.13,3.13,53997670,179540480.00
2025/01/06,3.13,3.18,3.10,3.15,47974700,158573088.00
2025/01/07,3.15,3.16,3.07,3.12,42637800,139425888.00
2025/01/08,3.12,3.15,3.07,3.11,34585031,113248296.00
2025/01/09,3.11,3.12,3.04,3.06,42493860,136836528.00
2025/01/10,3.06,3.07,2.98,2.99,43314670,137351280.00
2025/01/13,2.97,3.01,2.94,3.01,34717001,108945872.00
2025/01/14,3.01,3.10,3.00,3.09,42517500,137567824.00
2025/01/15,3.09,3.12,3.05,3.06,36514870,118213200.00
2025/01/16,3.07,3.13,3.06,3.10,40244301,131399952.00
2025/01/17,3.09,3.12,3.06,3.11,27000016,87903856.00
2025/01/20,3.12,3.14,3.07,3.08,40467099,132060112.00
2025/01/21,3.08,3.09,3.04,3.05,31154400,100288104.00
2025/01/22,3.04,3.05,3.01,3.03,25643100,81696400.00
2025/01/23,3.06,3.13,3.05,3.07,44876615,145962368.00
2025/01/24,3.06,3.12,3.05,3.11,38326763,124565096.00
2025/01/27,3.11,3.22,3.10,3.18,55031070,183973696.00
2025/02/05,3.18,3.20,3.09,3.10,46389900,152450096.00
2025/02/06,3.10,3.12,3.08,3.11,33207255,108095456.00
2025/02/07,3.10,3.16,3.09,3.14,42648177,140320160.00
2025/02/10,3.14,3.16,3.11,3.12,39093602,128642088.00
2025/02/11,3.12,3.13,3.09,3.10,32064819,104683568.00
2025/02/12,3.09,3.11,3.07,3.09,26650968,86576608.00
2025/02/13,3.09,3.11,3.08,3.09,33478249,108999680.00
2025/02/14,3.09,3.10,3.06,3.08,27914013,90362680.00
2025/02/17,3.09,3.09,3.01,3.02,64980700,207592736.00
2025/02/18,3.03,3.04,2.99,3.00,44489590,141197088.00
2025/02/19,3.00,3.01,2.98,3.00,37687569,118918816.00
2025/02/20,2.99,3.00,2.96,2.98,36730855,115223352.00
2025/02/21,2.98,2.99,2.95,2.96,44533905,139246320.00
2025/02/24,2.96,3.00,2.95,2.96,41196601,128797520.00
2025/02/25,2.96,2.96,2.91,2.92,45604194,141093760.00
2025/02/26,2.92,2.95,2.91,2.93,35482461,109522608.00
2025/02/27,2.93,2.94,2.91,2.93,33715350,103946640.00
2025/02/28,2.92,2.95,2.91,2.93,48679858,150397280.00
2025/03/03,2.93,2.93,2.87,2.88,54668100,167345840.00
2025/03/04,2.87,2.88,2.85,2.86,46227202,139816208.00
2025/03/05,2.86,2.87,2.82,2.86,47317800,142166976.00
2025/03/06,2.87,2.87,2.84,2.87,39434092,118894648.00
2025/03/07,2.86,2.88,2.85,2.86,33257400,100548920.00
2025/03/10,2.86,2.87,2.84,2.85,21965101,66162600.00
2025/03/11,2.84,2.86,2.83,2.86,28264602,85099840.00
2025/03/12,2.86,2.88,2.85,2.88,39169744,118555672.00
2025/03/13,2.87,2.89,2.86,2.88,40108581,121784864.00
2025/03/14,2.88,2.92,2.88,2.92,41078291,125867408.00
2025/03/17,2.93,2.94,2.91,2.93,35152135,108342432.00
2025/03/18,2.93,2.96,2.91,2.95,45385101,140554176.00
2025/03/19,2.95,2.95,2.92,2.93,26301520,81331008.00
2025/03/20,2.93,2.96,2.92,2.93,33857090,104850024.00
2025/03/21,2.94,2.96,2.91,2.92,49574474,153429136.00
2025/03/24,2.92,2.93,2.87,2.90,50463200,154177024.00
2025/03/25,2.90,2.93,2.87,2.93,54014802,165606000.00
2025/03/26,2.92,2.94,2.90,2.91,38287325,117810544.00
2025/03/27,2.91,2.92,2.89,2.92,28642200,87929488.00
2025/03/28,2.89,2.89,2.79,2.79,111315130,331699040.00
2025/03/31,2.78,2.82,2.73,2.75,73453977,215041472.00
2025/04/01,2.73,2.76,2.73,2.74,47668896,138452192.00
2025/04/02,2.73,2.75,2.73,2.74,27485925,79613448.00
2025/04/03,2.73,2.78,2.72,2.77,48922786,142586464.00
2025/04/07,2.71,2.72,2.51,2.58,101242207,282147552.00
2025/04/08,2.58,2.69,2.58,2.68,75986841,214034176.00
2025/04/09,2.66,2.73,2.63,2.73,62868457,178571024.00
2025/04/10,2.75,2.76,2.70,2.72,55214219,159508544.00
2025/04/11,2.72,2.75,2.70,2.73,38005590,109777160.00
2025/04/14,2.73,2.74,2.72,2.73,29793400,86090664.00
2025/04/15,2.73,2.73,2.70,2.71,21243000,61017552.00
2025/04/16,2.71,2.74,2.71,2.73,28569300,82435536.00
2025/04/17,2.74,2.74,2.71,2.72,22348400,64553436.00
2025/04/18,2.72,2.73,2.70,2.72,23922401,68749824.00
2025/04/21,2.72,2.73,2.71,2.73,16448701,47457592.00
2025/04/22,2.72,2.74,2.72,2.73,19403900,56045844.00
2025/04/23,2.74,2.74,2.71,2.72,21231705,61217800.00
2025/04/24,2.73,2.73,2.71,2.71,14459900,41598932.00
2025/04/25,2.72,2.75,2.71,2.74,34182295,99015872.00
2025/04/28,2.75,2.80,2.74,2.77,42040794,123535864.00
2025/04/29,2.78,2.82,2.77,2.80,33235381,98341672.00
2025/04/30,2.79,2.80,2.73,2.78,44693370,130891296.00
2025/05/06,2.79,2.81,2.78,2.79,37237983,109964352.00
2025/05/07,2.80,2.82,2.79,2.80,39026200,115701008.00
2025/05/08,2.80,2.81,2.78,2.80,27642600,81801136.00
2025/05/09,2.80,2.82,2.79,2.80,28996600,85942224.00
2025/05/12,2.81,2.81,2.79,2.81,26982100,79913888.00
2025/05/13,2.83,2.84,2.81,2.82,35316605,105328432.00
2025/05/14,2.82,2.83,2.79,2.83,35048866,104157456.00
2025/05/15,2.83,2.86,2.82,2.83,38400545,115065048.00
2025/05/16,2.83,2.85,2.80,2.80,33116929,98656888.00
2025/05/19,2.80,2.84,2.80,2.82,30071412,89797264.00
2025/05/20,2.83,2.84,2.81,2.82,23068700,68765792.00
2025/05/21,2.82,2.84,2.81,2.83,27514113,82238152.00
2025/05/22,2.82,2.85,2.81,2.83,35357411,105809416.00
2025/05/23,2.83,2.87,2.80,2.80,53520250,160607968.00
2025/05/26,2.81,2.86,2.80,2.84,34551963,103561984.00
2025/05/27,2.84,2.86,2.83,2.85,35557801,106951152.00
2025/05/28,2.85,2.87,2.84,2.86,29692945,89478192.00
2025/05/29,2.86,2.90,2.86,2.89,40135434,122064152.00
2025/05/30,2.89,2.89,2.87,2.88,27360301,83198952.00
2025/06/03,2.87,2.90,2.83,2.88,47152994,143073360.00
2025/06/04,2.89,2.90,2.84,2.86,50166941,151547344.00
2025/06/05,2.86,2.87,2.82,2.84,35746924,107191136.00
2025/06/06,2.84,2.85,2.82,2.82,39687640,118785128.00
2025/06/09,2.82,2.83,2.80,2.81,43066401,127963168.00
2025/06/10,2.81,2.83,2.80,2.81,33564602,99779624.00
2025/06/11,2.81,2.83,2.80,2.82,37895718,112934608.00
2025/06/12,2.82,2.83,2.78,2.79,51624977,152783360.00
2025/06/13,2.79,2.80,2.74,2.78,100874059,294919520.00
2025/06/16,2.76,2.77,2.74,2.75,55268200,160905120.00
2025/06/17,2.75,2.75,2.72,2.75,36226912,104908936.00
2025/06/18,2.74,2.76,2.73,2.74,24207098,70309608.00
2025/06/19,2.74,2.75,2.70,2.71,30445722,87637120.00
2025/06/20,2.71,2.75,2.70,2.74,32230602,93138304.00
2025/06/23,2.74,2.77,2.73,2.76,36780515,107196064.00
2025/06/24,2.76,2.78,2.75,2.76,32339500,94587264.00
2025/06/25,2.77,2.78,2.75,2.77,31485511,92062824.00
2025/06/26,2.77,2.78,2.74,2.75,34326086,100045312.00
2025/06/27,2.76,2.77,2.75,2.76,20530420,59921528.00
2025/06/30,2.76,2.76,2.72,2.73,39011000,112942872.00
2025/07/01,2.73,2.74,2.72,2.73,27241308,78749784.00
2025/07/02,2.73,2.77,2.72,2.77,43043708,125348776.00
2025/07/03,2.77,2.77,2.74,2.76,31181900,90834824.00
2025/07/04,2.76,2.77,2.75,2.75,30555500,89165504.00
2025/07/07,2.75,2.77,2.74,2.76,38675106,112889928.00
2025/07/08,2.77,2.78,2.76,2.78,29910072,87717536.00
2025/07/09,2.78,2.80,2.77,2.79,35083871,103479032.00
2025/07/10,2.79,2.82,2.79,2.81,49019515,145321952.00
2025/07/11,2.81,2.85,2.81,2.84,60221949,180083792.00
2025/07/14,2.84,2.86,2.83,2.83,46601069,139956704.00
2025/07/15,2.84,2.84,2.80,2.81,41779300,124432400.00
2025/07/16,2.82,2.83,2.80,2.81,19055246,56644072.00
2025/07/17,2.81,2.82,2.80,2.81,23803300,70619240.00
2025/07/18,2.81,2.82,2.80,2.82,22871900,67895552.00
2025/07/21,2.82,2.87,2.81,2.87,50348801,151537440.00
2025/07/22,2.87,2.93,2.83,2.93,86717265,264541248.00
2025/07/23,2.93,2.96,2.91,2.92,62544517,193346000.00
2025/07/24,2.92,2.95,2.89,2.95,60362717,186637168.00
2025/07/25,2.95,2.95,2.88,2.89,53364300,164096288.00
2025/07/28,2.95,3.02,2.88,2.89,100823869,311796672.00
2025/07/29,2.89,2.90,2.85,2.87,45266669,137039360.00
2025/07/30,2.87,2.91,2.86,2.88,40352688,122974592.00
2025/07/31,2.88,2.89,2.81,2.81,59265088,177259936.00
2025/08/01,2.81,2.83,2.80,2.82,44591401,132576368.00
2025/08/04,2.81,2.83,2.80,2.81,50757701,150883024.00
2025/08/05,2.81,2.83,2.81,2.83,27975501,83324528.00
2025/08/06,2.82,2.83,2.80,2.81,46203932,137169824.00
2025/08/07,2.81,2.82,2.79,2.80,51629613,152884176.00
2025/08/08,2.81,2.84,2.80,2.83,46567520,138768656.00
2025/08/11,2.83,2.84,2.81,2.82,52815469,157242256.00
2025/08/12,2.82,2.83,2.81,2.82,30947337,92189760.00
2025/08/13,2.82,2.83,2.81,2.82,37623602,112097768.00
2025/08/14,2.82,2.83,2.80,2.80,42382200,126095960.00
2025/08/15,2.81,2.82,2.80,2.82,34713920,100598320.00
2025/08/18,2.82,2.85,2.81,2.83,67615868,197908448.00
2025/08/19,2.84,2.84,2.82,2.83,29252260,85378448.00
2025/08/20,2.82,2.84,2.80,2.83,48082943,139831296.00
2025/08/21,2.83,2.87,2.83,2.86,60278506,177318272.00
2025/08/22,2.86,2.88,2.84,2.88,47316152,139477856.00
2025/08/25,2.88,2.91,2.88,2.90,52324302,156204432.00
2025/08/26,2.90,2.91,2.88,2.90,40138075,119971392.00
2025/08/27,2.90,2.90,2.84,2.84,59793289,176985248.00
2025/08/28,2.84,2.86,2.80,2.83,54291664,158460032.00
2025/08/29,3.01,3.12,3.01,3.12,225623161,721703104.00
2025/09/01,3.11,3.33,2.99,3.26,366151200,1195140224.00
2025/09/02,3.23,3.31,3.20,3.24,136130621,453808832.00
2025/09/03,3.23,3.25,3.20,3.22,89145493,295150912.00
2025/09/04,3.21,3.28,3.18,3.25,88378085,293134592.00
2025/09/05,3.26,3.28,3.21,3.26,75778060,253120160.00
2025/09/08,3.26,3.42,3.26,3.39,142526419,492441024.00
2025/09/09,3.40,3.44,3.35,3.38,80649792,280997440.00
2025/09/10,3.40,3.46,3.34,3.44,79532081,279452032.00
2025/09/11,3.43,3.45,3.39,3.43,59647692,208757392.00
2025/09/12,3.43,3.43,3.33,3.35,87833339,303878400.00
2025/09/15,3.33,3.37,3.28,3.34,83773089,285762592.00
2025/09/16,3.35,3.36,3.31,3.34,45403510,155454208.00
2025/09/17,3.33,3.34,3.27,3.28,67762975,229290320.00
2025/09/18,3.28,3.32,3.24,3.25,69742437,234719136.00
2025/09/19,3.25,3.26,3.18,3.21,63864535,210913840.00
2025/09/22,3.22,3.29,3.16,3.26,77423097,257698768.00
2025/09/23,3.26,3.26,3.19,3.25,69713901,231114464.00
2025/09/24,3.26,3.31,3.24,3.27,58925621,198098240.00
2025/09/25,3.28,3.29,3.20,3.21,57148501,189945920.00
2025/09/26,3.20,3.25,3.17,3.23,73770054,243276032.00
2025/09/29,3.25,3.27,3.20,3.25,62245342,206833168.00
2025/09/30,3.24,3.27,3.21,3.25,45854401,152887984.00
2025/10/09,3.24,3.26,3.20,3.25,58789402,195452944.00
2025/10/10,3.25,3.33,3.23,3.29,90225702,305154624.00
2025/10/13,3.22,3.24,3.18,3.22,79301258,261611584.00
2025/10/14,3.24,3.26,3.21,3.22,71786101,238548672.00
2025/10/15,3.23,3.24,3.20,3.24,45966400,152187856.00
2025/10/16,3.23,3.30,3.21,3.28,86667800,290537888.00
2025/10/17,3.26,3.35,3.26,3.29,100924020,342502816.00
2025/10/20,3.30,3.35,3.27,3.33,84493200,287565536.00
2025/10/21,3.35,3.35,3.31,3.33,51005199,174208272.00
2025/10/22,3.32,3.33,3.29,3.31,38809832,131905648.00
2025/10/23,3.31,3.33,3.28,3.31,52757701,178906560.00
2025/10/24,3.30,3.31,3.19,3.20,82446664,274272608.00
2025/10/27,3.21,3.27,3.18,3.25,72373083,240431728.00
2025/10/28,3.24,3.29,3.24,3.28,53529000,180160000.00
2025/10/29,3.28,3.29,3.23,3.26,41889036,140177504.00
2025/10/30,3.26,3.27,3.18,3.18,80177300,264685456.00
2025/10/31,3.18,3.19,2.96,2.97,212084254,654797248.00
2025/11/03,2.97,2.99,2.96,2.98,88125011,269766368.00
2025/11/04,2.97,2.98,2.92,2.93,89283201,271429632.00
2025/11/05,2.93,2.98,2.92,2.96,61415739,186953152.00
2025/11/06,2.97,2.99,2.95,2.97,72188848,221000704.00
2025/11/07,2.97,2.98,2.96,2.97,49571100,151693216.00
2025/11/10,2.97,3.00,2.96,2.99,54189189,166702688.00
2025/11/11,3.00,3.02,2.99,3.02,59029120,182834992.00
2025/11/12,3.02,3.03,3.00,3.01,46299557,143792944.00
2025/11/13,3.01,3.02,2.98,3.01,62092989,191950000.00
2025/11/14,3.01,3.04,3.00,3.01,60633294,188639328.00
2025/11/17,3.01,3.02,2.97,2.99,57029077,175667568.00
2025/11/18,2.98,2.99,2.93,2.95,57401801,174534560.00
2025/11/19,2.94,2.96,2.92,2.94,34935236,105776136.00
2025/11/20,2.94,2.96,2.93,2.95,44355892,134514384.00
2025/11/21,2.93,2.94,2.89,2.90,66330214,199150992.00
2025/11/24,2.90,2.91,2.88,2.89,37794200,112889040.00
2025/11/25,2.90,2.92,2.89,2.91,37549177,112522352.00
2025/11/26,2.91,2.93,2.90,2.90,33361310,100277024.00
2025/11/27,2.91,2.92,2.89,2.91,30373535,91011568.00
2025/11/28,2.91,2.96,2.90,2.95,55306200,167132368.00
2025/12/01,2.95,2.97,2.94,2.95,38186400,116279984.00
2025/12/02,2.95,2.99,2.94,2.98,53607101,164188304.00
2025/12/03,2.98,3.01,2.97,3.00,47925300,147634736.00
2025/12/04,3.00,3.00,2.97,2.98,34321600,105497128.00
2025/12/05,2.98,3.01,2.96,3.00,36754574,113072736.00
2025/12/08,3.00,3.01,2.97,2.97,37199339,114181688.00
2025/12/09,2.97,2.98,2.93,2.95,36346478,110628768.00
2025/12/10,2.96,2.98,2.94,2.95,28133400,85735840.00
2025/12/11,2.95,2.96,2.91,2.92,35682301,107860048.00
2025/12/12,2.92,2.95,2.91,2.93,33297650,100781056.00
2025/12/15,2.93,2.95,2.92,2.94,24111300,73006880.00
2025/12/16,2.94,2.94,2.90,2.92,42936110,129128296.00
2025/12/17,2.91,2.94,2.89,2.92,40014747,120032848.00
2025/12/18,2.93,2.96,2.92,2.96,30268356,91850224.00
2025/12/19,2.95,3.00,2.94,2.99,48827900,149871520.00
2025/12/22,3.00,3.01,2.97,2.99,43447164,134002664.00
2025/12/23,2.99,2.99,2.96,2.97,33502320,102743264.00
2025/12/24,2.96,2.98,2.95,2.97,33800221,103202568.00
2025/12/25,2.97,2.99,2.96,2.97,22284746,68282864.00
2025/12/26,2.97,2.99,2.96,2.98,27470400,84244200.00
2025/12/29,2.98,2.98,2.94,2.95,42421904,129423968.00
2025/12/30,2.94,2.96,2.93,2.93,35133600,106499552.00
2025/12/31,2.94,2.96,2.93,2.95,30303765,92046784.00
2026/01/05,2.95,2.96,2.93,2.94,51655448,156477152.00
2026/01/06,2.94,2.98,2.93,2.97,48724988,148649008.00
2026/01/07,2.97,2.98,2.95,2.96,40515787,123646536.00
2026/01/08,2.95,2.96,2.94,2.94,35669792,108331816.00
2026/01/09,2.95,2.96,2.94,2.95,33753284,102594864.00
2026/01/12,2.96,2.99,2.95,2.98,53651054,164228032.00
2026/01/13,2.99,3.00,2.96,2.97,54205176,166531248.00
2026/01/14,2.97,2.99,2.94,2.95,58465002,178735680.00
2026/01/15,2.95,2.96,2.94,2.94,31638948,96078688.00
2026/01/16,2.94,2.96,2.92,2.93,50686800,153419360.00
2026/01/19,2.93,2.95,2.92,2.94,38134432,115426248.00
2026/01/20,2.94,2.99,2.93,2.99,71315155,218113376.00
2026/01/21,2.99,3.00,2.96,2.98,44537971,136656448.00
2026/01/22,2.98,3.03,2.97,3.03,75172899,232798432.00
2026/01/23,3.03,3.05,3.01,3.05,48642119,151569504.00
2026/01/26,3.05,3.06,3.00,3.04,63517597,198454608.00
2026/01/27,3.04,3.05,2.99,3.02,53723735,166673280.00
2026/01/28,3.01,3.08,3.00,3.06,68756526,215432656.00
2026/01/29,3.05,3.06,3.02,3.04,43245352,135224512.00
2026/01/30,3.05,3.08,3.02,3.04,62384911,195784512.00
2026/02/02,3.06,3.11,3.02,3.03,106055760,334900032.00
2026/02/03,3.04,3.08,2.96,2.98,76822152,237655744.00
2026/02/04,2.99,3.06,2.97,3.06,70278312,219457840.00
2026/02/05,3.05,3.06,3.03,3.05,47952175,150350272.00
2026/02/06,3.03,3.06,3.01,3.02,48465826,151404304.00
2026/02/09,3.04,3.05,3.01,3.03,49015269,152823712.00
2026/02/10,3.02,3.04,3.00,3.02,41390874,128846672.00
2026/02/11,3.03,3.05,3.01,3.04,40789519,127360280.00
2026/02/12,3.04,3.06,3.01,3.02,45931001,143363008.00
2026/02/13,3.01,3.02,2.96,2.97,54982408,168988448.00
2026/02/24,2.99,3.00,2.98,2.99,30829327,95020760.00
2026/02/25,2.99,3.06,2.98,3.03,70997002,221780832.00
2026/02/26,3.03,3.04,2.99,3.00,39474200,122264400.00
2026/02/27,3.00,3.02,2.98,3.01,41822927,129302904.00
2026/03/02,3.00,3.05,2.98,3.02,85515867,265500768.00
2026/03/03,3.03,3.08,3.02,3.05,93317024,293183360.00
2026/03/04,3.04,3.04,2.95,2.96,93030661,285573120.00
2026/03/05,2.98,3.00,2.97,2.98,49831651,153107120.00
2026/03/06,2.97,3.04,2.96,3.03,66909195,207351472.00
2026/03/09,3.01,3.04,2.99,3.00,53438310,165609040.00
2026/03/10,3.01,3.03,3.00,3.01,49804346,154446256.00
2026/03/11,3.01,3.07,2.97,3.06,88817110,276747776.00
2026/03/12,3.06,3.11,3.05,3.10,82768603,263411056.00
2026/03/13,3.09,3.11,3.06,3.07,55204571,175301408.00
2026/03/16,3.07,3.09,3.04,3.04,50412557,158746848.00
2026/03/17,3.04,3.09,3.03,3.04,46424384,146242016.00
2026/03/18,3.04,3.05,3.00,3.02,52636001,163721856.00
2026/03/19,3.01,3.04,2.98,2.99,54361278,168360224.00
2026/03/20,3.00,3.04,2.98,2.99,63907722,197692144.00
2026/03/23,2.98,2.99,2.81,2.83,122203796,362823776.00
2026/03/24,2.84,2.91,2.83,2.91,53571606,158732928.00
2026/03/25,2.91,3.04,2.90,3.03,86753100,266443328.00
2026/03/26,3.03,3.09,3.02,3.06,93023050,293109728.00
2026/03/27,3.04,3.05,2.98,3.01,64585301,200192912.00
2026/03/30,2.98,3.05,2.95,3.04,59979079,185476896.00
2026/03/31,3.03,3.14,3.03,3.08,91950390,292390592.00
2026/04/01,3.09,3.11,3.04,3.05,62328768,196342944.00
2026/04/02,3.05,3.09,3.04,3.07,59682732,188232176.00
2026/04/03,3.07,3.07,2.98,3.00,57097300,177153648.00
2026/04/07,3.00,3.00,2.95,2.99,41962700,128712568.00
2026/04/08,3.01,3.07,2.99,3.07,67146500,209926800.00
2026/04/09,3.06,3.06,3.02,3.02,44527801,139420864.00
2026/04/10,3.04,3.05,2.99,3.00,43347946,134606080.00
2026/04/13,3.00,3.00,2.95,2.97,55515200,169845808.00
2026/04/14,2.98,2.98,2.94,2.96,40350500,122915960.00
2026/04/15,2.97,2.97,2.95,2.96,26473310,80755936.00
2026/04/16,2.96,3.00,2.95,2.98,45032051,137868384.00
2026/04/17,2.98,2.98,2.94,2.95,39493100,120179272.00
2026/04/20,2.95,2.96,2.94,2.94,28337841,86082416.00
2026/04/21,2.94,2.98,2.94,2.97,46686035,142440928.00
2026/04/22,2.96,2.98,2.96,2.97,25825600,78969816.00
2026/04/23,2.96,2.98,2.94,2.96,43019916,131165240.00
2026/04/24,2.96,2.96,2.92,2.93,45589500,138037184.00
2026/04/27,2.93,2.94,2.90,2.90,41091667,123577520.00
2026/04/28,2.91,2.95,2.90,2.95,45564306,137601712.00
2026/04/29,2.95,2.98,2.94,2.97,46709900,142615696.00
2026/04/30,3.02,3.18,3.02,3.13,189661704,606262208.00
2026/05/06,3.11,3.13,3.06,3.07,122014397,387090048.00
2026/05/07,3.08,3.12,3.06,3.08,65808251,208622896.00
2026/05/08,3.07,3.10,3.06,3.08,52166010,165400928.00
2026/05/11,3.07,3.08,3.01,3.05,73725056,230512960.00
2026/05/12,3.10,3.16,3.08,3.09,116902637,374581472.00
2026/05/13,3.08,3.11,3.07,3.08,62019449,197156432.00
2026/05/14,3.08,3.08,3.02,3.02,52791734,165574512.00
2026/05/15,3.03,3.04,2.96,2.97,64500700,198845216.00
2026/05/18,2.97,2.98,2.95,2.97,48993600,149810224.00
2026/05/19,2.96,3.02,2.96,3.01,48705765,150425488.00
2026/05/20,3.00,3.01,2.96,2.98,46186769,141387888.00
2026/05/21,2.97,3.01,2.93,2.94,57465916,176018048.00
2026/05/22,2.95,2.96,2.92,2.94,50691400,153502464.00
2026/05/25,2.94,2.96,2.93,2.94,39713901,120540512.00
2026/05/26,2.94,2.96,2.91,2.93,47504500,143607280.00
2026/05/27,2.93,2.96,2.90,2.91,60149956,181097904.00
2026/05/28,2.91,2.97,2.90,2.93,67996088,206286480.00
2026/05/29,2.93,3.04,2.93,3.00,98511181,303926848.00
2026/06/01,2.99,3.00,2.93,3.00,75390400,230767184.00
2026/06/02,2.98,3.10,2.98,3.06,120477200,379983744.00
2026/06/03,3.05,3.08,3.00,3.01,81354200,253914576.00
2026/06/04,3.01,3.05,2.97,2.98,55895300,172772016.00
2026/06/05,3.00,3.04,2.99,2.99,53578023,166434688.00
2026/06/08,2.97,2.98,2.91,2.94,67336326,203890864.00
2026/06/09,2.92,2.97,2.91,2.96,52376401,158416096.00
2026/06/10,2.95,2.98,2.93,2.96,40334969,122923576.00
2026/06/11,2.96,2.97,2.91,2.94,43768100,132567960.00
2026/06/12,2.94,2.97,2.91,2.97,89299545,270662624.00
2026/06/15,2.97,2.98,2.91,2.93,108518900,328423040.00
2026/06/16,2.92,2.93,2.86,2.87,89998644,267310192.00
2026/06/17,2.87,2.92,2.85,2.91,87136453,260216576.00
2026/06/18,2.91,2.91,2.87,2.89,42688844,127097248.00
2026/06/22,2.88,2.92,2.85,2.91,77902139,231742848.00
2026/06/23,2.90,2.97,2.89,2.92,85442814,258631104.00
2026/06/24,2.93,2.94,2.86,2.86,62305600,185340608.00
2026/06/25,2.86,2.87,2.81,2.84,44735526,130632832.00
2026/06/26,2.85,2.86,2.81,2.82,39239600,111130032.00
2026/06/29,2.82,2.84,2.73,2.83,57069100,158956096.00
2026/06/30,2.82,2.83,2.73,2.75,47360300,131011704.00
2026/07/01,2.75,2.87,2.73,2.83,64248436,180312240.00
2026/07/02,2.84,2.91,2.83,2.85,73295257,210040976.00
2026/07/03,2.86,2.93,2.85,2.92,70222802,203278800.00
2026/07/06,2.92,2.95,2.89,2.95,65520100,191722624.00
2026/07/07,2.94,2.95,2.89,2.91,47525600,138424304.00
2026/07/08,2.92,2.99,2.89,2.98,79927928,237209504.00
2026/07/09,2.99,2.99,2.93,2.94,63412200,187219344.00
2026/07/10,2.94,2.96,2.91,2.93,50939600,149578240.00
2026/07/13,2.94,2.97,2.93,2.96,51961187,153406800.00
2026/07/14,2.96,3.00,2.94,2.98,63332600,188719216.00
2026/07/15,2.97,3.01,2.96,3.00,58700944,175206496.00
2026/07/16,2.99,3.02,2.97,3.00,51516749,154353664.00
2026/07/17,3.00,3.04,2.96,2.96,98850103,297414912.00
2026/07/20,2.97,3.04,2.97,3.01,94270221,283509344.00
2026/07/21,3.01,3.05,3.00,3.01,84006700,254239120.00
2026/07/22,3.02,3.02,2.91,2.99,100158207,295893568.00
2026/07/23,2.98,3.00,2.96,2.99,50486398,150762480.00
2026/07/24,2.98,3.01,2.96,2.97,54133399,161683296.00
2026/07/27,2.96,2.99,2.95,2.97,48106700,142726752.00
2026/07/28,2.97,2.99,2.93,2.98,51696017,152885904.00
2026/07/29,2.98,3.07,2.97,3.05,93287994,282885248.00
2026/07/30,3.06,3.12,3.05,3.11,88834887,274710144.00
2026/07/31,3.09,3.12,3.05,3.08,82426200,253699536.00
2026/08/03,3.08,3.12,3.08,3.10,72887150,225624928.00
2026/08/04,3.10,3.11,3.03,3.03,70707848,215953872.00
2026/08/05,3.04,3.05,3.00,3.01,61035495,183811120.00
2026/08/06,3.01,3.01,2.96,2.99,67991959,202812464.00
2026/08/07,2.99,3.00,2.96,2.96,54295269,161208432.00
2026/08/10,2.96,2.99,2.95,2.96,57732605,171572032.00
2026/08/11,2.97,2.98,2.94,2.95,49462800,146202816.00
2026/08/12,2.94,2.96,2.92,2.94,56142936,164823376.00
2026/08/13,2.94,2.95,2.91,2.93,65301499,191036576.00
2026/08/14,2.93,2.94,2.90,2.90,47132548,137359904.00
2026/08/17,2.91,2.93,2.88,2.92,42858540,124581136.00
2026/08/18,2.92,2.93,2.90,2.91,41083558,119591544.00
2026/08/19,2.91,2.94,2.90,2.93,65091194,190256368.00
2026/08/20,2.92,2.97,2.91,2.95,64872278,191104064.00
2026/08/21,2.96,2.96,2.89,2.90,63233581,184220400.00
2026/08/24,2.90,2.92,2.88,2.92,44825655,130159760.00
2026/08/25,2.91,2.96,2.91,2.95,59620282,175182272.00
2026/08/26,2.95,2.98,2.93,2.96,55503706,164508368.00
2026/08/27,2.96,2.98,2.94,2.98,64318446,190571488.00
2026/08/28,2.97,3.03,2.95,3.02,74924119,224575008.00
2026/08/31,3.02,3.06,3.02,3.04,66526613,202267088.00
2026/09/01,3.05,3.13,3.03,3.12,164761890,511326208.00
2026/09/02,3.11,3.15,3.09,3.11,99742913,311299264.00
2026/09/03,3.12,3.18,3.11,3.13,92056335,289633120.00
2026/09/04,3.15,3.17,3.12,3.13,77355003,243565312.00
2026/09/07,3.15,3.17,3.11,3.14,89868012,282045792.00
2026/09/08,3.12,3.15,3.10,3.14,68526600,214318784.00
2026/09/09,3.14,3.15,3.11,3.13,50373810,157757728.00
2026/09/10,3.13,3.16,3.10,3.15,58179400,182756368.00
2026/09/11,3.16,3.16,3.09,3.11,66210428,206286640.00
2026/09/14,3.11,3.15,3.10,3.14,66041000,206760672.00
#数据来源:通达信
