688296 和达科技 日线 前复权
      日期	    开盘	    最高	    最低	    收盘	    成交量	    成交额
2021/08/02,34.37,38.39,34.17,36.75,8453387,310066592.00
2021/08/03,37.07,40.01,36.48,37.97,6305650,241966992.00
2021/08/04,37.57,37.58,35.09,36.47,5758092,211410144.00
2021/08/05,36.57,37.08,35.58,36.83,2606796,96163168.00
2021/08/06,34.57,36.48,34.08,34.77,3387446,120745216.00
2021/08/09,35.45,41.22,35.27,39.27,4956391,193087392.00
2021/08/10,39.27,46.87,37.07,46.55,4805775,204683504.00
2021/08/11,48.27,48.37,43.21,43.82,5015467,230615312.00
2021/08/12,43.54,47.48,42.98,46.53,3446398,157959520.00
2021/08/13,45.63,51.85,45.63,48.41,3873697,193127200.00
2021/08/16,50.57,50.92,45.62,47.42,2209748,107722768.00
2021/08/17,47.10,50.03,47.10,48.11,2251188,110470856.00
2021/08/18,48.11,48.11,44.76,46.12,1460580,68194048.00
2021/08/19,45.70,49.10,45.58,48.70,1680338,80736320.00
2021/08/20,48.57,48.57,45.55,45.88,1436065,67443376.00
2021/08/23,46.49,54.67,46.49,53.42,2267078,117282088.00
2021/08/24,52.81,55.20,51.58,52.57,1407286,74966632.00
2021/08/25,52.32,57.06,52.17,54.79,1409341,78377136.00
2021/08/26,54.09,56.87,52.31,55.80,1353874,74789640.00
2021/08/27,56.45,56.45,52.60,53.58,965252,52156832.00
2021/08/30,53.97,54.47,51.46,54.37,969729,51976540.00
2021/08/31,54.62,55.37,49.63,53.43,1743541,92666016.00
2021/09/01,53.77,53.77,49.73,50.34,799173,41022460.00
2021/09/02,50.56,52.43,48.85,50.97,774670,39396272.00
2021/09/03,51.77,53.26,48.57,51.27,1013593,52601816.00
2021/09/06,51.17,52.58,49.07,49.97,948349,48320016.00
2021/09/07,48.67,49.98,47.63,48.73,1215183,59333072.00
2021/09/08,48.55,49.37,45.28,48.35,1546113,73847216.00
2021/09/09,47.58,48.71,44.23,44.77,1564990,72136232.00
2021/09/10,45.37,49.46,45.37,45.75,1104065,52371884.00
2021/09/13,46.56,46.56,39.87,45.07,819846,36955408.00
2021/09/14,45.77,45.77,43.60,43.72,1060040,47309084.00
2021/09/15,43.72,45.04,42.65,44.27,691822,30714116.00
2021/09/16,44.47,50.85,44.47,47.59,1442725,69359920.00
2021/09/17,47.20,48.58,44.69,47.04,974326,45599144.00
2021/09/22,47.98,48.54,45.72,48.20,491208,23617490.00
2021/09/23,50.35,50.35,45.58,46.37,924286,43795528.00
2021/09/24,48.93,48.93,45.70,47.37,836772,40043652.00
2021/09/27,47.37,49.59,44.65,45.96,650460,30597376.00
2021/09/28,45.63,46.26,44.57,44.88,313220,14282985.00
2021/09/29,44.60,44.98,42.33,42.94,484150,21135986.00
2021/09/30,42.58,47.59,42.57,46.93,797153,37314032.00
2021/10/08,47.57,51.25,47.57,50.65,1092462,55580764.00
2021/10/11,50.50,52.85,48.60,51.35,901238,46497144.00
2021/10/12,55.40,55.40,45.59,47.56,2272607,108567664.00
2021/10/13,45.87,48.07,45.37,46.35,1037149,48462156.00
2021/10/14,44.87,47.57,44.87,46.39,226089,10609935.00
2021/10/15,46.01,46.85,44.59,46.07,430692,19899528.00
2021/10/18,46.75,46.75,44.88,45.86,334481,15365460.00
2021/10/19,46.07,46.22,44.21,45.87,588241,26875232.00
2021/10/20,46.07,46.46,45.20,45.45,231343,10686562.00
2021/10/21,46.17,46.17,44.68,45.57,259031,11913743.00
2021/10/22,46.10,47.16,45.07,45.70,382968,17834556.00
2021/10/25,45.07,45.88,44.04,44.33,545358,24542750.00
2021/10/26,43.39,45.05,43.33,44.28,171246,7688099.00
2021/10/27,43.63,44.17,42.73,43.77,179854,7911865.00
2021/10/28,43.37,44.04,41.57,43.65,978368,42301604.00
2021/10/29,43.65,46.07,42.88,43.57,867051,38363920.00
2021/11/01,44.24,44.24,41.57,43.06,542494,23433956.00
2021/11/02,43.67,43.67,41.83,42.99,393642,16940216.00
2021/11/03,42.97,44.45,42.58,43.93,450457,19918396.00
2021/11/04,43.57,47.77,43.57,47.26,737926,34565816.00
2021/11/05,48.57,48.57,45.24,46.09,444186,20732144.00
2021/11/08,44.69,47.57,44.68,45.55,595473,27733420.00
2021/11/09,45.15,47.55,45.15,46.41,487911,23038178.00
2021/11/10,45.87,47.23,45.45,46.96,308638,14399311.00
2021/11/11,48.87,48.87,46.15,46.93,494716,23578424.00
2021/11/12,47.46,47.46,46.03,46.47,391478,18329610.00
2021/11/15,46.76,47.87,46.31,47.75,518884,24672676.00
2021/11/16,47.67,48.11,46.15,47.05,518447,24455784.00
2021/11/17,46.70,48.12,46.54,48.00,498128,23883428.00
2021/11/18,48.00,48.73,47.34,48.00,332219,16080590.00
2021/11/19,47.90,48.54,47.24,48.06,355245,17201080.00
2021/11/22,48.06,48.34,46.59,47.15,608078,28886324.00
2021/11/23,46.87,48.27,46.48,46.81,311776,14773791.00
2021/11/24,46.77,47.98,46.52,46.73,430736,20553972.00
2021/11/25,47.04,48.86,46.67,46.77,508559,24503812.00
2021/11/26,47.56,47.56,44.22,45.93,954068,43705912.00
2021/11/29,45.12,46.37,44.57,45.96,258825,11948587.00
2021/11/30,45.62,48.25,45.62,47.47,546317,26191920.00
2021/12/01,47.57,48.03,47.16,47.70,340868,16398788.00
2021/12/02,47.92,49.50,47.11,47.84,703517,34268424.00
2021/12/03,47.85,47.85,45.70,46.19,416338,19505516.00
2021/12/06,45.50,46.80,44.89,45.68,374083,17321032.00
2021/12/07,44.95,46.36,44.19,45.97,353056,16136847.00
2021/12/08,45.97,46.57,44.73,45.51,272531,12523731.00
2021/12/09,46.13,46.13,44.75,44.98,203097,9264263.00
2021/12/10,45.34,45.57,44.81,45.23,165296,7519619.00
2021/12/13,44.86,45.45,44.60,45.40,251876,11479192.00
2021/12/14,44.82,45.74,44.82,45.57,438224,20078526.00
2021/12/15,46.57,46.97,44.78,45.37,623275,28713260.00
2021/12/16,46.57,49.07,45.79,48.04,1692747,81257336.00
2021/12/17,47.98,50.05,46.60,48.87,1338611,65657992.00
2021/12/20,47.57,51.45,47.57,47.92,755713,37217780.00
2021/12/21,48.37,49.03,46.80,48.56,439068,21248024.00
2021/12/22,48.61,50.92,48.25,50.37,912310,46069576.00
2021/12/23,50.15,50.29,48.70,50.12,681591,34119392.00
2021/12/24,49.57,50.34,48.45,49.52,543523,27035844.00
2021/12/27,49.57,50.04,48.13,49.32,435042,21533742.00
2021/12/28,49.07,50.57,48.57,49.38,355630,17792256.00
2021/12/29,49.59,49.59,47.79,47.90,318029,15554922.00
2021/12/30,48.07,48.85,47.19,47.36,383329,18471660.00
2021/12/31,47.57,50.57,47.41,50.37,1175673,59013456.00
2022/01/04,49.82,51.25,47.48,48.18,752706,36833252.00
2022/01/05,47.78,48.10,45.01,45.47,1008161,46457196.00
2022/01/06,45.01,46.25,43.85,45.52,595389,27080604.00
2022/01/07,46.37,46.46,44.43,44.84,700492,32027916.00
2022/01/10,44.08,46.40,43.12,45.43,980254,44351060.00
2022/01/11,45.76,45.85,43.92,44.18,443361,19912136.00
2022/01/12,44.09,44.58,43.58,44.37,598659,26606306.00
2022/01/13,44.57,45.57,43.82,44.13,661383,29895904.00
2022/01/14,44.05,44.66,43.47,43.59,389219,17250280.00
2022/01/17,44.37,44.90,43.38,44.58,538792,24113348.00
2022/01/18,44.37,45.91,44.37,44.88,597976,27267896.00
2022/01/19,44.24,46.80,44.24,45.97,1034130,48033796.00
2022/01/20,46.13,46.13,44.47,44.51,422157,19123040.00
2022/01/21,44.17,45.16,43.14,44.27,534731,23714780.00
2022/01/24,44.57,44.57,43.62,44.27,363000,16084450.00
2022/01/25,43.79,44.15,43.17,43.82,385064,16986708.00
2022/01/26,43.25,44.02,42.46,42.58,500586,21698364.00
2022/01/27,41.58,42.82,39.75,42.25,1155863,48402824.00
2022/01/28,41.66,42.66,40.44,41.45,703288,29229404.00
2022/02/07,41.18,41.95,39.68,40.10,417344,17112052.00
2022/02/08,38.58,40.02,38.50,39.17,308443,12285592.00
2022/02/09,39.45,43.17,39.35,42.94,1045269,44248476.00
2022/02/10,44.57,44.57,41.08,41.42,469817,20008898.00
2022/02/11,40.58,41.45,38.60,39.63,1225013,49189120.00
2022/02/14,38.76,39.87,38.08,38.66,495363,19383702.00
2022/02/15,38.66,38.89,38.07,38.29,360832,14005097.00
2022/02/16,38.37,38.83,38.13,38.56,206836,8038043.00
2022/02/17,39.45,39.45,37.87,38.04,227110,8784086.00
2022/02/18,37.57,38.52,37.18,38.21,236296,9041996.00
2022/02/21,38.45,38.86,37.58,38.86,254250,9848600.00
2022/02/22,38.31,38.82,37.57,38.33,178061,6857384.00
2022/02/23,37.98,40.14,37.72,39.69,316231,12542830.00
2022/02/24,39.67,40.17,38.67,39.57,318831,12739577.00
2022/02/25,39.87,40.37,38.97,39.71,183764,7401704.00
2022/02/28,39.38,39.87,38.72,39.69,188861,7537017.00
2022/03/01,39.83,40.55,39.45,39.87,201456,8143625.00
2022/03/02,38.82,39.84,38.82,39.01,95072,3756779.00
2022/03/03,38.82,39.10,37.28,37.78,446810,17026968.00
2022/03/04,36.68,37.20,35.79,36.07,673239,24850958.00
2022/03/07,35.74,35.74,33.71,35.35,741285,26000464.00
2022/03/08,35.10,36.49,34.27,35.69,863362,30869978.00
2022/03/09,35.57,35.57,32.77,34.65,679381,23397342.00
2022/03/10,34.82,35.07,33.56,34.97,530073,18370124.00
2022/03/11,34.24,35.47,33.14,35.02,430229,14893892.00
2022/03/14,34.17,35.01,33.44,33.45,156545,5403389.00
2022/03/15,33.51,33.51,30.47,31.07,646758,20652104.00
2022/03/16,31.12,31.17,29.18,30.67,596227,18211568.00
2022/03/17,31.12,32.17,30.87,31.77,613610,19564448.00
2022/03/18,31.77,32.02,29.57,30.35,974666,30035468.00
2022/03/21,30.23,32.16,30.17,32.07,964469,30937544.00
2022/03/22,32.90,32.90,31.27,31.77,514447,16470783.00
2022/03/23,32.57,32.57,30.97,31.43,475456,15159995.00
2022/03/24,30.73,31.69,30.67,31.16,214321,6769665.00
2022/03/25,31.67,31.67,30.59,30.85,201698,6334172.00
2022/03/28,30.57,31.21,29.47,30.89,441163,13514192.00
2022/03/29,30.87,31.03,29.45,30.32,493963,15031253.00
2022/03/30,30.32,30.87,29.30,30.32,449268,13764830.00
2022/03/31,30.75,31.53,30.14,31.14,307849,9677243.00
2022/04/01,30.96,31.09,30.16,30.70,341561,10577672.00
2022/04/06,30.70,31.87,30.45,30.79,323121,10180709.00
2022/04/07,30.48,30.93,29.09,29.49,428582,12914845.00
2022/04/08,29.85,29.85,28.37,29.46,279336,8220946.00
2022/04/11,28.77,29.25,27.44,27.91,367118,10547273.00
2022/04/12,28.35,28.37,26.96,28.24,235278,6633873.00
2022/04/13,27.57,28.84,26.98,28.67,380794,10718577.00
2022/04/14,28.50,29.65,25.48,25.57,1562424,42602556.00
2022/04/15,25.57,26.99,25.17,25.92,1108931,29300674.00
2022/04/18,25.37,26.54,24.83,26.34,1245289,32564134.00
2022/04/19,26.34,26.99,25.70,26.47,673512,17904578.00
2022/04/20,26.45,27.07,26.04,26.44,694607,18688356.00
2022/04/21,26.44,27.43,25.87,26.07,704864,18899428.00
2022/04/22,26.22,26.22,25.00,25.70,490789,12749892.00
2022/04/25,25.08,25.23,21.78,22.19,1608579,37753916.00
2022/04/26,22.19,22.93,21.76,22.66,1207341,27551044.00
2022/04/27,21.79,22.74,20.66,22.66,1095341,24292508.00
2022/04/28,21.98,22.10,20.92,21.57,819473,17938088.00
2022/04/29,21.57,22.95,21.28,22.77,580259,13131498.00
2022/05/05,22.77,23.52,22.38,22.78,450186,10544441.00
2022/05/06,22.78,22.96,22.08,22.85,367172,8441044.00
2022/05/09,23.17,24.77,23.17,23.91,1110383,27129024.00
2022/05/10,24.07,24.07,23.29,23.62,560086,13465417.00
2022/05/11,23.78,25.77,23.78,24.36,1134477,28722872.00
2022/05/12,24.55,26.21,24.36,25.82,1312216,33871800.00
2022/05/13,26.62,26.62,25.35,25.88,779762,20434590.00
2022/05/16,26.17,27.52,25.89,26.63,797396,21510396.00
2022/05/17,26.63,26.63,25.17,25.94,906480,23597552.00
2022/05/18,25.87,26.28,25.27,25.45,470262,12249355.00
2022/05/19,25.57,25.70,24.72,25.17,402292,10290696.00
2022/05/20,25.17,26.02,24.74,26.02,1040796,26854864.00
2022/05/23,26.01,26.01,25.23,25.77,446944,11607378.00
2022/05/24,26.10,27.45,24.37,24.38,1002293,26283652.00
2022/05/25,24.35,24.40,23.26,23.48,921773,22083400.00
2022/05/26,23.79,23.85,22.96,23.39,566379,13360723.00
2022/05/27,23.45,23.73,22.89,23.26,362997,8505671.00
2022/05/30,23.55,23.85,22.85,23.65,434493,10200808.00
2022/05/31,23.65,25.41,23.11,25.25,638888,15651506.00
2022/06/01,25.55,27.01,25.25,26.21,1077740,28673904.00
2022/06/02,26.84,27.50,25.55,27.30,958688,25739712.00
2022/06/06,27.35,30.31,27.35,28.80,2068824,60532008.00
2022/06/07,28.08,30.29,27.87,28.34,1201331,34791024.00
2022/06/08,28.73,28.73,26.85,27.16,1107368,30694740.00
2022/06/09,27.62,27.74,26.51,26.55,634600,17309380.00
2022/06/10,25.86,27.01,25.86,26.70,367432,9866298.00
2022/06/13,26.15,27.13,25.90,26.20,513513,13601160.00
2022/06/14,25.98,26.63,25.32,26.37,712321,18425132.00
2022/06/15,26.37,27.32,25.85,26.31,612584,16250237.00
2022/06/16,26.31,27.11,26.15,26.98,344703,9285736.00
2022/06/17,26.95,27.65,26.58,27.55,455726,12440434.00
2022/06/20,27.56,28.61,26.88,27.99,578943,16065874.00
2022/06/21,27.99,27.99,26.57,26.68,497454,13468391.00
2022/06/22,26.35,26.53,25.86,25.97,327900,8635483.00
2022/06/23,25.95,26.75,25.66,26.50,393702,10330898.00
2022/06/24,26.18,27.08,26.16,26.34,743635,19837932.00
2022/06/27,26.45,26.64,25.96,26.39,576658,15268986.00
2022/06/28,26.33,26.95,25.75,26.92,652401,17316556.00
2022/06/29,26.82,27.05,25.91,26.44,549765,14600132.00
2022/06/30,26.52,26.70,25.65,26.10,565852,14898486.00
2022/07/01,26.03,26.73,26.02,26.29,383359,10140562.00
2022/07/04,26.43,26.51,25.26,26.15,724536,18893104.00
2022/07/05,26.43,26.43,25.35,25.50,717722,18532756.00
2022/07/06,25.26,25.76,25.09,25.31,349938,8901806.00
2022/07/07,25.16,25.50,25.05,25.24,348842,8854577.00
2022/07/08,25.31,26.03,24.86,25.15,490058,12495509.00
2022/07/11,25.15,25.16,23.85,23.98,609969,14888348.00
2022/07/12,23.85,24.21,22.88,23.15,570702,13570882.00
2022/07/13,23.73,23.73,22.90,23.41,357066,8356680.00
2022/07/14,23.00,24.00,23.00,23.42,216953,5152224.00
2022/07/15,23.44,23.44,21.88,22.38,707147,16151652.00
2022/07/18,22.40,23.25,22.35,22.54,520661,11884789.00
2022/07/19,22.54,23.48,22.47,23.40,617213,14281510.00
2022/07/20,23.75,23.75,22.75,22.97,333966,7742188.00
2022/07/21,22.97,23.50,22.89,23.03,295273,6895098.00
2022/07/22,23.03,23.73,22.88,23.42,534708,12456673.00
2022/07/25,23.69,23.69,22.91,23.47,290225,6826476.00
2022/07/26,23.40,23.61,23.15,23.40,391161,9198906.00
2022/07/27,23.40,24.44,23.19,23.95,1182717,28494864.00
2022/07/28,23.95,25.03,23.95,24.45,814609,20075394.00
2022/07/29,24.67,24.67,23.66,23.71,769120,18581454.00
2022/08/01,23.77,24.29,23.45,23.92,934538,22514088.00
2022/08/02,24.15,24.15,22.28,22.78,812792,18735964.00
2022/08/03,22.80,23.57,22.58,22.97,651735,15211021.00
2022/08/04,23.05,23.36,22.91,23.00,604138,14011116.00
2022/08/05,23.21,24.09,23.01,24.07,793567,18978362.00
2022/08/08,24.18,24.34,23.68,24.25,612583,14842634.00
2022/08/09,24.25,24.50,23.98,24.11,584532,14206740.00
2022/08/10,24.11,25.20,24.01,25.15,876949,21885116.00
2022/08/11,25.15,25.65,24.96,25.52,794414,20244872.00
2022/08/12,25.33,25.75,25.12,25.12,747835,19071088.00
2022/08/15,25.05,25.65,24.85,25.14,578727,14605390.00
2022/08/16,25.25,25.43,24.81,25.07,697171,17613732.00
2022/08/17,25.10,25.32,24.68,25.13,463729,11638720.00
2022/08/18,25.19,25.64,24.77,25.23,955712,24182748.00
2022/08/19,25.34,25.72,24.28,24.39,997711,24992448.00
2022/08/22,24.12,25.02,23.86,24.76,921940,22935800.00
2022/08/23,24.85,24.91,24.24,24.53,999574,24691054.00
2022/08/24,24.81,24.81,23.23,23.35,627835,14998552.00
2022/08/25,23.37,24.04,22.88,23.56,750856,17737000.00
2022/08/26,23.63,23.84,23.02,23.05,641547,15093396.00
2022/08/29,23.05,23.73,22.83,23.05,737327,17171194.00
2022/08/30,23.17,24.41,23.05,24.11,1283172,30789688.00
2022/08/31,24.13,24.33,22.88,22.93,1324748,31151452.00
2022/09/01,22.65,23.38,22.65,22.85,703487,16268498.00
2022/09/02,22.85,23.93,22.46,23.55,691696,16331537.00
2022/09/05,23.03,23.72,22.55,22.77,870115,20121836.00
2022/09/06,22.85,22.85,22.17,22.40,693798,15621444.00
2022/09/07,22.18,22.60,21.96,22.13,837169,18727440.00
2022/09/08,22.15,22.26,21.46,21.89,1005601,22019072.00
2022/09/09,22.04,22.04,21.35,21.54,873010,18934760.00
2022/09/13,21.54,22.35,21.49,21.85,584165,12870506.00
2022/09/14,21.75,22.03,21.44,21.80,612295,13366383.00
2022/09/15,22.00,22.00,20.96,21.29,791023,17038740.00
2022/09/16,21.07,21.54,20.92,20.95,442552,9452175.00
2022/09/19,20.97,21.17,20.32,20.70,634450,13218607.00
2022/09/20,21.05,21.14,20.51,20.69,436698,9170202.00
2022/09/21,20.45,21.15,20.17,20.91,501614,10456279.00
2022/09/22,20.65,21.23,20.27,20.27,665694,13844483.00
2022/09/23,19.95,20.54,19.55,19.67,666202,13361131.00
2022/09/26,19.84,20.04,19.24,19.61,729439,14426922.00
2022/09/27,19.35,20.05,19.27,19.95,766267,15189121.00
2022/09/28,20.03,20.04,19.39,19.42,375766,7461944.00
2022/09/29,19.83,19.83,18.92,19.29,553050,10769023.00
2022/09/30,19.35,19.64,19.07,19.14,459601,8955521.00
2022/10/10,19.30,19.45,18.56,18.73,440126,8328608.00
2022/10/11,18.73,18.95,18.06,18.50,352009,6509225.00
2022/10/12,18.65,19.68,18.21,19.48,557289,10609971.00
2022/10/13,18.95,20.49,18.95,19.95,909725,18255992.00
2022/10/14,20.25,20.62,19.90,20.28,624772,12797911.00
2022/10/17,20.54,22.15,20.28,21.40,972153,20962852.00
2022/10/18,21.85,21.85,21.06,21.42,787124,16889104.00
2022/10/19,21.78,21.78,20.90,20.94,469702,9975131.00
2022/10/20,21.30,21.51,20.69,21.04,553441,11757365.00
2022/10/21,21.35,21.58,20.95,21.44,680740,14614993.00
2022/10/24,21.09,22.71,21.07,22.25,1899410,42627984.00
2022/10/25,22.17,22.28,21.18,21.77,1218371,26665820.00
2022/10/26,21.60,22.59,21.57,22.51,1164110,26089998.00
2022/10/27,22.59,22.59,21.99,22.23,1005379,22567132.00
2022/10/28,22.53,22.53,20.98,21.31,882673,19265698.00
2022/10/31,21.34,23.54,21.33,22.91,1731532,39642348.00
2022/11/01,23.15,23.15,21.97,22.41,1420211,32004716.00
2022/11/02,22.77,22.83,22.27,22.59,815243,18553184.00
2022/11/03,22.68,23.34,22.41,23.19,1187693,27431956.00
2022/11/04,23.30,23.33,22.60,23.17,1307158,30163636.00
2022/11/07,23.09,23.54,22.65,22.78,684697,15770520.00
2022/11/08,22.60,23.15,22.30,23.05,840067,19224416.00
2022/11/09,23.05,23.93,22.65,23.08,898979,21159280.00
2022/11/10,22.80,23.74,22.73,23.45,1025574,24157982.00
2022/11/11,23.80,24.13,22.83,23.12,1216562,28717204.00
2022/11/14,23.17,23.40,22.36,23.30,504706,11720637.00
2022/11/15,23.45,24.73,23.02,24.50,1643099,39959648.00
2022/11/16,24.62,24.62,23.50,24.08,1274756,30670680.00
2022/11/17,24.01,24.81,23.57,24.65,963367,23515268.00
2022/11/18,24.94,25.24,24.47,24.71,1748300,43928252.00
2022/11/21,24.55,24.70,23.94,24.54,753942,18448810.00
2022/11/22,24.54,24.54,23.30,23.37,902949,21667008.00
2022/11/23,23.59,23.59,22.15,22.77,982323,22383240.00
2022/11/24,23.07,23.25,22.58,22.92,741200,17120704.00
2022/11/25,23.20,23.86,22.61,23.22,1381414,32283248.00
2022/11/28,23.30,23.35,22.11,22.17,1003199,22753640.00
2022/11/29,22.03,22.64,21.83,22.42,561489,12546104.00
2022/11/30,22.57,22.60,21.83,21.95,662279,14742498.00
2022/12/01,22.34,22.57,21.71,22.18,850507,18903224.00
2022/12/02,21.87,23.62,21.87,23.19,1342537,31141320.00
2022/12/05,23.26,27.61,22.78,26.17,3311042,83413208.00
2022/12/06,26.20,27.77,25.98,26.15,2567472,68591432.00
2022/12/07,26.25,27.06,25.35,26.30,1679847,44426504.00
2022/12/08,26.30,26.30,24.55,24.66,1606464,40745724.00
2022/12/09,24.90,25.11,24.05,24.95,1325134,32916408.00
2022/12/12,24.79,28.05,24.69,27.59,4049288,109494376.00
2022/12/13,27.07,27.63,26.29,26.85,1739985,46993396.00
2022/12/14,26.82,27.53,26.48,27.33,1541056,41902504.00
2022/12/15,27.12,29.35,26.87,28.95,3245571,93333520.00
2022/12/16,29.13,29.13,27.51,27.80,2144313,60611448.00
2022/12/19,27.84,28.07,26.39,26.51,1263114,34096300.00
2022/12/20,26.44,26.82,25.65,25.85,744760,19615764.00
2022/12/21,25.94,26.45,25.36,26.44,927038,24086784.00
2022/12/22,26.23,26.55,25.47,25.55,1299524,33809340.00
2022/12/23,25.45,26.63,25.09,25.56,707384,18476288.00
2022/12/26,26.11,26.45,25.31,25.88,991600,25817084.00
2022/12/27,25.99,26.09,24.36,24.93,1360386,34055056.00
2022/12/28,25.03,25.05,24.01,24.21,514032,12638772.00
2022/12/29,24.51,25.84,23.98,25.10,1132402,28674052.00
2022/12/30,24.79,25.92,24.65,25.72,880661,22534260.00
2023/01/03,25.74,27.95,25.74,27.72,1450042,39894184.00
2023/01/04,27.85,27.85,27.07,27.66,765456,21123636.00
2023/01/05,27.56,28.13,27.17,27.47,658523,18179256.00
2023/01/06,27.33,28.45,27.12,27.64,936163,26078484.00
2023/01/09,27.46,28.25,27.30,27.98,698966,19474114.00
2023/01/10,27.78,29.05,26.99,28.27,1233630,34898224.00
2023/01/11,28.35,28.63,27.03,27.30,752900,20794688.00
2023/01/12,27.25,29.12,26.79,28.65,1340796,37813728.00
2023/01/13,29.02,30.60,28.35,29.95,2193270,65042232.00
2023/01/16,29.49,30.84,29.05,29.95,1441960,43442044.00
2023/01/17,30.40,30.40,29.15,29.22,683260,20163790.00
2023/01/18,28.86,30.22,28.86,29.75,660423,19460098.00
2023/01/19,29.07,31.28,29.07,30.34,901309,27559528.00
2023/01/20,30.12,30.67,29.87,30.54,440193,13390955.00
2023/01/30,30.30,30.78,29.72,30.05,443288,13427760.00
2023/01/31,30.34,30.35,29.18,29.46,388142,11500478.00
2023/02/01,29.46,30.76,29.44,30.65,474176,14425114.00
2023/02/02,30.31,31.26,30.05,30.35,490129,15054131.00
2023/02/03,30.16,31.93,29.84,31.45,927470,29170640.00
2023/02/06,31.44,31.45,30.18,31.42,667375,20752428.00
2023/02/07,30.63,31.44,30.25,30.75,647062,19938466.00
2023/02/08,30.82,30.82,29.54,29.70,708252,21299836.00
2023/02/09,29.40,30.50,29.26,30.17,473837,14135528.00
2023/02/10,29.85,30.41,28.88,29.43,863868,25622202.00
2023/02/13,29.35,30.15,29.11,29.78,449943,13408568.00
2023/02/14,30.05,30.05,29.05,29.41,364170,10772863.00
2023/02/15,29.21,30.13,29.05,29.42,490409,14553208.00
2023/02/16,29.50,29.81,28.27,28.85,527816,15439907.00
2023/02/17,28.85,29.21,28.31,28.57,342132,9876836.00
2023/02/20,28.57,29.20,28.20,29.10,378336,10981357.00
2023/02/21,29.15,29.65,28.40,28.56,521508,15122208.00
2023/02/22,28.00,29.14,28.00,28.69,486730,13965357.00
2023/02/23,28.60,29.34,28.53,28.98,836796,24386352.00
2023/02/24,29.06,30.32,28.71,30.04,702277,21078586.00
2023/02/27,28.25,29.25,26.62,28.72,2919946,81944864.00
2023/02/28,28.85,30.13,28.82,29.64,1660833,49341232.00
2023/03/01,29.42,30.85,29.39,30.54,981046,29997892.00
2023/03/02,30.50,31.15,29.80,29.98,568226,17291936.00
2023/03/03,29.87,30.21,29.06,29.35,597676,17670992.00
2023/03/06,29.85,29.92,28.83,29.70,543683,16095225.00
2023/03/07,30.60,30.73,28.37,28.62,649752,19038136.00
2023/03/08,28.35,29.35,28.06,28.57,544536,15608753.00
2023/03/09,29.03,29.76,28.39,29.55,478917,14054971.00
2023/03/10,29.75,30.07,29.10,29.30,258815,7666554.00
2023/03/13,28.92,30.55,28.92,29.95,831242,24978862.00
2023/03/14,29.74,29.98,28.99,29.49,513753,15211746.00
2023/03/15,29.71,29.78,28.47,28.47,669248,19480746.00
2023/03/16,28.60,28.98,27.96,28.41,567282,16263078.00
2023/03/17,27.86,29.15,26.83,27.85,1545765,43992868.00
2023/03/20,27.79,28.43,26.73,26.89,721567,19852880.00
2023/03/21,26.94,29.85,26.67,28.98,1233478,35467364.00
2023/03/22,28.83,28.95,26.85,27.32,1083044,30112220.00
2023/03/23,26.93,27.44,26.55,27.05,796846,21561690.00
2023/03/24,26.95,27.71,26.95,27.47,856759,23588244.00
2023/03/27,26.99,28.53,26.99,27.54,799425,22289198.00
2023/03/28,27.52,27.85,26.12,26.28,1249930,33370582.00
2023/03/29,26.39,26.88,25.76,26.15,799864,21250520.00
2023/03/30,26.50,26.91,25.93,26.84,821354,21935576.00
2023/03/31,26.46,27.85,26.19,27.45,656660,17762616.00
2023/04/03,27.58,28.24,26.69,27.17,570843,15637124.00
2023/04/04,27.17,27.76,26.56,26.96,706820,19250990.00
2023/04/06,27.00,27.13,25.95,26.17,1014822,27023272.00
2023/04/07,26.27,27.26,25.99,27.09,763135,20559536.00
2023/04/10,27.09,27.85,26.66,26.92,815049,22223224.00
2023/04/11,26.77,26.78,24.36,25.25,1482494,38324380.00
2023/04/12,25.25,25.67,24.24,24.35,2867128,71402832.00
2023/04/13,24.05,24.61,23.10,23.29,2520878,59745464.00
2023/04/14,22.89,23.97,22.89,23.29,1650961,38963792.00
2023/04/17,20.02,21.65,18.60,18.60,8385711,161643856.00
2023/04/18,18.44,19.11,18.23,18.80,6231714,117173080.00
2023/04/19,18.89,18.94,18.35,18.54,3457544,64871968.00
2023/04/20,18.54,18.60,17.93,18.00,3145826,57707396.00
2023/04/21,18.13,18.13,17.08,17.20,2457717,43403300.00
2023/04/24,17.05,17.59,17.03,17.28,2224829,38798452.00
2023/04/25,17.30,17.34,16.76,16.88,1749514,29991908.00
2023/04/26,17.01,17.45,16.97,17.28,1566351,27226280.00
2023/04/27,17.27,17.54,17.10,17.25,1698118,29686064.00
2023/04/28,17.38,17.70,17.21,17.66,1837660,32453510.00
2023/05/04,17.85,17.85,16.95,17.27,1755099,30459736.00
2023/05/05,17.30,17.44,16.59,16.95,2270611,38659504.00
2023/05/08,17.02,17.14,16.60,17.04,1691748,28821604.00
2023/05/09,16.94,16.94,16.40,16.43,1402436,23443978.00
2023/05/10,16.30,16.79,16.30,16.65,1291593,21677328.00
2023/05/11,16.64,17.13,16.58,16.78,834000,14107877.00
2023/05/12,16.78,17.00,16.40,16.55,954770,15990939.00
2023/05/15,16.59,16.74,16.29,16.73,826334,13774641.00
2023/05/16,16.70,16.85,16.49,16.75,1018398,17095010.00
2023/05/17,16.75,16.90,16.43,16.77,1247627,21032760.00
2023/05/18,16.73,16.91,16.49,16.85,1701821,28654118.00
2023/05/19,16.77,17.38,16.64,17.22,1769463,30436548.00
2023/05/22,17.31,17.62,16.97,17.26,1561223,27030336.00
2023/05/23,17.28,17.61,17.12,17.13,1520932,26658240.00
2023/05/24,17.28,18.18,17.01,17.84,2809489,50173136.00
2023/05/25,17.85,17.86,16.95,17.52,2193818,38578028.00
2023/05/26,18.80,18.85,17.54,17.64,5068185,92145544.00
2023/05/29,17.43,17.64,17.13,17.17,3138497,54825328.00
2023/05/30,17.08,17.48,16.95,17.42,2216904,38566864.00
2023/05/31,17.45,18.03,17.26,17.57,2119937,37805756.00
2023/06/01,17.65,17.79,17.19,17.59,1939200,34089824.00
2023/06/02,17.63,18.27,17.43,17.97,1953573,35332240.00
2023/06/05,18.24,18.33,17.70,18.11,1607248,29177602.00
2023/06/06,18.16,18.23,17.54,17.66,1329971,24077064.00
2023/06/07,17.65,18.20,17.51,17.89,1211733,21906464.00
2023/06/08,17.89,17.95,17.56,17.64,799151,14283720.00
2023/06/09,17.35,18.05,17.33,17.74,1052348,18773794.00
2023/06/12,17.79,18.14,17.66,18.07,1121189,20287946.00
2023/06/13,18.33,18.33,17.75,18.06,974347,17650512.00
2023/06/14,18.29,18.29,17.82,17.89,1167027,21086092.00
2023/06/15,17.90,18.05,17.67,17.75,1088066,19532828.00
2023/06/16,17.75,18.10,17.59,17.93,974106,17595416.00
2023/06/19,17.93,18.63,17.88,18.26,1603429,29609528.00
2023/06/20,18.25,18.44,17.93,18.12,1277996,23254804.00
2023/06/21,17.97,18.19,17.58,17.61,1348959,23986900.00
2023/06/26,17.61,17.65,16.98,17.05,1180955,20381116.00
2023/06/27,17.17,17.37,16.88,17.20,844965,14501530.00
2023/06/28,17.30,17.30,16.52,17.05,1233349,20761388.00
2023/06/29,17.01,17.77,16.94,17.62,1307689,22831752.00
2023/06/30,17.36,17.92,17.32,17.85,999982,17696808.00
2023/07/03,18.02,18.02,17.43,17.70,1231519,21715604.00
2023/07/04,17.66,18.07,17.53,18.01,1222520,21896644.00
2023/07/05,18.19,18.24,17.82,17.95,1081135,19479720.00
2023/07/06,17.80,18.27,17.79,17.97,892495,16074229.00
2023/07/07,17.95,18.15,17.65,17.92,837054,14975749.00
2023/07/10,18.00,18.13,17.71,18.10,844111,15182256.00
2023/07/11,19.34,19.68,18.41,18.46,3788068,71926656.00
2023/07/12,18.44,18.59,17.55,17.70,3243435,58428984.00
2023/07/13,17.73,18.32,17.70,17.85,2054019,36983368.00
2023/07/14,18.03,18.24,17.83,18.22,1561627,28282868.00
2023/07/17,18.08,18.47,17.97,18.05,1392116,25336712.00
2023/07/18,18.12,18.34,17.49,17.56,1751158,31150432.00
2023/07/19,17.50,17.88,17.48,17.60,1236041,21837732.00
2023/07/20,17.62,17.65,17.14,17.24,1098326,19087564.00
2023/07/21,17.23,17.33,16.89,16.90,1061908,18139036.00
2023/07/24,16.89,17.30,16.76,17.12,980673,16771535.00
2023/07/25,17.23,18.06,17.20,18.01,1992989,35349972.00
2023/07/26,17.95,18.38,17.81,18.34,1654549,30064250.00
2023/07/27,18.24,18.42,17.68,17.70,1334681,23924358.00
2023/07/28,17.87,17.93,17.37,17.78,1168661,20673576.00
2023/07/31,17.88,18.04,17.70,17.96,1197458,21442344.00
2023/08/01,18.08,18.08,17.57,17.68,1139725,20271080.00
2023/08/02,17.75,17.84,17.54,17.71,736428,13007788.00
2023/08/03,17.72,17.72,17.32,17.41,824277,14359406.00
2023/08/04,17.51,17.70,17.40,17.50,706975,12403229.00
2023/08/07,17.60,17.71,17.35,17.40,748273,13121637.00
2023/08/08,17.50,17.95,17.34,17.89,1587929,28163216.00
2023/08/09,17.91,18.33,17.73,17.94,1643123,29736210.00
2023/08/10,17.94,18.10,17.77,17.87,995706,17819566.00
2023/08/11,17.96,18.08,17.53,17.56,1052036,18750672.00
2023/08/14,17.50,17.77,17.20,17.67,1087840,18995460.00
2023/08/15,17.59,17.71,17.24,17.41,729376,12716305.00
2023/08/16,17.41,17.41,16.93,17.00,1012198,17308464.00
2023/08/17,16.97,17.18,16.60,17.04,961367,16222796.00
2023/08/18,17.11,18.01,17.10,17.38,1718330,30239694.00
2023/08/21,17.26,17.90,17.25,17.43,1518593,26671388.00
2023/08/22,17.32,17.86,16.87,17.38,1318730,22729340.00
2023/08/23,17.38,17.45,16.82,16.87,758493,12999400.00
2023/08/24,17.04,17.30,16.54,16.79,1475581,24885378.00
2023/08/25,16.60,16.78,16.02,16.22,1514457,24825220.00
2023/08/28,16.97,16.97,14.40,14.90,4576087,70264616.00
2023/08/29,14.83,16.88,14.75,16.60,4845285,77728584.00
2023/08/30,16.43,17.30,16.43,17.24,2276033,38727656.00
2023/08/31,17.57,17.57,16.96,17.35,1638866,28304256.00
2023/09/01,17.36,17.51,16.68,16.71,1149376,19404696.00
2023/09/04,16.84,17.10,16.56,17.07,1373688,23133924.00
2023/09/05,17.05,17.60,16.90,17.43,1178287,20481316.00
2023/09/06,17.10,17.48,17.10,17.43,562844,9755157.00
2023/09/07,17.39,17.73,17.19,17.31,1108316,19379612.00
2023/09/08,17.33,17.69,17.04,17.67,942927,16454836.00
2023/09/11,17.60,17.67,17.24,17.55,1041704,18178764.00
2023/09/12,17.44,17.55,17.29,17.36,799411,13921038.00
2023/09/13,17.36,17.53,17.00,17.26,1049803,18025524.00
2023/09/14,17.26,17.49,16.58,16.79,902046,15233068.00
2023/09/15,17.24,17.51,16.51,16.61,1181925,19777276.00
2023/09/18,16.53,17.13,16.41,17.04,1281987,21666412.00
2023/09/19,17.04,17.10,16.22,16.35,1187525,19577108.00
2023/09/20,16.38,16.56,15.95,16.04,863202,13972668.00
2023/09/21,16.00,16.16,15.73,15.79,1013997,16132380.00
2023/09/22,15.88,16.07,15.75,15.99,1958912,31207240.00
2023/09/25,16.11,16.11,15.71,15.80,1429588,22661986.00
2023/09/26,15.81,15.88,15.55,15.68,893994,14068908.00
2023/09/27,15.78,16.03,15.61,15.90,1438070,22824686.00
2023/09/28,15.94,16.20,15.86,15.94,1690226,27075318.00
2023/10/09,16.08,16.11,15.64,15.69,1234926,19555008.00
2023/10/10,16.12,16.12,15.61,15.67,1418229,22352372.00
2023/10/11,15.80,16.05,15.65,15.73,1551743,24558092.00
2023/10/12,15.73,15.75,15.33,15.62,1379359,21385270.00
2023/10/13,15.60,15.71,15.24,15.30,958771,14734275.00
2023/10/16,15.30,15.48,15.20,15.32,959807,14704204.00
2023/10/17,15.29,15.52,15.09,15.37,1120402,17113940.00
2023/10/18,15.40,15.40,14.78,14.87,1320943,19707784.00
2023/10/19,14.82,15.25,14.50,14.70,1418739,21216418.00
2023/10/20,14.75,14.96,14.48,14.54,1076391,15743452.00
2023/10/23,14.52,14.59,13.82,13.97,1833241,25968428.00
2023/10/24,13.97,14.59,13.85,14.58,2289046,32799948.00
2023/10/25,15.66,15.66,15.08,15.28,2624844,40200280.00
2023/10/26,15.28,15.58,14.72,15.05,1714221,25713206.00
2023/10/27,15.03,15.08,14.51,14.75,1719383,25284642.00
2023/10/30,14.69,15.10,14.31,15.00,1632012,24254746.00
2023/10/31,14.94,15.15,14.24,14.46,2656639,38533872.00
2023/11/01,14.40,14.61,14.34,14.43,1765029,25555116.00
2023/11/02,14.43,14.64,14.21,14.22,1438790,20708184.00
2023/11/03,14.35,15.07,14.22,14.70,2084377,30783532.00
2023/11/06,14.82,15.22,14.66,15.21,1405894,21215178.00
2023/11/07,15.20,15.51,15.00,15.51,1474493,22517744.00
2023/11/08,15.47,15.98,15.31,15.76,1802338,28314596.00
2023/11/09,15.73,15.89,15.30,15.50,1201597,18651940.00
2023/11/10,15.47,15.64,15.30,15.51,865117,13396765.00
2023/11/13,15.75,16.48,15.42,16.40,2263875,36276744.00
2023/11/14,16.29,16.50,16.09,16.22,1769388,28768592.00
2023/11/15,16.36,17.09,16.18,16.81,3602397,60406020.00
2023/11/16,16.81,17.55,16.51,17.18,4304291,73634168.00
2023/11/17,17.07,18.46,17.07,18.22,5204149,93092672.00
2023/11/20,18.24,18.55,17.66,18.12,5198112,93770640.00
2023/11/21,18.20,19.13,17.68,18.61,5681413,105372136.00
2023/11/22,18.48,18.63,17.90,18.09,2082751,37837664.00
2023/11/23,17.94,18.70,17.70,18.53,2672200,48940672.00
2023/11/24,18.53,18.53,17.85,18.17,2625717,47549336.00
2023/11/27,18.17,18.75,18.10,18.58,2505768,46211344.00
2023/11/28,18.54,19.28,18.30,18.71,2694829,50616440.00
2023/11/29,18.71,19.97,18.71,19.40,4089344,79318864.00
2023/11/30,19.28,19.37,18.71,19.09,3514163,66759612.00
2023/12/01,19.08,20.02,18.91,19.98,2915032,57273496.00
2023/12/04,19.96,20.08,19.11,19.42,2295657,44655572.00
2023/12/05,18.26,20.02,18.26,19.12,2000195,38967648.00
2023/12/06,19.36,19.46,18.93,19.07,1736523,33166360.00
2023/12/07,19.13,19.38,18.64,19.27,2087394,39749188.00
2023/12/08,19.17,19.45,18.71,18.77,1952383,37025556.00
2023/12/11,18.77,19.42,18.38,19.26,2164517,41008840.00
2023/12/12,19.55,19.55,18.68,18.83,1454637,27476304.00
2023/12/13,18.79,19.19,18.71,18.78,1375419,26063078.00
2023/12/14,18.89,19.17,18.32,18.45,857188,15921834.00
2023/12/15,18.17,18.96,18.17,18.46,1209249,22467478.00
2023/12/18,18.37,18.79,18.26,18.34,1112122,20474356.00
2023/12/19,18.34,18.68,18.10,18.38,985553,18076188.00
2023/12/20,18.27,18.57,18.01,18.07,1106569,20175416.00
2023/12/21,18.07,18.28,17.73,17.95,1124251,20206236.00
2023/12/22,17.84,18.23,17.19,17.40,2070047,36378652.00
2023/12/25,17.39,17.80,16.82,16.98,1732829,29583018.00
2023/12/26,17.12,18.01,16.80,17.42,2234763,38594228.00
2023/12/27,17.56,17.57,17.08,17.21,1285678,22158612.00
2023/12/28,17.10,17.42,16.84,17.19,1201357,20652240.00
2023/12/29,17.18,18.04,17.12,17.97,1549312,27435830.00
2024/01/02,18.01,18.26,17.51,17.54,1107284,19599208.00
2024/01/03,17.47,17.74,16.92,17.15,1197384,20621576.00
2024/01/04,17.12,17.38,16.87,17.19,1008678,17366820.00
2024/01/05,17.91,17.91,16.90,17.10,1307495,22398100.00
2024/01/08,17.10,17.10,16.00,16.00,2529275,41388300.00
2024/01/09,16.00,16.44,16.00,16.30,2019804,32747284.00
2024/01/10,16.38,16.41,15.88,16.11,1188998,19256216.00
2024/01/11,16.15,16.39,16.00,16.23,875471,14187792.00
2024/01/12,16.17,16.39,15.90,16.06,989078,15973536.00
2024/01/15,16.18,16.58,15.99,16.00,1850778,29940714.00
2024/01/16,16.18,16.38,15.64,15.93,1089663,17311756.00
2024/01/17,15.70,16.18,15.39,15.41,1005419,15760336.00
2024/01/18,15.39,15.61,14.75,15.21,1978265,29777768.00
2024/01/19,15.39,15.39,14.80,14.89,1064273,15893760.00
2024/01/22,14.78,15.00,13.32,13.91,1703465,24414940.00
2024/01/23,14.09,14.09,13.30,13.43,2345505,31692088.00
2024/01/24,13.60,13.60,12.92,13.44,1982890,26229040.00
2024/01/25,13.44,14.49,13.30,14.43,2032404,28417838.00
2024/01/26,14.45,14.69,13.96,14.04,1427575,20357712.00
2024/01/29,14.27,14.27,13.28,13.30,1856445,25121764.00
2024/01/30,13.41,13.41,12.85,12.98,1468180,19216144.00
2024/01/31,12.81,12.96,11.90,12.14,2461490,30299168.00
2024/02/01,12.19,12.19,11.44,11.70,2273045,26610654.00
2024/02/02,11.51,11.77,10.19,10.82,3053097,33799352.00
2024/02/05,10.34,10.75,8.66,8.84,3717397,34130380.00
2024/02/06,8.59,9.00,7.09,8.39,3880806,31850512.00
2024/02/07,8.80,8.81,7.41,8.08,5086356,39667132.00
2024/02/08,7.90,9.70,7.73,9.70,5053577,44758956.00
2024/02/19,10.03,11.63,10.00,10.95,6547924,70029984.00
2024/02/20,10.74,10.95,10.10,10.69,2862993,30620488.00
2024/02/21,10.58,11.96,10.28,11.41,3085356,34471836.00
2024/02/22,11.35,11.97,11.22,11.48,2753690,31927692.00
2024/02/23,11.58,11.92,11.39,11.87,1709577,19872940.00
2024/02/26,11.85,13.94,11.81,12.97,4868129,62326808.00
2024/02/27,12.92,12.92,12.34,12.69,4505893,56608044.00
2024/02/28,12.79,12.94,10.90,10.90,5707363,67431560.00
2024/02/29,10.96,11.36,10.51,11.27,3284737,36452616.00
2024/03/01,11.22,11.75,11.02,11.29,2546400,28821186.00
2024/03/04,11.25,11.58,10.80,11.19,2481572,27631588.00
2024/03/05,11.18,11.27,10.60,10.74,2195861,23961960.00
2024/03/06,10.72,10.97,10.54,10.76,2184960,23513292.00
2024/03/07,10.81,11.00,10.41,10.50,2356712,25284640.00
2024/03/08,10.55,10.85,10.43,10.60,1674427,17716896.00
2024/03/11,10.71,10.89,10.50,10.88,1419498,15220682.00
2024/03/12,10.93,11.37,10.88,11.34,2353789,26209470.00
2024/03/13,11.37,11.67,11.21,11.50,2113565,24124776.00
2024/03/14,11.58,11.96,10.97,11.13,1992615,22588752.00
2024/03/15,11.06,11.61,10.97,11.51,1814400,20413664.00
2024/03/18,11.61,11.84,11.39,11.77,1622866,18852132.00
2024/03/19,11.82,12.07,11.74,11.78,1692512,20088206.00
2024/03/20,11.89,12.15,11.67,12.08,1909635,22729008.00
2024/03/21,12.18,12.39,11.71,12.06,2480611,30060134.00
2024/03/22,12.22,12.24,11.58,11.77,2106824,24959656.00
2024/03/25,11.58,11.89,11.07,11.20,1713889,19699978.00
2024/03/26,11.15,11.40,10.82,11.04,1541301,17044340.00
2024/03/27,11.04,11.13,10.25,10.41,1477719,15748020.00
2024/03/28,10.38,11.00,10.34,10.88,1474166,15890384.00
2024/03/29,10.92,11.13,10.61,11.12,1349389,14742745.00
2024/04/01,11.25,11.76,11.06,11.52,2023168,23108732.00
2024/04/02,11.53,11.59,11.28,11.35,1219950,13902247.00
2024/04/03,11.35,11.46,10.87,11.06,1018128,11265139.00
2024/04/08,11.04,11.06,10.25,10.26,1962952,20599564.00
2024/04/09,10.26,10.50,10.14,10.40,1059029,10952963.00
2024/04/10,10.40,10.40,9.92,10.01,1104903,11114930.00
2024/04/11,10.06,10.29,9.81,9.92,1501721,15140663.00
2024/04/12,9.95,10.22,9.85,9.85,1383213,13816064.00
2024/04/15,9.81,9.93,8.82,8.93,3103521,28477344.00
2024/04/16,8.88,8.88,8.08,8.08,2710824,22352812.00
2024/04/17,8.15,8.99,8.15,8.96,2009551,17608844.00
2024/04/18,8.99,9.02,8.61,8.67,1298290,11396780.00
2024/04/19,8.72,8.72,8.42,8.59,1163339,9929582.00
2024/04/22,8.49,8.70,8.20,8.62,1144223,9724766.00
2024/04/23,8.59,9.15,8.25,9.04,1682496,14999683.00
2024/04/24,9.18,9.61,8.86,9.57,1885957,17735492.00
2024/04/25,9.56,9.71,9.36,9.56,1381035,13207263.00
2024/04/26,9.62,9.79,9.39,9.65,1197135,11508940.00
2024/04/29,9.89,10.50,9.85,10.38,2677305,27218076.00
2024/04/30,10.57,10.76,10.37,10.61,2541239,26805122.00
2024/05/06,10.84,11.16,10.72,10.99,2356063,25940270.00
2024/05/07,10.99,11.15,10.76,10.93,1696009,18605628.00
2024/05/08,11.09,11.10,10.75,10.82,999440,10860442.00
2024/05/09,10.98,11.03,10.74,10.92,950456,10377415.00
2024/05/10,10.92,11.07,10.66,10.68,1272055,13773276.00
2024/05/13,10.64,10.83,10.33,10.42,1665943,17508070.00
2024/05/14,10.43,10.77,10.43,10.55,871085,9230776.00
2024/05/15,10.45,10.90,10.45,10.62,767359,8181366.00
2024/05/16,10.66,11.17,10.53,10.98,1238955,13628171.00
2024/05/17,10.90,11.27,10.90,11.17,1335920,14897823.00
2024/05/20,11.14,11.80,11.14,11.49,1839836,21250598.00
2024/05/21,11.35,11.80,11.34,11.57,1587951,18492456.00
2024/05/22,11.57,12.45,11.51,12.17,2437841,29633284.00
2024/05/23,12.17,12.74,11.64,11.64,2039245,24515386.00
2024/05/24,11.55,11.60,10.94,11.18,1301704,14776328.00
2024/05/27,11.18,11.58,10.88,11.19,1083804,12047704.00
2024/05/28,11.14,11.49,10.90,11.10,926938,10366393.00
2024/05/29,11.27,11.29,10.80,10.90,761828,8386184.00
2024/05/30,10.90,11.47,10.81,11.31,1371462,15443512.00
2024/05/31,11.38,11.38,10.67,10.92,1498924,16387485.00
2024/06/03,10.90,11.14,10.31,10.43,1990747,21141816.00
2024/06/04,10.46,10.46,9.90,10.16,1693321,17066908.00
2024/06/05,10.95,10.95,9.79,9.85,1503915,14910857.00
2024/06/06,9.87,10.03,8.88,8.98,2717665,25043134.00
2024/06/07,9.08,9.65,9.03,9.43,1537329,14428434.00
2024/06/11,9.50,9.80,9.16,9.76,1567900,14998627.00
2024/06/12,9.66,10.00,9.64,9.82,797037,7877415.00
2024/06/13,9.86,10.36,9.56,9.97,1717425,17213068.00
2024/06/14,9.95,10.07,9.73,9.92,1080983,10659597.00
2024/06/17,9.73,10.03,9.66,9.81,853899,8427111.00
2024/06/18,9.81,10.14,9.67,10.08,961314,9600635.00
2024/06/19,10.05,10.39,9.95,9.99,919630,9260525.00
2024/06/20,9.99,11.99,9.98,11.98,7756024,87857768.00
2024/06/21,11.25,11.38,10.61,11.25,6787801,74607144.00
2024/06/24,10.95,11.38,10.36,10.62,4856252,52674788.00
2024/06/25,10.41,10.70,9.40,9.49,6241335,61257216.00
2024/06/26,9.59,10.14,9.16,10.05,4984732,48343744.00
2024/06/27,10.04,10.52,9.61,9.69,3403022,33817432.00
2024/06/28,9.88,10.07,9.67,9.72,2442888,24060846.00
2024/07/01,9.68,9.78,9.30,9.46,2272076,21465628.00
2024/07/02,9.56,9.88,9.46,9.82,2238404,21816536.00
2024/07/03,9.75,9.94,9.60,9.66,1893729,18416052.00
2024/07/04,9.80,9.85,9.11,9.15,1888250,17631648.00
2024/07/05,9.13,9.32,8.81,9.25,1840263,16859806.00
2024/07/08,9.21,9.31,8.80,8.82,1871413,16710252.00
2024/07/09,8.84,9.11,8.61,9.04,1905389,16918582.00
2024/07/10,9.06,9.14,8.86,8.91,1075723,9659468.00
2024/07/11,9.01,9.27,9.01,9.27,1354823,12434235.00
2024/07/12,9.34,9.43,9.08,9.13,985400,9127090.00
2024/07/15,9.12,9.22,8.71,8.89,1485732,13192973.00
2024/07/16,8.90,9.07,8.76,8.97,1137711,10142350.00
2024/07/17,9.05,9.08,8.78,8.82,977598,8691288.00
2024/07/18,8.77,8.93,8.38,8.56,1154439,9847004.00
2024/07/19,8.57,8.89,8.46,8.82,1027897,8996183.00
2024/07/22,8.81,9.08,8.77,9.02,1172572,10538642.00
2024/07/23,9.07,9.16,8.81,8.81,1060674,9547636.00
2024/07/24,8.81,8.92,8.50,8.57,1157707,9976796.00
2024/07/25,8.56,8.71,8.32,8.49,1320945,11200145.00
2024/07/26,8.49,8.75,8.49,8.60,1172702,10102976.00
2024/07/29,8.64,8.83,8.46,8.70,1391472,12044076.00
2024/07/30,8.63,8.82,8.53,8.77,818857,7140400.00
2024/07/31,8.92,9.19,8.70,9.15,1060249,9533431.00
2024/08/01,9.13,9.27,9.11,9.20,1072794,9831548.00
2024/08/02,9.17,9.27,9.01,9.02,842974,7680421.00
2024/08/05,8.93,9.04,8.52,8.53,1286764,11261059.00
2024/08/06,8.60,8.83,8.58,8.80,871670,7585715.00
2024/08/07,8.84,8.90,8.66,8.80,839440,7382073.00
2024/08/08,8.78,8.81,8.44,8.59,1044226,8967080.00
2024/08/09,8.65,8.77,8.50,8.50,1261228,10831405.00
2024/08/12,8.59,8.75,8.39,8.47,989438,8429610.00
2024/08/13,8.43,8.61,8.34,8.59,1010166,8557668.00
2024/08/14,8.61,8.68,8.52,8.65,511452,4409930.00
2024/08/15,8.60,8.83,8.44,8.73,1118008,9684180.00
2024/08/16,8.73,8.85,8.58,8.60,834993,7248382.00
2024/08/19,8.50,8.72,8.40,8.52,1209824,10376879.00
2024/08/20,8.53,8.58,8.34,8.39,1029437,8667924.00
2024/08/21,8.46,8.54,8.31,8.42,745697,6299234.00
2024/08/22,8.36,8.53,8.31,8.34,856091,7194150.00
2024/08/23,8.32,8.49,8.17,8.42,1083758,9024329.00
2024/08/26,8.42,8.68,8.35,8.68,1115697,9536590.00
2024/08/27,8.67,8.70,8.43,8.45,688989,5865816.00
2024/08/28,8.45,8.69,8.27,8.45,859209,7271666.00
2024/08/29,8.44,8.60,8.29,8.60,869212,7392233.00
2024/08/30,8.62,8.83,8.58,8.72,2106357,18340304.00
2024/09/02,8.72,8.80,8.46,8.50,1146954,9890378.00
2024/09/03,8.62,8.66,8.38,8.44,1108080,9397516.00
2024/09/04,8.40,8.47,8.21,8.25,1386158,11484468.00
2024/09/05,8.30,8.40,8.26,8.34,747645,6226127.00
2024/09/06,8.38,8.38,8.05,8.06,1543174,12544456.00
2024/09/09,8.05,8.08,7.90,8.00,1000230,7981859.00
2024/09/10,8.03,8.18,7.90,8.10,864474,6942692.00
2024/09/11,8.11,8.17,8.06,8.17,916204,7441271.00
2024/09/12,8.19,8.29,8.02,8.06,845605,6919579.00
2024/09/13,8.06,8.08,7.81,7.90,751644,5978134.00
2024/09/18,7.91,8.02,7.65,7.83,925528,7194281.00
2024/09/19,7.85,8.10,7.79,8.08,1084147,8670371.00
2024/09/20,8.10,8.18,8.00,8.08,874909,7084882.00
2024/09/23,8.12,8.20,7.99,8.12,572530,4658014.00
2024/09/24,8.14,8.43,8.08,8.41,1074859,8873221.00
2024/09/25,8.48,8.68,8.42,8.54,1201255,10313885.00
2024/09/26,8.54,8.82,8.43,8.81,1333402,11556383.00
2024/09/27,8.89,9.37,8.85,9.23,1230714,11197149.00
2024/09/30,9.50,10.79,9.46,10.58,3584910,36140008.00
2024/10/08,12.38,12.38,11.31,12.06,4584011,54581000.00
2024/10/09,11.81,12.04,10.73,10.90,4232693,48698816.00
2024/10/10,11.11,11.53,10.97,11.05,3155673,35307000.00
2024/10/11,11.28,11.28,10.23,10.38,2584910,27307974.00
2024/10/14,10.55,10.97,10.29,10.83,1828727,19461832.00
2024/10/15,10.88,11.28,10.79,10.89,2084041,23122960.00
2024/10/16,10.92,11.09,10.68,10.80,1082743,11789308.00
2024/10/17,10.80,11.30,10.80,11.01,1692203,18860664.00
2024/10/18,10.91,11.65,10.91,11.41,1700724,19286504.00
2024/10/21,11.54,12.12,11.45,11.91,2284022,27086564.00
2024/10/22,12.18,12.18,11.41,11.68,1876470,21960952.00
2024/10/23,11.68,11.81,11.48,11.55,1651392,19263796.00
2024/10/24,11.33,11.54,11.33,11.39,880792,10063026.00
2024/10/25,11.46,11.95,11.40,11.78,1610728,18921808.00
2024/10/28,12.02,12.35,11.79,12.34,2576731,31462058.00
2024/10/29,12.34,12.95,11.89,11.97,2135222,26243500.00
2024/10/30,12.02,12.32,11.43,11.65,1645713,19300472.00
2024/10/31,12.29,12.93,12.05,12.26,3237544,40346096.00
2024/11/01,12.79,13.45,11.78,11.92,4804059,60598176.00
2024/11/04,12.00,12.38,11.69,12.35,3267152,39831068.00
2024/11/05,12.26,12.63,12.14,12.57,2733848,33903976.00
2024/11/06,12.62,12.80,12.39,12.60,2793561,35246072.00
2024/11/07,12.59,12.82,12.35,12.82,2627423,33225920.00
2024/11/08,12.83,13.50,12.83,13.16,3703054,48892004.00
2024/11/11,13.16,13.98,13.05,13.73,3553074,48521760.00
2024/11/12,13.89,14.06,13.20,13.39,3262269,44667776.00
2024/11/13,13.25,13.65,13.05,13.52,2174534,29103576.00
2024/11/14,13.71,13.71,12.98,13.02,1866260,24748532.00
2024/11/15,13.01,13.30,12.46,12.65,1945323,25072656.00
2024/11/18,12.65,12.78,11.87,12.18,2862478,35121740.00
2024/11/19,12.25,12.50,11.92,12.48,2591556,31482564.00
2024/11/20,12.41,12.90,12.19,12.74,1901460,24013356.00
2024/11/21,12.76,12.89,12.47,12.60,1532964,19430440.00
2024/11/22,12.74,12.79,11.89,12.02,1864575,23169088.00
2024/11/25,12.11,12.48,11.87,12.46,1709812,20824658.00
2024/11/26,12.52,12.75,12.28,12.29,1314851,16464532.00
2024/11/27,12.46,12.48,11.50,12.42,1494573,18044440.00
2024/11/28,12.49,12.67,12.31,12.48,1442629,18050964.00
2024/11/29,12.55,12.89,12.30,12.68,1656703,20839860.00
2024/12/02,12.82,13.10,12.82,12.99,1763621,22887020.00
2024/12/03,13.08,13.09,12.62,12.91,1668653,21442268.00
2024/12/04,12.97,13.00,12.55,12.67,1209836,15468576.00
2024/12/05,12.61,13.06,12.56,12.93,1341692,17282084.00
2024/12/06,13.08,13.50,12.80,13.23,1930088,25484664.00
2024/12/09,13.41,15.20,13.26,13.93,4759799,67661464.00
2024/12/10,14.30,14.68,13.91,13.95,3595712,51206604.00
2024/12/11,14.12,14.31,13.70,13.92,1876261,26212436.00
2024/12/12,14.03,14.29,13.71,14.02,2300487,32121096.00
2024/12/13,14.00,14.00,13.34,13.49,1870075,25548454.00
2024/12/16,13.75,13.76,13.12,13.29,2004803,26766710.00
2024/12/17,13.36,13.39,12.30,12.36,2020688,25689070.00
2024/12/18,12.32,12.75,11.93,12.57,1982251,24641448.00
2024/12/19,12.58,12.70,12.22,12.64,1677543,21039008.00
2024/12/20,12.65,13.08,12.42,12.93,1670511,21545412.00
2024/12/23,13.00,13.06,11.85,11.96,2051434,25180052.00
2024/12/24,11.96,12.30,11.67,11.91,2123430,25498022.00
2024/12/25,11.94,11.95,11.33,11.48,2234452,25736516.00
2024/12/26,11.51,11.90,11.43,11.78,2012515,23652760.00
2024/12/27,11.90,12.05,11.60,11.79,1215539,14427025.00
2024/12/30,11.98,11.99,11.20,11.73,1989273,23060928.00
2024/12/31,11.81,11.87,11.22,11.22,1942168,22216862.00
2025/01/02,11.32,11.88,10.94,11.28,3183881,36765928.00
2025/01/03,11.25,11.44,10.38,10.40,2718781,29381904.00
2025/01/06,10.40,10.66,9.91,10.20,1880063,19300324.00
2025/01/07,10.17,10.99,10.16,10.97,2235214,23761068.00
2025/01/08,10.93,11.05,10.04,10.55,2677253,28105972.00
2025/01/09,10.50,10.70,10.39,10.60,1472870,15626448.00
2025/01/10,10.62,10.78,10.10,10.10,1273629,13339361.00
2025/01/13,10.10,10.46,9.72,10.21,1669065,16889650.00
2025/01/14,10.27,11.05,10.27,11.04,1595940,17166732.00
2025/01/15,11.05,11.29,10.88,10.96,1382219,15268267.00
2025/01/16,11.02,11.39,10.91,11.04,1734919,19324136.00
2025/01/17,11.06,11.16,10.90,11.00,1123872,12394253.00
2025/01/20,11.09,11.42,10.96,11.24,2469251,27656104.00
2025/01/21,11.40,11.44,11.01,11.21,1528782,17053724.00
2025/01/22,11.18,11.50,11.08,11.36,1873079,21241914.00
2025/01/23,11.48,11.86,11.36,11.37,1674522,19375384.00
2025/01/24,11.40,11.96,11.21,11.85,2470438,28781496.00
2025/01/27,11.92,12.16,11.74,11.84,2075823,24820522.00
2025/02/05,12.10,12.55,11.91,12.38,2286818,28198644.00
2025/02/06,12.41,12.64,12.16,12.58,2121022,26433412.00
2025/02/07,13.12,13.12,12.33,12.50,2227900,28130826.00
2025/02/10,12.68,12.98,12.49,12.96,2103790,26971124.00
2025/02/11,13.01,13.24,12.75,13.08,1804128,23414224.00
2025/02/12,13.15,13.43,12.92,13.26,1796408,23805672.00
2025/02/13,13.30,13.36,12.90,13.08,1294896,16915420.00
2025/02/14,13.08,13.33,12.88,13.12,2381190,31173602.00
2025/02/17,13.22,13.49,13.13,13.30,2239388,29832148.00
2025/02/18,13.31,13.42,12.80,12.94,1734741,22797168.00
2025/02/19,12.93,13.33,12.84,13.28,1353083,17812732.00
2025/02/20,13.21,13.45,13.11,13.28,1360802,18001478.00
2025/02/21,13.32,13.59,13.01,13.57,2349912,31412186.00
2025/02/24,13.89,13.99,13.49,13.76,2860573,39307064.00
2025/02/25,13.58,13.85,13.36,13.62,2484419,33836664.00
2025/02/26,13.55,13.85,13.53,13.80,2097324,28760192.00
2025/02/27,13.80,14.13,13.50,14.01,2948027,40905568.00
2025/02/28,13.88,13.93,12.93,13.09,2728992,36317312.00
2025/03/03,13.10,13.44,12.84,13.00,2996327,39444172.00
2025/03/04,12.85,13.54,12.80,13.45,2179213,29034584.00
2025/03/05,13.39,13.68,13.24,13.53,1713746,22989324.00
2025/03/06,13.66,14.66,13.66,14.44,4791189,68218640.00
2025/03/07,14.50,16.16,14.46,14.67,6449751,97160392.00
2025/03/10,14.80,15.28,14.40,14.48,5098924,74969312.00
2025/03/11,14.28,14.58,14.07,14.56,3173865,45645860.00
2025/03/12,14.58,14.69,14.36,14.40,2804688,40637788.00
2025/03/13,14.37,14.38,13.71,13.91,2866534,40035448.00
2025/03/14,14.04,14.20,13.68,14.14,2275240,31818862.00
2025/03/17,14.15,14.28,13.93,14.12,2061452,29048932.00
2025/03/18,14.25,14.45,14.03,14.24,1959650,27884342.00
2025/03/19,14.09,14.28,13.82,13.97,2031537,28471372.00
2025/03/20,13.84,14.18,13.81,13.93,1886464,26364016.00
2025/03/21,13.86,14.09,13.29,13.50,2295572,31315288.00
2025/03/24,13.40,13.44,12.38,12.47,3718646,47855960.00
2025/03/25,12.70,12.72,12.19,12.48,2391742,29854002.00
2025/03/26,12.47,12.95,12.32,12.85,2241413,28682990.00
2025/03/27,12.87,12.87,12.42,12.66,1852536,23487836.00
2025/03/28,12.55,12.86,12.44,12.47,1783937,22506040.00
2025/03/31,12.37,12.37,11.90,12.19,2509136,30410800.00
2025/04/01,12.26,13.00,12.26,12.84,4323643,55274400.00
2025/04/02,12.76,13.02,12.70,12.85,1507220,19415916.00
2025/04/03,12.84,12.94,12.46,12.69,1582087,20085250.00
2025/04/07,11.83,12.00,10.31,10.70,3397152,37280900.00
2025/04/08,10.93,11.35,10.48,10.88,2926321,31818406.00
2025/04/09,10.69,11.15,9.86,11.00,4320563,45315680.00
2025/04/10,11.22,11.81,11.20,11.36,2968049,34181256.00
2025/04/11,11.47,11.63,11.24,11.45,2397747,27474204.00
2025/04/14,11.48,11.87,11.48,11.57,2232031,26010616.00
2025/04/15,11.54,11.77,11.46,11.63,1627532,18885520.00
2025/04/16,11.29,11.57,11.04,11.33,2062542,23353912.00
2025/04/17,11.19,11.65,11.16,11.43,2115722,24214420.00
2025/04/18,11.44,11.54,11.05,11.32,2005469,22595284.00
2025/04/21,11.44,11.48,11.09,11.36,2241791,25444634.00
2025/04/22,11.38,11.48,11.17,11.30,2020026,22801480.00
2025/04/23,11.34,11.59,11.32,11.40,2291936,26269794.00
2025/04/24,11.32,11.41,10.95,11.10,1881209,21009820.00
2025/04/25,11.16,11.32,11.03,11.11,1529671,17057964.00
2025/04/28,11.02,11.19,10.75,10.95,1281999,14010740.00
2025/04/29,10.89,11.31,10.78,11.25,1827551,20463348.00
2025/04/30,10.90,11.28,10.56,11.16,3604002,40011092.00
2025/05/06,11.23,11.70,11.23,11.64,3942281,45473920.00
2025/05/07,11.85,12.05,11.64,11.73,3036794,35941864.00
2025/05/08,11.69,12.06,11.69,12.01,2083242,24790080.00
2025/05/09,12.06,12.06,11.64,11.65,2292869,26930778.00
2025/05/12,11.90,11.91,11.63,11.77,2259005,26618824.00
2025/05/13,11.90,12.00,11.70,11.75,2362285,27925196.00
2025/05/14,11.75,11.95,11.54,11.70,1935664,22627472.00
2025/05/15,11.68,11.80,11.52,11.61,1798949,20924992.00
2025/05/16,11.58,11.83,11.54,11.65,1534287,17982278.00
2025/05/19,11.75,11.96,11.56,11.87,1932080,22763098.00
2025/05/20,11.87,12.16,11.77,12.13,2278467,27401392.00
2025/05/21,12.16,12.20,11.82,11.94,1741418,20830744.00
2025/05/22,11.94,12.13,11.69,11.72,1996859,23738180.00
2025/05/23,11.70,12.05,11.56,11.60,2553906,30049396.00
2025/05/26,11.72,11.82,11.61,11.73,1613712,18908136.00
2025/05/27,11.73,12.08,11.61,12.04,2488022,29477166.00
2025/05/28,12.00,12.36,11.81,11.85,1989301,23689016.00
2025/05/29,11.91,12.24,11.89,12.24,2413218,29297892.00
2025/05/30,12.32,12.46,11.88,12.21,2798549,34219944.00
2025/06/03,12.21,12.48,12.11,12.37,1683313,20806344.00
2025/06/04,12.29,12.60,12.24,12.48,1496908,18621296.00
2025/06/05,12.48,12.75,12.34,12.49,1977242,24716710.00
2025/06/06,12.50,12.65,12.37,12.55,1372724,17175392.00
2025/06/09,12.55,12.67,12.44,12.48,1584016,19841580.00
2025/06/10,12.48,12.52,12.02,12.27,1881282,23151430.00
2025/06/11,12.28,12.45,12.22,12.27,1069911,13202380.00
2025/06/12,12.27,12.38,12.10,12.34,1148377,14106248.00
2025/06/13,12.40,12.40,11.94,11.98,1476998,17850206.00
2025/06/16,11.98,12.39,11.93,12.30,1541415,18878744.00
2025/06/17,12.30,12.42,12.10,12.22,1664065,20372076.00
2025/06/18,12.12,12.37,12.07,12.14,1493881,18230336.00
2025/06/19,12.18,12.26,11.58,11.72,2368236,28142316.00
2025/06/20,11.72,11.88,11.33,11.38,2546843,29294780.00
2025/06/23,11.38,11.89,11.25,11.81,2275184,26594496.00
2025/06/24,11.99,12.29,11.85,12.25,1968913,23855778.00
2025/06/25,12.26,12.38,12.13,12.31,1855818,22765300.00
2025/06/26,12.38,12.49,12.24,12.35,1889622,23346630.00
2025/06/27,12.49,13.17,12.45,12.80,4583537,58961016.00
2025/06/30,13.13,13.20,12.81,13.13,2426642,31619680.00
2025/07/01,13.21,13.25,12.98,13.12,1962806,25702800.00
2025/07/02,13.14,13.19,12.95,13.10,2007765,26238580.00
2025/07/03,13.14,13.27,13.05,13.21,1427436,18798078.00
2025/07/04,13.27,13.31,12.93,13.02,2673513,34935688.00
2025/07/07,12.95,13.19,12.95,13.19,1742425,22842384.00
2025/07/08,13.20,13.26,13.06,13.23,1176537,15521497.00
2025/07/09,13.23,13.53,13.10,13.41,1964394,26274122.00
2025/07/10,13.41,13.49,13.24,13.43,1816976,24305780.00
2025/07/11,13.43,13.59,13.17,13.40,1451805,19362388.00
2025/07/14,13.46,13.56,13.25,13.41,1253980,16736641.00
2025/07/15,13.45,13.45,13.01,13.24,1568235,20763044.00
2025/07/16,13.29,13.45,13.14,13.34,1288514,17177932.00
2025/07/17,13.39,13.47,13.26,13.35,1123987,15020978.00
2025/07/18,13.35,13.50,13.32,13.49,1453906,19501084.00
2025/07/21,13.49,13.70,13.43,13.65,2075449,28205592.00
2025/07/22,13.74,13.74,13.34,13.43,2153980,29069120.00
2025/07/23,13.51,13.54,13.30,13.40,1489737,19955072.00
2025/07/24,13.47,13.58,13.32,13.57,1260559,17038992.00
2025/07/25,13.57,13.89,13.50,13.84,1852241,25425854.00
2025/07/28,13.84,14.18,13.80,13.92,2831851,39548384.00
2025/07/29,14.08,14.14,13.75,13.93,2790767,38777788.00
2025/07/30,13.96,14.07,13.69,13.86,2089736,28929618.00
2025/07/31,13.86,14.06,13.69,13.74,1969914,27299800.00
2025/08/01,13.76,14.05,13.61,14.04,2056045,28559402.00
2025/08/04,14.08,14.32,13.86,14.29,2352342,33300660.00
2025/08/05,14.40,14.67,14.30,14.62,2704316,39287292.00
2025/08/06,14.66,14.74,14.42,14.73,2560042,37278104.00
2025/08/07,14.73,15.00,14.58,14.79,3086761,45728552.00
2025/08/08,14.80,14.95,14.53,14.87,2404838,35457264.00
2025/08/11,14.96,15.41,14.89,15.31,3410386,51602320.00
2025/08/12,15.43,15.46,15.04,15.36,3031601,46260584.00
2025/08/13,15.36,15.59,14.86,14.86,3110266,46898088.00
2025/08/14,15.00,15.03,14.39,14.39,2862660,42124500.00
2025/08/15,14.39,14.97,14.34,14.71,2401553,35293312.00
2025/08/18,14.90,15.05,14.59,14.73,2544986,37843808.00
2025/08/19,14.75,15.04,14.55,14.95,2129457,31700874.00
2025/08/20,15.02,15.03,14.72,14.99,1685523,25042120.00
2025/08/21,15.09,15.50,15.01,15.28,2100009,32047308.00
2025/08/22,15.28,15.63,15.20,15.47,2602057,40025584.00
2025/08/25,15.47,15.77,15.15,15.23,2861271,44265752.00
2025/08/26,15.09,16.10,15.07,15.78,3265119,51543176.00
2025/08/27,15.78,16.06,14.90,14.96,3285227,50818020.00
2025/08/28,14.88,15.48,13.91,14.68,5679092,83162264.00
2025/08/29,14.39,14.58,14.07,14.29,3757311,53624400.00
2025/09/01,14.29,14.51,13.99,14.05,4169892,59618680.00
2025/09/02,13.77,14.09,13.37,13.76,3601597,49131672.00
2025/09/03,13.76,13.90,13.25,13.42,2338746,31775560.00
2025/09/04,13.42,13.92,13.23,13.65,3229731,44090776.00
2025/09/05,13.78,14.02,13.25,14.00,3167574,43549344.00
2025/09/08,14.00,14.71,13.91,14.50,2900125,41658752.00
2025/09/09,14.50,14.64,14.07,14.25,2573216,36874168.00
2025/09/10,14.33,14.47,14.11,14.32,1646677,23585116.00
2025/09/11,14.37,14.60,14.13,14.43,2455031,35280756.00
2025/09/12,14.42,14.66,14.31,14.40,2266317,32818536.00
2025/09/15,14.42,14.54,14.22,14.30,1984386,28569896.00
2025/09/16,14.38,14.84,14.30,14.83,2700820,39567268.00
2025/09/17,14.83,14.96,14.57,14.77,1330333,19598272.00
2025/09/18,14.66,15.01,14.20,14.48,2535401,37266064.00
2025/09/19,14.55,14.55,14.00,14.27,1811567,25909904.00
2025/09/22,14.41,14.41,13.99,14.17,1592780,22538148.00
2025/09/23,14.24,14.24,13.19,13.73,3326066,45140356.00
2025/09/24,13.86,14.43,13.59,14.38,2978467,42002392.00
2025/09/25,14.45,14.86,14.29,14.38,2628167,38200496.00
2025/09/26,14.30,14.43,14.05,14.21,1610856,22952404.00
2025/09/29,14.29,14.65,13.99,14.51,1870029,26926568.00
2025/09/30,14.50,14.75,14.43,14.64,1385046,20218030.00
2025/10/09,14.67,15.19,14.56,14.64,2440988,36347204.00
2025/10/10,14.61,14.82,14.37,14.43,2066989,29973390.00
2025/10/13,13.76,14.79,13.51,14.72,2854152,41133608.00
2025/10/14,14.98,14.98,14.29,14.41,2095381,30580788.00
2025/10/15,14.48,14.88,14.26,14.55,2234203,32544068.00
2025/10/16,14.55,14.62,14.26,14.35,1349866,19420396.00
2025/10/17,14.35,14.51,14.11,14.22,2233768,31856676.00
2025/10/20,14.32,14.49,14.06,14.24,2433508,34685508.00
2025/10/21,14.26,14.72,14.25,14.68,1954076,28370736.00
2025/10/22,14.73,14.83,14.54,14.69,1743837,25607284.00
2025/10/23,14.78,14.98,14.37,14.92,2057279,30165720.00
2025/10/24,14.98,15.42,14.88,15.37,3079033,46899296.00
2025/10/27,15.66,15.70,14.97,15.43,2412769,36969312.00
2025/10/28,15.48,15.59,15.26,15.47,1811179,27918700.00
2025/10/29,15.50,15.54,15.00,15.16,1379882,21020014.00
2025/10/30,15.16,15.34,14.94,15.12,1821229,27616608.00
2025/10/31,15.01,15.30,14.97,15.10,1724904,26145676.00
2025/11/03,15.09,15.33,14.94,15.01,3154973,47696836.00
2025/11/04,15.04,15.45,14.90,15.40,2224875,33864604.00
2025/11/05,15.38,15.54,15.16,15.44,2044796,31414776.00
2025/11/06,15.44,15.60,15.10,15.35,1902579,29020792.00
2025/11/07,15.38,15.38,15.03,15.28,1450186,22048548.00
2025/11/10,15.23,15.49,15.14,15.25,1345442,20560884.00
2025/11/11,15.35,15.66,15.24,15.52,1557367,24054040.00
2025/11/12,15.48,15.89,15.35,15.60,1843286,28746664.00
2025/11/13,15.65,15.75,15.41,15.61,1772793,27629292.00
2025/11/14,15.73,15.95,15.54,15.78,2099194,33173164.00
2025/11/17,15.71,16.07,15.56,15.96,2087210,33054676.00
2025/11/18,16.02,16.60,15.82,16.35,4198724,68353224.00
2025/11/19,16.50,16.50,15.13,15.31,4009508,62829664.00
2025/11/20,15.45,15.47,14.69,15.23,2197763,33420612.00
2025/11/21,15.28,15.50,14.21,14.68,3708568,54727356.00
2025/11/24,14.74,15.20,14.50,15.07,3172924,47047544.00
2025/11/25,15.11,15.72,15.11,15.38,2654339,41192436.00
2025/11/26,15.38,15.82,15.01,15.09,2007827,30873256.00
2025/11/27,15.04,15.28,15.00,15.16,1628578,24633272.00
2025/11/28,15.37,15.59,15.03,15.54,1804861,27690124.00
2025/12/01,15.77,15.77,15.23,15.31,2115960,32816432.00
2025/12/02,15.23,15.24,14.72,14.93,2088738,31110456.00
2025/12/03,14.88,15.09,14.55,14.65,1645692,24203646.00
2025/12/04,14.73,14.73,14.28,14.29,1747699,25205722.00
2025/12/05,14.40,14.47,14.12,14.42,1616884,23168880.00
2025/12/08,14.58,14.86,14.58,14.75,1760311,25915996.00
2025/12/09,14.99,14.99,14.32,14.32,1335637,19515972.00
2025/12/10,14.38,14.50,13.85,13.85,1577763,22199248.00
2025/12/11,13.93,13.99,13.33,13.36,2366500,31983924.00
2025/12/12,13.28,13.52,12.95,13.07,2262436,29911100.00
2025/12/15,13.09,13.31,12.87,13.12,1962997,25700080.00
2025/12/16,13.12,13.21,12.75,12.93,1277220,16488170.00
2025/12/17,13.03,13.03,12.55,12.85,1750928,22368980.00
2025/12/18,12.85,13.48,12.76,13.27,2523948,33353748.00
2025/12/19,13.34,13.74,13.25,13.64,1908896,25791284.00
2025/12/22,13.66,13.86,13.43,13.45,1604590,21737314.00
2025/12/23,13.54,13.54,13.11,13.20,1531297,20298120.00
2025/12/24,13.29,13.40,13.16,13.31,957463,12740581.00
2025/12/25,13.37,13.51,13.24,13.45,1403299,18749448.00
2025/12/26,13.54,13.55,13.21,13.28,1831968,24534948.00
2025/12/29,13.39,13.46,13.12,13.33,1358779,18048114.00
2025/12/30,13.39,13.50,13.19,13.21,1198837,15944557.00
2025/12/31,13.28,13.33,12.99,13.25,1230163,16191311.00
2026/01/05,13.32,13.92,13.12,13.68,2648706,36146832.00
2026/01/06,13.75,13.86,13.49,13.56,1778746,24259768.00
2026/01/07,13.49,13.58,13.31,13.36,1849207,24876632.00
2026/01/08,13.42,13.86,13.38,13.79,1846476,25223640.00
2026/01/09,13.85,14.18,13.71,14.02,2331123,32456586.00
2026/01/12,14.06,14.61,14.06,14.58,2678452,38547040.00
2026/01/13,14.63,15.00,14.40,14.60,2690413,39616572.00
2026/01/14,14.67,15.31,14.56,15.09,3240043,48463552.00
2026/01/15,15.16,15.16,14.56,14.84,2918242,43064976.00
2026/01/16,14.91,15.11,14.50,14.70,2205939,32536244.00
2026/01/19,14.70,15.34,14.57,15.29,2996390,45230920.00
2026/01/20,15.29,15.58,14.80,15.01,2732023,41400688.00
2026/01/21,15.08,15.46,14.64,15.30,2357440,35572736.00
2026/01/22,15.22,15.68,15.20,15.49,1214306,18748956.00
2026/01/23,15.48,15.63,15.42,15.50,1274728,19775900.00
2026/01/26,15.50,15.61,14.92,15.14,1800727,27267748.00
2026/01/27,15.13,15.32,14.62,15.15,2070252,31200224.00
2026/01/28,15.22,15.49,15.00,15.35,2351114,35835040.00
2026/01/29,15.35,16.27,14.90,15.23,4012066,62885536.00
2026/01/30,15.18,15.60,15.10,15.53,2188107,33527364.00
2026/02/02,15.59,16.35,15.25,15.33,2666980,41872144.00
2026/02/03,15.41,16.24,15.41,16.05,2563159,40837088.00
2026/02/04,16.05,16.16,15.62,15.83,2087763,33122756.00
2026/02/05,16.00,16.20,15.83,16.03,1592497,25562044.00
2026/02/06,15.87,16.26,15.80,16.06,1362891,21917902.00
2026/02/09,16.20,16.39,16.17,16.29,1546253,25170638.00
2026/02/10,16.37,16.74,16.30,16.60,1821577,30133724.00
2026/02/11,16.54,16.87,16.20,16.64,1749760,29032498.00
2026/02/12,16.64,16.96,16.19,16.80,2145685,35625260.00
2026/02/13,16.60,16.88,16.35,16.35,2153198,35617224.00
2026/02/24,16.66,16.99,16.44,16.62,2450212,41040096.00
2026/02/25,16.72,17.18,16.59,17.08,1688398,28536408.00
2026/02/26,17.19,17.19,16.51,16.77,1683710,28260978.00
2026/02/27,16.76,16.80,16.20,16.38,2299121,37829172.00
2026/03/02,15.99,16.31,15.33,15.59,2720935,42700124.00
2026/03/03,15.68,15.72,14.90,15.00,3000342,45922608.00
2026/03/04,14.86,15.39,14.69,15.07,3324094,49961000.00
2026/03/05,15.31,15.65,15.04,15.17,1860233,28503512.00
2026/03/06,15.17,15.80,15.07,15.78,1940708,30081458.00
2026/03/09,15.80,15.90,15.20,15.65,2578918,40067640.00
2026/03/10,15.75,16.24,15.75,16.24,1818621,29269678.00
2026/03/11,16.24,16.47,15.59,15.84,2320040,36973572.00
2026/03/12,15.79,16.13,15.50,15.59,1791496,28361504.00
2026/03/13,15.50,15.78,15.41,15.57,1515451,23637562.00
2026/03/16,15.45,15.69,15.23,15.46,1417210,21882316.00
2026/03/17,15.55,15.59,14.90,14.93,1617989,24648306.00
2026/03/18,14.94,15.39,14.75,15.35,1777136,26809246.00
2026/03/19,15.13,15.31,14.84,14.93,1573151,23693306.00
2026/03/20,15.03,15.08,14.10,14.16,2853797,41382504.00
2026/03/23,13.51,13.98,12.72,13.07,2916699,39382836.00
2026/03/24,13.30,14.19,13.09,14.13,2913676,39666496.00
2026/03/25,14.29,14.64,14.13,14.21,2116397,30328084.00
2026/03/26,14.01,14.40,13.51,13.89,2067746,28672124.00
2026/03/27,13.75,14.18,13.63,13.97,2187050,30476320.00
2026/03/30,13.92,14.25,13.71,14.15,2096646,29319886.00
2026/03/31,14.15,14.45,13.69,13.82,1860066,26176010.00
2026/04/01,14.31,14.34,13.77,13.99,1676803,23387738.00
2026/04/02,14.08,14.08,13.41,13.55,1736960,23844404.00
2026/04/03,13.61,13.67,12.93,13.08,2285190,30136010.00
2026/04/07,12.99,13.60,12.96,13.54,1825075,24423840.00
2026/04/08,13.99,14.37,13.87,14.37,1877154,26601484.00
2026/04/09,14.39,14.39,13.63,13.67,1809640,25109072.00
2026/04/10,13.73,14.08,13.70,13.76,1317407,18263348.00
2026/04/13,13.65,13.75,13.40,13.60,1437815,19483396.00
2026/04/14,13.73,13.90,13.39,13.62,1714234,23267032.00
2026/04/15,13.67,13.77,13.47,13.60,1135122,15436724.00
2026/04/16,13.59,14.20,13.50,14.07,1450448,20209704.00
2026/04/17,14.08,14.08,13.69,13.83,2164357,30014020.00
2026/04/20,13.84,14.14,13.70,14.00,1377967,19168264.00
2026/04/21,14.09,14.19,13.80,14.06,1573654,22039908.00
2026/04/22,13.91,14.15,13.89,13.96,1449099,20313846.00
2026/04/23,13.92,14.05,13.67,13.74,1271025,17611578.00
2026/04/24,13.74,14.15,13.56,14.10,1697857,23560020.00
2026/04/27,14.10,14.52,13.86,14.46,1611299,22903238.00
2026/04/28,14.41,14.72,14.20,14.36,1929619,27869192.00
2026/04/29,14.44,15.05,14.43,14.83,2091139,31008664.00
2026/04/30,15.13,15.61,14.55,15.39,2659288,40701472.00
2026/05/06,15.47,16.28,15.42,15.73,4476847,70745328.00
2026/05/07,15.66,16.14,15.66,16.00,2517530,40222028.00
2026/05/08,16.00,16.45,15.99,16.26,2092183,33900800.00
2026/05/11,15.93,16.58,15.93,16.37,2492253,40720232.00
2026/05/12,16.35,16.73,15.92,16.10,2296913,37259580.00
2026/05/13,16.16,16.18,15.81,15.97,1916483,30624128.00
2026/05/14,15.99,16.43,15.80,16.10,2792236,44896848.00
2026/05/15,15.88,16.50,15.88,16.00,1988756,31992988.00
2026/05/18,15.87,16.98,15.71,16.95,3550895,58498640.00
2026/05/19,16.80,16.85,16.35,16.71,2606974,43246592.00
2026/05/20,16.68,16.93,16.30,16.52,1983125,32795860.00
2026/05/21,16.83,16.90,15.05,15.80,2447314,39813568.00
2026/05/22,15.94,16.72,15.75,16.56,2353674,38252688.00
2026/05/25,16.50,16.94,15.93,16.17,2551349,41722272.00
2026/05/26,16.17,16.17,15.48,15.79,2193018,34621288.00
2026/05/27,15.71,15.88,14.73,15.28,2784209,42562212.00
2026/05/28,15.39,15.49,14.61,15.30,2584943,39009424.00
2026/05/29,15.28,15.51,14.24,14.36,2545581,37468928.00
2026/06/01,14.30,15.45,14.14,15.06,2955160,44507600.00
2026/06/02,15.07,15.62,14.73,14.86,3310966,49709416.00
2026/06/03,14.84,15.04,14.57,14.73,2575162,38047836.00
2026/06/04,14.69,14.69,14.00,14.19,2167938,30919352.00
2026/06/05,14.26,14.65,13.60,14.38,2056544,29098392.00
2026/06/08,13.67,14.61,13.67,13.97,2526409,35696560.00
2026/06/09,14.02,14.58,13.81,13.96,2365477,33232748.00
2026/06/10,13.82,14.28,13.27,13.81,2533245,34776408.00
2026/06/11,13.72,13.81,12.94,13.21,1955711,25963590.00
2026/06/12,13.35,13.68,13.03,13.23,2132633,28467832.00
2026/06/15,13.33,13.83,13.02,13.14,2356860,31483496.00
2026/06/16,13.19,13.34,12.72,13.22,2034120,26524178.00
2026/06/17,13.14,13.14,12.72,12.76,2267452,29161366.00
2026/06/18,12.67,12.92,12.41,12.76,1847707,23439198.00
2026/06/22,12.50,12.84,12.00,12.70,2449216,30335876.00
2026/06/23,12.73,13.16,12.57,12.87,1965646,25458816.00
2026/06/24,12.88,13.03,12.20,12.26,2116339,26401808.00
2026/06/25,12.19,12.27,11.67,11.76,1818547,21583124.00
2026/06/26,11.65,11.73,11.16,11.52,2186816,25116422.00
2026/06/29,11.41,11.51,10.89,11.36,2260347,25328174.00
2026/06/30,11.43,11.71,11.11,11.44,2282772,26153268.00
2026/07/01,11.46,12.09,11.31,11.71,2693322,31553952.00
2026/07/02,11.73,12.22,11.34,11.63,2437014,28786776.00
2026/07/03,11.69,12.07,11.39,11.77,2781307,32533796.00
2026/07/06,11.80,12.04,11.43,11.90,2865273,33695160.00
2026/07/07,11.66,11.96,11.30,11.81,2864523,33337140.00
2026/07/08,11.69,12.00,11.43,11.72,2916961,34179048.00
2026/07/09,11.59,12.61,11.32,12.55,5185984,62086428.00
2026/07/10,12.45,13.69,12.19,13.05,5464112,71441752.00
2026/07/13,13.00,13.25,12.43,12.44,3511126,44580888.00
2026/07/14,12.53,12.79,12.03,12.79,3592643,44453076.00
2026/07/15,12.82,12.95,12.42,12.65,2535449,32121600.00
2026/07/16,12.65,12.84,12.36,12.49,2584971,32540412.00
2026/07/17,12.33,12.64,11.41,12.28,4400680,53467232.00
2026/07/20,12.16,12.55,11.60,12.35,5371837,65492384.00
2026/07/21,12.24,12.79,11.51,12.75,5791936,70764632.00
2026/07/22,13.00,13.36,12.13,12.39,5251333,65641760.00
2026/07/23,12.39,13.50,12.14,13.35,6631882,85799040.00
2026/07/24,13.60,13.94,13.11,13.66,4340260,58870240.00
2026/07/27,13.60,14.55,13.23,14.50,4864346,68599456.00
2026/07/28,14.16,15.21,14.16,15.10,4505094,67070392.00
2026/07/29,15.29,15.36,14.41,14.61,4022865,59689152.00
2026/07/30,14.77,14.81,14.45,14.59,2705850,39549456.00
2026/07/31,14.50,15.20,14.50,15.00,2318738,34529552.00
2026/08/03,15.21,15.21,14.66,14.90,2396877,35748376.00
2026/08/04,15.09,15.71,15.00,15.66,3165479,48629080.00
2026/08/05,15.66,16.29,15.53,16.11,4227895,67386384.00
2026/08/06,16.08,17.50,15.73,17.33,6621836,111782216.00
2026/08/07,17.32,19.73,16.88,19.29,8101397,148950256.00
2026/08/10,19.56,20.83,19.29,20.03,8058373,159493376.00
2026/08/11,20.42,21.16,19.74,21.12,8299084,170365920.00
2026/08/12,21.03,21.93,20.51,21.72,6076547,130697096.00
2026/08/13,21.94,22.51,21.66,22.10,6155215,136235616.00
2026/08/14,22.50,24.30,21.90,23.99,7133218,165629280.00
2026/08/17,23.78,26.30,23.69,25.32,8036399,202663664.00
2026/08/18,25.33,28.70,25.33,28.70,9464241,257371536.00
2026/08/19,27.28,27.91,25.50,26.09,9743309,260170336.00
2026/08/20,26.58,28.20,25.51,26.25,8021809,215575328.00
2026/08/21,26.91,27.15,25.09,26.39,6761914,178869280.00
2026/08/24,26.80,26.87,23.00,24.11,8652953,210577968.00
2026/08/25,23.99,25.49,23.30,25.04,6834464,168898592.00
2026/08/26,25.02,25.40,24.09,24.15,5521530,136784512.00
2026/08/27,24.50,26.88,24.50,25.65,7410060,191147584.00
2026/08/28,26.00,26.26,23.32,23.35,7624132,185815104.00
2026/08/31,22.93,24.60,22.67,24.39,7229000,172147040.00
2026/09/01,24.43,25.12,23.63,24.78,5288867,129030704.00
2026/09/02,24.65,26.26,24.17,25.47,6991164,178788096.00
2026/09/03,25.32,25.88,24.56,24.95,4440149,111350384.00
2026/09/04,24.94,25.58,23.66,23.87,4586427,112226752.00
2026/09/07,24.74,24.74,23.56,23.67,3367482,80548768.00
2026/09/08,23.66,23.88,22.82,23.43,3040943,70723040.00
2026/09/09,23.45,24.96,23.10,24.37,4458204,108457856.00
2026/09/10,24.02,24.85,23.52,24.21,2929483,70806368.00
2026/09/11,24.00,24.14,21.38,21.93,6174317,137477632.00
2026/09/14,23.00,25.75,21.51,24.85,13222630,315916736.00
#数据来源:通达信
