688671 碧兴物联 日线 前复权
      日期	    开盘	    最高	    最低	    收盘	    成交量	    成交额
2023/08/09,38.91,178.91,38.39,69.91,13966112,627669888.00
2023/08/10,47.04,58.71,44.68,45.01,12866931,626414592.00
2023/08/11,45.02,48.39,44.79,45.80,9900667,460462368.00
2023/08/14,44.92,45.68,42.28,42.81,7380034,322214016.00
2023/08/15,42.24,44.38,39.79,39.96,5941323,248459376.00
2023/08/16,39.43,41.77,39.19,39.98,4521580,183594976.00
2023/08/17,39.00,43.16,38.24,42.62,6422567,263786480.00
2023/08/18,51.16,51.16,51.16,51.16,2450353,125580592.00
2023/08/21,58.51,61.41,56.41,61.41,10787710,648543680.00
2023/08/22,61.78,69.81,58.41,59.26,14223752,910581376.00
2023/08/23,57.45,61.11,55.01,55.77,9148493,527864672.00
2023/08/24,53.41,55.41,47.91,51.91,8818170,454341376.00
2023/08/25,51.79,61.31,51.15,55.99,9782654,555195520.00
2023/08/28,57.91,67.21,53.09,67.21,10537630,635689152.00
2023/08/29,66.91,80.41,61.21,70.33,13517110,922090816.00
2023/08/30,71.76,78.41,70.37,73.96,11678623,865446784.00
2023/08/31,73.91,79.61,70.50,78.09,10991589,826600960.00
2023/09/01,75.91,77.46,66.59,67.90,9883706,717283776.00
2023/09/04,65.86,69.51,60.52,60.67,8668784,559925440.00
2023/09/05,61.20,61.41,56.74,58.67,6283339,370334016.00
2023/09/06,58.79,60.20,56.41,60.01,5271883,309139776.00
2023/09/07,59.22,59.61,52.79,52.87,5787251,322133024.00
2023/09/08,53.45,56.28,52.12,55.17,4646096,253994880.00
2023/09/11,54.16,54.76,51.24,52.94,3693050,196111472.00
2023/09/12,53.05,55.14,51.92,53.45,3263961,175234656.00
2023/09/13,54.91,57.10,54.12,54.82,5281025,293388384.00
2023/09/14,54.41,54.41,48.43,48.73,5446342,274265152.00
2023/09/15,49.12,49.18,47.51,48.06,2455102,118544944.00
2023/09/18,48.07,49.99,47.71,48.76,2762514,135474736.00
2023/09/19,48.19,48.80,47.41,48.04,2002992,96198896.00
2023/09/20,48.41,49.74,46.54,48.48,2658333,129077536.00
2023/09/21,48.19,49.82,45.97,47.09,3159273,152473744.00
2023/09/22,46.46,47.80,46.26,47.53,2066896,97684576.00
2023/09/25,48.40,48.40,46.91,47.02,1743115,82732864.00
2023/09/26,47.28,47.51,46.35,46.61,1289442,60530476.00
2023/09/27,46.89,47.11,44.98,45.10,2131776,98115488.00
2023/09/28,45.36,46.57,45.35,45.74,1608285,74190320.00
2023/10/09,46.20,46.20,45.09,45.36,1141817,52035820.00
2023/10/10,45.04,45.53,43.91,44.41,1206944,54101160.00
2023/10/11,44.63,46.19,43.52,45.12,1680279,75594384.00
2023/10/12,45.04,45.29,44.06,44.68,1137715,50808984.00
2023/10/13,44.70,44.89,42.92,42.92,1321333,57635988.00
2023/10/16,43.03,43.71,42.18,42.31,1004693,42913232.00
2023/10/17,42.19,42.89,41.66,42.53,984947,41734696.00
2023/10/18,42.31,42.32,40.75,40.75,1091013,45114612.00
2023/10/19,40.61,42.59,40.13,41.36,1369034,57272176.00
2023/10/20,41.41,45.60,41.11,43.02,2646016,115612712.00
2023/10/23,43.11,43.28,39.69,40.16,2058859,83621712.00
2023/10/24,39.78,42.32,39.69,41.60,1528396,63308824.00
2023/10/25,43.25,43.50,41.82,43.09,1579891,67616264.00
2023/10/26,42.54,43.30,40.81,41.57,1248786,52066232.00
2023/10/27,41.53,44.90,41.28,43.60,2086399,90770824.00
2023/10/30,42.72,43.24,41.49,42.13,1723338,72616160.00
2023/10/31,42.14,42.29,40.52,41.04,1202194,49575336.00
2023/11/01,41.05,41.07,40.06,40.65,887338,36000380.00
2023/11/02,40.61,40.90,38.95,38.99,1114881,44203112.00
2023/11/03,39.01,40.96,39.01,40.40,1365792,55203000.00
2023/11/06,40.77,42.62,40.77,42.42,1766412,74528752.00
2023/11/07,42.42,42.88,41.84,42.41,1054416,44583036.00
2023/11/08,42.59,42.59,41.51,41.95,1036189,43438636.00
2023/11/09,41.95,45.14,41.94,42.33,2739522,119268224.00
2023/11/10,43.21,43.21,41.62,41.83,1200624,50738224.00
2023/11/13,41.61,42.18,41.60,41.81,750397,31445886.00
2023/11/14,41.81,43.07,41.45,42.99,1342758,56919336.00
2023/11/15,43.31,45.17,42.59,44.65,2780318,123423216.00
2023/11/16,44.75,44.86,43.24,43.27,1683536,73756528.00
2023/11/17,43.61,43.61,42.72,43.23,1002576,43302096.00
2023/11/20,43.54,43.80,42.52,43.14,1193208,51600896.00
2023/11/21,43.20,43.56,42.25,42.36,1217713,52016088.00
2023/11/22,42.00,42.70,41.26,41.27,1101214,46186860.00
2023/11/23,41.04,41.96,41.01,41.90,929589,38770944.00
2023/11/24,41.73,41.89,40.22,40.38,1026008,41879328.00
2023/11/27,40.38,41.65,40.00,40.49,713064,29166560.00
2023/11/28,40.52,41.16,40.16,40.57,667184,27225500.00
2023/11/29,40.25,40.96,39.55,39.62,829437,33313068.00
2023/11/30,39.62,39.73,38.26,38.63,958228,37270424.00
2023/12/01,38.83,39.06,37.42,38.08,1193994,45581048.00
2023/12/04,38.11,38.41,37.76,37.90,830437,31662354.00
2023/12/05,37.86,37.86,36.70,36.76,945432,35114968.00
2023/12/06,36.80,38.25,36.65,37.26,1479642,55562016.00
2023/12/07,37.06,37.25,36.38,36.59,1041453,38288384.00
2023/12/08,36.71,37.56,36.21,36.34,987856,36232240.00
2023/12/11,36.13,36.91,35.68,36.51,798728,29173528.00
2023/12/12,36.68,36.68,35.87,36.00,773184,28009936.00
2023/12/13,35.86,36.36,35.42,36.01,696599,25128810.00
2023/12/14,36.02,36.24,35.47,35.55,694369,24922166.00
2023/12/15,35.58,35.76,35.37,35.55,433172,15437409.00
2023/12/18,35.61,35.61,34.59,34.65,629505,22058936.00
2023/12/19,34.85,35.31,34.45,35.09,615858,21522310.00
2023/12/20,35.11,36.41,35.00,35.49,1159262,41654488.00
2023/12/21,35.35,35.63,34.46,35.32,802171,28136272.00
2023/12/22,35.33,35.33,34.53,34.69,672164,23445232.00
2023/12/25,34.52,35.02,33.91,34.37,506960,17532024.00
2023/12/26,34.37,34.37,33.58,33.65,542681,18410714.00
2023/12/27,33.65,34.26,33.44,34.05,474863,16158850.00
2023/12/28,33.91,35.20,33.67,34.91,823414,28622368.00
2023/12/29,34.83,35.24,34.71,34.86,580796,20376200.00
2024/01/02,34.86,35.03,34.61,34.63,593741,20735868.00
2024/01/03,34.63,34.71,33.54,33.81,791986,26950484.00
2024/01/04,34.00,34.00,33.01,33.60,503376,16964376.00
2024/01/05,33.86,33.96,32.94,33.06,655096,21994208.00
2024/01/08,33.14,33.36,32.14,32.14,586472,19226992.00
2024/01/09,32.14,33.26,32.02,32.42,1368071,44459192.00
2024/01/10,32.61,33.01,31.51,32.04,852118,27636692.00
2024/01/11,32.11,32.99,31.87,32.78,969718,31703820.00
2024/01/12,33.91,34.29,32.56,32.57,1760378,59222808.00
2024/01/15,32.51,32.51,31.50,32.07,996546,32077736.00
2024/01/16,32.27,32.27,31.52,32.14,868334,27687816.00
2024/01/17,32.31,32.31,31.20,31.20,603508,19111854.00
2024/01/18,31.06,31.31,29.91,30.59,772886,23575496.00
2024/01/19,30.59,30.80,29.68,29.80,639415,19321214.00
2024/01/22,29.82,30.01,28.01,28.38,908951,26681804.00
2024/01/23,28.38,28.69,28.01,28.35,797382,22710852.00
2024/01/24,28.57,29.36,27.54,28.67,724998,20561552.00
2024/01/25,28.55,29.90,28.42,29.67,851799,24994716.00
2024/01/26,29.55,30.35,29.11,29.29,640413,19031786.00
2024/01/29,29.56,30.35,28.18,28.31,777406,22704294.00
2024/01/30,28.06,28.11,26.94,26.98,728750,20120362.00
2024/01/31,27.31,27.31,25.21,25.22,1120090,29151572.00
2024/02/01,25.18,25.52,24.27,24.97,934931,23415092.00
2024/02/02,24.85,25.63,22.44,23.26,1183667,28475384.00
2024/02/05,21.90,22.80,19.08,19.95,1763525,36457668.00
2024/02/06,19.23,20.68,17.83,19.91,1936720,37020452.00
2024/02/07,19.78,19.78,18.00,18.11,1877012,35337228.00
2024/02/08,18.12,19.88,17.22,19.53,2201914,40974248.00
2024/02/19,19.59,20.71,19.48,20.48,2344179,47404276.00
2024/02/20,20.28,20.74,19.84,20.74,1459065,29841900.00
2024/02/21,20.29,22.04,20.28,21.21,1970845,42281408.00
2024/02/22,21.20,22.37,21.20,22.35,1758774,38672760.00
2024/02/23,23.41,23.62,22.49,23.38,1848942,42744660.00
2024/02/26,23.30,24.77,22.97,24.19,1888312,45307348.00
2024/02/27,23.86,25.62,23.58,25.62,2086705,52364024.00
2024/02/28,25.61,26.34,22.11,22.11,3189234,78150640.00
2024/02/29,22.10,23.51,22.10,23.44,1940633,44783296.00
2024/03/01,23.58,24.96,23.40,24.85,2136710,52375636.00
2024/03/04,24.85,24.95,23.61,24.05,1487216,36141360.00
2024/03/05,24.08,24.24,22.92,23.05,1455206,34126100.00
2024/03/06,23.21,24.35,23.01,24.11,1554737,37241208.00
2024/03/07,24.31,25.90,23.42,25.10,3536973,88243856.00
2024/03/08,24.81,25.11,23.54,24.16,2488165,60267580.00
2024/03/11,24.21,24.79,23.87,24.64,1987256,48548436.00
2024/03/12,24.91,25.44,24.41,25.10,2139171,53726664.00
2024/03/13,25.49,25.49,24.71,24.91,1391898,34885488.00
2024/03/14,25.29,25.29,23.94,24.61,1340245,33199328.00
2024/03/15,24.59,25.56,24.21,25.54,1869713,47150268.00
2024/03/18,25.75,26.06,25.21,25.90,1389348,35921864.00
2024/03/19,26.06,28.07,25.73,26.66,3560052,96858904.00
2024/03/20,26.62,28.07,26.62,27.51,2528154,69242464.00
2024/03/21,27.31,27.35,26.16,26.69,1885912,50496448.00
2024/03/22,26.67,26.67,25.73,26.21,1486167,38999876.00
2024/03/25,26.32,26.33,24.69,24.69,1271552,32400720.00
2024/03/26,24.54,25.21,24.11,25.14,1254516,31165260.00
2024/03/27,25.14,26.24,24.97,25.31,1907009,49037008.00
2024/03/28,25.66,26.00,24.71,25.71,1664793,42431024.00
2024/03/29,25.41,26.79,25.39,26.34,1872376,49456688.00
2024/04/01,26.35,27.17,25.91,27.14,2128702,57031352.00
2024/04/02,26.86,27.54,26.41,26.64,2004120,54116032.00
2024/04/03,26.56,26.58,25.64,26.43,1380459,36255944.00
2024/04/08,26.21,26.21,24.21,24.23,1800246,44941024.00
2024/04/09,24.17,25.27,24.04,24.91,1254722,31255244.00
2024/04/10,25.00,25.00,23.21,23.44,1854076,44311512.00
2024/04/11,23.15,25.49,23.14,24.19,1729359,42325272.00
2024/04/12,24.08,24.18,23.32,23.39,1086218,25811746.00
2024/04/15,23.24,23.68,21.30,21.64,1264743,28444648.00
2024/04/16,21.30,21.51,19.01,19.51,1409871,28048930.00
2024/04/17,19.68,21.15,19.68,21.01,914341,19044542.00
2024/04/18,20.91,21.42,20.63,20.83,953672,20177072.00
2024/04/19,20.81,20.90,20.01,20.41,704683,14503771.00
2024/04/22,20.21,20.44,19.34,20.17,717189,14378134.00
2024/04/23,20.12,20.71,20.12,20.41,579209,11893207.00
2024/04/24,20.21,21.29,20.21,20.91,625539,13119670.00
2024/04/25,21.22,21.22,20.51,20.85,614706,12906822.00
2024/04/26,20.91,21.26,20.40,21.14,843489,17819184.00
2024/04/29,21.25,21.85,21.25,21.77,620632,13485778.00
2024/04/30,21.58,21.84,20.21,20.68,1642877,34329232.00
2024/05/06,20.78,21.41,20.78,21.33,990682,21122948.00
2024/05/07,21.34,21.79,21.31,21.59,821634,17785472.00
2024/05/08,21.73,21.88,21.40,21.54,732823,15868515.00
2024/05/09,21.54,22.11,21.50,22.09,763941,16804442.00
2024/05/10,22.09,22.09,21.31,21.39,748981,16214721.00
2024/05/13,21.31,21.34,20.32,20.33,712642,14779279.00
2024/05/14,20.91,20.91,20.36,20.40,675254,13953758.00
2024/05/15,20.57,20.57,19.94,20.11,478910,9713883.00
2024/05/16,20.14,20.75,20.14,20.41,566629,11681910.00
2024/05/17,20.31,21.31,20.25,20.96,672881,13984197.00
2024/05/20,20.96,21.27,20.62,20.79,616540,12973656.00
2024/05/21,20.73,20.73,20.15,20.21,639207,13046496.00
2024/05/22,20.17,20.74,20.05,20.62,533298,10982066.00
2024/05/23,20.91,20.91,20.11,20.22,731028,14975992.00
2024/05/24,20.04,20.29,19.53,19.55,722699,14341573.00
2024/05/27,19.55,19.81,19.04,19.76,646249,12573070.00
2024/05/28,20.06,20.06,19.31,19.41,477545,9418455.00
2024/05/29,19.45,20.14,19.45,20.01,826708,16579674.00
2024/05/30,20.11,20.49,19.71,20.18,752980,15228192.00
2024/05/31,20.17,20.65,19.91,20.46,570392,11694507.00
2024/06/03,20.41,20.55,19.66,19.84,861096,17271280.00
2024/06/04,20.11,20.11,19.00,19.36,852694,16554440.00
2024/06/05,19.36,19.37,18.79,18.91,608468,11584734.00
2024/06/06,18.81,19.03,17.74,17.77,818032,14989518.00
2024/06/07,17.99,18.38,17.76,18.08,637232,11573285.00
2024/06/11,18.08,18.08,17.28,18.06,559076,9984848.00
2024/06/12,18.06,18.49,17.71,18.41,466009,8556104.00
2024/06/13,18.44,22.11,18.28,22.11,4095080,88804720.00
2024/06/14,21.41,22.37,19.71,20.47,4094626,85085344.00
2024/06/17,20.22,20.70,19.86,20.62,2245530,46003016.00
2024/06/18,20.62,22.52,20.45,21.61,3456955,74871240.00
2024/06/19,21.89,23.44,21.39,22.37,3176058,71809928.00
2024/06/20,21.93,26.57,20.44,24.34,4955807,120102144.00
2024/06/21,23.66,26.34,22.91,23.61,4438623,109282856.00
2024/06/24,23.32,25.32,22.81,22.86,2781061,66935780.00
2024/06/25,23.81,23.87,20.52,21.13,2783220,60275900.00
2024/06/26,21.05,21.55,19.64,21.31,2089644,43635136.00
2024/06/27,21.31,21.56,20.58,20.60,1558097,32999200.00
2024/06/28,20.28,21.26,20.18,20.64,1507549,31366930.00
2024/07/01,20.89,21.45,20.07,20.26,1385161,28570128.00
2024/07/02,20.26,20.50,19.44,19.51,1288346,25588624.00
2024/07/03,19.51,19.77,18.81,19.21,1042824,20108868.00
2024/07/04,19.21,19.30,18.19,18.31,961621,18002710.00
2024/07/05,18.29,19.89,18.29,19.22,1440212,27617466.00
2024/07/08,19.32,19.48,18.39,18.52,812288,15296837.00
2024/07/09,18.35,19.10,18.15,18.84,919138,17160448.00
2024/07/10,18.72,19.21,18.40,18.50,766908,14458292.00
2024/07/11,18.61,19.21,18.61,19.08,943051,17970456.00
2024/07/12,18.97,19.21,18.87,18.99,562878,10757943.00
2024/07/15,19.14,19.14,18.08,18.09,803769,14838811.00
2024/07/16,18.30,18.77,18.30,18.36,643443,11952089.00
2024/07/17,18.37,18.81,18.01,18.02,539465,9839291.00
2024/07/18,17.92,17.98,17.38,17.81,560302,9925879.00
2024/07/19,17.83,18.57,17.61,18.36,672815,12293719.00
2024/07/22,18.35,18.86,17.71,18.84,675761,12632587.00
2024/07/23,18.94,19.20,18.54,18.56,791534,15018144.00
2024/07/24,18.81,18.86,17.94,17.98,705580,12866129.00
2024/07/25,18.18,18.46,17.69,18.15,577417,10529495.00
2024/07/26,18.15,18.47,18.15,18.27,380575,6974459.00
2024/07/29,18.11,18.35,17.85,18.21,468312,8474281.00
2024/07/30,17.96,18.24,17.90,18.03,424341,7653538.00
2024/07/31,18.08,18.68,17.98,18.62,790619,14608672.00
2024/08/01,18.79,19.15,18.55,18.72,728869,13735910.00
2024/08/02,18.65,18.79,18.14,18.20,614192,11350826.00
2024/08/05,18.36,18.36,17.56,17.56,746580,13379336.00
2024/08/06,17.68,17.99,17.62,17.99,380439,6787042.00
2024/08/07,17.83,18.16,17.76,17.84,392745,7045459.00
2024/08/08,17.84,17.84,16.91,17.32,745574,12843769.00
2024/08/09,17.41,17.56,16.88,16.99,742862,12647899.00
2024/08/12,16.97,17.41,16.88,17.17,745415,12828451.00
2024/08/13,17.00,17.18,16.33,17.13,630545,10580164.00
2024/08/14,16.98,17.39,16.88,16.88,504489,8655746.00
2024/08/15,16.85,16.97,16.42,16.75,534346,8957481.00
2024/08/16,16.75,16.84,16.48,16.51,534602,8881825.00
2024/08/19,16.50,16.70,16.12,16.23,694764,11289849.00
2024/08/20,16.23,16.23,15.54,15.62,764760,12070794.00
2024/08/21,15.60,15.90,15.42,15.68,434241,6846794.00
2024/08/22,15.64,16.50,15.45,15.78,1005483,16192501.00
2024/08/23,15.62,15.68,15.09,15.18,729208,11148477.00
2024/08/26,15.13,15.65,15.13,15.52,467217,7227387.00
2024/08/27,15.59,15.59,15.10,15.18,429734,6548662.00
2024/08/28,15.03,15.47,14.89,15.19,511029,7781471.00
2024/08/29,15.13,15.52,15.02,15.35,472924,7250095.00
2024/08/30,15.26,15.85,15.25,15.50,594429,9293296.00
2024/09/02,15.39,15.75,15.22,15.27,586677,9046443.00
2024/09/03,15.27,15.56,15.13,15.37,292612,4509720.00
2024/09/04,15.25,15.36,14.80,15.03,701337,10563399.00
2024/09/05,15.08,15.34,14.96,15.26,362709,5529633.00
2024/09/06,15.19,15.20,14.69,14.71,496524,7407524.00
2024/09/09,14.59,14.83,14.41,14.72,348005,5090879.00
2024/09/10,14.71,14.89,14.54,14.76,327945,4828707.00
2024/09/11,14.75,14.95,14.55,14.78,277379,4095276.00
2024/09/12,14.92,15.08,14.66,14.72,418511,6226385.00
2024/09/13,14.71,14.76,14.26,14.29,399630,5792130.00
2024/09/18,14.24,14.37,13.81,14.06,462692,6492099.00
2024/09/19,14.12,14.48,14.01,14.33,407293,5827742.00
2024/09/20,14.30,14.43,14.15,14.36,372404,5314912.00
2024/09/23,14.33,14.44,14.14,14.21,357129,5122469.00
2024/09/24,14.17,14.80,14.17,14.74,596981,8672932.00
2024/09/25,14.86,15.35,14.86,14.98,813541,12278738.00
2024/09/26,15.08,15.42,14.99,15.41,727373,11099726.00
2024/09/27,15.81,16.59,15.75,16.49,1100107,17801116.00
2024/09/30,17.20,19.53,17.19,19.51,3024573,55303496.00
2024/10/08,22.80,23.13,21.02,23.10,3516324,78193064.00
2024/10/09,22.00,22.00,19.00,19.03,2614357,53790832.00
2024/10/10,19.41,20.02,18.51,19.21,1488550,28728754.00
2024/10/11,19.19,19.19,17.92,18.16,1073041,19736410.00
2024/10/14,17.82,18.50,17.50,18.19,1283305,23122152.00
2024/10/15,18.11,18.18,17.34,17.48,852840,15211953.00
2024/10/16,17.40,17.88,17.20,17.58,850954,14914163.00
2024/10/17,17.75,18.16,17.44,17.48,640887,11395181.00
2024/10/18,17.55,18.68,17.33,18.19,1559903,28125500.00
2024/10/21,18.20,19.40,18.20,18.94,1586621,29811170.00
2024/10/22,19.00,19.33,18.58,19.27,905548,17211342.00
2024/10/23,19.39,19.80,18.99,19.15,955994,18524492.00
2024/10/24,19.09,19.16,18.61,18.71,727727,13676888.00
2024/10/25,18.70,19.48,18.69,19.22,838128,16031778.00
2024/10/28,19.22,20.00,19.11,20.00,1156173,22736674.00
2024/10/29,20.23,21.78,19.71,20.12,1866831,38641308.00
2024/10/30,20.01,20.98,19.25,20.03,1656527,33125446.00
2024/10/31,20.03,20.76,19.50,20.38,1231991,24994748.00
2024/11/01,20.39,21.22,19.44,19.44,1485668,30040656.00
2024/11/04,19.40,20.37,19.30,20.27,1025035,20495740.00
2024/11/05,20.50,20.90,19.91,20.80,1236248,25574006.00
2024/11/06,20.69,21.53,20.46,20.73,1332561,27668260.00
2024/11/07,20.59,22.90,20.31,22.09,2689442,57912124.00
2024/11/08,21.99,22.69,21.21,21.28,2341313,50386440.00
2024/11/11,20.73,21.97,20.73,21.92,1935297,41662476.00
2024/11/12,21.99,22.00,20.92,21.20,1571505,33820672.00
2024/11/13,21.00,21.44,20.55,21.31,1183526,24913948.00
2024/11/14,21.28,21.30,20.22,20.25,1052411,21677156.00
2024/11/15,20.15,20.45,19.62,19.68,836161,16790988.00
2024/11/18,19.98,19.98,18.85,19.00,1180964,22744034.00
2024/11/19,19.00,19.51,18.88,19.51,546375,10519695.00
2024/11/20,19.56,21.13,19.44,20.43,1260172,25665200.00
2024/11/21,20.34,20.90,19.98,20.25,878485,17915908.00
2024/11/22,20.17,20.35,19.09,19.10,962303,19074154.00
2024/11/25,19.00,20.20,19.00,19.84,1127569,22194372.00
2024/11/26,19.90,20.12,19.29,19.44,570964,11237322.00
2024/11/27,19.50,19.78,18.80,19.78,763561,14699558.00
2024/11/28,19.72,20.30,19.72,19.88,729073,14607410.00
2024/11/29,19.91,20.46,19.52,20.27,700006,14061697.00
2024/12/02,20.27,20.75,20.07,20.73,805290,16513146.00
2024/12/03,20.99,20.99,20.31,20.72,685887,14165567.00
2024/12/04,20.72,20.76,19.79,20.00,836704,16959268.00
2024/12/05,20.09,20.79,20.00,20.46,700902,14322828.00
2024/12/06,21.03,21.78,20.36,20.72,1721573,36130324.00
2024/12/09,20.93,20.98,20.44,20.93,951378,19715830.00
2024/12/10,21.50,21.83,20.78,20.86,1123921,23802020.00
2024/12/11,20.81,21.22,20.73,21.00,900032,18866060.00
2024/12/12,21.01,21.07,20.68,21.02,1020600,21376132.00
2024/12/13,21.01,21.01,20.36,20.36,632352,13080898.00
2024/12/16,20.38,20.66,20.22,20.38,699286,14313015.00
2024/12/17,20.65,20.65,18.91,19.14,1027783,19989404.00
2024/12/18,19.14,19.27,18.52,18.90,726342,13756568.00
2024/12/19,18.70,18.98,18.37,18.70,891796,16605421.00
2024/12/20,18.70,19.28,18.65,18.92,647271,12263373.00
2024/12/23,19.40,19.40,17.20,17.27,1464201,26322346.00
2024/12/24,17.48,17.94,17.01,17.69,1333295,23387532.00
2024/12/25,17.59,17.59,17.00,17.18,667092,11462496.00
2024/12/26,17.06,17.96,17.06,17.68,678267,11970852.00
2024/12/27,17.90,18.16,17.62,17.87,547079,9820600.00
2024/12/30,17.87,17.87,17.20,17.68,567319,9967840.00
2024/12/31,17.70,17.80,16.86,16.89,712015,12245030.00
2025/01/02,16.89,17.72,16.64,16.74,876642,15062421.00
2025/01/03,16.74,16.99,16.41,16.43,608178,10096671.00
2025/01/06,16.43,16.75,15.51,16.30,415792,6755027.00
2025/01/07,16.39,16.91,16.19,16.88,431132,7133436.00
2025/01/08,16.88,17.25,16.23,17.02,837938,14036978.00
2025/01/09,17.30,17.30,16.95,17.11,374647,6423363.00
2025/01/10,16.88,17.47,16.55,16.87,438796,7470295.00
2025/01/13,16.54,17.15,16.18,16.94,422638,7091127.00
2025/01/14,16.93,18.02,16.93,17.98,798774,14109612.00
2025/01/15,17.95,18.18,17.40,17.41,554276,9816631.00
2025/01/16,17.63,17.81,17.35,17.42,488342,8578116.00
2025/01/17,17.49,17.73,17.26,17.52,350987,6144734.00
2025/01/20,17.52,18.32,17.33,18.01,852792,15311363.00
2025/01/21,17.99,18.26,17.59,18.13,429678,7714523.00
2025/01/22,18.04,18.34,17.83,18.09,362234,6544938.00
2025/01/23,18.43,18.55,17.82,17.82,485272,8828216.00
2025/01/24,17.93,18.12,17.61,17.94,330054,5904798.00
2025/01/27,18.08,18.38,17.90,17.92,462303,8393720.00
2025/02/05,17.92,18.52,17.92,18.52,524708,9618073.00
2025/02/06,18.58,18.78,18.20,18.75,400040,7437270.00
2025/02/07,18.78,19.17,18.67,18.89,636006,12063286.00
2025/02/10,19.00,19.20,18.76,19.09,528631,10073217.00
2025/02/11,19.20,19.28,18.81,19.14,409053,7798915.00
2025/02/12,18.83,19.39,18.83,19.23,427680,8220049.00
2025/02/13,19.35,19.36,18.80,18.80,503956,9547583.00
2025/02/14,18.87,19.63,18.70,19.35,776723,14955342.00
2025/02/17,19.30,19.99,19.20,19.51,883316,17256688.00
2025/02/18,19.32,19.67,18.81,19.02,785262,15156684.00
2025/02/19,19.04,19.58,19.04,19.54,403995,7845100.00
2025/02/20,19.63,20.00,19.30,19.94,738445,14696467.00
2025/02/21,19.98,20.45,19.37,20.19,877381,17546838.00
2025/02/24,20.15,20.87,20.00,20.23,768491,15593519.00
2025/02/25,20.30,20.69,20.00,20.26,698354,14232625.00
2025/02/26,20.14,20.59,20.02,20.33,737976,14994266.00
2025/02/27,20.33,20.39,19.78,20.10,829183,16545261.00
2025/02/28,20.06,20.13,19.13,19.31,778326,15237765.00
2025/03/03,19.40,20.26,19.33,19.67,755116,14978252.00
2025/03/04,19.60,20.06,19.35,19.97,584821,11607775.00
2025/03/05,20.15,20.17,19.59,19.90,499296,9893019.00
2025/03/06,19.82,20.75,19.82,20.43,1358968,27790944.00
2025/03/07,20.80,20.86,20.11,20.35,885697,18101750.00
2025/03/10,20.50,21.15,20.35,20.95,1109272,23097062.00
2025/03/11,20.80,21.12,20.50,21.12,632464,13097939.00
2025/03/12,21.18,21.33,20.80,21.08,554514,11638591.00
2025/03/13,21.16,21.16,20.08,20.40,763818,15676703.00
2025/03/14,20.40,20.75,19.80,20.62,726564,14809545.00
2025/03/17,21.07,21.07,20.42,20.64,547352,11296276.00
2025/03/18,20.52,20.86,20.40,20.80,518865,10737759.00
2025/03/19,20.88,20.88,20.36,20.52,533070,10970565.00
2025/03/20,20.52,20.65,20.11,20.42,526104,10705129.00
2025/03/21,20.43,20.43,19.52,19.72,889823,17596048.00
2025/03/24,19.80,19.80,18.10,18.63,1101802,20746132.00
2025/03/25,18.67,18.80,18.15,18.41,928482,17091772.00
2025/03/26,18.33,19.13,18.32,18.76,758332,14323875.00
2025/03/27,19.17,19.17,18.19,18.54,671424,12477232.00
2025/03/28,18.55,18.83,18.11,18.24,562072,10305664.00
2025/03/31,18.07,18.17,17.66,18.02,712669,12716130.00
2025/04/01,17.92,18.78,17.85,18.51,714751,13226795.00
2025/04/02,18.49,18.76,18.21,18.55,454940,8416975.00
2025/04/03,18.24,18.64,18.10,18.36,452957,8299032.00
2025/04/07,17.45,17.45,14.69,14.76,1028074,16391987.00
2025/04/08,15.02,16.10,15.02,15.67,727985,11400831.00
2025/04/09,15.70,16.58,14.80,16.55,931150,14746625.00
2025/04/10,16.99,17.33,16.62,17.00,655415,11201376.00
2025/04/11,16.84,17.46,16.72,17.41,631964,10917832.00
2025/04/14,17.47,17.66,17.15,17.15,503899,8762472.00
2025/04/15,17.51,17.51,17.02,17.35,372213,6427559.00
2025/04/16,17.29,17.53,16.71,17.12,539945,9216314.00
2025/04/17,16.98,17.65,16.85,17.23,478437,8331516.00
2025/04/18,17.32,17.62,16.89,17.18,652316,11237575.00
2025/04/21,17.20,17.62,16.98,17.39,401084,6960403.00
2025/04/22,17.59,17.59,17.11,17.37,358978,6205525.00
2025/04/23,17.27,17.70,17.27,17.52,467671,8216298.00
2025/04/24,17.54,17.85,17.40,17.55,640934,11277670.00
2025/04/25,17.60,17.88,17.21,17.48,602278,10550144.00
2025/04/28,17.55,17.55,17.17,17.26,442326,7660424.00
2025/04/29,17.26,17.83,17.26,17.60,616069,10853075.00
2025/04/30,17.90,18.50,17.58,18.18,803852,14618009.00
2025/05/06,18.31,19.20,18.29,19.18,837619,15799377.00
2025/05/07,19.23,19.60,19.05,19.15,681652,13134621.00
2025/05/08,19.10,19.85,18.93,19.70,713654,13960454.00
2025/05/09,19.86,19.86,19.25,19.72,512945,10035181.00
2025/05/12,19.98,20.13,19.54,19.99,637824,12699274.00
2025/05/13,20.14,20.53,19.80,20.09,545316,10958796.00
2025/05/14,20.44,20.44,19.38,19.55,577741,11375001.00
2025/05/15,19.58,19.67,19.05,19.52,448578,8725886.00
2025/05/16,19.23,20.09,19.23,19.81,587129,11647024.00
2025/05/19,19.81,20.13,19.66,19.96,367464,7324321.00
2025/05/20,20.09,20.36,19.81,20.16,494001,9962844.00
2025/05/21,20.27,20.34,19.80,19.92,496189,9901995.00
2025/05/22,20.06,20.15,19.05,19.29,870983,17020212.00
2025/05/23,19.37,19.73,18.97,19.03,900174,17357068.00
2025/05/26,19.10,19.52,18.88,19.41,431314,8353410.00
2025/05/27,19.72,19.72,19.09,19.25,486834,9408170.00
2025/05/28,19.37,19.82,19.07,19.29,806270,15621279.00
2025/05/29,19.31,19.94,19.22,19.83,809571,15954160.00
2025/05/30,19.84,19.90,19.33,19.54,479741,9369233.00
2025/06/03,19.61,19.98,19.50,19.71,681615,13491837.00
2025/06/04,19.75,19.94,19.50,19.72,466419,9186800.00
2025/06/05,19.82,19.83,19.46,19.60,436125,8548180.00
2025/06/06,19.70,19.91,19.49,19.76,380356,7476313.00
2025/06/09,20.00,20.15,19.77,20.00,604097,12046168.00
2025/06/10,20.05,20.08,19.35,19.44,800110,15723853.00
2025/06/11,19.45,19.81,19.44,19.59,517126,10175529.00
2025/06/12,19.51,19.93,19.51,19.76,422811,8353786.00
2025/06/13,19.82,20.12,19.35,19.39,1134043,22316114.00
2025/06/16,19.50,19.97,19.00,19.88,1069382,21034438.00
2025/06/17,19.88,20.07,19.51,19.83,671672,13264029.00
2025/06/18,19.79,20.07,19.60,20.05,911849,18077936.00
2025/06/19,20.05,20.37,19.13,19.22,1145462,22522300.00
2025/06/20,19.20,19.56,19.00,19.03,665792,12787436.00
2025/06/23,19.21,19.68,18.83,19.66,670250,13051722.00
2025/06/24,19.79,20.28,19.53,20.20,954359,19097512.00
2025/06/25,20.38,20.94,20.04,20.86,1485142,30628988.00
2025/06/26,20.69,20.93,20.46,20.77,934885,19350054.00
2025/06/27,20.99,20.99,20.55,20.71,806486,16723727.00
2025/06/30,21.02,21.47,20.75,21.35,1074618,22732092.00
2025/07/01,21.35,22.27,21.16,21.88,1501129,32726502.00
2025/07/02,21.90,22.34,21.47,21.53,1418580,30985504.00
2025/07/03,21.64,21.64,20.88,21.30,1343219,28469166.00
2025/07/04,21.48,21.48,20.78,20.97,784622,16481891.00
2025/07/07,21.07,21.28,20.67,20.95,797642,16715123.00
2025/07/08,20.96,21.07,20.81,21.00,740597,15511844.00
2025/07/09,21.10,21.10,20.68,21.00,945682,19721388.00
2025/07/10,20.90,21.15,20.61,21.00,688282,14350198.00
2025/07/11,20.99,21.10,20.74,20.86,629756,13175834.00
2025/07/14,20.78,21.06,20.61,21.02,732975,15330568.00
2025/07/15,20.95,21.13,20.39,20.62,954450,19746268.00
2025/07/16,20.63,21.25,20.63,21.03,991085,20775852.00
2025/07/17,21.14,21.21,20.90,21.19,727338,15344536.00
2025/07/18,21.19,21.48,21.02,21.48,619602,13180265.00
2025/07/21,21.56,23.58,21.56,22.23,1630842,36690596.00
2025/07/22,22.21,22.68,21.85,22.38,1677715,37601464.00
2025/07/23,22.58,22.58,21.88,22.16,936483,20712242.00
2025/07/24,22.23,22.37,21.92,22.23,827159,18329220.00
2025/07/25,22.30,22.44,22.10,22.34,779257,17339924.00
2025/07/28,22.40,22.80,22.30,22.71,881717,19930300.00
2025/07/29,22.94,22.95,22.45,22.70,890889,20152340.00
2025/07/30,22.81,22.86,22.26,22.65,621658,14054898.00
2025/07/31,22.65,22.93,22.09,22.13,929620,20778702.00
2025/08/01,22.26,23.40,22.18,23.32,1227622,27930434.00
2025/08/04,23.14,23.32,22.73,23.19,1533689,35267744.00
2025/08/05,23.19,24.13,23.19,23.42,1584228,37418788.00
2025/08/06,23.51,23.71,23.18,23.60,1155197,27065744.00
2025/08/07,23.50,23.98,23.37,23.62,1342428,31787288.00
2025/08/08,23.62,24.10,23.34,23.82,1018483,24147868.00
2025/08/11,24.01,24.84,23.89,24.74,1897271,46398800.00
2025/08/12,24.74,24.85,24.04,24.15,1501403,36433148.00
2025/08/13,24.26,24.77,23.47,23.64,2097028,49974320.00
2025/08/14,24.15,24.15,22.73,22.74,1825137,42184192.00
2025/08/15,22.83,23.64,22.71,23.27,2031944,47069816.00
2025/08/18,23.29,23.59,23.10,23.30,1409740,32899396.00
2025/08/19,23.39,23.98,23.18,23.79,1192649,28145926.00
2025/08/20,24.00,24.00,23.30,23.60,978217,22959836.00
2025/08/21,23.68,24.08,23.50,23.56,1537705,36606888.00
2025/08/22,23.65,23.94,23.38,23.55,849514,20029400.00
2025/08/25,23.80,23.87,23.25,23.30,1106601,26063808.00
2025/08/26,23.28,24.33,23.07,23.87,1450461,34609696.00
2025/08/27,24.11,24.38,22.07,22.51,3353374,77187992.00
2025/08/28,22.31,22.89,21.31,22.31,2531200,55873440.00
2025/08/29,22.36,22.36,21.66,21.74,1323807,28900698.00
2025/09/01,21.90,22.32,21.74,21.99,1070846,23604300.00
2025/09/02,22.08,22.08,21.00,21.53,1490617,31933832.00
2025/09/03,21.74,21.74,20.90,21.15,885983,18932524.00
2025/09/04,21.15,21.69,20.93,21.06,1361396,29109112.00
2025/09/05,21.28,21.80,21.07,21.79,917233,19748412.00
2025/09/08,22.26,22.69,21.79,22.64,1155579,25751784.00
2025/09/09,22.75,22.75,21.76,22.21,977716,21829020.00
2025/09/10,22.16,22.55,22.05,22.19,456481,10164209.00
2025/09/11,22.27,22.65,21.88,22.49,748843,16685715.00
2025/09/12,22.60,22.66,21.91,22.04,808090,17904306.00
2025/09/15,21.94,22.15,21.60,21.61,934671,20336100.00
2025/09/16,21.70,22.26,21.59,22.20,893424,19640018.00
2025/09/17,22.20,22.40,21.92,22.07,689544,15301821.00
2025/09/18,22.04,22.19,21.27,21.56,1038751,22645644.00
2025/09/19,21.58,21.70,21.09,21.16,749944,15984830.00
2025/09/22,21.26,21.60,20.86,21.32,644158,13693684.00
2025/09/23,21.01,21.39,20.15,20.90,1027259,21225132.00
2025/09/24,20.90,21.77,20.51,21.73,992827,21169788.00
2025/09/25,21.78,22.16,21.21,21.23,903454,19650672.00
2025/09/26,21.25,21.50,20.90,21.05,817073,17321252.00
2025/09/29,21.15,21.98,20.80,21.94,1080792,23253200.00
2025/09/30,22.01,22.01,21.50,21.70,1065398,23101616.00
2025/10/09,21.81,22.60,21.52,21.55,1289499,28390782.00
2025/10/10,21.65,21.86,21.21,21.77,1185229,25558890.00
2025/10/13,21.06,22.16,20.30,22.03,1323836,28485404.00
2025/10/14,22.14,22.39,21.53,21.65,1052438,23102794.00
2025/10/15,21.67,22.30,21.35,21.90,1000542,21955444.00
2025/10/16,22.00,22.04,21.51,21.74,605364,13228270.00
2025/10/17,21.86,21.87,21.31,21.56,803395,17340278.00
2025/10/20,21.84,22.10,21.72,22.04,772668,16951418.00
2025/10/21,22.15,22.49,21.90,22.49,744498,16569385.00
2025/10/22,22.57,22.61,22.08,22.28,582856,13015423.00
2025/10/23,22.39,22.39,21.95,22.31,816626,18112528.00
2025/10/24,22.69,22.70,22.15,22.40,1093493,24481168.00
2025/10/27,22.44,22.85,22.30,22.79,1071467,24251196.00
2025/10/28,22.77,23.14,22.67,22.91,787747,18085322.00
2025/10/29,23.01,23.15,22.62,22.83,925738,21224000.00
2025/10/30,22.80,23.09,22.40,22.42,891426,20244918.00
2025/10/31,22.34,23.00,22.34,22.81,911895,20800646.00
2025/11/03,22.80,23.00,22.44,22.96,890400,20313048.00
2025/11/04,22.96,23.04,22.58,22.96,867405,19845358.00
2025/11/05,22.66,23.09,22.61,22.91,842591,19339488.00
2025/11/06,22.98,23.06,22.47,22.83,541124,12372290.00
2025/11/07,23.00,23.49,22.69,23.40,1184372,27340076.00
2025/11/10,23.40,24.70,23.18,23.84,1697794,40670584.00
2025/11/11,23.83,23.88,23.40,23.54,1122333,26519820.00
2025/11/12,23.56,23.95,23.38,23.76,1063701,25185380.00
2025/11/13,23.76,23.86,23.35,23.58,915046,21571704.00
2025/11/14,23.60,24.30,23.12,24.15,1325310,31836864.00
2025/11/17,24.54,25.28,23.81,24.97,1667221,40928464.00
2025/11/18,24.97,24.99,24.18,24.29,1346011,33005976.00
2025/11/19,24.29,24.50,23.18,23.24,864295,20388196.00
2025/11/20,23.35,23.54,22.54,22.62,1030749,23515252.00
2025/11/21,22.69,22.93,20.92,21.08,1897008,40939484.00
2025/11/24,21.24,21.82,20.98,21.40,1237872,26375044.00
2025/11/25,21.55,22.65,21.55,22.13,1175680,26107016.00
2025/11/26,22.21,22.86,21.82,21.98,1344183,29976656.00
2025/11/27,21.90,23.06,21.85,22.29,1584488,35442228.00
2025/11/28,22.31,22.98,22.04,22.98,822052,18490834.00
2025/12/01,22.98,23.47,22.64,23.13,1268496,29378572.00
2025/12/02,23.35,25.89,22.61,25.21,2786247,67505592.00
2025/12/03,25.18,29.50,24.80,25.80,7579056,204186192.00
2025/12/04,25.52,29.00,24.60,27.66,6926023,185935264.00
2025/12/05,26.97,28.80,26.22,27.08,4493046,122453416.00
2025/12/08,27.11,28.40,26.54,27.86,3596100,98634648.00
2025/12/09,27.86,28.66,27.22,28.35,3166384,88343328.00
2025/12/10,28.40,30.96,28.11,29.50,4308584,127715976.00
2025/12/11,28.67,29.18,27.10,27.40,4024738,112160528.00
2025/12/12,27.40,28.59,26.30,27.80,3135158,85901184.00
2025/12/15,28.11,28.51,27.20,27.20,1590256,43952352.00
2025/12/16,27.17,27.38,25.46,25.54,2152122,55908740.00
2025/12/17,25.54,26.04,24.66,25.28,2082988,52240268.00
2025/12/18,25.40,26.28,25.26,25.58,1951127,50146632.00
2025/12/19,25.75,25.94,25.02,25.33,1575342,39922824.00
2025/12/22,25.60,25.75,25.03,25.08,1832388,46350308.00
2025/12/23,25.68,25.72,24.46,24.94,1603924,39900868.00
2025/12/24,25.00,25.22,24.21,25.01,1755011,43776244.00
2025/12/25,25.01,25.30,24.61,24.74,1430882,35653696.00
2025/12/26,24.79,24.98,23.68,23.72,2784240,67411864.00
2025/12/29,23.81,24.22,23.61,23.78,1832364,43776800.00
2025/12/30,23.83,24.15,23.40,23.53,1254021,29749292.00
2025/12/31,23.69,25.15,22.94,24.77,3005573,72817568.00
2026/01/05,24.60,24.83,23.97,24.06,2276693,55214768.00
2026/01/06,24.06,24.33,23.18,23.40,2352525,55477704.00
2026/01/07,23.45,23.69,23.20,23.38,1569255,36780128.00
2026/01/08,23.43,25.45,23.30,25.22,3215997,79331312.00
2026/01/09,25.55,25.55,24.42,24.75,2023781,50377992.00
2026/01/12,24.70,26.00,24.70,25.55,2445595,62111272.00
2026/01/13,25.60,25.65,24.70,24.97,2346357,58724832.00
2026/01/14,25.09,26.68,25.04,25.53,2939063,76128720.00
2026/01/15,25.46,25.83,24.97,25.42,1496642,37843296.00
2026/01/16,25.60,26.42,25.12,25.95,1929690,49714952.00
2026/01/19,25.67,26.11,25.10,25.66,1627755,41579132.00
2026/01/20,25.67,26.24,24.91,25.28,1534021,39096940.00
2026/01/21,24.69,25.80,24.69,25.78,1474938,37405328.00
2026/01/22,25.79,26.15,25.40,25.75,818366,21068972.00
2026/01/23,25.69,25.94,25.37,25.90,1128323,28931752.00
2026/01/26,25.87,26.06,24.68,24.98,1572555,39411920.00
2026/01/27,24.55,25.08,23.80,24.91,1240151,30385436.00
2026/01/28,24.67,25.14,24.12,24.29,1063930,26093200.00
2026/01/29,24.13,24.58,23.46,23.60,2045065,49095560.00
2026/01/30,23.59,24.10,23.26,23.88,1272496,30168206.00
2026/02/02,23.90,24.56,23.81,23.89,1143075,27634782.00
2026/02/03,24.09,24.87,24.08,24.75,907528,22279412.00
2026/02/04,24.77,25.10,24.40,24.62,940236,23201504.00
2026/02/05,25.02,25.02,24.23,24.40,1123348,27568220.00
2026/02/06,24.27,25.24,24.13,24.67,1233943,30569156.00
2026/02/09,24.85,25.28,24.68,24.81,1246269,31098016.00
2026/02/10,24.80,25.25,24.77,24.88,1117684,27972948.00
2026/02/11,24.86,25.24,24.70,25.02,829304,20741748.00
2026/02/12,24.50,25.04,24.12,24.73,981057,24349392.00
2026/02/13,24.73,25.25,24.53,24.62,861024,21381812.00
2026/02/24,25.25,25.30,24.47,25.01,964459,24178374.00
2026/02/25,25.23,25.88,24.91,24.97,843090,21222200.00
2026/02/26,24.97,25.46,24.56,24.85,840431,20818492.00
2026/02/27,24.84,24.85,24.45,24.68,1173568,28845802.00
2026/03/02,24.08,24.70,23.22,23.22,1937053,45855992.00
2026/03/03,23.15,23.54,22.45,22.62,1559700,35978996.00
2026/03/04,22.39,22.75,21.80,22.09,1453112,32139056.00
2026/03/05,22.43,22.90,22.32,22.45,1128316,25462442.00
2026/03/06,22.04,23.49,22.04,23.37,1075262,24785572.00
2026/03/09,22.96,23.10,22.36,22.76,1280977,29116300.00
2026/03/10,22.76,23.87,22.76,23.85,1311071,30920074.00
2026/03/11,23.89,24.05,23.57,23.66,957412,22775558.00
2026/03/12,23.50,24.12,23.30,23.53,976766,23098162.00
2026/03/13,23.06,24.15,23.06,23.42,761375,18046328.00
2026/03/16,23.40,23.76,23.10,23.58,914469,21432408.00
2026/03/17,23.69,23.69,22.99,22.99,1138261,26529810.00
2026/03/18,22.91,23.72,22.86,23.57,871003,20316020.00
2026/03/19,23.28,23.70,23.04,23.10,953000,22261548.00
2026/03/20,23.24,23.47,21.72,21.80,2003286,44762904.00
2026/03/23,21.40,21.90,20.22,20.40,1742063,36415792.00
2026/03/24,21.00,21.50,20.50,21.50,1510508,31819598.00
2026/03/25,22.05,22.23,21.67,21.75,1290442,28340410.00
2026/03/26,21.80,21.97,21.01,21.37,1091474,23336738.00
2026/03/27,21.32,21.76,21.05,21.65,1177412,25260504.00
2026/03/30,21.40,21.91,21.07,21.90,1205713,26023264.00
2026/03/31,21.90,22.33,21.30,21.41,1012729,22119416.00
2026/04/01,21.90,22.18,21.56,21.99,852223,18629136.00
2026/04/02,21.76,22.06,21.05,21.38,1015497,21799148.00
2026/04/03,21.51,21.53,20.55,20.61,1142333,23750476.00
2026/04/07,20.43,21.42,20.41,21.28,977677,20525622.00
2026/04/08,21.88,22.17,21.29,21.95,1325313,29115352.00
2026/04/09,21.40,21.96,21.28,21.28,978631,21147068.00
2026/04/10,21.50,21.87,21.35,21.45,963932,20806700.00
2026/04/13,21.14,21.52,21.10,21.44,945320,20147006.00
2026/04/14,21.57,21.70,21.00,21.06,1127055,23933566.00
2026/04/15,21.16,21.47,21.00,21.03,755252,16010790.00
2026/04/16,21.04,21.85,20.78,21.70,1225366,26309584.00
2026/04/17,21.70,21.83,21.40,21.48,967523,20868528.00
2026/04/20,21.48,21.85,21.21,21.62,878372,18948184.00
2026/04/21,21.52,22.51,21.52,21.74,1258050,27437404.00
2026/04/22,21.68,21.72,21.27,21.45,978005,21010156.00
2026/04/23,21.58,21.58,21.11,21.23,1064934,22637452.00
2026/04/24,21.23,21.69,20.92,21.55,810227,17270684.00
2026/04/27,21.56,22.48,21.44,22.45,1869627,41230200.00
2026/04/28,22.41,22.58,22.11,22.24,1122099,25055008.00
2026/04/29,22.86,23.26,21.89,23.10,1490620,34201728.00
2026/04/30,22.86,24.00,22.86,23.70,1631755,38468000.00
2026/05/06,24.00,24.45,23.70,24.04,1907911,46209192.00
2026/05/07,24.04,24.95,24.04,24.73,1448440,35636348.00
2026/05/08,24.72,25.28,24.40,25.20,1187625,29631500.00
2026/05/11,25.26,25.97,25.00,25.80,1568825,40061764.00
2026/05/12,26.00,26.19,25.05,25.16,2210599,56210592.00
2026/05/13,25.15,27.14,24.99,26.07,2579028,67125264.00
2026/05/14,26.08,26.83,25.85,26.08,1858607,48851912.00
2026/05/15,26.73,26.74,25.60,26.08,1790101,46805280.00
2026/05/18,26.00,26.65,25.50,26.41,1585596,41706376.00
2026/05/19,26.45,29.37,26.00,26.54,1741131,46150468.00
2026/05/20,26.84,27.15,25.91,26.49,1342080,35808480.00
2026/05/21,26.50,26.89,25.13,25.15,1726108,44896528.00
2026/05/22,25.40,26.34,25.18,26.22,1482973,38342256.00
2026/05/25,26.21,29.27,26.21,28.53,4558657,128440064.00
2026/05/26,28.35,29.19,27.08,27.28,3708663,103478656.00
2026/05/27,27.28,27.28,25.54,25.78,2710261,70752552.00
2026/05/28,26.00,27.08,24.92,26.80,3285587,85021304.00
2026/05/29,26.70,28.11,25.83,25.88,3850886,104548800.00
2026/06/01,25.98,26.69,25.20,25.98,2621844,68191920.00
2026/06/02,25.77,26.88,25.01,25.98,2500548,64078124.00
2026/06/03,25.82,27.06,25.82,26.81,3339557,88754504.00
2026/06/04,26.66,26.78,24.89,25.23,2793994,70734696.00
2026/06/05,24.46,26.21,23.96,25.65,2939870,74199904.00
2026/06/08,24.90,25.65,23.66,24.28,2242194,55244724.00
2026/06/09,24.48,24.90,23.97,24.45,1627398,39680432.00
2026/06/10,24.17,24.38,22.88,24.02,1879738,44325432.00
2026/06/11,23.76,24.11,23.06,23.45,1161986,27284906.00
2026/06/12,23.74,24.10,22.71,23.02,1680682,39026860.00
2026/06/15,22.69,24.15,22.20,22.96,1816109,42200472.00
2026/06/16,22.82,25.38,22.37,24.30,2686120,64165048.00
2026/06/17,24.50,26.48,24.01,25.65,3840075,96918648.00
2026/06/18,25.59,30.78,25.18,30.78,5812185,169880832.00
2026/06/22,30.58,30.58,26.15,26.79,10333054,282938368.00
2026/06/23,26.25,30.25,25.88,29.08,7650292,213950848.00
2026/06/24,26.76,31.74,26.76,31.11,7547782,226577856.00
2026/06/25,31.51,33.93,29.92,33.30,6675889,213305184.00
2026/06/26,33.00,35.77,32.46,33.66,5178073,176431056.00
2026/06/29,33.66,35.22,32.60,33.69,4269963,143310032.00
2026/06/30,33.02,36.88,33.00,35.57,4349665,153295904.00
2026/07/01,35.13,36.30,35.10,35.55,2839442,101072000.00
2026/07/02,35.01,36.50,34.04,34.37,3152378,110941088.00
2026/07/03,34.36,34.66,31.68,32.56,4210183,137854816.00
2026/07/06,33.42,33.46,28.32,28.87,4015551,119901496.00
2026/07/07,28.29,29.47,28.08,28.18,3038923,87079200.00
2026/07/08,28.01,28.29,26.39,26.89,2305383,62639424.00
2026/07/09,26.05,27.94,25.84,27.62,2414712,64620504.00
2026/07/10,27.32,28.02,26.37,26.52,2240885,60728740.00
2026/07/13,26.88,26.88,24.32,24.48,2396090,60651840.00
2026/07/14,24.64,24.90,23.23,23.85,3047592,72664504.00
2026/07/15,23.75,24.18,22.80,23.19,2229575,52348136.00
2026/07/16,22.77,23.48,22.01,22.01,2033708,46155016.00
2026/07/17,21.94,22.85,20.32,20.44,3412627,72846216.00
2026/07/20,20.85,21.30,18.08,18.51,3674263,72022048.00
2026/07/21,18.50,19.67,16.66,19.58,3078381,56155124.00
2026/07/22,19.58,19.72,18.43,18.70,2289006,43654972.00
2026/07/23,18.96,19.10,18.24,19.05,1642763,30860212.00
2026/07/24,18.68,19.29,18.58,18.91,1560200,29482950.00
2026/07/27,18.85,20.50,18.81,20.27,1871423,37004400.00
2026/07/28,20.10,21.26,20.04,20.30,2052014,42499832.00
2026/07/29,20.09,20.74,19.74,20.46,1787998,36074248.00
2026/07/30,20.32,20.93,19.80,19.81,1599377,32664736.00
2026/07/31,19.75,21.13,19.75,20.81,1519357,31577232.00
2026/08/03,20.85,21.88,20.60,21.66,1866700,40010340.00
2026/08/04,21.66,23.66,21.56,23.50,2041204,46933544.00
2026/08/05,23.50,23.98,22.90,23.71,2179331,50894552.00
2026/08/06,23.64,23.95,23.06,23.60,1622515,38235360.00
2026/08/07,23.60,24.00,23.01,23.99,1377882,32535748.00
2026/08/10,24.09,24.22,23.40,24.03,1329915,31608520.00
2026/08/11,24.06,24.47,23.62,24.10,1305325,31443892.00
2026/08/12,24.06,24.79,24.02,24.37,1022825,24991244.00
2026/08/13,24.58,25.50,24.18,24.18,1769273,44154612.00
2026/08/14,24.42,24.62,23.86,24.39,1336981,32367060.00
2026/08/17,24.44,25.00,24.00,24.96,1042284,25675680.00
2026/08/18,24.96,25.13,24.10,24.62,1214130,29867968.00
2026/08/19,24.72,24.89,23.56,23.60,1164751,28073204.00
2026/08/20,23.65,24.68,23.65,24.43,961912,23372288.00
2026/08/21,24.27,24.87,23.69,24.62,936517,22781658.00
2026/08/24,24.62,24.84,23.69,23.92,923799,22282744.00
2026/08/25,24.05,25.20,23.62,24.85,1021997,24921334.00
2026/08/26,24.95,24.95,23.99,24.43,1043520,25516698.00
2026/08/27,24.43,25.18,24.15,24.88,832495,20656220.00
2026/08/28,24.88,25.56,24.50,24.77,775934,19426852.00
2026/08/31,24.77,25.50,24.57,25.30,1678344,42395908.00
2026/09/01,25.30,25.50,24.73,25.22,1033895,26003380.00
2026/09/02,25.37,25.37,24.66,25.03,999761,24966824.00
2026/09/03,25.19,25.60,24.69,25.16,1147130,28782214.00
2026/09/04,25.16,25.54,24.12,24.53,1243843,30939544.00
2026/09/07,24.48,24.99,24.05,24.77,1085973,26843828.00
2026/09/08,24.77,25.00,24.39,24.90,834067,20657324.00
2026/09/09,24.99,25.17,24.65,24.65,715790,17800998.00
2026/09/10,24.65,24.66,23.61,24.00,895970,21609532.00
2026/09/11,23.77,23.98,22.34,23.41,1262808,29153878.00
2026/09/14,23.41,24.25,22.90,23.90,1247878,29688588.00
#数据来源:通达信
