688289 圣湘生物 日线 前复权
      日期	    开盘	    最高	    最低	    收盘	    成交量	    成交额
2021/08/02,57.92,60.15,56.16,56.57,1981780,179316144.00
2021/08/03,56.88,59.42,55.22,58.80,2228164,203156928.00
2021/08/04,59.74,59.74,57.30,58.11,1270297,115762112.00
2021/08/05,58.49,59.23,55.89,56.21,1150371,103135248.00
2021/08/06,55.89,56.48,53.95,54.43,894071,77276480.00
2021/08/09,54.47,56.28,54.44,55.47,530971,46526576.00
2021/08/10,55.49,55.49,53.97,54.31,686525,58914508.00
2021/08/11,54.75,55.22,53.15,53.39,578640,48941520.00
2021/08/12,54.31,54.31,52.13,52.34,668975,55783728.00
2021/08/13,52.80,52.84,51.30,51.42,559797,45858104.00
2021/08/16,51.77,52.31,50.65,51.50,427993,34909472.00
2021/08/17,51.50,51.50,50.11,50.17,718554,57403756.00
2021/08/18,49.82,50.74,49.70,50.50,313751,24985596.00
2021/08/19,50.53,53.31,50.53,52.29,841032,69740264.00
2021/08/20,51.91,51.92,50.63,51.76,458904,37221920.00
2021/08/23,51.76,51.76,49.93,50.83,576058,46094044.00
2021/08/24,50.84,51.14,49.92,50.15,560300,44588872.00
2021/08/25,49.77,51.52,49.77,51.23,592415,47834576.00
2021/08/26,51.78,51.98,49.53,49.59,669017,53124720.00
2021/08/27,49.90,49.93,47.31,47.42,1081710,82496104.00
2021/08/30,47.40,47.40,44.00,44.50,1895125,135822768.00
2021/08/31,44.42,44.74,42.85,43.53,1438467,100232544.00
2021/09/01,43.65,44.27,42.58,43.48,1101772,76609032.00
2021/09/02,43.22,43.30,41.81,42.65,1351167,91824792.00
2021/09/03,43.32,43.32,42.29,42.63,1185827,81457904.00
2021/09/06,42.36,43.03,41.96,42.84,907919,62166432.00
2021/09/07,42.84,42.84,41.97,42.16,1404979,95135864.00
2021/09/08,42.16,42.17,41.63,41.63,1232464,82889856.00
2021/09/09,41.59,41.59,40.56,40.65,1420377,93571632.00
2021/09/10,40.42,40.81,40.35,40.62,1707092,111633824.00
2021/09/13,39.98,39.98,37.57,37.62,3505143,218290864.00
2021/09/14,37.11,37.65,36.30,36.70,2298259,137730000.00
2021/09/15,36.63,36.63,35.57,35.80,1708685,99754520.00
2021/09/16,36.49,36.77,35.60,35.61,2031419,118892352.00
2021/09/17,35.62,35.96,34.82,35.41,1661748,95838736.00
2021/09/22,35.33,35.72,34.95,35.02,1164296,66834348.00
2021/09/23,35.13,35.36,34.97,35.15,1294918,74230936.00
2021/09/24,35.32,35.32,34.95,34.99,1060738,60737912.00
2021/09/27,35.03,35.22,34.67,34.67,1075740,61257576.00
2021/09/28,34.86,34.86,34.02,34.11,1098533,61650112.00
2021/09/29,34.00,34.13,33.47,33.51,1139691,62825884.00
2021/09/30,33.57,34.71,33.57,34.12,1305632,73087720.00
2021/10/08,33.99,34.16,33.36,33.49,1401619,77461512.00
2021/10/11,33.53,35.05,33.53,34.55,1802379,101563976.00
2021/10/12,34.84,35.01,33.78,34.20,1148554,64506044.00
2021/10/13,34.19,35.17,34.19,34.61,1268774,71987760.00
2021/10/14,34.62,34.62,34.06,34.20,676616,37866888.00
2021/10/15,34.34,34.34,33.78,33.83,726433,40291436.00
2021/10/18,33.74,34.00,32.92,32.97,803440,43589072.00
2021/10/19,33.09,34.34,32.92,33.84,1311785,72288928.00
2021/10/20,33.74,33.86,33.16,33.22,676424,36933220.00
2021/10/21,33.30,34.11,33.05,33.72,1235698,67868456.00
2021/10/22,34.57,35.57,34.40,34.40,2108008,120105728.00
2021/10/25,34.40,34.74,33.72,34.55,1009834,56457680.00
2021/10/26,34.54,35.59,34.28,35.11,1804794,103515280.00
2021/10/27,35.55,35.96,33.13,33.20,2095428,117761328.00
2021/10/28,33.20,33.88,32.92,32.92,1161658,63238088.00
2021/10/29,33.15,33.15,31.45,32.55,1498028,79537648.00
2021/11/01,32.84,33.38,32.05,33.17,1497318,80915984.00
2021/11/02,33.24,33.73,32.79,33.26,2033528,110816920.00
2021/11/03,33.73,35.62,33.32,35.59,4538797,259928272.00
2021/11/04,35.01,35.48,34.27,35.07,2219617,126346968.00
2021/11/05,34.86,35.99,34.86,35.19,2017358,116266120.00
2021/11/08,34.37,34.37,32.12,32.95,2862685,154938400.00
2021/11/09,32.90,33.26,32.79,33.08,957427,51823040.00
2021/11/10,32.85,33.44,32.38,33.01,1432925,77422320.00
2021/11/11,32.86,34.27,32.86,33.50,1643952,90230680.00
2021/11/12,33.46,33.67,33.20,33.56,1073214,58800280.00
2021/11/15,33.61,35.82,33.57,35.05,3138839,179759136.00
2021/11/16,34.86,35.45,34.41,34.47,1910908,108302448.00
2021/11/17,34.47,34.56,34.03,34.44,1261557,70594144.00
2021/11/18,34.44,34.61,33.38,33.38,1761763,97568496.00
2021/11/19,33.39,34.05,33.39,33.76,1038229,57378048.00
2021/11/22,34.12,34.26,33.59,33.89,956502,53019496.00
2021/11/23,34.06,34.90,33.74,34.64,2270531,127769536.00
2021/11/24,34.67,34.93,34.22,34.74,1900683,107578232.00
2021/11/25,34.64,35.80,34.63,35.25,4999350,288325568.00
2021/11/26,35.49,36.01,34.35,34.40,4212529,240008640.00
2021/11/29,35.86,36.90,34.61,34.94,11193541,649106368.00
2021/11/30,34.67,35.28,34.03,35.13,5777706,325799040.00
2021/12/01,35.08,35.08,34.12,34.24,3491236,195658720.00
2021/12/02,34.39,34.57,33.66,33.86,2680474,149569088.00
2021/12/03,34.12,34.30,33.89,33.95,1928581,105899856.00
2021/12/06,33.70,34.09,32.84,33.26,3022926,162816656.00
2021/12/07,33.22,33.48,32.81,32.89,1974912,105274072.00
2021/12/08,32.93,33.59,32.70,33.36,2323552,124977248.00
2021/12/09,33.36,34.20,33.19,34.17,4092280,224132944.00
2021/12/10,34.03,35.81,33.99,35.05,8078853,455718944.00
2021/12/13,35.38,35.80,34.96,35.51,4732263,269259040.00
2021/12/14,35.40,38.56,35.33,37.51,10523740,629331520.00
2021/12/15,37.48,37.51,35.92,35.97,5253470,307806976.00
2021/12/16,35.86,36.67,35.32,36.39,4701461,272127360.00
2021/12/17,36.48,36.94,35.86,36.40,3162855,184646432.00
2021/12/20,36.80,37.99,36.39,36.49,6214602,371314272.00
2021/12/21,36.53,36.99,35.45,35.76,4074868,234994016.00
2021/12/22,35.85,36.05,35.38,35.74,2297432,131750152.00
2021/12/23,36.26,36.93,35.23,35.37,3009907,173151536.00
2021/12/24,35.43,36.40,35.05,35.53,2640648,151628736.00
2021/12/27,35.59,36.78,35.54,35.99,3913502,227403488.00
2021/12/28,36.03,36.60,35.61,36.28,2750016,159701760.00
2021/12/29,36.57,36.74,36.00,36.28,2777212,162260080.00
2021/12/30,36.13,37.14,36.13,36.61,3311459,195272448.00
2021/12/31,36.38,37.19,36.05,36.80,4057047,238342800.00
2022/01/04,37.12,37.31,36.29,36.32,3834954,225864608.00
2022/01/05,37.31,38.47,36.64,37.65,8048689,484671936.00
2022/01/06,37.53,37.53,36.40,37.12,4415311,260920400.00
2022/01/07,38.52,40.52,37.82,38.88,11171464,702198272.00
2022/01/10,40.35,41.72,38.88,39.09,13918547,889890880.00
2022/01/11,39.09,43.07,38.55,41.60,16263251,1059051008.00
2022/01/12,41.20,45.32,40.05,43.99,16745705,1131650432.00
2022/01/13,44.01,46.18,41.79,42.88,13658781,951422400.00
2022/01/14,42.21,49.97,42.21,47.67,18205696,1321075968.00
2022/01/17,47.51,47.55,44.03,44.61,14708075,1056351936.00
2022/01/18,43.56,43.56,38.56,38.72,14234971,907148800.00
2022/01/19,38.22,39.77,37.60,38.83,7355426,452711680.00
2022/01/20,38.85,39.62,36.92,36.99,6990852,427631392.00
2022/01/21,36.40,36.40,34.32,34.37,8155851,458521568.00
2022/01/24,34.44,34.97,34.03,34.49,3529499,196266032.00
2022/01/25,34.54,34.60,32.28,32.28,4719102,252819360.00
2022/01/26,32.34,33.05,32.28,32.73,2679153,141737440.00
2022/01/27,32.88,33.49,32.30,32.30,3136191,166451056.00
2022/01/28,33.07,33.07,31.65,32.30,2620287,137304720.00
2022/02/07,32.28,32.70,30.34,30.68,4231005,213367984.00
2022/02/08,30.67,31.74,30.11,31.61,3649100,184982560.00
2022/02/09,31.33,32.40,31.16,32.13,2680029,138722304.00
2022/02/10,32.01,32.48,31.41,31.50,2284540,117908408.00
2022/02/11,30.94,31.63,29.76,29.77,4254119,210252704.00
2022/02/14,29.56,30.31,29.42,29.94,1905193,92911784.00
2022/02/15,30.01,30.25,29.45,29.92,2073119,101152264.00
2022/02/16,30.01,31.30,29.86,30.78,3334160,166126640.00
2022/02/17,30.59,30.78,30.18,30.20,2347280,116061144.00
2022/02/18,30.09,31.15,30.06,30.73,2770275,138365792.00
2022/02/21,30.82,31.60,30.80,31.39,2571525,130408144.00
2022/02/22,31.11,31.11,30.30,30.58,2395669,119358416.00
2022/02/23,30.47,31.26,30.47,30.92,2098806,105673984.00
2022/02/24,30.97,31.28,29.24,29.69,4289983,211151056.00
2022/02/25,30.13,31.20,29.97,30.43,4346964,216635424.00
2022/02/28,30.80,31.13,30.05,30.71,4455800,222364448.00
2022/03/01,30.47,30.79,29.78,30.01,3369346,165394272.00
2022/03/02,29.71,30.34,29.29,29.84,3597608,174319504.00
2022/03/03,29.75,30.03,29.17,29.32,3987830,192246816.00
2022/03/04,29.30,29.84,29.03,29.31,3815688,183700032.00
2022/03/07,29.49,29.49,28.28,28.30,3409519,160253696.00
2022/03/08,28.43,28.43,26.30,26.42,4421383,197625024.00
2022/03/09,26.57,26.99,24.88,25.92,3625050,155845776.00
2022/03/10,26.60,28.05,26.28,27.47,4539387,203520704.00
2022/03/11,27.53,30.28,27.28,29.71,11580773,546954688.00
2022/03/14,32.21,32.21,29.65,29.74,11148308,557658368.00
2022/03/15,28.66,29.57,27.70,27.76,6299619,296122144.00
2022/03/16,28.56,28.66,25.66,26.88,5987008,262865024.00
2022/03/17,26.94,28.33,26.74,27.31,5504023,250068704.00
2022/03/18,28.02,28.55,27.48,28.40,4802698,221902960.00
2022/03/21,28.63,29.00,27.95,28.52,5380837,251011328.00
2022/03/22,28.08,28.22,27.04,27.19,4795145,216035328.00
2022/03/23,27.51,28.01,27.20,27.53,3322079,150851792.00
2022/03/24,27.53,27.68,26.86,27.20,3572100,160445184.00
2022/03/25,27.20,27.20,26.12,26.20,3653370,160912816.00
2022/03/28,26.26,26.71,26.07,26.24,2834087,123173520.00
2022/03/29,26.48,28.34,26.48,27.32,5708728,257843744.00
2022/03/30,27.34,27.59,26.68,27.47,3702348,166045632.00
2022/03/31,27.55,28.22,27.07,27.13,3659089,166437632.00
2022/04/01,27.26,27.26,26.59,26.86,2383666,105783600.00
2022/04/06,27.64,28.26,27.34,27.70,4162120,190456384.00
2022/04/07,27.68,27.68,26.77,26.92,2495141,111497632.00
2022/04/08,26.85,27.00,25.46,25.76,4106436,175936656.00
2022/04/11,25.86,25.99,24.86,25.05,2889169,121182992.00
2022/04/12,25.36,25.84,24.64,25.74,2749025,115293544.00
2022/04/13,25.58,25.79,24.97,25.21,1746769,73317344.00
2022/04/14,25.88,27.66,25.54,27.09,6004914,265110336.00
2022/04/15,27.06,27.40,26.00,26.11,3547410,155887904.00
2022/04/18,25.86,27.34,25.38,27.27,3141459,137762752.00
2022/04/19,26.37,26.52,25.70,25.86,3943729,169609744.00
2022/04/20,25.62,26.26,25.40,25.47,2678421,114475536.00
2022/04/21,25.45,26.45,24.98,25.55,5184052,220844656.00
2022/04/22,25.50,26.23,24.67,26.15,3523432,149259584.00
2022/04/25,25.82,26.15,24.91,24.95,3779985,159245568.00
2022/04/26,25.32,25.83,24.72,25.06,2951398,124026112.00
2022/04/27,25.11,26.09,24.78,26.00,3462817,146654592.00
2022/04/28,25.77,25.98,23.06,23.30,5320680,216026688.00
2022/04/29,23.96,25.49,23.76,25.04,4012849,165306784.00
2022/05/05,25.89,27.61,25.07,26.87,5040507,221486160.00
2022/05/06,25.86,27.95,25.79,27.68,6555425,295129376.00
2022/05/09,27.35,27.85,27.30,27.45,2488379,112387256.00
2022/05/10,27.45,27.45,26.55,27.13,2911604,129019568.00
2022/05/11,27.27,27.61,26.76,26.82,3449455,155074496.00
2022/05/12,26.66,27.67,26.40,27.15,2478336,111121488.00
2022/05/13,27.63,27.82,26.90,27.31,2400397,108034616.00
2022/05/16,27.75,27.88,26.76,26.80,2459354,110438576.00
2022/05/17,26.70,26.86,25.85,26.30,1954301,84789752.00
2022/05/18,26.30,26.53,26.04,26.05,1340126,58008716.00
2022/05/19,25.65,25.82,25.15,25.76,1683827,71128376.00
2022/05/20,25.81,26.88,25.80,26.80,2922403,127418384.00
2022/05/23,32.59,32.59,29.83,31.53,15289080,775802752.00
2022/05/24,31.06,32.30,29.34,29.36,11309650,567168896.00
2022/05/25,29.37,29.80,28.36,29.13,5340071,254240784.00
2022/05/26,29.76,30.44,29.44,29.84,4937877,241120688.00
2022/05/27,30.35,30.36,28.65,29.09,4052964,194810096.00
2022/05/30,29.49,29.56,28.68,28.97,3410054,162633344.00
2022/05/31,29.19,29.70,27.95,29.61,4461401,210941280.00
2022/06/01,29.70,30.47,29.29,30.04,2923890,96342032.00
2022/06/02,30.02,30.02,28.61,29.84,5170132,165844080.00
2022/06/06,29.69,31.02,29.63,30.37,6638990,221634400.00
2022/06/07,30.08,30.50,29.44,29.72,4413563,143983440.00
2022/06/08,29.69,30.10,29.09,29.92,4438448,144293648.00
2022/06/09,29.90,30.32,28.90,28.98,4287674,138519312.00
2022/06/10,29.48,30.45,29.09,29.53,11070433,360577696.00
2022/06/13,29.09,29.09,28.00,28.58,6986249,218495520.00
2022/06/14,28.20,28.68,27.61,28.59,4455868,137637952.00
2022/06/15,28.66,29.26,28.20,28.38,5094623,160307168.00
2022/06/16,28.44,28.81,28.10,28.21,4211898,131646032.00
2022/06/17,27.95,28.40,27.29,28.21,5058134,155358368.00
2022/06/20,28.38,28.81,27.97,28.04,4708929,146459472.00
2022/06/21,28.25,28.25,27.26,27.52,3929636,119716824.00
2022/06/22,27.43,28.25,27.24,27.36,4453260,136326848.00
2022/06/23,27.44,27.84,27.14,27.75,2944665,89201480.00
2022/06/24,27.79,28.29,27.56,27.79,3493353,107325024.00
2022/06/27,27.65,28.36,27.47,27.54,3765364,115160776.00
2022/06/28,27.54,27.54,26.87,27.23,4806590,143501808.00
2022/06/29,27.09,27.47,26.81,26.82,3777167,113173736.00
2022/06/30,26.82,27.22,26.79,26.80,3313405,98745128.00
2022/07/01,26.81,27.16,26.40,26.59,3035924,89709424.00
2022/07/04,26.77,28.37,26.77,27.85,9166655,280372544.00
2022/07/05,27.84,28.01,27.18,27.42,4004177,121439736.00
2022/07/06,27.63,28.15,27.19,27.50,4226846,128795072.00
2022/07/07,27.63,27.69,26.77,26.96,3835300,114466080.00
2022/07/08,26.97,27.29,26.74,26.84,3237326,96148080.00
2022/07/11,26.91,27.25,26.49,26.56,3150955,93356200.00
2022/07/12,26.57,26.87,25.76,25.79,4198488,121092544.00
2022/07/13,25.69,25.99,25.49,25.80,1706819,48828652.00
2022/07/14,25.75,26.90,25.69,26.22,4696905,137385904.00
2022/07/15,26.20,26.47,25.52,25.52,3170848,91165064.00
2022/07/18,25.53,25.87,25.36,25.85,3965032,112925704.00
2022/07/19,25.85,26.15,25.64,25.87,2841009,81405024.00
2022/07/20,25.91,26.43,25.87,26.20,4431391,128423776.00
2022/07/21,26.22,26.35,25.91,25.93,2829715,81819520.00
2022/07/22,25.79,26.04,25.12,25.24,4277109,121029296.00
2022/07/25,26.19,26.96,26.02,26.46,8105709,237632256.00
2022/07/26,26.49,26.57,25.70,25.81,4722335,135746272.00
2022/07/27,25.73,27.63,25.64,26.80,7319890,215767392.00
2022/07/28,26.69,27.17,26.58,27.10,4978171,148219936.00
2022/07/29,27.19,27.25,26.26,26.35,4608548,135890368.00
2022/08/01,26.39,26.88,26.01,26.40,3267027,95825800.00
2022/08/02,26.19,26.19,24.39,24.76,5811311,161746640.00
2022/08/03,24.74,25.39,24.27,24.49,4632028,128156688.00
2022/08/04,24.69,24.84,24.30,24.59,2807870,76836896.00
2022/08/05,24.78,26.02,24.78,26.01,5219149,147525232.00
2022/08/08,26.52,27.10,26.09,26.34,5098179,149247344.00
2022/08/09,26.37,26.41,25.71,25.95,3269223,93854960.00
2022/08/10,25.88,26.07,25.42,25.69,2424520,69375384.00
2022/08/11,25.84,26.46,25.84,26.31,3796235,110147328.00
2022/08/12,26.21,26.66,26.21,26.64,4063435,119097880.00
2022/08/15,26.55,26.55,26.07,26.13,2567780,74518192.00
2022/08/16,26.29,26.37,25.94,25.99,2603365,75275240.00
2022/08/17,25.74,25.94,24.97,25.40,4878896,137175488.00
2022/08/18,25.57,25.57,25.02,25.25,2634666,73748584.00
2022/08/19,25.54,26.17,25.30,25.39,4117546,117390000.00
2022/08/22,25.47,25.50,24.92,25.16,3085058,86342064.00
2022/08/23,25.13,25.13,24.81,24.92,3051360,84547136.00
2022/08/24,24.99,25.12,24.46,24.48,3444820,94575384.00
2022/08/25,24.52,24.90,24.10,24.88,3579438,97875048.00
2022/08/26,25.01,25.17,24.71,24.88,2366917,65648112.00
2022/08/29,24.62,25.64,24.47,25.14,3849035,107947648.00
2022/08/30,25.19,25.54,24.62,24.93,3120998,86451856.00
2022/08/31,24.79,25.04,24.22,24.24,3663223,100249056.00
2022/09/01,24.09,25.15,24.09,24.58,4006151,110757904.00
2022/09/02,24.47,25.37,24.42,24.57,3504855,96628432.00
2022/09/05,24.51,24.94,24.19,24.30,3659862,99636856.00
2022/09/06,24.20,24.42,23.57,23.79,5255797,139776304.00
2022/09/07,23.67,23.68,23.42,23.46,4203080,110630664.00
2022/09/08,23.56,23.57,22.89,22.97,4894391,126986848.00
2022/09/09,23.23,23.57,22.82,23.57,7778572,201258304.00
2022/09/13,23.24,23.40,22.82,22.96,7230048,187002640.00
2022/09/14,22.71,22.73,22.22,22.43,5629244,142046512.00
2022/09/15,22.39,22.54,21.74,22.06,5537135,138008592.00
2022/09/16,22.15,22.15,21.31,21.33,4267965,104691440.00
2022/09/19,21.48,21.68,20.84,20.98,4258869,102216768.00
2022/09/20,20.99,21.25,20.96,21.08,3557051,84950808.00
2022/09/21,20.89,20.94,20.40,20.81,4302662,100828376.00
2022/09/22,20.65,20.98,20.59,20.65,2655478,62677320.00
2022/09/23,20.79,20.82,20.00,20.14,3686344,85502000.00
2022/09/26,19.69,20.06,19.33,19.39,4056736,91060104.00
2022/09/27,19.45,20.28,19.45,20.16,5454585,124009568.00
2022/09/28,20.22,20.54,19.74,19.78,4030912,92384272.00
2022/09/29,20.07,20.51,19.69,19.97,4834769,110983856.00
2022/09/30,19.94,20.39,19.87,19.98,3531397,80883784.00
2022/10/10,20.19,20.69,19.59,19.64,4663546,107230352.00
2022/10/11,19.69,19.94,19.22,19.83,3144052,70369504.00
2022/10/12,19.73,20.56,19.53,20.55,5246940,120090928.00
2022/10/13,20.27,21.03,20.27,20.79,4248048,100183328.00
2022/10/14,21.00,22.83,21.00,22.33,12353314,308379456.00
2022/10/17,22.35,22.81,22.13,22.50,6989504,176615168.00
2022/10/18,22.48,22.76,21.99,22.55,5623725,142368992.00
2022/10/19,22.30,22.46,21.99,22.27,4481499,112304512.00
2022/10/20,22.10,22.87,22.01,22.60,6746705,171719104.00
2022/10/21,22.69,22.81,21.88,22.50,5989224,150903504.00
2022/10/24,22.59,23.06,21.73,21.99,5035535,126672032.00
2022/10/25,21.68,22.14,21.31,21.59,4510335,110282944.00
2022/10/26,21.67,22.86,21.65,22.75,7402475,187910992.00
2022/10/27,22.75,23.06,22.39,22.89,4606185,117643000.00
2022/10/28,22.62,23.14,21.89,22.00,4901811,123987624.00
2022/10/31,22.05,22.85,21.99,22.75,4444791,112861256.00
2022/11/01,22.78,23.14,22.33,23.09,6958174,177464592.00
2022/11/02,23.05,24.16,22.85,23.74,9325705,248514368.00
2022/11/03,23.50,23.87,23.23,23.47,4457155,116827160.00
2022/11/04,23.47,24.06,23.41,23.61,6030600,159587952.00
2022/11/07,23.67,23.94,23.34,23.40,4351994,114891976.00
2022/11/08,23.39,23.53,23.03,23.38,3810395,99453600.00
2022/11/09,23.52,23.73,23.29,23.56,2971556,78340680.00
2022/11/10,23.74,24.04,23.52,23.57,5352743,142422976.00
2022/11/11,23.98,24.29,23.12,23.14,8742169,232798576.00
2022/11/14,22.94,23.71,22.61,23.47,5573482,145744512.00
2022/11/15,23.46,23.97,23.21,23.96,5481605,145181360.00
2022/11/16,23.94,24.36,23.67,23.71,4281625,114428048.00
2022/11/17,23.69,23.93,23.50,23.75,2894549,76719168.00
2022/11/18,23.68,24.39,23.61,24.10,7374976,199219744.00
2022/11/21,23.90,24.93,23.60,24.74,8571482,233812928.00
2022/11/22,24.74,24.94,23.56,23.62,6808392,183378736.00
2022/11/23,23.87,23.91,22.79,23.14,4629481,120590480.00
2022/11/24,23.26,23.54,23.14,23.42,3024228,79090376.00
2022/11/25,23.47,23.47,22.71,22.74,4130127,106173472.00
2022/11/28,22.62,23.01,21.97,22.17,5978453,150347312.00
2022/11/29,22.45,24.31,22.31,23.77,11503471,293016896.00
2022/11/30,23.65,24.03,23.27,23.37,5629959,144024624.00
2022/12/01,23.71,23.73,22.51,22.62,8029717,199110560.00
2022/12/02,22.55,23.61,22.55,23.19,6121805,153654784.00
2022/12/05,23.34,23.45,22.35,22.46,8295824,203309344.00
2022/12/06,22.43,22.49,21.87,22.05,6178132,148894016.00
2022/12/07,22.05,22.23,21.83,21.96,3777705,90525944.00
2022/12/08,21.95,22.04,21.38,21.62,5791093,136354192.00
2022/12/09,21.67,23.22,21.62,22.53,15038105,369018656.00
2022/12/12,22.89,24.43,22.89,23.48,15060961,386490720.00
2022/12/13,23.55,23.80,22.56,22.83,8071426,199765776.00
2022/12/14,22.85,22.85,22.22,22.27,5925447,144262624.00
2022/12/15,22.29,22.77,22.23,22.40,4261749,104101864.00
2022/12/16,22.26,22.50,22.14,22.39,4174700,101353840.00
2022/12/19,22.55,22.60,21.01,21.10,6511353,152496704.00
2022/12/20,21.09,21.27,20.65,20.76,3666514,83537744.00
2022/12/21,20.88,20.91,20.43,20.55,3521187,79471736.00
2022/12/22,20.62,20.80,20.13,20.24,3358163,75242488.00
2022/12/23,20.11,20.67,20.00,20.50,2821425,62982136.00
2022/12/26,20.65,20.80,20.45,20.67,2353419,53148228.00
2022/12/27,20.72,20.80,20.28,20.71,2905715,65517180.00
2022/12/28,20.71,20.72,20.25,20.27,2393920,53492128.00
2022/12/29,20.27,20.51,20.09,20.09,2898785,64315520.00
2022/12/30,20.16,20.23,19.96,20.00,2732901,60196680.00
2023/01/03,19.98,20.37,19.98,20.32,2720732,60309768.00
2023/01/04,20.30,20.45,20.10,20.32,3116501,69266296.00
2023/01/05,20.32,20.61,20.22,20.59,2849250,63951820.00
2023/01/06,20.50,20.68,20.39,20.44,2342258,52654536.00
2023/01/09,20.42,20.64,20.36,20.37,2323181,52046792.00
2023/01/10,20.38,20.41,20.21,20.33,1705268,37972744.00
2023/01/11,20.34,20.57,20.18,20.23,2269843,50753516.00
2023/01/12,20.20,20.34,20.13,20.20,1703117,37769184.00
2023/01/13,20.18,20.57,20.15,20.55,2788838,62434408.00
2023/01/16,20.55,21.05,20.55,20.86,3729457,85245752.00
2023/01/17,21.53,21.60,20.70,20.89,5746279,132537760.00
2023/01/18,20.88,21.23,20.73,20.74,4002296,91662912.00
2023/01/19,20.74,21.05,20.70,21.02,3547111,81050272.00
2023/01/20,21.05,21.34,21.03,21.18,3261779,75533184.00
2023/01/30,21.39,21.52,21.17,21.23,3552191,82651416.00
2023/01/31,21.14,21.31,20.89,20.97,2793241,64112580.00
2023/02/01,20.99,21.29,20.90,21.24,3182440,73468208.00
2023/02/02,21.31,21.60,21.20,21.56,4060662,95091056.00
2023/02/03,21.56,21.62,21.23,21.45,3245243,75797856.00
2023/02/06,21.44,21.77,21.24,21.62,3019100,71042376.00
2023/02/07,21.63,21.84,21.53,21.68,3210597,75888840.00
2023/02/08,21.68,21.88,21.59,21.65,2903344,68806064.00
2023/02/09,21.71,21.95,21.61,21.91,3602010,85410784.00
2023/02/10,21.91,22.33,21.80,22.09,4941853,118604624.00
2023/02/13,22.02,22.23,21.96,22.04,3760116,90338936.00
2023/02/14,22.06,22.15,21.68,21.84,4679967,111402672.00
2023/02/15,21.80,21.88,21.49,21.54,5151659,121357160.00
2023/02/16,21.54,21.70,20.79,21.05,6227133,144928544.00
2023/02/17,21.05,21.45,20.97,21.27,3941605,91655880.00
2023/02/20,21.26,21.39,20.83,21.30,3653268,84229312.00
2023/02/21,21.34,21.58,21.26,21.53,2763196,64697196.00
2023/02/22,21.52,21.52,21.31,21.39,2973742,69373072.00
2023/02/23,21.39,21.53,21.12,21.18,3207507,74621992.00
2023/02/24,21.20,21.53,21.17,21.25,2455805,57141988.00
2023/02/27,21.31,21.40,21.00,21.00,2218495,51221984.00
2023/02/28,21.16,21.80,21.14,21.77,5145638,120950480.00
2023/03/01,21.77,21.90,21.58,21.76,2971057,70317312.00
2023/03/02,21.65,21.76,21.50,21.56,3038412,71556840.00
2023/03/03,21.55,21.73,21.39,21.57,2953583,69366824.00
2023/03/06,21.56,21.97,21.46,21.80,4179590,99363256.00
2023/03/07,21.85,21.91,21.02,21.08,4283465,100261640.00
2023/03/08,21.10,21.43,21.10,21.36,3083131,71731136.00
2023/03/09,21.52,21.91,21.37,21.55,4535399,106931008.00
2023/03/10,21.61,21.61,21.16,21.33,3516578,81724712.00
2023/03/13,21.30,21.39,20.56,20.69,6092608,138535616.00
2023/03/14,20.77,20.86,20.20,20.25,6269857,140231408.00
2023/03/15,20.36,20.77,20.36,20.48,4572606,103049712.00
2023/03/16,20.48,20.64,20.21,20.26,3189034,71339560.00
2023/03/17,20.85,20.85,20.33,20.34,4105512,92017544.00
2023/03/20,20.38,20.43,20.00,20.07,4004550,88373720.00
2023/03/21,20.21,20.55,20.09,20.52,3122014,69693608.00
2023/03/22,20.59,20.72,20.46,20.57,2298947,51800868.00
2023/03/23,20.53,20.72,20.47,20.66,2488075,56068700.00
2023/03/24,20.65,20.97,20.63,20.75,3160906,71904160.00
2023/03/27,20.80,22.02,20.64,21.68,9462052,222018928.00
2023/03/28,21.68,22.70,21.68,22.03,11660016,282483808.00
2023/03/29,22.06,22.41,21.72,21.96,6935345,166252032.00
2023/03/30,21.97,22.05,21.58,21.74,4170318,99051632.00
2023/03/31,21.93,21.93,21.46,21.77,3893602,92159176.00
2023/04/03,21.88,21.99,21.50,21.66,5294554,125040176.00
2023/04/04,21.73,21.76,21.35,21.47,4942236,116032536.00
2023/04/06,21.52,21.84,21.43,21.80,4381348,103787696.00
2023/04/07,21.80,22.28,21.73,22.20,4948309,119134448.00
2023/04/10,22.30,22.61,22.01,22.02,5514085,133205552.00
2023/04/11,22.11,22.32,22.00,22.13,3981368,95929560.00
2023/04/12,22.21,22.29,21.82,21.93,3897203,93113776.00
2023/04/13,21.89,22.47,21.65,22.39,6174264,149272896.00
2023/04/14,22.55,22.55,22.10,22.35,4546243,110323112.00
2023/04/17,22.37,22.44,21.92,22.05,4273338,102738768.00
2023/04/18,22.13,22.30,21.86,21.90,3905926,93811720.00
2023/04/19,22.17,22.44,21.56,21.59,5925412,141122608.00
2023/04/20,21.83,21.83,21.36,21.58,4015072,94281216.00
2023/04/21,21.59,21.73,21.01,21.04,5260411,122492840.00
2023/04/24,21.04,21.40,20.68,20.80,4591200,105439880.00
2023/04/25,20.64,20.98,19.73,20.11,6657314,147058144.00
2023/04/26,18.13,18.27,16.03,17.16,20867126,393430816.00
2023/04/27,16.88,17.09,16.48,16.63,9849977,183815008.00
2023/04/28,16.60,16.86,16.52,16.78,6104161,114001904.00
2023/05/04,16.63,16.84,16.32,16.55,5817736,107586168.00
2023/05/05,16.55,16.57,16.17,16.21,4337693,79094592.00
2023/05/08,16.26,16.99,16.13,16.91,7365378,136581968.00
2023/05/09,16.89,16.89,16.37,16.40,4109259,76221912.00
2023/05/10,16.40,16.53,16.26,16.46,2745301,50392800.00
2023/05/11,16.42,16.51,16.24,16.27,3514176,64331256.00
2023/05/12,16.25,16.38,16.12,16.17,2381027,43290020.00
2023/05/15,16.10,16.38,16.10,16.33,2007190,36490944.00
2023/05/16,16.35,16.50,16.27,16.34,2166002,39616544.00
2023/05/17,16.33,16.47,16.24,16.45,1691882,30998944.00
2023/05/18,16.44,16.54,16.35,16.36,1742243,31997200.00
2023/05/19,16.41,16.58,16.26,16.48,2049161,37700600.00
2023/05/22,16.51,16.62,16.40,16.58,1679677,31044568.00
2023/05/23,16.58,16.86,16.51,16.52,3296980,61552512.00
2023/05/24,16.58,16.58,16.29,16.35,1907216,34993056.00
2023/05/25,16.35,16.40,16.07,16.33,2472250,44968872.00
2023/05/26,16.33,16.44,16.22,16.31,1664060,30420912.00
2023/05/29,16.49,16.59,16.29,16.39,2591830,46435080.00
2023/05/30,16.29,16.69,16.29,16.68,2706726,48696208.00
2023/05/31,16.67,16.97,16.61,16.61,2661512,48614388.00
2023/06/01,16.70,16.90,16.44,16.83,2416496,44008516.00
2023/06/02,16.84,16.96,16.72,16.76,2430657,44636688.00
2023/06/05,16.62,16.73,16.59,16.62,1651448,29985024.00
2023/06/06,16.59,16.77,15.83,15.87,4361200,77209224.00
2023/06/07,15.94,16.29,15.92,15.98,2204543,38751532.00
2023/06/08,15.94,16.07,15.62,15.71,2445843,42248912.00
2023/06/09,15.74,15.96,15.55,15.71,3513853,60491972.00
2023/06/12,15.72,15.75,15.40,15.67,2546067,43460216.00
2023/06/13,15.68,15.73,15.54,15.64,1240846,21261124.00
2023/06/14,15.68,15.70,15.56,15.62,1601219,27433878.00
2023/06/15,15.62,15.85,15.45,15.85,2202268,37764176.00
2023/06/16,15.83,15.90,15.72,15.82,1427775,24767618.00
2023/06/19,15.78,15.90,15.50,15.54,2604158,44708600.00
2023/06/20,15.45,15.60,15.31,15.31,2571436,43526924.00
2023/06/21,15.29,15.39,15.01,15.01,2826234,47123520.00
2023/06/26,14.96,15.25,14.89,15.05,2362258,39219456.00
2023/06/27,15.17,15.34,15.06,15.20,2041517,34130216.00
2023/06/28,15.19,15.30,14.92,15.05,2372467,39308288.00
2023/06/29,15.08,15.23,15.04,15.13,1659261,27608892.00
2023/06/30,15.17,15.39,15.07,15.33,2174970,36551172.00
2023/07/03,15.33,15.54,15.30,15.50,2591422,44011508.00
2023/07/04,15.47,15.68,15.41,15.58,2234823,38149656.00
2023/07/05,15.64,15.86,15.51,15.75,2621596,45210156.00
2023/07/06,15.70,15.80,15.59,15.64,1796012,30872696.00
2023/07/07,15.67,15.67,15.44,15.54,1437359,24496006.00
2023/07/10,15.61,16.01,15.58,15.88,3152468,54782028.00
2023/07/11,15.90,15.97,15.80,15.85,1308206,22733860.00
2023/07/12,15.96,15.96,15.77,15.77,1104454,19145828.00
2023/07/13,15.77,15.95,15.77,15.81,1080428,18735188.00
2023/07/14,15.87,15.93,15.69,15.92,1600223,27742010.00
2023/07/17,15.92,15.98,15.77,15.93,1501390,26134192.00
2023/07/18,15.92,16.05,15.85,16.00,1341742,23485188.00
2023/07/19,15.96,16.04,15.90,16.00,1321543,23103892.00
2023/07/20,16.03,16.19,15.94,15.95,1796306,31579880.00
2023/07/21,15.95,16.21,15.94,16.12,1626304,28650346.00
2023/07/24,16.20,16.48,16.07,16.40,2052858,36746748.00
2023/07/25,16.49,16.56,16.27,16.45,1701187,30456986.00
2023/07/26,16.34,16.68,16.34,16.65,1902770,34485284.00
2023/07/27,16.65,16.78,16.54,16.69,1681980,30584358.00
2023/07/28,16.68,16.75,16.50,16.62,1936993,35192644.00
2023/07/31,16.62,16.72,16.39,16.55,2343752,42397496.00
2023/08/01,16.68,16.70,16.34,16.40,2073485,37300624.00
2023/08/02,16.43,16.47,16.16,16.24,1447738,25743256.00
2023/08/03,16.19,16.42,16.19,16.36,1239032,22105480.00
2023/08/04,16.48,16.61,16.37,16.43,1245434,22342450.00
2023/08/07,16.34,16.42,16.05,16.40,1823836,32402086.00
2023/08/08,16.33,16.49,16.20,16.32,1454152,25959242.00
2023/08/09,16.40,16.68,16.34,16.51,2643761,47722492.00
2023/08/10,16.52,16.52,16.17,16.21,1610489,28656288.00
2023/08/11,16.21,16.54,16.04,16.05,1904675,33893944.00
2023/08/14,15.95,16.16,15.69,15.90,1791570,31086724.00
2023/08/15,16.02,16.02,15.60,15.86,1555709,26834236.00
2023/08/16,15.87,16.63,15.80,15.90,3859420,68580736.00
2023/08/17,15.69,15.92,15.39,15.82,2853600,48973464.00
2023/08/18,15.79,15.90,15.49,15.49,2025030,34808552.00
2023/08/21,15.61,15.97,15.33,15.36,2862757,49010512.00
2023/08/22,15.36,15.48,14.75,15.03,5205893,85981392.00
2023/08/23,14.96,15.09,14.80,14.86,2389066,39202676.00
2023/08/24,14.86,14.96,14.57,14.65,4130513,67107768.00
2023/08/25,14.65,14.92,14.29,14.37,4121533,66216588.00
2023/08/28,15.09,15.21,14.51,14.57,3622634,59595656.00
2023/08/29,14.65,15.45,14.53,15.34,4053414,67480736.00
2023/08/30,15.37,15.74,15.34,15.40,2825365,48104336.00
2023/08/31,15.37,15.49,15.06,15.38,1998703,33550632.00
2023/09/01,15.30,15.49,15.27,15.33,987158,16650032.00
2023/09/04,15.42,15.48,15.24,15.35,2315994,39038232.00
2023/09/05,15.30,15.37,15.12,15.18,1643624,27468784.00
2023/09/06,15.18,15.29,15.09,15.17,1469734,24544608.00
2023/09/07,15.19,15.33,14.92,14.96,2004697,33251940.00
2023/09/08,14.90,15.12,14.85,14.89,1444045,23806652.00
2023/09/11,15.00,15.57,14.90,15.44,3951641,66735416.00
2023/09/12,15.47,15.58,15.35,15.50,2182342,37057080.00
2023/09/13,15.47,15.52,15.19,15.37,2298028,38726628.00
2023/09/14,15.45,15.45,15.18,15.20,1641119,27516332.00
2023/09/15,15.27,15.54,14.96,15.40,3089496,51965340.00
2023/09/18,15.44,15.68,15.35,15.58,3247329,55342456.00
2023/09/19,15.64,15.71,15.39,15.46,1900335,32305268.00
2023/09/20,15.45,15.56,15.19,15.19,1663203,28026286.00
2023/09/21,15.20,15.30,15.08,15.10,2241595,37351004.00
2023/09/22,15.14,15.29,14.87,15.28,3411610,56516880.00
2023/09/25,15.19,15.38,15.14,15.35,3409629,57308456.00
2023/09/26,15.22,15.35,15.12,15.14,1956448,32735052.00
2023/09/27,15.13,15.56,15.07,15.46,4247661,71838160.00
2023/09/28,15.56,15.56,15.13,15.16,3088343,51712040.00
2023/10/09,15.16,15.17,14.72,14.78,3910819,64025516.00
2023/10/10,14.79,14.87,14.51,14.57,2732372,44095752.00
2023/10/11,14.56,15.41,14.56,15.03,6677960,110915800.00
2023/10/12,15.11,15.31,14.89,15.09,2935532,48727720.00
2023/10/13,15.06,15.37,14.98,15.24,3378946,56616520.00
2023/10/16,15.24,15.33,14.74,14.78,3090829,50780556.00
2023/10/17,14.79,14.90,14.42,14.64,3903837,62802092.00
2023/10/18,14.66,14.66,14.19,14.23,3216664,50925648.00
2023/10/19,14.20,14.28,13.88,14.02,2499822,39072428.00
2023/10/20,14.02,14.19,13.86,13.89,2292372,35557536.00
2023/10/23,13.80,13.88,13.29,13.36,3136249,47174592.00
2023/10/24,13.40,13.67,13.21,13.56,2827667,42412304.00
2023/10/25,13.61,14.15,13.61,13.96,4789167,73969960.00
2023/10/26,13.89,13.92,13.66,13.79,2379616,36318940.00
2023/10/27,13.81,14.34,13.60,14.24,4707036,73052104.00
2023/10/30,14.12,14.74,14.07,14.60,4733446,76171792.00
2023/10/31,14.72,15.34,14.68,15.21,6813703,113603352.00
2023/11/01,15.26,15.35,14.94,15.19,3998127,66418076.00
2023/11/02,15.12,15.25,14.99,15.02,3356793,55765280.00
2023/11/03,15.02,15.22,14.94,15.02,2419163,40163464.00
2023/11/06,15.09,15.45,15.07,15.37,3958614,66732920.00
2023/11/07,15.31,15.38,15.20,15.22,2426671,40739044.00
2023/11/08,15.26,16.14,15.21,15.85,6436905,111253928.00
2023/11/09,15.87,16.07,15.70,15.82,3591733,62307988.00
2023/11/10,15.75,15.98,15.60,15.85,3140074,54511356.00
2023/11/13,15.97,16.03,15.68,16.00,3257116,56596384.00
2023/11/14,15.98,16.57,15.91,16.29,5720721,101724088.00
2023/11/15,16.44,16.58,16.39,16.47,4103306,73810176.00
2023/11/16,16.47,16.54,16.18,16.24,3377102,60371408.00
2023/11/17,16.20,16.44,16.14,16.37,2167815,38558276.00
2023/11/20,16.26,16.52,16.20,16.45,3580665,64065496.00
2023/11/21,16.47,16.62,16.29,16.33,3108913,55695984.00
2023/11/22,16.23,16.42,16.21,16.21,3004284,53547868.00
2023/11/23,16.24,16.52,16.21,16.43,2838032,50697608.00
2023/11/24,16.61,16.76,16.37,16.66,5701395,103194144.00
2023/11/27,16.72,17.76,16.72,17.27,12925934,245441840.00
2023/11/28,17.46,17.56,17.10,17.27,5542907,104313600.00
2023/11/29,17.13,17.39,16.76,16.90,5776633,106976400.00
2023/11/30,16.79,17.13,16.69,17.09,5121753,94123376.00
2023/12/01,17.01,17.24,16.79,17.18,4184028,77417808.00
2023/12/04,17.46,18.07,17.15,17.49,8959269,171991248.00
2023/12/05,17.49,17.49,16.79,16.83,4653943,86377312.00
2023/12/06,16.89,17.05,16.58,16.78,5880708,107664064.00
2023/12/07,16.78,16.89,16.45,16.70,5493970,99714480.00
2023/12/08,16.69,17.82,16.24,17.67,15814080,294865632.00
2023/12/11,17.63,17.63,17.01,17.40,8604286,159738592.00
2023/12/12,17.38,17.44,16.71,17.13,6925788,126239280.00
2023/12/13,17.00,17.53,16.96,17.32,5278038,98260960.00
2023/12/14,17.39,17.63,17.30,17.33,4261876,79646176.00
2023/12/15,17.45,17.51,17.02,17.18,4056407,74982728.00
2023/12/18,17.19,17.38,16.85,16.90,3243150,59502016.00
2023/12/19,16.95,17.50,16.83,17.27,7112983,131833456.00
2023/12/20,17.28,17.68,17.19,17.45,5993259,112399056.00
2023/12/21,17.56,17.65,17.16,17.59,4233161,78955592.00
2023/12/22,17.60,17.71,17.21,17.31,4201759,78635104.00
2023/12/25,17.49,17.93,17.30,17.63,4885454,92327224.00
2023/12/26,17.74,17.77,17.13,17.28,3476660,64510172.00
2023/12/27,17.33,17.33,16.90,17.16,3006813,55080524.00
2023/12/28,17.02,17.65,17.02,17.44,5528068,103081576.00
2023/12/29,17.44,18.52,17.33,18.30,9155997,176349280.00
2024/01/02,18.31,18.36,17.93,17.97,5434451,105332552.00
2024/01/03,17.94,18.42,17.79,18.28,7334051,142126320.00
2024/01/04,18.24,18.57,18.07,18.31,3206442,62691408.00
2024/01/05,18.32,18.45,17.93,18.03,4114079,80010376.00
2024/01/08,18.03,18.12,17.61,17.74,3753031,71664912.00
2024/01/09,17.93,18.88,17.55,17.63,8174432,159147200.00
2024/01/10,17.56,17.81,17.15,17.32,5129916,95616048.00
2024/01/11,17.37,18.04,17.27,17.76,2885155,54770764.00
2024/01/12,17.71,18.54,17.67,17.85,5129562,99194224.00
2024/01/15,17.84,18.40,17.57,18.31,5229842,101097488.00
2024/01/16,18.34,18.35,17.57,17.72,3186707,60915272.00
2024/01/17,17.61,18.18,17.51,17.51,2687899,51258228.00
2024/01/18,17.03,17.35,16.59,17.25,4834055,87758344.00
2024/01/19,17.19,17.59,17.03,17.43,3477187,64631728.00
2024/01/22,17.46,17.64,16.22,16.38,3526213,64132936.00
2024/01/23,16.30,16.88,15.95,16.66,4127271,72963848.00
2024/01/24,16.72,16.86,16.04,16.61,2238663,39665712.00
2024/01/25,16.74,18.04,16.37,18.00,5204018,98031904.00
2024/01/26,18.08,18.51,17.83,17.99,4195234,81599376.00
2024/01/29,18.03,18.75,17.93,18.15,5373861,105581544.00
2024/01/30,18.02,18.30,17.50,17.53,3352627,63872956.00
2024/01/31,17.41,17.58,16.60,16.75,3013897,55129724.00
2024/02/01,16.48,17.23,16.08,16.15,4200848,74568984.00
2024/02/02,16.05,16.75,15.43,16.15,4830096,84641192.00
2024/02/05,16.10,17.37,14.83,16.67,7446986,130704864.00
2024/02/06,16.58,18.23,16.13,18.02,6571507,123346304.00
2024/02/07,18.02,18.83,17.75,18.44,7143645,141304256.00
2024/02/08,18.75,19.68,18.46,19.04,8722011,179398784.00
2024/02/19,19.21,19.41,18.47,18.86,5568347,112399312.00
2024/02/20,18.81,19.62,18.67,19.00,7166561,145942128.00
2024/02/21,18.86,19.21,18.67,18.67,3992441,80793872.00
2024/02/22,18.73,19.04,18.50,18.78,4317788,86243792.00
2024/02/23,18.80,19.08,18.67,19.06,3562200,71733920.00
2024/02/26,19.00,19.32,18.75,19.15,5700834,116011280.00
2024/02/27,19.19,20.00,18.96,19.98,7080976,147891024.00
2024/02/28,20.24,20.36,19.50,19.56,7668194,162933280.00
2024/02/29,19.38,20.69,19.25,20.56,6751122,145193712.00
2024/03/01,20.52,20.75,20.28,20.37,4408278,95744440.00
2024/03/04,20.37,20.57,20.15,20.38,3548000,76616360.00
2024/03/05,20.26,20.64,19.69,20.06,5102991,108703128.00
2024/03/06,19.90,20.01,19.28,19.42,4859537,101342088.00
2024/03/07,19.46,19.63,18.93,19.00,4369175,89348064.00
2024/03/08,19.05,19.25,18.66,18.77,4025384,81056840.00
2024/03/11,18.96,19.40,18.41,19.35,7992931,160777824.00
2024/03/12,19.35,19.50,18.76,19.18,6122483,124620680.00
2024/03/13,19.18,19.34,19.01,19.05,4150687,84500536.00
2024/03/14,19.24,19.43,19.01,19.19,4123573,84263192.00
2024/03/15,19.11,19.64,19.01,19.49,5319047,109378240.00
2024/03/18,19.54,20.53,19.45,20.43,6865903,146428576.00
2024/03/19,20.35,20.48,19.97,20.00,2986699,63927940.00
2024/03/20,19.95,20.10,19.67,19.88,2712272,57230668.00
2024/03/21,19.91,19.96,19.38,19.43,3354730,69918280.00
2024/03/22,19.35,19.65,19.07,19.45,2776825,57262516.00
2024/03/25,19.36,19.60,18.99,18.99,2469791,50863504.00
2024/03/26,19.01,19.23,18.10,18.25,6600894,129674144.00
2024/03/27,18.15,18.23,17.85,17.88,4326717,83392640.00
2024/03/28,17.93,18.19,17.67,17.85,4060658,78057352.00
2024/03/29,17.90,18.10,17.55,18.05,3900127,74115216.00
2024/04/01,18.15,18.34,18.00,18.11,2975538,57716216.00
2024/04/02,18.20,18.20,17.78,18.00,2160336,41485712.00
2024/04/03,17.85,18.12,17.80,18.04,2135652,41030072.00
2024/04/08,17.91,17.95,17.55,17.58,2212714,41991680.00
2024/04/09,17.65,17.90,17.46,17.89,2122150,40222328.00
2024/04/10,17.89,18.02,17.25,17.30,2833349,53023456.00
2024/04/11,17.50,17.59,17.08,17.11,2368975,43990832.00
2024/04/12,17.17,17.32,16.79,16.85,3311602,60299444.00
2024/04/15,17.30,17.80,17.12,17.33,7226723,134899056.00
2024/04/16,17.27,17.78,16.86,16.94,6076596,113020144.00
2024/04/17,17.12,17.35,16.68,17.00,5440224,98951216.00
2024/04/18,16.93,17.37,16.76,17.08,4066461,74683736.00
2024/04/19,16.99,17.34,16.96,17.14,2524284,46383000.00
2024/04/22,17.14,17.35,16.79,17.08,3164371,57924864.00
2024/04/23,17.08,17.39,16.95,17.25,3582192,66038168.00
2024/04/24,17.25,17.49,17.11,17.45,2807105,51987664.00
2024/04/25,17.38,17.63,17.34,17.55,2832740,53160656.00
2024/04/26,17.53,17.88,17.49,17.82,3634305,68890768.00
2024/04/29,18.00,18.92,17.90,18.91,5752609,114060824.00
2024/04/30,18.96,19.42,18.77,19.21,6087060,124555912.00
2024/05/06,19.52,19.73,19.36,19.57,5473575,113980512.00
2024/05/07,19.65,19.80,19.28,19.42,4990030,103480840.00
2024/05/08,19.54,19.73,19.34,19.45,4413393,91729448.00
2024/05/09,19.54,19.79,19.34,19.56,3734903,77911040.00
2024/05/10,19.70,19.75,19.19,19.35,3759985,77666456.00
2024/05/13,19.41,19.45,18.86,18.89,3409882,69242752.00
2024/05/14,18.99,19.25,18.99,19.06,3105974,63274596.00
2024/05/15,18.90,19.13,18.72,18.73,1805449,36235492.00
2024/05/16,18.73,18.94,18.65,18.69,2337208,46726756.00
2024/05/17,18.65,18.96,18.59,18.89,2207567,44110396.00
2024/05/20,18.95,19.22,18.94,19.06,2610400,53098260.00
2024/05/21,19.06,19.31,18.78,19.05,2479542,50466264.00
2024/05/22,19.05,19.20,18.86,19.06,1979594,40080456.00
2024/05/23,19.13,19.13,18.51,18.59,2477452,49477648.00
2024/05/24,18.66,18.72,18.33,18.35,1860936,36744588.00
2024/05/27,18.45,18.61,18.16,18.53,1758767,34468852.00
2024/05/28,18.62,18.65,18.43,18.49,1721450,34013788.00
2024/05/29,18.25,18.70,18.25,18.55,1420346,28145980.00
2024/05/30,18.50,18.73,18.35,18.49,1744663,34493172.00
2024/05/31,18.67,18.93,18.48,18.90,2644675,52971412.00
2024/06/03,18.80,18.84,17.80,17.85,6192957,120190784.00
2024/06/04,17.87,18.01,17.74,17.86,2842313,54326040.00
2024/06/05,17.80,17.94,17.46,17.54,3253494,61704268.00
2024/06/06,17.47,17.69,17.23,17.29,3181952,59409696.00
2024/06/07,17.30,17.56,17.03,17.05,2996156,55226824.00
2024/06/11,17.06,17.61,16.83,17.54,3081127,56388228.00
2024/06/12,17.50,17.82,17.49,17.57,2593543,48505856.00
2024/06/13,17.33,17.67,17.18,17.44,2460850,45515008.00
2024/06/14,17.33,17.60,17.06,17.10,4501147,82337936.00
2024/06/17,17.10,17.48,16.95,17.38,2412675,44343332.00
2024/06/18,17.41,17.73,17.37,17.48,2553314,47459768.00
2024/06/19,17.48,17.64,17.04,17.08,2415191,44182220.00
2024/06/20,16.90,17.23,16.90,17.09,3770297,68312976.00
2024/06/21,16.85,17.28,16.85,17.27,3522029,64157632.00
2024/06/24,17.13,17.13,16.12,16.15,4856567,85149712.00
2024/06/25,16.20,16.44,15.95,16.11,3811134,65558616.00
2024/06/26,16.01,16.77,15.90,16.66,2832045,49257000.00
2024/06/27,16.66,16.75,16.38,16.51,3093797,54439760.00
2024/06/28,16.50,16.95,16.37,16.53,2470530,43856528.00
2024/07/01,16.47,16.59,15.78,15.91,4803546,81914520.00
2024/07/02,16.00,16.03,15.77,15.88,2240737,37945904.00
2024/07/03,15.87,16.00,15.68,15.84,1805143,30507500.00
2024/07/04,16.45,16.64,15.95,16.13,5555343,95901736.00
2024/07/05,16.12,16.90,16.07,16.81,4989913,87558432.00
2024/07/08,16.72,16.82,16.06,16.21,3151558,54852156.00
2024/07/09,16.06,16.26,15.75,16.12,3352681,57289956.00
2024/07/10,16.02,16.34,15.96,16.19,2570690,44271624.00
2024/07/11,16.46,16.80,16.38,16.62,2831488,49981664.00
2024/07/12,16.56,16.71,16.36,16.58,1713085,30125716.00
2024/07/15,16.56,16.57,16.22,16.32,1898954,33013302.00
2024/07/16,16.24,16.40,16.13,16.27,2171256,37576468.00
2024/07/17,16.27,16.68,16.14,16.59,3160442,55405160.00
2024/07/18,16.50,17.44,16.50,17.32,5613902,101963672.00
2024/07/19,17.32,17.89,17.15,17.76,5445488,101580400.00
2024/07/22,17.82,18.34,17.67,18.32,5368714,103203664.00
2024/07/23,18.29,18.34,17.96,17.96,3997356,76705504.00
2024/07/24,17.93,18.09,17.84,17.89,3172991,60355848.00
2024/07/25,17.87,18.39,17.84,18.22,4054332,78152912.00
2024/07/26,18.19,18.34,17.85,18.02,3242793,62182724.00
2024/07/29,17.88,18.09,17.61,17.67,2409583,45514812.00
2024/07/30,17.61,17.81,17.55,17.67,2297503,42985640.00
2024/07/31,17.65,18.44,17.41,18.37,4754164,91066296.00
2024/08/01,18.44,18.67,18.05,18.14,3353083,64757480.00
2024/08/02,18.05,18.34,17.91,17.99,3417153,65353224.00
2024/08/05,17.93,18.18,17.56,17.58,3108062,58622440.00
2024/08/06,17.83,18.02,17.64,17.87,2496052,47015128.00
2024/08/07,17.82,17.90,17.56,17.88,1988319,37422632.00
2024/08/08,17.82,18.12,17.69,18.03,2035362,38672380.00
2024/08/09,18.04,18.61,17.87,18.35,4972622,96076664.00
2024/08/12,19.17,20.03,18.04,18.12,12687981,253179504.00
2024/08/13,18.12,18.27,17.75,18.15,5879441,111882776.00
2024/08/14,18.13,18.25,17.81,18.07,2939136,56090568.00
2024/08/15,18.43,18.53,17.96,18.04,4238204,81747224.00
2024/08/16,18.02,18.58,17.84,18.48,5073156,98177568.00
2024/08/19,18.84,18.84,18.22,18.26,4098444,79932160.00
2024/08/20,18.20,18.27,17.42,17.50,4576564,85965400.00
2024/08/21,17.48,17.73,17.24,17.42,2892682,53383352.00
2024/08/22,17.39,17.45,17.13,17.26,2477137,45333016.00
2024/08/23,17.26,17.46,17.17,17.23,2253351,41372360.00
2024/08/26,17.16,17.37,16.99,17.01,2255410,41002764.00
2024/08/27,17.08,17.18,16.95,17.03,2288629,41409968.00
2024/08/28,16.97,17.25,16.90,17.08,1283047,23261748.00
2024/08/29,16.96,17.40,16.90,17.33,1788381,32574914.00
2024/08/30,17.25,17.68,17.21,17.45,2645220,49226816.00
2024/09/02,17.45,17.52,16.72,16.75,4140216,74450144.00
2024/09/03,16.69,16.81,16.28,16.51,3458841,60712856.00
2024/09/04,16.45,16.70,16.36,16.46,1428646,25131080.00
2024/09/05,16.53,16.89,16.47,16.73,1677949,29857164.00
2024/09/06,16.84,16.84,16.16,16.16,1781068,30994988.00
2024/09/09,16.14,16.43,16.10,16.15,1553299,26860532.00
2024/09/10,16.30,16.37,15.65,16.03,2410691,40883952.00
2024/09/11,15.95,16.18,15.85,16.13,2244529,38332488.00
2024/09/12,16.17,16.50,15.98,15.98,1977241,34163660.00
2024/09/13,16.01,16.20,15.91,16.02,1674719,28705600.00
2024/09/18,16.02,16.14,15.62,15.80,1645772,27686844.00
2024/09/19,15.95,16.31,15.65,15.91,2285878,38877072.00
2024/09/20,15.94,16.05,15.73,15.98,2926428,49644476.00
2024/09/23,15.90,16.07,15.39,15.43,3488686,58099048.00
2024/09/24,15.54,16.03,15.48,16.01,5684321,95659968.00
2024/09/25,16.16,16.59,16.04,16.07,5797092,100526896.00
2024/09/26,16.16,16.99,15.98,16.96,4754378,81672936.00
2024/09/27,17.32,18.16,17.16,17.89,4273418,78872424.00
2024/09/30,18.69,20.87,18.65,20.70,15549911,320885280.00
2024/10/08,24.78,24.78,22.30,23.05,22732025,547851968.00
2024/10/09,22.94,22.94,20.80,20.85,14224744,323706848.00
2024/10/10,21.50,21.90,20.68,20.77,10262699,226078656.00
2024/10/11,20.77,20.96,18.97,19.21,8181204,166728816.00
2024/10/14,19.45,19.50,18.65,19.43,6618091,131672464.00
2024/10/15,19.43,19.52,18.82,18.82,6029527,120297960.00
2024/10/16,18.68,19.19,18.60,18.91,5382192,105791944.00
2024/10/17,18.95,19.23,18.70,18.71,4859608,95896560.00
2024/10/18,18.78,20.92,18.59,20.17,11789999,241788352.00
2024/10/21,20.09,20.29,19.73,19.85,10192425,211857888.00
2024/10/22,19.85,20.40,19.28,20.15,10447028,215929552.00
2024/10/23,20.19,21.78,20.19,21.39,18523664,406029152.00
2024/10/24,21.19,21.96,20.86,21.67,16076986,357210656.00
2024/10/25,21.54,22.93,21.21,22.46,15904233,364252448.00
2024/10/28,22.40,23.58,22.07,23.41,18134995,427931904.00
2024/10/29,23.21,23.69,22.81,22.91,14247914,341541184.00
2024/10/30,22.92,22.92,21.61,21.75,16846494,387021952.00
2024/10/31,21.88,21.98,21.21,21.66,11687955,260933792.00
2024/11/01,21.41,23.65,21.41,22.50,19814049,461698368.00
2024/11/04,22.51,22.55,21.80,22.28,8971032,206571312.00
2024/11/05,22.30,22.80,22.05,22.70,11659887,271639648.00
2024/11/06,22.53,23.08,21.88,22.00,13434977,311628288.00
2024/11/07,21.88,23.77,21.85,23.53,16559711,394121280.00
2024/11/08,23.76,23.88,22.64,22.79,13632972,326707680.00
2024/11/11,22.78,23.04,22.22,22.98,12135033,285294208.00
2024/11/12,23.12,23.77,22.81,23.05,16352516,394973440.00
2024/11/13,23.00,23.57,22.50,22.77,8023068,190348720.00
2024/11/14,22.74,22.91,22.08,22.16,6923212,160740528.00
2024/11/15,22.12,22.58,21.71,21.71,8489919,194264976.00
2024/11/18,21.71,22.43,21.00,21.20,8203649,184768192.00
2024/11/19,21.37,22.20,21.13,22.09,7921477,177310320.00
2024/11/20,21.98,23.44,21.96,23.33,16258878,387084512.00
2024/11/21,23.10,23.26,22.63,22.77,8726071,207094592.00
2024/11/22,22.83,23.48,21.61,21.65,10310802,239578992.00
2024/11/25,21.59,21.99,21.15,21.48,6290522,140664048.00
2024/11/26,21.48,21.87,21.06,21.20,6865849,152355568.00
2024/11/27,21.07,21.37,20.45,21.12,8653240,186715056.00
2024/11/28,21.12,21.50,20.84,20.96,6995661,153576272.00
2024/11/29,20.91,21.61,20.84,21.14,6866490,151178416.00
2024/12/02,21.72,23.39,21.69,22.94,19461789,460132928.00
2024/12/03,22.98,23.38,22.70,23.27,10234407,244907056.00
2024/12/04,23.28,23.39,22.48,22.59,8143432,193060400.00
2024/12/05,22.54,23.08,22.30,22.76,5901436,138981920.00
2024/12/06,22.77,23.27,22.55,22.89,7824483,185371600.00
2024/12/09,23.04,23.26,22.45,22.50,7690707,181333408.00
2024/12/10,23.20,23.38,22.57,22.58,7620885,181296592.00
2024/12/11,22.59,24.63,22.56,24.33,21933034,543276032.00
2024/12/12,24.20,24.70,23.92,23.99,11964397,297980672.00
2024/12/13,23.91,24.29,22.42,22.44,18800185,449873792.00
2024/12/16,22.47,22.64,21.74,21.90,7864783,179239520.00
2024/12/17,21.93,22.14,21.50,21.58,5595321,126524656.00
2024/12/18,21.68,21.77,21.23,21.40,7478760,166492784.00
2024/12/19,21.35,21.52,21.06,21.51,4815787,106504584.00
2024/12/20,21.51,21.95,21.51,21.65,6283283,141510160.00
2024/12/23,21.65,21.79,20.85,20.85,7679860,168835376.00
2024/12/24,20.85,21.45,20.62,21.39,8021636,175829616.00
2024/12/25,21.46,21.56,20.96,21.15,3892159,85507280.00
2024/12/26,21.16,21.79,21.00,21.71,6063509,135176224.00
2024/12/27,21.80,23.24,21.72,23.00,15042863,356039840.00
2024/12/30,22.95,23.36,22.45,22.51,7365044,174340304.00
2024/12/31,22.62,22.87,21.84,21.90,7112461,164038592.00
2025/01/02,21.91,21.99,20.25,20.51,9062062,197410048.00
2025/01/03,20.62,20.67,20.03,20.08,5667882,119972464.00
2025/01/06,20.29,21.18,20.26,21.08,10807977,234414720.00
2025/01/07,21.07,21.33,20.62,21.19,5749529,125096680.00
2025/01/08,21.08,21.24,19.78,20.45,9233743,195415904.00
2025/01/09,20.41,20.41,19.90,20.00,5726788,119662576.00
2025/01/10,20.00,20.18,19.41,19.45,4964003,102032832.00
2025/01/13,20.20,20.64,18.89,19.51,10764202,220273808.00
2025/01/14,19.72,19.92,19.20,19.75,10551450,215124192.00
2025/01/15,19.75,19.76,18.90,19.11,8541794,170692352.00
2025/01/16,19.10,19.63,18.95,19.15,6089299,122272200.00
2025/01/17,19.05,19.26,18.83,19.05,4843641,96028120.00
2025/01/20,19.10,19.34,18.95,19.00,5153323,102586352.00
2025/01/21,19.10,19.29,18.72,19.28,5238728,104028312.00
2025/01/22,19.17,19.55,19.05,19.25,5509602,110678224.00
2025/01/23,19.32,19.75,19.08,19.09,7946549,160931504.00
2025/01/24,19.06,19.76,19.00,19.62,6533342,132363344.00
2025/01/27,19.68,19.86,19.36,19.38,5009225,102109360.00
2025/02/05,19.75,19.78,19.30,19.51,4269161,86979672.00
2025/02/06,19.40,20.18,19.25,19.91,6260133,128833768.00
2025/02/07,19.90,21.00,19.71,20.55,10965677,233240192.00
2025/02/10,20.63,21.48,20.46,21.16,9114668,199008768.00
2025/02/11,21.42,21.42,20.50,20.56,6227945,134211344.00
2025/02/12,20.95,21.70,20.88,21.06,13129306,290363488.00
2025/02/13,21.30,22.33,21.07,21.57,14356140,324999040.00
2025/02/14,22.10,22.75,21.91,22.18,14802448,341183072.00
2025/02/17,22.30,23.38,21.95,22.08,13461718,314372224.00
2025/02/18,21.96,22.30,21.31,21.50,9581764,215313504.00
2025/02/19,21.39,22.04,21.30,21.72,7631024,171961008.00
2025/02/20,21.62,22.26,21.62,21.83,7537809,171382496.00
2025/02/21,21.78,22.55,21.74,22.30,10215129,235879728.00
2025/02/24,22.40,22.40,21.30,21.62,10732110,240866896.00
2025/02/25,21.40,21.52,21.12,21.17,7001252,154615152.00
2025/02/26,21.12,21.55,21.06,21.40,6523766,144047472.00
2025/02/27,21.45,21.45,20.63,20.90,7012160,152488560.00
2025/02/28,20.72,20.96,20.42,20.55,6367469,136969840.00
2025/03/03,20.55,21.00,20.51,20.53,5414722,116666784.00
2025/03/04,20.46,24.07,20.30,23.78,30806860,718768320.00
2025/03/05,23.30,24.09,22.90,23.33,19814088,479330400.00
2025/03/06,23.32,24.70,23.23,24.17,19920810,495960736.00
2025/03/07,24.11,25.29,23.87,24.43,20348156,519047200.00
2025/03/10,25.30,25.56,24.61,24.92,16477960,426309504.00
2025/03/11,24.58,25.10,24.52,25.06,9213916,236817472.00
2025/03/12,24.90,25.03,23.32,24.20,19632994,490205728.00
2025/03/13,24.06,24.30,23.72,23.99,7670768,189883264.00
2025/03/14,24.03,25.13,23.65,25.06,11938986,300892480.00
2025/03/17,25.20,25.26,23.73,23.83,13278715,331679040.00
2025/03/18,23.96,24.22,23.41,23.52,8919230,218913088.00
2025/03/19,23.41,24.60,23.40,23.83,10060592,248852400.00
2025/03/20,23.92,24.05,23.30,23.43,6927371,168453104.00
2025/03/21,23.43,23.53,21.89,21.96,16549149,385888384.00
2025/03/24,21.97,22.08,21.20,21.72,8293239,186176432.00
2025/03/25,21.72,21.91,21.38,21.65,5850902,131265120.00
2025/03/26,21.78,21.92,21.60,21.61,4549755,102500384.00
2025/03/27,21.57,21.67,20.90,21.34,8239574,181638944.00
2025/03/28,21.25,21.63,21.03,21.10,5479364,121067664.00
2025/03/31,21.07,21.19,20.70,20.92,5149521,111700504.00
2025/04/01,21.08,21.63,21.08,21.38,8529689,189456656.00
2025/04/02,21.45,21.89,21.18,21.57,5623750,125804024.00
2025/04/03,21.25,21.80,21.00,21.19,5676224,125629688.00
2025/04/07,20.20,20.30,17.21,17.74,15339130,300818528.00
2025/04/08,18.20,18.95,17.74,18.15,11448580,218742304.00
2025/04/09,17.85,18.74,16.93,18.55,10003375,187126160.00
2025/04/10,18.88,19.38,18.67,18.77,9688296,191895040.00
2025/04/11,18.83,19.19,18.68,18.97,5784113,113988760.00
2025/04/14,19.08,19.30,18.90,18.98,5823414,115803072.00
2025/04/15,19.13,19.13,18.65,18.71,6146725,120290456.00
2025/04/16,18.59,18.65,17.80,18.19,8419525,159852880.00
2025/04/17,18.01,18.46,18.01,18.36,3688709,70587072.00
2025/04/18,18.33,18.60,18.17,18.41,2886384,55182316.00
2025/04/21,18.23,18.94,18.13,18.75,4409114,85496296.00
2025/04/22,18.69,18.86,18.50,18.64,3318854,64574416.00
2025/04/23,18.75,18.95,18.53,18.58,4317471,84145288.00
2025/04/24,18.70,18.73,18.24,18.36,3070051,58998760.00
2025/04/25,18.55,18.63,18.35,18.35,3287205,63376496.00
2025/04/28,18.35,18.35,17.88,17.98,3789250,71410352.00
2025/04/29,18.45,19.17,18.33,19.09,7924389,155530048.00
2025/04/30,19.10,19.34,19.00,19.01,5337515,106436984.00
2025/05/06,19.18,19.52,19.05,19.39,5104610,102882208.00
2025/05/07,19.69,19.83,19.16,19.27,5095739,103177440.00
2025/05/08,19.39,19.61,19.23,19.41,3965218,80276848.00
2025/05/09,19.46,19.50,18.96,19.00,5193881,103753864.00
2025/05/12,19.20,19.37,19.05,19.31,3351566,67001404.00
2025/05/13,19.47,19.54,19.23,19.27,5227013,105335136.00
2025/05/14,19.24,19.38,18.99,19.13,4224306,84362520.00
2025/05/15,19.11,19.19,18.90,18.97,2593187,51321792.00
2025/05/16,18.97,19.13,18.94,18.98,2906681,57621876.00
2025/05/19,19.05,19.20,18.81,19.19,3621111,71738896.00
2025/05/20,19.20,19.50,19.14,19.39,4785297,96388528.00
2025/05/21,19.39,19.40,19.21,19.22,3307982,66397944.00
2025/05/22,19.19,19.19,18.86,18.86,3582708,70863992.00
2025/05/23,18.85,19.28,18.85,18.99,4128756,82066624.00
2025/05/26,18.95,19.00,18.60,18.77,3134797,61456668.00
2025/05/27,18.87,18.87,18.64,18.82,2863595,56034688.00
2025/05/28,18.86,18.88,18.48,18.73,3361590,65471944.00
2025/05/29,18.70,19.18,18.65,19.13,4327272,85790304.00
2025/05/30,19.12,19.34,18.95,19.19,3764225,75135760.00
2025/06/03,19.02,19.36,19.00,19.29,4382112,87730096.00
2025/06/04,19.28,19.79,19.20,19.68,5664337,115285336.00
2025/06/05,19.71,19.78,19.40,19.49,3746346,76037192.00
2025/06/06,19.52,19.60,19.26,19.35,2719042,54895504.00
2025/06/09,19.36,19.61,19.16,19.56,5429316,109884792.00
2025/06/10,19.50,19.60,19.03,19.17,5757921,115708568.00
2025/06/11,19.23,19.63,19.23,19.32,3545896,70768424.00
2025/06/12,19.31,19.79,19.25,19.76,4527712,90829960.00
2025/06/13,19.69,19.76,19.25,19.63,5674891,113724008.00
2025/06/16,19.66,20.05,19.46,19.76,5469030,111357544.00
2025/06/17,19.88,20.05,19.58,19.70,3592515,72909536.00
2025/06/18,19.85,19.85,19.45,19.50,3444237,69119608.00
2025/06/19,19.51,19.67,19.37,19.43,3538331,70752184.00
2025/06/20,19.46,19.88,19.40,19.75,5530837,112102472.00
2025/06/23,19.74,19.88,19.51,19.79,4634954,93690104.00
2025/06/24,19.83,20.01,19.73,19.87,5362691,109243824.00
2025/06/25,19.98,20.40,19.85,20.08,6701885,138057984.00
2025/06/26,20.06,20.07,19.74,19.74,4939157,100843048.00
2025/06/27,19.79,19.97,19.73,19.80,3469894,70702768.00
2025/06/30,19.78,20.04,19.66,19.96,4692871,95847680.00
2025/07/01,19.89,20.05,19.83,19.93,3957495,80953032.00
2025/07/02,19.94,19.98,19.69,19.80,3709833,75312480.00
2025/07/03,19.79,20.02,19.79,19.91,3813790,77962520.00
2025/07/04,19.98,20.07,19.70,19.74,5038927,102807264.00
2025/07/07,19.83,20.44,19.78,20.10,7401328,152917728.00
2025/07/08,19.99,20.26,19.99,20.12,5531080,114236256.00
2025/07/09,20.18,20.21,20.02,20.09,4609310,95091592.00
2025/07/10,20.06,20.18,19.95,19.98,5775431,118664800.00
2025/07/11,20.00,20.27,19.92,20.15,6865319,141728272.00
2025/07/14,20.21,20.59,19.94,20.21,8582600,178198752.00
2025/07/15,20.25,20.96,20.18,20.75,12290998,260591024.00
2025/07/16,20.73,20.91,20.58,20.75,6680110,141942352.00
2025/07/17,20.71,20.97,20.69,20.90,6276582,134091712.00
2025/07/18,20.92,20.96,20.66,20.77,5654614,120390136.00
2025/07/21,20.78,20.95,20.71,20.90,5825498,124448480.00
2025/07/22,20.86,21.18,20.76,20.97,6524692,140388960.00
2025/07/23,21.07,21.43,20.83,21.09,8313820,180594384.00
2025/07/24,21.49,22.14,21.24,21.88,15376059,341637024.00
2025/07/25,21.95,22.93,21.68,22.42,17302547,393909088.00
2025/07/28,22.76,22.76,21.94,22.03,12684552,288930240.00
2025/07/29,21.93,22.18,21.75,22.15,8646479,194853632.00
2025/07/30,22.07,22.17,21.51,21.74,9422798,210856688.00
2025/07/31,21.72,21.95,21.43,21.53,6952512,154693392.00
2025/08/01,21.53,22.09,21.53,21.79,7786176,174027008.00
2025/08/04,21.61,22.10,21.44,22.01,7128012,158926800.00
2025/08/05,21.98,22.15,21.64,21.82,6010708,134251456.00
2025/08/06,21.79,21.95,21.54,21.66,6731663,149487984.00
2025/08/07,21.68,22.26,21.61,21.69,10880058,243310112.00
2025/08/08,21.59,21.84,21.24,21.26,10034461,220543952.00
2025/08/11,21.25,21.60,21.19,21.53,8910453,196112288.00
2025/08/12,21.53,21.72,21.30,21.40,6983658,153461184.00
2025/08/13,21.44,21.55,21.13,21.50,8750817,191470880.00
2025/08/14,21.43,21.54,21.01,21.12,7532362,164274352.00
2025/08/15,21.04,21.48,21.04,21.30,6555342,143115200.00
2025/08/18,21.37,21.82,21.37,21.51,8948357,198081040.00
2025/08/19,21.48,21.72,21.34,21.38,7721658,170116752.00
2025/08/20,21.34,21.43,21.07,21.42,7438734,161977968.00
2025/08/21,21.45,22.04,21.45,21.57,9516030,211075904.00
2025/08/22,21.63,21.77,21.48,21.72,8885998,196927616.00
2025/08/25,21.68,22.00,21.59,21.79,11847357,264593056.00
2025/08/26,21.78,21.90,21.69,21.75,7628277,170107248.00
2025/08/27,21.79,21.96,21.10,21.11,10777760,238161952.00
2025/08/28,21.06,21.36,20.48,20.89,10318123,220822304.00
2025/08/29,20.98,21.06,20.55,20.64,7868391,166728448.00
2025/09/01,20.68,20.90,20.50,20.83,10772070,228167840.00
2025/09/02,20.84,20.95,20.14,20.32,11094729,232872352.00
2025/09/03,20.33,20.47,19.78,19.86,7944909,163556688.00
2025/09/04,19.86,20.06,19.40,19.62,7629517,154723056.00
2025/09/05,19.68,19.92,19.56,19.90,6005311,121806928.00
2025/09/08,19.91,20.45,19.76,20.30,9165775,189711504.00
2025/09/09,20.28,20.28,19.85,19.93,5086704,104652944.00
2025/09/10,19.86,20.10,19.80,19.83,3674555,75151560.00
2025/09/11,19.77,20.14,19.54,20.06,5706627,116362344.00
2025/09/12,20.11,20.27,19.91,20.00,5984475,123214016.00
2025/09/15,20.00,20.07,19.82,20.05,6101910,124785776.00
2025/09/16,20.05,20.17,19.93,20.09,5533824,113866616.00
2025/09/17,20.07,20.42,19.93,20.17,6341998,131409152.00
2025/09/18,20.18,20.26,19.55,19.72,7754698,159183680.00
2025/09/19,19.72,19.94,19.57,19.68,4483072,90614008.00
2025/09/22,19.71,19.89,19.58,19.78,4116228,83271944.00
2025/09/23,19.92,19.92,19.08,19.37,6003197,117963920.00
2025/09/24,19.28,19.90,19.27,19.80,5319152,106064064.00
2025/09/25,19.80,19.91,19.61,19.63,4524022,90513072.00
2025/09/26,19.55,20.61,19.29,20.24,11116130,226512816.00
2025/09/29,20.27,20.29,19.92,20.26,5918828,120590056.00
2025/09/30,20.19,21.21,20.18,20.91,13997158,294192032.00
2025/10/09,20.99,21.38,20.66,21.10,8906147,188308976.00
2025/10/10,21.04,21.44,20.85,21.12,10114674,215835584.00
2025/10/13,20.53,20.94,20.32,20.92,6579577,138401504.00
2025/10/14,20.96,21.09,20.69,20.72,6657502,140606448.00
2025/10/15,20.75,20.87,20.59,20.73,4850083,101716408.00
2025/10/16,20.67,20.73,20.39,20.48,4823186,100220032.00
2025/10/17,20.52,20.65,19.90,19.92,5873699,120555808.00
2025/10/20,19.98,20.17,19.81,19.90,3696384,74665776.00
2025/10/21,19.95,20.18,19.88,20.07,4293234,87412960.00
2025/10/22,20.00,22.40,20.00,21.76,25410408,550045312.00
2025/10/23,21.76,21.85,21.35,21.80,11995741,262546752.00
2025/10/24,21.89,22.17,21.70,21.86,10104956,223379872.00
2025/10/27,22.06,22.68,21.58,21.64,21603704,483154016.00
2025/10/28,21.42,21.62,21.00,21.29,12187058,262559968.00
2025/10/29,21.12,21.97,21.12,21.52,9682197,210482096.00
2025/10/30,21.39,21.72,21.24,21.31,8128144,176174416.00
2025/10/31,21.28,21.91,21.24,21.79,9206969,201916128.00
2025/11/03,21.80,21.84,21.39,21.71,8260262,180672864.00
2025/11/04,21.69,22.04,21.46,21.75,8543200,187489856.00
2025/11/05,21.57,22.19,21.57,21.72,8309425,183923888.00
2025/11/06,21.69,21.79,21.44,21.47,5658592,123413784.00
2025/11/07,21.48,21.70,21.39,21.49,5091935,111190808.00
2025/11/10,21.49,21.80,21.45,21.70,5313613,116521416.00
2025/11/11,21.77,21.81,21.54,21.57,5630177,123412432.00
2025/11/12,21.49,21.77,21.42,21.68,6258640,136830352.00
2025/11/13,21.68,21.69,21.37,21.53,7863288,170718336.00
2025/11/14,21.44,22.02,21.41,21.65,10660372,235084240.00
2025/11/17,21.64,21.72,20.87,20.89,9961073,213138912.00
2025/11/18,20.85,20.96,20.53,20.71,5477555,114812272.00
2025/11/19,20.74,20.84,20.29,20.40,3849661,79894472.00
2025/11/20,20.52,20.61,20.22,20.23,2980295,61493372.00
2025/11/21,20.05,20.38,19.49,19.56,6106467,122450760.00
2025/11/24,19.59,19.79,19.53,19.67,4363920,87028640.00
2025/11/25,19.67,19.93,19.67,19.88,4633485,93076032.00
2025/11/26,20.04,20.21,19.88,20.00,5064017,102820016.00
2025/11/27,20.01,20.08,19.86,20.00,2780042,56303372.00
2025/11/28,20.00,20.09,19.89,19.96,2943123,59619516.00
2025/12/01,19.96,20.18,19.91,20.05,2849057,57900376.00
2025/12/02,20.02,20.10,19.91,20.05,2288320,46397420.00
2025/12/03,20.05,20.13,19.82,19.99,2446525,49379024.00
2025/12/04,19.97,19.97,19.61,19.67,3141009,62754592.00
2025/12/05,19.73,19.80,19.51,19.77,3083128,61382112.00
2025/12/08,19.51,19.62,19.43,19.44,5177479,102402624.00
2025/12/09,19.44,19.44,18.81,18.83,6150619,118957944.00
2025/12/10,18.80,18.91,18.60,18.82,3044277,57950424.00
2025/12/11,18.84,18.99,18.52,18.57,3093063,58569456.00
2025/12/12,18.63,18.68,18.44,18.50,3652423,68618512.00
2025/12/15,18.45,18.68,18.44,18.62,2752540,51844600.00
2025/12/16,18.60,18.66,18.18,18.25,3744606,69529392.00
2025/12/17,18.29,18.50,18.21,18.41,3404058,63349956.00
2025/12/18,18.47,19.16,18.36,18.87,6578673,125295824.00
2025/12/19,18.74,18.98,18.60,18.92,4494983,85836584.00
2025/12/22,18.94,19.04,18.81,18.81,3766114,72196544.00
2025/12/23,18.79,18.93,18.76,18.86,2537606,48457852.00
2025/12/24,18.82,18.91,18.77,18.87,2053829,39290432.00
2025/12/25,18.87,18.96,18.79,18.88,2483821,47548592.00
2025/12/26,18.90,19.02,18.85,18.87,2563613,49174344.00
2025/12/29,18.94,18.97,18.70,18.70,2432459,46425268.00
2025/12/30,18.67,18.84,18.62,18.63,2180472,41362908.00
2025/12/31,18.60,18.74,18.54,18.65,2259838,42677496.00
2026/01/05,18.63,19.19,18.63,19.09,5484874,105569312.00
2026/01/06,19.19,19.44,19.07,19.27,4462798,87042152.00
2026/01/07,19.28,19.29,19.00,19.04,4153635,80526192.00
2026/01/08,19.05,19.37,19.00,19.25,4015818,78242496.00
2026/01/09,19.34,19.89,19.33,19.86,8366613,167301632.00
2026/01/12,19.94,20.63,19.89,20.42,10094146,207539648.00
2026/01/13,20.54,21.10,20.30,20.43,15224330,319287392.00
2026/01/14,20.35,20.92,19.96,20.29,13068832,271279296.00
2026/01/15,20.09,20.25,19.82,19.90,6209415,125625088.00
2026/01/16,20.04,20.04,19.57,19.67,5539035,110710200.00
2026/01/19,19.59,19.85,19.55,19.59,4827966,96312784.00
2026/01/20,19.67,19.76,19.36,19.50,4692717,92779488.00
2026/01/21,19.39,19.82,19.37,19.54,5301091,105223784.00
2026/01/22,19.52,19.81,19.50,19.59,4026492,80091536.00
2026/01/23,19.65,19.94,19.61,19.91,6038122,121346224.00
2026/01/26,21.24,22.48,20.75,21.72,37897165,825941120.00
2026/01/27,22.24,22.54,20.74,21.86,44720747,982728896.00
2026/01/28,21.44,21.60,20.30,20.41,28208575,591141312.00
2026/01/29,20.33,20.34,19.74,19.94,16632418,336883456.00
2026/01/30,20.02,20.38,19.74,20.04,9615228,195409984.00
2026/02/02,20.07,20.28,19.56,19.62,8779328,177201568.00
2026/02/03,19.79,19.83,19.57,19.75,5711243,114040560.00
2026/02/04,19.73,19.76,19.44,19.73,7076034,140287488.00
2026/02/05,19.71,19.98,19.66,19.74,6274865,125944080.00
2026/02/06,19.75,19.92,19.62,19.71,5144115,103221328.00
2026/02/09,19.84,19.94,19.69,19.84,5167867,103662712.00
2026/02/10,19.84,19.86,19.70,19.74,3787716,75819096.00
2026/02/11,19.80,19.81,19.54,19.55,4315943,85965376.00
2026/02/12,19.55,19.63,19.28,19.28,5614683,110348160.00
2026/02/13,19.19,19.39,19.05,19.05,3732370,72780296.00
2026/02/24,19.28,19.29,19.09,19.17,3343611,64977468.00
2026/02/25,19.07,19.42,19.07,19.22,3737538,73130200.00
2026/02/26,19.24,19.27,18.86,18.93,6098800,117356848.00
2026/02/27,19.01,19.06,18.90,18.94,3496771,67210544.00
2026/03/02,18.73,18.87,18.24,18.24,9093234,170168512.00
2026/03/03,18.27,18.35,17.81,17.82,6419405,117707520.00
2026/03/04,17.77,17.97,17.68,17.78,4644984,83933520.00
2026/03/05,17.96,17.99,17.74,17.82,4107937,74516832.00
2026/03/06,17.74,18.11,17.72,18.08,3342442,61030836.00
2026/03/09,17.87,18.16,17.78,18.15,4406298,80150680.00
2026/03/10,18.19,18.35,18.14,18.26,3115516,57730456.00
2026/03/11,18.27,18.31,18.00,18.06,3981737,73052744.00
2026/03/12,18.04,18.12,17.95,17.95,3102911,56765820.00
2026/03/13,17.92,18.15,17.92,18.02,3620181,66371992.00
2026/03/16,18.15,19.02,18.07,18.67,9791568,184557872.00
2026/03/17,18.67,19.04,18.52,18.67,6630714,125981792.00
2026/03/18,18.67,19.09,18.58,18.82,6288223,120310296.00
2026/03/19,18.73,18.86,18.49,18.59,4312386,81531624.00
2026/03/20,18.57,18.73,18.32,18.32,3755670,70658296.00
2026/03/23,18.10,18.28,17.59,17.77,5570238,100956608.00
2026/03/24,17.98,18.10,17.83,18.03,2951174,53831080.00
2026/03/25,18.03,18.14,17.98,18.00,3024686,55383612.00
2026/03/26,18.04,18.09,17.58,17.61,4014084,72710392.00
2026/03/27,17.40,18.04,17.32,18.02,3048569,55177632.00
2026/03/30,17.85,18.02,17.61,17.75,3729132,67191272.00
2026/03/31,17.72,18.10,17.72,17.80,4737533,86295448.00
2026/04/01,17.96,18.24,17.87,18.20,3970522,72905968.00
2026/04/02,18.15,18.23,17.91,17.98,3734856,68506560.00
2026/04/03,17.93,17.96,17.49,17.50,3929439,70547920.00
2026/04/07,17.55,18.08,17.49,17.86,2953476,53296656.00
2026/04/08,18.07,18.27,17.99,18.21,5161827,95225032.00
2026/04/09,18.17,18.22,17.96,17.96,3654138,67147496.00
2026/04/10,18.01,18.24,17.99,18.05,2875324,52930104.00
2026/04/13,18.06,18.06,17.80,17.83,2799650,50873068.00
2026/04/14,17.90,18.03,17.70,18.03,4041164,73099392.00
2026/04/15,18.03,18.13,17.98,18.00,2602107,47662940.00
2026/04/16,17.99,18.07,17.89,17.96,3234468,58881228.00
2026/04/17,17.93,17.93,17.59,17.64,4559215,81916256.00
2026/04/20,17.64,17.77,17.56,17.68,2780766,49858904.00
2026/04/21,17.68,17.77,17.57,17.60,2482775,44430184.00
2026/04/22,17.60,17.67,17.54,17.62,2230884,39841152.00
2026/04/23,17.62,17.68,17.35,17.40,3282589,58155412.00
2026/04/24,17.34,17.45,17.14,17.18,3596298,63008720.00
2026/04/27,17.18,17.20,16.85,16.87,4527053,77897216.00
2026/04/28,16.87,17.04,16.81,16.98,3103494,53410944.00
2026/04/29,17.05,17.17,16.98,17.16,2622493,45530244.00
2026/04/30,16.99,16.99,16.82,16.89,4056003,69609360.00
2026/05/06,16.94,17.16,16.90,16.95,4201859,72668352.00
2026/05/07,16.99,17.24,16.91,17.20,4691246,81395488.00
2026/05/08,17.24,18.05,17.24,17.86,11452021,206744336.00
2026/05/11,18.18,18.84,17.55,18.80,16587299,306421216.00
2026/05/12,18.42,18.42,17.88,17.99,9835260,180821600.00
2026/05/13,17.87,18.03,17.64,17.82,6743060,121544480.00
2026/05/14,17.81,17.82,17.36,17.43,5622367,99848672.00
2026/05/15,17.44,17.54,17.09,17.19,4396540,77359712.00
2026/05/18,17.27,17.52,17.11,17.22,3082310,54212080.00
2026/05/19,17.24,17.42,17.09,17.31,2987291,52308316.00
2026/05/20,17.34,17.49,17.14,17.48,3479766,61024852.00
2026/05/21,17.34,17.54,16.99,17.05,4675272,82119568.00
2026/05/22,17.01,17.25,16.94,17.15,2707470,47062032.00
2026/05/25,17.13,17.61,17.13,17.28,3567262,62810200.00
2026/05/26,17.29,17.53,17.16,17.29,3424285,60299036.00
2026/05/27,17.28,17.37,16.32,16.38,7593441,128998936.00
2026/05/28,16.27,16.47,15.86,15.94,3838254,62920860.00
2026/05/29,16.34,16.35,15.94,16.13,4250977,69449856.00
2026/06/01,16.24,16.46,16.07,16.29,3233436,53601540.00
2026/06/02,16.29,16.44,15.96,15.96,3419468,56225352.00
2026/06/03,15.91,15.95,15.40,15.44,5158418,81446944.00
2026/06/04,15.43,15.54,14.86,14.93,4261572,65497692.00
2026/06/05,15.19,15.33,15.07,15.14,3215535,49686604.00
2026/06/08,15.03,15.29,14.68,14.79,4057432,61541836.00
2026/06/09,14.79,14.84,14.53,14.60,3648604,54389708.00
2026/06/10,14.54,14.62,14.16,14.40,4423536,64476024.00
2026/06/11,14.37,14.47,13.92,14.08,4671886,67053068.00
2026/06/12,14.06,14.21,13.59,14.10,9592147,135550416.00
2026/06/15,14.12,14.31,13.97,14.12,4762304,68561712.00
2026/06/16,14.12,14.14,13.86,14.06,3013103,42897404.00
2026/06/17,14.09,14.10,13.87,13.93,2834237,40257372.00
2026/06/18,13.84,14.29,13.80,14.07,3823093,54804756.00
2026/06/22,14.11,14.14,13.40,13.88,7390005,100744576.00
2026/06/23,13.85,14.42,13.80,14.17,5347554,76049848.00
2026/06/24,14.49,14.69,13.67,14.27,10391295,147086320.00
2026/06/25,14.16,14.20,13.68,13.87,5212964,72325344.00
2026/06/26,13.87,14.73,13.79,14.12,9096582,130361808.00
2026/06/29,14.20,14.94,13.78,14.70,9490787,137865136.00
2026/06/30,14.70,14.73,14.27,14.40,4967949,71588640.00
2026/07/01,14.32,15.40,14.21,15.28,10379666,153987968.00
2026/07/02,15.38,15.52,14.95,15.05,7604036,115214000.00
2026/07/03,15.25,15.32,14.89,15.12,5222367,78796584.00
2026/07/06,15.02,15.27,14.93,15.13,5230707,79007472.00
2026/07/07,15.16,15.16,14.51,14.54,5240037,76939248.00
2026/07/08,14.58,14.94,14.33,14.60,4904883,71833872.00
2026/07/09,14.54,14.81,14.40,14.67,4491032,65752952.00
2026/07/10,14.67,15.13,14.35,14.99,6132090,91103920.00
2026/07/13,15.00,15.24,14.88,15.07,7098839,106892688.00
2026/07/14,15.00,15.52,14.91,15.25,6615960,101273104.00
2026/07/15,15.26,16.18,15.15,15.83,10507544,165133264.00
2026/07/16,15.76,16.00,15.50,15.91,7730090,121954592.00
2026/07/17,15.83,15.97,15.24,15.34,8857957,137317840.00
2026/07/20,15.41,15.89,15.35,15.71,7871874,122684096.00
2026/07/21,15.87,15.87,15.32,15.39,6044737,93723352.00
2026/07/22,15.40,15.47,14.90,15.03,6753013,102450528.00
2026/07/23,14.95,15.09,14.72,14.90,4160846,61877260.00
2026/07/24,14.90,14.95,14.55,14.56,3466726,51019692.00
2026/07/27,14.70,15.03,14.35,14.91,4254590,63308560.00
2026/07/28,14.97,15.04,14.75,14.86,3278166,48652164.00
2026/07/29,14.87,15.32,14.83,15.19,4555245,68942872.00
2026/07/30,15.20,15.44,15.07,15.35,4034097,61634248.00
2026/07/31,15.35,15.56,15.18,15.44,4248885,65697696.00
2026/08/03,15.42,15.74,15.30,15.68,2977913,46586368.00
2026/08/04,15.68,15.88,15.49,15.49,3888099,60838288.00
2026/08/05,15.51,15.54,15.32,15.37,4551801,70099376.00
2026/08/06,15.36,15.39,15.13,15.32,5272554,80472784.00
2026/08/07,15.23,15.77,15.18,15.71,7004016,108449344.00
2026/08/10,15.64,16.11,15.62,16.06,8427012,134117072.00
2026/08/11,15.95,15.98,15.62,15.62,5160237,81475520.00
2026/08/12,15.60,15.76,15.39,15.39,3906685,60684108.00
2026/08/13,15.36,17.03,15.25,16.82,21894925,359490112.00
2026/08/14,16.81,16.94,16.29,16.38,9886178,163997712.00
2026/08/17,16.35,16.53,15.83,16.19,7234561,116912144.00
2026/08/18,16.08,16.21,15.87,15.89,5133024,81914816.00
2026/08/19,15.91,16.05,15.53,15.65,5843810,91984688.00
2026/08/20,16.50,18.31,16.10,17.45,29612318,508740192.00
2026/08/21,16.87,16.93,15.77,15.78,18857249,305710688.00
2026/08/24,15.70,15.86,14.83,14.90,12863702,194822688.00
2026/08/25,14.71,15.75,14.71,15.50,11418763,173634528.00
2026/08/26,15.38,16.00,15.32,15.48,8840261,138531264.00
2026/08/27,15.32,16.05,15.30,15.76,7235473,113634144.00
2026/08/28,15.88,15.88,15.60,15.66,3841696,60261460.00
2026/08/31,15.67,15.67,15.32,15.54,4920098,76104952.00
2026/09/01,15.56,16.05,15.46,15.81,6043120,95760104.00
2026/09/02,15.69,15.83,15.58,15.73,4438411,69577504.00
2026/09/03,15.92,16.05,15.64,15.80,5320888,84411088.00
2026/09/04,15.89,16.31,15.81,15.98,5774050,92774216.00
2026/09/07,16.05,16.26,15.85,15.87,3396359,54141272.00
2026/09/08,16.04,16.43,15.80,16.20,5443627,88012728.00
2026/09/09,16.09,16.19,15.95,16.01,3411924,54819216.00
2026/09/10,16.00,16.36,15.75,16.16,4471556,71790184.00
2026/09/11,16.07,16.12,15.76,15.90,4071287,64835264.00
2026/09/14,15.87,16.16,15.81,16.08,2487502,39924232.00
#数据来源:通达信
