600900 长江电力 日线 前复权
      日期	    开盘	    最高	    最低	    收盘	    成交量	    成交额
2021/08/02,14.54,14.61,14.15,14.47,55085576,1036065024.00
2021/08/03,14.38,14.56,14.29,14.45,36380490,685191232.00
2021/08/04,14.41,14.84,14.25,14.63,42254412,804162880.00
2021/08/05,14.59,14.77,14.47,14.72,34706394,662322048.00
2021/08/06,14.67,14.69,14.45,14.62,34953841,663441152.00
2021/08/09,14.59,14.97,14.57,14.92,41614432,802532160.00
2021/08/10,14.92,15.14,14.80,15.12,37597080,731686848.00
2021/08/11,15.07,15.22,15.02,15.14,26019006,509335840.00
2021/08/12,15.11,15.43,15.07,15.26,32114698,632905728.00
2021/08/13,15.26,15.35,15.11,15.17,20331596,398551136.00
2021/08/16,15.21,15.34,15.12,15.34,21945635,432308096.00
2021/08/17,15.38,15.52,15.01,15.20,29365833,576858240.00
2021/08/18,15.07,15.36,15.06,15.26,29307686,577040640.00
2021/08/19,15.15,15.52,15.13,15.49,35463186,702289344.00
2021/08/20,15.54,15.64,15.13,15.42,41924218,828815680.00
2021/08/23,15.44,15.85,15.42,15.57,47135688,944274240.00
2021/08/24,15.64,15.72,15.37,15.42,35559914,708214784.00
2021/08/25,15.49,15.50,15.24,15.30,29716902,587420928.00
2021/08/26,15.30,15.36,15.06,15.07,21795879,427488960.00
2021/08/27,15.10,15.32,14.99,15.10,20067554,393217024.00
2021/08/30,14.99,15.05,14.55,14.66,38315539,734091776.00
2021/08/31,14.64,14.99,14.47,14.91,37974541,727303552.00
2021/09/01,14.97,15.56,14.91,15.39,53595980,1058053504.00
2021/09/02,15.29,15.57,15.20,15.55,36644236,726517376.00
2021/09/03,15.57,15.72,15.41,15.63,43772080,876481856.00
2021/09/06,15.64,15.84,15.54,15.59,34986498,701932288.00
2021/09/07,15.61,15.73,15.45,15.60,35907515,719153792.00
2021/09/08,15.62,16.02,15.62,15.90,55497445,1125412736.00
2021/09/09,16.07,16.08,15.49,15.96,57850588,1172316032.00
2021/09/10,15.96,16.10,15.80,15.97,41591535,848735040.00
2021/09/13,15.94,16.22,15.84,15.95,36884240,753583296.00
2021/09/14,15.96,16.01,15.58,15.66,37538216,758705984.00
2021/09/15,15.57,15.65,15.22,15.28,38454156,760573312.00
2021/09/16,15.28,15.79,15.20,15.33,38912370,772533248.00
2021/09/17,15.34,16.05,15.34,15.88,56124933,1137932800.00
2021/09/22,15.84,17.26,15.82,16.93,114253703,2428239104.00
2021/09/23,17.02,17.50,16.62,16.80,101364862,2170815488.00
2021/09/24,17.10,17.12,16.42,16.66,73281349,1553563520.00
2021/09/27,17.03,17.23,16.68,17.15,101965330,2187010560.00
2021/09/28,17.06,17.63,16.69,17.36,90481725,1956084864.00
2021/09/29,17.20,17.79,16.92,17.69,112240070,2451746816.00
2021/09/30,17.77,17.85,17.00,17.57,98750701,2160433408.00
2021/10/08,18.07,18.08,17.26,17.52,79536810,1743026176.00
2021/10/11,17.67,17.74,16.97,17.19,58759102,1273105664.00
2021/10/12,16.98,17.15,16.65,16.90,60442307,1284896640.00
2021/10/13,16.82,16.82,16.27,16.42,39810551,831380864.00
2021/10/14,16.42,16.52,16.12,16.25,34687929,717000064.00
2021/10/15,16.20,16.48,16.07,16.42,40582444,843059712.00
2021/10/18,16.42,16.81,16.31,16.63,44454572,934824256.00
2021/10/19,16.47,16.97,16.33,16.88,41116416,868148224.00
2021/10/20,16.87,16.95,16.47,16.56,66022066,1389055744.00
2021/10/21,16.57,16.65,16.38,16.64,33962198,711438912.00
2021/10/22,16.62,16.69,16.41,16.57,29844048,625398976.00
2021/10/25,16.51,16.92,16.45,16.60,46293766,977047232.00
2021/10/26,16.63,16.82,16.55,16.73,32898560,694633920.00
2021/10/27,16.71,16.84,16.55,16.84,36028733,762583872.00
2021/10/28,16.73,16.82,16.56,16.70,42075088,887563968.00
2021/10/29,16.67,16.82,16.43,16.82,40708901,857456576.00
2021/11/01,16.68,16.99,16.63,16.95,38304468,814916288.00
2021/11/02,16.96,17.00,16.23,16.52,56946001,1192929024.00
2021/11/03,16.40,16.86,16.34,16.74,40879018,863704512.00
2021/11/04,16.73,16.84,16.59,16.63,28026835,591659904.00
2021/11/05,16.60,16.70,16.22,16.23,37251180,773594816.00
2021/11/08,16.30,16.31,15.88,15.92,34285318,700885824.00
2021/11/09,16.12,16.16,15.69,15.91,36674196,745503360.00
2021/11/10,15.97,15.97,15.48,15.72,39771645,797936064.00
2021/11/11,15.67,15.81,15.53,15.70,40208209,807567360.00
2021/11/12,15.71,15.76,15.37,15.54,41982477,838673984.00
2021/11/15,15.64,15.84,15.49,15.74,44991245,903602432.00
2021/11/16,15.67,15.80,15.50,15.57,32493739,650158848.00
2021/11/17,15.58,15.76,15.53,15.63,28935528,580528192.00
2021/11/18,15.57,15.70,15.53,15.61,25736457,516122720.00
2021/11/19,15.59,15.84,15.55,15.78,30307444,610516288.00
2021/11/22,15.79,15.85,15.56,15.56,29310350,587633024.00
2021/11/23,15.54,15.59,15.47,15.55,32949381,657547968.00
2021/11/24,15.61,15.61,15.29,15.36,38276235,759832576.00
2021/11/25,15.37,15.48,15.25,15.36,36655019,726031872.00
2021/11/26,15.32,15.32,15.06,15.10,45569503,891323136.00
2021/12/13,17.04,17.05,16.09,16.43,240466334,5079887872.00
2021/12/14,16.12,17.34,15.92,17.25,152816972,3254785792.00
2021/12/15,17.10,17.45,17.07,17.40,81044609,1759463808.00
2021/12/16,17.35,17.59,17.22,17.59,58378768,1278107392.00
2021/12/17,17.54,17.75,17.39,17.48,56888435,1251931776.00
2021/12/20,17.31,17.60,17.06,17.32,48784938,1060548544.00
2021/12/21,17.40,17.71,17.30,17.55,36284002,797472768.00
2021/12/22,17.56,17.75,17.50,17.58,30735728,678650624.00
2021/12/23,17.59,17.83,17.48,17.77,32436286,718751488.00
2021/12/24,17.74,18.60,17.64,17.94,50644778,1140593280.00
2021/12/27,17.92,18.28,17.63,17.92,33915757,757945280.00
2021/12/28,18.01,18.12,17.69,17.94,39586585,884930112.00
2021/12/29,17.94,17.98,17.70,17.82,29148289,648559104.00
2021/12/30,17.74,18.17,17.67,18.10,33339376,748600896.00
2021/12/31,18.04,18.39,18.04,18.27,31889449,723342720.00
2022/01/04,18.36,18.47,18.12,18.41,47207944,1074028160.00
2022/01/05,18.32,18.50,18.12,18.36,44243779,1006812992.00
2022/01/06,18.23,18.35,17.53,17.58,62904384,1401497088.00
2022/01/07,17.73,17.95,17.46,17.73,35547313,787488320.00
2022/01/10,17.69,18.06,17.69,17.97,32650652,729809856.00
2022/01/11,18.02,18.56,17.95,18.07,45618790,1036164672.00
2022/01/12,18.04,18.19,17.59,17.84,35022982,778462464.00
2022/01/13,17.87,18.07,17.67,17.93,34248577,765999872.00
2022/01/14,17.99,18.23,17.60,18.02,40524229,908136960.00
2022/01/17,18.02,18.51,18.01,18.19,42897062,976518400.00
2022/01/18,18.23,18.55,18.08,18.43,36599162,835034304.00
2022/01/19,18.41,18.61,18.32,18.52,34865674,798901440.00
2022/01/20,18.54,19.09,18.44,18.65,59563610,1380512640.00
2022/01/21,18.64,18.80,18.38,18.55,35471714,815250624.00
2022/01/24,18.55,18.75,18.28,18.42,26991917,617396032.00
2022/01/25,18.25,18.42,18.01,18.01,30261535,683725568.00
2022/01/26,18.03,18.34,17.96,18.14,22026011,497368288.00
2022/01/27,18.15,18.17,17.70,17.95,32410924,723901440.00
2022/01/28,18.05,18.17,17.47,17.49,35244949,784593984.00
2022/02/07,17.67,18.15,17.56,17.96,31043747,691945024.00
2022/02/08,18.02,18.79,17.96,18.79,38321462,878778496.00
2022/02/09,18.82,19.01,18.53,18.90,38855076,903796224.00
2022/02/10,19.02,19.36,18.76,19.35,34539084,812299584.00
2022/02/11,19.34,19.51,19.19,19.31,28605749,679411776.00
2022/02/14,19.31,19.31,18.74,18.96,31333357,732261952.00
2022/02/15,18.95,19.04,18.57,18.67,24917520,576783744.00
2022/02/16,18.73,18.96,18.64,18.66,22036550,511097856.00
2022/02/17,18.66,18.98,18.61,18.81,31402561,730170496.00
2022/02/18,18.81,18.88,18.58,18.80,18501627,429026944.00
2022/02/21,18.67,18.77,18.48,18.62,18515111,426069152.00
2022/02/22,18.52,18.57,18.27,18.41,23565507,537423488.00
2022/02/23,18.47,18.55,18.25,18.37,26258735,598602560.00
2022/02/24,18.41,18.60,18.11,18.23,41480293,942142016.00
2022/02/25,18.28,18.47,18.21,18.32,38662399,880033152.00
2022/02/28,18.38,18.79,18.28,18.75,39821079,915878528.00
2022/03/01,18.77,18.95,18.63,18.84,27721136,644305728.00
2022/03/02,18.84,19.23,18.75,19.14,33156974,779747200.00
2022/03/03,19.27,19.60,19.18,19.52,38573408,919428928.00
2022/03/04,19.47,19.62,19.07,19.52,40590487,966816640.00
2022/03/07,19.44,19.72,19.30,19.39,56662099,1354854784.00
2022/03/08,19.38,19.43,18.64,18.77,68797615,1615154176.00
2022/03/09,18.82,19.13,17.98,18.55,72997469,1683503104.00
2022/03/10,18.82,18.87,18.25,18.28,46414984,1060693696.00
2022/03/11,18.17,18.23,17.67,18.17,44014302,984247232.00
2022/03/14,17.99,18.47,17.90,18.07,45009506,1019666304.00
2022/03/15,17.96,17.97,16.60,16.72,76119235,1642719232.00
2022/03/16,16.97,18.11,16.66,17.95,75780925,1649350656.00
2022/03/17,18.17,18.20,17.40,17.47,61437709,1354231040.00
2022/03/18,17.45,17.76,17.29,17.35,99662949,2183347968.00
2022/03/21,17.57,17.57,17.06,17.22,41267879,893225088.00
2022/03/22,17.27,17.72,17.20,17.61,31552597,690836864.00
2022/03/23,17.67,17.80,17.37,17.46,32225242,708039616.00
2022/03/24,17.28,17.44,17.12,17.14,34064522,738660800.00
2022/03/25,17.09,17.27,16.86,16.88,25319503,543075840.00
2022/03/28,16.77,17.42,16.48,17.32,45018266,964906624.00
2022/03/29,17.25,17.49,17.18,17.38,29555632,644342592.00
2022/03/30,17.45,17.57,17.23,17.47,40088137,874407552.00
2022/03/31,17.47,17.70,17.30,17.57,29652360,650706624.00
2022/04/01,17.51,17.86,17.39,17.79,29641444,654261184.00
2022/04/06,17.59,18.04,17.59,17.93,36117220,805189568.00
2022/04/07,17.96,18.32,17.83,18.24,36059049,814140032.00
2022/04/08,18.27,18.81,18.21,18.77,41276598,949759872.00
2022/04/11,18.85,18.90,18.36,18.51,45370869,1042026816.00
2022/04/12,18.74,18.87,18.36,18.61,41289587,951523136.00
2022/04/13,18.53,18.84,18.47,18.66,28301179,655504960.00
2022/04/14,18.66,19.07,18.60,18.81,26045020,607067328.00
2022/04/15,18.80,19.13,18.77,18.97,21012568,491931424.00
2022/04/18,18.80,18.98,18.42,18.52,25614560,590552832.00
2022/04/19,18.60,19.04,18.58,18.76,44550874,1034299840.00
2022/04/20,18.85,19.09,18.61,18.92,41543383,969137984.00
2022/04/21,18.83,19.24,18.79,19.11,57129450,1343779456.00
2022/04/22,18.98,19.26,18.60,19.26,95057064,2230523392.00
2022/04/25,19.06,19.30,18.48,18.49,77673245,1817450112.00
2022/04/26,18.49,18.96,18.43,18.76,43810129,1014242496.00
2022/04/27,18.85,18.91,18.24,18.45,61346691,1407071104.00
2022/04/28,18.25,18.63,18.03,18.58,49160008,1119211008.00
2022/04/29,18.56,18.66,18.12,18.29,59442955,1351410816.00
2022/05/05,18.42,18.80,18.29,18.65,45670665,1049526272.00
2022/05/06,18.55,18.82,18.17,18.29,34163073,779396288.00
2022/05/09,18.30,18.34,17.84,17.91,28366766,637206336.00
2022/05/10,17.91,18.42,17.68,18.41,46298689,1046185472.00
2022/05/11,18.32,18.47,18.04,18.12,55381648,1250596608.00
2022/05/12,18.16,18.35,17.68,17.88,40474973,906321920.00
2022/05/13,17.97,18.80,17.85,18.80,56449983,1294700544.00
2022/05/16,18.83,18.87,18.50,18.56,33705730,776115136.00
2022/05/17,18.72,18.84,18.47,18.57,34034819,784681024.00
2022/05/18,18.65,18.65,18.18,18.35,38373622,874167808.00
2022/05/19,18.29,18.87,18.26,18.85,48520217,1118633600.00
2022/05/20,18.97,19.36,18.77,18.87,56244260,1319819776.00
2022/05/23,19.07,19.07,18.29,18.47,52352823,1202355712.00
2022/05/24,18.38,18.70,18.32,18.46,37889562,870083392.00
2022/05/25,18.61,18.86,18.51,18.78,40391345,936020544.00
2022/05/26,18.92,19.41,18.78,19.37,58599755,1385233152.00
2022/05/27,19.56,19.59,19.25,19.29,45612956,1086339584.00
2022/05/30,19.45,19.60,19.13,19.31,40461216,963872320.00
2022/05/31,19.27,19.61,19.18,19.59,44294751,1060754816.00
2022/06/01,19.59,19.90,19.42,19.80,47790683,1150865792.00
2022/06/02,19.62,19.77,19.41,19.49,39928315,956304256.00
2022/06/06,19.58,19.82,19.12,19.70,54285780,1298820992.00
2022/06/07,19.59,19.61,19.18,19.24,51553384,1222791168.00
2022/06/08,19.37,19.41,19.14,19.34,38133672,904531648.00
2022/06/09,19.26,19.61,19.20,19.28,49443257,1178575744.00
2022/06/10,19.25,19.63,19.23,19.59,85995632,2049245184.00
2022/06/13,19.31,19.48,18.76,18.85,91321874,2135334144.00
2022/06/14,18.74,19.59,18.74,19.57,76571228,1818361984.00
2022/06/15,19.55,19.65,19.21,19.24,52500243,1250077824.00
2022/06/16,19.31,19.34,18.80,18.80,60401944,1415526528.00
2022/06/17,18.91,19.23,18.86,19.17,51834727,1220639232.00
2022/06/20,19.07,19.09,18.65,18.70,63154059,1465668992.00
2022/06/21,18.70,18.82,18.57,18.72,42543068,984851840.00
2022/06/22,18.76,18.86,18.64,18.77,48432642,1122313472.00
2022/06/23,18.77,18.80,18.60,18.67,49104658,1134360448.00
2022/06/24,18.68,18.96,18.60,18.94,57315889,1328146816.00
2022/06/27,18.92,19.06,18.78,18.88,49160797,1148943232.00
2022/06/28,18.87,18.87,18.64,18.68,57584123,1331818880.00
2022/06/29,18.67,18.76,18.50,18.72,59053459,1361406848.00
2022/06/30,18.69,18.76,18.52,18.69,39114256,902706816.00
2022/07/01,19.57,20.09,19.44,19.89,129709278,3147234304.00
2022/07/04,19.92,20.14,19.62,19.92,66012991,1609051904.00
2022/07/05,19.90,20.08,19.62,19.81,53458761,1294855424.00
2022/07/06,19.85,19.87,19.55,19.63,38844812,934573760.00
2022/07/07,19.73,20.02,19.67,19.67,39257808,952172864.00
2022/07/08,19.67,19.87,19.46,19.77,41570046,1000142144.00
2022/07/11,20.05,20.56,20.05,20.26,67338550,1669501440.00
2022/07/12,20.26,20.65,20.24,20.47,52240262,1303281664.00
2022/07/13,20.57,20.75,20.37,20.54,46203331,1154859648.00
2022/07/14,20.57,20.59,20.23,20.43,58877214,1462094464.00
2022/07/15,20.28,20.40,19.87,19.87,62175737,1527141888.00
2022/07/18,19.94,20.70,19.94,20.52,60676110,1510508800.00
2022/07/19,20.70,20.72,20.35,20.62,45416380,1134520576.00
2022/07/20,20.77,20.84,20.43,20.51,37060174,926024128.00
2022/07/21,20.85,20.85,20.33,20.39,34386825,829377152.00
2022/07/22,20.40,20.68,20.25,20.51,32832204,792861760.00
2022/07/25,20.55,20.62,20.34,20.48,24171943,582926528.00
2022/07/26,20.46,20.63,20.39,20.48,26651307,643709824.00
2022/07/27,20.48,20.54,20.28,20.30,25884416,620286848.00
2022/07/28,20.33,20.58,20.18,20.28,29332577,703987712.00
2022/07/29,20.37,20.61,20.21,20.26,35680122,856238720.00
2022/08/01,20.26,20.38,20.00,20.16,36812879,876446080.00
2022/08/02,20.03,20.20,19.88,20.00,39520497,933631936.00
2022/08/03,20.05,20.20,19.79,19.82,32041251,754669440.00
2022/08/04,19.93,20.28,19.79,20.23,31461870,746067072.00
2022/08/05,20.30,20.48,20.18,20.46,24037130,575872448.00
2022/08/08,20.45,20.68,20.39,20.52,18678932,451867456.00
2022/08/09,20.52,20.66,20.38,20.41,21361122,515212128.00
2022/08/10,20.48,20.51,20.18,20.27,17513592,418198560.00
2022/08/11,20.29,20.48,20.15,20.38,25841078,619819456.00
2022/08/12,20.38,20.62,20.32,20.61,21329101,515031104.00
2022/08/15,20.50,20.68,20.33,20.39,28233868,679612800.00
2022/08/16,20.41,20.63,20.22,20.28,33441208,803936000.00
2022/08/17,20.25,20.25,19.76,19.94,56331823,1326891776.00
2022/08/18,19.86,20.02,19.76,19.78,28085193,659127488.00
2022/08/19,19.62,20.00,19.51,19.97,38374597,898727168.00
2022/08/22,19.84,20.17,19.81,19.86,30810909,725668352.00
2022/08/23,19.83,19.86,19.59,19.61,37674728,877908160.00
2022/08/24,19.61,19.80,19.53,19.54,27668510,644171840.00
2022/08/25,19.59,20.03,19.59,19.97,28182405,660126976.00
2022/08/26,19.96,19.96,19.65,19.77,27953268,652863104.00
2022/08/29,19.63,19.83,19.53,19.68,26674263,620661312.00
2022/08/30,19.68,19.75,19.50,19.66,23044041,534621248.00
2022/08/31,19.71,20.36,19.66,20.36,81005310,1924117504.00
2022/09/01,20.11,20.46,20.00,20.29,37780591,901719936.00
2022/09/02,20.28,20.55,20.11,20.20,29159665,697272192.00
2022/09/05,20.09,20.28,19.89,20.20,31153878,738489728.00
2022/09/06,20.23,20.36,20.11,20.13,34337064,818020672.00
2022/09/07,19.98,20.02,19.80,19.95,42395172,996783616.00
2022/09/08,20.00,20.23,19.91,20.03,25944649,614593728.00
2022/09/09,20.13,20.44,20.04,20.29,35435266,847909568.00
2022/09/13,20.23,20.29,20.04,20.17,27334621,650135104.00
2022/09/14,20.08,20.31,20.02,20.08,21875898,519309088.00
2022/09/15,20.10,20.36,19.99,20.10,40583136,966015232.00
2022/09/16,20.11,20.22,19.84,19.84,39881492,942339840.00
2022/09/19,19.91,20.01,19.79,19.86,28128675,660326144.00
2022/09/20,19.86,19.92,19.78,19.80,23548580,552233600.00
2022/09/21,19.80,19.96,19.70,19.81,24972842,585925056.00
2022/09/22,19.75,19.88,19.64,19.80,23391977,546354240.00
2022/09/23,19.67,19.89,19.67,19.71,27506334,644002176.00
2022/09/26,19.66,19.80,19.43,19.43,40268596,933964160.00
2022/09/27,19.40,19.44,18.91,19.08,60400730,1373464960.00
2022/09/28,19.06,19.07,18.76,18.84,62473767,1403694464.00
2022/09/29,18.81,19.06,18.57,18.78,55438353,1246883328.00
2022/09/30,18.78,19.23,18.66,19.12,42332479,957926720.00
2022/10/10,19.37,19.82,19.28,19.74,64409084,1499883136.00
2022/10/11,19.70,19.85,19.60,19.80,37252236,871477568.00
2022/10/12,19.78,19.87,19.38,19.59,44907495,1040346240.00
2022/10/13,19.30,19.62,18.94,19.42,56502513,1291255552.00
2022/10/14,19.41,19.58,19.23,19.34,36385221,838991872.00
2022/10/17,19.42,19.42,19.14,19.14,29153462,665764544.00
2022/10/18,19.14,19.29,18.89,18.93,41531945,939448000.00
2022/10/19,18.90,19.03,18.72,18.75,33876956,760855872.00
2022/10/20,18.71,18.87,18.62,18.72,36815463,822733376.00
2022/10/21,18.67,18.98,18.59,18.79,61041603,1368536960.00
2022/10/24,18.77,18.97,18.09,18.21,71872808,1586119808.00
2022/10/25,18.38,18.68,18.29,18.39,51341475,1134410496.00
2022/10/27,18.40,18.57,17.26,17.37,107502338,2284666624.00
2022/10/28,17.37,17.63,16.97,17.06,99698686,2083046912.00
2022/10/31,16.67,17.08,16.39,16.64,98338956,2000824832.00
2022/11/01,16.63,16.79,16.34,16.70,96142880,1943323904.00
2022/11/02,16.68,16.90,16.43,16.84,76192004,1545827584.00
2022/11/03,16.73,16.75,16.27,16.36,74645183,1497487488.00
2022/11/04,16.24,16.65,16.13,16.52,84883320,1706198656.00
2022/11/07,16.43,16.61,16.35,16.52,69465783,1396309632.00
2022/11/08,16.55,16.72,16.33,16.43,78815126,1586942848.00
2022/11/09,16.45,16.58,16.43,16.50,48328720,972886784.00
2022/11/10,16.51,16.53,16.27,16.38,42333812,846173888.00
2022/11/11,16.63,16.93,16.41,16.83,97716231,1982385152.00
2022/11/14,16.92,16.98,16.48,16.55,73575498,1494753280.00
2022/11/15,16.55,17.59,16.44,17.39,101353082,2098340224.00
2022/11/16,17.28,17.55,17.19,17.43,55194522,1157747712.00
2022/11/17,17.36,17.66,17.28,17.64,50039275,1055850048.00
2022/11/18,17.66,17.76,17.34,17.43,31691846,669815168.00
2022/11/21,17.36,17.53,17.09,17.47,24479450,513349952.00
2022/11/22,17.47,17.78,17.31,17.73,39772057,842836864.00
2022/11/23,17.68,18.07,17.66,17.74,42562401,914509184.00
2022/11/24,17.88,18.06,17.74,17.76,24066726,517180768.00
2022/11/25,17.72,18.22,17.69,18.19,32868081,713311936.00
2022/11/28,17.93,18.08,17.60,17.88,42766501,914572288.00
2022/11/29,17.98,17.98,17.63,17.75,63394494,1355177088.00
2022/11/30,17.68,17.83,17.60,17.60,54158729,1153443584.00
2022/12/01,17.70,17.81,17.57,17.59,49977367,1063404608.00
2022/12/02,17.54,17.80,17.54,17.75,36981589,787190592.00
2022/12/05,17.80,18.03,17.70,17.93,49875326,1072855808.00
2022/12/06,17.83,17.88,17.63,17.65,36275370,773743872.00
2022/12/07,17.70,17.73,17.20,17.30,62281175,1311436800.00
2022/12/08,17.25,17.43,17.08,17.28,43771186,913144256.00
2022/12/09,17.27,17.38,17.19,17.30,44792004,937350528.00
2022/12/12,17.24,17.38,16.97,17.06,34592179,716020096.00
2022/12/13,17.06,17.13,16.82,17.02,33409532,687959168.00
2022/12/14,17.01,17.11,16.84,17.03,34451088,710646720.00
2022/12/15,16.94,17.09,16.83,16.90,38225567,783882560.00
2022/12/16,16.89,17.24,16.85,17.24,39903558,826979520.00
2022/12/19,17.14,17.28,16.73,16.83,46247419,950569216.00
2022/12/20,16.83,16.98,16.69,16.76,31332782,640851456.00
2022/12/21,16.80,16.92,16.68,16.84,27517508,562397184.00
2022/12/22,16.95,17.06,16.64,16.74,36090866,738528896.00
2022/12/23,16.69,16.84,16.61,16.79,35590613,724538432.00
2022/12/26,16.80,16.88,16.71,16.75,29202135,595661440.00
2022/12/27,16.85,16.98,16.78,16.92,38336910,786570176.00
2022/12/28,16.86,17.10,16.84,17.05,50317228,1038576448.00
2022/12/29,17.28,17.45,16.91,17.18,53996393,1120294912.00
2022/12/30,17.16,17.43,17.09,17.38,45920545,961405504.00
2023/01/03,17.33,17.45,17.18,17.29,36799242,770293248.00
2023/01/04,17.36,17.36,17.14,17.21,27346567,570385792.00
2023/01/05,17.28,17.35,17.09,17.15,43991625,915497792.00
2023/01/06,17.14,17.29,16.95,17.27,48849112,1015151040.00
2023/01/09,17.32,17.33,17.08,17.16,35134351,730318656.00
2023/01/10,17.10,17.23,16.98,17.01,40813046,844469824.00
2023/01/11,17.16,17.50,17.15,17.20,64529304,1351084288.00
2023/01/12,17.23,17.28,17.04,17.06,47777789,990527680.00
2023/01/13,17.08,17.37,17.03,17.31,51529502,1071596096.00
2023/01/16,17.30,17.48,17.23,17.35,60545144,1269330944.00
2023/01/17,17.30,17.43,17.05,17.06,67700842,1404220032.00
2023/01/18,17.11,17.20,17.04,17.08,42253375,874530816.00
2023/01/19,17.08,17.08,16.77,16.80,80667736,1653783552.00
2023/01/20,16.91,17.41,16.83,17.41,123271384,2566913792.00
2023/01/30,17.50,17.54,17.28,17.29,65850507,1381522432.00
2023/01/31,16.94,17.28,16.94,17.17,67178890,1396078208.00
2023/02/01,17.23,17.26,16.99,17.17,51426955,1064625792.00
2023/02/02,17.18,17.40,17.03,17.33,58870814,1228163456.00
2023/02/03,17.24,17.35,17.16,17.30,45238723,943903104.00
2023/02/06,17.20,17.39,17.12,17.36,38557113,806174848.00
2023/02/07,17.39,17.76,17.37,17.68,62851237,1335553536.00
2023/02/08,17.68,17.85,17.65,17.75,38867157,830831104.00
2023/02/09,17.75,17.87,17.64,17.67,36975075,790488192.00
2023/02/10,17.68,17.71,17.47,17.59,28584682,605545024.00
2023/02/13,17.52,17.60,17.42,17.49,33515674,707471936.00
2023/02/14,17.50,17.58,17.43,17.54,25568128,540340160.00
2023/02/15,17.53,17.59,17.34,17.43,34634852,729291392.00
2023/02/16,17.40,17.53,17.20,17.33,49790837,1047936896.00
2023/02/17,17.32,17.44,17.11,17.14,44943465,938642112.00
2023/02/20,17.11,17.62,17.11,17.56,51260603,1076507136.00
2023/02/21,17.56,17.70,17.50,17.65,36978759,785891392.00
2023/02/22,17.65,17.71,17.52,17.52,24314623,515667744.00
2023/02/23,17.54,17.60,17.43,17.47,35605674,751510656.00
2023/02/24,17.42,17.51,17.38,17.40,41600147,875457024.00
2023/02/27,17.35,17.51,17.28,17.33,30654965,643213632.00
2023/02/28,17.38,17.58,17.32,17.54,37009183,779944064.00
2023/03/01,17.53,17.83,17.50,17.63,70093378,1492960512.00
2023/03/02,17.54,17.65,17.43,17.62,56860764,1203374720.00
2023/03/03,17.63,17.79,17.58,17.71,62429629,1330143872.00
2023/03/06,17.76,17.85,17.58,17.64,62327407,1326448384.00
2023/03/07,17.65,17.76,17.48,17.51,64587484,1373064448.00
2023/03/08,17.44,17.50,17.23,17.34,68185012,1429048576.00
2023/03/09,17.36,17.36,17.17,17.18,53323480,1111298816.00
2023/03/10,17.09,17.23,17.09,17.13,48071143,998811136.00
2023/03/13,17.13,17.37,17.09,17.32,57281864,1194351360.00
2023/03/14,17.30,17.53,17.26,17.45,72088673,1519584384.00
2023/03/15,17.48,17.54,17.27,17.39,54304126,1140999168.00
2023/03/16,17.34,17.68,17.29,17.59,81140240,1721364608.00
2023/03/17,17.68,17.88,17.58,17.58,63824085,1363129600.00
2023/03/20,17.56,17.74,17.30,17.33,49795580,1050676160.00
2023/03/21,17.35,17.48,17.30,17.32,38445197,806307968.00
2023/03/22,17.53,17.60,17.30,17.35,49053426,1031522048.00
2023/03/23,17.33,17.36,17.19,17.30,53213263,1111345920.00
2023/03/24,17.30,17.37,17.11,17.16,62181759,1294541184.00
2023/03/27,17.17,17.20,16.66,16.70,123232225,2518121728.00
2023/03/28,16.76,16.76,16.40,16.56,129854130,2614061824.00
2023/03/29,16.66,17.17,16.60,17.10,176296890,3615627008.00
2023/03/30,17.03,17.64,17.03,17.60,159621891,3368059648.00
2023/03/31,17.60,17.72,17.52,17.63,72290018,1535877504.00
2023/04/03,17.58,17.63,17.46,17.48,41684038,880780416.00
2023/04/04,17.47,17.68,17.44,17.65,52356977,1110287744.00
2023/04/06,17.62,17.66,17.49,17.58,24502746,519189824.00
2023/04/07,17.59,17.64,17.39,17.46,29018013,612089280.00
2023/04/10,17.56,17.67,17.47,17.62,32278514,684943488.00
2023/04/11,17.67,17.70,17.48,17.66,40730152,864131776.00
2023/04/12,17.68,17.87,17.60,17.78,41829940,895041792.00
2023/04/13,17.75,17.83,17.48,17.53,46973874,996035712.00
2023/04/14,17.59,17.75,17.56,17.59,38191401,812423360.00
2023/04/17,17.58,17.68,17.51,17.68,42052138,892428992.00
2023/04/18,17.68,17.74,17.55,17.64,41355933,877948032.00
2023/04/19,17.66,17.72,17.43,17.46,72376937,1532220032.00
2023/04/20,17.47,17.55,17.36,17.51,47577894,1002741184.00
2023/04/21,17.52,17.81,17.42,17.44,70033486,1488286848.00
2023/04/24,17.53,17.62,17.37,17.41,47108007,993415296.00
2023/04/25,17.39,17.60,17.36,17.55,48418881,1023228672.00
2023/04/26,17.56,17.76,17.52,17.56,45345100,963342464.00
2023/04/27,17.67,18.30,17.60,18.27,94561177,2047798400.00
2023/04/28,18.20,18.34,18.00,18.26,66015641,1439296512.00
2023/05/04,18.26,18.94,18.10,18.94,85629994,1906221184.00
2023/05/05,18.80,18.80,18.44,18.48,61381674,1361763456.00
2023/05/08,18.48,18.79,18.39,18.72,68970395,1532070528.00
2023/05/09,18.65,19.47,18.60,19.13,97493818,2223384576.00
2023/05/10,19.13,19.59,18.77,18.77,68545226,1558869120.00
2023/05/11,18.91,19.41,18.80,19.18,53842282,1227855360.00
2023/05/12,19.22,19.53,19.08,19.29,68203507,1563876864.00
2023/05/15,19.18,19.39,19.09,19.38,53032288,1214174592.00
2023/05/16,19.38,19.51,19.09,19.34,56416956,1294922496.00
2023/05/17,19.36,19.51,19.19,19.26,45011722,1032793280.00
2023/05/18,19.30,19.65,19.29,19.46,46870802,1083068416.00
2023/05/19,19.39,19.46,19.19,19.20,36188627,828257664.00
2023/05/22,19.32,19.70,19.24,19.61,58294305,1351315328.00
2023/05/23,19.62,19.71,19.42,19.42,33097802,766352256.00
2023/05/24,19.42,19.46,19.01,19.01,47676819,1085587456.00
2023/05/25,19.00,19.18,18.90,19.08,36926960,836120640.00
2023/05/26,19.10,19.21,18.92,18.94,27560741,624126080.00
2023/05/29,19.00,19.31,18.99,19.27,40164380,916101376.00
2023/05/30,19.26,19.32,18.86,19.13,45108675,1022565184.00
2023/05/31,18.99,19.02,18.52,18.89,72571854,1621345152.00
2023/06/01,18.82,18.98,18.70,18.76,38815383,871584832.00
2023/06/02,18.86,18.87,18.64,18.71,39196216,876639360.00
2023/06/05,18.77,18.98,18.73,18.83,31618493,711047296.00
2023/06/06,18.83,18.95,18.65,18.70,28642997,642179584.00
2023/06/07,18.78,18.88,18.67,18.72,32193766,721404032.00
2023/06/08,18.77,19.06,18.73,19.04,28975656,653582592.00
2023/06/09,19.03,19.30,19.01,19.24,37542101,856273664.00
2023/06/12,19.22,19.26,18.75,18.76,48973114,1103359488.00
2023/06/13,18.77,18.86,18.59,18.68,41725257,931606464.00
2023/06/14,18.76,18.90,18.63,18.63,36401569,815059904.00
2023/06/15,18.70,18.76,18.42,18.66,44324254,984149824.00
2023/06/16,18.68,18.87,18.45,18.58,58476997,1298503296.00
2023/06/19,18.50,18.59,18.27,18.56,47313924,1043945344.00
2023/06/20,18.50,18.65,18.46,18.47,31614674,700793472.00
2023/06/21,18.58,18.78,18.47,18.48,40552640,902651840.00
2023/06/26,18.48,18.64,18.28,18.62,56234619,1244813440.00
2023/06/27,18.62,18.65,18.29,18.50,38132365,842098816.00
2023/06/28,18.52,18.88,18.48,18.86,56781300,1269911552.00
2023/06/29,18.86,18.87,18.47,18.51,49900268,1108293248.00
2023/06/30,18.51,18.61,18.40,18.44,41402656,914645568.00
2023/07/03,18.47,18.61,18.46,18.50,37126695,821483904.00
2023/07/04,18.50,18.60,18.37,18.43,34503954,760654336.00
2023/07/05,18.46,18.61,18.40,18.45,30686839,678071680.00
2023/07/06,18.45,18.54,18.32,18.38,34855630,767718400.00
2023/07/07,18.34,18.46,18.32,18.38,50686848,1115163648.00
2023/07/10,18.43,18.50,18.33,18.38,33673155,740929344.00
2023/07/11,18.43,18.43,18.24,18.38,48549340,1066315648.00
2023/07/12,18.33,18.56,18.27,18.52,50524580,1115293184.00
2023/07/13,18.52,18.93,18.46,18.80,64738173,1449384064.00
2023/07/14,18.76,18.93,18.69,18.85,38716992,869178816.00
2023/07/17,18.86,18.92,18.70,18.82,19692852,441213600.00
2023/07/18,18.85,18.91,18.76,18.79,26852118,602593984.00
2023/07/19,18.70,18.90,18.70,18.88,33067242,743226368.00
2023/07/20,18.96,18.99,18.78,18.78,43441048,978367232.00
2023/07/21,18.84,19.09,18.80,18.84,55037050,1192718592.00
2023/07/24,18.74,18.92,18.71,18.80,27695910,596740160.00
2023/07/25,18.88,18.88,18.49,18.57,76403811,1631583744.00
2023/07/26,18.57,18.64,18.46,18.63,48259584,1028987392.00
2023/07/27,18.61,18.73,18.44,18.47,41365168,882205120.00
2023/07/28,18.46,18.63,18.38,18.58,58936112,1253796992.00
2023/07/31,18.57,18.89,18.57,18.70,66832972,1436470272.00
2023/08/01,18.74,18.96,18.69,18.96,48913543,1055453760.00
2023/08/02,18.94,18.96,18.76,18.83,32253850,696646464.00
2023/08/03,18.88,18.94,18.78,18.90,34163438,739362688.00
2023/08/04,18.90,19.06,18.72,18.78,40381332,871899328.00
2023/08/07,18.79,19.19,18.76,19.16,55382078,1208238976.00
2023/08/08,19.08,19.35,19.08,19.34,38844748,855559360.00
2023/08/09,19.33,19.40,19.05,19.35,41577714,915613760.00
2023/08/10,19.35,19.40,19.21,19.33,23060030,509011360.00
2023/08/11,19.32,19.35,18.99,18.99,32019540,700996160.00
2023/08/14,18.94,19.19,18.79,19.05,55076635,1197466624.00
2023/08/15,19.04,19.32,19.00,19.26,45695084,1005038912.00
2023/08/16,19.27,19.31,19.05,19.11,25178833,551426688.00
2023/08/17,19.06,19.38,19.01,19.36,37276997,819974848.00
2023/08/18,19.30,19.51,19.29,19.30,28602655,633082560.00
2023/08/21,19.30,19.39,19.09,19.09,31102219,684516288.00
2023/08/22,19.18,19.34,19.03,19.24,41603369,914974592.00
2023/08/23,19.27,19.43,19.15,19.19,33748678,744363136.00
2023/08/24,19.16,19.23,18.99,19.01,38803475,847106688.00
2023/08/25,18.99,19.44,18.96,19.40,46090226,1016855104.00
2023/08/28,19.74,19.79,19.23,19.36,74975981,1662876032.00
2023/08/29,19.36,19.52,19.13,19.16,53386187,1179054848.00
2023/08/30,19.24,19.38,19.15,19.21,33400727,734543744.00
2023/08/31,19.19,19.40,19.14,19.30,47313602,1041852800.00
2023/09/01,19.25,19.30,18.99,19.05,53041577,1159084288.00
2023/09/04,19.14,19.15,18.82,18.91,74823274,1623177856.00
2023/09/05,18.91,19.16,18.86,19.13,58410844,1273652480.00
2023/09/06,19.06,19.19,19.04,19.05,24971636,545903552.00
2023/09/07,19.09,19.17,18.92,19.09,43893255,958542912.00
2023/09/08,19.06,19.13,18.95,19.08,28667854,625457600.00
2023/09/11,19.07,19.30,19.07,19.23,38344647,842758144.00
2023/09/12,19.20,19.32,19.13,19.31,31843404,700757184.00
2023/09/13,19.34,19.57,19.25,19.49,63334136,1407844224.00
2023/09/14,19.61,20.04,19.50,19.93,79022797,1786148736.00
2023/09/15,19.93,20.03,19.64,19.76,49541759,1117513216.00
2023/09/18,19.70,19.80,19.56,19.65,39691537,889442048.00
2023/09/19,19.62,19.81,19.54,19.77,29739454,668334208.00
2023/09/20,19.76,19.86,19.65,19.80,28007733,631401664.00
2023/09/21,19.81,19.88,19.61,19.62,36365479,817129728.00
2023/09/22,19.68,19.79,19.56,19.72,44917825,1007774656.00
2023/09/25,19.83,19.90,19.62,19.73,34086051,768741184.00
2023/09/26,19.78,19.78,19.57,19.65,25716599,576492672.00
2023/09/27,19.70,19.71,19.42,19.45,39799705,886397504.00
2023/09/28,19.50,19.62,19.47,19.48,34407402,767155328.00
2023/10/09,19.49,19.96,19.49,19.80,54393412,1226702848.00
2023/10/10,19.94,19.94,19.68,19.85,36118046,816386880.00
2023/10/11,19.91,20.13,19.84,19.87,40765737,927786048.00
2023/10/12,20.13,20.13,19.78,19.86,29530565,668632576.00
2023/10/13,19.79,20.02,19.79,19.98,35919404,814939456.00
2023/10/16,20.02,20.24,19.93,20.02,47498027,1083315968.00
2023/10/17,20.05,20.23,19.97,20.20,41697326,955017600.00
2023/10/18,20.29,20.42,20.10,20.19,49801308,1145979136.00
2023/10/19,20.10,20.23,19.77,19.79,48766564,1106303744.00
2023/10/20,19.79,19.92,19.59,19.59,62885148,1414564224.00
2023/10/23,19.59,19.87,19.44,19.53,53843591,1206621184.00
2023/10/24,19.60,19.91,19.42,19.84,53307701,1196660096.00
2023/10/25,19.84,19.86,19.14,19.15,100522854,2220073472.00
2023/10/26,19.09,19.59,19.06,19.57,66648935,1479450112.00
2023/10/27,19.56,19.71,19.45,19.48,54844060,1225705088.00
2023/10/30,19.50,19.82,19.48,19.69,72835649,1635519616.00
2023/10/31,19.62,19.89,19.51,19.81,63752699,1434746112.00
2023/11/01,19.82,19.98,19.64,19.90,59046355,1335207808.00
2023/11/02,20.01,20.09,19.87,20.00,43439733,989336960.00
2023/11/03,20.00,20.21,19.91,19.95,54743002,1249401600.00
2023/11/06,19.98,20.01,19.42,19.48,100246599,2237002496.00
2023/11/07,19.48,19.58,19.41,19.51,35299090,786444800.00
2023/11/08,19.53,19.69,19.53,19.61,32313709,722886400.00
2023/11/09,19.61,19.89,19.56,19.81,52544027,1183677952.00
2023/11/10,19.81,19.90,19.60,19.81,43730248,984512128.00
2023/11/13,19.75,19.79,19.58,19.77,32429337,728031424.00
2023/11/14,19.77,19.86,19.60,19.61,47746930,1071647616.00
2023/11/15,19.61,19.86,19.61,19.84,48039581,1082387584.00
2023/11/16,19.80,19.97,19.76,19.95,71263004,1615397760.00
2023/11/17,19.89,20.01,19.73,19.86,40668574,918639552.00
2023/11/20,19.90,19.98,19.83,19.89,34358561,778524096.00
2023/11/21,19.86,20.03,19.85,19.94,47189784,1071485376.00
2023/11/22,19.94,20.02,19.84,19.94,33804688,767433984.00
2023/11/23,19.91,19.97,19.71,19.86,40390383,911195968.00
2023/11/24,19.82,20.09,19.80,19.92,55393394,1259538816.00
2023/11/27,19.92,19.96,19.73,19.85,52688942,1188192128.00
2023/11/28,19.85,19.86,19.69,19.74,38065817,856426240.00
2023/11/29,19.78,19.78,19.64,19.70,53049106,1191811840.00
2023/11/30,19.77,20.07,19.71,20.07,93251429,2120302464.00
2023/12/01,20.12,20.13,19.86,19.97,57668131,1310247936.00
2023/12/04,19.97,20.00,19.86,19.94,36736002,833531584.00
2023/12/05,19.93,20.06,19.77,19.82,65955134,1497277696.00
2023/12/06,19.79,19.82,19.63,19.74,60731004,1365199232.00
2023/12/07,19.70,19.89,19.67,19.84,46134177,1041893376.00
2023/12/08,19.79,19.89,19.69,19.86,65214067,1471195008.00
2023/12/11,19.76,20.10,19.59,20.06,91325635,2066586368.00
2023/12/12,19.97,20.25,19.96,20.22,54746391,1253897472.00
2023/12/13,20.21,20.29,20.15,20.23,45780951,1052460096.00
2023/12/14,20.23,20.32,20.05,20.25,46382391,1066767040.00
2023/12/15,20.24,20.39,20.01,20.02,66077881,1514697728.00
2023/12/18,20.02,20.31,20.02,20.31,46320284,1064746688.00
2023/12/19,20.31,20.37,20.21,20.29,56328793,1297692032.00
2023/12/20,20.30,20.72,20.28,20.54,70038502,1632153600.00
2023/12/21,20.52,20.60,20.33,20.39,69287699,1606989312.00
2023/12/22,20.40,20.54,20.35,20.42,55368791,1285336192.00
2023/12/25,20.42,20.66,20.35,20.64,44247999,1031041472.00
2023/12/26,20.64,20.94,20.62,20.77,61519717,1449802240.00
2023/12/27,20.73,20.83,20.58,20.77,56278543,1321553792.00
2023/12/28,20.79,21.03,20.42,20.52,90728328,2121260416.00
2023/12/29,20.54,20.60,20.35,20.58,62846850,1462119040.00
2024/01/02,20.58,21.01,20.56,20.92,68880298,1627813632.00
2024/01/03,20.91,21.04,20.84,21.00,60752512,1439625344.00
2024/01/04,21.04,21.22,20.85,21.04,61342335,1458263680.00
2024/01/05,21.02,21.19,20.90,20.98,70563121,1680566784.00
2024/01/08,20.98,21.06,20.77,20.84,65439403,1546139904.00
2024/01/09,20.84,20.92,20.54,20.78,80150503,1884034560.00
2024/01/10,20.75,20.88,20.45,20.58,67243039,1569818880.00
2024/01/11,20.62,20.63,20.35,20.42,60919882,1415166976.00
2024/01/12,20.33,20.83,20.33,20.77,62005621,1452655360.00
2024/01/15,20.72,20.89,20.64,20.74,40987662,964175872.00
2024/01/16,20.66,20.81,20.54,20.79,57834255,1355366912.00
2024/01/17,20.79,20.84,20.56,20.56,66509131,1559265024.00
2024/01/18,20.54,20.66,20.12,20.56,122738921,2841916672.00
2024/01/19,20.54,20.76,20.36,20.74,94494749,2208441088.00
2024/01/22,20.40,20.72,20.31,20.47,110790646,2581327104.00
2024/01/23,20.40,20.59,20.17,20.49,85306405,1971732992.00
2024/01/24,20.55,21.11,20.52,21.09,108649042,2566320896.00
2024/01/25,21.10,21.34,20.95,21.18,82891286,1978742272.00
2024/01/26,21.09,21.43,21.05,21.37,71370324,1712379264.00
2024/01/29,21.33,21.74,21.30,21.51,69416961,1691010304.00
2024/01/30,21.50,21.60,21.25,21.34,79784398,1927744000.00
2024/01/31,21.32,21.70,21.27,21.64,88550152,2155156224.00
2024/02/01,21.54,21.68,21.39,21.39,66074108,1601356800.00
2024/02/02,21.46,21.76,21.39,21.52,101817510,2482060032.00
2024/02/05,21.59,22.12,21.53,22.00,114937132,2832953856.00
2024/02/06,21.94,22.50,21.82,21.96,126603040,3150676480.00
2024/02/07,22.03,22.04,21.48,21.94,135642238,3325417216.00
2024/02/08,21.85,21.98,21.64,21.88,87497217,2150797056.00
2024/02/19,21.82,22.53,21.74,22.44,87245684,2183694592.00
2024/02/20,22.42,22.96,22.35,22.78,68608378,1750801408.00
2024/02/21,22.76,22.94,22.63,22.63,79877592,2040015360.00
2024/02/22,22.74,22.92,22.60,22.79,66689215,1701564032.00
2024/02/23,22.74,22.98,22.56,22.93,61030579,1558028544.00
2024/02/26,22.73,22.78,22.17,22.19,80588451,2031771904.00
2024/02/27,22.15,22.28,22.06,22.17,54655099,1361112192.00
2024/02/28,22.06,22.68,21.83,22.54,120223309,3011572224.00
2024/02/29,22.44,22.56,22.24,22.29,76228710,1914111616.00
2024/03/01,22.29,22.39,22.14,22.24,57112914,1427971200.00
2024/03/04,22.21,22.71,22.11,22.69,86329895,2180343296.00
2024/03/05,22.59,23.24,22.57,23.18,98844338,2550840576.00
2024/03/06,23.14,23.54,23.05,23.10,87775400,2284641792.00
2024/03/07,23.09,23.36,23.04,23.14,76693945,1987481600.00
2024/03/08,23.16,23.33,23.00,23.07,61448903,1589578880.00
2024/03/11,23.01,23.23,22.81,23.00,76887209,1980534400.00
2024/03/12,22.94,22.99,22.00,22.07,159072692,3993859840.00
2024/03/13,22.07,22.17,21.75,22.13,129403361,3201049088.00
2024/03/14,22.00,22.12,21.83,21.93,99913194,2471465472.00
2024/03/15,21.93,22.17,21.90,21.95,73946991,1831479808.00
2024/03/18,21.93,22.11,21.85,21.91,80008345,1976509056.00
2024/03/19,21.91,22.22,21.84,21.96,79130509,1963356160.00
2024/03/20,21.96,22.46,21.90,22.24,104635892,2615165440.00
2024/03/21,22.29,22.34,22.16,22.18,66811218,1670493184.00
2024/03/22,22.17,22.33,22.01,22.25,77408692,1932584832.00
2024/03/25,22.33,22.34,22.18,22.22,67464484,1687444480.00
2024/03/26,22.24,22.26,21.94,22.08,76837709,1909598592.00
2024/03/27,22.03,22.26,22.01,22.07,72631540,1809850496.00
2024/03/28,22.10,22.26,21.89,22.09,81593841,2025213184.00
2024/03/29,22.07,22.22,22.06,22.17,59329136,1477764608.00
2024/04/01,22.19,22.23,21.91,21.97,87831553,2177047552.00
2024/04/02,21.96,22.08,21.79,21.88,92854480,2291658240.00
2024/04/03,21.84,21.86,21.50,21.68,115308126,2811178496.00
2024/04/08,21.65,22.65,21.63,22.60,179639804,4495192064.00
2024/04/09,22.44,22.61,22.23,22.39,104343345,2623607296.00
2024/04/10,22.39,22.97,22.38,22.87,112399910,2870415104.00
2024/04/11,22.82,22.90,22.51,22.85,68916555,1760367872.00
2024/04/12,22.79,22.88,22.59,22.66,62788587,1599124992.00
2024/04/15,22.67,23.17,22.66,23.13,78534769,2026912640.00
2024/04/16,23.05,23.40,22.92,23.17,83440594,2163792128.00
2024/04/17,23.09,23.34,22.77,23.22,81773935,2111578240.00
2024/04/18,23.16,23.43,23.04,23.19,84898080,2205477120.00
2024/04/19,23.14,23.33,22.97,23.24,77485367,2007554176.00
2024/04/22,23.17,23.43,23.05,23.10,64125192,1664599680.00
2024/04/23,23.08,23.29,22.84,23.01,57550366,1485631104.00
2024/04/24,23.14,23.18,22.91,23.01,56309187,1450080256.00
2024/04/25,22.99,23.09,22.80,22.92,42847022,1098347520.00
2024/04/26,22.85,23.10,22.79,22.81,69028833,1770684672.00
2024/04/29,22.81,22.90,22.54,22.72,77653000,1978050432.00
2024/04/30,22.64,23.26,22.60,23.03,88274253,2280869888.00
2024/05/06,23.03,23.03,22.67,22.71,110588987,2821688320.00
2024/05/07,22.71,22.75,22.56,22.59,63482761,1609969152.00
2024/05/08,22.59,22.79,22.55,22.55,60627239,1538925440.00
2024/05/09,22.59,22.64,22.40,22.60,68681549,1736820736.00
2024/05/10,22.60,22.76,22.50,22.72,79808793,2029155584.00
2024/05/13,22.74,22.94,22.60,22.86,92647353,2368887040.00
2024/05/14,22.86,22.86,22.62,22.82,60506173,1543748096.00
2024/05/15,22.79,22.93,22.69,22.72,44384153,1133848576.00
2024/05/16,22.73,22.78,22.64,22.66,57841400,1471765888.00
2024/05/17,22.69,23.09,22.68,23.02,94950720,2438121984.00
2024/05/20,22.98,23.40,22.90,23.23,91014753,2362152960.00
2024/05/21,23.29,23.49,23.22,23.34,64932506,1693481728.00
2024/05/22,23.40,23.45,23.17,23.22,56950230,1482943488.00
2024/05/23,23.29,23.58,23.20,23.39,77312597,2023279744.00
2024/05/24,23.45,23.79,23.37,23.54,77715134,2051397888.00
2024/05/27,23.55,23.94,23.55,23.75,78000895,2069505152.00
2024/05/28,23.76,24.07,23.72,23.95,67259257,1793773696.00
2024/05/29,23.94,24.01,23.65,23.93,62051985,1651090944.00
2024/05/30,23.90,24.19,23.84,23.94,53980515,1444639488.00
2024/05/31,24.00,24.26,23.82,23.85,70818931,1894832512.00
2024/06/03,24.13,24.74,23.99,24.67,114876331,3129895680.00
2024/06/04,24.67,24.94,24.54,24.72,79276175,2178484736.00
2024/06/05,24.78,25.32,24.73,25.20,88722153,2474874624.00
2024/06/06,25.14,25.62,25.00,25.27,106120323,2979916032.00
2024/06/07,25.24,25.61,25.14,25.55,86811639,2447258880.00
2024/06/11,25.56,25.73,25.16,25.42,87333796,2460615168.00
2024/06/12,25.32,25.74,25.24,25.62,75624228,2141399424.00
2024/06/13,25.63,26.04,25.56,25.94,89282721,2555030016.00
2024/06/14,25.89,26.01,24.97,25.14,242643011,6814644736.00
2024/06/17,24.99,25.30,24.83,25.13,106730295,2976152832.00
2024/06/18,25.13,25.18,24.83,25.04,65893578,1828330880.00
2024/06/19,25.02,25.31,24.96,25.28,53659074,1497817344.00
2024/06/20,25.31,25.64,25.25,25.58,65568919,1851949184.00
2024/06/21,25.58,25.76,25.27,25.57,74296501,2104127488.00
2024/06/24,25.64,26.24,25.59,26.13,106929642,3075272448.00
2024/06/25,26.11,26.16,25.54,25.89,88021088,2521523968.00
2024/06/26,25.93,26.11,25.62,25.89,51424125,1469826176.00
2024/06/27,25.84,26.19,25.82,26.06,66550911,1917338368.00
2024/06/28,26.06,26.27,25.82,26.16,72366983,2089609600.00
2024/07/01,26.16,26.89,26.16,26.72,72351910,2123942528.00
2024/07/02,26.71,26.80,26.48,26.72,58289049,1714526720.00
2024/07/03,26.65,26.76,26.24,26.54,73251987,2136621568.00
2024/07/04,26.46,26.79,26.44,26.63,66193048,1945477888.00
2024/07/05,26.81,26.81,26.09,26.56,100763142,2934921472.00
2024/07/08,26.46,27.29,26.44,27.16,100897073,3002371328.00
2024/07/09,27.15,27.57,27.05,27.55,85724564,2582804736.00
2024/07/10,27.52,27.66,27.11,27.34,76596809,2303742208.00
2024/07/11,27.37,27.44,26.94,27.43,74713995,2236982784.00
2024/07/12,27.40,27.54,27.04,27.12,68112730,2040744576.00
2024/07/15,27.03,27.74,26.90,27.67,78795504,2382355712.00
2024/07/16,27.74,28.11,27.49,28.04,68924858,2109134592.00
2024/07/17,27.99,28.19,27.80,28.04,74056856,2281313280.00
2024/07/18,27.99,28.68,27.96,28.60,99995624,3111871488.00
2024/07/19,28.56,28.78,28.34,28.64,112417521,3424215808.00
2024/07/22,28.64,28.66,27.76,28.44,97427649,2935254016.00
2024/07/23,28.46,28.86,28.34,28.73,90144787,2759644928.00
2024/07/24,28.73,29.25,28.60,29.10,88281095,2734065152.00
2024/07/25,29.13,29.34,28.43,28.89,97736868,3005729024.00
2024/07/26,28.77,28.77,27.79,28.21,114955273,3451737344.00
2024/07/29,28.02,28.46,27.57,28.26,75162251,2258829056.00
2024/07/30,28.23,28.52,27.94,28.17,60682304,1828272512.00
2024/07/31,28.11,28.13,27.54,27.92,94433185,2812743168.00
2024/08/01,27.71,28.40,27.66,28.18,68485869,2057753600.00
2024/08/02,28.06,28.38,27.86,28.30,57775048,1740593152.00
2024/08/05,28.15,28.26,27.91,27.96,63103071,1894210432.00
2024/08/06,27.96,28.15,27.36,27.52,93657365,2766825984.00
2024/08/07,27.43,28.11,27.43,27.81,67641078,2018243328.00
2024/08/08,27.81,28.07,27.68,27.84,46760473,1394043136.00
2024/08/09,27.77,27.85,27.43,27.60,59690063,1763288960.00
2024/08/12,27.62,27.77,27.18,27.24,51089121,1500108928.00
2024/08/13,27.34,27.44,27.12,27.32,46163028,1349026944.00
2024/08/14,27.35,27.91,27.09,27.61,67862636,2004395648.00
2024/08/15,27.60,28.03,27.46,27.86,59889587,1783081216.00
2024/08/16,27.88,27.94,27.59,27.68,50949931,1509091328.00
2024/08/19,27.65,27.92,27.63,27.79,42798248,1272877056.00
2024/08/20,27.82,27.90,27.49,27.71,46130402,1364741888.00
2024/08/21,27.72,27.85,27.29,27.81,47190994,1395813760.00
2024/08/22,27.76,28.36,27.75,28.30,77938021,2341186816.00
2024/08/23,28.33,28.38,27.86,27.97,54611188,1639163776.00
2024/08/26,27.97,28.11,27.54,27.88,49639581,1474548480.00
2024/08/27,27.82,27.96,27.64,27.86,35060495,1043728896.00
2024/08/28,27.85,28.16,27.76,27.88,49690215,1485759104.00
2024/08/29,27.90,27.93,27.32,27.42,67603577,1991001472.00
2024/08/30,27.31,27.64,26.77,27.44,89849336,2626216960.00
2024/09/02,27.09,27.87,27.08,27.77,73329606,2171845376.00
2024/09/03,27.71,27.85,27.11,27.17,66710788,1952057344.00
2024/09/04,27.17,27.40,26.97,27.21,40153496,1170959360.00
2024/09/05,27.22,27.34,26.98,27.18,37487408,1088725248.00
2024/09/06,27.16,27.54,27.13,27.16,40053763,1173648896.00
2024/09/09,27.29,27.49,27.12,27.41,63373236,1856318848.00
2024/09/10,27.37,27.55,27.01,27.21,58004957,1692616064.00
2024/09/11,27.21,27.21,25.71,25.86,143949737,4047995136.00
2024/09/12,25.76,26.12,25.69,25.92,66219139,1843149312.00
2024/09/13,25.92,26.56,25.88,26.36,80973210,2289211136.00
2024/09/18,26.31,26.80,26.28,26.38,52623623,1500353792.00
2024/09/19,26.43,26.49,25.90,26.39,69799705,1964300160.00
2024/09/20,26.24,26.38,25.90,26.21,82295178,2309733120.00
2024/09/23,26.21,26.49,26.04,26.26,47904951,1353258752.00
2024/09/24,26.49,26.94,26.13,26.82,106478651,3033603584.00
2024/09/25,26.98,27.70,26.89,26.99,118176242,3447719936.00
2024/09/26,27.10,27.19,26.77,27.19,114316343,3305503232.00
2024/09/27,27.29,27.29,26.12,27.05,188703666,5391564288.00
2024/09/30,26.89,28.56,26.67,28.11,396078494,11687902208.00
2024/10/08,30.07,30.34,26.94,27.28,462356540,13932515328.00
2024/10/09,27.04,27.45,26.28,26.61,266925415,7713072128.00
2024/10/10,26.66,27.89,26.65,27.24,262428403,7695861760.00
2024/10/11,27.26,27.81,27.06,27.27,142589633,4191339776.00
2024/10/14,27.28,27.61,27.16,27.41,144701436,4245091584.00
2024/10/15,27.36,27.45,26.94,26.94,117112841,3411758080.00
2024/10/16,26.86,27.38,26.67,26.77,127230016,3677022720.00
2024/10/17,26.79,26.85,26.36,26.36,112093819,3190851584.00
2024/10/18,26.38,26.73,26.09,26.49,149181606,4224020224.00
2024/10/21,26.42,26.42,25.91,26.02,139628417,3905210112.00
2024/10/22,26.02,26.42,25.89,26.14,104063225,2922214912.00
2024/10/23,26.14,26.39,26.06,26.12,90280066,2538199808.00
2024/10/24,26.12,26.19,25.81,26.06,78386191,2189138432.00
2024/10/25,26.06,26.14,25.47,25.60,150718465,4162517760.00
2024/10/28,25.60,25.60,25.22,25.60,117784905,3221776384.00
2024/10/29,25.60,26.09,25.41,25.77,131188363,3635175168.00
2024/10/30,25.78,25.95,25.51,25.77,101259892,2800095232.00
2024/10/31,26.04,26.07,25.48,25.64,121903136,3369699584.00
2024/11/01,25.57,26.06,25.45,26.04,121360771,3377377024.00
2024/11/04,26.04,26.05,25.67,25.96,90600962,2514532352.00
2024/11/05,25.87,26.00,25.78,25.92,130938756,3643039744.00
2024/11/06,25.89,25.96,25.52,25.56,138088740,3816254720.00
2024/11/07,25.46,25.91,25.45,25.89,133033377,3687552768.00
2024/11/08,25.90,26.02,25.59,25.68,119023483,3295504896.00
2024/11/11,25.52,25.69,25.42,25.54,93996202,2579507968.00
2024/11/12,25.54,25.69,25.01,25.03,201746671,5479471104.00
2024/11/13,24.94,25.55,24.84,25.45,155188222,4230284032.00
2024/11/14,25.41,25.75,25.29,25.48,98646616,2714473216.00
2024/11/15,25.43,25.55,25.16,25.16,93580893,2550153984.00
2024/11/18,25.22,25.60,25.15,25.48,119051790,3261120256.00
2024/11/19,25.46,25.56,25.23,25.43,95680280,2615794176.00
2024/11/20,25.43,25.81,25.27,25.68,99804939,2747324928.00
2024/11/21,25.62,25.76,25.60,25.73,67848491,1875901056.00
2024/11/22,25.73,25.84,25.32,25.32,97129106,2668597248.00
2024/11/25,25.45,25.65,25.09,25.19,101408771,2767754752.00
2024/11/26,25.16,25.25,24.97,25.06,88306380,2387017984.00
2024/11/27,25.04,25.51,25.04,25.45,102469314,2795306752.00
2024/11/28,25.43,25.54,25.23,25.49,69160630,1892727040.00
2024/11/29,25.50,25.76,25.36,25.38,109026420,2998565888.00
2024/12/02,25.45,25.77,25.36,25.67,88629895,2442141184.00
2024/12/03,25.68,26.16,25.60,26.01,134347559,3742682880.00
2024/12/04,26.01,26.59,25.87,26.51,137225662,3874771968.00
2024/12/05,26.46,26.74,26.26,26.36,98035433,2785865472.00
2024/12/06,26.38,26.60,26.21,26.24,90935412,2571289600.00
2024/12/09,26.19,26.57,25.99,26.47,80287292,2273588992.00
2024/12/10,26.46,26.64,26.02,26.08,167887746,4740338688.00
2024/12/11,26.16,26.28,26.03,26.23,63618426,1788397184.00
2024/12/12,26.21,26.54,26.19,26.46,77874956,2210068992.00
2024/12/13,26.50,26.94,26.40,26.78,154285770,4421516800.00
2024/12/16,26.84,27.45,26.84,27.34,143463294,4191213568.00
2024/12/17,27.39,27.61,27.25,27.33,107804406,3166685440.00
2024/12/18,27.44,27.88,27.19,27.48,98396558,2902181376.00
2024/12/19,27.32,27.72,27.27,27.32,91061598,2682851072.00
2024/12/20,27.27,27.49,27.14,27.26,78725172,2300287488.00
2024/12/23,27.25,27.87,27.17,27.63,108633632,3214209024.00
2024/12/24,27.53,27.91,27.42,27.87,92735550,2753108480.00
2024/12/25,27.88,27.99,27.73,27.85,68516052,2043557888.00
2024/12/26,27.85,27.89,27.35,27.38,89884558,2645228032.00
2024/12/27,27.36,27.69,27.23,27.67,85423709,2508819712.00
2024/12/30,27.67,27.89,27.40,27.47,77825662,2298925056.00
2024/12/31,27.46,27.83,27.42,27.61,96537038,2859608064.00
2025/01/02,27.57,27.79,27.14,27.26,104122008,3057996032.00
2025/01/03,27.27,27.49,26.91,27.06,94632286,2753136640.00
2025/01/06,27.16,27.16,26.57,26.95,79467426,2286573056.00
2025/01/07,26.94,26.95,26.60,26.76,65496030,1879633152.00
2025/01/08,26.73,27.22,26.69,27.06,90630929,2624410368.00
2025/01/09,27.00,27.12,26.70,26.85,58177058,1676501504.00
2025/01/10,26.85,27.11,26.57,26.93,69490983,2005099904.00
2025/01/13,26.86,26.97,26.49,26.87,90627806,2602917120.00
2025/01/14,26.86,27.04,26.78,26.90,81985665,2362763264.00
2025/01/15,26.79,27.18,26.67,26.86,72279278,2086198272.00
2025/01/16,26.79,27.04,26.78,26.90,72060240,2076090752.00
2025/01/17,26.93,27.09,26.82,27.07,59637230,1726533760.00
2025/01/20,27.11,27.12,26.89,27.03,66542377,1927427712.00
2025/01/21,27.02,27.37,26.88,27.22,78941328,2299694592.00
2025/01/22,27.22,27.36,26.66,26.75,107370320,3102296576.00
2025/01/23,26.78,26.87,26.34,26.56,103468365,2953937664.00
2025/01/24,26.65,26.92,26.47,26.47,84000577,2388148480.00
2025/01/27,26.54,27.37,26.49,27.17,99524449,2863650304.00
2025/02/05,27.13,27.16,26.54,26.62,90286113,2568658688.00
2025/02/06,26.63,26.70,26.40,26.54,67609734,1908311680.00
2025/02/07,26.47,26.51,26.17,26.40,109147551,3059789824.00
2025/02/10,26.32,26.43,26.17,26.18,96900076,2709703680.00
2025/02/11,26.25,26.25,25.97,26.17,90138630,2507433472.00
2025/02/12,26.12,26.30,26.04,26.26,71470071,1996133120.00
2025/02/13,26.19,26.50,26.10,26.44,94001814,2643911936.00
2025/02/14,26.44,26.77,26.32,26.48,92876377,2628490752.00
2025/02/17,26.33,26.44,25.89,26.44,109580719,3060604928.00
2025/02/18,26.32,26.83,26.32,26.63,108370674,3074479616.00
2025/02/19,26.53,26.68,26.30,26.34,83243097,2344764672.00
2025/02/20,26.27,26.39,26.13,26.31,69621175,1949177984.00
2025/02/21,26.31,26.31,25.98,26.07,124688160,3470960384.00
2025/02/24,26.07,26.19,25.78,25.82,129403179,3578403328.00
2025/02/25,25.85,25.92,25.47,25.60,97322862,2669049600.00
2025/02/26,25.57,25.97,25.54,25.90,88916962,2451236864.00
2025/02/27,25.91,25.99,25.58,25.79,99176939,2727061248.00
2025/02/28,25.75,26.01,25.62,25.65,117501775,3236479232.00
2025/03/03,25.65,25.70,25.33,25.36,112763438,3060769024.00
2025/03/04,25.36,25.47,25.25,25.42,64725189,1755054848.00
2025/03/05,25.41,25.87,25.28,25.75,94660546,2594982656.00
2025/03/06,25.68,25.75,25.42,25.49,98075923,2671549696.00
2025/03/07,25.48,25.64,25.40,25.53,68383213,1864258560.00
2025/03/10,25.54,25.55,25.30,25.37,88322350,2392990720.00
2025/03/11,25.31,25.56,25.30,25.46,91040312,2468093184.00
2025/03/12,25.43,25.46,25.28,25.39,78523785,2126412544.00
2025/03/13,25.37,25.62,25.36,25.52,87409660,2380546816.00
2025/03/14,25.56,25.82,25.50,25.72,111413990,3056432896.00
2025/03/17,25.78,25.96,25.62,25.64,76352193,2099106688.00
2025/03/18,25.64,25.69,25.44,25.47,77719309,2116224384.00
2025/03/19,25.51,25.97,25.43,25.90,131859932,3633878016.00
2025/03/20,25.97,26.03,25.81,25.91,60194152,1663702528.00
2025/03/21,25.94,26.03,25.64,25.67,74187671,2042970880.00
2025/03/24,25.69,26.07,25.64,25.97,99162478,2745637376.00
2025/03/25,25.98,26.27,25.83,26.20,77255982,2152626432.00
2025/03/26,26.20,26.26,25.88,26.10,69088342,1917234944.00
2025/03/27,26.02,26.13,25.89,26.04,57299116,1588239104.00
2025/03/28,26.03,26.17,25.91,26.12,57222334,1590738688.00
2025/03/31,26.19,26.38,26.02,26.08,90484100,2528379648.00
2025/04/01,26.12,26.21,25.93,26.17,57988638,1614469504.00
2025/04/02,26.17,26.23,25.98,26.10,55353026,1539467904.00
2025/04/03,25.98,26.71,25.98,26.67,143798229,4054692608.00
2025/04/07,26.31,27.13,26.04,26.60,325872228,9247372288.00
2025/04/08,26.53,27.45,26.27,27.32,234119048,6700167168.00
2025/04/09,27.32,27.87,27.03,27.84,219801803,6447093760.00
2025/04/10,27.73,27.76,27.12,27.44,138562486,4027976448.00
2025/04/11,27.55,27.55,27.27,27.47,87332101,2542617600.00
2025/04/14,27.28,27.52,27.09,27.42,82637532,2399272704.00
2025/04/15,27.35,27.62,27.26,27.54,78307971,2283991296.00
2025/04/16,27.52,27.68,27.32,27.67,100760206,2945910016.00
2025/04/17,27.57,27.59,27.27,27.48,84085337,2448925440.00
2025/04/18,27.37,27.87,27.33,27.85,88117388,2592643328.00
2025/04/21,27.77,27.97,27.57,27.58,56583745,1666610560.00
2025/04/22,27.59,28.09,27.50,27.60,76894856,2269549824.00
2025/04/23,27.55,27.65,27.35,27.47,61610691,1800663552.00
2025/04/24,27.47,27.82,27.43,27.73,56927325,1675349888.00
2025/04/25,27.75,28.00,27.57,27.79,54457223,1604922496.00
2025/04/28,27.79,28.19,27.68,27.99,72347085,2153223936.00
2025/04/29,27.99,28.04,27.62,27.73,72305923,2130508800.00
2025/04/30,27.82,27.84,27.59,27.77,55350878,1630308224.00
2025/05/06,27.92,27.92,27.40,27.45,83099000,2427460608.00
2025/05/07,27.55,27.65,27.33,27.62,80888990,2365688064.00
2025/05/08,27.55,27.75,27.49,27.58,46996050,1380550528.00
2025/05/09,27.57,28.04,27.55,27.82,73292755,2165675520.00
2025/05/12,27.73,27.96,27.58,27.81,57235498,1690208640.00
2025/05/13,27.69,28.01,27.63,28.01,61698606,1827173120.00
2025/05/14,28.00,28.37,27.94,28.35,74790567,2238358272.00
2025/05/15,28.33,28.63,28.27,28.62,71543285,2161488640.00
2025/05/16,28.57,28.77,28.23,28.37,63755987,1920478848.00
2025/05/19,28.37,28.85,28.37,28.74,56194236,1709383552.00
2025/05/20,28.75,29.21,28.75,28.95,60587616,1863321472.00
2025/05/21,29.01,29.22,28.97,29.07,53549849,1650446720.00
2025/05/22,29.07,29.32,28.83,29.30,53726373,1657926784.00
2025/05/23,29.26,29.33,28.66,28.76,85424773,2613433600.00
2025/05/26,28.67,28.83,28.39,28.61,62651237,1899418112.00
2025/05/27,28.57,28.86,28.49,28.53,56798057,1726016768.00
2025/05/28,28.54,28.82,28.47,28.80,53780908,1636711168.00
2025/05/29,28.75,28.82,28.38,28.56,66936874,2025718784.00
2025/05/30,28.59,28.76,28.47,28.47,64478998,1954519936.00
2025/06/03,28.55,28.62,28.12,28.42,78322252,2350699008.00
2025/06/04,28.41,28.43,28.12,28.16,59558198,1785117440.00
2025/06/05,28.16,28.21,27.92,28.07,55135038,1641525888.00
2025/06/06,28.07,28.29,28.02,28.26,54693654,1638392576.00
2025/06/09,28.20,28.36,28.12,28.25,68059358,2040230144.00
2025/06/10,28.25,28.56,28.23,28.30,66348841,1998903680.00
2025/06/11,28.27,28.55,28.25,28.45,57665617,1739533440.00
2025/06/12,28.43,28.60,28.29,28.46,63183872,1906275584.00
2025/06/13,28.46,28.93,28.45,28.89,104423426,3184688128.00
2025/06/16,28.82,28.89,28.57,28.73,51655391,1573740544.00
2025/06/17,28.72,28.97,28.33,28.94,78898566,2399315200.00
2025/06/18,28.87,29.13,28.84,28.98,62172076,1912521984.00
2025/06/19,29.07,29.11,28.85,28.99,55930574,1716728320.00
2025/06/20,28.99,29.10,28.65,28.67,56160340,1716057600.00
2025/06/23,28.65,29.03,28.55,28.92,58800921,1794276480.00
2025/06/24,28.88,29.08,28.80,28.85,78840002,2415321600.00
2025/06/25,28.75,29.22,28.67,29.15,78370666,2407314176.00
2025/06/26,29.15,29.46,29.13,29.38,70564856,2189373184.00
2025/06/27,29.43,29.43,28.47,28.49,147453009,4499854848.00
2025/06/30,28.50,28.69,28.37,28.41,75518456,2282994944.00
2025/07/01,28.47,28.79,28.42,28.64,59476275,1806986240.00
2025/07/02,28.67,28.75,28.49,28.52,57183495,1734049664.00
2025/07/03,28.53,28.55,28.12,28.36,93681123,2811204096.00
2025/07/04,28.33,28.56,28.28,28.43,67922805,2048728064.00
2025/07/07,28.51,28.55,28.34,28.53,50827848,1534745728.00
2025/07/08,28.54,28.54,28.18,28.19,107328601,3219638784.00
2025/07/09,28.22,28.37,28.12,28.25,67038321,2011578368.00
2025/07/10,28.27,28.35,28.07,28.17,94764305,2835522304.00
2025/07/11,28.19,28.86,28.14,28.67,164215479,4984368640.00
2025/07/14,28.69,29.06,28.67,28.88,77154717,2363137280.00
2025/07/15,28.88,28.95,28.62,28.75,56246157,1714077312.00
2025/07/16,28.87,28.93,28.60,28.61,38621346,1174692480.00
2025/07/17,28.59,28.67,28.39,28.43,61465548,1855170432.00
2025/07/18,28.54,28.60,28.35,28.50,60170190,1774601216.00
2025/07/21,28.70,28.86,28.42,28.51,77827654,2301161472.00
2025/07/22,28.46,28.51,28.28,28.36,94394047,2772595712.00
2025/07/23,28.41,28.45,28.17,28.18,107354945,3142732544.00
2025/07/24,28.19,28.19,27.80,27.94,166882768,4823718400.00
2025/07/25,27.86,27.98,27.75,27.75,100879090,2910198528.00
2025/07/28,27.75,27.84,27.60,27.64,84445060,2421911296.00
2025/07/29,27.61,27.74,27.60,27.63,71772013,2057394688.00
2025/07/30,27.64,27.94,27.64,27.70,97828042,2814742016.00
2025/07/31,27.42,27.42,26.70,26.84,257969828,7209401344.00
2025/08/01,26.79,27.05,26.68,26.99,98148606,2738151424.00
2025/08/04,26.90,27.17,26.80,27.14,82320372,2311780608.00
2025/08/05,27.14,27.18,26.96,27.10,78715270,2209870080.00
2025/08/06,27.09,27.12,26.87,26.97,114493479,3198859520.00
2025/08/07,26.94,27.18,26.84,27.06,105195676,2948188416.00
2025/08/08,27.06,27.08,26.86,26.86,82497210,2304820480.00
2025/08/11,26.86,26.88,26.51,26.69,124355056,3436844032.00
2025/08/12,26.69,26.88,26.64,26.76,74318390,2065281024.00
2025/08/13,26.77,26.85,26.61,26.63,93425687,2589154816.00
2025/08/14,26.62,26.89,26.60,26.66,101758796,2824224256.00
2025/08/15,26.71,26.78,26.60,26.63,107230233,2967736832.00
2025/08/18,26.64,26.72,26.55,26.64,114736196,3169229056.00
2025/08/19,26.65,26.78,26.61,26.63,114602398,3172704256.00
2025/08/20,26.60,26.74,26.46,26.69,102225937,2820525056.00
2025/08/21,26.69,26.95,26.66,26.85,117934754,3284359168.00
2025/08/22,26.88,26.92,26.70,26.87,103210400,2866065152.00
2025/08/25,27.04,27.55,27.03,27.35,218566604,6194362880.00
2025/08/26,27.35,27.40,27.21,27.31,113061248,3198022400.00
2025/08/27,27.25,27.30,26.93,26.96,127532414,3586735360.00
2025/08/28,26.95,26.99,26.69,26.87,109296247,3043101952.00
2025/08/29,26.90,27.16,26.85,27.09,106729846,2996376832.00
2025/09/01,27.10,27.10,26.71,26.79,124608667,3468108800.00
2025/09/02,26.70,27.29,26.70,27.21,175144601,4918052864.00
2025/09/03,27.25,27.40,26.83,26.96,127133113,3563092992.00
2025/09/04,26.94,27.30,26.71,27.23,175848097,4929530880.00
2025/09/05,27.16,27.31,27.00,27.07,106951308,3006365184.00
2025/09/08,27.02,27.22,27.00,27.15,90074039,2532976896.00
2025/09/09,27.16,27.20,26.96,27.01,76131632,2134208256.00
2025/09/10,27.01,27.09,26.90,27.01,59861483,1675916928.00
2025/09/11,27.00,27.11,26.92,27.00,105396656,2946878976.00
2025/09/12,27.00,27.15,26.90,26.93,92972812,2603224832.00
2025/09/15,26.90,26.91,26.76,26.80,72565697,2016875264.00
2025/09/16,26.79,26.80,26.65,26.73,57512876,1594343040.00
2025/09/17,26.72,26.83,26.67,26.70,61492675,1704493440.00
2025/09/18,26.69,26.70,26.21,26.31,144843297,3975030272.00
2025/09/19,26.32,26.35,26.12,26.20,73467022,1999478400.00
2025/09/22,26.10,26.25,26.02,26.12,69683094,1890783488.00
2025/09/23,26.12,26.39,26.03,26.32,87247325,2375221504.00
2025/09/24,26.28,26.53,26.24,26.25,87441299,2391918848.00
2025/09/25,26.21,26.33,26.08,26.29,63429258,1726865408.00
2025/09/26,26.30,26.55,26.24,26.47,79408706,2177282304.00
2025/09/29,26.43,26.50,26.19,26.30,92703100,2532328704.00
2025/09/30,26.35,26.36,26.21,26.25,61882774,1686097152.00
2025/10/09,26.21,26.70,26.15,26.68,113249909,3112861184.00
2025/10/10,26.65,26.79,26.51,26.73,71260502,1973211008.00
2025/10/13,26.70,26.90,26.40,26.79,117498220,3255599104.00
2025/10/14,26.74,27.01,26.55,26.99,136669904,3807496960.00
2025/10/15,26.98,27.15,26.77,26.93,92632329,2588206848.00
2025/10/16,26.85,27.17,26.84,27.16,93973494,2639404800.00
2025/10/17,27.13,27.38,27.06,27.11,114702154,3235603456.00
2025/10/20,27.12,27.15,26.75,27.05,91423076,2555513344.00
2025/10/21,27.00,27.10,26.85,26.91,80163574,2239195648.00
2025/10/22,26.89,27.08,26.85,27.04,61918968,1734320768.00
2025/10/23,27.04,27.27,27.04,27.23,78558809,2215031552.00
2025/10/24,27.21,27.29,27.08,27.19,77060006,2172735232.00
2025/10/27,27.14,27.56,27.02,27.30,124842635,3534388224.00
2025/10/28,27.26,27.54,27.26,27.46,73263565,2082899456.00
2025/10/29,27.46,27.46,27.26,27.29,74054303,2097454976.00
2025/10/30,27.29,27.56,27.19,27.47,86717376,2465019648.00
2025/10/31,27.46,27.46,26.93,27.10,118470229,3332582400.00
2025/11/03,27.11,27.35,27.11,27.31,61378322,1735602304.00
2025/11/04,27.31,27.69,27.28,27.60,104942889,2995456256.00
2025/11/05,27.63,27.69,27.40,27.42,68579115,1954741504.00
2025/11/06,27.39,27.60,27.36,27.50,67392832,1920939264.00
2025/11/07,27.51,27.64,27.43,27.52,55141784,1572837504.00
2025/11/10,27.52,27.59,27.39,27.53,49334459,1406140672.00
2025/11/11,27.53,27.72,27.47,27.62,62517578,1788389376.00
2025/11/12,27.70,27.88,27.61,27.61,62970497,1810844160.00
2025/11/13,27.62,27.73,27.26,27.44,101232804,2874568960.00
2025/11/14,27.44,27.71,27.34,27.34,74762518,2134920320.00
2025/11/17,27.37,27.43,27.03,27.16,72559643,2041952512.00
2025/11/18,27.16,27.34,27.08,27.15,59013698,1664566144.00
2025/11/19,27.15,27.33,27.11,27.23,48159761,1359794688.00
2025/11/20,27.18,27.32,27.05,27.14,57611235,1624414720.00
2025/11/21,27.17,27.27,27.07,27.16,91994150,2591450880.00
2025/11/24,27.18,27.20,26.92,27.19,97179569,2725992448.00
2025/11/25,27.19,27.20,26.83,27.03,92985419,2602515200.00
2025/11/26,27.03,27.12,26.90,26.94,66273278,1854668160.00
2025/11/27,26.93,27.14,26.78,27.09,76869286,2152113664.00
2025/11/28,27.01,27.07,26.95,26.98,59018067,1651765760.00
2025/12/01,27.05,27.15,26.99,27.07,58252394,1634524032.00
2025/12/02,27.03,27.27,27.02,27.26,74877962,2111131904.00
2025/12/03,27.25,27.36,27.21,27.27,44559966,1260442624.00
2025/12/04,27.30,27.32,27.17,27.24,37996706,1072988608.00
2025/12/05,27.24,27.24,27.02,27.07,54497550,1531066240.00
2025/12/08,27.07,27.10,26.86,26.87,75426506,2109155072.00
2025/12/09,26.93,27.04,26.90,26.97,51230207,1432281984.00
2025/12/10,26.93,27.07,26.85,26.89,58538954,1634914944.00
2025/12/11,26.92,26.94,26.75,26.86,69563624,1936057472.00
2025/12/12,26.85,27.05,26.81,27.04,89870832,2509907200.00
2025/12/15,26.99,27.15,26.96,27.04,53946613,1514955520.00
2025/12/16,27.06,27.08,26.82,26.97,67907746,1896170496.00
2025/12/17,26.93,27.00,26.84,26.92,59243613,1653641728.00
2025/12/18,26.92,27.09,26.89,27.08,46419794,1300956800.00
2025/12/19,27.03,27.08,26.82,26.85,79999314,2233930240.00
2025/12/22,26.84,26.86,26.50,26.54,156403393,4316199424.00
2025/12/23,26.50,26.74,26.48,26.72,70945112,1962122240.00
2025/12/24,26.71,26.71,26.55,26.64,49994280,1381469824.00
2025/12/25,26.63,26.68,26.57,26.64,30080576,831149440.00
2025/12/26,26.61,26.67,26.52,26.64,48259339,1332687104.00
2025/12/29,26.64,26.64,26.50,26.52,68903336,1897569280.00
2025/12/30,26.50,26.50,26.32,26.32,72424700,1982353664.00
2025/12/31,26.35,26.37,26.17,26.19,74293024,2021839616.00
2026/01/05,26.20,26.31,26.10,26.28,76569131,2084118016.00
2026/01/06,26.30,26.44,26.24,26.44,73843681,2020307584.00
2026/01/07,26.44,26.45,26.22,26.23,72170195,1970227456.00
2026/01/08,26.23,26.30,26.19,26.26,47057275,1282365952.00
2026/01/09,26.27,26.29,26.18,26.29,62903453,1713592960.00
2026/01/12,26.29,26.45,26.22,26.40,78435554,2145881984.00
2026/01/13,26.45,26.57,26.32,26.36,78538492,2154672384.00
2026/01/14,26.45,26.54,25.80,25.81,292750088,7941387264.00
2026/01/15,25.98,26.01,25.77,25.82,125927447,3382187520.00
2026/01/16,25.88,26.03,25.44,25.52,238854630,6368508928.00
2026/01/19,25.61,25.92,25.60,25.80,104721813,2803299072.00
2026/01/20,25.80,25.94,25.73,25.88,105003377,2822226944.00
2026/01/21,25.89,25.90,25.55,25.58,116328162,3105540608.00
2026/01/22,25.58,25.72,25.30,25.31,180784966,4779737088.00
2026/01/23,25.36,25.42,24.96,25.00,210691513,5502988288.00
2026/01/26,25.05,25.28,24.86,24.98,202869796,5283656704.00
2026/01/27,24.98,25.14,24.86,24.93,131381483,3416663040.00
2026/01/28,24.93,24.94,24.61,24.65,232649760,5985859072.00
2026/01/29,24.65,25.20,24.38,25.03,261623032,6732321280.00
2026/01/30,25.04,25.57,25.04,25.36,223849239,5906699776.00
2026/02/02,25.49,25.55,25.09,25.14,124225665,3267262720.00
2026/02/03,25.20,25.23,24.91,25.00,88543815,2302972672.00
2026/02/04,24.97,25.39,24.95,25.38,95705181,2512165632.00
2026/02/05,25.42,25.69,25.35,25.60,103244750,2739768064.00
2026/02/06,25.60,25.77,25.38,25.52,72562680,1922388480.00
2026/02/09,25.53,25.57,25.28,25.46,67829125,1792121472.00
2026/02/10,25.46,25.60,25.37,25.57,55920101,1483185536.00
2026/02/11,25.58,25.59,25.41,25.48,53388246,1412807424.00
2026/02/12,25.48,25.51,25.26,25.33,73734237,1925901952.00
2026/02/13,25.34,25.39,25.16,25.21,71554068,1863613056.00
2026/02/24,25.34,25.37,25.19,25.26,73078939,1903435520.00
2026/02/25,25.29,25.41,25.16,25.18,95620954,2492461824.00
2026/02/26,25.19,25.30,25.14,25.25,61977169,1611605248.00
2026/02/27,25.26,25.39,25.23,25.25,91903782,2396913152.00
2026/03/02,25.33,25.86,25.33,25.78,181772888,4815662080.00
2026/03/03,25.78,26.31,25.74,26.18,214554653,5763725312.00
2026/03/04,26.01,26.40,25.73,26.30,175735443,4731660288.00
2026/03/05,26.19,26.45,26.05,26.29,132914871,3600687872.00
2026/03/06,26.27,26.36,26.19,26.35,87836924,2377351168.00
2026/03/09,26.37,26.84,26.30,26.41,207502799,5674817024.00
2026/03/10,26.22,26.45,25.94,26.36,119285715,3217091328.00
2026/03/11,26.36,26.52,26.16,26.51,89744546,2439249664.00
2026/03/12,26.53,26.71,26.37,26.71,107896209,2951508736.00
2026/03/13,26.71,26.84,26.56,26.63,94277629,2590387200.00
2026/03/16,26.63,26.71,26.45,26.57,87203787,2388063488.00
2026/03/17,26.53,26.78,26.49,26.70,85028895,2338113024.00
2026/03/18,26.69,26.86,26.45,26.50,80028992,2191462912.00
2026/03/19,26.48,26.69,26.41,26.47,101525781,2777309696.00
2026/03/20,26.47,26.60,26.23,26.39,84555509,2299198464.00
2026/03/23,26.28,26.47,25.87,25.95,175727130,4727621632.00
2026/03/24,26.11,26.34,25.93,26.31,91076718,2455035648.00
2026/03/25,26.36,26.48,26.13,26.42,86054505,2335396608.00
2026/03/26,26.40,26.66,26.31,26.52,84501370,2305295104.00
2026/03/27,26.49,26.61,26.39,26.46,68551722,1869448576.00
2026/03/30,26.46,26.46,26.22,26.35,69278060,1880990720.00
2026/03/31,26.35,26.54,26.25,26.25,80258884,2181329152.00
2026/04/01,26.33,26.33,26.05,26.09,90608171,2440214528.00
2026/04/02,26.11,26.23,25.97,26.22,73984893,1988851840.00
2026/04/03,26.21,26.21,25.87,25.91,65627680,1757122432.00
2026/04/07,25.92,25.96,25.61,25.69,72627179,1926064128.00
2026/04/08,25.73,25.79,25.60,25.79,80619977,2138242048.00
2026/04/09,25.79,25.79,25.52,25.60,69128454,1824030976.00
2026/04/10,25.68,25.71,25.53,25.61,66558904,1756489600.00
2026/04/13,25.60,25.64,25.45,25.63,62626392,1648289536.00
2026/04/14,25.63,25.71,25.53,25.63,70116597,1848972416.00
2026/04/15,25.62,25.88,25.57,25.76,97056586,2576891392.00
2026/04/16,25.77,25.91,25.73,25.76,71958595,1912488064.00
2026/04/17,25.76,25.79,25.59,25.59,83606671,2214978304.00
2026/04/20,25.62,26.05,25.62,26.05,95041799,2538195456.00
2026/04/21,26.07,26.36,26.06,26.34,90443249,2446267904.00
2026/04/22,26.34,26.34,26.03,26.07,74160924,1997674368.00
2026/04/23,26.07,26.22,25.87,26.16,84590800,2270225920.00
2026/04/24,26.12,26.16,25.96,26.02,56446440,1514495488.00
2026/04/27,26.01,26.06,25.83,25.87,56259868,1504214912.00
2026/04/28,25.89,25.99,25.82,25.94,70060777,1869479552.00
2026/04/29,25.92,26.01,25.81,25.98,85596119,2284682240.00
2026/04/30,26.30,26.63,26.15,26.53,191463737,5218424832.00
2026/05/06,26.55,26.55,26.25,26.41,123774954,3359761152.00
2026/05/07,26.39,26.41,26.11,26.26,97328307,2633218304.00
2026/05/08,26.27,26.37,26.19,26.21,80442310,2173718016.00
2026/05/11,26.26,26.41,26.16,26.22,103095275,2787958016.00
2026/05/12,26.22,26.38,26.12,26.25,101176233,2738732800.00
2026/05/13,26.29,26.50,26.18,26.21,139691941,3785965568.00
2026/05/14,26.19,26.29,26.06,26.15,110294232,2971318784.00
2026/05/15,26.11,26.36,25.93,26.24,118755488,3202012416.00
2026/05/18,26.25,26.39,26.02,26.10,91589769,2465321984.00
2026/05/19,26.10,26.56,25.98,26.46,172564585,4692289536.00
2026/05/20,26.46,26.49,26.08,26.11,128434436,3473080576.00
2026/05/21,26.07,26.18,25.84,25.87,116610037,3127663616.00
2026/05/22,25.94,25.97,25.71,25.77,91588815,2436330752.00
2026/05/25,25.81,26.04,25.76,25.88,84154393,2245695744.00
2026/05/26,25.87,26.36,25.80,26.35,162652981,4397744640.00
2026/05/27,26.27,26.54,26.22,26.45,111271540,3026248704.00
2026/05/28,26.46,26.58,26.32,26.43,114657318,3124820992.00
2026/05/29,26.41,26.97,26.29,26.96,213437057,5888377344.00
2026/06/01,26.95,27.08,26.76,26.98,139278066,3861503232.00
2026/06/02,27.03,27.36,26.83,27.17,125757446,3513868288.00
2026/06/03,27.06,27.19,26.72,27.10,114300588,3168757504.00
2026/06/04,27.04,27.17,26.82,26.93,87497229,2430916352.00
2026/06/05,26.93,27.31,26.72,26.82,109413563,3042122240.00
2026/06/08,26.71,26.82,26.47,26.72,118065467,3238081024.00
2026/06/09,26.72,26.91,26.60,26.84,88253597,2433424896.00
2026/06/10,26.81,27.03,26.64,26.90,88750011,2457850368.00
2026/06/11,26.90,27.16,26.81,27.10,99125008,2759358720.00
2026/06/12,26.98,27.50,26.88,27.49,149424523,4191923968.00
2026/06/15,27.45,27.45,26.60,26.78,207661158,5743667712.00
2026/06/16,26.62,26.66,26.35,26.40,120599299,3287063808.00
2026/06/17,26.43,26.48,26.12,26.21,103444150,2794894336.00
2026/06/18,26.14,26.19,25.86,25.87,129594498,3466900736.00
2026/06/22,25.87,26.30,25.72,26.15,149732867,4009564160.00
2026/06/23,26.14,26.46,26.07,26.08,118565470,3206812928.00
2026/06/24,26.08,26.21,25.77,25.81,113456072,3026880768.00
2026/06/25,25.71,25.79,25.41,25.43,132187574,3482768896.00
2026/06/26,25.46,25.93,25.36,25.86,128265188,3395741696.00
2026/06/29,25.76,26.11,25.47,26.05,123257906,3286300416.00
2026/06/30,25.92,26.05,25.59,25.68,102277653,2712032768.00
2026/07/01,25.65,25.93,25.57,25.85,90939756,2417436672.00
2026/07/02,26.00,26.30,25.76,26.16,140055304,3761292800.00
2026/07/03,26.17,26.44,26.02,26.26,102824327,2779267328.00
2026/07/06,26.12,26.41,25.99,26.40,92457731,2502075904.00
2026/07/07,26.40,26.67,26.26,26.62,126822030,3460604416.00
2026/07/08,26.59,27.36,26.46,27.04,164844014,4582942208.00
2026/07/09,26.91,27.06,26.74,26.98,116039936,3214016768.00
2026/07/10,26.96,27.33,26.81,27.24,147074295,4103252736.00
2026/07/13,27.14,27.69,27.01,27.63,200809214,5671275520.00
2026/07/14,27.61,27.94,27.42,27.76,159241008,4530406400.00
2026/07/15,27.61,27.98,27.46,27.89,119360883,3415566848.00
2026/07/16,27.86,27.97,27.34,27.45,146113464,4139610624.00
2026/07/17,27.61,28.19,27.35,27.99,242860129,6802221568.00
2026/07/20,27.75,28.98,27.75,28.98,229266916,6567613952.00
2026/07/21,29.00,29.54,28.51,28.73,255005593,7372431360.00
2026/07/22,28.53,29.09,28.34,29.09,168282572,4833398784.00
2026/07/23,29.09,29.17,28.66,28.94,108155288,3122728960.00
2026/07/24,29.20,29.30,28.75,28.90,102175770,2952608000.00
2026/07/27,29.15,29.15,28.30,28.35,138719264,3951796992.00
2026/07/28,28.45,29.07,28.31,29.07,161302844,4643667968.00
2026/07/29,29.50,29.57,28.70,28.93,131444127,3804789504.00
2026/07/30,28.85,29.53,28.81,29.49,193063376,5667026432.00
2026/07/31,28.99,29.09,28.47,29.09,172339493,4958587392.00
2026/08/03,28.99,29.20,28.75,29.05,101801037,2949045760.00
2026/08/04,28.89,29.02,28.18,28.30,150898453,4287876608.00
2026/08/05,28.28,28.30,27.65,27.76,162011766,4502975488.00
2026/08/06,27.77,27.83,27.57,27.75,107092691,2963193600.00
2026/08/07,27.76,27.84,27.51,27.75,103438314,2860787200.00
2026/08/10,27.68,28.21,27.57,28.05,118747347,3321846272.00
2026/08/11,28.09,28.40,27.96,28.31,109150749,3087916032.00
2026/08/12,28.21,28.30,27.96,28.02,68860401,1932456960.00
2026/08/13,27.90,28.24,27.80,28.24,76607981,2149278464.00
2026/08/14,28.11,28.21,27.93,28.10,73543285,2067064960.00
2026/08/17,28.08,28.15,27.91,27.96,75398039,2108947712.00
2026/08/18,27.92,28.15,27.91,28.12,71508633,2006062080.00
2026/08/19,28.24,28.43,28.07,28.42,128036154,3623005696.00
2026/08/20,28.21,28.35,28.02,28.16,82162445,2312546560.00
2026/08/21,28.15,28.23,27.93,27.96,63514724,1779819520.00
2026/08/24,27.93,28.25,27.86,28.15,93557336,2629092864.00
2026/08/25,28.16,28.39,28.12,28.21,90148572,2546237952.00
2026/08/26,28.20,28.49,28.12,28.24,76106307,2155589376.00
2026/08/27,28.19,28.28,27.90,28.10,94775418,2658024448.00
2026/08/28,28.01,28.07,27.87,28.05,67454352,1886753408.00
2026/08/31,28.01,28.14,27.80,28.09,98206717,2746323712.00
2026/09/01,28.02,28.46,27.90,28.40,124047349,3507221760.00
2026/09/02,28.49,28.85,28.35,28.72,124955254,3581667584.00
2026/09/03,28.62,28.82,28.41,28.44,73811515,2111883520.00
2026/09/04,28.38,28.59,28.34,28.42,68260323,1941587584.00
2026/09/07,28.40,28.47,27.78,27.85,159765966,4468951040.00
2026/09/08,27.84,27.89,27.63,27.87,91849100,2551462912.00
2026/09/09,27.81,28.07,27.70,28.05,70031426,1956050944.00
2026/09/10,28.05,28.18,27.93,28.09,61551766,1727430912.00
2026/09/11,28.10,28.57,27.95,28.45,159835739,4537191424.00
2026/09/14,28.42,28.84,28.38,28.63,91971888,2630741504.00
#数据来源:通达信
