600641 先导基电 日线 前复权
      日期	    开盘	    最高	    最低	    收盘	    成交量	    成交额
2021/08/02,25.33,26.53,23.66,24.40,40186989,1021510784.00
2021/08/03,24.75,25.51,22.94,23.04,42024767,1024384960.00
2021/08/04,23.22,24.10,22.64,23.73,38107351,899926016.00
2021/08/05,23.74,24.92,23.38,24.39,29127376,715867328.00
2021/08/06,24.55,24.85,23.75,24.51,22409220,553317952.00
2021/08/09,24.29,24.43,22.86,23.68,24839026,592553984.00
2021/08/10,23.70,24.28,23.35,24.11,19098450,461346432.00
2021/08/11,24.01,24.05,23.25,23.75,14551413,350494784.00
2021/08/12,24.03,25.09,23.86,24.16,21472446,531983968.00
2021/08/13,23.91,24.77,23.45,24.65,20128011,494550304.00
2021/08/16,24.50,24.60,22.69,22.82,30812496,734884864.00
2021/08/17,22.83,22.96,20.75,21.04,33909001,749719040.00
2021/08/18,21.25,21.51,20.56,20.98,15200781,324096864.00
2021/08/19,20.94,21.45,20.45,20.99,14804611,314940224.00
2021/08/20,20.99,21.40,20.65,21.09,11513851,246474544.00
2021/08/23,21.05,23.23,20.83,23.23,26973539,613325440.00
2021/08/24,23.23,25.59,23.13,25.59,44763068,1136146688.00
2021/08/25,26.01,28.18,25.71,28.18,55364402,1525135616.00
2021/08/26,27.65,27.68,25.33,25.34,57013469,1498212608.00
2021/08/27,25.00,25.58,24.33,25.24,28378935,715629184.00
2021/08/30,26.00,26.44,25.13,25.20,35892093,930780992.00
2021/08/31,25.25,25.33,23.55,24.82,40345485,996076608.00
2021/09/01,24.95,24.97,23.25,23.34,29010622,699764800.00
2021/09/02,21.18,22.75,21.18,22.31,39014980,878276416.00
2021/09/03,22.65,23.77,20.76,22.95,48632223,1102430592.00
2021/09/06,22.08,23.50,21.78,23.21,25760857,594611072.00
2021/09/07,22.98,24.89,22.98,24.05,23186447,564108672.00
2021/09/08,24.33,24.45,23.45,24.01,17704974,427426176.00
2021/09/09,23.74,23.92,23.13,23.56,13400372,319943424.00
2021/09/10,23.85,25.95,23.67,25.95,29135893,742140480.00
2021/09/13,26.03,27.13,25.15,25.91,38102689,1004782848.00
2021/09/14,25.51,28.26,25.35,27.17,39003078,1077005952.00
2021/09/15,27.42,27.95,26.15,26.95,23969045,658196480.00
2021/09/16,26.85,27.42,26.28,26.60,21323646,578327040.00
2021/09/17,26.28,26.90,24.65,26.03,21622376,566912192.00
2021/09/22,25.62,27.42,25.39,26.56,19886352,539963264.00
2021/09/23,26.90,29.25,26.08,28.32,41094444,1180249856.00
2021/09/24,28.08,29.52,27.53,27.99,26096983,750645888.00
2021/09/27,27.17,28.62,25.55,26.15,27703760,748940672.00
2021/09/28,26.03,27.36,25.34,26.11,20960648,559191616.00
2021/09/29,25.73,26.03,24.83,25.00,19019899,487604640.00
2021/09/30,25.18,26.66,24.84,26.55,19786424,519150912.00
2021/10/08,27.09,27.22,25.65,26.54,17254374,460459200.00
2021/10/11,26.27,26.54,25.45,26.24,10968589,289808928.00
2021/10/12,26.20,26.50,24.82,25.15,17998052,466744000.00
2021/10/13,25.11,26.15,24.15,25.63,15280735,392346976.00
2021/10/14,25.70,27.31,25.16,27.15,24780865,666647744.00
2021/10/15,26.91,28.64,26.69,27.93,27858232,783817088.00
2021/10/18,27.74,27.92,26.45,27.38,20400302,557752896.00
2021/10/19,27.23,27.82,26.82,27.27,12206824,337202560.00
2021/10/20,27.15,28.22,26.96,27.96,13690203,383267296.00
2021/10/21,27.76,27.93,25.88,27.15,21696562,591856128.00
2021/10/22,26.87,28.61,26.67,28.15,23593006,668177664.00
2021/10/25,28.06,29.13,27.07,28.91,18578246,531627616.00
2021/10/26,28.66,29.95,28.43,28.95,20550904,609179712.00
2021/10/27,28.61,29.35,28.36,28.62,11588038,337036704.00
2021/10/28,28.65,29.13,28.15,28.28,11399354,329275968.00
2021/10/29,28.06,30.64,28.06,30.57,27352993,822866944.00
2021/11/01,29.80,30.52,28.45,30.07,24870081,742676992.00
2021/11/02,30.28,32.13,30.01,31.24,20956133,663019392.00
2021/11/03,31.55,32.99,30.91,32.25,22840935,740414528.00
2021/11/04,32.30,34.73,31.66,34.45,25537167,862418240.00
2021/11/05,34.43,35.76,33.25,33.75,27504730,951413632.00
2021/11/08,33.30,35.28,31.39,35.18,24329474,813541952.00
2021/11/09,34.57,35.75,34.16,34.25,20017874,708215680.00
2021/11/10,33.45,35.27,32.66,33.75,17562326,597252096.00
2021/11/11,33.46,37.16,33.11,36.81,47278898,1727584896.00
2021/11/12,36.25,38.53,36.05,38.03,24779965,939546048.00
2021/11/15,38.07,38.41,34.79,35.65,29052697,1072291200.00
2021/11/16,35.65,35.86,32.16,32.45,33114946,1128843904.00
2021/11/17,32.92,35.73,32.60,35.73,25189944,868778112.00
2021/11/18,36.06,37.90,36.06,36.95,23027138,862917568.00
2021/11/19,36.47,38.15,36.47,36.81,16425478,618889664.00
2021/11/22,36.81,38.88,36.15,38.45,17476978,668803200.00
2021/11/23,38.31,38.83,37.42,37.68,13662245,523034944.00
2021/11/24,37.35,38.87,37.35,37.64,15184163,583236800.00
2021/11/25,37.14,38.34,36.80,37.44,14171949,538351296.00
2021/11/26,37.35,38.73,36.95,37.23,14539587,554712512.00
2021/11/29,37.02,37.95,36.85,37.45,9760590,368147264.00
2021/11/30,37.65,39.34,37.45,38.99,14980342,582186240.00
2021/12/01,38.85,39.34,35.10,35.65,31560168,1161975040.00
2021/12/02,35.61,35.87,33.86,35.55,19321186,678615744.00
2021/12/03,35.35,35.80,34.45,35.30,12154863,433146752.00
2021/12/06,35.35,35.53,33.55,34.20,10397976,362199840.00
2021/12/07,34.52,34.73,31.87,32.84,19160952,636333568.00
2021/12/08,33.07,33.80,32.85,33.43,10391322,351660352.00
2021/12/09,33.35,33.87,32.58,32.85,8712548,289995264.00
2021/12/10,32.64,33.45,32.10,33.01,6935884,230612672.00
2021/12/13,33.05,34.61,32.85,34.20,10897895,372952960.00
2021/12/14,34.00,34.96,33.84,34.71,7885403,275401696.00
2021/12/15,34.66,35.24,34.15,34.27,8219021,287808576.00
2021/12/16,34.35,34.90,34.03,34.61,5896652,205861936.00
2021/12/17,34.40,34.84,33.45,33.99,6830596,234320064.00
2021/12/20,33.98,34.35,31.54,31.61,15268065,500592800.00
2021/12/21,31.61,32.80,31.57,32.72,11778006,384235776.00
2021/12/22,32.86,33.53,32.69,33.05,6189761,206700912.00
2021/12/23,33.65,33.70,32.25,32.50,10353064,343988736.00
2021/12/24,32.69,32.69,30.51,30.94,12390536,389885344.00
2021/12/27,31.03,31.31,29.89,30.85,7206381,223066256.00
2021/12/28,31.02,31.95,30.71,31.82,6879356,218835056.00
2021/12/29,31.82,32.39,31.31,31.53,6207128,198790064.00
2021/12/30,31.66,32.83,31.43,32.75,8083751,263755408.00
2021/12/31,32.40,33.02,32.34,32.92,6346716,209405728.00
2022/01/04,32.45,32.72,29.86,30.25,14003561,436782336.00
2022/01/05,30.25,30.44,28.31,28.64,15962382,464303328.00
2022/01/06,28.45,29.13,27.67,28.85,9476051,273910208.00
2022/01/07,28.85,29.04,27.84,28.28,7328511,210370288.00
2022/01/10,27.93,28.53,27.69,27.97,6978106,198160336.00
2022/01/11,27.97,28.03,26.66,26.73,12682207,348908608.00
2022/01/12,26.73,27.73,26.49,27.24,10906411,298860608.00
2022/01/13,27.25,27.25,26.44,26.55,6390900,173424000.00
2022/01/14,26.62,27.53,26.09,26.85,8475117,231329888.00
2022/01/17,27.30,28.50,27.10,28.02,9712431,274830208.00
2022/01/18,28.01,29.33,27.69,28.78,13212725,384226752.00
2022/01/19,28.50,28.63,26.84,27.05,11202573,312315264.00
2022/01/20,27.10,27.41,26.46,26.50,6821280,185874864.00
2022/01/21,26.50,27.20,26.09,26.20,6791938,182298000.00
2022/01/24,26.41,27.47,26.24,27.30,6934420,189262736.00
2022/01/25,27.76,27.79,26.43,26.43,7729980,209991856.00
2022/01/26,26.54,26.94,25.88,26.50,5618865,149913760.00
2022/01/27,26.45,27.02,25.33,25.50,7759329,203099760.00
2022/01/28,25.81,25.81,24.38,24.62,9479433,238753824.00
2022/02/07,25.06,25.93,24.46,25.65,10586554,269691648.00
2022/02/08,26.14,26.53,24.23,24.50,19589956,496332352.00
2022/02/09,24.73,25.60,24.35,24.95,14378691,363968640.00
2022/02/10,25.25,25.35,24.43,24.53,11056076,277848672.00
2022/02/11,24.55,24.59,22.96,23.20,15942277,382066560.00
2022/02/14,22.65,23.50,22.48,22.96,12916907,301223360.00
2022/02/15,22.98,23.96,22.86,23.82,12372283,296743552.00
2022/02/16,23.91,24.49,23.88,24.07,9836757,240874400.00
2022/02/17,23.93,25.05,23.67,24.43,11091504,273657856.00
2022/02/18,24.31,24.46,23.91,24.05,6517743,159708096.00
2022/02/21,24.05,24.31,23.54,24.05,6573453,159072256.00
2022/02/22,23.95,24.38,23.31,23.90,8887212,214983968.00
2022/02/23,24.10,26.20,23.80,25.77,23949359,615847552.00
2022/02/24,25.68,26.68,24.57,25.13,21213275,552845120.00
2022/02/25,25.65,26.16,24.97,25.30,16409117,422788192.00
2022/02/28,25.19,25.48,24.71,25.45,13751390,350552768.00
2022/03/01,25.59,26.37,25.15,25.98,15072032,393855424.00
2022/03/02,25.70,25.75,25.20,25.54,7905887,204383408.00
2022/03/03,25.68,25.84,24.66,24.88,8644929,219946160.00
2022/03/04,24.56,25.24,24.35,24.70,10454039,262759184.00
2022/03/07,24.41,24.43,23.29,23.45,12001121,288864096.00
2022/03/08,23.31,24.15,22.57,23.21,15886071,378159104.00
2022/03/09,23.24,24.25,22.20,23.07,15139092,358160768.00
2022/03/10,23.68,24.03,23.07,23.15,12696105,302474112.00
2022/03/11,22.70,22.85,21.73,22.61,16042775,364122752.00
2022/03/14,22.23,22.78,21.83,21.87,10449861,236283184.00
2022/03/15,21.70,22.09,20.45,20.49,16700982,360046400.00
2022/03/16,20.97,21.51,20.14,21.33,19346387,411440896.00
2022/03/17,21.94,22.81,21.58,22.00,18383841,413376064.00
2022/03/18,21.81,22.08,21.46,22.00,10600177,234590064.00
2022/03/21,22.00,22.41,21.79,22.27,9153421,205557040.00
2022/03/22,22.31,22.44,21.88,22.01,9615996,215698288.00
2022/03/23,22.01,22.44,21.57,22.31,13704818,307739232.00
2022/03/24,22.16,22.19,21.43,21.55,11712813,257941296.00
2022/03/25,21.70,22.12,21.10,21.13,9903140,216444608.00
2022/03/28,20.71,21.13,20.48,20.71,8906492,187705376.00
2022/03/29,20.71,20.90,20.00,20.05,9553079,197620576.00
2022/03/30,20.14,21.11,20.14,21.04,10344010,218304064.00
2022/03/31,21.80,22.09,20.99,21.05,16567837,359197216.00
2022/04/01,20.01,20.59,19.73,20.44,15991174,328944800.00
2022/04/06,20.43,20.44,19.78,20.02,12017047,244529392.00
2022/04/07,19.85,20.23,19.14,19.15,11368072,225800496.00
2022/04/08,19.20,19.73,18.80,19.61,11618264,229096928.00
2022/04/11,19.44,19.45,17.83,18.14,15302119,288201760.00
2022/04/12,18.20,18.49,17.88,18.33,9102173,169126784.00
2022/04/13,18.22,18.22,17.54,17.56,9283071,168133056.00
2022/04/14,17.65,18.09,17.34,17.66,9324470,168285552.00
2022/04/15,17.49,17.62,17.09,17.31,6572597,116472112.00
2022/04/18,17.35,17.93,17.13,17.72,8233665,148082768.00
2022/04/19,17.73,17.99,17.64,17.81,7556865,137200848.00
2022/04/20,17.73,17.90,17.10,17.23,7012582,124857624.00
2022/04/21,17.17,17.45,16.35,16.40,10403537,178372384.00
2022/04/22,16.36,16.51,15.87,16.10,8884525,146938224.00
2022/04/25,15.80,15.81,14.55,14.60,13900783,215376016.00
2022/04/26,14.67,14.90,13.84,13.92,12812999,188789472.00
2022/04/27,13.77,14.82,13.45,14.69,16703254,239786736.00
2022/04/28,14.45,14.95,14.24,14.52,9166481,136557936.00
2022/04/29,14.70,15.18,14.42,15.07,11652816,177031168.00
2022/05/05,14.98,15.66,14.90,15.26,11525931,180985328.00
2022/05/06,14.81,15.17,14.68,14.90,6597523,100974040.00
2022/05/09,14.90,15.14,14.73,14.90,5818460,88753776.00
2022/05/10,14.64,15.73,14.49,15.25,17008706,265754256.00
2022/05/11,15.05,16.81,15.05,16.68,25291213,421661536.00
2022/05/12,16.29,16.98,16.15,16.27,29441699,494663840.00
2022/05/13,16.37,16.54,15.89,16.09,15198138,249915760.00
2022/05/16,16.28,16.48,15.95,16.04,14506983,239494112.00
2022/05/17,16.08,16.66,15.81,16.49,16977047,283217664.00
2022/05/18,16.50,16.70,16.25,16.30,11155711,187147776.00
2022/05/19,15.83,16.63,15.81,16.49,15199073,253475184.00
2022/05/20,16.43,16.63,15.91,16.32,17589277,292278496.00
2022/05/23,16.37,16.55,16.15,16.42,12361402,206207232.00
2022/05/24,16.58,16.95,15.35,15.40,19249095,317798976.00
2022/05/25,15.45,15.95,15.45,15.78,10884206,174535344.00
2022/05/26,15.95,16.04,15.45,15.79,8277154,133192136.00
2022/05/27,15.83,16.05,15.43,15.55,7340537,117868704.00
2022/05/30,15.57,15.92,15.42,15.79,8420169,134973952.00
2022/05/31,15.80,16.06,15.28,16.01,12931776,207646016.00
2022/06/01,16.28,16.82,16.00,16.46,19329585,324947808.00
2022/06/02,16.42,17.63,16.28,17.32,28633575,501483904.00
2022/06/06,17.45,17.76,17.01,17.61,22970629,408454944.00
2022/06/07,17.54,17.75,17.10,17.28,20124859,357407680.00
2022/06/08,17.36,17.83,17.06,17.41,16225424,288568000.00
2022/06/09,17.31,17.42,16.69,16.92,11002367,191115312.00
2022/06/10,16.91,17.25,16.76,17.18,10224266,177987856.00
2022/06/13,17.12,17.71,16.97,17.56,17818077,315519776.00
2022/06/14,17.40,17.41,16.60,17.23,14210066,246231264.00
2022/06/15,17.40,18.85,17.40,17.96,31737776,589589760.00
2022/06/16,18.01,18.75,17.84,18.25,26145902,487375136.00
2022/06/17,18.02,18.25,17.35,17.83,22805057,413152992.00
2022/06/20,17.79,19.25,17.79,18.80,29753118,562511552.00
2022/06/21,19.00,19.35,18.65,18.97,29829078,576131136.00
2022/06/22,18.87,18.92,18.22,18.29,16407792,308665856.00
2022/06/23,18.33,18.74,18.23,18.67,13368638,253298832.00
2022/06/24,18.95,19.18,18.67,18.75,16301205,314241952.00
2022/06/27,18.75,18.95,18.35,18.63,16067768,304334176.00
2022/06/28,18.62,19.33,18.25,19.14,17881517,341780928.00
2022/06/29,19.05,19.39,18.60,19.12,25276231,489214880.00
2022/06/30,18.99,19.55,18.48,19.15,27320336,528634048.00
2022/07/01,19.15,19.34,18.68,18.71,11533754,222484960.00
2022/07/04,18.48,18.48,17.68,18.18,21714804,397243328.00
2022/07/05,18.19,18.71,17.51,17.70,17097944,315372416.00
2022/07/06,17.87,19.25,17.76,18.31,28318625,536912896.00
2022/07/07,18.12,20.13,18.12,19.55,46033662,905946176.00
2022/07/08,19.76,19.84,19.13,19.14,21310047,420030272.00
2022/07/11,19.13,19.25,18.24,18.44,17691591,334533024.00
2022/07/12,18.31,19.01,18.11,18.28,17768093,335593120.00
2022/07/13,18.35,18.48,17.93,18.20,10511900,194641472.00
2022/07/14,18.13,18.49,17.95,18.18,9161155,170526720.00
2022/07/15,17.92,18.37,17.62,17.91,14702435,267564816.00
2022/07/18,17.84,18.43,17.37,18.11,16105864,293070464.00
2022/07/19,18.13,19.94,17.97,19.94,31143087,610988672.00
2022/07/20,20.24,21.06,19.78,20.68,41585943,858451520.00
2022/07/21,20.88,22.77,20.88,22.46,51704060,1166407552.00
2022/07/22,22.21,23.16,21.78,22.02,35717445,804398656.00
2022/07/25,21.42,21.62,19.86,20.19,43184670,900713216.00
2022/07/26,20.26,20.84,20.04,20.67,22422176,465662048.00
2022/07/27,20.62,22.76,20.62,22.76,28027807,619783552.00
2022/07/28,23.27,25.06,23.07,24.37,52350507,1282281600.00
2022/07/29,24.42,24.72,23.54,23.80,28958337,702985984.00
2022/08/01,23.82,25.93,23.40,25.29,33582834,848346560.00
2022/08/02,25.16,27.84,24.37,27.39,51918198,1370947072.00
2022/08/03,27.87,29.27,25.77,26.53,54470437,1499972736.00
2022/08/04,26.46,27.31,25.80,26.31,36589521,976061056.00
2022/08/05,26.30,28.96,26.30,28.96,56019803,1591794304.00
2022/08/08,29.65,30.41,27.50,29.00,57385011,1653896448.00
2022/08/09,28.28,28.90,27.27,28.62,29485443,835410496.00
2022/08/10,27.65,30.13,26.99,28.37,40824279,1195305472.00
2022/08/11,28.75,28.77,27.43,27.59,25749393,724629824.00
2022/08/12,27.15,27.37,25.67,25.80,37568189,1000537408.00
2022/08/15,26.25,26.36,25.08,25.33,27829130,716514368.00
2022/08/16,25.53,27.11,25.04,26.66,30545672,812645504.00
2022/08/17,26.64,27.27,26.12,26.31,20581260,552246272.00
2022/08/18,26.27,27.10,25.85,26.71,21079549,565760000.00
2022/08/19,26.72,26.96,25.33,25.67,17875559,467848032.00
2022/08/22,25.54,26.12,25.10,25.36,14547887,375614752.00
2022/08/23,25.16,25.55,24.77,25.35,12118458,307579104.00
2022/08/24,25.27,25.38,23.17,23.32,29442656,711186560.00
2022/08/25,23.63,23.95,22.78,23.76,20656921,490744192.00
2022/08/26,23.97,24.91,23.47,23.65,17628473,431074112.00
2022/08/29,23.62,24.72,23.17,23.62,20309905,491744160.00
2022/08/30,23.65,23.85,22.57,22.78,18975621,440847296.00
2022/08/31,22.67,23.00,21.77,21.95,15668171,353261472.00
2022/09/01,22.20,22.92,21.85,21.94,14909836,335283328.00
2022/09/02,22.04,23.16,21.97,22.65,17743994,406802400.00
2022/09/05,22.56,23.77,22.27,23.02,20901588,489849408.00
2022/09/06,23.27,23.73,22.77,23.17,17690138,415186912.00
2022/09/07,24.27,25.51,23.79,25.51,29392011,742176320.00
2022/09/08,26.02,26.36,24.87,24.96,39705680,1022526144.00
2022/09/09,24.87,24.95,23.58,24.63,21252067,520077184.00
2022/09/13,24.48,25.73,24.47,24.55,18250248,459678080.00
2022/09/14,24.17,24.75,23.79,24.57,16260609,399071136.00
2022/09/15,24.82,24.82,22.09,22.55,28318823,660882944.00
2022/09/16,22.41,24.13,22.32,23.16,27717900,654897408.00
2022/09/19,23.24,23.76,22.22,22.58,16483298,381022400.00
2022/09/20,22.79,23.10,20.46,21.25,37003837,803948928.00
2022/09/21,21.17,21.43,20.63,21.21,18052991,383765376.00
2022/09/22,21.03,21.59,20.67,20.76,16056945,340628736.00
2022/09/23,20.57,20.86,19.27,19.39,27787754,554212992.00
2022/09/26,19.37,19.82,19.22,19.39,16596264,328068992.00
2022/09/27,19.40,21.01,19.40,20.57,27249009,562623040.00
2022/09/28,20.75,21.12,19.81,20.01,18374195,378329504.00
2022/09/29,20.15,20.42,19.65,20.04,13547025,275037120.00
2022/09/30,19.98,20.15,19.18,19.18,12815945,253172320.00
2022/10/10,19.27,19.42,17.85,17.94,21767674,404891488.00
2022/10/11,18.09,18.11,16.88,17.03,27046884,477020192.00
2022/10/12,17.11,17.99,16.45,17.94,26970276,468245600.00
2022/10/13,17.77,18.24,17.33,17.42,19260471,346178176.00
2022/10/14,17.72,17.87,17.18,17.66,17267883,307763552.00
2022/10/17,17.27,18.53,17.23,18.16,29168105,530611840.00
2022/10/18,18.22,18.43,17.64,18.11,21432466,390991008.00
2022/10/19,18.06,18.71,17.84,17.89,22654748,418585696.00
2022/10/20,17.71,19.70,17.59,19.70,34786612,661687232.00
2022/10/21,19.57,19.57,18.42,18.60,47687736,906232512.00
2022/10/24,18.44,19.31,18.41,18.60,30353319,579361536.00
2022/10/25,18.60,19.07,17.98,18.61,23969266,450415360.00
2022/10/26,18.65,19.35,18.04,19.02,30228647,576947200.00
2022/10/27,18.92,19.56,18.45,18.74,27145863,519744288.00
2022/10/28,18.47,19.07,17.57,17.65,24523717,454408288.00
2022/10/31,17.37,18.85,17.24,18.55,24851560,463638080.00
2022/11/01,18.55,18.69,18.10,18.67,19570252,365051904.00
2022/11/02,18.70,19.27,18.42,18.77,22750750,437214016.00
2022/11/03,18.67,19.97,18.56,19.55,27290611,537964992.00
2022/11/04,19.52,20.15,19.22,19.97,24597578,491839200.00
2022/11/07,20.15,20.36,19.41,19.63,19748314,393676000.00
2022/11/08,19.50,19.84,19.07,19.27,15107535,295193056.00
2022/11/09,19.42,19.66,19.12,19.43,15938283,313048576.00
2022/11/10,18.92,19.26,18.00,18.23,31251803,583727872.00
2022/11/11,18.82,19.43,18.65,18.71,25762311,493358080.00
2022/11/14,19.10,19.21,18.54,18.66,18487376,353244448.00
2022/11/15,18.48,20.55,18.35,20.05,50762516,1023052736.00
2022/11/16,20.02,20.24,19.26,19.50,32401388,648578688.00
2022/11/17,19.47,20.17,18.95,20.03,28419620,561532544.00
2022/11/18,20.03,20.47,19.40,19.44,22981218,462446944.00
2022/11/21,19.12,19.54,18.57,19.04,22671724,434796800.00
2022/11/22,19.03,19.18,18.32,18.50,18874463,357208896.00
2022/11/23,18.27,18.45,17.69,17.96,16970142,308542912.00
2022/11/24,18.07,18.43,17.97,18.00,11230289,206065312.00
2022/11/25,17.97,18.65,17.89,18.13,14177500,261747872.00
2022/11/28,17.86,18.08,17.61,17.93,9754123,176612672.00
2022/11/29,18.42,18.92,18.12,18.69,22731703,426885408.00
2022/11/30,18.59,19.34,18.38,18.86,22643642,431678912.00
2022/12/01,19.07,19.53,18.92,19.22,22759400,442091520.00
2022/12/02,19.07,19.20,18.65,18.75,15570620,297229280.00
2022/12/05,18.84,19.07,18.48,18.65,14957829,282596128.00
2022/12/06,18.49,19.85,18.44,19.28,33283972,649399360.00
2022/12/07,19.25,19.39,18.93,19.04,16328947,315633440.00
2022/12/08,19.04,19.15,18.57,18.60,14013514,265499616.00
2022/12/09,18.74,20.48,18.71,19.72,62789845,1267683328.00
2022/12/12,19.79,20.61,19.32,19.98,44129525,889931648.00
2022/12/13,19.76,20.05,19.42,19.49,24771723,491936352.00
2022/12/14,20.57,20.77,19.65,19.76,44786090,911245952.00
2022/12/15,19.77,20.73,19.37,20.32,37630890,773908864.00
2022/12/16,20.17,22.07,19.87,21.38,47417308,998900992.00
2022/12/19,21.02,22.47,20.79,21.99,48656804,1064394176.00
2022/12/20,21.77,22.27,20.99,21.15,31359681,682269760.00
2022/12/21,21.05,21.49,20.56,20.68,21750980,459699520.00
2022/12/22,20.75,21.38,20.59,20.89,18838539,398711968.00
2022/12/23,20.68,20.99,18.78,18.78,34821194,684995136.00
2022/12/26,18.27,19.11,18.25,18.82,16427411,312646336.00
2022/12/27,18.82,18.92,18.22,18.61,17331263,325030400.00
2022/12/28,18.45,18.57,18.19,18.19,11639635,215771136.00
2022/12/29,18.09,18.45,17.77,17.79,15993192,292217536.00
2022/12/30,17.94,18.06,17.48,17.50,14541522,260786016.00
2023/01/03,17.47,18.01,17.35,17.89,14889502,267351248.00
2023/01/04,17.94,18.44,17.57,17.75,21602859,393242976.00
2023/01/05,17.70,17.92,17.54,17.79,15258005,273820288.00
2023/01/06,17.83,18.11,17.56,18.01,20364381,369051744.00
2023/01/09,17.95,18.22,17.89,17.96,13816609,252337968.00
2023/01/10,17.97,18.36,17.87,18.16,13251854,243546816.00
2023/01/11,18.17,18.73,18.04,18.26,16279013,302396128.00
2023/01/12,18.08,18.23,17.83,17.91,10675783,194196416.00
2023/01/13,17.84,17.95,17.66,17.77,8304860,149497360.00
2023/01/16,17.72,18.37,17.59,18.09,14935241,272667872.00
2023/01/17,18.21,18.65,18.14,18.38,17994731,335427264.00
2023/01/18,18.37,18.52,18.18,18.23,10176565,188189584.00
2023/01/19,18.17,18.52,18.02,18.46,11320215,210281312.00
2023/01/20,18.46,18.61,18.37,18.52,9900623,185364096.00
2023/01/30,18.69,18.86,18.48,18.55,17231569,325429600.00
2023/01/31,18.49,18.59,18.26,18.50,12495016,232925536.00
2023/02/01,18.51,18.87,18.45,18.85,20716971,391794368.00
2023/02/02,18.92,19.72,18.92,19.54,29111015,570880320.00
2023/02/03,19.35,19.53,19.02,19.32,16607129,323461408.00
2023/02/06,19.20,19.36,18.93,19.04,11324698,218658880.00
2023/02/07,19.04,19.22,18.70,18.88,12948792,247704752.00
2023/02/08,18.90,19.30,18.71,18.74,11157965,213884288.00
2023/02/09,18.67,19.29,18.50,19.23,18802745,361861952.00
2023/02/10,19.22,19.39,18.83,18.96,13915844,269226336.00
2023/02/13,18.80,19.12,18.74,18.93,12265023,235064960.00
2023/02/14,19.02,19.31,18.78,18.86,13081372,251569152.00
2023/02/15,18.87,19.25,18.67,19.15,18562679,356980544.00
2023/02/16,19.17,19.62,18.50,18.74,25011584,485840320.00
2023/02/17,18.69,18.79,17.79,17.92,24918007,458257760.00
2023/02/20,18.07,18.07,17.64,17.95,11416850,206041008.00
2023/02/21,17.99,18.16,17.77,17.95,9761216,177340560.00
2023/02/22,17.80,18.14,17.73,18.01,7843909,142690864.00
2023/02/23,18.01,18.11,17.82,17.90,8329893,151560384.00
2023/02/24,17.98,18.10,17.75,17.91,7515716,136287008.00
2023/02/27,17.80,17.81,17.45,17.51,10302351,183574464.00
2023/02/28,17.57,17.74,17.52,17.74,5820106,103920712.00
2023/03/01,17.75,18.97,17.62,18.87,29940527,560626880.00
2023/03/02,19.07,19.19,18.15,18.35,23610453,445716672.00
2023/03/03,18.87,19.19,18.55,19.05,30217345,578801536.00
2023/03/06,18.92,19.57,18.67,19.27,25121884,486641632.00
2023/03/07,19.16,19.26,18.62,18.64,17185474,328248000.00
2023/03/08,18.65,19.23,18.56,19.14,21194746,407342784.00
2023/03/09,19.13,19.87,19.07,19.37,32012427,632742592.00
2023/03/10,19.23,19.82,19.00,19.30,32605912,642352896.00
2023/03/13,19.31,19.46,18.88,19.13,19758218,382399840.00
2023/03/14,18.97,20.67,18.72,20.17,45521964,907379904.00
2023/03/15,20.56,20.74,20.03,20.21,35920739,737218624.00
2023/03/16,18.72,19.31,18.40,18.66,49191186,939615296.00
2023/03/17,18.66,19.07,18.02,18.48,30474573,572819392.00
2023/03/20,18.37,18.75,18.19,18.40,19776700,369960544.00
2023/03/21,18.30,18.54,17.92,18.11,18344348,337907104.00
2023/03/22,18.07,18.37,18.00,18.21,12341637,227096544.00
2023/03/23,18.04,19.57,18.04,19.54,42742747,823997184.00
2023/03/24,19.32,19.46,18.95,19.11,20401488,396230240.00
2023/03/27,19.15,19.27,18.70,18.86,15442950,296428640.00
2023/03/28,18.77,18.89,18.21,18.21,15096627,282760704.00
2023/03/29,18.23,19.11,18.17,18.72,21320140,402394272.00
2023/03/30,18.69,19.03,18.35,18.52,15767788,297914912.00
2023/03/31,18.52,18.85,18.42,18.64,11841463,223111600.00
2023/04/03,18.87,19.79,18.87,19.63,36355513,712359424.00
2023/04/04,19.76,20.37,19.65,19.86,37113532,751841536.00
2023/04/06,19.86,21.20,19.77,20.62,41826512,868713728.00
2023/04/07,20.77,21.33,20.59,20.81,31365278,662327232.00
2023/04/10,20.91,21.37,20.38,20.53,27174300,571990016.00
2023/04/11,20.55,20.81,20.02,20.17,22148258,456033600.00
2023/04/12,20.25,20.46,19.97,20.20,19046528,389035552.00
2023/04/13,20.07,20.29,19.85,19.92,14411906,291794688.00
2023/04/14,20.12,21.73,19.76,21.52,46558243,986192640.00
2023/04/17,22.05,22.95,21.37,21.65,51441432,1152677888.00
2023/04/18,21.37,21.86,20.92,21.24,24538030,528805856.00
2023/04/19,21.25,23.27,20.90,22.82,57891000,1295993600.00
2023/04/20,22.67,24.00,22.32,23.42,55649342,1304892544.00
2023/04/21,23.27,23.58,22.15,22.19,35943837,826701632.00
2023/04/24,22.42,22.50,21.62,22.02,22372968,497267744.00
2023/04/25,21.97,22.30,20.81,21.07,25385893,550596928.00
2023/04/26,21.20,21.23,19.07,19.61,36826361,738995648.00
2023/04/27,19.57,20.36,19.46,19.81,17145743,345897664.00
2023/04/28,19.49,20.50,19.48,20.24,14268331,291490752.00
2023/05/04,20.69,20.96,19.97,20.08,20523182,422157632.00
2023/05/05,19.98,20.30,19.52,19.75,13488862,270954080.00
2023/05/08,19.86,20.03,19.62,19.79,13130909,263280400.00
2023/05/09,19.75,20.06,19.22,19.29,19866929,394653856.00
2023/05/10,19.32,19.44,18.73,19.13,14997117,288723136.00
2023/05/11,19.22,19.47,18.98,19.15,9749791,189561696.00
2023/05/12,19.09,19.44,18.73,18.74,10557731,203722800.00
2023/05/15,18.71,19.08,18.65,19.08,9757344,185942944.00
2023/05/16,19.09,19.41,18.92,19.33,12974392,252204288.00
2023/05/17,19.18,19.65,19.18,19.40,10610989,208351120.00
2023/05/18,19.37,19.56,19.16,19.34,10080558,197251168.00
2023/05/19,19.44,19.99,19.26,19.85,15837964,315150976.00
2023/05/22,19.92,19.92,19.33,19.43,9893346,195263536.00
2023/05/23,19.41,19.41,18.72,18.77,10352754,198810480.00
2023/05/24,18.74,19.30,18.69,18.86,10993009,212054384.00
2023/05/25,18.80,19.00,18.26,18.55,14273916,268637280.00
2023/05/26,18.67,18.76,18.16,18.69,8454683,158901952.00
2023/05/29,18.80,19.02,18.56,18.92,9458937,180739312.00
2023/05/30,18.86,18.89,18.37,18.77,8998961,169601984.00
2023/05/31,18.69,18.86,18.53,18.74,8060915,152415568.00
2023/06/01,18.63,18.90,18.44,18.66,10112823,191309424.00
2023/06/02,18.62,18.91,18.46,18.90,12238860,231941872.00
2023/06/05,18.99,20.12,18.99,19.63,29266068,583495744.00
2023/06/06,19.47,19.62,19.06,19.16,13046730,255660800.00
2023/06/07,18.98,19.49,18.97,19.26,9050387,176526368.00
2023/06/08,19.26,19.26,18.57,18.80,10416724,198610736.00
2023/06/09,18.79,19.09,18.69,19.09,7575642,144737264.00
2023/06/12,19.09,19.20,18.90,18.98,7271522,140140320.00
2023/06/13,18.95,19.84,18.88,19.65,17668945,348913312.00
2023/06/14,19.57,19.83,19.33,19.42,9924185,196182560.00
2023/06/15,19.42,19.67,19.39,19.53,9073269,179253552.00
2023/06/16,19.55,19.62,19.37,19.53,8083547,159538704.00
2023/06/19,19.56,19.85,19.47,19.58,10751175,213743168.00
2023/06/20,19.55,19.61,19.28,19.42,8429595,165891008.00
2023/06/21,19.32,19.42,18.61,18.61,13539452,258776976.00
2023/06/26,18.42,18.62,18.05,18.28,10531035,195421632.00
2023/06/27,18.31,18.50,18.24,18.34,5662839,105196720.00
2023/06/28,18.37,18.99,18.06,18.81,11862985,223372704.00
2023/06/29,18.57,19.03,18.35,18.55,8175714,153990576.00
2023/06/30,18.45,19.12,18.38,18.86,10609941,202210768.00
2023/07/03,19.02,19.35,18.87,19.00,9839482,190052704.00
2023/07/04,18.99,19.59,18.96,19.27,12349059,241288688.00
2023/07/05,19.20,19.45,18.97,18.99,7315868,141918384.00
2023/07/06,18.87,19.11,18.83,18.93,5800702,111457856.00
2023/07/07,18.93,18.95,18.57,18.69,6172597,116978152.00
2023/07/10,18.95,18.97,18.52,18.52,6125786,115832672.00
2023/07/11,18.67,18.95,18.58,18.77,5730590,109044560.00
2023/07/12,18.76,18.82,18.27,18.29,9126320,170367712.00
2023/07/13,18.32,18.61,18.32,18.51,5815621,108978760.00
2023/07/14,18.51,18.62,18.32,18.48,6317034,118158288.00
2023/07/17,18.54,18.76,18.27,18.36,8990977,168082848.00
2023/07/18,18.32,18.57,18.07,18.20,9897947,183840032.00
2023/07/19,18.17,18.25,17.75,17.90,11282042,204942624.00
2023/07/20,17.92,18.00,17.71,17.72,6511312,117849168.00
2023/07/21,17.58,17.85,17.55,17.66,6045681,108280120.00
2023/07/24,17.76,17.80,17.43,17.59,5625843,100444824.00
2023/07/25,17.73,18.14,17.73,18.12,10468912,190704096.00
2023/07/26,18.12,18.24,17.99,18.05,6154811,112868808.00
2023/07/27,18.02,18.14,17.94,17.99,5979270,109292768.00
2023/07/28,18.04,18.32,17.93,18.27,8593362,158123216.00
2023/07/31,18.32,18.72,18.29,18.63,10339653,194253984.00
2023/08/01,18.69,18.71,18.29,18.32,9511110,178037920.00
2023/08/02,18.34,19.01,18.34,18.56,17970944,341210272.00
2023/08/03,18.37,18.61,18.24,18.58,12547279,234216768.00
2023/08/04,18.78,18.80,18.30,18.33,13580959,253477968.00
2023/08/07,18.27,18.29,17.74,17.81,14154304,256562960.00
2023/08/08,17.80,17.87,17.53,17.55,10172052,181562928.00
2023/08/09,17.47,17.52,17.12,17.18,11735365,205207568.00
2023/08/10,17.13,17.26,17.02,17.08,8578202,148914752.00
2023/08/11,17.21,17.25,16.71,16.72,10159830,172663568.00
2023/08/14,16.54,16.61,16.19,16.56,8695126,143836256.00
2023/08/15,16.57,16.65,16.05,16.20,8268390,135235904.00
2023/08/16,16.19,16.43,16.10,16.21,6942157,113760656.00
2023/08/17,16.12,16.36,15.88,16.29,7123388,115748896.00
2023/08/18,16.32,16.42,15.92,15.92,6193279,100873736.00
2023/08/21,15.93,15.98,15.39,15.39,9830327,154662560.00
2023/08/22,15.42,15.56,15.08,15.50,11195738,172641920.00
2023/08/23,15.49,15.50,15.06,15.06,6515795,100081528.00
2023/08/24,15.21,15.53,15.01,15.27,10563452,162594288.00
2023/08/25,15.30,15.32,14.35,14.61,20961686,310234272.00
2023/08/28,15.63,15.63,14.69,14.75,17982596,275029728.00
2023/08/29,14.76,15.60,14.66,15.53,16336958,251601376.00
2023/08/30,15.69,16.16,15.69,15.88,17309680,277294432.00
2023/08/31,15.79,16.05,15.68,15.77,14604605,232624416.00
2023/09/01,15.80,16.16,15.68,15.86,10278182,164557584.00
2023/09/04,15.91,16.09,15.77,16.01,9443099,151033920.00
2023/09/05,16.03,16.26,15.86,15.95,12549159,202955120.00
2023/09/06,15.91,17.41,15.87,17.11,39877360,673096960.00
2023/09/07,17.06,17.06,16.27,16.27,25886699,431605056.00
2023/09/08,16.31,16.84,16.18,16.51,16599866,277270912.00
2023/09/11,16.71,16.76,16.21,16.47,14724946,243375408.00
2023/09/12,16.46,16.64,16.26,16.42,9512276,157009312.00
2023/09/13,16.31,16.44,16.09,16.19,9254659,150910256.00
2023/09/14,16.11,16.26,15.91,16.07,9269060,149533632.00
2023/09/15,16.15,16.37,15.94,16.03,8530189,138196512.00
2023/09/18,15.96,16.16,15.82,16.06,8065340,130162680.00
2023/09/19,16.10,16.13,15.70,15.84,7524475,120222368.00
2023/09/20,15.84,15.87,15.47,15.50,7771176,122251848.00
2023/09/21,15.41,15.66,15.35,15.45,6437896,100308184.00
2023/09/22,15.40,15.72,15.32,15.71,8032967,125834272.00
2023/09/25,15.72,15.72,15.46,15.49,5924320,92739280.00
2023/09/26,15.48,15.49,15.22,15.30,5228041,80768176.00
2023/09/27,15.32,15.62,15.23,15.30,5390324,83645992.00
2023/09/28,15.49,15.83,15.37,15.66,8203835,128776936.00
2023/10/09,15.65,15.66,15.26,15.29,9611612,148836496.00
2023/10/10,15.31,15.63,15.31,15.40,8185697,127318592.00
2023/10/11,15.41,15.75,15.36,15.60,8586840,134870576.00
2023/10/12,15.70,16.08,15.50,15.85,12023951,190505040.00
2023/10/13,15.76,15.96,15.44,15.77,10789702,169793184.00
2023/10/16,15.76,15.78,15.06,15.17,12101304,185557296.00
2023/10/17,15.17,15.29,14.92,15.16,6773900,103174264.00
2023/10/18,15.11,15.33,14.77,14.77,8104964,122139704.00
2023/10/19,14.67,15.46,14.62,15.02,12009257,183720256.00
2023/10/20,14.89,15.07,14.69,14.73,8493303,126782856.00
2023/10/23,14.69,14.69,14.17,14.24,9183564,132698048.00
2023/10/24,14.30,14.98,14.14,14.79,11092804,163450144.00
2023/10/25,14.91,15.15,14.86,14.95,8282562,124997032.00
2023/10/26,14.87,15.10,14.76,15.04,8160425,122640848.00
2023/10/27,15.01,15.96,14.92,15.82,16909217,264532512.00
2023/10/30,15.85,16.55,15.77,16.36,19245823,315113280.00
2023/10/31,16.47,18.01,16.47,18.01,45425586,795412608.00
2023/11/01,17.55,17.63,17.01,17.17,40866222,711192000.00
2023/11/02,17.03,17.30,16.59,16.65,18902304,320482176.00
2023/11/03,16.56,16.86,16.52,16.74,18507999,310468256.00
2023/11/06,16.75,17.03,16.67,16.88,13883092,235239296.00
2023/11/07,16.90,17.22,16.83,17.12,21971431,376193376.00
2023/11/08,17.11,18.84,17.07,18.84,54264592,997067328.00
2023/11/09,18.78,18.98,18.12,18.49,59323173,1108741248.00
2023/11/10,18.66,18.77,18.04,18.08,25248634,465602816.00
2023/11/13,18.24,18.36,17.83,17.98,18275401,330077056.00
2023/11/14,17.89,18.23,17.73,18.11,16146203,292697472.00
2023/11/15,18.21,18.45,17.91,17.99,15535535,282643840.00
2023/11/16,17.91,18.01,17.68,17.70,14329771,256561824.00
2023/11/17,18.01,18.57,17.81,17.92,20985357,382483904.00
2023/11/20,17.98,18.06,17.60,17.64,14547983,259302752.00
2023/11/21,17.56,17.79,17.39,17.49,13596768,240039824.00
2023/11/22,17.30,17.47,17.07,17.07,11923360,206674032.00
2023/11/23,16.91,17.21,16.91,17.08,10139630,173889072.00
2023/11/24,17.09,17.13,16.56,16.66,13029267,219288848.00
2023/11/27,16.63,17.38,16.44,17.02,22624288,384952736.00
2023/11/28,16.83,17.61,16.83,17.22,18316972,318213088.00
2023/11/29,17.04,17.76,17.04,17.43,20937621,370032672.00
2023/11/30,17.28,17.42,16.91,17.18,14861977,255808672.00
2023/12/01,17.22,17.58,16.94,17.18,11359849,196918944.00
2023/12/04,17.24,17.89,17.20,17.71,18457784,326252544.00
2023/12/05,17.68,17.68,16.82,16.86,16053256,276642624.00
2023/12/06,16.82,17.29,16.82,17.06,11863722,203288112.00
2023/12/07,17.06,17.32,16.84,16.89,9230100,157859680.00
2023/12/08,16.98,17.20,16.73,16.74,8597930,146247456.00
2023/12/11,16.61,17.48,16.48,17.41,14930549,256039888.00
2023/12/12,17.44,17.48,17.11,17.18,8313368,144372864.00
2023/12/13,17.17,17.39,16.92,17.14,7215339,124707232.00
2023/12/14,17.15,17.53,17.05,17.22,11496534,199501968.00
2023/12/15,17.22,17.35,16.79,16.86,8208551,140001552.00
2023/12/18,16.81,16.98,16.66,16.68,7081154,119455312.00
2023/12/19,16.62,17.20,16.57,16.76,10248381,174368176.00
2023/12/20,16.79,16.89,16.29,16.29,6607506,109815168.00
2023/12/21,16.22,16.76,16.13,16.50,6182970,102426064.00
2023/12/22,16.51,16.89,16.29,16.51,8971912,149316400.00
2023/12/25,16.52,17.61,16.52,16.88,12736247,219709952.00
2023/12/26,16.87,17.02,16.45,16.54,7491568,125627400.00
2023/12/27,16.61,17.04,16.61,16.78,7777337,131683984.00
2023/12/28,16.71,17.24,16.58,17.12,9120733,155921904.00
2023/12/29,17.20,17.36,17.07,17.17,7339177,126998088.00
2024/01/02,17.22,17.41,17.11,17.21,7640700,132591928.00
2024/01/03,17.11,17.26,16.87,17.01,6153300,105552352.00
2024/01/04,16.99,16.99,16.74,16.81,4239778,71721624.00
2024/01/05,16.81,16.98,16.32,16.39,5732503,95547448.00
2024/01/08,16.39,16.39,15.21,15.36,12046492,187962656.00
2024/01/09,15.36,15.68,15.27,15.49,6722664,104634280.00
2024/01/10,15.36,15.63,15.17,15.22,7264492,112193456.00
2024/01/11,15.22,15.49,15.19,15.34,6627924,102129456.00
2024/01/12,15.31,15.45,15.23,15.24,3971400,61267268.00
2024/01/15,15.21,15.46,14.84,15.31,6769088,103399312.00
2024/01/16,15.23,15.45,14.70,14.95,8706035,131251768.00
2024/01/17,14.95,14.95,14.49,14.49,6436300,94731976.00
2024/01/18,14.49,14.56,13.91,14.42,10377790,147975072.00
2024/01/19,14.42,14.65,14.21,14.22,7100440,102678464.00
2024/01/22,14.23,14.30,13.11,13.22,10656501,146306736.00
2024/01/23,13.25,13.50,13.12,13.41,8888406,119137408.00
2024/01/24,13.51,13.66,12.91,13.53,9145849,122465464.00
2024/01/25,13.66,14.13,13.47,14.05,14768343,206659376.00
2024/01/26,14.06,15.13,13.95,14.25,25252836,365512352.00
2024/01/29,13.97,14.24,13.33,13.35,19252968,264724160.00
2024/01/30,13.34,13.43,12.67,12.73,15906518,208798912.00
2024/01/31,12.56,12.79,11.72,11.81,23375611,285375872.00
2024/02/01,11.78,11.91,11.30,11.56,19804221,231892096.00
2024/02/02,11.63,11.81,10.41,10.82,22761968,253845568.00
2024/02/05,10.79,10.88,9.73,9.73,29352836,298394848.00
2024/02/06,9.59,10.60,9.07,10.48,24550870,245516960.00
2024/02/07,10.54,11.34,10.48,11.01,21777175,242385136.00
2024/02/08,10.94,11.93,10.94,11.73,18893586,222409360.00
2024/02/19,12.32,12.37,11.74,12.00,18683436,226347472.00
2024/02/20,12.02,12.08,11.67,12.01,11590985,138365488.00
2024/02/21,11.93,12.50,11.82,12.10,15362492,189205376.00
2024/02/22,12.14,12.85,12.14,12.82,17882908,225629184.00
2024/02/23,12.86,13.00,12.65,12.84,13497902,174102544.00
2024/02/26,12.85,13.17,12.70,12.93,11301510,147119216.00
2024/02/27,13.00,13.38,12.79,13.38,12714117,168014576.00
2024/02/28,13.41,14.05,12.81,12.82,21214367,287783584.00
2024/02/29,12.81,13.66,12.79,13.56,19311900,260127056.00
2024/03/01,13.66,13.80,13.37,13.65,15234431,208362912.00
2024/03/04,13.59,13.74,13.31,13.59,12569023,171376448.00
2024/03/05,13.53,13.80,13.33,13.51,12029260,163958464.00
2024/03/06,13.44,13.57,13.09,13.36,11263520,151354624.00
2024/03/07,13.46,13.65,13.07,13.10,8852312,118786296.00
2024/03/08,13.15,13.49,12.99,13.43,11083575,147732160.00
2024/03/11,13.33,13.42,13.15,13.42,10607306,141844000.00
2024/03/12,13.50,13.77,13.42,13.65,12017365,164750640.00
2024/03/13,13.68,13.76,13.50,13.59,9974124,136735632.00
2024/03/14,13.55,13.66,13.31,13.43,7622983,103282528.00
2024/03/15,13.42,13.53,13.25,13.44,5874901,78957000.00
2024/03/18,13.45,13.68,13.37,13.68,9348745,127358464.00
2024/03/19,13.67,13.95,13.63,13.72,12062771,167290176.00
2024/03/20,13.80,13.95,13.69,13.82,9666426,134535600.00
2024/03/21,13.84,14.16,13.77,13.88,10691004,150153216.00
2024/03/22,13.93,14.15,13.74,13.74,13983401,196389536.00
2024/03/25,13.71,14.06,13.36,13.36,17567110,242444672.00
2024/03/26,13.26,13.64,13.04,13.26,12911200,172726384.00
2024/03/27,13.20,13.23,12.49,12.51,11911310,153467760.00
2024/03/28,12.46,13.03,12.46,12.86,11511697,148658864.00
2024/03/29,12.90,12.96,12.58,12.95,7800820,100807592.00
2024/04/01,13.10,13.66,13.04,13.51,11360134,154226880.00
2024/04/02,13.43,13.52,13.08,13.24,9723397,130146424.00
2024/04/03,13.35,13.35,12.82,13.08,8763300,115053544.00
2024/04/08,13.01,13.12,12.63,12.64,9284400,120041104.00
2024/04/09,12.64,12.97,12.59,12.97,6299155,81257096.00
2024/04/10,13.06,13.06,12.34,12.41,8738791,110648816.00
2024/04/11,12.30,12.67,12.27,12.29,6306759,78900200.00
2024/04/12,12.30,12.39,12.05,12.06,6814922,83804696.00
2024/04/15,12.10,12.31,11.81,11.99,10396602,126234592.00
2024/04/16,12.12,12.13,11.69,11.71,12803534,153877536.00
2024/04/17,11.91,12.20,11.76,12.11,7124569,86378904.00
2024/04/18,12.05,12.20,11.75,11.99,6728000,81414688.00
2024/04/19,11.80,11.98,11.54,11.72,7777896,92013936.00
2024/04/22,11.69,11.88,11.48,11.70,5359033,63225904.00
2024/04/23,11.71,11.86,11.65,11.71,5400211,63833364.00
2024/04/24,11.74,11.80,11.61,11.77,6516559,76921424.00
2024/04/25,11.74,11.98,11.62,11.76,5488500,65317580.00
2024/04/26,11.76,12.35,11.73,12.33,9531059,116468544.00
2024/04/29,12.26,13.02,12.26,12.96,12626055,162295808.00
2024/04/30,12.91,13.10,12.74,12.86,7753735,100367720.00
2024/05/06,13.11,13.19,12.78,12.92,7549837,98611952.00
2024/05/07,12.92,13.09,12.86,13.05,6432016,84112512.00
2024/05/08,13.05,13.16,12.68,12.90,11270500,146528672.00
2024/05/09,13.01,13.15,12.90,13.07,7200727,94716472.00
2024/05/10,13.08,13.16,12.76,12.93,7441452,96693808.00
2024/05/13,12.89,12.89,12.62,12.69,7573900,97103728.00
2024/05/14,12.69,12.86,12.60,12.62,5769060,73709120.00
2024/05/15,12.61,12.79,12.51,12.56,5143147,65588956.00
2024/05/16,12.56,13.03,12.56,12.77,8869450,114789920.00
2024/05/17,12.89,13.29,12.68,13.29,14881162,194976272.00
2024/05/20,13.28,13.39,13.06,13.11,12135272,160900160.00
2024/05/21,13.09,13.23,12.96,13.00,6060100,79589104.00
2024/05/22,13.08,13.18,12.95,13.06,8122489,106941688.00
2024/05/23,12.99,13.08,12.69,12.72,7625928,98353184.00
2024/05/24,12.65,12.75,12.22,12.24,6560010,82281168.00
2024/05/27,12.24,12.49,11.74,12.47,10588553,129075184.00
2024/05/28,12.78,13.23,12.53,12.55,19052201,247308992.00
2024/05/29,12.55,12.79,12.24,12.31,11345397,142691584.00
2024/05/30,12.19,12.55,12.13,12.42,7371540,91937152.00
2024/05/31,12.37,12.57,12.32,12.54,5637301,70916488.00
2024/06/03,12.47,12.67,12.26,12.41,6377601,80130168.00
2024/06/04,12.31,12.35,12.13,12.29,5984230,73731976.00
2024/06/05,12.21,12.91,12.13,12.32,11331854,143902800.00
2024/06/06,12.32,12.84,12.16,12.19,14969275,188256256.00
2024/06/07,12.29,12.66,12.16,12.28,11047041,137660592.00
2024/06/11,12.19,12.83,12.15,12.80,15789780,200047072.00
2024/06/12,12.71,13.01,12.59,12.83,14625700,188363120.00
2024/06/13,12.83,12.91,12.70,12.72,11734292,151187328.00
2024/06/14,12.69,12.86,12.53,12.76,10457789,133873664.00
2024/06/17,12.90,13.34,12.72,13.20,16266803,214359072.00
2024/06/18,13.11,14.06,13.11,13.72,23614428,325893888.00
2024/06/19,13.72,13.83,13.51,13.66,12660311,174078816.00
2024/06/20,13.59,13.81,13.41,13.44,11524544,158023136.00
2024/06/21,13.32,13.36,13.15,13.28,10191000,135886032.00
2024/06/24,13.16,13.23,12.54,12.63,10817400,140142336.00
2024/06/25,12.64,12.64,11.72,11.80,15796554,191575920.00
2024/06/26,11.79,12.01,11.38,11.98,12822516,150844736.00
2024/06/27,11.91,12.01,11.55,11.55,8903844,105210864.00
2024/06/28,11.54,12.03,11.46,11.66,9323117,110671456.00
2024/07/01,11.64,11.79,11.46,11.66,7550600,88297960.00
2024/07/02,11.64,11.68,11.11,11.21,11313320,129695912.00
2024/07/03,10.65,11.16,10.26,10.87,17322759,187043456.00
2024/07/04,10.89,11.00,10.53,10.56,9600147,103756368.00
2024/07/05,10.42,10.54,10.28,10.46,7646000,80269840.00
2024/07/08,10.35,10.39,10.00,10.06,9252936,94803080.00
2024/07/09,10.06,10.45,9.91,10.37,7835501,80809880.00
2024/07/10,10.37,10.51,10.23,10.26,5531140,57691928.00
2024/07/11,10.41,10.72,10.31,10.65,10876928,115918144.00
2024/07/12,10.61,10.74,10.49,10.56,7161740,76693696.00
2024/07/15,10.53,10.60,10.25,10.29,6238300,65268440.00
2024/07/16,10.29,10.42,10.17,10.37,5019760,52091096.00
2024/07/17,10.41,10.59,10.22,10.42,7267740,76270872.00
2024/07/18,10.29,10.65,10.26,10.60,8999080,94806384.00
2024/07/19,10.59,11.33,10.48,11.13,14502798,160512688.00
2024/07/22,11.12,11.31,11.04,11.18,9963185,112197728.00
2024/07/23,11.19,11.26,10.61,10.62,8658574,94950032.00
2024/07/24,10.63,10.72,10.30,10.31,7677693,81242144.00
2024/07/25,10.30,10.40,10.14,10.19,5487200,56626004.00
2024/07/26,10.19,10.41,10.15,10.27,5946000,61648468.00
2024/07/29,10.29,10.44,10.12,10.14,6885118,71167536.00
2024/07/30,10.15,10.70,9.96,10.57,11737158,123243840.00
2024/07/31,10.50,10.99,10.48,10.98,11049132,120393928.00
2024/08/01,10.96,11.32,10.91,11.14,10971674,123098072.00
2024/08/02,11.10,11.35,10.94,10.98,9324615,104517936.00
2024/08/05,10.90,11.10,10.51,10.51,9348034,101589968.00
2024/08/06,10.70,10.83,10.49,10.66,5521700,59041820.00
2024/08/07,10.60,10.69,10.46,10.52,4856970,51725708.00
2024/08/08,10.50,10.67,10.30,10.53,6259860,66300500.00
2024/08/09,10.65,10.89,10.52,10.54,6937300,74758208.00
2024/08/12,10.52,10.52,10.21,10.25,5868300,61067032.00
2024/08/13,10.19,10.30,10.12,10.29,4077428,42020916.00
2024/08/14,10.29,10.31,10.07,10.08,4195088,43025596.00
2024/08/15,10.17,10.74,10.05,10.42,11769181,124052136.00
2024/08/16,10.65,10.66,10.20,10.20,5933913,62067916.00
2024/08/19,10.48,10.49,10.07,10.08,8139700,83736576.00
2024/08/20,10.08,10.11,9.77,9.79,7692749,76800040.00
2024/08/21,9.69,9.99,9.68,9.81,4819483,48077608.00
2024/08/22,9.84,9.96,9.68,9.71,4147238,40702424.00
2024/08/23,9.70,9.78,9.58,9.72,3816740,37102324.00
2024/08/26,9.72,10.04,9.69,9.91,4698481,46771256.00
2024/08/27,9.95,9.97,9.44,9.50,6394332,61448008.00
2024/08/28,9.45,9.66,9.43,9.59,3923040,37667204.00
2024/08/29,9.49,9.63,9.41,9.49,6583440,63009596.00
2024/08/30,9.45,10.18,9.43,9.98,11528860,115193280.00
2024/09/02,10.01,10.02,9.46,9.46,8846700,86074752.00
2024/09/03,9.49,9.64,9.42,9.51,5397520,51599276.00
2024/09/04,9.44,9.58,9.22,9.30,9257980,87383552.00
2024/09/05,9.39,9.56,9.32,9.50,5731400,54461120.00
2024/09/06,9.50,9.53,9.31,9.33,4467611,42095720.00
2024/09/09,9.33,9.46,9.24,9.28,4152660,38930068.00
2024/09/10,9.29,9.41,9.10,9.36,7213900,67017776.00
2024/09/11,9.31,9.63,9.24,9.48,8916680,84524072.00
2024/09/12,9.48,9.64,9.34,9.35,7122254,67955992.00
2024/09/13,9.34,9.43,9.23,9.23,4231953,39546192.00
2024/09/18,9.34,9.44,9.18,9.37,5758800,53912824.00
2024/09/19,9.38,9.69,9.31,9.57,8776000,83894560.00
2024/09/20,9.58,9.64,9.45,9.57,5574921,53390704.00
2024/09/23,9.65,10.01,9.49,9.86,10534373,103513272.00
2024/09/24,9.92,10.19,9.79,10.15,10896894,109747592.00
2024/09/25,10.20,10.56,10.12,10.14,13132907,136599552.00
2024/09/26,10.26,10.80,10.26,10.79,18236879,193451360.00
2024/09/27,11.09,11.62,11.05,11.61,15459393,175162912.00
2024/09/30,12.36,12.78,12.06,12.78,28583123,360730624.00
2024/10/08,14.06,14.06,13.55,14.06,37038763,518053696.00
2024/10/09,14.07,14.66,13.41,13.57,41716955,587149952.00
2024/10/10,13.79,14.03,13.01,13.08,29970082,403624800.00
2024/10/11,12.98,13.10,12.50,12.68,19616047,251575248.00
2024/10/14,12.90,13.93,12.56,13.81,31424186,417799968.00
2024/10/15,14.16,15.03,14.08,14.46,45905347,671233728.00
2024/10/16,15.14,15.91,14.96,15.91,89302909,1405655552.00
2024/10/17,15.11,15.25,14.32,14.32,59530496,864914944.00
2024/10/18,13.68,14.75,13.25,14.01,64915001,899160768.00
2024/10/21,14.08,14.83,14.08,14.49,51718497,752997376.00
2024/10/22,14.28,15.62,14.28,15.31,51950649,789684800.00
2024/10/23,15.42,15.49,14.88,15.04,37475254,568997760.00
2024/10/24,15.07,15.58,14.99,15.14,35578309,545617664.00
2024/10/25,15.37,15.84,15.09,15.56,36947116,574351744.00
2024/10/28,15.58,15.88,15.46,15.67,30233537,473914624.00
2024/10/29,15.52,15.66,14.79,14.82,37832286,573235136.00
2024/10/30,14.81,15.08,14.56,14.73,21846830,324830688.00
2024/10/31,14.47,15.25,14.43,15.15,26528928,396229088.00
2024/11/01,15.15,15.54,14.65,14.81,25091759,378756736.00
2024/11/04,14.71,16.30,14.68,16.27,57770450,924740992.00
2024/11/05,15.87,16.94,15.86,16.86,47208048,788672000.00
2024/11/06,16.92,17.70,16.72,17.20,38864830,673782784.00
2024/11/07,17.16,17.51,16.95,17.46,28168015,487258464.00
2024/11/08,17.72,18.84,17.72,18.31,41766305,766689280.00
2024/11/11,18.40,19.05,18.25,18.62,44425400,831914496.00
2024/11/12,18.59,19.04,18.09,18.77,38019967,706992960.00
2024/11/13,19.04,19.71,18.73,19.65,37109671,717948288.00
2024/11/14,19.96,20.14,18.34,18.46,40223510,767484800.00
2024/11/15,18.28,18.64,17.85,17.85,27347811,497875584.00
2024/11/18,17.98,18.88,17.89,18.26,29543744,542171584.00
2024/11/19,18.31,19.68,18.31,19.67,38149106,734109504.00
2024/11/20,19.46,19.87,19.31,19.75,27956781,550038720.00
2024/11/21,19.62,19.84,18.77,19.01,29350036,564058176.00
2024/11/22,19.01,19.53,18.55,18.59,21649310,412983840.00
2024/11/25,18.76,19.24,17.79,18.24,25897136,474193120.00
2024/11/26,18.23,19.11,18.07,18.73,22222385,416265408.00
2024/11/27,18.76,20.61,18.07,20.61,48558545,969869312.00
2024/11/29,18.76,19.23,18.55,18.55,54884408,1024544832.00
2024/12/02,17.50,18.39,16.76,17.56,47440957,831248576.00
2024/12/03,17.46,18.02,17.09,17.36,31523605,556922688.00
2024/12/04,17.96,18.16,17.31,17.37,22163457,393230528.00
2024/12/05,17.24,17.36,16.49,16.53,31161247,523782912.00
2024/12/06,16.44,16.84,16.16,16.45,24415793,404951360.00
2024/12/09,16.39,16.86,16.26,16.50,19020142,314677312.00
2024/12/10,17.15,17.26,16.27,16.32,26435755,441607392.00
2024/12/11,16.30,16.55,16.21,16.40,16050916,263396144.00
2024/12/12,16.41,16.83,16.26,16.67,18568726,307746528.00
2024/12/13,16.49,16.56,16.21,16.21,16736802,273731680.00
2024/12/16,16.24,16.24,15.51,15.57,17419399,274447200.00
2024/12/17,15.56,15.63,15.22,15.26,11707412,180666928.00
2024/12/18,15.26,15.57,15.19,15.36,9321636,143987424.00
2024/12/19,15.24,15.59,15.08,15.41,11252690,173471872.00
2024/12/20,15.46,16.25,15.36,16.01,18630992,297247424.00
2024/12/23,16.05,16.20,15.56,15.62,13782635,219415792.00
2024/12/24,15.69,15.85,15.34,15.58,10763357,168028560.00
2024/12/25,15.57,15.57,14.97,15.11,13011798,198003808.00
2024/12/26,15.04,15.32,15.04,15.12,9332802,141679392.00
2024/12/27,15.12,15.44,14.97,15.15,10435676,159581008.00
2024/12/30,15.16,15.31,14.82,15.12,7765005,117660928.00
2024/12/31,15.12,15.27,14.58,14.58,8747593,130088400.00
2025/01/02,14.53,14.69,13.91,14.06,12866155,184254736.00
2025/01/03,14.06,14.21,13.45,13.55,13425247,185570240.00
2025/01/06,13.52,14.56,13.45,14.31,21393837,303387232.00
2025/01/07,14.34,14.69,14.26,14.42,13143290,190255312.00
2025/01/08,14.13,14.49,13.79,14.39,13644688,192482688.00
2025/01/09,14.24,14.58,14.23,14.41,8382607,121460296.00
2025/01/10,14.41,15.01,14.29,14.32,15700740,230868160.00
2025/01/13,14.18,14.80,14.09,14.65,11195880,163191408.00
2025/01/14,14.71,15.86,14.71,15.78,20863263,322082176.00
2025/01/15,15.82,16.12,15.61,16.05,16767162,267399600.00
2025/01/16,16.08,16.29,15.54,15.78,17534523,279875520.00
2025/01/17,15.89,16.09,15.33,15.36,18455728,288733888.00
2025/01/20,15.46,15.46,15.14,15.24,10260631,157614272.00
2025/01/21,15.27,15.51,15.15,15.39,9325508,143290624.00
2025/01/22,15.34,15.35,14.77,14.86,11552705,173674576.00
2025/01/23,15.05,15.37,14.78,14.78,11066427,167731152.00
2025/01/24,14.82,15.15,14.81,15.13,8938877,134826368.00
2025/01/27,15.12,15.22,14.76,14.78,9404079,140985472.00
2025/02/05,15.15,15.29,14.88,15.03,10801847,163760016.00
2025/02/06,14.95,15.43,14.84,15.41,13117462,200911664.00
2025/02/07,15.37,15.82,15.29,15.64,17807031,277836896.00
2025/02/10,15.68,15.84,15.46,15.64,13465560,210942496.00
2025/02/11,15.58,15.72,15.14,15.15,10844600,165864688.00
2025/02/12,15.12,15.87,15.11,15.73,15622422,243769264.00
2025/02/13,15.73,15.78,15.40,15.44,9871998,153419824.00
2025/02/14,15.34,15.46,15.14,15.29,9300402,142346064.00
2025/02/17,15.26,15.35,14.85,14.97,14955194,224668784.00
2025/02/18,14.94,15.39,14.77,14.85,13846296,208370992.00
2025/02/19,14.80,15.39,14.76,15.19,14994878,227722112.00
2025/02/20,15.20,15.25,14.64,14.88,19319270,287932896.00
2025/02/21,14.89,15.22,14.79,15.07,16314898,245963472.00
2025/02/24,15.06,15.06,14.71,14.74,15772023,234903824.00
2025/02/25,14.74,15.30,14.52,14.94,18773148,281497984.00
2025/02/26,15.01,15.11,14.42,14.53,23708646,348424224.00
2025/02/27,14.55,14.56,13.88,14.12,24286439,343925696.00
2025/02/28,14.04,14.11,13.69,13.79,14384125,200382528.00
2025/03/03,13.84,14.07,13.73,13.79,10577290,147537376.00
2025/03/04,13.73,14.11,13.71,14.01,11888071,165878384.00
2025/03/05,14.02,14.13,13.72,13.86,9700626,134748048.00
2025/03/06,13.99,14.66,13.90,14.33,22020615,316804832.00
2025/03/07,14.01,14.55,14.01,14.32,18191500,261129136.00
2025/03/10,14.74,15.76,14.63,15.76,48007118,736331840.00
2025/03/11,15.65,16.71,15.51,16.14,66133185,1066569280.00
2025/03/12,16.15,16.47,15.55,15.63,35356050,563259968.00
2025/03/13,15.62,15.72,14.86,15.12,25477670,387120064.00
2025/03/14,15.36,16.02,15.14,15.48,27457099,425523968.00
2025/03/17,15.46,15.67,15.28,15.59,19913260,308113568.00
2025/03/18,15.44,15.96,15.36,15.67,26489776,416511456.00
2025/03/19,15.55,16.05,15.53,15.63,19997200,316000992.00
2025/03/20,15.58,17.14,15.52,16.52,52168008,855607424.00
2025/03/21,16.56,16.62,15.37,15.44,37570499,600804928.00
2025/03/24,15.41,15.57,15.13,15.44,17936946,275331552.00
2025/03/25,15.44,15.46,14.66,14.75,18112300,272478176.00
2025/03/26,14.88,15.12,14.49,14.60,14911800,219798512.00
2025/03/27,14.61,14.96,14.36,14.72,13293846,195778464.00
2025/03/28,14.81,15.12,14.60,14.84,12919300,192187296.00
2025/03/31,14.85,15.40,14.62,14.94,20957533,316221376.00
2025/04/01,15.01,15.41,14.82,15.08,17953600,272053920.00
2025/04/02,15.18,15.26,14.97,15.01,9181700,138554144.00
2025/04/03,14.91,15.35,14.82,15.09,15258539,230639088.00
2025/04/07,14.14,14.64,13.58,13.58,23513396,329548416.00
2025/04/08,13.56,14.03,13.47,13.77,17557723,241211472.00
2025/04/09,13.54,14.39,12.84,14.28,22789410,315240448.00
2025/04/10,14.46,14.82,14.36,14.46,16389270,240049856.00
2025/04/11,14.31,15.19,14.31,14.82,20734020,308660416.00
2025/04/14,15.06,15.07,14.78,14.82,12751220,190416208.00
2025/04/15,14.76,14.93,14.53,14.60,8103980,119033296.00
2025/04/16,14.66,15.00,14.40,14.56,16263740,239478976.00
2025/04/17,14.42,14.95,14.42,14.54,13671200,201700688.00
2025/04/18,14.48,14.52,14.18,14.41,9196200,132058736.00
2025/04/21,14.41,14.67,14.30,14.52,6899452,100395624.00
2025/04/22,14.48,14.72,14.37,14.59,8224521,120055360.00
2025/04/23,14.58,14.74,14.46,14.60,8199160,119889568.00
2025/04/24,14.60,14.66,14.26,14.31,8093801,116828760.00
2025/04/25,14.38,14.91,14.26,14.72,15642780,229639520.00
2025/04/28,14.61,14.64,13.72,14.13,22243253,314943616.00
2025/04/29,14.16,14.39,14.06,14.26,8084493,114958640.00
2025/04/30,14.26,14.61,14.23,14.38,7969100,115316928.00
2025/05/06,14.38,14.79,14.38,14.75,11581888,170188816.00
2025/05/07,14.94,15.02,14.46,14.53,11007158,162442960.00
2025/05/08,14.53,14.59,14.46,14.53,6221700,90678448.00
2025/05/09,14.47,14.55,14.14,14.18,9381232,133763376.00
2025/05/12,14.27,14.36,14.15,14.31,6953282,99437328.00
2025/05/13,14.46,14.74,14.22,14.25,8598587,124232800.00
2025/05/14,14.26,14.37,14.13,14.26,6188399,88232008.00
2025/05/15,14.27,14.31,13.92,13.92,7990316,112428872.00
2025/05/16,13.85,14.05,13.74,13.87,6686400,93051488.00
2025/05/19,13.97,14.49,13.96,14.09,13048152,185631552.00
2025/05/20,14.10,14.45,13.96,14.31,11024736,157663776.00
2025/05/21,14.26,14.29,13.96,14.22,9906336,140339312.00
2025/05/22,14.18,14.23,13.96,13.99,5920827,83558736.00
2025/05/23,13.99,14.08,13.84,13.86,7209605,100795640.00
2025/05/26,13.96,13.99,13.74,13.86,5191000,72075784.00
2025/05/27,13.86,13.95,13.71,13.88,6054920,83934112.00
2025/05/28,13.86,13.91,13.71,13.73,4051219,55948556.00
2025/05/29,13.74,14.01,13.74,13.98,6931663,96770896.00
2025/05/30,13.92,13.96,13.74,13.77,4838848,66986040.00
2025/06/03,13.72,13.84,13.67,13.74,4594300,63410764.00
2025/06/04,13.76,13.93,13.62,13.86,5405648,75096264.00
2025/06/05,13.87,14.05,13.75,13.98,7632641,106130544.00
2025/06/06,13.96,14.05,13.84,13.91,5538030,77358616.00
2025/06/09,14.01,14.19,13.91,14.12,8978720,126998824.00
2025/06/10,14.12,14.12,13.75,13.87,7959995,110984872.00
2025/06/11,13.87,14.06,13.83,13.89,6413301,89815312.00
2025/06/12,13.91,13.91,13.79,13.79,5349100,74158720.00
2025/06/13,13.76,13.81,13.46,13.48,9130060,124245248.00
2025/06/16,13.47,13.64,13.46,13.50,4890092,66292584.00
2025/06/17,13.56,13.62,13.44,13.49,4344026,58810116.00
2025/06/18,13.42,13.49,13.21,13.34,6602551,88174336.00
2025/06/19,13.33,13.43,13.10,13.16,6436980,85540224.00
2025/06/20,13.22,13.34,13.13,13.19,4880420,64828264.00
2025/06/23,13.16,13.41,13.11,13.36,5184852,69248736.00
2025/06/24,13.39,13.56,13.38,13.54,5682319,77027048.00
2025/06/25,13.54,13.61,13.40,13.60,7339708,99552312.00
2025/06/26,13.54,13.60,13.35,13.36,7370800,99493008.00
2025/06/27,13.31,13.64,13.30,13.48,8418269,113912616.00
2025/06/30,13.63,13.94,13.56,13.84,11979495,165668320.00
2025/07/01,13.80,14.06,13.77,13.92,11432243,159417520.00
2025/07/02,13.90,13.92,13.70,13.80,7244901,100008800.00
2025/07/03,13.76,13.86,13.67,13.70,5827646,80289952.00
2025/07/04,13.63,13.66,13.34,13.37,9823905,132260632.00
2025/07/07,13.35,13.49,13.35,13.43,4824560,64969808.00
2025/07/08,13.43,13.64,13.36,13.56,7725980,105148432.00
2025/07/09,13.54,13.60,13.46,13.47,5940403,80525104.00
2025/07/10,13.50,13.63,13.42,13.54,7002920,94940888.00
2025/07/11,13.57,13.77,13.39,13.61,9694880,131970872.00
2025/07/14,13.64,13.69,13.41,13.44,8533098,114991240.00
2025/07/15,13.55,13.84,13.48,13.75,17554454,240393648.00
2025/07/16,13.75,13.82,13.64,13.79,8637995,118693568.00
2025/07/17,13.82,13.96,13.75,13.93,10711500,148660384.00
2025/07/18,13.95,14.36,13.83,14.09,16207654,228034864.00
2025/07/21,14.08,14.15,14.00,14.09,10365653,145889472.00
2025/07/22,14.08,14.24,14.00,14.20,10055070,142388400.00
2025/07/23,14.18,14.44,14.16,14.20,12423845,177290432.00
2025/07/24,14.17,14.35,14.17,14.31,8468935,120968376.00
2025/07/25,14.35,14.96,14.24,14.85,23094173,338581376.00
2025/07/28,14.86,15.01,14.57,14.91,16560022,245465120.00
2025/07/29,14.86,15.25,14.85,15.09,16939621,255423504.00
2025/07/30,15.00,15.13,14.76,14.84,16808561,251113408.00
2025/07/31,14.80,14.98,14.54,14.62,13898000,204459808.00
2025/08/01,14.65,14.71,14.36,14.44,9674600,140243584.00
2025/08/04,14.35,14.59,14.31,14.50,8311921,120009216.00
2025/08/05,14.50,14.69,14.47,14.66,8116536,118353048.00
2025/08/06,14.66,14.85,14.61,14.73,8218940,120941816.00
2025/08/07,14.63,14.90,14.60,14.78,9947358,146679936.00
2025/08/08,14.76,14.76,14.45,14.47,8754200,127317688.00
2025/08/11,14.45,14.83,14.43,14.71,10934012,160437488.00
2025/08/12,14.73,14.91,14.56,14.80,11845460,174746544.00
2025/08/13,14.85,15.01,14.71,14.78,10128628,150074768.00
2025/08/14,14.78,14.89,14.49,14.50,11682396,171497856.00
2025/08/15,14.52,14.94,14.51,14.85,16167300,238794752.00
2025/08/18,14.90,14.97,14.75,14.85,17480040,259948704.00
2025/08/19,14.87,14.88,14.57,14.67,15896983,233654336.00
2025/08/20,14.59,15.25,14.45,15.16,26636160,393085248.00
2025/08/21,15.10,15.45,15.00,15.28,26812169,408527712.00
2025/08/22,15.30,15.57,15.28,15.41,21476615,331211680.00
2025/08/25,15.32,15.55,15.07,15.17,30397112,463563616.00
2025/08/26,15.18,15.96,15.06,15.59,31599619,494118912.00
2025/08/27,15.48,16.13,15.40,15.43,25850197,406145600.00
2025/08/28,15.42,15.96,15.32,15.92,26182484,412424672.00
2025/08/29,15.96,16.05,15.55,15.59,26450640,416859680.00
2025/09/01,15.75,16.15,15.73,16.09,29953160,478751072.00
2025/09/02,16.17,16.57,15.49,15.64,32261299,514552384.00
2025/09/03,15.78,16.20,15.40,15.58,25718509,405275232.00
2025/09/04,15.58,15.83,14.91,15.14,26205735,401932288.00
2025/09/05,15.30,15.76,15.18,15.71,19236560,298151072.00
2025/09/08,15.72,15.92,15.40,15.80,19985928,313141088.00
2025/09/09,15.74,16.64,15.56,16.09,36042761,579475584.00
2025/09/10,16.00,16.44,15.86,15.99,26087956,419941856.00
2025/09/11,15.88,16.42,15.60,16.24,28581752,457587264.00
2025/09/12,16.08,16.68,16.08,16.37,26715851,436440416.00
2025/09/15,16.49,16.51,16.09,16.17,20220589,327737632.00
2025/09/16,16.05,16.34,15.90,16.02,16945480,271315936.00
2025/09/17,16.04,16.75,15.84,16.73,33284575,545484352.00
2025/09/18,16.60,17.41,16.54,16.82,41930768,709447872.00
2025/09/19,16.92,17.47,16.88,16.94,35155293,603074112.00
2025/09/22,16.96,18.15,16.95,17.90,45277284,800703552.00
2025/09/23,17.73,17.90,16.97,17.73,41103795,714006528.00
2025/09/24,17.58,19.50,17.45,18.72,70103943,1296284416.00
2025/09/25,18.60,19.21,18.10,18.86,53869696,1006361472.00
2025/09/26,18.61,19.14,18.33,18.35,36935595,691823360.00
2025/09/29,18.70,20.19,18.50,20.00,81018741,1585656704.00
2025/09/30,21.39,22.00,21.03,22.00,38698406,845701376.00
2025/10/09,23.01,23.01,20.50,21.10,112159334,2426601984.00
2025/10/10,21.09,21.65,20.21,21.36,67010903,1407110784.00
2025/10/13,20.50,23.50,20.50,23.25,85442409,1918819072.00
2025/10/14,23.20,23.80,22.20,22.23,67023337,1538902400.00
2025/10/15,22.41,22.70,21.57,22.31,46249269,1023192192.00
2025/10/16,22.52,22.63,21.50,21.86,37591228,826637632.00
2025/10/17,21.53,22.08,20.79,20.90,36609687,779662144.00
2025/10/20,20.99,21.21,19.96,20.17,36284844,740920768.00
2025/10/21,20.30,20.54,20.13,20.40,22836575,464942432.00
2025/10/22,20.50,20.58,19.95,20.15,22248358,450530848.00
2025/10/23,20.10,20.13,18.98,19.20,38801622,745822080.00
2025/10/24,19.20,19.79,19.18,19.52,26382757,515174976.00
2025/10/27,20.09,20.25,19.60,19.71,28876524,574619072.00
2025/10/28,19.73,20.25,19.50,19.60,35235296,701506752.00
2025/10/29,19.52,20.04,19.10,19.88,33654863,659311744.00
2025/10/30,19.69,19.69,18.87,18.88,37668004,721691328.00
2025/10/31,18.81,18.96,18.43,18.61,26098749,487328992.00
2025/11/03,18.43,18.47,17.88,18.29,28908779,523143328.00
2025/11/04,18.27,18.32,17.57,17.76,23600368,421876832.00
2025/11/05,17.46,18.12,17.46,18.00,22728972,406251712.00
2025/11/06,17.95,18.17,17.86,18.04,18041580,325306016.00
2025/11/07,18.30,18.67,17.86,18.42,44494050,817101824.00
2025/11/10,18.48,18.84,18.34,18.59,28343457,525307424.00
2025/11/11,18.58,19.12,18.55,18.75,32825191,616398080.00
2025/11/12,18.50,18.75,17.80,18.16,31128787,567776448.00
2025/11/13,18.29,18.79,18.15,18.38,25741135,473601440.00
2025/11/14,18.25,18.41,17.65,17.65,25642407,460648704.00
2025/11/17,17.55,17.80,16.77,16.97,36854236,630351232.00
2025/11/18,17.01,17.50,16.86,17.21,22466802,387177760.00
2025/11/19,17.10,17.44,17.00,17.21,15583286,268302960.00
2025/11/20,17.30,17.45,17.04,17.13,13879192,238390912.00
2025/11/21,16.81,17.06,16.20,16.21,23407720,386178080.00
2025/11/24,16.28,16.72,16.15,16.50,16641167,273130208.00
2025/11/25,16.69,17.20,16.55,16.95,16863171,285697536.00
2025/11/26,16.97,17.25,16.73,16.87,16820041,285871904.00
2025/11/27,16.93,17.24,16.78,16.81,15814800,268649856.00
2025/11/28,16.83,17.08,16.71,16.95,14064580,237624080.00
2025/12/01,16.96,17.01,16.54,16.80,19910905,333158912.00
2025/12/02,16.76,16.76,16.46,16.53,11654833,192951984.00
2025/12/03,16.51,16.55,16.16,16.17,12861662,209354480.00
2025/12/04,16.26,16.48,15.80,16.31,14854506,240281088.00
2025/12/05,16.26,16.52,16.08,16.48,12107720,197831360.00
2025/12/08,16.60,16.90,16.44,16.74,20082106,335487232.00
2025/12/09,16.67,16.67,16.38,16.48,16317303,269207424.00
2025/12/10,16.39,16.75,16.35,16.60,19681156,325805120.00
2025/12/11,16.57,17.05,16.35,16.76,35809421,599486272.00
2025/12/12,16.77,16.88,16.38,16.66,32972129,547671424.00
2025/12/15,16.50,16.60,16.28,16.43,15117940,248358416.00
2025/12/16,16.41,16.45,15.84,16.00,18069438,289219712.00
2025/12/17,15.97,16.24,15.66,16.19,17866695,284462112.00
2025/12/18,16.15,17.29,16.10,16.58,29834801,499826976.00
2025/12/19,16.62,16.69,16.34,16.35,20556761,338623360.00
2025/12/22,16.51,17.43,16.42,17.24,45261720,778231296.00
2025/12/23,17.16,17.59,17.15,17.30,29461866,512277216.00
2025/12/24,17.27,17.57,17.23,17.39,21290011,369567264.00
2025/12/25,17.35,17.50,17.07,17.38,20973798,362627648.00
2025/12/26,17.36,17.85,17.28,17.41,25114266,439716352.00
2025/12/29,17.40,17.78,17.32,17.44,23136057,406112352.00
2025/12/30,17.28,17.78,17.27,17.57,26380284,464729280.00
2025/12/31,17.71,17.88,17.36,17.64,26977432,475092320.00
2026/01/05,17.72,18.39,17.71,18.35,36459870,663460928.00
2026/01/06,18.30,18.98,18.20,18.63,41746766,780235200.00
2026/01/07,18.78,19.09,18.55,18.84,47229720,887140800.00
2026/01/08,19.07,19.89,18.96,19.48,49636477,962790848.00
2026/01/09,19.59,19.60,19.06,19.26,38838765,748675200.00
2026/01/12,19.05,19.39,18.90,19.24,42469364,812825344.00
2026/01/13,19.30,19.40,18.43,18.51,42092106,794085312.00
2026/01/14,18.40,19.22,18.39,18.85,41868258,787576768.00
2026/01/15,18.65,19.28,18.58,19.26,33517766,636789504.00
2026/01/16,19.51,19.69,19.02,19.35,41858796,809636736.00
2026/01/19,21.29,21.29,19.96,20.46,86290798,1762291200.00
2026/01/20,19.81,20.13,19.27,19.60,62645476,1229330816.00
2026/01/21,19.31,19.75,19.09,19.36,39274308,761976256.00
2026/01/22,19.51,19.63,18.34,18.49,55512159,1038008064.00
2026/01/23,18.35,20.16,18.33,19.97,76548139,1490511872.00
2026/01/26,19.97,20.23,18.89,19.14,50698136,982686528.00
2026/01/27,19.00,19.31,18.29,19.06,34013030,642970752.00
2026/01/28,19.15,19.98,19.15,19.65,44091115,864373568.00
2026/01/29,19.68,20.04,19.15,19.30,45258017,883525888.00
2026/01/30,19.23,19.59,18.70,18.94,30085572,574933504.00
2026/02/02,18.62,18.83,17.71,17.73,37556165,681418240.00
2026/02/03,18.08,18.36,17.96,18.20,24923662,452298336.00
2026/02/04,18.14,18.26,17.80,17.94,20900521,375342624.00
2026/02/05,17.78,17.78,17.26,17.41,22313870,389021120.00
2026/02/06,17.18,17.54,17.18,17.26,15582271,270942080.00
2026/02/09,17.56,17.80,17.49,17.73,18371923,325106464.00
2026/02/10,17.71,17.97,17.63,17.74,16367161,291002304.00
2026/02/11,17.74,18.20,17.60,17.77,14929560,267302944.00
2026/02/12,17.86,17.99,17.70,17.91,12845227,229448528.00
2026/02/13,17.82,19.53,17.79,18.95,49429235,931909888.00
2026/02/24,18.95,19.00,18.26,18.52,33985913,633214848.00
2026/02/25,18.54,19.66,18.37,19.51,39782275,763133568.00
2026/02/26,19.51,19.61,19.06,19.45,26551263,514567008.00
2026/02/27,19.30,19.43,19.01,19.39,23014974,442512704.00
2026/03/02,18.92,19.26,18.70,18.73,28333146,534812992.00
2026/03/03,18.80,19.29,18.19,18.24,28828446,535858304.00
2026/03/04,17.91,18.66,17.89,18.07,21642927,394153600.00
2026/03/05,18.46,18.70,18.30,18.42,20583749,380120064.00
2026/03/06,18.30,18.47,17.91,17.96,20220446,366788576.00
2026/03/09,17.30,17.35,16.75,17.19,31515183,536555424.00
2026/03/10,17.48,18.06,17.38,17.99,25406613,450138528.00
2026/03/11,17.98,18.50,17.91,18.14,19433560,355429600.00
2026/03/12,18.19,18.48,18.06,18.30,16170765,295074496.00
2026/03/13,18.21,19.03,18.13,18.38,28920450,539001728.00
2026/03/16,18.40,18.66,17.74,18.61,23469827,429724192.00
2026/03/17,18.69,18.94,18.24,18.24,22922366,425673216.00
2026/03/18,18.31,19.30,18.31,18.93,40613634,767042240.00
2026/03/19,18.67,18.87,18.35,18.45,27155940,504270624.00
2026/03/20,18.60,19.68,18.55,19.07,53868984,1030897664.00
2026/03/23,19.08,19.63,18.37,18.57,65681440,1244923008.00
2026/03/24,18.90,19.25,18.41,19.11,43690657,825215360.00
2026/03/25,19.11,19.79,19.00,19.32,43830200,851420608.00
2026/03/26,19.13,19.40,18.77,18.95,35455700,674074176.00
2026/03/27,18.60,19.15,18.53,18.71,36074497,679776768.00
2026/03/30,18.45,19.10,17.99,18.82,33560503,620566400.00
2026/03/31,18.70,18.94,18.36,18.38,25233550,470840448.00
2026/04/01,18.78,19.00,18.56,18.66,26139908,491914784.00
2026/04/02,18.60,18.65,17.67,17.81,34005296,612772096.00
2026/04/03,17.82,18.59,17.60,18.18,26076941,474686112.00
2026/04/07,18.49,19.54,18.40,19.17,48957142,937732736.00
2026/04/08,19.50,21.09,19.29,21.09,85331097,1754679808.00
2026/04/09,20.92,21.61,20.70,21.06,88776118,1881709568.00
2026/04/10,21.33,22.26,21.07,22.08,75309275,1634710912.00
2026/04/13,21.70,22.35,21.70,21.82,51251558,1124654464.00
2026/04/14,22.05,22.78,21.97,22.34,45015381,1006528384.00
2026/04/15,22.43,22.60,21.77,21.82,40588243,895780416.00
2026/04/16,21.75,22.20,21.43,22.08,46454664,1010122048.00
2026/04/17,22.20,24.29,22.20,24.29,56482396,1334186880.00
2026/04/20,24.22,25.33,24.01,24.85,76363773,1890244864.00
2026/04/21,24.73,25.01,24.50,24.60,38628017,955110016.00
2026/04/22,24.63,27.06,24.52,27.06,47871583,1234599424.00
2026/04/23,26.90,28.86,26.77,27.00,106096659,2926024448.00
2026/04/24,27.08,28.50,27.06,27.22,62716400,1726306304.00
2026/04/27,27.55,27.69,26.37,26.52,72876074,1953070336.00
2026/04/28,26.40,27.97,25.50,27.24,65529670,1762293632.00
2026/04/29,27.10,27.52,26.60,27.06,40737886,1105364736.00
2026/04/30,27.20,28.53,27.20,27.62,58705138,1636070784.00
2026/05/06,28.14,28.28,26.61,27.58,78040625,2148064256.00
2026/05/07,27.68,28.64,27.66,28.22,55012902,1553326080.00
2026/05/08,27.85,29.23,27.66,28.63,50821736,1451034752.00
2026/05/11,28.99,29.97,28.60,29.41,78234219,2291491840.00
2026/05/12,29.12,29.97,27.56,29.66,71794689,2068708608.00
2026/05/13,29.05,30.00,28.68,29.20,52355998,1533265024.00
2026/05/14,29.20,31.60,28.75,30.63,76042605,2313208320.00
2026/05/15,30.88,31.80,28.30,28.88,88124914,2621852672.00
2026/05/18,29.50,31.75,29.40,31.04,86204788,2657327616.00
2026/05/19,30.45,30.82,28.30,29.23,77492522,2265640192.00
2026/05/20,28.98,29.95,28.10,29.20,60883750,1770115968.00
2026/05/21,29.49,29.50,26.40,26.66,91036934,2532742400.00
2026/05/22,26.80,28.30,26.80,27.93,64226686,1769647616.00
2026/05/25,27.97,29.06,26.68,28.56,75912603,2135153920.00
2026/05/26,28.05,28.23,27.03,27.75,48148660,1325134464.00
2026/05/27,27.80,28.36,26.72,26.79,41020109,1127806080.00
2026/05/28,26.80,28.34,26.30,28.00,49317267,1360365056.00
2026/05/29,28.40,28.56,26.71,26.90,42543217,1165438976.00
2026/06/01,27.00,27.30,26.00,26.05,37934596,1005422784.00
2026/06/02,26.49,26.49,25.47,25.65,26956312,697599040.00
2026/06/03,25.51,27.79,25.44,27.04,44225013,1192467968.00
2026/06/04,26.83,27.32,26.38,26.72,28756634,773717120.00
2026/06/05,26.46,26.61,25.57,25.70,41380899,1077003648.00
2026/06/08,24.30,25.78,24.21,24.57,38820449,964932032.00
2026/06/09,24.90,27.03,24.88,27.03,55005809,1442996352.00
2026/06/10,26.90,28.90,26.70,27.53,63412426,1763775104.00
2026/06/11,28.10,30.28,27.53,28.91,108737952,3172757504.00
2026/06/12,29.41,29.90,28.27,28.48,81429658,2369185280.00
2026/06/15,28.55,31.33,28.11,31.05,93140532,2815765760.00
2026/06/16,30.65,33.02,30.65,32.94,82338142,2624834304.00
2026/06/17,32.36,33.51,32.15,33.00,71383794,2342895104.00
2026/06/18,32.90,35.28,32.81,33.45,73806132,2517030144.00
2026/06/22,34.90,36.08,34.20,36.01,98892882,3486372352.00
2026/06/23,36.90,38.30,35.30,36.08,95254150,3507913728.00
2026/06/24,35.41,38.45,35.30,37.76,91546729,3372616704.00
2026/06/25,38.00,39.08,36.43,37.20,94971159,3569608960.00
2026/06/26,37.00,39.36,36.62,38.26,90967760,3463386624.00
2026/06/29,37.82,38.65,34.62,36.24,102082746,3704612096.00
2026/06/30,36.96,39.86,36.33,39.86,76191787,2910219776.00
2026/07/01,41.17,43.85,40.59,43.85,126587219,5470812160.00
2026/07/02,48.24,48.24,44.98,48.24,68696536,3282307840.00
2026/07/03,47.76,50.99,47.00,47.51,180453413,8843691008.00
2026/07/06,46.36,48.36,42.76,43.44,147870889,6566446080.00
2026/07/07,42.98,45.88,42.10,44.35,92780389,4139290880.00
2026/07/08,44.08,44.82,39.92,41.58,93979581,3904263680.00
2026/07/09,42.10,43.39,40.84,43.24,81698572,3463418624.00
2026/07/10,41.56,46.48,41.39,42.70,93865706,4140764160.00
2026/07/13,41.10,43.30,38.84,39.38,82833759,3390311936.00
2026/07/14,40.00,40.97,38.38,40.14,66678979,2637584640.00
2026/07/15,40.60,41.55,38.50,39.70,63804002,2555164672.00
2026/07/16,38.00,39.18,35.73,35.73,69261824,2576967424.00
2026/07/17,34.27,35.60,32.16,32.16,88111307,2982258688.00
2026/07/20,32.98,32.98,28.94,28.94,62221499,1888461952.00
2026/07/21,28.30,31.83,26.05,31.83,121973470,3494916352.00
2026/07/22,31.00,33.15,30.86,31.31,74004979,2375186944.00
2026/07/23,31.94,31.95,29.52,29.93,54982568,1671144960.00
2026/07/24,29.93,32.11,28.98,30.52,64881655,1998959744.00
2026/07/27,30.53,31.43,28.90,30.52,61724742,1849042432.00
2026/07/28,30.00,31.36,28.31,28.73,56715968,1688434816.00
2026/07/29,28.57,28.97,25.89,27.55,76404932,2068092928.00
2026/07/30,27.50,27.65,24.80,24.80,59215879,1519221504.00
2026/07/31,26.80,27.28,25.73,26.01,88357331,2336916480.00
2026/08/03,25.30,25.55,23.41,23.41,81499531,1949251200.00
2026/08/04,23.00,24.68,22.35,24.41,93932012,2226281728.00
2026/08/05,24.50,26.85,24.26,26.58,94064308,2443004416.00
2026/08/06,26.20,28.48,26.01,28.44,91301297,2526220544.00
2026/08/07,28.44,31.28,28.10,31.28,79833028,2390774272.00
2026/08/10,33.40,34.41,33.00,34.41,29015160,990539584.00
2026/08/11,33.73,35.80,32.09,32.47,150464490,5048875520.00
2026/08/12,32.52,35.72,31.91,35.72,75100555,2532560128.00
2026/08/13,37.78,38.00,34.00,34.02,122192923,4357614592.00
2026/08/14,34.89,35.20,33.47,34.20,78207949,2680616960.00
2026/08/17,34.56,36.06,34.56,36.06,85548692,3013455872.00
2026/08/18,36.78,37.18,35.03,35.80,81421210,2938433280.00
2026/08/19,33.95,36.65,32.81,33.15,88539506,3053857280.00
2026/08/20,33.97,33.97,32.35,32.84,54736041,1803982848.00
2026/08/21,32.84,33.96,32.10,32.55,54328008,1789950464.00
2026/08/24,32.44,32.77,31.13,32.17,63050086,2007359616.00
2026/08/25,31.21,31.88,29.70,31.46,59110670,1822516864.00
2026/08/26,31.36,31.88,30.36,30.91,41344959,1282440448.00
2026/08/27,31.05,34.00,30.92,34.00,59992137,1955765888.00
2026/08/28,35.00,37.31,34.70,34.80,112300935,4022725888.00
2026/08/31,34.45,35.18,34.03,34.73,61013368,2110369664.00
2026/09/01,34.75,34.86,32.70,33.15,59318199,1978911872.00
2026/09/02,32.11,32.58,31.85,32.04,42544468,1369145728.00
2026/09/03,32.33,32.45,31.02,31.49,40279843,1268382848.00
2026/09/04,31.85,32.06,29.33,29.64,52138194,1589545728.00
2026/09/07,30.00,31.42,29.70,31.07,48110627,1480392704.00
2026/09/08,31.11,31.74,30.15,30.35,47380896,1462830592.00
2026/09/09,31.12,31.65,30.26,30.51,43980251,1362230400.00
2026/09/10,30.00,30.60,29.82,30.05,27907034,842508864.00
2026/09/11,29.50,29.94,28.10,29.31,39473356,1144897536.00
2026/09/14,28.89,32.10,28.22,31.90,69727528,2158107392.00
#数据来源:通达信
