600208 衢州发展 日线 前复权
      日期	    开盘	    最高	    最低	    收盘	    成交量	    成交额
2021/08/02,2.84,2.88,2.82,2.87,42082887,122789888.00
2021/08/03,2.85,2.86,2.83,2.86,37167668,108396248.00
2021/08/04,2.87,2.87,2.84,2.86,28235009,81093632.00
2021/08/05,2.85,2.89,2.84,2.87,30052362,86579928.00
2021/08/06,2.86,2.86,2.83,2.86,35802278,102625784.00
2021/08/09,2.85,2.88,2.83,2.88,47695717,137400704.00
2021/08/10,2.86,2.87,2.84,2.87,41305109,118815936.00
2021/08/11,2.86,2.92,2.85,2.89,59339968,172968368.00
2021/08/12,2.87,2.88,2.86,2.87,36301747,104753872.00
2021/08/13,2.86,2.87,2.84,2.86,39931100,114733568.00
2021/08/16,2.85,2.88,2.84,2.87,50728301,146094928.00
2021/08/17,2.85,2.87,2.83,2.85,56780536,162850928.00
2021/08/18,2.83,2.85,2.82,2.85,64714787,184685680.00
2021/08/19,2.84,2.84,2.81,2.83,45881262,130566408.00
2021/08/20,2.82,2.83,2.78,2.81,64919368,183224368.00
2021/08/23,2.80,2.82,2.79,2.81,43008019,121537200.00
2021/08/24,2.80,2.89,2.80,2.88,101173690,291287200.00
2021/08/25,2.89,2.97,2.88,2.96,120298206,356182016.00
2021/08/26,2.97,2.98,2.94,2.97,82234402,245423536.00
2021/08/27,2.97,2.98,2.94,2.97,54301296,162063648.00
2021/08/30,3.00,3.24,3.00,3.08,233834030,741676160.00
2021/08/31,3.13,3.19,3.07,3.11,154185606,482652416.00
2021/09/01,3.08,3.11,3.00,3.01,94774530,290948128.00
2021/09/02,3.00,3.08,3.00,3.07,67346259,206115808.00
2021/09/03,3.13,3.19,3.06,3.13,141699797,446147264.00
2021/09/06,3.14,3.16,3.09,3.12,92784517,291857408.00
2021/09/07,3.11,3.13,3.08,3.09,91793182,285932224.00
2021/09/08,3.10,3.14,3.09,3.10,67845440,212531728.00
2021/09/09,3.10,3.13,3.08,3.12,51863328,162248000.00
2021/09/10,3.10,3.14,3.08,3.10,76643672,240042864.00
2021/09/13,3.10,3.21,3.09,3.20,107060735,340509792.00
2021/09/14,3.20,3.22,3.06,3.07,96782982,304842208.00
2021/09/15,3.04,3.10,3.03,3.06,51688431,159658032.00
2021/09/16,3.08,3.37,3.07,3.26,338438820,1119082752.00
2021/09/17,3.22,3.42,3.13,3.35,239298494,781969792.00
2021/09/22,3.28,3.39,3.23,3.32,152244703,506040064.00
2021/09/23,3.34,3.39,3.27,3.34,132649299,443305824.00
2021/09/24,3.33,3.35,3.20,3.23,148828873,489548992.00
2021/09/27,3.21,3.24,2.96,3.02,174992443,541866880.00
2021/09/28,3.01,3.10,3.00,3.07,70501782,217444672.00
2021/09/29,3.03,3.07,3.00,3.04,66512267,203196192.00
2021/09/30,3.04,3.07,2.98,3.02,81105127,245522240.00
2021/10/08,3.04,3.05,3.00,3.02,65030891,197646048.00
2021/10/11,3.01,3.03,2.99,3.00,50149671,151837600.00
2021/10/12,3.00,3.01,2.90,2.92,68838799,204433808.00
2021/10/13,2.92,2.98,2.91,2.95,46765789,138900704.00
2021/10/14,2.95,2.96,2.87,2.90,57842874,169092464.00
2021/10/15,2.90,2.93,2.86,2.92,65138175,189649584.00
2021/10/18,2.93,2.93,2.86,2.88,52671723,153113296.00
2021/10/19,2.87,2.88,2.85,2.87,38740268,111611248.00
2021/10/20,2.86,2.87,2.84,2.86,42240263,121508520.00
2021/10/21,2.86,2.93,2.85,2.89,54604231,159130880.00
2021/10/22,2.90,2.97,2.89,2.89,49668326,146269744.00
2021/10/25,2.85,2.87,2.82,2.86,65262848,186825344.00
2021/10/26,2.84,2.86,2.82,2.86,41714297,119408688.00
2021/10/27,2.85,2.86,2.82,2.86,48114107,137577664.00
2021/10/28,2.85,2.88,2.83,2.85,50964425,145962992.00
2021/10/29,2.84,2.86,2.82,2.86,38434171,110033792.00
2021/11/01,2.84,2.84,2.80,2.83,64983880,184689728.00
2021/11/02,2.82,2.83,2.78,2.80,54818425,154705648.00
2021/11/03,2.79,2.81,2.78,2.81,36995060,104144792.00
2021/11/04,2.80,2.81,2.77,2.78,48407263,135665776.00
2021/11/05,2.76,2.77,2.69,2.75,85264569,233866560.00
2021/11/08,2.72,2.79,2.72,2.78,33411783,92850896.00
2021/11/09,2.78,2.85,2.77,2.82,43953785,124890632.00
2021/11/10,2.83,2.89,2.82,2.88,51628118,148800592.00
2021/11/11,2.87,2.95,2.87,2.92,69417323,204077296.00
2021/11/12,2.90,2.93,2.90,2.91,42747660,125368224.00
2021/11/15,2.97,3.00,2.91,2.93,77203210,228538112.00
2021/11/16,2.91,2.96,2.91,2.91,41056625,121176656.00
2021/11/17,2.92,2.92,2.86,2.88,43218795,125438344.00
2021/11/18,2.88,2.90,2.86,2.86,32022480,92706720.00
2021/11/19,2.87,2.92,2.83,2.91,49003325,141502800.00
2021/11/22,2.91,2.91,2.86,2.86,49796152,144180256.00
2021/11/23,2.87,3.03,2.85,2.95,103982458,310390304.00
2021/11/24,2.96,2.98,2.88,2.90,78734936,231030592.00
2021/11/25,2.90,2.92,2.88,2.89,35059384,102253504.00
2021/11/26,2.88,2.89,2.86,2.86,32858020,94892800.00
2021/11/29,2.84,2.86,2.82,2.84,42074041,120006760.00
2021/11/30,2.84,2.88,2.83,2.85,34715965,99913608.00
2021/12/01,2.85,2.88,2.83,2.87,34340759,98992448.00
2021/12/02,2.88,2.91,2.87,2.87,31478183,91506304.00
2021/12/03,2.88,2.90,2.87,2.89,30172960,87667392.00
2021/12/06,2.90,2.91,2.85,2.85,45558409,131979176.00
2021/12/07,2.88,2.91,2.85,2.87,39807326,115168976.00
2021/12/08,2.88,2.88,2.85,2.86,29950989,86333304.00
2021/12/09,2.86,2.92,2.86,2.90,50191942,146110720.00
2021/12/10,2.89,2.90,2.87,2.87,37285461,108190240.00
2021/12/13,2.88,2.89,2.86,2.87,32605123,94416496.00
2021/12/14,2.87,2.87,2.83,2.84,43047623,123387680.00
2021/12/15,2.85,2.87,2.84,2.85,37850384,108813744.00
2021/12/16,2.88,2.96,2.88,2.90,90404284,265368480.00
2021/12/17,2.93,3.18,2.92,3.06,233305017,719808768.00
2021/12/20,3.10,3.11,3.03,3.04,112679500,347344896.00
2021/12/21,3.06,3.17,3.04,3.14,140712580,442097216.00
2021/12/22,3.14,3.16,3.07,3.08,99875920,311760192.00
2021/12/23,3.08,3.11,3.04,3.04,69906647,215409696.00
2021/12/24,3.05,3.06,2.99,3.01,70299792,213068288.00
2021/12/27,3.01,3.03,2.96,2.97,56184351,169470400.00
2021/12/28,2.98,2.98,2.93,2.95,54831579,162457120.00
2021/12/29,2.94,2.95,2.92,2.93,38635403,114104520.00
2021/12/30,2.93,2.95,2.92,2.94,36008467,106586696.00
2021/12/31,2.94,2.97,2.93,2.96,41600558,123789264.00
2022/01/04,2.97,3.00,2.94,2.99,66114709,197926960.00
2022/01/05,3.03,3.16,3.01,3.08,150152823,467460288.00
2022/01/06,3.04,3.10,3.03,3.05,80891449,249652752.00
2022/01/07,3.06,3.13,3.06,3.08,97357797,303361568.00
2022/01/10,3.08,3.11,3.06,3.10,75443196,234187488.00
2022/01/11,3.09,3.14,3.07,3.08,74955783,234105616.00
2022/01/12,3.08,3.09,3.04,3.08,55257268,170718896.00
2022/01/13,3.09,3.13,3.07,3.07,58466769,182281712.00
2022/01/14,3.07,3.08,3.02,3.03,58689608,180051856.00
2022/01/17,3.03,3.10,3.03,3.09,76558150,237919056.00
2022/01/18,3.09,3.21,3.08,3.15,134545650,425118752.00
2022/01/19,3.13,3.16,3.11,3.15,64091220,202216016.00
2022/01/20,3.16,3.18,3.11,3.14,61261965,193502912.00
2022/01/21,3.12,3.15,3.08,3.13,77309824,242828464.00
2022/01/24,3.13,3.15,3.07,3.13,50402062,158119184.00
2022/01/25,3.11,3.12,3.01,3.01,73462883,225988240.00
2022/01/26,3.02,3.04,2.97,2.98,83612263,252695632.00
2022/01/27,2.98,2.99,2.89,2.90,69941827,207412208.00
2022/01/28,2.92,2.96,2.89,2.93,47215932,139081328.00
2022/02/07,2.97,3.00,2.94,3.00,45643598,136609504.00
2022/02/08,2.99,3.03,2.97,3.03,56531694,171154560.00
2022/02/09,3.03,3.10,3.02,3.06,66540985,204982848.00
2022/02/10,3.06,3.08,3.03,3.06,42098900,129459704.00
2022/02/11,3.06,3.10,3.05,3.06,65311075,201867632.00
2022/02/14,3.04,3.05,2.99,3.00,56880036,172806112.00
2022/02/15,2.99,3.02,2.95,2.97,43843500,131701920.00
2022/02/16,2.99,3.01,2.97,3.00,36204098,108923440.00
2022/02/17,3.00,3.00,2.94,2.94,49271960,146909056.00
2022/02/18,2.93,3.06,2.93,3.04,85931214,259825024.00
2022/02/21,3.03,3.07,3.01,3.05,46729165,142819968.00
2022/02/22,3.04,3.07,3.01,3.03,46030237,140807280.00
2022/02/23,3.04,3.05,2.99,3.01,48875700,148212688.00
2022/02/24,3.01,3.01,2.91,2.93,79683805,236860768.00
2022/02/25,2.94,2.96,2.91,2.92,52684363,155491200.00
2022/02/28,2.92,2.98,2.90,2.97,51692824,152461760.00
2022/03/01,2.97,2.97,2.93,2.95,32321111,95810888.00
2022/03/02,2.94,3.00,2.93,2.99,52633793,157174864.00
2022/03/03,2.98,3.03,2.98,3.00,48899764,147961728.00
2022/03/04,2.99,3.00,2.95,2.96,48717786,145518304.00
2022/03/07,2.95,2.97,2.92,2.93,42819738,126822688.00
2022/03/08,2.92,2.93,2.85,2.85,67652300,196563344.00
2022/03/09,2.86,2.87,2.71,2.78,72758153,204545408.00
2022/03/10,2.83,2.86,2.80,2.81,39724547,113020664.00
2022/03/11,2.79,2.83,2.74,2.83,40640481,113854576.00
2022/03/14,2.81,2.87,2.79,2.79,43582443,124416000.00
2022/03/15,2.78,2.78,2.64,2.73,84179930,230816688.00
2022/03/16,2.71,2.75,2.64,2.73,82898513,225638432.00
2022/03/17,2.76,2.81,2.73,2.74,94098182,262472624.00
2022/03/18,2.70,2.80,2.70,2.80,70587294,196247696.00
2022/03/21,2.82,2.85,2.79,2.82,61863059,175540576.00
2022/03/22,2.80,2.93,2.79,2.89,136564055,396668800.00
2022/03/23,2.87,2.95,2.84,2.92,126524145,368654976.00
2022/03/24,2.90,2.93,2.86,2.87,71795698,209349520.00
2022/03/25,2.87,2.93,2.83,2.88,84645064,246266304.00
2022/03/28,2.87,3.00,2.84,2.94,133759518,395069792.00
2022/03/29,2.93,2.93,2.87,2.88,90938636,265378080.00
2022/03/30,2.90,3.09,2.88,3.02,186954738,563696384.00
2022/03/31,3.00,3.10,2.99,3.03,185845930,569746048.00
2022/04/01,3.00,3.13,3.00,3.10,186241410,573915712.00
2022/04/06,3.17,3.24,3.08,3.19,239179267,761190144.00
2022/04/07,3.14,3.17,3.03,3.05,190661607,593710848.00
2022/04/08,3.04,3.36,3.00,3.23,398238177,1289356928.00
2022/04/11,3.21,3.21,3.04,3.07,247223342,775257984.00
2022/04/12,3.07,3.09,3.00,3.02,161538025,494192064.00
2022/04/13,2.99,3.04,2.91,2.91,154210514,460403424.00
2022/04/14,2.93,3.04,2.92,3.00,130983487,394139840.00
2022/04/15,2.98,3.06,2.95,2.97,105060172,318236512.00
2022/04/18,2.92,2.95,2.86,2.87,113991578,332448576.00
2022/04/19,2.85,2.92,2.82,2.90,97740641,281903328.00
2022/04/20,2.90,2.93,2.77,2.79,108165069,308559104.00
2022/04/21,2.78,2.80,2.70,2.73,83793577,231214272.00
2022/04/22,2.70,2.74,2.67,2.73,67044595,183144416.00
2022/04/25,2.70,2.72,2.63,2.70,90093563,242471024.00
2022/04/26,2.67,2.70,2.63,2.69,86538685,232184624.00
2022/04/27,2.64,2.69,2.57,2.69,98031461,260473072.00
2022/04/28,2.66,2.69,2.62,2.69,71894196,192843248.00
2022/04/29,2.70,2.76,2.68,2.75,85980054,235638912.00
2022/05/05,2.72,2.81,2.72,2.78,72305270,201765392.00
2022/05/06,2.74,2.74,2.68,2.70,58038189,158259392.00
2022/05/09,2.68,2.75,2.68,2.74,58749353,161065296.00
2022/05/10,2.70,2.81,2.69,2.77,56362994,155890064.00
2022/05/11,2.77,2.80,2.74,2.74,64305308,179369504.00
2022/05/12,2.72,2.74,2.69,2.71,47690027,130501120.00
2022/05/13,2.71,2.80,2.71,2.80,69840903,194064944.00
2022/05/16,2.84,2.91,2.83,2.87,120196151,347271360.00
2022/05/17,2.89,2.90,2.83,2.88,64498750,185818512.00
2022/05/18,2.88,2.89,2.84,2.84,41523828,119391728.00
2022/05/19,2.80,2.87,2.79,2.86,44743874,127925832.00
2022/05/20,2.87,2.88,2.83,2.86,44352840,127404696.00
2022/05/23,2.84,2.86,2.82,2.83,38457808,109976888.00
2022/05/24,2.83,2.85,2.74,2.77,86491083,242341088.00
2022/05/25,2.75,2.78,2.73,2.78,54264262,150600384.00
2022/05/26,2.78,2.80,2.76,2.79,50853075,142245360.00
2022/05/27,2.79,2.80,2.75,2.79,45507537,127121968.00
2022/05/30,2.78,2.78,2.74,2.76,39208500,108846712.00
2022/05/31,2.75,2.78,2.73,2.77,36948500,102582192.00
2022/06/01,2.76,2.80,2.75,2.77,34405942,96136704.00
2022/06/02,2.76,2.77,2.73,2.76,46379946,128406000.00
2022/06/06,2.75,2.78,2.73,2.77,51205560,141989984.00
2022/06/07,2.76,2.78,2.73,2.77,49185597,136359840.00
2022/06/08,2.77,2.77,2.73,2.76,44243396,122494976.00
2022/06/09,2.75,2.77,2.74,2.76,50044211,138976944.00
2022/06/10,2.75,2.77,2.74,2.76,50841231,140975984.00
2022/06/13,2.74,2.76,2.73,2.75,42833331,118324000.00
2022/06/14,2.73,2.76,2.69,2.75,63131207,173721392.00
2022/06/15,2.75,2.88,2.74,2.79,172965139,488956992.00
2022/06/16,2.78,2.81,2.75,2.76,63830766,178316512.00
2022/06/17,2.74,2.76,2.71,2.75,55511479,153105600.00
2022/06/20,2.75,2.76,2.73,2.76,47678846,131957648.00
2022/06/21,2.75,2.79,2.74,2.76,51978063,144906080.00
2022/06/22,2.76,2.77,2.72,2.74,57236735,157913472.00
2022/06/23,2.73,2.75,2.72,2.74,49791292,137202944.00
2022/06/24,2.74,2.74,2.72,2.73,42200301,115918824.00
2022/06/27,2.73,2.74,2.72,2.72,52314980,143757440.00
2022/06/28,2.72,2.74,2.70,2.73,45757939,125345408.00
2022/06/29,2.73,2.77,2.72,2.74,76341756,211537472.00
2022/06/30,2.75,2.77,2.73,2.74,95145853,262967680.00
2022/07/01,2.74,2.75,2.71,2.73,50073205,137563520.00
2022/07/04,2.72,2.73,2.70,2.72,39812090,108938776.00
2022/07/05,2.71,2.73,2.68,2.70,57668469,156740000.00
2022/07/06,2.70,2.70,2.65,2.68,45841432,123258384.00
2022/07/07,2.68,2.69,2.67,2.68,29666517,80006840.00
2022/07/08,2.67,2.69,2.66,2.68,29910590,80677416.00
2022/07/11,2.67,2.68,2.64,2.68,44142402,118311816.00
2022/07/12,2.67,2.68,2.65,2.68,37623995,101103336.00
2022/07/13,2.67,2.71,2.66,2.68,42653200,115383664.00
2022/07/14,2.68,2.68,2.65,2.66,43102463,115509784.00
2022/07/15,2.65,2.66,2.60,2.63,62814884,166251360.00
2022/07/18,2.62,2.65,2.61,2.64,38842419,103077448.00
2022/07/19,2.64,2.65,2.62,2.63,34154541,90456224.00
2022/07/20,2.64,2.65,2.63,2.64,29051487,77235728.00
2022/07/21,2.63,2.64,2.62,2.63,27121880,71820600.00
2022/07/22,2.62,2.64,2.61,2.63,31565060,83415424.00
2022/07/25,2.63,2.65,2.62,2.63,38794156,103039032.00
2022/07/26,2.63,2.69,2.62,2.67,56413763,151304368.00
2022/07/27,2.67,2.69,2.64,2.65,38546830,103275056.00
2022/07/28,2.66,2.67,2.64,2.65,32119870,85929728.00
2022/07/29,2.66,2.66,2.62,2.63,33419510,88859104.00
2022/08/01,2.62,2.63,2.61,2.61,29478684,77653424.00
2022/08/02,2.60,2.61,2.51,2.53,66820610,171546416.00
2022/08/03,2.52,2.55,2.50,2.53,41081150,104464632.00
2022/08/04,2.52,2.53,2.50,2.53,33218096,84181656.00
2022/08/05,2.53,2.55,2.51,2.53,34584824,87977352.00
2022/08/08,2.53,2.58,2.52,2.55,28632042,73619656.00
2022/08/09,2.54,2.55,2.52,2.53,29831947,76207624.00
2022/08/10,2.54,2.54,2.51,2.53,21916920,55748248.00
2022/08/11,2.53,2.57,2.52,2.57,34964086,89789296.00
2022/08/12,2.56,2.58,2.55,2.57,32129781,83167136.00
2022/08/15,2.83,2.83,2.79,2.83,250047574,711400640.00
2022/08/16,2.78,2.78,2.66,2.73,245378427,676050304.00
2022/08/17,2.71,2.86,2.68,2.78,189862562,530604896.00
2022/08/18,2.77,2.78,2.73,2.73,94953857,262536896.00
2022/08/19,2.73,2.77,2.70,2.71,74218671,204011024.00
2022/08/22,2.70,2.73,2.68,2.69,65708279,178763488.00
2022/08/23,2.69,2.70,2.66,2.67,47896874,129117760.00
2022/08/24,2.68,2.69,2.62,2.62,49300407,131785624.00
2022/08/25,2.63,2.67,2.62,2.65,50282632,133685016.00
2022/08/26,2.65,2.65,2.61,2.61,34740373,91902856.00
2022/08/29,2.59,2.62,2.57,2.61,34739174,90861640.00
2022/08/30,2.61,2.65,2.60,2.63,30294664,80263512.00
2022/08/31,2.64,2.65,2.61,2.62,37732764,99900992.00
2022/09/01,2.61,2.66,2.61,2.64,47615881,126833624.00
2022/09/02,2.63,2.64,2.62,2.63,26980860,71527616.00
2022/09/05,2.62,2.65,2.62,2.64,33019819,87795352.00
2022/09/06,2.65,2.69,2.64,2.67,53450736,143797216.00
2022/09/07,2.68,2.68,2.65,2.66,33273367,89194752.00
2022/09/08,2.67,2.68,2.64,2.65,30797700,82297280.00
2022/09/09,2.65,2.71,2.64,2.69,55793124,150707760.00
2022/09/13,2.68,2.69,2.63,2.63,49114020,131376616.00
2022/09/14,2.60,2.64,2.60,2.60,43264661,113980872.00
2022/09/15,2.62,2.67,2.60,2.63,71106520,189110368.00
2022/09/16,2.64,2.65,2.54,2.54,72812875,190049792.00
2022/09/19,2.54,2.55,2.51,2.54,41484579,105768096.00
2022/09/20,2.54,2.57,2.53,2.53,32818900,84143144.00
2022/09/21,2.52,2.60,2.50,2.57,51218980,131462824.00
2022/09/22,2.56,2.57,2.52,2.53,35937000,91948352.00
2022/09/23,2.53,2.56,2.52,2.53,37303217,95436768.00
2022/09/26,2.52,2.54,2.44,2.48,60455100,151962064.00
2022/09/27,2.46,2.49,2.44,2.49,37627200,93521344.00
2022/09/28,2.48,2.50,2.46,2.46,34144877,85194192.00
2022/09/29,2.47,2.48,2.40,2.43,43595700,106957632.00
2022/09/30,2.44,2.46,2.40,2.43,38741697,94949504.00
2022/10/10,2.44,2.48,2.42,2.42,31504173,77814528.00
2022/10/11,2.43,2.43,2.38,2.41,27141004,65814724.00
2022/10/12,2.40,2.46,2.39,2.45,30217397,73661664.00
2022/10/13,2.45,2.45,2.42,2.44,27099798,66509516.00
2022/10/14,2.44,2.51,2.44,2.49,52310248,130900640.00
2022/10/17,2.48,2.59,2.46,2.56,69529766,176747904.00
2022/10/18,2.55,2.59,2.52,2.57,50088472,128787208.00
2022/10/19,2.55,2.57,2.53,2.54,21767461,55840136.00
2022/10/20,2.55,2.57,2.50,2.54,39397685,100419376.00
2022/10/21,2.55,2.57,2.52,2.53,25809743,66084008.00
2022/10/24,2.54,2.55,2.48,2.50,41346080,104403968.00
2022/10/25,2.49,2.56,2.46,2.52,47389100,119685184.00
2022/10/26,2.52,2.54,2.51,2.52,27886200,70924736.00
2022/10/27,2.52,2.53,2.48,2.48,40580800,102552888.00
2022/10/28,2.47,2.48,2.42,2.45,45466383,112228488.00
2022/10/31,2.44,2.49,2.41,2.48,34115441,84437232.00
2022/11/01,2.48,2.51,2.47,2.51,31103825,78151992.00
2022/11/02,2.50,2.54,2.50,2.53,26892550,68409680.00
2022/11/03,2.52,2.55,2.47,2.47,52342487,131857064.00
2022/11/04,2.47,2.50,2.47,2.49,61539871,154104720.00
2022/11/07,2.48,2.53,2.47,2.52,44620483,112713120.00
2022/11/08,2.52,2.53,2.50,2.51,29579817,74896504.00
2022/11/09,2.51,2.61,2.51,2.53,92993337,239649488.00
2022/11/10,2.51,2.59,2.50,2.59,83717648,215471328.00
2022/11/11,2.66,2.70,2.61,2.66,181965566,488183264.00
2022/11/14,2.76,2.80,2.67,2.72,205321806,565843776.00
2022/11/15,2.68,2.76,2.67,2.74,150772905,414817824.00
2022/11/16,2.72,2.74,2.69,2.70,96581904,263520080.00
2022/11/17,2.70,2.74,2.67,2.69,81791503,222301968.00
2022/11/18,2.68,2.70,2.66,2.67,68972404,186381152.00
2022/11/21,2.65,2.66,2.58,2.61,67445817,177562480.00
2022/11/22,2.63,2.65,2.59,2.60,46935160,123724840.00
2022/11/23,2.60,2.62,2.59,2.60,37208729,97608600.00
2022/11/24,2.63,2.66,2.60,2.63,63216314,167529552.00
2022/11/25,2.63,2.71,2.62,2.70,85575300,230726160.00
2022/11/28,2.66,2.69,2.62,2.68,60069685,160761984.00
2022/11/29,2.77,2.86,2.71,2.83,197919058,557063296.00
2022/11/30,2.82,2.85,2.76,2.78,133254468,376688544.00
2022/12/01,2.87,2.88,2.75,2.77,120002061,338274752.00
2022/12/02,2.76,2.77,2.70,2.73,72949899,200343904.00
2022/12/05,2.75,2.78,2.74,2.74,72709574,201807168.00
2022/12/06,2.73,2.75,2.68,2.71,64403412,175940320.00
2022/12/07,2.70,2.71,2.65,2.68,62356640,168354640.00
2022/12/08,2.69,2.75,2.68,2.72,72606318,198880464.00
2022/12/09,2.80,2.98,2.79,2.83,236199296,682620160.00
2022/12/12,2.80,2.80,2.69,2.71,129277318,357237440.00
2022/12/13,2.71,2.74,2.69,2.72,62523137,171270080.00
2022/12/14,2.75,2.77,2.69,2.70,67099886,183882880.00
2022/12/15,2.69,2.70,2.67,2.69,53949118,145916608.00
2022/12/16,2.69,2.72,2.67,2.70,55210743,150071184.00
2022/12/19,2.71,2.74,2.63,2.65,71571975,192965696.00
2022/12/20,2.65,2.65,2.60,2.61,54054759,142972272.00
2022/12/21,2.61,2.63,2.58,2.60,41904056,110031088.00
2022/12/22,2.62,2.64,2.56,2.57,41335953,108084912.00
2022/12/23,2.55,2.59,2.54,2.56,32976800,85361600.00
2022/12/26,2.57,2.57,2.52,2.53,50742528,129870768.00
2022/12/27,2.54,2.55,2.52,2.54,42059204,107532272.00
2022/12/28,2.53,2.56,2.50,2.54,50892103,129788520.00
2022/12/29,2.54,2.54,2.50,2.51,30413481,77142208.00
2022/12/30,2.52,2.53,2.50,2.52,28067075,71193136.00
2023/01/03,2.53,2.58,2.51,2.57,46619637,119856368.00
2023/01/04,2.56,2.63,2.55,2.62,62130305,163231616.00
2023/01/05,2.62,2.62,2.59,2.60,37644751,98588344.00
2023/01/06,2.61,2.62,2.57,2.58,38555845,100621168.00
2023/01/09,2.56,2.57,2.54,2.55,45826070,118072360.00
2023/01/10,2.55,2.58,2.54,2.55,28863281,74454832.00
2023/01/11,2.56,2.57,2.53,2.53,35550600,91222456.00
2023/01/12,2.53,2.54,2.51,2.53,24849566,63255352.00
2023/01/13,2.53,2.56,2.52,2.56,21872847,56057928.00
2023/01/16,2.56,2.61,2.55,2.59,53847949,140180576.00
2023/01/17,2.59,2.59,2.55,2.57,33731992,87488680.00
2023/01/18,2.58,2.59,2.57,2.57,23755729,61748464.00
2023/01/19,2.57,2.61,2.56,2.60,28276787,73821072.00
2023/01/20,2.63,2.65,2.60,2.62,31098000,82046224.00
2023/01/30,2.65,2.66,2.62,2.63,48962600,130112736.00
2023/01/31,2.62,2.66,2.61,2.65,40883050,108698184.00
2023/02/01,2.65,2.67,2.63,2.67,42255019,112855800.00
2023/02/02,2.68,2.69,2.65,2.67,40097489,107895520.00
2023/02/03,2.66,2.67,2.63,2.65,36276692,96661272.00
2023/02/06,2.64,2.65,2.61,2.62,42758180,113255520.00
2023/02/07,2.62,2.66,2.62,2.65,56998128,151587056.00
2023/02/08,2.64,2.67,2.64,2.64,49935712,133403520.00
2023/02/09,2.64,2.66,2.63,2.66,51018847,136005936.00
2023/02/10,2.65,2.70,2.65,2.69,73674775,199001872.00
2023/02/13,2.69,2.70,2.66,2.68,58068860,156630288.00
2023/02/14,2.68,2.70,2.67,2.68,49716900,134277952.00
2023/02/15,2.68,2.69,2.66,2.68,45111101,121650784.00
2023/02/16,2.68,2.71,2.62,2.64,67097130,180757088.00
2023/02/17,2.64,2.66,2.64,2.65,41254893,110166688.00
2023/02/20,2.66,2.69,2.65,2.69,46794242,126083456.00
2023/02/21,2.71,2.73,2.68,2.71,60710765,165336192.00
2023/02/22,2.76,2.79,2.71,2.71,96623711,267457280.00
2023/02/23,2.73,2.82,2.72,2.75,104081372,290728800.00
2023/02/24,2.76,2.77,2.70,2.72,60857011,166894960.00
2023/02/27,2.73,2.73,2.69,2.69,40285900,109803280.00
2023/02/28,2.70,2.72,2.69,2.72,46193654,125702648.00
2023/03/01,2.71,2.75,2.71,2.72,102919268,282597632.00
2023/03/02,2.72,2.73,2.70,2.71,41660081,114004608.00
2023/03/03,2.71,2.73,2.70,2.72,46171762,126425472.00
2023/03/06,2.72,2.73,2.70,2.71,42145268,114939216.00
2023/03/07,2.70,2.72,2.65,2.66,54200506,146662640.00
2023/03/08,2.65,2.67,2.64,2.67,36968300,99080328.00
2023/03/09,2.67,2.69,2.66,2.66,28992100,77994000.00
2023/03/10,2.65,2.66,2.61,2.63,48750294,129227384.00
2023/03/13,2.62,2.63,2.59,2.60,42186334,110650824.00
2023/03/14,2.59,2.62,2.58,2.60,40362109,105806808.00
2023/03/15,2.66,2.82,2.65,2.75,179837040,493414016.00
2023/03/16,2.74,2.82,2.73,2.76,157252056,440227232.00
2023/03/17,2.79,2.80,2.75,2.77,109913053,307022848.00
2023/03/20,2.78,2.79,2.74,2.75,84778868,235749712.00
2023/03/21,2.75,2.76,2.72,2.73,62787927,172894192.00
2023/03/22,2.73,2.76,2.71,2.75,60031349,165355024.00
2023/03/23,2.74,2.76,2.73,2.74,49466334,136550048.00
2023/03/24,2.73,2.78,2.73,2.78,71744700,199559264.00
2023/03/27,2.78,2.78,2.70,2.72,81559200,224334528.00
2023/03/28,2.72,2.73,2.70,2.71,43180100,118075736.00
2023/03/29,2.71,2.72,2.68,2.69,54874386,149026192.00
2023/03/30,2.68,2.69,2.65,2.68,51417262,138364160.00
2023/03/31,2.68,2.70,2.67,2.68,40064871,108311104.00
2023/04/03,2.68,2.74,2.67,2.72,68004713,185656720.00
2023/04/04,2.73,2.75,2.71,2.73,53092091,145998096.00
2023/04/06,2.72,2.79,2.71,2.76,79654678,221792768.00
2023/04/07,2.77,2.81,2.76,2.79,79596427,223755216.00
2023/04/10,2.81,2.95,2.80,2.91,200314463,581342208.00
2023/04/11,2.91,3.12,2.88,3.09,260824559,792376128.00
2023/04/12,3.11,3.13,3.05,3.10,166148907,516600864.00
2023/04/13,3.10,3.15,3.02,3.05,144909846,448377856.00
2023/04/14,3.06,3.13,3.04,3.06,107666766,332767328.00
2023/04/17,3.05,3.08,3.00,3.03,90339432,276035872.00
2023/04/18,3.05,3.05,2.99,3.00,67491782,204473200.00
2023/04/19,2.99,3.00,2.89,2.92,129090398,382408704.00
2023/04/20,2.91,2.92,2.86,2.91,69851638,203311264.00
2023/04/21,2.92,2.94,2.82,2.83,87079966,251611872.00
2023/04/24,2.82,2.86,2.78,2.82,70813291,201239248.00
2023/04/25,2.82,2.86,2.78,2.83,66936060,190490608.00
2023/04/26,2.82,2.82,2.74,2.76,78580135,219518000.00
2023/04/27,2.76,2.78,2.72,2.75,47430325,131588400.00
2023/04/28,2.74,2.79,2.74,2.75,106778381,296238112.00
2023/05/04,2.77,2.91,2.76,2.83,221377965,635090240.00
2023/05/05,2.83,2.98,2.83,2.95,169593959,500375680.00
2023/05/08,2.93,2.95,2.89,2.93,93859508,275594016.00
2023/05/09,2.92,2.98,2.91,2.92,106033579,314718976.00
2023/05/10,2.92,2.95,2.89,2.92,77404460,227656160.00
2023/05/11,2.94,3.02,2.94,2.98,95042874,285589920.00
2023/05/12,2.96,2.97,2.89,2.90,87605160,257444896.00
2023/05/15,2.88,2.89,2.80,2.88,74772530,214576048.00
2023/05/16,2.87,2.87,2.80,2.81,51572981,147082960.00
2023/05/17,2.81,2.85,2.80,2.83,32002723,91121616.00
2023/05/18,2.83,2.83,2.80,2.81,46444908,131564360.00
2023/05/19,2.81,2.81,2.76,2.77,50756401,142055968.00
2023/05/22,2.77,2.77,2.73,2.75,44645300,123582792.00
2023/05/23,2.75,2.78,2.73,2.73,40625611,112714960.00
2023/05/24,2.72,2.73,2.68,2.68,54425700,147878992.00
2023/05/25,2.67,2.68,2.63,2.66,53630430,143383600.00
2023/05/26,2.66,2.69,2.64,2.68,33929166,91209424.00
2023/05/29,2.67,2.72,2.66,2.68,39188889,106102008.00
2023/05/30,2.67,2.70,2.63,2.69,52559381,140591824.00
2023/05/31,2.68,2.71,2.66,2.67,35053533,94634400.00
2023/06/01,2.66,2.68,2.63,2.66,41892056,112123504.00
2023/06/02,2.66,2.73,2.66,2.72,58256501,158703728.00
2023/06/05,2.72,2.75,2.70,2.74,46888336,128916088.00
2023/06/06,2.75,2.78,2.70,2.71,56579600,156139136.00
2023/06/07,2.71,2.77,2.70,2.73,45178921,124707344.00
2023/06/08,2.73,2.77,2.67,2.75,64354000,176961024.00
2023/06/09,2.74,2.75,2.69,2.71,56192527,153351984.00
2023/06/12,2.69,2.70,2.52,2.54,183682347,476891008.00
2023/06/13,2.54,2.57,2.50,2.52,87471245,222665936.00
2023/06/14,2.53,2.54,2.49,2.50,60711665,153871392.00
2023/06/15,2.49,2.53,2.48,2.52,59502388,150398208.00
2023/06/16,2.53,2.55,2.52,2.53,53308481,136155440.00
2023/06/19,2.53,2.54,2.48,2.49,51354273,129213288.00
2023/06/20,2.50,2.50,2.46,2.46,42572300,106182760.00
2023/06/21,2.46,2.47,2.44,2.45,37528020,93007544.00
2023/06/26,2.45,2.45,2.41,2.42,45909466,112547224.00
2023/06/27,2.43,2.48,2.42,2.47,44552934,110534744.00
2023/06/28,2.47,2.48,2.44,2.45,29408651,72738488.00
2023/06/29,2.44,2.45,2.43,2.43,32774400,80438352.00
2023/06/30,2.42,2.48,2.42,2.46,41235499,102245008.00
2023/07/03,2.47,2.50,2.46,2.48,36358366,91012528.00
2023/07/04,2.56,2.60,2.49,2.50,91456748,233347232.00
2023/07/05,2.49,2.56,2.48,2.52,73399576,186611984.00
2023/07/06,2.51,2.53,2.48,2.50,60602162,152735568.00
2023/07/07,2.53,2.56,2.52,2.53,72228229,184941760.00
2023/07/10,2.53,2.54,2.49,2.50,52317912,132028224.00
2023/07/11,2.51,2.54,2.48,2.50,48785028,122904784.00
2023/07/12,2.50,2.50,2.46,2.46,45433974,113321296.00
2023/07/13,2.47,2.48,2.46,2.48,35090425,87417656.00
2023/07/14,2.47,2.50,2.46,2.49,41190343,103075792.00
2023/07/17,2.48,2.49,2.46,2.47,28998642,72107008.00
2023/07/18,2.47,2.49,2.45,2.48,35744743,89008408.00
2023/07/19,2.47,2.52,2.47,2.51,55440800,139833792.00
2023/07/20,2.51,2.54,2.49,2.50,56690200,143666304.00
2023/07/21,2.50,2.56,2.48,2.54,87582451,223673888.00
2023/07/24,2.58,2.58,2.52,2.55,71384035,183436624.00
2023/07/25,2.57,2.64,2.56,2.63,135348800,356395808.00
2023/07/26,2.63,2.72,2.62,2.69,167458170,451318560.00
2023/07/27,2.67,2.72,2.63,2.67,119131971,320956896.00
2023/07/28,2.66,2.75,2.66,2.74,125507921,340069056.00
2023/07/31,2.76,2.83,2.74,2.77,170632791,476465312.00
2023/08/01,2.76,2.82,2.74,2.77,133009369,370228800.00
2023/08/02,2.77,2.87,2.76,2.81,163214068,460213664.00
2023/08/03,2.80,2.84,2.76,2.84,122834131,344286016.00
2023/08/04,2.88,2.89,2.81,2.82,127553156,362119328.00
2023/08/07,2.80,2.81,2.72,2.74,121836474,335373088.00
2023/08/08,2.74,2.75,2.68,2.70,81364901,220332112.00
2023/08/09,2.70,2.73,2.67,2.68,66415805,178603392.00
2023/08/10,2.67,2.71,2.66,2.69,61232300,164330832.00
2023/08/11,2.71,2.73,2.66,2.67,74198800,199632192.00
2023/08/14,2.64,2.65,2.60,2.63,67337968,176698704.00
2023/08/15,2.63,2.64,2.60,2.62,56080000,146942160.00
2023/08/16,2.61,2.69,2.59,2.66,80727540,213314512.00
2023/08/17,2.65,2.66,2.61,2.64,57217887,150562272.00
2023/08/18,2.63,2.67,2.60,2.60,67305717,177103408.00
2023/08/21,2.59,2.61,2.56,2.56,49128922,127066768.00
2023/08/22,2.57,2.59,2.55,2.58,56449500,144789024.00
2023/08/23,2.59,2.60,2.53,2.53,56323600,144588448.00
2023/08/24,2.55,2.56,2.51,2.52,45987682,116483792.00
2023/08/25,2.52,2.57,2.51,2.53,54587000,138461040.00
2023/08/28,2.69,2.71,2.61,2.63,169233062,451757568.00
2023/08/29,2.62,2.68,2.60,2.67,106789901,281956448.00
2023/08/30,2.66,2.67,2.62,2.63,73585860,194415440.00
2023/08/31,2.66,2.70,2.57,2.58,123552245,324489248.00
2023/09/01,2.59,2.61,2.56,2.56,72100166,185881456.00
2023/09/04,2.58,2.61,2.56,2.59,78982043,204205760.00
2023/09/05,2.58,2.59,2.52,2.53,76197669,193555024.00
2023/09/06,2.53,2.59,2.52,2.58,72497404,185241040.00
2023/09/07,2.57,2.59,2.53,2.54,56772100,145421408.00
2023/09/08,2.53,2.55,2.52,2.54,35894860,90874872.00
2023/09/11,2.55,2.56,2.52,2.55,49882376,126808032.00
2023/09/12,2.55,2.56,2.54,2.54,29587600,75370384.00
2023/09/13,2.54,2.58,2.53,2.54,53866140,137272928.00
2023/09/14,2.54,2.54,2.52,2.53,40803412,103220048.00
2023/09/15,2.54,2.56,2.53,2.56,57902894,147364704.00
2023/09/18,2.54,2.55,2.52,2.53,55746353,141095792.00
2023/09/19,2.53,2.54,2.52,2.52,29069441,73489024.00
2023/09/20,2.52,2.53,2.51,2.52,28150968,70967472.00
2023/09/21,2.52,2.54,2.51,2.52,32831704,82848808.00
2023/09/22,2.51,2.54,2.50,2.54,49488559,124881472.00
2023/09/25,2.53,2.54,2.49,2.50,45412302,113833416.00
2023/09/26,2.49,2.50,2.47,2.47,32956446,81704184.00
2023/09/27,2.46,2.49,2.46,2.48,23365166,57827848.00
2023/09/28,2.48,2.49,2.47,2.47,27429300,67884208.00
2023/10/09,2.47,2.47,2.42,2.43,46957030,114372504.00
2023/10/10,2.43,2.44,2.42,2.42,20417600,49584160.00
2023/10/11,2.42,2.44,2.41,2.42,29881500,72513056.00
2023/10/12,2.43,2.45,2.42,2.44,29068162,70916080.00
2023/10/13,2.43,2.44,2.42,2.42,24463501,59307080.00
2023/10/16,2.42,2.43,2.40,2.42,31870113,77023288.00
2023/10/17,2.42,2.43,2.41,2.41,23347800,56438636.00
2023/10/18,2.41,2.42,2.36,2.36,38947700,92806624.00
2023/10/19,2.36,2.38,2.34,2.34,38244700,90253600.00
2023/10/20,2.34,2.38,2.32,2.36,43843967,103207784.00
2023/10/23,2.35,2.35,2.28,2.29,44501600,103018712.00
2023/10/24,2.29,2.34,2.29,2.33,46047744,106918904.00
2023/10/25,2.35,2.39,2.34,2.37,40227891,95187536.00
2023/10/26,2.35,2.37,2.34,2.36,32697058,76896024.00
2023/10/27,2.36,2.41,2.36,2.40,38311998,91501616.00
2023/10/30,2.39,2.42,2.38,2.41,33006142,79300320.00
2023/10/31,2.40,2.40,2.36,2.38,46768225,111258328.00
2023/11/01,2.38,2.39,2.36,2.37,39598040,94010400.00
2023/11/02,2.38,2.38,2.35,2.36,37839787,89529800.00
2023/11/03,2.36,2.38,2.35,2.36,36299570,85862952.00
2023/11/06,2.37,2.42,2.36,2.42,57906213,138717152.00
2023/11/07,2.41,2.42,2.39,2.39,42033009,100964824.00
2023/11/08,2.39,2.42,2.39,2.40,42376683,101765848.00
2023/11/09,2.40,2.42,2.39,2.39,38864300,93393824.00
2023/11/10,2.39,2.39,2.35,2.36,41127237,97189856.00
2023/11/13,2.37,2.38,2.35,2.36,29517273,69738808.00
2023/11/14,2.37,2.41,2.37,2.39,43383596,103809376.00
2023/11/15,2.41,2.41,2.38,2.39,35424994,84634432.00
2023/11/16,2.38,2.39,2.37,2.38,26644477,63383556.00
2023/11/17,2.37,2.38,2.36,2.37,24662293,58413712.00
2023/11/20,2.38,2.39,2.37,2.39,24551766,58455364.00
2023/11/21,2.39,2.44,2.38,2.41,69832599,169120032.00
2023/11/22,2.41,2.45,2.40,2.41,60287660,146437136.00
2023/11/23,2.41,2.45,2.38,2.45,66101908,160253776.00
2023/11/24,2.45,2.47,2.43,2.45,60568071,148414624.00
2023/11/27,2.44,2.44,2.38,2.39,54979200,132040624.00
2023/11/28,2.39,2.40,2.37,2.37,38600288,91945176.00
2023/11/29,2.37,2.38,2.32,2.33,51309945,120301824.00
2023/11/30,2.33,2.34,2.32,2.33,25731283,59913632.00
2023/12/01,2.33,2.35,2.32,2.34,34755108,81207048.00
2023/12/04,2.34,2.35,2.31,2.32,39581065,91945456.00
2023/12/05,2.32,2.33,2.29,2.29,34423100,79485344.00
2023/12/06,2.28,2.31,2.28,2.30,28640153,65770856.00
2023/12/07,2.29,2.31,2.28,2.30,29417749,67494160.00
2023/12/08,2.30,2.31,2.28,2.28,30287485,69486704.00
2023/12/11,2.28,2.30,2.25,2.29,40429201,91719216.00
2023/12/12,2.29,2.33,2.29,2.33,40546549,93826296.00
2023/12/13,2.33,2.33,2.27,2.28,31281788,72004240.00
2023/12/14,2.28,2.31,2.27,2.28,26350000,60350352.00
2023/12/15,2.29,2.32,2.28,2.28,36024628,82848432.00
2023/12/18,2.27,2.30,2.25,2.25,40093846,90927736.00
2023/12/19,2.25,2.26,2.22,2.23,30397600,68137600.00
2023/12/20,2.23,2.24,2.19,2.19,30144831,66713644.00
2023/12/21,2.18,2.21,2.17,2.20,41950193,91986120.00
2023/12/22,2.20,2.20,2.16,2.18,39202814,85272128.00
2023/12/25,2.17,2.18,2.14,2.15,24884539,53548572.00
2023/12/26,2.14,2.15,2.11,2.11,26189003,55697516.00
2023/12/27,2.12,2.13,2.08,2.13,27778738,58547532.00
2023/12/28,2.12,2.18,2.11,2.17,39025193,84219976.00
2023/12/29,2.17,2.18,2.16,2.17,18609131,40335216.00
2024/01/02,2.16,2.18,2.15,2.16,25482915,55095276.00
2024/01/03,2.16,2.19,2.16,2.17,24123600,52483928.00
2024/01/04,2.17,2.18,2.13,2.14,27437400,58933848.00
2024/01/05,2.14,2.17,2.13,2.13,27669349,59491676.00
2024/01/08,2.14,2.16,2.09,2.09,31362493,66361300.00
2024/01/09,2.12,2.29,2.11,2.21,98957582,217505408.00
2024/01/10,2.19,2.22,2.16,2.17,49837889,109012216.00
2024/01/11,2.16,2.19,2.14,2.19,37740066,81820032.00
2024/01/12,2.18,2.20,2.16,2.16,28086605,61227132.00
2024/01/15,2.15,2.19,2.14,2.16,28438246,61505784.00
2024/01/16,2.16,2.18,2.14,2.16,32105489,69356152.00
2024/01/17,2.15,2.16,2.11,2.12,30236012,64523648.00
2024/01/18,2.10,2.14,2.08,2.13,39128076,82299224.00
2024/01/19,2.12,2.16,2.12,2.14,23769329,50842300.00
2024/01/22,2.13,2.14,2.03,2.05,39341072,82339408.00
2024/01/23,2.05,2.11,2.03,2.10,39246581,81375704.00
2024/01/24,2.10,2.17,2.09,2.16,55220601,117732640.00
2024/01/25,2.16,2.22,2.15,2.21,63187036,138662928.00
2024/01/26,2.20,2.26,2.19,2.23,72941797,163118304.00
2024/01/29,2.26,2.28,2.20,2.20,65363583,145966448.00
2024/01/30,2.19,2.23,2.17,2.17,50087431,110319064.00
2024/01/31,2.17,2.18,2.10,2.11,54805392,116887976.00
2024/02/01,2.10,2.12,2.05,2.06,58668100,122063912.00
2024/02/02,2.07,2.11,1.98,2.02,74370485,152202336.00
2024/02/05,2.01,2.01,1.88,1.96,95883291,186335296.00
2024/02/06,1.92,2.08,1.90,2.05,78338602,155976880.00
2024/02/07,2.05,2.22,2.05,2.22,138678821,299577056.00
2024/02/08,2.21,2.31,2.21,2.24,113033182,257266800.00
2024/02/19,2.27,2.27,2.22,2.24,75360199,168810432.00
2024/02/20,2.23,2.24,2.20,2.22,45484819,100828528.00
2024/02/21,2.21,2.28,2.20,2.24,73860200,165808832.00
2024/02/22,2.23,2.25,2.21,2.23,50739163,112990960.00
2024/02/23,2.22,2.24,2.21,2.23,56666590,126084800.00
2024/02/26,2.23,2.25,2.20,2.22,55669340,123855832.00
2024/02/27,2.21,2.25,2.21,2.25,51261250,114388504.00
2024/02/28,2.24,2.27,2.22,2.22,93317300,209872352.00
2024/02/29,2.20,2.25,2.20,2.25,56009574,124958296.00
2024/03/01,2.25,2.26,2.22,2.23,44056417,98340624.00
2024/03/04,2.23,2.23,2.17,2.19,59371533,130287904.00
2024/03/05,2.18,2.19,2.12,2.15,63939310,137301328.00
2024/03/06,2.14,2.17,2.13,2.14,43996180,94433272.00
2024/03/07,2.14,2.16,2.12,2.12,43828200,93788800.00
2024/03/08,2.12,2.13,2.10,2.11,38718840,81814504.00
2024/03/11,2.12,2.16,2.11,2.15,44915482,95667312.00
2024/03/12,2.15,2.22,2.13,2.20,77968275,169243200.00
2024/03/13,2.19,2.20,2.14,2.15,58152191,125479848.00
2024/03/14,2.15,2.17,2.13,2.14,48566818,104378968.00
2024/03/15,2.13,2.16,2.13,2.15,47752306,102418744.00
2024/03/18,2.15,2.16,2.14,2.16,42567895,91478640.00
2024/03/19,2.15,2.16,2.12,2.13,51635315,110474768.00
2024/03/20,2.12,2.14,2.11,2.12,48425263,102671528.00
2024/03/21,2.12,2.15,2.12,2.13,51346516,109483856.00
2024/03/22,2.12,2.13,2.07,2.08,59438249,124396504.00
2024/03/25,2.08,2.13,2.07,2.09,58545300,122885056.00
2024/03/26,2.08,2.12,2.08,2.11,49746810,104314472.00
2024/03/27,2.10,2.11,2.06,2.06,46097156,96127280.00
2024/03/28,2.06,2.09,2.05,2.06,40309099,83530120.00
2024/03/29,2.06,2.07,2.04,2.06,34219458,70212816.00
2024/04/01,2.06,2.10,2.06,2.09,36832418,76815488.00
2024/04/02,2.09,2.12,2.08,2.10,48390600,101432648.00
2024/04/03,2.09,2.10,2.08,2.08,31736640,66210812.00
2024/04/08,2.08,2.10,2.06,2.07,45215016,93995216.00
2024/04/09,2.07,2.10,2.06,2.09,42094235,87596528.00
2024/04/10,2.09,2.09,2.04,2.06,42456003,87733376.00
2024/04/11,2.05,2.10,2.04,2.07,39730700,82319448.00
2024/04/12,2.08,2.08,2.03,2.03,45604742,93691112.00
2024/04/15,2.03,2.06,1.98,2.06,58554890,119150952.00
2024/04/16,2.05,2.06,2.01,2.01,46612683,94643520.00
2024/04/17,2.01,2.06,2.01,2.06,42542247,86798424.00
2024/04/18,2.05,2.08,2.03,2.06,48091882,98889840.00
2024/04/19,2.05,2.07,2.03,2.04,35721669,73204960.00
2024/04/22,2.04,2.06,2.03,2.03,34962083,71332136.00
2024/04/23,2.04,2.04,2.01,2.02,35051080,71006896.00
2024/04/24,2.02,2.03,2.00,2.01,32772616,65827212.00
2024/04/25,2.01,2.02,1.99,1.99,30358907,60810264.00
2024/04/26,1.99,2.08,1.99,2.07,70828976,144137824.00
2024/04/29,2.06,2.19,2.06,2.18,103588387,222292512.00
2024/04/30,2.18,2.18,2.12,2.14,72198495,154900896.00
2024/05/06,2.18,2.21,2.14,2.15,79747552,173465728.00
2024/05/07,2.15,2.17,2.13,2.16,54785902,117798576.00
2024/05/08,2.15,2.16,2.11,2.12,45877100,97503176.00
2024/05/09,2.12,2.18,2.12,2.15,61558764,132477168.00
2024/05/10,2.15,2.19,2.12,2.19,98094573,212077680.00
2024/05/13,2.17,2.18,2.15,2.16,53131955,114901232.00
2024/05/14,2.16,2.18,2.14,2.14,45182500,97290960.00
2024/05/15,2.14,2.19,2.13,2.15,72283846,156257296.00
2024/05/16,2.16,2.24,2.15,2.20,118681393,261582384.00
2024/05/17,2.23,2.33,2.20,2.32,196818809,445387808.00
2024/05/20,2.32,2.33,2.27,2.29,148132534,340238688.00
2024/05/21,2.29,2.32,2.26,2.28,87823820,201102080.00
2024/05/22,2.27,2.34,2.27,2.29,135794869,313311488.00
2024/05/23,2.27,2.28,2.22,2.23,101313592,227293024.00
2024/05/24,2.22,2.23,2.17,2.18,61210002,134480064.00
2024/05/27,2.19,2.20,2.13,2.17,62698281,135320160.00
2024/05/28,2.19,2.21,2.12,2.12,69084230,148311712.00
2024/05/29,2.12,2.16,2.11,2.13,48218822,103085760.00
2024/05/30,2.12,2.14,2.10,2.10,48198402,102088080.00
2024/05/31,2.11,2.13,2.10,2.12,51556140,109100528.00
2024/06/03,2.12,2.13,2.06,2.08,62708329,130700768.00
2024/06/04,2.07,2.11,2.05,2.09,61981183,128927224.00
2024/06/05,2.08,2.09,2.03,2.04,53147000,109200408.00
2024/06/06,2.04,2.06,1.99,2.01,61202900,123468304.00
2024/06/07,2.02,2.05,2.01,2.04,54100400,109979584.00
2024/06/11,2.04,2.07,2.01,2.03,50990120,103787944.00
2024/06/12,2.03,2.04,2.01,2.03,35962301,72967216.00
2024/06/13,2.04,2.05,2.00,2.01,45608047,91890944.00
2024/06/14,2.00,2.05,1.99,2.03,65114517,131478384.00
2024/06/17,2.02,2.03,2.00,2.01,47929232,96325016.00
2024/06/18,2.01,2.02,2.00,2.01,30713703,61774680.00
2024/06/19,2.01,2.02,1.99,2.00,44128307,88519344.00
2024/06/20,2.00,2.01,1.94,1.94,62781154,123324448.00
2024/06/21,1.94,1.97,1.92,1.93,54161823,105071968.00
2024/06/24,1.91,1.92,1.80,1.81,95082312,175559376.00
2024/06/25,1.81,1.85,1.80,1.82,58073718,105702696.00
2024/06/26,1.82,1.85,1.79,1.83,46621898,84565352.00
2024/06/27,1.83,1.85,1.75,1.76,74674884,134017200.00
2024/06/28,1.76,1.76,1.58,1.58,285297078,459364704.00
2024/07/01,1.55,1.62,1.55,1.61,172693527,276008256.00
2024/07/02,1.64,1.76,1.64,1.67,172823644,293987584.00
2024/07/03,1.65,1.72,1.64,1.69,105014843,176803264.00
2024/07/04,1.67,1.68,1.61,1.63,84555906,138486976.00
2024/07/05,1.63,1.64,1.60,1.62,60842600,98465704.00
2024/07/08,1.60,1.61,1.55,1.57,72715200,114421568.00
2024/07/09,1.63,1.66,1.57,1.61,97058381,156161760.00
2024/07/10,1.60,1.62,1.57,1.60,65795684,104829600.00
2024/07/11,1.61,1.64,1.60,1.64,66937790,108712352.00
2024/07/12,1.66,1.69,1.65,1.67,93000002,155572944.00
2024/07/15,1.67,1.67,1.62,1.63,62768302,102779840.00
2024/07/16,1.66,1.67,1.63,1.64,48796700,80304968.00
2024/07/17,1.64,1.66,1.63,1.65,59704959,98331072.00
2024/07/18,1.64,1.65,1.62,1.65,45532280,74420200.00
2024/07/19,1.64,1.67,1.61,1.67,65067363,106479560.00
2024/07/22,1.65,1.66,1.63,1.64,56127300,92317072.00
2024/07/23,1.64,1.67,1.62,1.62,53866574,88598416.00
2024/07/24,1.62,1.63,1.58,1.59,56921000,91086480.00
2024/07/25,1.58,1.62,1.58,1.60,51020488,81703728.00
2024/07/26,1.60,1.64,1.60,1.62,46391400,75263232.00
2024/07/29,1.62,1.63,1.59,1.62,41407827,66656420.00
2024/07/30,1.61,1.65,1.61,1.64,52006101,84928752.00
2024/07/31,1.64,1.70,1.63,1.68,85342708,142765600.00
2024/08/01,1.68,1.70,1.66,1.68,55926736,93829488.00
2024/08/02,1.71,1.82,1.70,1.74,161000275,280940064.00
2024/08/05,1.72,1.77,1.70,1.71,95782659,165987968.00
2024/08/06,1.72,1.73,1.69,1.71,65023210,111228008.00
2024/08/07,1.71,1.71,1.68,1.68,48554800,82125752.00
2024/08/08,1.69,1.73,1.68,1.71,66356850,113133104.00
2024/08/09,1.71,1.76,1.70,1.72,73927323,128390496.00
2024/08/12,1.71,1.72,1.67,1.68,53415700,90314944.00
2024/08/13,1.68,1.69,1.66,1.68,28913000,48544520.00
2024/08/14,1.68,1.69,1.67,1.67,27120900,45528276.00
2024/08/15,1.67,1.71,1.65,1.71,44974800,75922496.00
2024/08/16,1.69,1.71,1.68,1.68,35112900,59425568.00
2024/08/19,1.68,1.71,1.66,1.69,43735201,73890784.00
2024/08/20,1.69,1.69,1.64,1.65,47240948,78612992.00
2024/08/21,1.65,1.67,1.64,1.65,25539401,42231560.00
2024/08/22,1.65,1.68,1.63,1.63,36118400,59614648.00
2024/08/23,1.63,1.65,1.62,1.64,25782111,42133720.00
2024/08/26,1.63,1.66,1.62,1.65,29873439,49153976.00
2024/08/27,1.66,1.66,1.62,1.62,35587860,58180344.00
2024/08/28,1.62,1.64,1.60,1.62,24158762,39156032.00
2024/08/29,1.62,1.64,1.61,1.63,24049300,39200640.00
2024/08/30,1.63,1.72,1.62,1.68,93350785,156892080.00
2024/09/02,1.78,1.85,1.77,1.78,261248319,475711648.00
2024/09/03,1.78,1.83,1.76,1.79,152916781,273258240.00
2024/09/04,1.77,1.92,1.77,1.87,183704906,339497024.00
2024/09/05,1.88,1.89,1.83,1.88,109857580,204450400.00
2024/09/06,1.86,1.87,1.78,1.79,106850900,194104880.00
2024/09/09,1.78,1.82,1.76,1.80,66391782,119204424.00
2024/09/10,1.79,1.80,1.76,1.79,55863060,99443624.00
2024/09/11,1.80,1.80,1.77,1.79,36329600,64975272.00
2024/09/12,1.79,1.80,1.76,1.77,46397586,82574648.00
2024/09/13,1.78,1.80,1.77,1.78,45382410,81161648.00
2024/09/18,1.78,1.81,1.74,1.79,63685391,112745456.00
2024/09/19,1.80,1.85,1.78,1.83,77051080,140034016.00
2024/09/20,1.81,1.84,1.79,1.82,64600108,117253104.00
2024/09/23,1.82,1.84,1.80,1.83,53752410,97964512.00
2024/09/24,1.84,1.90,1.83,1.90,103765510,193522016.00
2024/09/25,1.92,2.08,1.91,1.99,180939472,364421888.00
2024/09/26,1.97,2.19,1.97,2.19,244607221,522690144.00
2024/09/27,2.39,2.41,2.29,2.41,302820937,719621888.00
2024/09/30,2.65,2.65,2.56,2.65,211344091,557703488.00
2024/10/08,2.92,2.92,2.73,2.92,575912381,1670383104.00
2024/10/09,2.85,3.06,2.70,2.83,519263174,1511138304.00
2024/10/10,2.94,2.98,2.66,2.69,315674989,873734784.00
2024/10/11,2.65,2.69,2.57,2.60,191395716,504110848.00
2024/10/14,2.71,2.75,2.58,2.72,237873551,633927552.00
2024/10/15,2.69,2.82,2.62,2.64,248867140,678917632.00
2024/10/16,2.65,2.75,2.64,2.73,185536800,501058816.00
2024/10/17,2.73,2.74,2.58,2.59,188306928,499347200.00
2024/10/18,2.58,2.66,2.49,2.60,202261448,517653280.00
2024/10/21,2.64,2.67,2.57,2.59,146646064,383804576.00
2024/10/22,2.57,2.61,2.54,2.57,123579493,317343968.00
2024/10/23,2.58,2.63,2.56,2.58,128778533,334179808.00
2024/10/24,2.57,2.60,2.56,2.57,87207119,224967488.00
2024/10/25,2.59,2.65,2.59,2.61,122329096,320435328.00
2024/10/28,2.60,2.70,2.59,2.69,152581517,407935712.00
2024/10/29,2.72,2.74,2.61,2.62,128439318,341893088.00
2024/10/30,2.62,2.71,2.61,2.67,131053095,349906848.00
2024/10/31,2.68,2.94,2.65,2.94,293311644,844338688.00
2024/11/01,2.96,3.02,2.81,2.88,371442781,1083091584.00
2024/11/04,2.87,2.89,2.77,2.84,164829384,463116384.00
2024/11/05,2.83,3.12,2.82,3.12,330711057,1014536000.00
2024/11/06,3.18,3.29,3.04,3.16,523839261,1657269248.00
2024/11/07,3.10,3.43,3.07,3.29,403013033,1326769920.00
2024/11/08,3.38,3.38,3.18,3.23,321278710,1046632896.00
2024/11/11,3.19,3.26,3.14,3.21,223119565,710109184.00
2024/11/12,3.23,3.25,3.10,3.13,199151010,629841472.00
2024/11/13,3.10,3.16,3.07,3.11,133491634,414484224.00
2024/11/14,3.18,3.20,3.02,3.02,169805014,524009824.00
2024/11/15,3.00,3.04,2.90,2.91,151857273,452045120.00
2024/11/18,2.99,3.13,2.96,2.98,238076227,725610176.00
2024/11/19,2.96,3.01,2.91,3.01,154895928,458609856.00
2024/11/20,2.99,3.04,2.96,3.03,98236580,295604608.00
2024/11/21,3.02,3.04,2.98,3.04,100709200,302507904.00
2024/11/22,3.02,3.04,2.89,2.90,118000700,351166528.00
2024/11/25,2.90,2.94,2.83,2.91,104817918,301713024.00
2024/11/26,2.89,2.92,2.87,2.88,68970523,199259424.00
2024/11/27,2.86,2.93,2.81,2.93,88562237,254482688.00
2024/11/28,2.93,2.99,2.91,2.94,82252852,243186752.00
2024/11/29,2.94,3.01,2.92,2.97,87109062,258140704.00
2024/12/02,2.98,3.26,2.97,3.16,245030184,778857408.00
2024/12/03,3.15,3.48,3.15,3.48,344232316,1160525952.00
2024/12/04,3.60,3.66,3.38,3.41,532864198,1874149888.00
2024/12/05,3.38,3.46,3.32,3.41,254692773,863122560.00
2024/12/06,3.40,3.53,3.37,3.44,246218670,849780928.00
2024/12/09,3.42,3.43,3.17,3.20,309338678,1010477056.00
2024/12/10,3.37,3.39,3.17,3.19,242963436,797074240.00
2024/12/11,3.18,3.28,3.15,3.24,156304681,506361984.00
2024/12/12,3.25,3.36,3.19,3.32,168806851,553846080.00
2024/12/13,3.32,3.32,3.17,3.18,178424189,572451776.00
2024/12/16,3.19,3.20,3.13,3.15,97018192,307049856.00
2024/12/17,3.14,3.15,3.05,3.07,116571434,359928416.00
2024/12/18,3.09,3.11,3.06,3.08,78969735,243692064.00
2024/12/19,3.05,3.08,3.00,3.06,101265642,307491488.00
2024/12/20,3.05,3.07,3.02,3.05,82518852,251856112.00
2024/12/23,3.05,3.06,2.95,2.95,117757929,352520928.00
2024/12/24,2.97,3.07,2.96,3.02,110576694,333528192.00
2024/12/25,3.02,3.03,2.95,2.99,64340300,191898240.00
2024/12/26,2.98,3.06,2.97,3.04,76005217,228867408.00
2024/12/27,3.03,3.10,3.03,3.06,94427100,290082176.00
2024/12/30,3.05,3.07,3.00,3.05,75715363,229498768.00
2024/12/31,3.04,3.07,2.96,2.96,72526400,217790800.00
2025/01/02,2.96,3.04,2.89,2.93,114821950,341525088.00
2025/01/03,2.93,2.94,2.79,2.81,125678760,359133120.00
2025/01/06,2.80,2.87,2.77,2.85,89835981,253374032.00
2025/01/07,2.85,2.88,2.82,2.88,59272350,169224240.00
2025/01/08,2.87,2.89,2.79,2.87,87060266,247814800.00
2025/01/09,2.85,2.93,2.84,2.90,81649501,236189488.00
2025/01/10,2.90,2.91,2.81,2.81,65791900,187945408.00
2025/01/13,2.78,2.81,2.75,2.80,52981740,147724272.00
2025/01/14,2.82,2.92,2.81,2.92,80595582,231439152.00
2025/01/15,2.93,2.94,2.87,2.89,63029766,182753856.00
2025/01/16,2.91,2.98,2.88,2.89,78364317,229349872.00
2025/01/17,2.88,2.93,2.86,2.90,65382300,189798096.00
2025/01/20,2.93,2.96,2.87,2.92,73598920,215273728.00
2025/01/21,2.94,2.98,2.90,2.91,92972480,272677760.00
2025/01/22,2.89,2.89,2.82,2.85,75869799,216217296.00
2025/01/23,2.87,2.93,2.87,2.87,75481663,218697760.00
2025/01/24,2.87,2.91,2.85,2.89,56081677,161824576.00
2025/01/27,2.91,2.93,2.88,2.88,56250256,163112320.00
2025/02/05,2.90,3.01,2.87,2.95,119454451,352232960.00
2025/02/06,2.97,3.08,2.94,3.04,116964034,352154112.00
2025/02/07,3.04,3.14,3.01,3.08,129984575,401684704.00
2025/02/10,3.08,3.13,3.06,3.09,95320699,294515936.00
2025/02/11,3.10,3.10,3.00,3.03,83155307,252071360.00
2025/02/12,3.03,3.08,3.01,3.08,88834800,270568288.00
2025/02/13,3.07,3.11,3.05,3.06,96013926,295129216.00
2025/02/14,3.04,3.06,2.98,3.00,90702125,273100320.00
2025/02/17,3.04,3.19,3.04,3.10,174060138,541799424.00
2025/02/18,3.10,3.13,3.04,3.05,112257807,345668000.00
2025/02/19,3.05,3.10,3.03,3.05,85218446,260347936.00
2025/02/20,3.06,3.23,3.03,3.15,221256895,693612864.00
2025/02/21,3.13,3.15,3.07,3.11,172310394,535115360.00
2025/02/24,3.13,3.18,3.06,3.08,131912710,409468096.00
2025/02/25,3.06,3.08,3.02,3.03,95842835,292446144.00
2025/02/26,3.04,3.09,3.03,3.06,88042833,269339616.00
2025/02/27,3.05,3.10,3.02,3.06,91748071,280334368.00
2025/02/28,3.05,3.07,2.98,2.99,95179615,287965472.00
2025/03/03,3.01,3.07,2.99,3.02,97743262,297030720.00
2025/03/04,3.01,3.07,3.00,3.03,71026900,215337952.00
2025/03/05,3.03,3.04,2.94,2.97,96677150,287379712.00
2025/03/06,2.99,3.05,2.98,3.04,103725517,313537568.00
2025/03/07,3.04,3.04,2.96,2.98,109694478,327570432.00
2025/03/10,2.99,3.06,2.95,2.96,98241237,294279008.00
2025/03/11,2.94,2.94,2.88,2.92,84059050,244389264.00
2025/03/12,2.92,2.93,2.89,2.90,57736772,167658528.00
2025/03/13,2.90,2.90,2.85,2.88,70521529,202605712.00
2025/03/14,2.89,2.97,2.87,2.95,102425015,299970080.00
2025/03/17,3.24,3.25,3.12,3.25,398015538,1287433088.00
2025/03/18,3.23,3.32,3.17,3.22,339669480,1102944768.00
2025/03/19,3.22,3.23,3.12,3.16,173412071,547579328.00
2025/03/20,3.16,3.18,3.11,3.14,123516260,387596992.00
2025/03/21,3.13,3.29,3.12,3.20,238115292,764055872.00
2025/03/24,3.20,3.22,3.11,3.15,129753550,407748640.00
2025/03/25,3.15,3.19,3.14,3.16,89325035,282418496.00
2025/03/26,3.15,3.28,3.14,3.27,194329538,629118016.00
2025/03/27,3.27,3.32,3.17,3.25,189771921,616407744.00
2025/03/28,3.26,3.38,3.24,3.36,262889381,873681408.00
2025/03/31,3.31,3.35,3.03,3.10,327764172,1039468288.00
2025/04/01,3.05,3.07,2.89,2.91,236584418,698708480.00
2025/04/02,2.90,3.01,2.88,2.93,143162350,421042112.00
2025/04/03,2.88,2.95,2.87,2.90,87712464,255212784.00
2025/04/07,2.75,2.76,2.61,2.61,189311651,503807104.00
2025/04/08,2.61,2.70,2.60,2.66,132288390,351443904.00
2025/04/09,2.63,2.73,2.54,2.72,132974395,352257440.00
2025/04/10,2.73,2.80,2.72,2.76,120884972,334179712.00
2025/04/11,2.73,2.77,2.71,2.75,82186071,225327264.00
2025/04/14,2.76,2.79,2.75,2.76,74001791,204953744.00
2025/04/15,2.75,2.76,2.72,2.74,50426871,137869600.00
2025/04/16,2.74,2.76,2.68,2.70,65770300,177923200.00
2025/04/17,2.69,2.78,2.69,2.73,89944602,247450112.00
2025/04/18,2.73,2.78,2.72,2.77,72343343,199044672.00
2025/04/21,2.76,2.80,2.74,2.79,56684216,157661840.00
2025/04/22,2.79,2.81,2.78,2.79,63316225,176799200.00
2025/04/23,2.81,2.82,2.77,2.78,59061756,164560112.00
2025/04/24,2.78,2.81,2.74,2.77,63138200,175190064.00
2025/04/25,2.77,2.85,2.77,2.78,99506703,279509920.00
2025/04/28,2.76,2.80,2.70,2.73,96125905,262344448.00
2025/04/29,2.72,2.75,2.71,2.74,49585500,135668176.00
2025/04/30,2.73,2.76,2.68,2.69,86005437,233322144.00
2025/05/06,2.69,2.71,2.68,2.70,80745634,217882800.00
2025/05/07,2.74,2.79,2.71,2.72,103110761,283287520.00
2025/05/08,2.72,2.73,2.70,2.71,63162563,171579264.00
2025/05/09,2.72,2.72,2.60,2.62,123449563,327197216.00
2025/05/12,2.64,2.67,2.61,2.66,74389812,196247024.00
2025/05/13,2.68,2.69,2.63,2.64,52967137,140417840.00
2025/05/14,2.64,2.69,2.62,2.67,77110585,204969840.00
2025/05/15,2.66,2.67,2.61,2.61,62773097,165301632.00
2025/05/16,2.61,2.62,2.60,2.61,43926972,114662712.00
2025/05/19,2.62,2.64,2.60,2.63,64308040,168782336.00
2025/05/20,2.63,2.64,2.60,2.63,56055562,146708960.00
2025/05/21,2.62,2.63,2.60,2.61,46100752,120481544.00
2025/05/22,2.61,2.62,2.56,2.57,59668662,154256720.00
2025/05/23,2.57,2.60,2.56,2.58,43621800,112721744.00
2025/05/26,2.57,2.59,2.55,2.56,45497300,116666544.00
2025/05/27,2.56,2.57,2.52,2.53,48320221,122608736.00
2025/05/28,2.53,2.54,2.49,2.51,44870586,112675872.00
2025/05/29,2.51,2.62,2.50,2.59,89082494,229126320.00
2025/05/30,2.57,2.61,2.55,2.57,69831495,179954368.00
2025/06/03,2.62,2.73,2.61,2.66,158758377,424427552.00
2025/06/04,2.64,2.66,2.62,2.64,64304045,169734128.00
2025/06/05,2.65,2.65,2.59,2.61,70159956,183434432.00
2025/06/06,2.62,2.67,2.60,2.61,67919725,178636832.00
2025/06/09,2.61,2.63,2.60,2.62,48033020,125746072.00
2025/06/10,2.62,2.63,2.57,2.60,58324100,151651152.00
2025/06/11,2.60,2.63,2.59,2.62,50277063,131615456.00
2025/06/12,2.62,2.65,2.61,2.63,65536482,172510400.00
2025/06/13,2.63,2.67,2.60,2.63,116873342,308012864.00
2025/06/16,2.63,2.68,2.62,2.66,79219216,210436880.00
2025/06/17,2.66,2.67,2.62,2.65,65311300,172778768.00
2025/06/18,2.65,2.65,2.59,2.60,58124732,151886048.00
2025/06/19,2.60,2.61,2.55,2.56,59083995,151918560.00
2025/06/20,2.57,2.63,2.57,2.58,66625136,172923488.00
2025/06/23,2.58,2.74,2.58,2.70,157210520,419062848.00
2025/06/24,2.70,2.76,2.67,2.75,121474855,330711008.00
2025/06/25,2.75,2.81,2.74,2.80,131700756,365612160.00
2025/06/26,2.81,2.84,2.78,2.81,103959352,292012128.00
2025/06/27,2.80,3.09,2.80,2.98,343661329,1034484992.00
2025/06/30,2.98,3.05,2.92,2.96,160751082,478194400.00
2025/07/01,2.98,2.98,2.85,2.88,130348920,376189536.00
2025/07/02,2.89,2.89,2.82,2.84,100062000,284759392.00
2025/07/03,2.84,2.85,2.80,2.81,66403240,186921536.00
2025/07/04,2.80,2.87,2.80,2.83,86301999,244084672.00
2025/07/07,2.82,2.93,2.81,2.91,127622838,367643904.00
2025/07/08,2.91,3.04,2.90,3.03,150431804,450120288.00
2025/07/09,3.04,3.13,3.01,3.11,197578473,604115712.00
2025/07/10,3.09,3.40,3.04,3.30,372163795,1208872192.00
2025/07/11,3.32,3.63,3.20,3.50,547313481,1870478848.00
2025/07/14,3.51,3.58,3.31,3.37,416870134,1419932160.00
2025/07/15,3.30,3.44,3.27,3.30,262143731,877778752.00
2025/07/16,3.33,3.42,3.29,3.38,203586326,687626944.00
2025/07/17,3.40,3.64,3.39,3.59,274702007,974604992.00
2025/07/18,3.60,3.76,3.52,3.72,231643922,846865600.00
2025/07/21,3.68,3.77,3.63,3.67,202225300,747584576.00
2025/07/22,3.69,3.70,3.61,3.64,160866228,586814400.00
2025/07/23,3.62,3.64,3.53,3.60,161110524,578792576.00
2025/07/24,3.57,3.85,3.55,3.80,203093831,766353280.00
2025/07/25,3.79,3.92,3.78,3.89,169119037,655335936.00
2025/07/28,3.92,4.15,3.80,4.11,242356887,973235200.00
2025/07/29,4.09,4.20,4.04,4.12,171702605,706704896.00
2025/08/13,4.53,4.53,4.53,4.53,41775091,189241168.00
2025/08/14,4.98,4.98,4.98,4.98,9263056,46130020.00
2025/08/15,5.48,5.48,5.48,5.48,50087853,274481440.00
2025/08/18,6.03,6.03,4.96,5.34,909601005,5002537472.00
2025/08/19,5.22,5.87,5.12,5.54,659160249,3645357824.00
2025/08/20,5.60,5.65,4.99,4.99,530988608,2696272896.00
2025/08/21,4.88,4.99,4.67,4.76,384226198,1845221376.00
2025/08/22,4.77,4.94,4.70,4.84,249562114,1203308544.00
2025/08/25,4.86,5.28,4.80,5.15,382958413,1907708160.00
2025/08/26,5.10,5.18,5.00,5.00,247092535,1249985280.00
2025/08/27,4.97,5.00,4.68,4.69,258857216,1252432896.00
2025/08/28,4.68,4.84,4.62,4.82,167907059,791940096.00
2025/08/29,4.84,4.92,4.75,4.86,164655377,796027520.00
2025/09/01,4.85,5.10,4.80,5.05,238603425,1188475392.00
2025/09/02,5.03,5.10,4.85,4.94,166532011,825511488.00
2025/09/03,4.92,5.11,4.91,4.96,167479562,838555136.00
2025/09/04,4.96,4.96,4.56,4.64,196483997,933737856.00
2025/09/05,4.65,4.69,4.54,4.67,126212727,582055296.00
2025/09/08,4.67,4.71,4.56,4.58,110526267,510108512.00
2025/09/09,4.57,4.59,4.44,4.46,119654825,539906240.00
2025/09/10,4.45,4.57,4.45,4.53,92641014,418381152.00
2025/09/11,4.53,4.72,4.50,4.68,130087157,601423936.00
2025/09/12,4.69,4.70,4.62,4.64,88325279,410970880.00
2025/09/15,4.65,4.65,4.53,4.60,87796593,402125248.00
2025/09/16,4.58,4.66,4.51,4.62,90592980,415578880.00
2025/09/17,4.60,4.74,4.56,4.71,113151084,529072032.00
2025/09/18,4.71,4.93,4.58,4.62,198723058,944707968.00
2025/09/19,4.60,4.64,4.49,4.54,100036726,454320608.00
2025/09/22,4.52,4.56,4.46,4.55,78375614,353389216.00
2025/09/23,4.52,4.54,4.25,4.34,146919076,638035200.00
2025/09/24,4.32,4.48,4.30,4.47,91639034,404769824.00
2025/09/25,4.45,4.46,4.33,4.34,89370425,391409024.00
2025/09/26,4.34,4.45,4.31,4.34,71649615,313675040.00
2025/09/29,4.32,4.47,4.30,4.42,86324991,378944640.00
2025/09/30,4.42,4.54,4.41,4.52,88531432,396160736.00
2025/10/09,4.50,4.52,4.39,4.41,115258210,510358624.00
2025/10/10,4.40,4.51,4.37,4.43,88122175,392730272.00
2025/10/13,4.25,4.37,4.22,4.35,88486406,381603296.00
2025/10/14,4.38,4.79,4.36,4.52,312115452,1467509760.00
2025/10/15,4.50,4.90,4.47,4.79,249716693,1161718784.00
2025/10/16,4.79,4.79,4.58,4.60,148125879,689355904.00
2025/10/17,4.59,4.60,4.42,4.46,118331060,529603424.00
2025/10/20,4.47,4.51,4.42,4.48,64539813,288522048.00
2025/10/21,4.48,4.50,4.43,4.47,63431305,283433792.00
2025/10/22,4.47,4.55,4.43,4.45,63287462,283292416.00
2025/10/23,4.44,4.44,4.28,4.35,96399659,418575232.00
2025/10/24,4.36,4.41,4.32,4.33,54549529,237764640.00
2025/10/27,4.35,4.41,4.32,4.33,67254460,293179104.00
2025/10/28,4.30,4.32,4.22,4.24,95611713,407313632.00
2025/10/29,4.22,4.33,4.22,4.31,73995267,317071104.00
2025/10/30,4.27,4.30,4.24,4.25,58191710,248190032.00
2025/10/31,4.30,4.41,4.29,4.32,84602002,368196608.00
2025/11/03,4.32,4.33,4.21,4.25,73103197,310383872.00
2025/11/04,4.26,4.43,4.25,4.27,94399107,408012800.00
2025/11/05,4.22,4.27,4.20,4.25,54025845,228813072.00
2025/11/06,4.24,4.32,4.24,4.26,62937778,269138464.00
2025/11/07,4.24,4.26,4.21,4.24,45244888,191627488.00
2025/11/10,4.23,4.25,4.20,4.23,59836640,252158176.00
2025/11/11,4.23,4.42,4.22,4.36,137082600,593161280.00
2025/11/12,4.33,4.33,4.21,4.22,102040890,432269408.00
2025/11/13,4.21,4.23,4.18,4.20,71705036,301085664.00
2025/11/14,4.18,4.22,4.18,4.19,41640834,174987264.00
2025/11/17,4.19,4.24,4.16,4.23,55619030,233389376.00
2025/11/18,4.21,4.23,4.12,4.14,55071200,228986480.00
2025/11/19,4.13,4.15,4.00,4.06,65869248,266904080.00
2025/11/20,4.05,4.08,4.02,4.03,40373541,163523360.00
2025/11/21,4.00,4.04,3.91,3.91,73705898,291729440.00
2025/11/24,3.93,3.98,3.92,3.95,45881480,181357408.00
2025/11/25,3.96,4.02,3.95,3.98,40223300,160688336.00
2025/11/26,3.97,4.02,3.96,3.97,33761496,134713248.00
2025/11/27,3.96,4.02,3.94,3.96,44316433,176639872.00
2025/11/28,3.97,4.23,3.94,4.15,115964387,475424896.00
2025/12/01,4.18,4.22,4.15,4.19,53027660,221214448.00
2025/12/02,4.18,4.30,4.15,4.30,103789229,441279264.00
2025/12/03,4.31,4.43,4.31,4.37,120585202,527249312.00
2025/12/04,4.34,4.39,4.27,4.33,71453414,309444544.00
2025/12/05,4.24,4.30,4.16,4.29,92344028,389410144.00
2025/12/08,4.29,4.36,4.22,4.24,77298676,330617472.00
2025/12/09,4.22,4.22,4.14,4.16,53456960,222834352.00
2025/12/10,4.14,4.17,4.00,4.13,88780918,363367584.00
2025/12/11,4.12,4.13,4.02,4.03,53701629,217105056.00
2025/12/12,4.01,4.08,4.00,4.06,45089558,182128464.00
2025/12/15,4.00,4.03,3.96,3.98,40672819,162512480.00
2025/12/16,3.97,3.98,3.81,3.87,79763136,308731840.00
2025/12/17,3.83,3.90,3.83,3.88,48703906,188246432.00
2025/12/18,3.87,3.88,3.81,3.83,51163255,196166912.00
2025/12/19,3.84,3.96,3.82,3.92,60104855,235295600.00
2025/12/22,3.92,3.97,3.90,3.93,37748893,148937440.00
2025/12/23,3.92,3.93,3.88,3.90,38501314,150304592.00
2025/12/24,3.91,3.94,3.88,3.92,39195601,153452768.00
2025/12/25,3.93,3.94,3.89,3.91,33545966,131097648.00
2025/12/26,3.91,3.95,3.85,3.88,71228063,277746304.00
2025/12/29,3.89,3.92,3.85,3.87,45857630,178386464.00
2025/12/30,3.85,3.91,3.84,3.87,42874307,166332704.00
2025/12/31,3.88,3.92,3.85,3.87,53637000,208110752.00
2026/01/05,3.87,3.94,3.85,3.92,68091776,265845728.00
2026/01/06,3.90,4.02,3.90,3.98,82603900,328537696.00
2026/01/07,3.96,4.03,3.95,3.97,63630043,253475952.00
2026/01/08,3.96,4.12,3.93,4.04,115848935,468698496.00
2026/01/09,4.05,4.13,4.02,4.11,91459061,373031712.00
2026/01/12,4.11,4.11,4.04,4.08,90306306,367172160.00
2026/01/13,4.06,4.10,4.03,4.04,94018561,381740480.00
2026/01/14,4.04,4.18,4.04,4.09,142018433,584191232.00
2026/01/15,4.07,4.15,4.07,4.08,71848710,294645536.00
2026/01/16,4.10,4.11,3.92,3.93,114566718,455876384.00
2026/01/19,3.92,3.99,3.89,3.94,54499161,215001296.00
2026/01/20,3.94,4.03,3.93,3.98,81302932,323672832.00
2026/01/21,3.96,4.05,3.95,4.01,74927332,300620832.00
2026/01/22,4.02,4.03,3.97,4.00,55843632,222923984.00
2026/01/23,3.99,4.07,3.98,4.06,105874190,427553856.00
2026/01/26,4.06,4.09,3.96,3.98,105331997,422816672.00
2026/01/27,3.98,3.99,3.85,3.91,93466070,364786624.00
2026/01/28,3.91,3.98,3.86,3.90,96468071,377926720.00
2026/01/29,3.87,3.96,3.81,3.90,126149861,491523232.00
2026/01/30,3.87,3.90,3.66,3.70,154828043,581161472.00
2026/02/02,3.68,3.72,3.59,3.60,96708081,353247360.00
2026/02/03,3.63,3.68,3.57,3.63,74769791,271055264.00
2026/02/04,3.63,3.72,3.59,3.71,85891443,314563776.00
2026/02/05,3.70,3.72,3.64,3.67,57453017,210950480.00
2026/02/06,3.65,3.69,3.61,3.65,54463700,199081184.00
2026/02/09,3.68,3.78,3.68,3.73,73375978,273509856.00
2026/02/10,3.73,3.74,3.67,3.68,43452900,160339024.00
2026/02/11,3.67,3.75,3.66,3.70,55725459,206966672.00
2026/02/12,3.67,3.70,3.61,3.61,81179801,295461600.00
2026/02/13,3.68,3.83,3.64,3.64,132957062,494487808.00
2026/02/24,3.70,3.86,3.66,3.76,142322974,537819328.00
2026/02/25,3.75,3.84,3.75,3.78,99422478,377553792.00
2026/02/26,3.78,3.79,3.66,3.68,100259073,370327808.00
2026/02/27,3.66,3.74,3.64,3.73,60839127,224829168.00
2026/03/02,3.68,3.71,3.61,3.63,76823194,279999488.00
2026/03/03,3.62,3.65,3.47,3.49,94923106,337480320.00
2026/03/04,3.45,3.50,3.42,3.45,55043248,190160944.00
2026/03/05,3.51,3.52,3.43,3.45,48803367,169603760.00
2026/03/06,3.44,3.46,3.41,3.41,89915437,308508544.00
2026/03/09,3.43,3.46,3.37,3.44,87407342,298069440.00
2026/03/10,3.45,3.55,3.45,3.54,78411486,274276928.00
2026/03/11,3.56,3.69,3.56,3.58,111738855,404483936.00
2026/03/12,3.59,3.64,3.54,3.56,63152900,226267616.00
2026/03/13,3.56,3.60,3.49,3.50,67672400,239656288.00
2026/03/16,3.51,3.53,3.45,3.47,48008479,167050160.00
2026/03/17,3.48,3.52,3.44,3.45,60493318,210645632.00
2026/03/18,3.46,3.46,3.38,3.42,50948582,173670304.00
2026/03/19,3.38,3.39,3.32,3.33,62118690,207934000.00
2026/03/20,3.34,3.37,3.28,3.28,55462287,183815920.00
2026/03/23,3.23,3.25,3.07,3.09,96455817,303743936.00
2026/03/24,3.12,3.19,3.08,3.18,66589847,208588784.00
2026/03/25,3.18,3.29,3.18,3.24,52505400,170365808.00
2026/03/26,3.23,3.27,3.08,3.11,99904897,314956672.00
2026/03/27,3.09,3.19,3.08,3.17,55862447,176011840.00
2026/03/30,3.11,3.16,3.07,3.16,63507930,198328784.00
2026/03/31,3.14,3.24,3.13,3.15,63000616,200188080.00
2026/04/01,3.19,3.21,3.15,3.19,49358694,156748544.00
2026/04/02,3.18,3.23,3.13,3.19,85705325,272751104.00
2026/04/03,3.18,3.19,3.11,3.13,51119801,160267920.00
2026/04/07,3.12,3.16,3.11,3.15,37993203,119195800.00
2026/04/08,3.18,3.34,3.17,3.33,96559840,315579968.00
2026/04/09,3.30,3.32,3.20,3.21,67195400,218386784.00
2026/04/10,3.24,3.28,3.21,3.23,52172040,169133584.00
2026/04/13,3.20,3.27,3.18,3.23,48808160,158206912.00
2026/04/14,3.26,3.30,3.23,3.30,66832361,218556096.00
2026/04/15,3.30,3.32,3.21,3.23,59226799,192702448.00
2026/04/16,3.23,3.26,3.22,3.25,44864927,145450224.00
2026/04/17,3.24,3.58,3.23,3.58,159374803,553446592.00
2026/04/20,3.58,3.81,3.53,3.71,307380598,1130204672.00
2026/04/21,3.71,3.93,3.68,3.90,286459439,1096630400.00
2026/04/22,3.87,4.29,3.85,4.15,381471649,1594533376.00
2026/04/23,4.10,4.37,4.08,4.30,337687563,1432478848.00
2026/04/24,4.30,4.73,4.27,4.73,358656344,1648580352.00
2026/04/27,4.81,4.84,4.26,4.26,427024660,1875776000.00
2026/04/28,4.18,4.28,4.07,4.11,298029226,1236681216.00
2026/04/29,4.09,4.28,4.07,4.14,224760042,940443840.00
2026/04/30,4.21,4.55,4.21,4.55,198625123,889784704.00
2026/05/06,4.58,4.81,4.56,4.65,379870282,1760169984.00
2026/05/07,4.64,5.12,4.60,5.10,577658086,2912545536.00
2026/05/08,5.00,5.46,4.95,5.13,515928232,2652628480.00
2026/05/11,5.20,5.31,5.07,5.10,309443911,1594544256.00
2026/05/12,5.10,5.44,4.88,5.19,384418773,1998875136.00
2026/05/13,5.20,5.39,5.12,5.30,296548376,1552441856.00
2026/05/14,5.38,5.51,5.20,5.25,291747887,1550331904.00
2026/05/15,5.25,5.33,4.88,4.89,370410063,1860509824.00
2026/05/18,4.40,4.40,4.40,4.40,15801900,69528360.00
2026/05/19,3.96,3.96,3.96,3.96,11694500,46310220.00
2026/05/20,3.56,3.65,3.56,3.56,346570220,1234801024.00
2026/05/21,3.33,3.37,3.20,3.20,522998326,1696221056.00
2026/05/22,3.12,3.21,3.07,3.18,350378087,1108052480.00
2026/05/25,3.16,3.20,3.06,3.11,272829597,845698880.00
2026/05/26,3.07,3.08,2.96,3.00,217049022,652178368.00
2026/05/27,3.00,3.04,2.91,2.95,197786857,586446016.00
2026/05/28,2.93,3.00,2.92,2.98,151077307,447568032.00
2026/05/29,3.04,3.12,2.95,2.96,242765408,733614272.00
2026/06/01,2.93,3.04,2.89,3.01,176676403,527863040.00
2026/06/02,3.00,3.03,2.94,2.99,121452808,361281184.00
2026/06/03,2.97,2.98,2.91,2.92,140031309,411211648.00
2026/06/04,2.91,2.96,2.86,2.88,132095584,383775520.00
2026/06/05,2.88,2.92,2.84,2.85,143318918,413030336.00
2026/06/08,2.78,2.86,2.72,2.76,143689359,400041664.00
2026/06/09,2.80,2.83,2.75,2.82,106802993,297720192.00
2026/06/10,2.79,2.82,2.74,2.78,91252497,253249904.00
2026/06/11,2.75,2.80,2.73,2.76,79801328,220052992.00
2026/06/12,2.78,3.04,2.76,2.97,319073405,940224128.00
2026/06/15,2.95,3.07,2.95,3.04,215997223,649851712.00
2026/06/16,3.03,3.23,2.96,3.12,207466438,640915456.00
2026/06/17,3.09,3.16,3.06,3.09,139724685,433111424.00
2026/06/18,3.07,3.13,3.02,3.10,134288002,414845760.00
2026/06/22,3.10,3.21,3.08,3.18,153331108,483162464.00
2026/06/23,3.15,3.18,3.03,3.04,157104473,485662944.00
2026/06/24,3.04,3.06,2.92,3.03,134042000,400401984.00
2026/06/25,3.01,3.07,2.96,3.01,98152451,294183648.00
2026/06/26,2.98,3.00,2.85,2.85,115818900,336188224.00
2026/06/29,2.84,2.87,2.78,2.83,99104436,279392352.00
2026/06/30,2.81,2.89,2.78,2.83,99771558,282761920.00
2026/07/01,2.84,3.11,2.83,3.11,133568822,406456512.00
2026/07/02,3.16,3.25,2.97,2.98,273619841,847592064.00
2026/07/03,3.00,3.09,2.95,2.96,157714187,471625152.00
2026/07/06,2.95,3.00,2.89,2.91,129245142,378921760.00
2026/07/07,2.91,2.92,2.84,2.86,86565203,248301712.00
2026/07/08,2.85,2.87,2.80,2.83,100254803,283791680.00
2026/07/09,2.82,3.01,2.79,3.00,141134238,405813024.00
2026/07/10,2.96,3.00,2.90,2.91,125618415,370726336.00
2026/07/13,2.90,2.94,2.79,2.81,115657353,328445280.00
2026/07/14,2.81,2.85,2.80,2.85,77431820,218855424.00
2026/07/15,2.83,2.89,2.83,2.88,90646814,259992784.00
2026/07/16,2.85,2.91,2.83,2.87,88201508,253535408.00
2026/07/17,2.85,2.88,2.76,2.78,112959172,318591808.00
2026/07/20,2.80,2.83,2.75,2.79,86820333,242563808.00
2026/07/21,2.78,2.85,2.78,2.82,100373864,282463168.00
2026/07/22,2.80,2.84,2.78,2.81,80696360,227066624.00
2026/07/23,2.80,2.85,2.78,2.84,79128928,223136576.00
2026/07/24,2.81,2.83,2.75,2.76,88833400,246843456.00
2026/07/27,2.75,2.83,2.74,2.82,80714602,225920544.00
2026/07/28,2.80,2.85,2.80,2.81,66941015,188879360.00
2026/07/29,2.81,2.87,2.80,2.86,107767465,306094368.00
2026/07/30,2.84,2.89,2.78,2.82,105661057,299696928.00
2026/07/31,2.84,2.89,2.84,2.87,113806075,326544992.00
2026/08/03,2.84,2.92,2.84,2.92,83490000,241430256.00
2026/08/04,2.92,2.94,2.87,2.92,78655000,228797744.00
2026/08/05,2.90,3.00,2.90,2.98,110231321,327477088.00
2026/08/06,2.98,2.98,2.91,2.95,89757550,264145952.00
2026/08/07,2.95,3.11,2.92,3.09,171451310,517882816.00
2026/08/10,3.07,3.18,3.06,3.10,158625672,494962336.00
2026/08/11,3.09,3.11,3.05,3.06,85859218,264069088.00
2026/08/12,3.05,3.20,3.04,3.16,152603743,478905440.00
2026/08/13,3.14,3.19,3.07,3.07,121568091,379949184.00
2026/08/14,3.07,3.13,3.01,3.06,105326934,322069056.00
2026/08/17,3.06,3.06,3.01,3.02,79160917,239976992.00
2026/08/18,3.03,3.06,2.97,2.99,79580575,238622128.00
2026/08/19,2.97,3.00,2.91,2.92,85294660,250640304.00
2026/08/20,2.92,3.00,2.92,2.98,84082902,248830720.00
2026/08/21,2.95,2.96,2.90,2.93,60740300,177622048.00
2026/08/24,2.93,2.94,2.86,2.88,65171700,188173712.00
2026/08/25,2.87,2.92,2.86,2.92,47414400,137448128.00
2026/08/26,2.92,2.99,2.90,2.95,76074124,224615264.00
2026/08/27,2.95,3.00,2.93,2.98,67693711,200935632.00
2026/08/28,2.98,3.01,2.95,2.97,58298800,173384144.00
2026/08/31,3.04,3.08,2.91,2.92,136446878,404210944.00
2026/09/01,2.90,2.94,2.89,2.91,76247157,222338816.00
2026/09/02,2.90,2.92,2.86,2.90,75988488,219423744.00
2026/09/03,2.90,2.93,2.88,2.89,67924558,197066144.00
2026/09/04,2.90,2.97,2.89,2.91,100926300,295799616.00
2026/09/07,2.91,2.92,2.89,2.89,51240417,148716128.00
2026/09/08,2.90,2.95,2.89,2.93,72237034,211335296.00
2026/09/09,2.92,2.93,2.88,2.89,65222100,189039600.00
2026/09/10,2.87,2.91,2.86,2.88,50654083,145918512.00
2026/09/11,2.87,2.87,2.79,2.81,82442064,232424000.00
2026/09/14,2.80,2.83,2.79,2.83,35707140,100377616.00
#数据来源:通达信
