603222 济民健康 日线 前复权
      日期	    开盘	    最高	    最低	    收盘	    成交量	    成交额
2021/08/02,9.72,9.89,9.72,9.86,4584100,63572712.00
2021/08/03,9.86,10.29,9.81,10.07,7875254,112200296.00
2021/08/04,9.96,10.09,9.85,9.98,4701700,66018580.00
2021/08/05,9.89,10.09,9.73,9.73,4949300,68919952.00
2021/08/06,9.70,9.70,9.54,9.60,3984000,53960760.00
2021/08/09,9.60,10.02,9.56,9.89,5357200,74518552.00
2021/08/10,10.01,10.17,9.89,10.16,7041392,100212864.00
2021/08/11,10.17,10.40,10.13,10.34,8239925,119510576.00
2021/08/12,10.35,11.39,10.34,11.20,23684115,373173632.00
2021/08/13,11.63,11.70,11.07,11.07,25583874,410425248.00
2021/08/16,11.34,11.42,10.79,10.89,12901520,200687984.00
2021/08/17,10.95,10.95,10.39,10.39,11576518,172673968.00
2021/08/18,10.36,10.49,10.21,10.40,6730892,98114704.00
2021/08/19,10.37,10.47,10.14,10.19,6033388,87569152.00
2021/08/20,10.06,10.19,9.85,10.09,5567888,78498048.00
2021/08/23,9.99,10.17,9.97,10.06,5438500,77460856.00
2021/08/24,10.06,10.81,9.93,10.56,12099200,176241808.00
2021/08/25,10.63,10.63,10.24,10.26,8057900,117661648.00
2021/08/26,10.22,10.24,9.95,9.97,5790900,82406416.00
2021/08/27,9.91,10.13,9.91,10.09,4671400,66244880.00
2021/08/30,10.09,10.20,9.93,9.97,5187000,73536520.00
2021/08/31,10.06,10.06,9.77,9.82,4713700,65707896.00
2021/09/01,9.71,10.03,9.71,9.92,4355741,60898400.00
2021/09/02,9.90,9.92,9.72,9.82,3930192,54440584.00
2021/09/03,9.74,10.06,9.74,9.89,5019192,70258784.00
2021/09/06,9.89,10.09,9.80,10.07,5351100,75479176.00
2021/09/07,10.07,10.19,9.99,10.17,5644500,80617648.00
2021/09/08,10.22,10.88,10.12,10.64,16204069,241571856.00
2021/09/09,10.49,10.58,10.18,10.21,10040453,146211408.00
2021/09/10,10.24,10.25,9.99,10.04,4995787,71203240.00
2021/09/13,10.05,10.75,10.04,10.43,11474053,168984704.00
2021/09/14,10.53,11.24,10.27,10.87,22812800,345969152.00
2021/09/15,10.54,11.25,10.54,10.57,21085075,323870752.00
2021/09/16,10.72,10.82,10.43,10.82,14214075,213568096.00
2021/09/17,10.96,11.04,10.46,10.63,10941324,164519312.00
2021/09/22,10.44,10.58,10.34,10.37,6351200,93659920.00
2021/09/23,10.42,10.57,10.28,10.37,5696800,83591640.00
2021/09/24,10.34,10.64,10.18,10.51,8587400,126157984.00
2021/09/27,10.45,10.98,10.42,10.68,9727282,146923968.00
2021/09/28,10.56,10.62,10.32,10.35,5869879,86120224.00
2021/09/29,10.29,10.29,9.68,9.69,6774917,95244360.00
2021/09/30,9.68,10.27,9.68,10.22,6261068,89008136.00
2021/10/08,10.47,11.24,10.36,11.12,19799376,303493728.00
2021/10/11,10.91,10.91,10.53,10.59,12213293,183830128.00
2021/10/12,10.66,10.84,10.44,10.50,8903200,132958936.00
2021/10/13,10.13,10.75,9.92,10.42,9288109,137006336.00
2021/10/14,10.33,10.51,10.22,10.26,6257600,91229656.00
2021/10/15,10.18,10.32,10.07,10.11,5315471,76030832.00
2021/10/18,10.11,10.12,9.85,9.93,6571376,92241840.00
2021/10/19,9.99,10.06,9.92,9.96,4948994,69598720.00
2021/10/20,9.96,10.09,9.85,10.04,4692296,66092096.00
2021/10/21,10.04,10.05,9.85,9.92,4456217,62355400.00
2021/10/22,9.94,9.97,9.78,9.79,3809200,53037760.00
2021/10/25,9.79,9.92,9.52,9.92,4630795,63821432.00
2021/10/26,9.95,10.18,9.81,9.93,4379300,61701728.00
2021/10/27,9.88,9.92,9.67,9.73,3933892,54292812.00
2021/10/28,9.73,9.92,9.59,9.70,3123800,42957764.00
2021/10/29,9.90,9.90,9.56,9.79,3480884,47881728.00
2021/11/01,9.75,9.85,9.71,9.79,3072200,42449300.00
2021/11/02,9.79,9.88,9.59,9.70,4179968,57604888.00
2021/11/03,9.56,9.97,9.54,9.82,4816081,66821568.00
2021/11/04,9.95,9.97,9.72,9.82,4005600,55464924.00
2021/11/05,9.82,10.06,9.77,9.85,4220500,59024288.00
2021/11/08,9.83,9.88,9.70,9.72,3299492,45366624.00
2021/11/09,9.67,10.34,9.67,10.11,9884700,140469456.00
2021/11/10,9.97,10.22,9.80,9.90,9522696,134209288.00
2021/11/11,9.87,9.92,9.78,9.86,4448539,61772436.00
2021/11/12,9.86,9.93,9.78,9.80,3630200,50325048.00
2021/11/15,9.80,9.89,9.79,9.86,3722826,51758612.00
2021/11/16,9.87,9.91,9.82,9.82,3875400,53929576.00
2021/11/17,9.74,9.81,9.69,9.77,5658968,77771424.00
2021/11/18,9.73,9.75,9.60,9.67,4780494,65272692.00
2021/11/19,9.67,9.70,9.57,9.69,3142500,42795156.00
2021/11/22,9.69,9.75,9.63,9.74,2806800,38476176.00
2021/11/23,9.74,9.78,9.71,9.73,2709194,37261616.00
2021/11/24,9.73,9.81,9.64,9.76,3688794,50625016.00
2021/11/25,9.76,9.89,9.69,9.84,6084861,84225448.00
2021/11/26,9.87,9.93,9.72,9.84,6134800,85138784.00
2021/11/29,9.99,10.17,9.83,9.83,11043393,155050784.00
2021/11/30,9.72,10.19,9.62,10.12,16462466,232561328.00
2021/12/01,10.06,10.24,9.77,10.09,15436366,219299280.00
2021/12/02,10.11,10.48,10.04,10.42,17576099,256085264.00
2021/12/03,10.42,10.47,10.09,10.13,11668400,168413328.00
2021/12/06,10.13,10.32,9.93,10.19,11425056,162751456.00
2021/12/07,10.15,10.18,9.91,9.98,7816727,110653128.00
2021/12/08,9.87,10.02,9.86,9.93,5543100,77753000.00
2021/12/09,9.92,10.22,9.92,10.14,9174600,130931584.00
2021/12/10,10.14,10.19,10.04,10.07,4342999,61905812.00
2021/12/13,9.95,10.19,9.95,10.14,5408499,77326208.00
2021/12/14,10.15,11.17,10.13,11.17,32145777,494752384.00
2021/12/15,11.34,11.57,10.67,10.77,42378905,660049024.00
2021/12/16,10.64,10.84,10.40,10.44,25389300,378805888.00
2021/12/17,10.39,10.66,10.27,10.47,20590000,304078592.00
2021/12/20,10.49,10.98,10.48,10.90,27079692,410755104.00
2021/12/21,10.77,11.83,10.72,11.22,37549234,595660992.00
2021/12/22,11.37,11.97,11.20,11.54,39618475,645308416.00
2021/12/23,11.42,11.90,11.20,11.35,37049707,607811008.00
2021/12/24,11.14,11.27,10.74,10.83,28783600,445657920.00
2021/12/27,10.83,11.49,10.76,11.25,22085505,348668864.00
2021/12/28,11.19,11.25,10.91,10.94,13780445,213792320.00
2021/12/29,11.00,12.04,10.86,12.04,27544207,451968000.00
2021/12/30,12.39,13.07,11.77,12.51,53033347,927165952.00
2021/12/31,12.21,13.70,11.90,13.06,41691243,732350016.00
2022/01/04,12.74,13.62,12.58,12.63,36463709,674638784.00
2022/01/05,12.62,12.63,12.06,12.07,23865319,411555104.00
2022/01/06,12.34,13.29,12.22,13.29,40329600,728914048.00
2022/01/07,13.42,14.49,13.06,13.29,52798237,1018350784.00
2022/01/10,13.32,13.99,13.09,13.67,34661623,661734208.00
2022/01/11,13.17,13.63,12.85,13.40,29224393,545597376.00
2022/01/12,13.18,14.71,12.94,13.84,33770793,650165952.00
2022/01/13,13.63,14.31,13.14,13.14,25590393,490008160.00
2022/01/14,12.87,14.47,12.50,14.47,51943636,1021146304.00
2022/01/17,15.44,15.92,14.91,15.92,39139799,857081024.00
2022/01/18,16.13,16.19,14.32,14.32,56958998,1197803520.00
2022/01/19,12.92,13.60,12.92,13.07,39834450,741734784.00
2022/01/20,13.06,13.83,12.99,13.19,34125731,645147648.00
2022/01/21,12.94,12.95,11.87,11.87,34300353,582445440.00
2022/01/24,11.32,11.65,10.80,11.07,29825894,466826816.00
2022/01/25,11.02,11.24,10.39,10.42,23629508,358227872.00
2022/01/26,10.48,10.61,10.26,10.52,17084761,252788208.00
2022/01/27,10.62,10.74,10.14,10.17,17921800,264186896.00
2022/01/28,10.27,10.49,10.02,10.37,13510894,196368048.00
2022/02/07,10.56,10.83,10.32,10.72,14167561,212497008.00
2022/02/08,10.71,11.05,10.63,10.89,14209300,217492944.00
2022/02/09,10.78,10.88,10.63,10.81,16886200,256707328.00
2022/02/10,10.79,11.14,10.72,10.86,17671700,272690816.00
2022/02/11,10.67,10.77,10.29,10.33,16680900,246766848.00
2022/02/14,10.20,10.64,10.19,10.42,11797878,174280112.00
2022/02/15,10.47,10.53,10.26,10.44,9245600,135896656.00
2022/02/16,10.49,11.49,10.48,11.23,29101435,454785088.00
2022/02/17,11.23,11.42,11.05,11.09,15800986,248718960.00
2022/02/18,10.97,11.23,10.92,11.15,10859896,170342544.00
2022/02/21,11.21,11.54,11.13,11.44,16140919,258126208.00
2022/02/22,11.25,11.42,11.08,11.17,11947700,188683744.00
2022/02/23,11.50,11.73,11.36,11.60,16474999,268759040.00
2022/02/24,11.54,11.74,10.96,11.25,19537313,314617632.00
2022/02/25,11.25,11.74,11.25,11.60,14609119,239345168.00
2022/02/28,11.60,11.97,11.49,11.88,16074956,266897216.00
2022/03/01,11.79,11.94,11.67,11.90,11752432,195298384.00
2022/03/02,11.83,12.29,11.70,12.24,16182299,275880736.00
2022/03/03,12.27,12.74,12.17,12.52,16222900,285703904.00
2022/03/04,12.42,12.84,12.24,12.37,16291899,287905920.00
2022/03/07,12.32,12.48,11.99,12.31,13434200,230995808.00
2022/03/08,12.35,12.42,11.59,11.75,13278467,222089280.00
2022/03/09,11.87,11.89,10.64,11.34,16084170,255910544.00
2022/03/10,11.52,12.27,11.52,12.07,16276909,272329664.00
2022/03/11,12.07,12.42,11.69,12.37,23047884,393722496.00
2022/03/14,13.13,13.13,12.18,12.53,27441696,488440064.00
2022/03/15,12.34,12.34,11.42,11.42,18857318,317109600.00
2022/03/16,11.59,11.79,10.93,11.65,16017654,256666624.00
2022/03/17,11.77,12.35,11.66,12.04,19893308,339036672.00
2022/03/18,11.92,12.17,11.88,12.04,10945361,185835312.00
2022/03/21,12.00,12.42,12.00,12.29,12314947,212767008.00
2022/03/22,12.29,12.59,11.97,12.27,16120834,278765600.00
2022/03/23,12.38,12.62,12.07,12.44,13909716,242760048.00
2022/03/24,12.63,12.89,12.38,12.69,22486363,401329504.00
2022/03/25,12.62,12.63,12.13,12.15,17053109,297822304.00
2022/03/28,12.06,12.68,12.02,12.41,13874844,242076784.00
2022/03/29,12.31,12.67,12.29,12.32,11830147,207897264.00
2022/03/30,12.29,12.59,12.22,12.59,12096943,213101504.00
2022/03/31,12.49,12.96,12.43,12.59,15324341,274932032.00
2022/04/01,12.47,13.56,12.34,13.14,23859483,434306016.00
2022/04/06,13.12,13.77,13.09,13.25,18920188,357108160.00
2022/04/07,13.24,13.59,13.07,13.29,16395133,308088320.00
2022/04/08,13.01,13.01,12.20,12.42,17545900,311517408.00
2022/04/11,12.21,12.41,11.62,11.77,14868400,251591568.00
2022/04/12,11.76,12.42,11.72,12.41,11573225,198423088.00
2022/04/13,12.41,12.76,12.14,12.47,10642842,186531760.00
2022/04/14,12.47,13.00,12.42,12.86,13430966,242656976.00
2022/04/15,12.77,14.15,12.70,13.62,32081165,611451264.00
2022/04/18,13.50,13.61,13.11,13.34,17061777,320759360.00
2022/04/19,13.27,13.74,13.17,13.74,13881726,265189056.00
2022/04/20,13.74,14.16,13.46,13.54,17780006,345431840.00
2022/04/21,13.54,13.63,12.59,12.97,19208332,352828224.00
2022/04/22,12.27,12.89,11.90,12.02,17856326,308372640.00
2022/04/25,11.84,11.90,10.81,10.81,16321100,257133152.00
2022/04/26,10.30,10.62,9.73,9.73,17548424,250702816.00
2022/04/27,9.74,10.71,9.56,10.69,14421440,206185200.00
2022/04/28,10.56,10.87,10.07,10.22,14205768,208993232.00
2022/04/29,10.31,10.74,10.29,10.49,12558633,186652608.00
2022/05/05,10.54,11.05,10.38,10.92,13829320,212104048.00
2022/05/06,10.64,11.34,10.49,11.22,15900083,248446608.00
2022/05/09,11.34,12.35,11.29,12.35,24635103,422966432.00
2022/05/10,12.10,12.65,12.10,12.57,21654104,378287904.00
2022/05/11,12.52,12.74,11.49,11.67,26565554,453328640.00
2022/05/12,11.52,12.24,11.52,12.01,15915451,268176096.00
2022/05/13,11.95,12.19,11.77,12.10,11497151,194986304.00
2022/05/16,12.12,12.41,11.87,11.95,10209892,173004512.00
2022/05/17,11.95,11.99,11.32,11.62,10624300,172672800.00
2022/05/18,11.64,11.71,11.41,11.49,7424200,120929256.00
2022/05/19,11.27,11.30,10.82,11.09,12322000,191519968.00
2022/05/20,11.09,11.29,10.93,11.05,9747100,152369616.00
2022/05/23,11.17,11.23,10.96,11.03,9657318,150503152.00
2022/05/24,11.12,11.14,10.34,10.34,14451600,216616512.00
2022/05/25,10.32,10.57,10.18,10.55,8139216,120214144.00
2022/05/26,10.62,10.73,10.29,10.52,8090600,120111568.00
2022/05/27,10.53,10.67,10.32,10.46,7671000,113447672.00
2022/05/30,10.47,10.53,10.24,10.37,6477000,94576072.00
2022/05/31,10.37,10.64,10.24,10.62,10092199,149812624.00
2022/06/01,10.57,10.89,10.54,10.76,8883285,134895200.00
2022/06/02,10.76,10.77,10.44,10.53,6665972,99050032.00
2022/06/06,10.52,10.92,10.49,10.77,10005013,151884352.00
2022/06/07,10.77,11.04,10.72,10.85,9334094,143173392.00
2022/06/08,10.85,10.90,10.54,10.77,8541167,129472920.00
2022/06/09,10.67,10.75,10.32,10.38,9778371,144464176.00
2022/06/10,10.38,10.53,10.24,10.49,5593100,82588936.00
2022/06/13,10.54,10.60,10.34,10.47,8300526,122612728.00
2022/06/14,10.42,10.43,10.09,10.42,8298122,120446800.00
2022/06/15,10.36,10.61,10.32,10.43,8280700,122149240.00
2022/06/16,10.50,10.73,10.44,10.64,9486765,141769568.00
2022/06/17,10.57,10.71,10.44,10.70,7663496,114650648.00
2022/06/20,10.75,11.00,10.64,10.94,11336220,123156264.00
2022/06/21,10.88,10.94,10.66,10.76,11289825,122114088.00
2022/06/22,10.83,11.26,10.71,11.05,20556859,228093616.00
2022/06/23,11.05,11.17,10.83,10.98,11136811,122076072.00
2022/06/24,10.99,11.05,10.79,10.85,10379340,113116872.00
2022/06/27,10.86,11.08,10.86,10.92,10876370,119406736.00
2022/06/28,11.01,11.01,10.74,10.94,8020794,87315832.00
2022/06/29,10.90,11.20,10.88,10.98,13248792,146530176.00
2022/06/30,10.99,11.14,10.95,10.98,8943812,98709616.00
2022/07/01,11.00,11.46,10.88,11.34,18549878,207706448.00
2022/07/04,11.34,11.73,11.28,11.60,20176744,233145472.00
2022/07/05,11.56,11.64,11.21,11.35,13669377,155892000.00
2022/07/06,11.35,11.43,11.16,11.24,8870580,100183328.00
2022/07/07,11.20,11.30,11.04,11.07,8599080,95593952.00
2022/07/08,11.08,11.22,11.02,11.10,6569620,73116376.00
2022/07/11,11.03,11.33,11.02,11.22,8560789,96033152.00
2022/07/12,11.20,11.20,10.84,10.85,8969733,98199064.00
2022/07/13,10.66,10.84,10.58,10.74,7151258,76485816.00
2022/07/14,10.64,11.30,10.64,11.03,13967426,154532656.00
2022/07/15,10.97,10.97,10.71,10.74,8639167,93453816.00
2022/07/18,10.70,10.79,10.53,10.70,12153170,129224432.00
2022/07/19,10.66,10.75,10.55,10.69,7934400,84743576.00
2022/07/20,10.70,10.93,10.69,10.85,9622166,104410544.00
2022/07/21,10.87,10.93,10.66,10.66,8250100,88820656.00
2022/07/22,10.67,10.77,10.38,10.55,8427516,89294760.00
2022/07/25,10.62,10.73,10.52,10.55,6485915,68946296.00
2022/07/26,10.59,10.59,10.33,10.49,5608280,58645680.00
2022/07/27,10.49,10.66,10.43,10.64,6604528,69836064.00
2022/07/28,10.64,10.68,10.56,10.58,5173319,54980720.00
2022/07/29,10.58,10.61,10.37,10.39,6608037,69062896.00
2022/08/01,10.33,10.40,10.25,10.29,4833372,49830424.00
2022/08/02,10.21,10.21,9.64,9.75,9851926,97082184.00
2022/08/03,9.65,9.89,9.63,9.65,6601917,64588628.00
2022/08/04,9.64,9.82,9.58,9.82,5632840,54778344.00
2022/08/05,9.83,9.94,9.79,9.93,4560673,45051228.00
2022/08/08,9.97,10.23,9.95,10.22,7147399,72817152.00
2022/08/09,10.26,10.26,10.04,10.06,4630260,46853192.00
2022/08/10,10.13,10.13,10.02,10.03,3603580,36291304.00
2022/08/11,10.15,10.29,10.04,10.24,5511647,56371456.00
2022/08/12,10.25,10.52,10.22,10.38,6584284,68658992.00
2022/08/15,10.43,10.43,10.26,10.38,4562413,47293448.00
2022/08/16,10.33,10.39,10.25,10.30,4403491,45453792.00
2022/08/17,10.28,10.39,10.23,10.27,3923338,40396048.00
2022/08/18,10.30,10.30,10.09,10.22,4510429,45896824.00
2022/08/19,10.22,10.30,10.08,10.08,4867640,49517312.00
2022/08/22,9.99,10.13,9.85,10.13,5208008,52282496.00
2022/08/23,10.11,10.11,9.93,10.07,4091378,41044516.00
2022/08/24,10.10,10.12,9.85,9.88,5480783,54562316.00
2022/08/25,9.88,9.93,9.73,9.92,5127530,50560952.00
2022/08/26,9.96,10.06,9.87,9.90,3833820,38264412.00
2022/08/29,9.78,10.01,9.75,10.01,3838660,38090576.00
2022/08/30,9.79,9.92,9.78,9.83,4583497,45202620.00
2022/08/31,9.79,9.86,9.68,9.69,4089743,39909528.00
2022/09/01,9.68,9.76,9.60,9.61,3276761,31756608.00
2022/09/02,9.61,9.69,9.59,9.63,2938378,28342880.00
2022/09/05,9.62,9.79,9.62,9.69,3066767,29737152.00
2022/09/06,9.69,9.73,9.63,9.73,3111390,30200032.00
2022/09/07,9.72,9.75,9.64,9.74,3249041,31524156.00
2022/09/08,9.73,9.73,9.48,9.48,5357621,51508196.00
2022/09/09,9.53,9.76,9.49,9.71,5958963,57761204.00
2022/09/13,9.68,9.74,9.62,9.65,4220360,40949248.00
2022/09/14,9.60,9.60,9.48,9.54,3870905,36914820.00
2022/09/15,9.58,9.62,9.22,9.30,6149579,57912248.00
2022/09/16,9.34,9.34,8.93,8.97,5274485,47967640.00
2022/09/19,8.98,8.99,8.73,8.78,3238711,28510764.00
2022/09/20,8.83,8.93,8.83,8.93,2550483,22694166.00
2022/09/21,8.92,8.94,8.81,8.90,3513172,31222300.00
2022/09/22,8.87,9.00,8.77,8.78,3058037,27145856.00
2022/09/23,8.77,8.79,8.45,8.53,4354828,37585148.00
2022/09/26,8.52,8.52,8.33,8.36,3824410,32279842.00
2022/09/27,8.35,8.73,8.33,8.73,4818260,41362936.00
2022/09/28,8.73,8.95,8.59,8.61,4599850,40351560.00
2022/09/29,8.74,8.84,8.52,8.59,4135290,36049008.00
2022/09/30,8.58,8.83,8.52,8.68,4828840,42152256.00
2022/10/10,8.73,8.95,8.54,8.60,4749083,41639756.00
2022/10/11,8.63,8.63,8.30,8.48,4053180,34169532.00
2022/10/12,8.53,8.58,8.19,8.58,4991914,41946944.00
2022/10/13,8.52,8.88,8.44,8.77,5782653,50641088.00
2022/10/14,8.80,9.29,8.75,9.19,9666411,88484192.00
2022/10/17,9.19,9.45,9.18,9.21,6884613,63949056.00
2022/10/18,9.23,9.41,9.07,9.31,7666174,71106520.00
2022/10/19,9.24,9.32,9.06,9.11,4655503,42715000.00
2022/10/20,9.10,9.30,9.01,9.16,5270803,48512448.00
2022/10/21,9.12,9.27,9.01,9.10,3929403,35866448.00
2022/10/24,9.11,9.28,8.78,8.81,4860900,43786400.00
2022/10/25,8.81,8.92,8.55,8.69,4477020,38917192.00
2022/10/26,8.75,9.17,8.74,9.06,6815001,61735832.00
2022/10/27,9.06,9.13,8.90,9.06,4979100,44971308.00
2022/10/28,9.06,9.09,8.69,8.71,4591180,40781544.00
2022/10/31,8.71,8.96,8.66,8.88,5451540,48287368.00
2022/11/01,8.96,9.13,8.79,9.03,5831856,52224144.00
2022/11/02,9.06,9.23,9.00,9.10,6528712,59878068.00
2022/11/03,9.12,9.23,8.99,9.14,4894238,44532400.00
2022/11/04,9.13,9.23,9.07,9.20,8101416,74460256.00
2022/11/07,9.19,9.22,9.11,9.15,5320473,48811968.00
2022/11/08,9.12,9.20,9.02,9.16,4700460,42896712.00
2022/11/09,9.20,9.33,9.15,9.29,6501160,60361424.00
2022/11/10,9.28,9.48,9.21,9.32,7678430,72058664.00
2022/11/11,9.47,9.64,9.29,9.33,12204403,116006792.00
2022/11/14,9.34,9.63,9.17,9.58,10762293,102345928.00
2022/11/15,9.53,9.64,9.45,9.60,7666829,73320032.00
2022/11/16,9.62,9.63,9.45,9.49,5708340,54430948.00
2022/11/17,9.51,9.63,9.46,9.57,6913377,66302252.00
2022/11/18,9.60,9.86,9.60,9.72,11899878,116305792.00
2022/11/21,9.81,9.87,9.59,9.79,8621181,84350680.00
2022/11/22,9.82,9.96,9.44,9.48,10431580,101180040.00
2022/11/23,9.47,9.53,9.11,9.25,7712757,71459024.00
2022/11/24,9.33,9.40,9.21,9.36,5197786,48607084.00
2022/11/25,9.32,9.33,9.10,9.20,4906843,45281908.00
2022/11/28,9.15,9.33,9.06,9.11,5517060,50637952.00
2022/11/29,9.16,10.02,9.15,9.85,32642313,322578432.00
2022/11/30,9.83,9.92,9.48,9.58,22051520,213650128.00
2022/12/01,9.68,9.71,9.33,9.37,13494835,127664152.00
2022/12/02,9.41,9.62,9.36,9.48,11534120,110061368.00
2022/12/05,9.60,9.71,9.43,9.56,10715507,102703592.00
2022/12/06,9.52,9.63,9.33,9.38,9249808,87660728.00
2022/12/07,9.33,9.77,9.30,9.70,14834250,142661424.00
2022/12/08,9.70,10.67,9.59,10.67,46293626,480327872.00
2022/12/09,10.67,11.23,10.54,10.79,65946789,718470784.00
2022/12/12,10.62,11.07,10.62,10.81,35792524,388496384.00
2022/12/13,10.86,10.96,10.33,10.42,25345393,266494464.00
2022/12/14,10.41,10.48,10.08,10.19,17064320,174548960.00
2022/12/15,10.16,10.32,10.03,10.06,11962674,121257736.00
2022/12/16,10.06,10.26,10.00,10.11,14575186,148121248.00
2022/12/19,10.17,10.22,9.58,9.61,15521301,152245888.00
2022/12/20,9.61,9.61,9.29,9.38,8846965,83275048.00
2022/12/21,9.43,9.51,9.31,9.40,6705292,63155140.00
2022/12/22,9.48,9.48,9.17,9.28,8908862,83225680.00
2022/12/23,9.18,9.44,9.14,9.31,6812174,63678212.00
2022/12/26,9.31,9.41,8.88,9.03,15241885,138687760.00
2022/12/27,9.02,9.02,8.68,8.92,10683500,94544544.00
2022/12/28,8.81,8.92,8.79,8.83,5235740,46427348.00
2022/12/29,8.79,8.89,8.71,8.79,6152229,54369492.00
2022/12/30,8.86,8.87,8.68,8.73,6486390,56856840.00
2023/01/03,8.71,9.28,8.71,9.15,13019800,118211008.00
2023/01/04,9.23,10.07,9.23,10.07,31464805,313267744.00
2023/01/05,10.13,10.98,9.98,10.53,51640434,544329792.00
2023/01/06,10.53,10.57,10.10,10.36,28605420,296481408.00
2023/01/09,10.51,10.57,10.27,10.40,13430235,140583152.00
2023/01/10,10.49,10.50,10.11,10.18,12753877,131249384.00
2023/01/11,10.36,10.56,9.98,10.44,13759832,142001472.00
2023/01/12,10.35,10.38,10.14,10.14,6261892,64293784.00
2023/01/13,10.27,10.40,9.98,10.18,8272869,84437088.00
2023/01/16,10.11,10.35,10.05,10.09,8686429,88318088.00
2023/01/17,10.10,10.12,9.81,9.90,7501220,74420848.00
2023/01/18,9.83,9.93,9.75,9.78,4925280,48442044.00
2023/01/19,9.78,9.80,9.67,9.69,5723891,55791636.00
2023/01/20,9.71,9.83,9.68,9.74,5923420,57793868.00
2023/01/30,9.80,9.98,9.65,9.67,10061887,98752760.00
2023/01/31,9.58,9.83,9.50,9.81,11802820,113959584.00
2023/02/01,9.81,10.10,9.72,9.98,14086336,140336704.00
2023/02/02,9.96,10.08,9.90,10.01,8673599,86815392.00
2023/02/03,10.05,10.05,9.76,9.86,7758623,76808720.00
2023/02/06,9.90,10.85,9.90,10.85,25662627,275222816.00
2023/02/07,10.83,10.85,10.50,10.61,31134818,330288192.00
2023/02/08,10.53,10.82,10.51,10.61,17875123,190638528.00
2023/02/09,10.63,10.67,10.48,10.61,11110393,118016440.00
2023/02/10,10.62,10.65,10.42,10.63,10731738,113554104.00
2023/02/13,10.61,10.77,10.56,10.63,9604403,102546720.00
2023/02/14,10.67,10.93,10.64,10.81,15966505,172823280.00
2023/02/15,10.77,11.25,10.77,11.01,19636315,216539824.00
2023/02/16,11.10,11.36,10.89,11.02,23166094,258093024.00
2023/02/17,10.98,11.24,10.79,10.85,15342294,169060080.00
2023/02/20,10.85,11.30,10.74,11.19,17029165,189178432.00
2023/02/21,11.20,11.27,11.03,11.14,11271090,125770928.00
2023/02/22,11.08,11.35,11.03,11.34,11043912,124554464.00
2023/02/23,11.34,11.78,11.26,11.58,16223793,188824912.00
2023/02/24,11.59,11.85,11.47,11.58,9383760,109093072.00
2023/02/27,11.53,11.58,11.18,11.33,9990138,113747600.00
2023/02/28,11.42,11.50,11.11,11.21,7597100,85565120.00
2023/03/01,11.21,11.73,11.10,11.61,17938041,206823904.00
2023/03/02,11.84,12.30,11.60,11.69,22744091,271601568.00
2023/03/03,11.81,12.13,11.53,11.65,15864006,187249568.00
2023/03/06,11.73,12.38,11.68,12.30,23358862,281609152.00
2023/03/07,12.44,12.63,11.97,12.10,18534021,227059904.00
2023/03/08,12.03,12.03,11.55,11.76,13685178,160673568.00
2023/03/09,11.72,12.15,11.60,11.84,10612720,125778112.00
2023/03/10,11.76,12.00,11.64,11.85,13592969,161365760.00
2023/03/13,11.78,12.14,11.75,11.94,12368758,148376736.00
2023/03/14,11.99,12.78,11.99,12.65,36345451,456085824.00
2023/03/15,12.69,12.93,12.45,12.53,16303541,207143456.00
2023/03/16,12.52,13.14,12.47,13.03,25176978,327070016.00
2023/03/17,13.00,13.25,12.58,12.87,16584943,214795072.00
2023/03/20,12.60,12.84,12.29,12.55,13012018,162256736.00
2023/03/21,12.56,12.61,12.11,12.49,8703151,107800768.00
2023/03/22,12.43,12.68,12.31,12.56,7844631,98101016.00
2023/03/23,12.47,12.57,12.15,12.27,11365065,140429744.00
2023/03/24,12.34,12.36,11.66,11.69,14485771,172862976.00
2023/03/27,11.81,11.87,11.27,11.42,13455360,154620704.00
2023/03/28,11.46,12.04,11.43,11.68,14971078,176880256.00
2023/03/29,11.68,12.39,11.46,12.17,15196991,183408128.00
2023/03/30,12.31,12.34,11.82,11.98,9090451,109100672.00
2023/03/31,12.48,13.18,12.34,13.18,36047113,467949856.00
2023/04/03,13.12,13.86,12.98,13.23,23733107,316604736.00
2023/04/04,13.25,14.35,13.23,13.29,32583384,447966944.00
2023/04/06,13.30,13.72,13.16,13.42,15234413,205293760.00
2023/04/07,13.42,13.88,13.42,13.65,10964000,150272704.00
2023/04/10,13.53,13.62,13.11,13.21,11235981,149294432.00
2023/04/11,13.22,13.39,13.14,13.38,7227409,96191568.00
2023/04/12,13.28,13.62,13.26,13.50,6883186,92866704.00
2023/04/13,13.52,13.69,13.24,13.63,9150711,124003592.00
2023/04/14,13.59,13.65,13.05,13.14,9254557,122441704.00
2023/04/17,13.15,13.70,12.96,13.35,10798904,144619760.00
2023/04/18,13.28,13.30,12.84,13.13,10588724,138125200.00
2023/04/19,13.02,13.11,12.58,12.63,11461203,146415536.00
2023/04/20,12.61,12.61,12.16,12.32,10332137,127401680.00
2023/04/21,12.30,12.33,11.98,12.12,7852292,95448144.00
2023/04/24,12.12,12.47,11.48,11.62,15382185,183487696.00
2023/04/25,11.57,11.61,10.86,11.16,14662812,163918992.00
2023/04/26,11.20,11.54,10.98,11.25,8972762,101563176.00
2023/04/27,11.28,11.65,11.16,11.46,8467757,97260920.00
2023/04/28,11.52,12.27,11.52,12.02,10750643,128326456.00
2023/05/04,12.06,12.29,11.80,12.16,7633340,92194424.00
2023/05/05,12.16,12.18,11.53,11.71,7080980,83444376.00
2023/05/08,11.71,12.03,11.46,11.52,6221768,72885520.00
2023/05/09,11.59,11.68,11.28,11.37,7918120,91061704.00
2023/05/10,11.46,11.50,11.23,11.39,5540300,63129772.00
2023/05/11,11.44,11.68,11.35,11.48,6730651,77715304.00
2023/05/12,11.43,11.52,11.23,11.27,4331761,49179728.00
2023/05/15,11.28,11.67,11.17,11.56,8246687,94720504.00
2023/05/16,11.46,11.55,11.33,11.37,5170611,59073068.00
2023/05/17,11.29,11.40,11.18,11.29,3505271,39640120.00
2023/05/18,11.34,11.34,11.17,11.24,2455980,27637138.00
2023/05/19,11.24,11.40,11.18,11.31,3812355,43214244.00
2023/05/22,11.30,11.83,11.30,11.81,10685553,124911800.00
2023/05/23,11.77,12.19,11.73,11.88,13901863,167310672.00
2023/05/24,11.79,12.47,11.65,12.33,11123455,135316928.00
2023/05/25,12.42,12.47,12.00,12.41,8755320,107827872.00
2023/05/26,12.50,12.78,12.28,12.64,7531148,95232896.00
2023/05/29,12.64,13.00,12.52,12.56,6712803,85450856.00
2023/05/30,12.54,12.66,12.32,12.43,6915760,86181360.00
2023/05/31,12.50,12.63,12.38,12.48,3849618,48166432.00
2023/06/01,12.57,12.57,12.12,12.23,4606228,56508364.00
2023/06/02,12.27,12.27,11.74,11.83,9181800,109298040.00
2023/06/05,11.78,11.98,11.53,11.87,10880011,127808280.00
2023/06/06,11.87,11.96,11.44,11.47,6522733,76231192.00
2023/06/07,11.37,11.62,11.25,11.45,4958780,56679040.00
2023/06/08,11.34,11.45,11.27,11.33,3925460,44480080.00
2023/06/09,11.45,11.45,11.09,11.16,5164193,57760104.00
2023/06/12,11.10,11.26,10.89,11.15,6110461,67515336.00
2023/06/13,11.23,11.23,10.77,11.07,6086500,66711000.00
2023/06/14,11.13,11.24,11.00,11.15,3600713,40140880.00
2023/06/15,11.22,11.23,11.00,11.07,3559994,39440980.00
2023/06/16,11.07,11.18,10.96,11.10,3100448,34338000.00
2023/06/19,11.07,11.10,10.85,10.88,5102962,55903780.00
2023/06/20,10.80,10.93,10.49,10.56,11452339,121873576.00
2023/06/21,10.55,10.58,10.31,10.32,6359900,66344412.00
2023/06/26,10.38,10.56,10.05,10.12,9853184,100855000.00
2023/06/27,10.14,10.49,10.14,10.40,6229536,64559196.00
2023/06/28,10.45,10.45,10.20,10.33,4138880,42606504.00
2023/06/29,10.32,10.50,10.28,10.47,3447680,35948388.00
2023/06/30,10.45,10.53,10.40,10.43,3462320,36233544.00
2023/07/03,10.47,10.48,10.31,10.37,4163060,43243304.00
2023/07/04,10.39,10.43,10.20,10.32,4867691,50078536.00
2023/07/05,10.30,10.34,10.19,10.20,3455960,35402064.00
2023/07/06,10.24,10.24,9.99,10.07,5952080,59974448.00
2023/07/07,10.03,10.07,9.90,9.94,5074096,50548016.00
2023/07/10,9.90,9.93,9.49,9.61,15244450,146990928.00
2023/07/11,9.60,9.73,9.55,9.62,6892740,66352084.00
2023/07/12,9.69,10.07,9.66,9.87,17860229,176360240.00
2023/07/13,9.86,10.26,9.79,9.92,13648592,137250032.00
2023/07/14,9.92,10.12,9.92,10.10,8073151,81291296.00
2023/07/17,10.10,10.15,9.92,10.08,9152077,91616616.00
2023/07/18,10.08,10.32,9.83,9.86,12153945,120642864.00
2023/07/19,9.82,9.98,9.79,9.89,5609909,55628640.00
2023/07/20,9.95,10.04,9.84,9.88,8218720,81632040.00
2023/07/21,9.88,10.49,9.84,10.02,14411932,145704576.00
2023/07/24,10.01,10.33,9.99,10.28,13833315,141339184.00
2023/07/25,10.30,10.53,10.15,10.48,15127498,157755536.00
2023/07/26,10.47,10.47,10.26,10.30,8764943,90747760.00
2023/07/27,10.33,10.44,10.16,10.20,7323374,75241984.00
2023/07/28,10.14,10.38,10.05,10.33,7003379,71630680.00
2023/07/31,10.20,10.32,10.02,10.20,9713479,99008576.00
2023/08/01,10.16,10.26,10.13,10.16,5983659,60903748.00
2023/08/02,10.14,10.16,9.99,10.04,5982200,60158336.00
2023/08/03,10.08,10.18,10.01,10.02,7018388,70689528.00
2023/08/04,10.03,10.06,9.96,9.97,5154260,51522016.00
2023/08/07,9.98,9.99,9.70,9.88,11181968,109882208.00
2023/08/08,9.86,9.99,9.75,9.88,6420774,63280720.00
2023/08/09,9.85,9.94,9.69,9.79,7170326,70136688.00
2023/08/10,9.72,9.86,9.60,9.64,7429165,71799664.00
2023/08/11,9.61,9.80,9.57,9.58,7518092,72922088.00
2023/08/14,9.60,9.70,9.40,9.60,7510696,71544544.00
2023/08/15,9.61,9.61,9.44,9.52,4763701,45302288.00
2023/08/16,9.47,9.66,9.41,9.43,6842997,65068164.00
2023/08/17,9.43,9.43,9.22,9.34,7794700,72576904.00
2023/08/18,9.31,9.41,9.12,9.13,6437900,59537472.00
2023/08/21,9.13,9.58,9.03,9.35,16576040,154521424.00
2023/08/22,9.30,9.40,9.11,9.39,8969965,82816152.00
2023/08/23,9.34,9.42,9.00,9.06,7881796,72756272.00
2023/08/24,9.08,9.25,8.90,9.15,7639931,69408880.00
2023/08/25,9.11,9.39,9.01,9.22,12262939,112859824.00
2023/08/28,9.61,9.70,9.15,9.17,8151792,76344568.00
2023/08/29,9.17,9.41,9.10,9.38,7262827,67456752.00
2023/08/30,9.36,9.50,9.33,9.41,4299720,40504512.00
2023/08/31,9.44,9.53,9.32,9.51,5297280,50015724.00
2023/09/01,9.51,9.69,9.48,9.51,5675673,54284712.00
2023/09/04,9.55,9.60,9.46,9.53,3790640,36120352.00
2023/09/05,9.53,9.62,9.42,9.57,3457560,33041972.00
2023/09/06,9.55,9.57,9.46,9.51,4613240,43848704.00
2023/09/07,9.51,9.51,9.27,9.28,5364000,50269832.00
2023/09/08,9.28,9.36,9.26,9.34,2369500,22052030.00
2023/09/11,9.34,9.65,9.27,9.64,7220252,69054272.00
2023/09/12,9.64,9.70,9.55,9.63,3891940,37484664.00
2023/09/13,9.63,9.63,9.45,9.53,4123980,39261360.00
2023/09/14,9.54,9.55,9.40,9.45,3382790,31976380.00
2023/09/15,9.49,9.67,9.41,9.57,8854300,84735816.00
2023/09/18,9.59,9.88,9.51,9.73,10191720,98920528.00
2023/09/19,9.70,9.78,9.62,9.65,4530680,43897796.00
2023/09/20,9.66,9.69,9.55,9.59,4810000,46269088.00
2023/09/21,9.59,9.64,9.50,9.52,3575260,34176232.00
2023/09/22,9.50,9.70,9.42,9.65,6763340,64842080.00
2023/09/25,9.65,9.70,9.59,9.66,4657760,44881156.00
2023/09/26,9.65,9.70,9.61,9.62,3154880,30419664.00
2023/09/27,9.66,9.80,9.60,9.77,7626012,74222528.00
2023/09/28,9.80,9.98,9.75,9.97,7522742,74521176.00
2023/10/09,9.97,10.14,9.84,10.03,7757500,77683304.00
2023/10/10,10.06,10.33,9.98,10.23,13519909,138128112.00
2023/10/11,10.26,10.48,10.16,10.29,16068873,166087120.00
2023/10/12,10.28,10.41,10.18,10.21,10365354,106592968.00
2023/10/13,10.18,10.50,10.17,10.42,11691586,121239656.00
2023/10/16,10.66,10.96,10.00,10.11,30583360,319834400.00
2023/10/17,10.17,10.19,9.86,9.90,17763082,176849776.00
2023/10/18,9.96,9.96,9.60,9.61,13330653,129518912.00
2023/10/19,9.63,9.67,9.33,9.36,9571187,90759600.00
2023/10/20,9.36,9.60,9.30,9.31,7899818,74193848.00
2023/10/23,9.26,9.34,9.09,9.13,6286820,57902216.00
2023/10/24,9.19,9.31,9.09,9.29,4707611,43383012.00
2023/10/25,9.23,9.46,9.23,9.33,6457024,60285504.00
2023/10/26,9.25,9.34,9.18,9.32,4386686,40651384.00
2023/10/27,9.32,9.72,9.21,9.67,9225191,87926344.00
2023/10/30,9.66,9.86,9.61,9.66,8148987,79507232.00
2023/10/31,9.60,10.10,9.58,9.87,10781683,106530416.00
2023/11/01,9.90,9.91,9.52,9.60,11468880,110604968.00
2023/11/02,9.60,9.61,9.44,9.45,5729060,54440216.00
2023/11/03,9.47,9.55,9.37,9.41,5404738,51108000.00
2023/11/06,9.45,9.63,9.41,9.62,7952770,76059424.00
2023/11/07,9.62,9.62,9.42,9.44,6995600,66347080.00
2023/11/08,9.42,9.58,9.39,9.52,7215076,68683464.00
2023/11/09,9.48,9.74,9.35,9.41,9173501,87329208.00
2023/11/10,9.40,9.40,9.17,9.25,13732715,127198808.00
2023/11/13,9.26,9.27,9.05,9.15,10735158,97813536.00
2023/11/14,9.13,9.20,9.08,9.19,6186497,56596828.00
2023/11/15,9.21,9.37,9.21,9.26,7020358,65106280.00
2023/11/16,9.24,9.24,9.08,9.09,8253363,75374864.00
2023/11/17,9.12,9.27,9.04,9.26,7566880,69359016.00
2023/11/20,9.25,9.67,9.21,9.55,17941980,170398400.00
2023/11/21,9.54,9.55,9.42,9.44,8698220,82482968.00
2023/11/22,9.48,9.51,9.38,9.39,6033660,56976744.00
2023/11/23,9.39,9.55,9.37,9.55,8998259,85459712.00
2023/11/24,9.56,9.62,9.44,9.50,6229160,59355788.00
2023/11/27,9.50,9.55,9.25,9.28,8059712,75348464.00
2023/11/28,9.25,9.42,9.05,9.37,7598660,70197784.00
2023/11/29,9.37,9.40,9.12,9.15,5657587,52257800.00
2023/11/30,9.13,9.15,9.00,9.05,8540975,77315584.00
2023/12/01,9.06,9.13,9.02,9.10,5207180,47284484.00
2023/12/04,9.12,9.12,8.98,9.02,7337340,66304568.00
2023/12/05,9.02,9.05,8.91,8.93,5961041,53405720.00
2023/12/06,8.95,9.00,8.81,8.91,5800937,51608776.00
2023/12/07,8.87,8.90,8.74,8.77,5532255,48662012.00
2023/12/08,8.77,8.80,8.63,8.64,5521604,48055256.00
2023/12/11,8.65,8.66,8.53,8.65,6075855,52297120.00
2023/12/12,8.65,8.70,8.55,8.61,4522307,38950552.00
2023/12/13,8.59,8.67,8.55,8.57,7959268,68554816.00
2023/12/14,8.57,8.63,8.40,8.41,7581820,64343120.00
2023/12/15,8.43,8.45,8.28,8.30,6674480,55694576.00
2023/12/18,8.33,8.33,8.13,8.21,4621260,38097664.00
2023/12/19,8.23,8.23,8.13,8.18,3907600,31964184.00
2023/12/20,8.19,8.23,8.03,8.04,4698240,38189656.00
2023/12/21,8.05,8.13,7.95,8.11,4497501,36142852.00
2023/12/22,8.06,8.13,7.87,7.90,6202018,49444300.00
2023/12/25,7.88,7.95,7.86,7.90,3330689,26313072.00
2023/12/26,7.90,7.90,7.72,7.73,4519589,35207540.00
2023/12/27,7.73,7.90,7.72,7.89,4301715,33651060.00
2023/12/28,7.86,8.00,7.74,7.91,7632189,60302176.00
2023/12/29,7.91,8.02,7.90,8.01,5947923,47488212.00
2024/01/02,8.01,8.09,7.94,8.02,5765314,46155660.00
2024/01/03,7.99,8.12,7.94,8.03,5615020,45097556.00
2024/01/04,8.01,8.03,7.94,8.01,2897860,23129894.00
2024/01/05,7.97,8.03,7.85,7.87,3951002,31366950.00
2024/01/08,7.88,7.91,7.72,7.74,3995020,31134866.00
2024/01/09,7.73,7.82,7.66,7.73,3493720,27049440.00
2024/01/10,7.70,7.79,7.61,7.69,4095251,31543480.00
2024/01/11,7.67,7.81,7.66,7.80,3107420,24068492.00
2024/01/12,7.77,7.83,7.69,7.70,3424040,26586898.00
2024/01/15,7.67,7.77,7.62,7.67,2925802,22509206.00
2024/01/16,7.67,7.71,7.53,7.60,4420360,33669156.00
2024/01/17,7.58,7.63,7.42,7.43,3482058,26226908.00
2024/01/18,7.43,7.43,7.12,7.27,10227980,73860072.00
2024/01/19,7.27,7.33,7.14,7.17,4882615,35298616.00
2024/01/22,7.17,7.22,6.74,6.79,6658808,46449096.00
2024/01/23,6.71,6.79,6.61,6.75,5377560,36054292.00
2024/01/24,6.76,6.87,6.55,6.83,5217660,35220808.00
2024/01/25,6.84,7.08,6.80,7.04,7889355,54915768.00
2024/01/26,7.04,7.22,6.99,7.04,8152001,57835544.00
2024/01/29,6.94,7.01,6.60,6.63,11235067,75748456.00
2024/01/30,6.66,6.79,6.50,6.53,7969694,52794780.00
2024/01/31,6.46,6.59,6.13,6.16,8513409,53625652.00
2024/02/01,6.13,6.31,6.08,6.14,8415974,52115920.00
2024/02/02,6.15,6.23,5.55,5.80,9088344,53643464.00
2024/02/05,5.65,5.72,5.22,5.22,11802212,62799548.00
2024/02/06,5.00,5.39,4.70,5.23,17467695,87018960.00
2024/02/07,5.24,5.27,4.90,5.04,15903650,80547672.00
2024/02/08,5.00,5.54,4.91,5.51,14398631,75433520.00
2024/02/19,5.55,5.81,5.53,5.68,10970520,62319964.00
2024/02/20,5.69,6.12,5.58,5.85,9088151,53003928.00
2024/02/21,5.78,6.05,5.73,5.90,9026226,53582028.00
2024/02/22,5.90,6.01,5.85,6.00,5802462,34535216.00
2024/02/23,6.03,6.14,5.94,6.14,5640061,34155872.00
2024/02/26,6.15,6.47,6.15,6.30,8503170,53507584.00
2024/02/27,6.33,6.45,6.25,6.45,5437740,34640708.00
2024/02/28,6.47,6.66,6.03,6.03,14109860,90163728.00
2024/02/29,6.00,6.21,5.85,6.21,7693939,46986560.00
2024/03/01,6.31,6.41,6.19,6.32,6515671,40944108.00
2024/03/04,6.32,6.42,6.24,6.34,5957729,37582300.00
2024/03/05,6.30,6.32,6.14,6.15,6309072,39148604.00
2024/03/06,6.12,6.21,6.06,6.13,4864740,29858880.00
2024/03/07,6.13,6.18,6.04,6.05,5718920,34950712.00
2024/03/08,6.07,6.13,6.02,6.11,4172400,25360708.00
2024/03/11,6.12,6.30,6.11,6.30,6291775,39153972.00
2024/03/12,6.30,6.45,6.30,6.44,6953115,44496768.00
2024/03/13,6.44,6.46,6.30,6.42,6759297,43200296.00
2024/03/14,6.43,6.59,6.37,6.47,7262367,47064948.00
2024/03/15,6.47,6.52,6.42,6.51,5339637,34602936.00
2024/03/18,6.50,6.60,6.48,6.60,5281673,34647464.00
2024/03/19,6.66,6.70,6.60,6.61,5601111,37190288.00
2024/03/20,6.62,6.75,6.59,6.75,5627829,37594108.00
2024/03/21,6.76,6.88,6.69,6.83,6535820,44391736.00
2024/03/22,6.83,6.84,6.56,6.67,7804700,52026496.00
2024/03/25,6.67,6.71,6.46,6.46,5906420,38742472.00
2024/03/26,6.46,6.51,6.35,6.50,4488100,28914484.00
2024/03/27,6.50,6.58,6.35,6.35,5755520,37320688.00
2024/03/28,6.32,6.44,6.28,6.35,7434613,47225420.00
2024/03/29,6.33,6.39,6.23,6.28,6235998,39193624.00
2024/04/01,6.30,6.61,6.30,6.60,7503320,48566488.00
2024/04/02,6.57,6.60,6.50,6.55,4478880,29284776.00
2024/04/03,6.57,6.68,6.45,6.63,5834760,38381660.00
2024/04/08,6.63,6.63,6.28,6.28,6569769,42062528.00
2024/04/09,6.26,6.50,6.26,6.48,4803978,30739616.00
2024/04/10,6.48,6.51,6.29,6.34,4415449,28100788.00
2024/04/11,6.30,6.42,6.24,6.32,3226296,20503124.00
2024/04/12,6.34,6.37,6.18,6.20,3519658,21956496.00
2024/04/15,6.10,6.22,5.81,5.88,6496780,38746832.00
2024/04/16,5.79,5.84,5.34,5.35,9660040,52774528.00
2024/04/17,5.40,5.69,5.40,5.66,6569713,36818540.00
2024/04/18,5.66,5.70,5.55,5.59,4889280,27484254.00
2024/04/19,5.56,5.56,5.43,5.48,5419400,29701720.00
2024/04/22,5.54,5.65,5.35,5.56,6704857,37167256.00
2024/04/23,5.63,5.73,5.56,5.68,6844700,38770224.00
2024/04/24,5.68,5.74,5.63,5.71,6699540,38058840.00
2024/04/25,5.76,5.82,5.70,5.75,6279240,36214528.00
2024/04/26,5.81,6.11,5.79,5.94,10905720,64857104.00
2024/04/29,5.88,6.15,5.88,6.11,8501129,51653480.00
2024/04/30,6.10,6.21,6.06,6.18,6484160,39855972.00
2024/05/06,6.27,6.38,6.18,6.37,6846740,43124428.00
2024/05/07,6.36,7.01,6.32,7.01,11860505,77950320.00
2024/05/08,7.71,7.71,7.71,7.71,7068240,54496128.00
2024/05/09,8.48,8.48,8.48,8.48,4948520,41963448.00
2024/05/10,9.33,9.33,9.33,9.33,17301040,161418704.00
2024/05/13,8.90,9.10,8.40,8.40,56947124,487921120.00
2024/05/14,7.58,7.92,7.56,7.56,19876700,150950896.00
2024/05/15,7.02,7.17,6.81,6.84,57432222,398330112.00
2024/05/16,6.84,7.06,6.73,6.95,38626609,266124144.00
2024/05/17,6.87,6.88,6.70,6.77,26783351,181149856.00
2024/05/20,6.72,6.85,6.69,6.81,18859178,127617328.00
2024/05/21,6.78,6.78,6.58,6.63,17463948,116076184.00
2024/05/22,6.66,6.75,6.62,6.65,14478836,96625496.00
2024/05/23,6.55,6.59,6.34,6.41,17572744,113581768.00
2024/05/24,6.42,6.47,6.33,6.39,10365140,66473288.00
2024/05/27,6.35,6.41,6.21,6.35,10372820,65263564.00
2024/05/28,6.32,6.34,6.21,6.24,7664740,48053508.00
2024/05/29,6.23,6.32,6.22,6.26,7791740,48881704.00
2024/05/30,6.25,6.26,6.13,6.15,10388460,64356192.00
2024/05/31,6.15,6.26,6.15,6.23,7132580,44403784.00
2024/06/03,6.26,6.26,6.02,6.06,9951376,60867400.00
2024/06/04,6.03,6.09,5.94,6.03,7055769,42278600.00
2024/06/05,6.01,6.06,5.88,5.90,6989100,41745640.00
2024/06/06,5.88,5.93,5.58,5.64,13461558,76721832.00
2024/06/07,5.70,5.85,5.69,5.81,9068507,52298656.00
2024/06/11,5.80,5.83,5.68,5.80,5529380,31816544.00
2024/06/12,5.81,5.97,5.77,5.95,7756560,45856420.00
2024/06/13,5.92,5.93,5.80,5.84,6772536,39600544.00
2024/06/14,5.82,5.84,5.75,5.79,4891380,28296384.00
2024/06/17,5.80,5.87,5.74,5.76,5620780,32564880.00
2024/06/18,5.75,5.80,5.73,5.79,3829480,22121644.00
2024/06/19,5.86,5.88,5.76,5.81,5201620,30259534.00
2024/06/20,5.77,5.87,5.68,5.70,6794600,39221444.00
2024/06/21,5.66,5.79,5.58,5.64,6208200,35305348.00
2024/06/24,5.60,5.60,5.39,5.46,8267760,45317392.00
2024/06/25,5.46,5.52,5.43,5.49,5583923,30601364.00
2024/06/26,5.50,5.74,5.44,5.73,6637240,37057148.00
2024/06/27,5.70,5.72,5.55,5.57,4763100,26890100.00
2024/06/28,5.55,5.65,5.48,5.50,5554640,30984254.00
2024/07/01,5.50,5.72,5.48,5.68,7780142,43820188.00
2024/07/02,5.68,5.77,5.64,5.72,4941038,28296024.00
2024/07/03,5.74,5.82,5.69,5.69,5157520,29617176.00
2024/07/04,5.68,5.73,5.53,5.54,5618480,31489960.00
2024/07/05,5.53,5.69,5.47,5.67,5129400,28693234.00
2024/07/08,5.68,5.68,5.47,5.50,4933160,27343260.00
2024/07/09,5.50,5.55,5.36,5.55,4844002,26480044.00
2024/07/10,5.52,5.58,5.43,5.45,4048520,22258070.00
2024/07/11,5.55,5.71,5.54,5.67,6683180,37566296.00
2024/07/12,5.70,5.77,5.66,5.72,5103360,29210010.00
2024/07/15,5.69,5.72,5.59,5.60,4409704,24796368.00
2024/07/16,5.57,5.62,5.53,5.58,2469460,13764722.00
2024/07/17,5.59,5.61,5.53,5.54,3236520,18004246.00
2024/07/18,5.50,5.66,5.45,5.62,6059878,33746696.00
2024/07/19,5.60,5.68,5.57,5.62,4143180,23274192.00
2024/07/22,5.63,5.64,5.55,5.60,3336260,18670322.00
2024/07/23,5.59,5.65,5.51,5.52,4027800,22485848.00
2024/07/24,5.50,5.55,5.44,5.45,4209140,23073896.00
2024/07/25,5.45,5.57,5.40,5.48,4958400,27147896.00
2024/07/26,5.50,5.55,5.46,5.52,2857040,15743708.00
2024/07/29,5.53,5.58,5.47,5.52,3752780,20751656.00
2024/07/30,5.52,5.59,5.50,5.57,3842980,21383854.00
2024/07/31,5.66,5.81,5.61,5.78,9598500,54999760.00
2024/08/01,5.79,5.90,5.77,5.83,7954860,46354088.00
2024/08/02,5.75,6.01,5.74,5.85,10146880,60002496.00
2024/08/05,5.80,5.93,5.73,5.73,8454678,49368960.00
2024/08/06,5.79,5.96,5.76,5.94,8740020,51200312.00
2024/08/07,5.93,5.94,5.83,5.90,5309080,31298980.00
2024/08/08,5.88,5.98,5.84,5.92,7161060,42505584.00
2024/08/09,5.92,5.99,5.81,5.81,5907980,34723024.00
2024/08/12,5.82,5.98,5.79,5.91,7007520,41362892.00
2024/08/13,5.86,5.90,5.73,5.80,5646420,32692820.00
2024/08/14,5.78,5.79,5.68,5.71,4800940,27473960.00
2024/08/15,5.68,5.77,5.66,5.71,4174020,23857266.00
2024/08/16,5.74,5.78,5.66,5.75,4873240,27921944.00
2024/08/19,5.71,5.76,5.63,5.65,4909020,27943456.00
2024/08/20,5.64,5.66,5.51,5.53,3651460,20334236.00
2024/08/21,5.50,5.56,5.47,5.49,2844100,15656793.00
2024/08/22,5.50,5.53,5.34,5.35,4269380,23102114.00
2024/08/23,5.35,5.38,5.20,5.22,4710140,24742714.00
2024/08/26,5.22,5.30,5.15,5.28,3355020,17634712.00
2024/08/27,5.29,5.40,5.27,5.30,4573900,24406496.00
2024/08/28,5.27,5.43,5.23,5.37,4167900,22315286.00
2024/08/29,5.37,5.68,5.32,5.57,9319240,51484900.00
2024/08/30,5.52,5.65,5.46,5.58,8643820,48192440.00
2024/09/02,5.72,5.98,5.65,5.77,19365946,113204528.00
2024/09/03,5.67,5.71,5.52,5.55,12187580,68121392.00
2024/09/04,5.52,5.76,5.51,5.60,9144920,51386252.00
2024/09/05,5.62,5.75,5.62,5.72,9595820,54640952.00
2024/09/06,6.29,6.29,5.90,5.90,42367528,261612368.00
2024/09/09,6.40,6.49,6.03,6.49,61758648,392570464.00
2024/09/10,6.33,6.67,5.84,5.95,72692561,444544992.00
2024/09/11,5.81,5.88,5.48,5.52,40876100,229749984.00
2024/09/12,5.45,6.07,5.43,5.88,55905558,332629536.00
2024/09/13,5.64,5.79,5.58,5.65,40735460,231110496.00
2024/09/18,5.65,5.65,5.27,5.33,26404118,141941792.00
2024/09/19,5.31,5.46,5.25,5.42,16478018,88802584.00
2024/09/20,5.42,5.43,5.28,5.32,13251160,70572216.00
2024/09/23,5.33,5.35,5.27,5.31,9573680,50744992.00
2024/09/24,5.32,5.49,5.30,5.48,16148603,87039376.00
2024/09/25,5.53,5.74,5.51,5.57,21981280,123659688.00
2024/09/26,5.58,5.84,5.54,5.82,22924260,130870680.00
2024/09/27,5.92,6.11,5.85,6.08,17166560,102568784.00
2024/09/30,6.30,6.67,6.17,6.63,33808161,218011776.00
2024/10/08,7.29,7.29,6.55,7.01,40007592,277700800.00
2024/10/09,6.92,6.92,6.32,6.33,28147920,185839984.00
2024/10/10,6.41,6.66,6.33,6.44,19716620,128186816.00
2024/10/11,6.42,6.44,6.18,6.27,15793780,99230144.00
2024/10/14,6.29,6.34,6.12,6.32,12440260,77702976.00
2024/10/15,6.29,6.39,6.20,6.22,9738040,61368440.00
2024/10/16,6.13,6.25,6.10,6.18,9799120,60596016.00
2024/10/17,6.19,6.37,6.17,6.18,13080820,81952640.00
2024/10/18,6.18,6.56,6.18,6.45,19706800,125703352.00
2024/10/21,6.46,6.58,6.38,6.48,15016260,96907680.00
2024/10/22,6.48,6.68,6.45,6.67,17747169,117596440.00
2024/10/23,6.65,6.74,6.59,6.62,11369300,75761568.00
2024/10/24,6.60,6.75,6.58,6.67,11735660,78600288.00
2024/10/25,6.60,6.76,6.58,6.75,10840480,72809432.00
2024/10/28,6.75,6.92,6.70,6.91,11554560,79382960.00
2024/10/29,6.90,6.97,6.65,6.67,12125780,81978440.00
2024/10/30,6.62,6.71,6.44,6.51,12242260,80289496.00
2024/10/31,6.50,6.86,6.45,6.75,20944140,138906288.00
2024/11/01,6.67,6.74,6.36,6.49,16729840,109308424.00
2024/11/04,6.47,6.64,6.43,6.55,9395000,61359524.00
2024/11/05,6.54,6.82,6.51,6.71,11381660,76052352.00
2024/11/06,6.68,6.76,6.65,6.71,11516940,77272080.00
2024/11/07,6.72,6.97,6.64,6.95,17397468,119478048.00
2024/11/08,7.65,7.65,7.65,7.65,4532724,34675340.00
2024/11/11,8.42,8.42,7.70,7.85,74130582,589889728.00
2024/11/12,7.60,7.84,7.46,7.59,41533892,317066560.00
2024/11/13,7.51,7.66,7.26,7.37,23629140,175070256.00
2024/11/14,7.32,7.98,7.32,7.42,30055879,227795216.00
2024/11/15,7.32,7.55,7.23,7.41,22226702,164510320.00
2024/11/18,7.35,7.67,7.28,7.48,18689554,139150880.00
2024/11/19,7.43,7.80,7.40,7.80,30740821,235585072.00
2024/11/20,7.74,8.09,7.70,7.99,26780720,212790256.00
2024/11/21,7.96,7.98,7.62,7.71,22074357,171791968.00
2024/11/22,7.65,7.74,7.28,7.32,19273740,144713136.00
2024/11/25,7.31,7.75,7.28,7.58,17927590,134990848.00
2024/11/26,7.56,7.63,7.42,7.42,8449880,63417888.00
2024/11/27,7.40,7.49,7.19,7.48,11690220,85864152.00
2024/11/28,7.42,7.60,7.40,7.53,9668960,72699360.00
2024/11/29,7.53,7.95,7.43,7.77,16672740,128282088.00
2024/12/02,8.03,8.25,7.87,8.10,27776960,223562912.00
2024/12/03,8.14,8.27,8.00,8.05,20865942,169523872.00
2024/12/04,8.00,8.13,7.78,7.83,14657220,116420208.00
2024/12/05,7.84,7.98,7.78,7.88,9325000,73256056.00
2024/12/06,7.87,7.91,7.76,7.78,13496514,105642400.00
2024/12/09,7.83,7.97,7.63,7.75,14123701,110067904.00
2024/12/10,7.90,7.97,7.72,7.75,20686331,161084256.00
2024/12/11,7.74,7.98,7.68,7.84,13325297,104320776.00
2024/12/12,7.84,8.11,7.77,8.07,17725360,142100720.00
2024/12/13,8.07,8.23,7.97,7.99,14398060,116439216.00
2024/12/16,7.99,8.27,7.99,8.14,15435682,126002040.00
2024/12/17,8.11,8.14,7.56,7.58,18286620,141883072.00
2024/12/18,7.61,7.82,7.45,7.65,10192720,77977632.00
2024/12/19,7.70,7.73,7.44,7.56,8704580,65822880.00
2024/12/20,7.56,7.60,7.48,7.53,7940002,59805248.00
2024/12/23,7.50,7.53,7.15,7.16,10434880,76200112.00
2024/12/24,7.25,7.26,7.02,7.16,7258041,51703292.00
2024/12/25,7.20,7.21,6.82,6.96,8763620,61016620.00
2024/12/26,6.96,7.18,6.93,7.05,6673654,47186652.00
2024/12/27,7.02,7.18,6.99,7.13,4829420,34377392.00
2024/12/30,7.15,7.15,6.90,6.95,5889200,41040924.00
2024/12/31,6.95,7.03,6.79,6.79,5275120,36328888.00
2025/01/02,6.78,6.90,6.60,6.66,6372150,43103136.00
2025/01/03,6.73,6.81,6.39,6.43,8203952,53928888.00
2025/01/06,6.43,6.52,6.23,6.47,6634060,42642020.00
2025/01/07,6.48,6.51,6.30,6.50,6742320,43152656.00
2025/01/08,6.50,6.55,6.28,6.40,7634760,49051864.00
2025/01/09,6.40,6.46,6.26,6.28,11936380,75887536.00
2025/01/10,6.26,6.30,5.92,5.96,11960920,72990280.00
2025/01/13,5.90,5.99,5.75,5.98,6502720,38396656.00
2025/01/14,5.98,6.21,5.98,6.20,8393920,51341792.00
2025/01/15,6.18,6.21,6.06,6.12,5897860,36123300.00
2025/01/16,6.17,6.28,6.13,6.20,7428200,46152768.00
2025/01/17,6.21,6.28,6.09,6.26,5797500,35930296.00
2025/01/20,6.26,6.88,6.26,6.70,20020094,133318960.00
2025/01/21,6.79,6.81,6.53,6.59,10360327,68538848.00
2025/01/22,6.62,6.83,6.48,6.52,9372040,62281604.00
2025/01/23,6.56,6.80,6.48,6.48,7932340,52474032.00
2025/01/24,6.43,6.62,6.40,6.46,5136020,33222582.00
2025/01/27,6.50,6.65,6.48,6.50,4871920,31888548.00
2025/02/05,6.55,6.70,6.48,6.64,5343360,35256184.00
2025/02/06,6.67,6.73,6.58,6.73,5187340,34558400.00
2025/02/07,6.73,6.79,6.66,6.74,7518880,50676380.00
2025/02/10,6.74,7.01,6.71,6.92,9242700,63389480.00
2025/02/11,6.90,6.97,6.78,6.87,5668800,38851828.00
2025/02/12,6.81,6.89,6.78,6.87,4382300,30001326.00
2025/02/13,6.85,6.90,6.79,6.81,4170160,28487728.00
2025/02/14,6.87,6.97,6.77,6.90,6846700,47324856.00
2025/02/17,6.94,7.35,6.93,7.22,15734460,112952912.00
2025/02/18,7.22,7.22,6.84,6.86,10904720,76336352.00
2025/02/19,6.82,7.12,6.82,7.03,8601420,60133144.00
2025/02/20,7.05,7.16,7.00,7.02,9165280,64771896.00
2025/02/21,6.96,7.04,6.83,6.90,9504220,65565756.00
2025/02/24,6.84,7.09,6.84,7.04,10670340,74654304.00
2025/02/25,6.96,7.06,6.88,6.91,8750200,60900636.00
2025/02/26,6.90,6.99,6.86,6.92,7184580,49613828.00
2025/02/27,6.95,7.07,6.79,6.81,13344400,92146128.00
2025/02/28,6.82,6.85,6.66,6.67,6888600,46370888.00
2025/03/03,6.71,6.88,6.68,6.77,7169680,48836932.00
2025/03/04,6.78,7.07,6.72,7.00,10645340,73903640.00
2025/03/05,7.03,7.03,6.73,6.77,11099160,75666520.00
2025/03/06,6.81,6.89,6.75,6.86,6818560,46520532.00
2025/03/07,6.86,6.92,6.73,6.77,8037440,54772340.00
2025/03/10,6.78,6.95,6.78,6.90,7593485,52265820.00
2025/03/11,6.84,6.95,6.80,6.92,6623320,45567048.00
2025/03/12,6.92,6.98,6.85,6.89,6004559,41437328.00
2025/03/13,6.86,7.01,6.82,6.97,11024020,76251432.00
2025/03/14,6.90,7.13,6.74,7.04,13704200,94852016.00
2025/03/17,7.04,7.08,6.92,6.94,11814120,82594040.00
2025/03/18,6.92,7.03,6.85,6.91,7805620,54123584.00
2025/03/19,6.88,6.97,6.75,6.79,11400280,78085624.00
2025/03/20,6.78,6.84,6.73,6.78,8077780,54620100.00
2025/03/21,6.77,6.80,6.62,6.64,8722119,58230264.00
2025/03/24,6.66,6.97,6.58,6.72,23124533,157012192.00
2025/03/25,6.65,6.68,6.47,6.60,10740020,70504000.00
2025/03/26,6.60,6.73,6.55,6.70,8823200,59015992.00
2025/03/27,6.03,6.18,6.03,6.03,11791340,71279776.00
2025/03/28,5.72,6.15,5.72,6.07,22003620,131495392.00
2025/03/31,6.04,6.29,5.98,6.06,16006780,97734136.00
2025/04/01,6.05,6.38,6.03,6.29,17077340,106418472.00
2025/04/02,6.29,6.36,6.23,6.31,7707860,48537272.00
2025/04/03,6.25,6.45,6.24,6.31,7623400,48345960.00
2025/04/07,6.12,6.12,5.68,5.68,16985840,98371920.00
2025/04/08,5.74,5.90,5.56,5.68,12562270,71561896.00
2025/04/09,5.63,5.76,5.22,5.72,11453020,63131196.00
2025/04/10,5.82,5.93,5.78,5.89,8886600,52236768.00
2025/04/11,5.82,5.96,5.82,5.89,5417180,31941208.00
2025/04/14,5.96,6.08,5.91,6.03,6800040,40973364.00
2025/04/15,6.03,6.21,5.96,6.19,8944594,54642296.00
2025/04/16,6.19,6.21,5.83,5.93,8730360,52304388.00
2025/04/17,5.93,6.10,5.90,5.97,5389240,32262820.00
2025/04/18,5.96,6.18,5.88,6.01,6676280,40046720.00
2025/04/21,6.02,6.21,5.87,6.08,9127480,55682628.00
2025/04/22,6.20,6.35,6.02,6.12,10445240,64075900.00
2025/04/23,6.08,6.24,6.05,6.07,7748500,47404340.00
2025/04/24,6.07,6.09,5.96,5.99,5302260,31891874.00
2025/04/25,6.01,6.01,5.93,5.96,4562760,27237586.00
2025/04/28,5.96,5.96,5.79,5.85,3542760,20721632.00
2025/04/29,5.70,5.88,5.68,5.77,4576960,26507250.00
2025/04/30,5.89,5.90,5.80,5.84,4873460,28585370.00
2025/05/06,5.88,5.99,5.84,5.99,5197380,30930986.00
2025/05/07,6.08,6.10,5.97,6.02,4066839,24495442.00
2025/05/08,6.01,6.11,5.99,6.07,4897140,29724954.00
2025/05/09,6.09,6.09,5.96,6.00,3669040,22022402.00
2025/05/12,6.09,6.44,6.04,6.13,11613000,71673200.00
2025/05/13,6.10,6.26,6.08,6.10,7542729,46244468.00
2025/05/14,6.10,6.11,5.99,6.05,6344130,38329784.00
2025/05/15,6.05,6.07,5.97,6.03,3819820,22967042.00
2025/05/16,6.03,6.09,5.98,6.08,4630140,27912588.00
2025/05/19,6.09,6.13,5.99,6.02,4939700,29806104.00
2025/05/20,6.03,6.13,6.02,6.12,6676140,40597056.00
2025/05/21,6.11,6.17,6.06,6.09,4394920,26863010.00
2025/05/22,6.06,6.11,5.97,5.98,5629000,33924064.00
2025/05/23,5.99,6.11,5.96,5.97,6548960,39582816.00
2025/05/26,5.97,5.98,5.86,5.93,4980700,29471380.00
2025/05/27,5.92,6.00,5.84,5.98,5943840,35221024.00
2025/05/28,5.96,6.01,5.85,5.87,5402900,31879644.00
2025/05/29,5.84,6.06,5.84,6.03,8579000,51408836.00
2025/05/30,6.30,6.45,6.15,6.18,27739570,173506928.00
2025/06/03,6.09,6.27,6.08,6.26,15156340,94239224.00
2025/06/04,6.26,6.30,6.18,6.26,8291881,51662024.00
2025/06/05,6.29,6.33,6.16,6.19,7045360,43768552.00
2025/06/06,6.21,6.32,6.18,6.23,6030580,37522100.00
2025/06/09,6.23,6.37,6.21,6.32,11489243,72508504.00
2025/06/10,6.31,6.39,6.20,6.36,11928980,75333784.00
2025/06/11,6.33,6.55,6.31,6.38,10741520,68742744.00
2025/06/12,6.36,6.42,6.31,6.38,8503300,54044408.00
2025/06/13,6.37,6.39,6.22,6.23,7918540,49711028.00
2025/06/16,6.26,6.32,6.18,6.25,5971900,37367364.00
2025/06/17,6.30,6.88,6.30,6.88,14366886,96631632.00
2025/06/18,6.98,7.14,6.60,6.63,60379660,411907296.00
2025/06/19,6.60,7.29,6.45,7.04,56096499,384341600.00
2025/06/20,6.96,7.19,6.87,7.00,36818440,258490080.00
2025/06/23,7.00,7.48,7.00,7.27,34262300,250255984.00
2025/06/24,7.35,7.35,7.09,7.11,25962580,185455072.00
2025/06/25,7.15,7.22,6.63,6.89,33916560,235622400.00
2025/06/26,6.79,7.05,6.53,6.75,35755779,240171872.00
2025/06/27,6.66,6.83,6.66,6.77,16682640,112489648.00
2025/06/30,6.81,6.95,6.73,6.85,16377640,111994208.00
2025/07/01,6.85,6.90,6.77,6.86,10833280,74009392.00
2025/07/02,6.86,6.92,6.69,6.71,10606540,71732248.00
2025/07/03,6.71,6.78,6.69,6.72,8891998,59856824.00
2025/07/04,6.74,6.76,6.65,6.67,7849360,52454244.00
2025/07/07,6.64,6.71,6.63,6.67,7423020,49519384.00
2025/07/08,6.66,6.72,6.61,6.68,8639780,57505184.00
2025/07/09,6.68,6.69,6.60,6.62,6485660,43015180.00
2025/07/10,6.63,6.68,6.57,6.67,7433340,49355024.00
2025/07/11,6.68,6.82,6.62,6.76,16276140,109187792.00
2025/07/14,6.72,7.44,6.70,6.96,58340510,420361632.00
2025/07/15,6.94,7.00,6.60,6.81,39903189,270736128.00
2025/07/16,6.80,6.95,6.73,6.84,20318540,138923232.00
2025/07/17,6.88,7.05,6.85,6.87,17941640,124155352.00
2025/07/18,6.87,7.03,6.73,7.00,18034340,123376416.00
2025/07/21,6.98,7.33,6.90,7.12,21492620,152074176.00
2025/07/22,7.10,7.13,6.99,7.03,12414896,87499944.00
2025/07/23,7.04,7.17,6.93,6.98,11575020,81347872.00
2025/07/24,6.97,7.23,6.93,7.21,21974460,156810752.00
2025/07/25,7.16,7.25,7.07,7.08,15307700,109317568.00
2025/07/28,7.06,7.17,7.04,7.06,9867220,69923880.00
2025/07/29,7.06,7.09,6.97,7.06,9654060,67942088.00
2025/07/30,7.09,7.13,6.97,7.07,9627360,68021464.00
2025/07/31,7.04,7.06,6.90,6.92,8977960,62703632.00
2025/08/01,6.94,7.07,6.91,6.96,9056636,63427948.00
2025/08/04,6.93,7.00,6.81,6.98,7901716,54526876.00
2025/08/05,6.99,7.15,6.95,7.00,8969060,62985720.00
2025/08/06,7.00,7.03,6.79,6.83,12701660,87155200.00
2025/08/07,6.81,6.88,6.77,6.79,7513360,51181480.00
2025/08/08,6.82,6.96,6.72,6.83,11985816,82090272.00
2025/08/11,6.85,7.20,6.85,7.08,23594927,167172768.00
2025/08/12,7.07,7.19,6.98,7.01,13800960,97389712.00
2025/08/13,7.03,7.44,6.85,7.36,39300880,282828480.00
2025/08/14,7.29,8.10,7.24,8.10,94476519,742326400.00
2025/08/15,8.20,8.91,8.08,8.91,101342685,873274944.00
2025/08/18,9.58,9.80,9.37,9.80,22507622,217902480.00
2025/08/19,10.78,10.78,10.21,10.78,45525112,486803040.00
2025/08/20,10.22,11.86,9.92,11.86,164391614,1827833088.00
2025/08/21,11.96,12.26,10.67,11.40,151323023,1680387584.00
2025/08/22,11.10,11.40,10.26,10.26,122402235,1304148736.00
2025/08/25,9.95,10.21,9.60,9.89,100183061,990393600.00
2025/08/26,9.60,9.69,9.12,9.13,101512276,945138240.00
2025/08/27,9.30,10.04,9.20,10.04,116567277,1118073728.00
2025/08/28,9.70,11.04,9.58,11.04,127001254,1324806784.00
2025/08/29,11.13,11.98,10.67,11.52,117195046,1335949952.00
2025/09/01,11.40,12.67,11.40,12.67,105049227,1297751936.00
2025/09/02,12.70,13.12,11.40,11.40,108591621,1330511360.00
2025/09/03,11.40,11.78,10.39,10.47,99024382,1088225408.00
2025/09/04,10.89,11.52,10.78,11.52,34430259,389731392.00
2025/09/05,10.79,11.14,10.40,10.51,89638347,946717376.00
2025/09/08,10.50,11.56,10.50,11.56,69780121,797056192.00
2025/09/09,12.00,12.72,11.95,12.55,121728789,1502179968.00
2025/09/10,12.50,13.02,11.96,12.78,120246708,1497115392.00
2025/09/11,12.19,14.06,11.88,14.06,89061181,1201794176.00
2025/09/12,14.07,14.76,13.11,13.23,129979572,1771197312.00
2025/09/15,13.32,14.10,12.90,13.49,101111280,1381941120.00
2025/09/16,13.43,14.05,13.20,13.78,91628971,1256968320.00
2025/09/17,13.50,13.78,13.00,13.22,74892734,995074624.00
2025/09/18,13.07,14.45,12.86,13.92,99656727,1370544640.00
2025/09/19,13.64,15.10,13.23,13.33,94602215,1343339648.00
2025/09/22,13.59,13.88,12.33,12.47,80107331,1025128512.00
2025/09/23,12.45,12.45,11.52,11.79,62541093,740290560.00
2025/09/24,11.91,12.37,11.69,12.02,48370541,584475392.00
2025/09/25,11.80,12.39,11.56,11.70,44027560,522324672.00
2025/09/26,11.28,11.40,10.55,10.71,48496374,525302112.00
2025/09/29,10.67,11.52,10.50,11.30,49460933,555589568.00
2025/09/30,11.86,12.23,11.37,11.38,54982550,644888576.00
2025/10/09,11.50,11.54,10.85,10.98,39204265,431363168.00
2025/10/10,10.88,10.97,10.61,10.64,29586318,317574240.00
2025/10/13,10.23,10.48,10.03,10.32,29244072,299832480.00
2025/10/14,10.44,10.63,9.97,9.97,30159424,309814048.00
2025/10/15,10.21,10.97,10.10,10.97,35339636,374205120.00
2025/10/16,11.08,11.81,10.98,11.18,80980765,920494784.00
2025/10/17,11.12,11.28,10.45,10.47,52797498,570076928.00
2025/10/20,10.69,11.17,10.36,10.43,38903414,412633024.00
2025/10/21,10.51,10.53,10.08,10.31,32987215,337414784.00
2025/10/22,10.22,10.54,10.08,10.17,32350306,331906368.00
2025/10/23,10.00,10.11,9.59,9.82,35125027,342897152.00
2025/10/24,9.79,9.90,9.65,9.74,23107389,225188448.00
2025/10/27,9.83,10.11,9.75,9.87,27078340,268041216.00
2025/10/28,9.86,10.03,9.68,9.92,25087541,248436640.00
2025/10/29,9.94,10.15,9.79,10.02,26520219,263930688.00
2025/10/30,10.00,10.00,9.72,9.75,21329375,209205536.00
2025/10/31,9.74,10.36,9.68,10.19,45883235,464965280.00
2025/11/03,10.40,10.45,9.96,10.30,31895907,326254368.00
2025/11/04,10.25,10.26,9.87,10.01,25280907,252699696.00
2025/11/05,9.70,10.43,9.70,10.03,26394726,266043136.00
2025/11/06,10.01,10.04,9.81,9.90,22580280,222952256.00
2025/11/07,9.87,10.07,9.75,9.76,19593960,192766720.00
2025/11/10,9.85,10.29,9.80,10.12,39633711,399184576.00
2025/11/11,10.03,10.82,9.94,10.30,44651398,461753536.00
2025/11/12,10.19,11.33,10.19,11.33,72945439,796803072.00
2025/11/13,11.80,11.96,11.26,11.46,109935934,1271102464.00
2025/11/14,11.23,12.36,11.16,11.85,96041567,1119168384.00
2025/11/17,11.45,11.47,10.88,11.07,63803440,710548608.00
2025/11/18,11.06,11.28,10.66,10.71,40175047,436615744.00
2025/11/19,10.68,10.68,10.16,10.22,36581209,378148800.00
2025/11/20,10.22,10.30,10.00,10.04,21600870,218333152.00
2025/11/21,9.86,10.15,9.55,9.57,26909083,263191184.00
2025/11/24,9.50,9.94,9.50,9.90,28501962,278826624.00
2025/11/25,9.85,10.03,9.72,9.91,22432228,222330192.00
2025/11/26,9.91,10.25,9.81,9.85,26942073,270283296.00
2025/11/27,9.74,9.94,9.74,9.79,16763523,165153184.00
2025/11/28,9.79,9.83,9.67,9.82,13329037,129880456.00
2025/12/01,9.82,9.94,9.76,9.81,15740508,155033296.00
2025/12/02,9.80,9.80,9.55,9.69,13201219,127586016.00
2025/12/03,9.69,9.73,9.28,9.36,24067816,227334208.00
2025/12/04,9.34,9.40,9.15,9.29,16256240,150479168.00
2025/12/05,9.30,9.42,9.12,9.39,13160370,122147008.00
2025/12/08,9.39,9.48,9.31,9.41,13266700,124403336.00
2025/12/09,9.37,9.44,9.24,9.26,11615583,108246256.00
2025/12/10,9.23,9.32,9.16,9.25,9345200,86348232.00
2025/12/11,9.30,9.30,9.05,9.06,12617381,115145600.00
2025/12/12,9.06,9.20,8.95,9.18,12768037,116435120.00
2025/12/15,9.19,9.42,9.15,9.31,18775380,175047408.00
2025/12/16,9.23,9.28,9.02,9.06,11969917,108767888.00
2025/12/17,9.03,9.28,9.02,9.27,16149107,148326352.00
2025/12/18,9.20,9.53,9.19,9.35,18524407,174091840.00
2025/12/19,9.39,9.52,9.18,9.38,14580661,136459152.00
2025/12/22,9.37,9.94,9.32,9.81,34404667,334562688.00
2025/12/23,9.81,10.08,9.65,9.73,25673956,251822096.00
2025/12/24,9.70,9.83,9.56,9.60,17072764,164561344.00
2025/12/25,9.58,9.70,9.47,9.59,13112589,125370552.00
2025/12/26,9.51,9.63,9.45,9.48,12963119,123396096.00
2025/12/29,9.49,9.50,9.26,9.31,13862930,129429688.00
2025/12/30,9.32,9.41,9.20,9.20,10876045,100807800.00
2025/12/31,9.19,9.22,9.08,9.13,10271511,93908536.00
2026/01/05,9.13,9.54,9.12,9.46,18917790,178029936.00
2026/01/06,9.41,9.86,9.41,9.76,25428460,247033680.00
2026/01/07,9.76,9.77,9.57,9.60,16585420,159946112.00
2026/01/08,9.60,9.78,9.58,9.67,13153660,127460296.00
2026/01/09,9.67,9.82,9.55,9.82,20616821,199973936.00
2026/01/12,9.80,9.92,9.72,9.83,20572738,201678400.00
2026/01/13,9.87,10.05,9.70,9.73,25056534,247670480.00
2026/01/14,9.60,9.93,9.59,9.76,24424510,238973904.00
2026/01/15,9.71,9.74,9.52,9.57,15143566,145498336.00
2026/01/16,9.60,9.64,9.28,9.32,15567722,146060288.00
2026/01/19,9.32,9.53,9.21,9.52,10689667,100452840.00
2026/01/20,9.52,9.59,9.22,9.32,13378840,125337232.00
2026/01/21,9.25,9.46,9.19,9.39,9064940,85019128.00
2026/01/22,9.43,9.44,9.31,9.38,9009259,84387208.00
2026/01/23,9.45,9.58,9.40,9.45,10896504,103322232.00
2026/01/26,9.30,9.35,8.94,9.08,29902384,271917280.00
2026/01/27,9.08,9.11,8.54,8.74,21941100,190565952.00
2026/01/28,8.68,8.76,8.50,8.52,13827160,118930992.00
2026/01/29,8.41,8.63,8.27,8.46,15530360,131667176.00
2026/01/30,8.46,8.50,8.34,8.40,11109793,93439408.00
2026/02/02,8.40,8.60,8.32,8.42,11358785,96228824.00
2026/02/03,8.42,8.93,8.42,8.83,18869420,164130304.00
2026/02/04,8.81,8.92,8.70,8.85,11916635,105319792.00
2026/02/05,8.84,8.96,8.73,8.75,14076629,124190800.00
2026/02/06,8.74,8.96,8.67,8.89,10790775,95715976.00
2026/02/09,8.89,9.21,8.88,9.06,11926620,108038448.00
2026/02/10,9.15,9.16,8.93,8.98,7252820,65241824.00
2026/02/11,8.94,9.01,8.90,8.97,6566137,58781536.00
2026/02/12,8.93,9.08,8.83,8.94,13553717,121470568.00
2026/02/13,9.07,9.07,8.74,8.74,6458420,57140036.00
2026/02/24,8.80,9.10,8.80,8.92,8266563,73987048.00
2026/02/25,8.92,9.08,8.88,9.07,8406116,75770720.00
2026/02/26,9.11,9.16,8.96,9.00,8697400,78703608.00
2026/02/27,9.00,9.67,8.95,9.36,37283392,349344864.00
2026/03/02,9.26,9.28,8.93,8.96,18888180,170842784.00
2026/03/03,8.92,9.00,8.56,8.57,16043893,140455712.00
2026/03/04,8.41,8.70,8.40,8.56,7095672,60961600.00
2026/03/05,8.65,8.75,8.51,8.57,6918480,59578804.00
2026/03/06,8.52,9.00,8.52,8.89,14198567,125814168.00
2026/03/09,9.00,9.30,8.97,9.11,15533009,141585344.00
2026/03/10,9.20,9.20,9.05,9.17,8694500,79397904.00
2026/03/11,9.17,9.27,9.01,9.06,14306840,130318104.00
2026/03/12,9.00,9.00,8.81,8.84,9571480,85017856.00
2026/03/13,8.84,8.98,8.75,8.84,7177660,63747688.00
2026/03/16,8.90,8.98,8.77,8.91,5600900,49689100.00
2026/03/17,8.91,9.08,8.80,8.82,7368920,65679512.00
2026/03/18,9.25,9.28,8.80,9.13,28085093,254947920.00
2026/03/19,8.95,9.10,8.85,9.01,15312458,137404640.00
2026/03/20,9.01,9.08,8.66,8.69,14615400,128567496.00
2026/03/23,8.65,9.07,8.41,8.55,18139519,158226848.00
2026/03/24,8.72,8.91,8.65,8.90,14934059,131652992.00
2026/03/25,8.96,8.98,8.79,8.91,9703522,86306544.00
2026/03/26,8.91,9.04,8.79,8.82,8353949,74310896.00
2026/03/27,8.80,9.01,8.75,8.97,8878600,79340680.00
2026/03/30,8.85,9.18,8.85,9.11,14986846,136101568.00
2026/03/31,9.11,9.30,8.93,8.94,13112182,119735832.00
2026/04/01,9.00,9.25,8.86,9.23,16087367,146416128.00
2026/04/02,9.21,10.15,9.06,10.15,48116561,465726560.00
2026/04/03,10.24,11.00,9.85,10.47,101821549,1053753536.00
2026/04/07,10.30,11.52,10.10,11.27,95911435,1043848896.00
2026/04/08,11.00,11.26,10.51,10.64,81460579,877394496.00
2026/04/09,10.50,11.11,10.27,10.48,64087517,681284480.00
2026/04/10,10.30,10.58,9.88,10.21,56939258,582700096.00
2026/04/13,10.31,10.50,10.07,10.17,34853853,357185536.00
2026/04/14,10.23,10.35,9.98,10.04,31682415,319767744.00
2026/04/15,10.20,10.46,9.91,10.43,55198537,565525056.00
2026/04/16,10.22,10.76,10.12,10.62,51785768,545060032.00
2026/04/17,10.61,10.65,10.32,10.54,33126554,347054304.00
2026/04/20,10.44,10.51,10.17,10.34,25606107,265454784.00
2026/04/21,10.38,10.42,10.15,10.31,19614600,201471344.00
2026/04/22,10.28,10.40,10.18,10.29,15926226,163676992.00
2026/04/23,10.24,10.30,9.90,9.91,25436872,255695648.00
2026/04/24,9.88,9.88,9.27,9.66,33378348,320435072.00
2026/04/27,9.60,9.78,9.31,9.70,27399222,262226000.00
2026/04/28,9.52,9.64,9.13,9.24,26750000,249564000.00
2026/04/29,9.21,9.90,9.20,9.56,31365623,304096160.00
2026/04/30,9.64,10.24,9.55,9.80,24071978,238446784.00
2026/05/06,9.73,10.27,9.71,10.11,17712833,178840384.00
2026/05/07,10.18,10.48,10.06,10.42,21004298,217246208.00
2026/05/08,10.45,10.48,10.08,10.15,21259767,217499952.00
2026/05/11,10.00,10.34,9.75,10.12,29118335,291454560.00
2026/05/12,10.13,10.55,10.01,10.39,26689129,276036672.00
2026/05/13,10.47,10.53,10.25,10.30,17848140,184470272.00
2026/05/14,10.38,10.77,10.23,10.25,17027920,177490880.00
2026/05/15,10.22,10.32,9.94,9.99,17850042,180208192.00
2026/05/18,9.92,10.07,9.85,10.01,11923278,118984904.00
2026/05/19,10.06,10.20,9.77,9.92,12251860,121641664.00
2026/05/20,9.92,9.92,9.64,9.83,12239981,119470768.00
2026/05/21,9.80,9.99,9.49,9.51,13131759,127097720.00
2026/05/22,9.53,10.22,9.40,9.77,22547579,222397568.00
2026/05/25,9.78,9.95,9.22,9.30,19446251,184164240.00
2026/05/26,9.29,9.29,9.01,9.15,13195820,120521688.00
2026/05/27,9.20,9.22,8.96,9.07,10669120,96441200.00
2026/05/28,9.01,9.14,8.82,9.02,11003500,98747912.00
2026/05/29,9.02,9.28,8.71,8.78,13784999,123584264.00
2026/06/01,8.75,8.86,8.65,8.70,8123900,70882752.00
2026/06/02,8.82,8.83,8.30,8.62,10857750,92534304.00
2026/06/03,8.59,9.07,8.59,8.87,15446600,136624656.00
2026/06/04,8.88,8.95,8.54,8.62,9935480,86201592.00
2026/06/05,8.70,8.84,8.54,8.63,9753320,84756088.00
2026/06/08,8.50,8.71,8.29,8.56,13415900,114144704.00
2026/06/09,8.56,8.87,8.53,8.57,11925614,103666352.00
2026/06/10,8.50,8.70,8.20,8.22,12187416,102343296.00
2026/06/11,8.03,8.23,7.93,7.99,11735558,94479176.00
2026/06/12,7.99,8.21,7.93,8.14,10176540,82470232.00
2026/06/15,8.14,8.26,8.05,8.09,8974080,73033840.00
2026/06/16,8.13,8.47,7.93,8.34,12660400,104118672.00
2026/06/17,8.35,8.38,7.90,7.99,15124277,121867632.00
2026/06/18,7.87,8.14,7.87,7.98,9516939,76251840.00
2026/06/22,7.95,7.97,7.49,7.89,18918420,146264688.00
2026/06/23,8.04,8.20,7.88,8.02,17366940,139924880.00
2026/06/24,7.92,8.13,7.60,7.61,23981600,186591584.00
2026/06/25,7.58,7.61,7.20,7.27,13243241,96831032.00
2026/06/26,7.25,7.25,6.96,6.98,10379244,73218104.00
2026/06/29,6.99,7.68,6.95,7.68,9118040,68331328.00
2026/06/30,8.00,8.45,8.00,8.45,9647980,80712168.00
2026/07/01,9.00,9.00,7.98,8.28,52345418,434960800.00
2026/07/02,8.24,8.79,8.16,8.20,37416655,314835584.00
2026/07/03,8.28,8.54,7.98,8.16,24440779,200110720.00
2026/07/06,8.15,8.98,8.00,8.68,39416450,336669344.00
2026/07/07,8.40,8.70,8.38,8.66,25224701,214981760.00
2026/07/08,8.66,9.46,8.51,9.20,43810443,392595904.00
2026/07/09,9.00,10.12,8.86,10.12,55450595,537976512.00
2026/07/10,10.48,10.90,9.82,9.88,69546822,717286976.00
2026/07/13,9.69,10.11,9.00,9.04,45437216,424127200.00
2026/07/14,9.02,9.94,8.88,9.94,52537124,494914304.00
2026/07/15,9.79,10.15,9.45,9.55,49493327,477605152.00
2026/07/16,9.46,9.98,9.38,9.45,49873026,482062432.00
2026/07/17,9.70,9.98,8.63,9.16,42141193,386590112.00
2026/07/20,8.93,9.80,8.69,8.97,35634036,326681568.00
2026/07/21,8.72,8.78,8.07,8.61,40974235,344477952.00
2026/07/22,8.16,9.22,8.16,8.76,34356982,304265600.00
2026/07/23,8.70,8.76,7.88,8.02,43569862,356820576.00
2026/07/24,7.75,8.33,7.75,7.91,29572440,238758160.00
2026/07/27,7.80,8.19,7.72,7.96,20142547,160469376.00
2026/07/28,7.90,8.15,7.77,7.78,17100720,135473424.00
2026/07/29,7.78,7.83,7.30,7.43,25050465,187441760.00
2026/07/30,7.35,7.62,6.95,7.00,23234100,169022624.00
2026/07/31,7.10,7.18,7.06,7.16,15816778,112866200.00
2026/08/03,7.30,7.88,7.25,7.88,14935990,114934520.00
2026/08/04,8.30,8.67,7.89,8.67,18973157,158377664.00
2026/08/05,9.00,9.18,8.31,8.55,72538679,627257280.00
2026/08/06,8.45,8.85,8.14,8.59,56322457,474451392.00
2026/08/07,8.39,8.78,8.33,8.77,52511632,453439264.00
2026/08/10,8.74,9.13,8.61,8.83,40652962,357702976.00
2026/08/11,8.71,9.06,8.70,8.86,31400835,279882656.00
2026/08/12,8.84,9.12,8.80,9.02,25866284,232993312.00
2026/08/13,9.02,9.27,8.88,9.03,26296029,239583488.00
2026/08/14,9.01,9.18,8.80,8.97,20779102,186159312.00
2026/08/17,8.90,8.98,8.75,8.96,16973141,150759952.00
2026/08/18,9.08,9.15,8.77,8.81,15597500,138654096.00
2026/08/19,8.77,8.80,8.42,8.42,15810923,135817488.00
2026/08/20,8.67,8.85,8.47,8.55,17004265,147078160.00
2026/08/21,8.34,8.49,8.16,8.22,20315828,168591264.00
2026/08/24,8.32,8.32,7.97,8.06,14087082,113807976.00
2026/08/25,8.02,8.32,7.88,8.28,13636222,111680096.00
2026/08/26,8.25,8.43,8.14,8.25,9913000,81798784.00
2026/08/27,8.25,8.33,8.15,8.24,9609950,79050528.00
2026/08/28,8.25,8.30,8.16,8.20,8462740,69543648.00
2026/08/31,8.15,8.15,7.95,8.00,8233000,65972132.00
2026/09/01,7.95,8.31,7.95,8.18,11678180,95393856.00
2026/09/02,8.11,8.24,8.05,8.18,8656200,70421144.00
2026/09/03,8.17,8.31,8.12,8.30,9576640,78689216.00
2026/09/04,8.31,8.67,7.97,8.05,14150900,116193224.00
2026/09/07,8.00,8.17,7.96,8.09,7070173,57067240.00
2026/09/08,8.03,8.14,8.01,8.12,6334280,51073176.00
2026/09/09,8.10,8.50,8.01,8.13,18769880,154113584.00
2026/09/10,8.10,8.12,7.88,7.95,14158680,112774752.00
2026/09/11,7.88,7.90,7.71,7.78,7930667,61608316.00
2026/09/14,7.85,7.87,7.71,7.78,6739480,52473080.00
#数据来源:通达信
