601668 中国建筑 日线 前复权
      日期	    开盘	    最高	    最低	    收盘	    成交量	    成交额
2021/08/02,3.13,3.24,3.07,3.21,208304193,934699968.00
2021/08/03,3.19,3.28,3.18,3.28,216283505,989932672.00
2021/08/04,3.26,3.26,3.21,3.23,130589740,594582976.00
2021/08/05,3.21,3.30,3.21,3.27,169645081,777257536.00
2021/08/06,3.26,3.26,3.21,3.23,104286701,474317344.00
2021/08/09,3.22,3.36,3.20,3.33,220239811,1021507136.00
2021/08/10,3.31,3.33,3.28,3.33,119670052,553308480.00
2021/08/11,3.33,3.50,3.33,3.39,360313245,1709347072.00
2021/08/12,3.37,3.39,3.35,3.37,106599777,499692736.00
2021/08/13,3.36,3.37,3.29,3.31,122495137,569288896.00
2021/08/16,3.30,3.43,3.29,3.38,164548416,773327808.00
2021/08/17,3.38,3.46,3.29,3.33,284552777,1339704576.00
2021/08/18,3.33,3.44,3.31,3.44,278905063,1315945088.00
2021/08/19,3.46,3.46,3.36,3.38,191527544,904104320.00
2021/08/20,3.39,3.40,3.31,3.35,139725155,651738816.00
2021/08/23,3.36,3.37,3.31,3.31,125342935,582708160.00
2021/08/24,3.31,3.33,3.27,3.29,135792061,626354496.00
2021/08/25,3.30,3.34,3.26,3.32,160803207,742625728.00
2021/08/26,3.31,3.34,3.29,3.31,145801105,675969280.00
2021/08/27,3.31,3.42,3.30,3.41,262408012,1229255936.00
2021/08/30,3.43,3.45,3.36,3.37,206480580,972829568.00
2021/08/31,3.37,3.48,3.37,3.48,307580806,1464380800.00
2021/09/01,3.51,3.86,3.50,3.80,1045357179,5283166208.00
2021/09/02,3.78,3.92,3.74,3.87,793355907,4092537344.00
2021/09/03,3.84,3.91,3.74,3.75,487596783,2496372480.00
2021/09/06,3.77,3.95,3.77,3.83,542982131,2812927488.00
2021/09/07,3.82,3.91,3.79,3.88,407283529,2110566272.00
2021/09/08,3.88,3.96,3.85,3.91,356443375,1861330304.00
2021/09/09,3.92,4.13,3.86,4.03,587357873,3127091968.00
2021/09/10,4.08,4.16,3.93,3.94,601426062,3223764736.00
2021/09/13,3.93,4.06,3.90,3.97,394389991,2094011264.00
2021/09/14,3.95,4.01,3.76,3.77,467600254,2413967104.00
2021/09/15,3.76,3.80,3.71,3.73,292070323,1481332096.00
2021/09/16,3.75,3.78,3.63,3.63,329221968,1649461248.00
2021/09/17,3.63,3.65,3.53,3.60,299663474,1469563136.00
2021/09/22,3.53,3.69,3.52,3.65,303662162,1495232640.00
2021/09/23,3.68,3.80,3.67,3.73,299516073,1514215040.00
2021/09/24,3.72,3.77,3.59,3.60,235879869,1175881856.00
2021/09/27,3.61,3.63,3.49,3.52,235265976,1142599936.00
2021/09/28,3.53,3.60,3.51,3.55,229083307,1115307904.00
2021/09/29,3.53,3.56,3.47,3.50,207123402,999282752.00
2021/09/30,3.50,3.52,3.44,3.48,193766007,929412096.00
2021/10/08,3.55,3.59,3.49,3.53,205538591,995485376.00
2021/10/11,3.53,3.55,3.48,3.51,149783485,725216576.00
2021/10/12,3.50,3.51,3.42,3.45,206501165,987800384.00
2021/10/13,3.44,3.46,3.39,3.40,174251594,824080704.00
2021/10/14,3.41,3.42,3.36,3.40,114904952,541347136.00
2021/10/15,3.40,3.41,3.32,3.34,243401052,1136209024.00
2021/10/18,3.33,3.41,3.33,3.39,151006498,709742592.00
2021/10/19,3.38,3.41,3.35,3.39,97548531,459077120.00
2021/10/20,3.40,3.40,3.33,3.35,120292003,562339648.00
2021/10/21,3.35,3.43,3.34,3.41,138847479,655189120.00
2021/10/22,3.42,3.47,3.40,3.41,159878031,759331072.00
2021/10/25,3.35,3.39,3.34,3.37,138416300,648168960.00
2021/10/26,3.36,3.40,3.34,3.34,128879100,603456832.00
2021/10/27,3.36,3.37,3.28,3.30,156033438,722343232.00
2021/10/28,3.29,3.31,3.26,3.29,113284912,520651072.00
2021/10/29,3.29,3.35,3.28,3.34,129600678,601284224.00
2021/11/01,3.34,3.45,3.33,3.45,238982334,1126603648.00
2021/11/02,3.43,3.44,3.33,3.35,174690182,819839552.00
2021/11/03,3.34,3.40,3.33,3.38,93389401,438753312.00
2021/11/04,3.38,3.40,3.34,3.34,110348014,515653056.00
2021/11/05,3.34,3.35,3.27,3.28,159922298,737690880.00
2021/11/08,3.29,3.31,3.26,3.26,102777074,473040192.00
2021/11/09,3.27,3.28,3.24,3.25,97222753,444640320.00
2021/11/10,3.25,3.33,3.20,3.32,154744195,708308416.00
2021/11/11,3.31,3.58,3.29,3.56,434211705,2077276288.00
2021/11/12,3.52,3.57,3.49,3.49,182563243,883160896.00
2021/11/15,3.48,3.51,3.41,3.44,113041527,538197760.00
2021/11/16,3.45,3.47,3.37,3.39,116853284,553219840.00
2021/11/17,3.39,3.42,3.38,3.38,74612282,351538624.00
2021/11/18,3.39,3.40,3.34,3.35,83609039,392021376.00
2021/11/19,3.35,3.44,3.33,3.43,163260992,766282752.00
2021/11/22,3.41,3.42,3.35,3.36,125041277,586344192.00
2021/11/23,3.35,3.41,3.34,3.37,90846070,426673728.00
2021/11/24,3.37,3.40,3.35,3.38,68025155,319337760.00
2021/11/25,3.38,3.40,3.37,3.39,63093736,296901760.00
2021/11/26,3.38,3.39,3.35,3.35,63266996,296172832.00
2021/11/29,3.33,3.36,3.31,3.32,87146138,404976896.00
2021/11/30,3.31,3.36,3.31,3.32,94359280,438435936.00
2021/12/01,3.32,3.38,3.31,3.37,90529916,423250656.00
2021/12/02,3.36,3.45,3.34,3.43,164536656,778400832.00
2021/12/03,3.45,3.48,3.41,3.46,150420667,717383488.00
2021/12/06,3.47,3.57,3.45,3.48,205263623,992886720.00
2021/12/07,3.54,3.63,3.52,3.58,307073013,1505846272.00
2021/12/08,3.57,3.58,3.51,3.52,202825187,983747776.00
2021/12/09,3.53,3.59,3.51,3.56,179970398,878541824.00
2021/12/10,3.54,3.59,3.53,3.54,149622180,728972416.00
2021/12/13,3.61,3.68,3.58,3.59,247245896,1223476608.00
2021/12/14,3.58,3.63,3.47,3.49,192934792,935367808.00
2021/12/15,3.49,3.63,3.47,3.57,230961870,1128977152.00
2021/12/16,3.58,3.65,3.58,3.63,164421679,812373312.00
2021/12/17,3.65,3.69,3.61,3.63,186740410,928098496.00
2021/12/20,3.60,3.69,3.59,3.67,212965950,1060092288.00
2021/12/21,3.67,3.74,3.65,3.70,179919135,904638208.00
2021/12/22,3.71,3.72,3.61,3.63,152702221,757879104.00
2021/12/23,3.62,3.66,3.61,3.64,107997438,534494912.00
2021/12/24,3.64,3.66,3.60,3.64,122949032,608475968.00
2021/12/27,3.62,3.70,3.61,3.69,137756031,687951168.00
2021/12/28,3.70,3.70,3.61,3.67,156797453,779390272.00
2021/12/29,3.67,3.69,3.62,3.62,104056425,517199648.00
2021/12/30,3.64,3.65,3.61,3.62,85823755,424752736.00
2021/12/31,3.63,3.70,3.59,3.68,180833903,901090240.00
2022/01/04,3.67,3.73,3.64,3.71,158400472,794782464.00
2022/01/05,3.71,3.76,3.69,3.70,151503154,763346112.00
2022/01/06,3.70,3.83,3.69,3.81,294554264,1506280064.00
2022/01/07,3.80,3.96,3.79,3.92,416666518,2180816896.00
2022/01/10,4.00,4.08,3.93,4.05,411344867,2193006848.00
2022/01/11,4.05,4.12,4.00,4.06,415603769,2243708672.00
2022/01/12,4.02,4.03,3.85,3.94,355942144,1865145216.00
2022/01/13,3.93,4.05,3.86,3.88,286420097,1510875008.00
2022/01/14,3.88,3.90,3.68,3.70,360635619,1827077376.00
2022/01/17,3.69,3.72,3.64,3.67,179624141,897209920.00
2022/01/18,3.66,4.00,3.66,3.96,451673437,2342051072.00
2022/01/19,3.95,4.12,3.94,4.05,453317487,2433153792.00
2022/01/20,4.03,4.13,4.02,4.08,455575757,2466080000.00
2022/01/21,4.08,4.10,3.98,4.01,218471316,1169809408.00
2022/01/24,4.03,4.20,4.00,4.09,382041450,2072803712.00
2022/01/25,4.06,4.08,3.98,3.98,231554311,1236976128.00
2022/01/26,3.98,4.06,3.94,4.06,158263636,844585536.00
2022/01/27,4.06,4.12,3.98,4.05,229377484,1233114752.00
2022/01/28,4.04,4.06,3.88,3.88,282420853,1488479232.00
2022/02/07,3.95,4.17,3.95,4.16,366055614,1983991296.00
2022/02/08,4.18,4.19,4.08,4.17,310269031,1694050304.00
2022/02/09,4.20,4.21,4.06,4.09,313087581,1705195008.00
2022/02/10,4.07,4.19,4.03,4.14,288548234,1571101824.00
2022/02/11,4.13,4.45,4.12,4.28,535819026,3036436992.00
2022/02/14,4.28,4.31,4.00,4.03,461125004,2506904320.00
2022/02/15,4.03,4.06,3.94,3.99,261214423,1386046720.00
2022/02/16,4.01,4.14,4.01,4.09,266275956,1439686272.00
2022/02/17,4.09,4.11,4.00,4.04,178205343,955077824.00
2022/02/18,4.00,4.19,3.98,4.18,273273634,1478760960.00
2022/02/21,4.13,4.18,4.04,4.14,261186339,1411259520.00
2022/02/22,4.07,4.11,4.02,4.07,243790139,1312407808.00
2022/02/23,4.09,4.10,3.98,3.98,257707659,1374218624.00
2022/02/24,3.97,3.98,3.78,3.83,326056909,1694612352.00
2022/02/25,3.89,3.91,3.72,3.75,298404581,1524880512.00
2022/02/28,3.74,3.77,3.71,3.77,142322931,720927680.00
2022/03/01,3.76,3.88,3.76,3.84,189075979,969191104.00
2022/03/02,3.82,3.93,3.81,3.88,202818918,1056331264.00
2022/03/03,3.93,4.18,3.90,4.17,600630789,3264776704.00
2022/03/04,4.14,4.17,4.06,4.13,262228445,1425015168.00
2022/03/07,4.12,4.25,4.09,4.15,370485647,2036918400.00
2022/03/08,4.12,4.20,4.01,4.05,333021145,1808744960.00
2022/03/09,4.08,4.17,3.81,4.03,342156726,1832921728.00
2022/03/10,4.11,4.13,3.95,3.96,253441687,1354363904.00
2022/03/11,3.88,3.89,3.72,3.87,327889488,1674823040.00
2022/03/14,3.81,4.00,3.78,3.83,220056545,1151055616.00
2022/03/15,3.79,3.82,3.43,3.43,504265110,2474659328.00
2022/03/16,3.49,3.55,3.35,3.55,374512254,1787068032.00
2022/03/17,3.61,3.68,3.57,3.61,279440627,1383547648.00
2022/03/18,3.58,3.75,3.57,3.66,392579123,1958872320.00
2022/03/21,3.71,3.71,3.58,3.61,229664348,1136998784.00
2022/03/22,3.62,3.77,3.58,3.74,284024701,1425185792.00
2022/03/23,3.78,4.02,3.74,3.94,476802976,2476082944.00
2022/03/24,3.89,4.06,3.88,3.95,265663485,1406959232.00
2022/03/25,3.93,4.00,3.84,3.94,285302207,1499110784.00
2022/03/28,3.90,4.07,3.88,4.02,300644650,1599489152.00
2022/03/29,4.02,4.03,3.92,3.98,215127728,1138827008.00
2022/03/30,4.00,4.16,3.95,4.12,360919536,1947123840.00
2022/03/31,4.13,4.23,4.10,4.12,342267704,1875079040.00
2022/04/01,4.08,4.22,4.07,4.19,339023761,1852440320.00
2022/04/06,4.24,4.71,4.22,4.65,945506689,5474500608.00
2022/04/07,4.64,4.73,4.51,4.58,548849358,3264829184.00
2022/04/08,4.66,4.90,4.59,4.80,732791031,4440785920.00
2022/04/11,4.79,4.91,4.68,4.75,555509777,3384439040.00
2022/04/12,4.69,4.79,4.59,4.61,437022198,2621162496.00
2022/04/13,4.61,4.76,4.52,4.61,343943540,2050083712.00
2022/04/14,4.63,4.78,4.53,4.69,324171635,1935550720.00
2022/04/15,4.69,4.92,4.66,4.72,383325019,2334926848.00
2022/04/18,4.73,4.91,4.58,4.62,414107184,2506492416.00
2022/04/19,4.61,4.78,4.55,4.77,333847179,2004471296.00
2022/04/20,4.79,4.79,4.48,4.54,415845134,2452502528.00
2022/04/21,4.48,4.60,4.42,4.46,254595781,1481344384.00
2022/04/22,4.42,4.63,4.40,4.57,283638616,1663793152.00
2022/04/25,4.48,4.65,4.35,4.35,351801325,2048773504.00
2022/04/26,4.33,4.66,4.33,4.53,414709690,2418255360.00
2022/04/27,4.68,4.76,4.42,4.61,515451241,3054059264.00
2022/04/28,4.56,4.87,4.54,4.86,514801295,3135787264.00
2022/04/29,4.84,4.98,4.70,4.96,522392220,3231186432.00
2022/05/05,4.97,5.08,4.83,4.87,395022575,2457361152.00
2022/05/06,4.73,4.77,4.55,4.65,311291740,1862892160.00
2022/05/09,4.64,4.73,4.51,4.59,223413246,1320278912.00
2022/05/10,4.54,4.74,4.45,4.72,340544640,2025449856.00
2022/05/11,4.71,4.72,4.51,4.53,396487614,2332869120.00
2022/05/12,4.50,4.57,4.38,4.45,259942533,1503598592.00
2022/05/13,4.46,4.58,4.42,4.55,255452666,1490342272.00
2022/05/16,4.63,4.69,4.49,4.66,277534722,1643694208.00
2022/05/17,4.63,4.66,4.52,4.56,211060768,1242802688.00
2022/05/18,4.54,4.55,4.41,4.48,191453067,1109946624.00
2022/05/19,4.41,4.60,4.39,4.57,211074665,1229693568.00
2022/05/20,4.56,4.64,4.51,4.59,231934795,1369686400.00
2022/05/23,4.56,4.58,4.39,4.40,288759811,1662400640.00
2022/05/24,4.41,4.42,4.25,4.28,258577996,1459092224.00
2022/05/25,4.31,4.34,4.28,4.33,189278880,1064739456.00
2022/05/26,4.35,4.44,4.34,4.37,216771958,1239290880.00
2022/05/27,4.39,4.41,4.27,4.32,259744991,1461518336.00
2022/05/30,4.33,4.38,4.16,4.20,283022354,1571872512.00
2022/05/31,4.19,4.23,4.13,4.19,272305255,1495064704.00
2022/06/01,4.18,4.22,4.13,4.20,219105048,1203729024.00
2022/06/02,4.20,4.23,4.10,4.13,207487626,1134593536.00
2022/06/06,4.13,4.13,3.95,3.99,510226745,2707883264.00
2022/06/07,3.96,4.11,3.95,4.06,429356146,2310154496.00
2022/06/08,4.09,4.10,3.99,4.04,228643180,1225766144.00
2022/06/09,4.04,4.17,4.02,4.14,342646626,1866729728.00
2022/06/10,4.11,4.17,4.05,4.16,306519692,1664445312.00
2022/06/13,4.17,4.17,3.95,4.00,332341054,1775134336.00
2022/06/14,3.94,4.06,3.93,4.06,217801570,1159757824.00
2022/06/15,4.05,4.29,4.01,4.21,452873740,2506430208.00
2022/06/16,4.24,4.28,4.12,4.13,229130130,1259939840.00
2022/06/17,4.09,4.14,4.06,4.11,170297888,923292480.00
2022/06/20,4.12,4.19,4.09,4.16,240280213,1312801280.00
2022/06/21,4.17,4.31,4.14,4.22,292651420,1627724928.00
2022/06/22,4.22,4.23,4.10,4.11,182276616,996586176.00
2022/06/23,4.13,4.20,4.09,4.20,207461170,1138463232.00
2022/06/24,4.21,4.22,4.06,4.11,243392137,1325020416.00
2022/06/27,4.11,4.15,4.08,4.10,233388258,1269316480.00
2022/06/28,4.10,4.14,4.05,4.09,261704761,1412411392.00
2022/06/29,4.09,4.27,4.07,4.21,428706803,2366519040.00
2022/06/30,4.23,4.30,4.19,4.25,235205921,1249427968.00
2022/07/01,4.29,4.48,4.29,4.40,303179539,1661288832.00
2022/07/04,4.38,4.40,4.30,4.34,189419122,1024294848.00
2022/07/05,4.36,4.40,4.31,4.36,175746814,953058688.00
2022/07/06,4.34,4.34,4.22,4.28,202208693,1078769792.00
2022/07/07,4.25,4.28,4.23,4.24,136103379,723897152.00
2022/07/08,4.27,4.36,4.24,4.32,160080327,861252480.00
2022/07/11,4.31,4.42,4.29,4.38,185746964,1009486080.00
2022/07/12,4.39,4.56,4.38,4.50,274143003,1529931008.00
2022/07/13,4.55,4.68,4.48,4.49,342763127,1932675456.00
2022/07/14,4.54,4.54,4.32,4.37,269238956,1468031104.00
2022/07/15,4.39,4.43,4.21,4.21,306672015,1646852480.00
2022/07/18,4.23,4.31,4.21,4.28,146179323,780229632.00
2022/07/19,4.29,4.32,4.23,4.29,129288968,691241472.00
2022/07/20,4.32,4.32,4.24,4.26,117206239,625323072.00
2022/07/21,4.25,4.25,4.07,4.08,315660618,1640779392.00
2022/07/22,4.09,4.12,4.00,4.04,191333054,981403392.00
2022/07/25,4.04,4.11,4.00,4.06,132995223,683468992.00
2022/07/26,4.06,4.20,4.04,4.17,176268291,920468608.00
2022/07/27,4.17,4.17,4.05,4.07,153295301,790065664.00
2022/07/28,4.09,4.10,4.03,4.05,162523368,833098048.00
2022/07/29,4.05,4.07,3.96,3.97,197535423,1002285440.00
2022/08/01,3.96,3.97,3.91,3.94,163705844,819316160.00
2022/08/02,3.92,3.93,3.78,3.85,230287609,1127949696.00
2022/08/03,3.88,3.89,3.77,3.77,143884381,702244096.00
2022/08/04,3.79,3.81,3.75,3.79,112045911,543614080.00
2022/08/05,3.80,3.85,3.76,3.84,118242169,575998336.00
2022/08/08,3.83,3.89,3.80,3.82,116423383,570757952.00
2022/08/09,3.82,3.82,3.77,3.78,111680483,542733888.00
2022/08/10,3.78,3.78,3.73,3.75,109039273,525445440.00
2022/08/11,3.76,3.83,3.76,3.81,131247888,639480320.00
2022/08/12,3.81,3.86,3.79,3.85,104849652,513863232.00
2022/08/15,3.84,3.89,3.80,3.81,134846237,661513728.00
2022/08/16,3.82,3.88,3.81,3.85,114655175,564573568.00
2022/08/17,3.85,3.91,3.82,3.91,151500294,750720576.00
2022/08/18,3.91,3.91,3.83,3.84,102830914,506126336.00
2022/08/19,3.83,3.92,3.83,3.88,131645260,653126464.00
2022/08/22,3.88,3.96,3.87,3.95,152710345,763800192.00
2022/08/23,3.93,3.94,3.86,3.91,97565454,484465952.00
2022/08/24,3.91,3.95,3.84,3.85,127984895,634530368.00
2022/08/25,3.87,3.96,3.86,3.95,166618692,832353728.00
2022/08/26,3.96,3.96,3.89,3.94,113863175,568734080.00
2022/08/29,3.89,3.98,3.86,3.97,142555140,712212800.00
2022/08/30,3.97,4.05,3.95,4.00,149291375,756985536.00
2022/08/31,4.01,4.08,3.98,4.07,228282711,1165542144.00
2022/09/01,4.04,4.13,4.02,4.08,187067784,965310528.00
2022/09/02,4.08,4.09,3.99,4.04,162118844,826949312.00
2022/09/05,4.03,4.10,4.01,4.10,138243397,709567616.00
2022/09/06,4.10,4.18,4.09,4.17,224660516,1173164672.00
2022/09/07,4.15,4.18,4.11,4.16,114529329,597327360.00
2022/09/08,4.17,4.19,4.10,4.16,116052381,605533824.00
2022/09/09,4.17,4.31,4.15,4.29,260517716,1388384896.00
2022/09/13,4.27,4.34,4.23,4.25,183629137,983427776.00
2022/09/14,4.21,4.25,4.17,4.19,154131506,813321792.00
2022/09/15,4.21,4.34,4.20,4.30,284683224,1523381120.00
2022/09/16,4.28,4.32,4.08,4.08,254287155,1332099712.00
2022/09/19,4.10,4.21,4.05,4.17,165145590,861492608.00
2022/09/20,4.19,4.19,4.01,4.04,209570681,1078074880.00
2022/09/21,4.03,4.11,4.01,4.08,151437250,778979072.00
2022/09/22,4.06,4.08,3.98,4.05,143810763,732400896.00
2022/09/23,4.04,4.22,4.04,4.15,195229803,1019967104.00
2022/09/26,4.14,4.19,4.06,4.08,177500299,921610624.00
2022/09/27,4.05,4.10,4.00,4.08,130694003,668601280.00
2022/09/28,4.06,4.11,4.03,4.03,109945969,563676608.00
2022/09/29,4.06,4.07,3.91,3.94,158373305,798146752.00
2022/09/30,3.96,4.12,3.96,4.08,218691338,1120458880.00
2022/10/10,4.09,4.22,4.06,4.15,215456693,1127165184.00
2022/10/11,4.16,4.19,4.05,4.06,125720176,648167872.00
2022/10/12,4.06,4.20,4.04,4.18,149549647,776548736.00
2022/10/13,4.16,4.19,4.05,4.08,154019537,793671232.00
2022/10/14,4.10,4.28,4.10,4.15,198292732,1045323392.00
2022/10/17,4.15,4.16,4.05,4.13,139771336,724136128.00
2022/10/18,4.14,4.18,4.09,4.11,109553182,569592448.00
2022/10/19,4.12,4.16,4.05,4.06,132014313,682069504.00
2022/10/20,4.05,4.08,4.01,4.03,124938900,637822592.00
2022/10/21,4.05,4.16,4.04,4.09,186049290,962621760.00
2022/10/24,4.08,4.09,3.91,3.92,255437295,1288165248.00
2022/10/25,3.94,3.98,3.92,3.93,144177230,723160576.00
2022/10/26,3.93,3.97,3.76,3.82,275970806,1359030400.00
2022/10/27,3.82,3.89,3.81,3.85,152639310,751936640.00
2022/10/28,3.84,3.90,3.79,3.83,179664937,883790784.00
2022/10/31,3.84,3.88,3.65,3.68,275396708,1322979840.00
2022/11/01,3.70,3.77,3.66,3.76,220665631,1057620992.00
2022/11/02,3.74,3.75,3.70,3.73,239851604,1149311360.00
2022/11/03,3.71,3.72,3.61,3.67,198889287,941952064.00
2022/11/04,3.67,3.77,3.66,3.75,190873618,917735808.00
2022/11/07,3.73,3.83,3.73,3.81,155898579,758669504.00
2022/11/08,3.80,3.85,3.79,3.82,107233850,525022400.00
2022/11/09,3.83,3.92,3.83,3.84,116441464,575788352.00
2022/11/10,3.82,3.89,3.77,3.86,123688517,607145088.00
2022/11/11,3.92,4.16,3.91,4.11,408426064,2086459648.00
2022/11/14,4.21,4.31,4.18,4.22,434126024,2307057408.00
2022/11/15,4.22,4.27,4.18,4.25,194083035,1028360384.00
2022/11/16,4.24,4.25,4.15,4.19,157711205,833054080.00
2022/11/17,4.20,4.23,4.15,4.20,138547579,729162496.00
2022/11/18,4.21,4.24,4.13,4.16,143703517,753313024.00
2022/11/21,4.12,4.14,4.04,4.10,108604762,560052224.00
2022/11/22,4.13,4.51,4.09,4.39,532245804,2899698944.00
2022/11/23,4.37,4.71,4.33,4.45,619973208,3471629568.00
2022/11/24,4.46,4.50,4.29,4.35,265056650,1441690112.00
2022/11/25,4.36,4.71,4.35,4.67,569927471,3224686592.00
2022/11/28,4.54,4.69,4.51,4.57,379536105,2141986816.00
2022/11/29,4.71,4.91,4.68,4.81,626453883,3679534848.00
2022/11/30,4.78,4.86,4.72,4.81,309704222,1817421312.00
2022/12/01,4.82,4.85,4.63,4.67,396136492,2288238592.00
2022/12/02,4.67,4.69,4.46,4.61,319067612,1797252608.00
2022/12/05,4.75,5.10,4.66,5.04,649013197,3888719104.00
2022/12/06,4.95,5.07,4.86,4.90,327477555,1972024064.00
2022/12/07,4.87,4.94,4.75,4.81,281822549,1661242368.00
2022/12/08,4.80,4.92,4.77,4.83,185782348,1096034176.00
2022/12/09,4.91,4.92,4.74,4.87,258677146,1529744256.00
2022/12/12,4.83,4.88,4.67,4.70,251397323,1463334784.00
2022/12/13,4.68,4.77,4.64,4.70,165077525,951835968.00
2022/12/14,4.70,4.72,4.61,4.64,185485193,1059793984.00
2022/12/15,4.63,4.65,4.51,4.54,214266802,1203478912.00
2022/12/16,4.55,4.69,4.54,4.62,184631724,1048880832.00
2022/12/19,4.60,4.67,4.44,4.46,187097917,1041345152.00
2022/12/20,4.47,4.53,4.39,4.42,141349419,779550528.00
2022/12/21,4.43,4.43,4.36,4.39,99088040,540912000.00
2022/12/22,4.43,4.49,4.31,4.36,227726252,1241343232.00
2022/12/23,4.35,4.38,4.30,4.35,99512926,538414528.00
2022/12/26,4.35,4.36,4.23,4.30,175474705,939113984.00
2022/12/27,4.35,4.43,4.33,4.34,154124027,838678272.00
2022/12/28,4.33,4.37,4.29,4.32,121464404,655407424.00
2022/12/29,4.33,4.33,4.22,4.25,169470314,901133824.00
2022/12/30,4.27,4.39,4.25,4.36,178223892,962942720.00
2023/01/03,4.37,4.45,4.30,4.42,184636684,1008600064.00
2023/01/04,4.42,4.58,4.38,4.53,219935350,1227302144.00
2023/01/05,4.55,4.56,4.47,4.52,198902085,1111074048.00
2023/01/06,4.52,4.55,4.44,4.45,162716059,901817472.00
2023/01/09,4.47,4.49,4.40,4.46,149959165,826304768.00
2023/01/10,4.44,4.45,4.34,4.36,135921248,740256256.00
2023/01/11,4.36,4.43,4.35,4.36,174121052,951742592.00
2023/01/12,4.35,4.37,4.28,4.32,123246335,664184448.00
2023/01/13,4.33,4.39,4.31,4.38,139742679,757798848.00
2023/01/16,4.37,4.43,4.29,4.39,227455010,1238689024.00
2023/01/17,4.37,4.39,4.29,4.32,155643752,838579328.00
2023/01/18,4.32,4.37,4.29,4.30,119252710,641836160.00
2023/01/19,4.28,4.32,4.24,4.32,180545056,964995136.00
2023/01/20,4.31,4.50,4.29,4.50,310349679,1705866368.00
2023/01/30,4.53,4.55,4.41,4.43,258219684,1430153088.00
2023/01/31,4.44,4.49,4.41,4.47,171842219,950353408.00
2023/02/01,4.48,4.51,4.41,4.50,205565170,1137890048.00
2023/02/02,4.51,4.51,4.42,4.46,188083799,1039081024.00
2023/02/03,4.43,4.44,4.32,4.34,196902259,1069562688.00
2023/02/06,4.30,4.37,4.27,4.33,176796796,953174784.00
2023/02/07,4.33,4.45,4.31,4.43,220741825,1208308096.00
2023/02/08,4.44,4.44,4.32,4.34,145794879,792457856.00
2023/02/09,4.32,4.39,4.31,4.37,120336655,653723840.00
2023/02/10,4.36,4.39,4.33,4.36,135147666,733048896.00
2023/02/13,4.34,4.42,4.29,4.39,221420457,1202687104.00
2023/02/14,4.39,4.45,4.37,4.42,148735903,815048384.00
2023/02/15,4.41,4.42,4.31,4.32,174707883,946888064.00
2023/02/16,4.34,4.50,4.34,4.37,368166889,2026620544.00
2023/02/17,4.37,4.39,4.29,4.30,228101784,1234468480.00
2023/02/20,4.31,4.65,4.30,4.62,567819605,3169400576.00
2023/02/21,4.61,4.71,4.61,4.70,316438797,1814334208.00
2023/02/22,4.65,4.72,4.64,4.65,193860579,1112619008.00
2023/02/23,4.65,4.67,4.59,4.63,151058264,860440128.00
2023/02/24,4.62,4.65,4.51,4.55,213877904,1204500992.00
2023/02/27,4.52,4.58,4.50,4.53,132268483,743122112.00
2023/02/28,4.54,4.57,4.45,4.55,242579880,1354139776.00
2023/03/01,4.55,4.71,4.51,4.68,303614618,1736201216.00
2023/03/02,4.67,4.88,4.65,4.82,472025104,2768030720.00
2023/03/03,4.83,5.09,4.81,5.04,618680486,3743915520.00
2023/03/06,5.14,5.19,4.94,4.97,445351114,2721525504.00
2023/03/07,4.99,5.21,4.95,4.96,553450908,3403950848.00
2023/03/08,4.92,4.98,4.87,4.94,224343143,1344189312.00
2023/03/09,4.95,4.96,4.82,4.85,247197804,1465386496.00
2023/03/10,4.82,4.89,4.76,4.77,241088816,1419323264.00
2023/03/13,4.88,5.05,4.86,5.04,400183124,2416731392.00
2023/03/14,5.00,5.09,4.90,4.92,321729332,1944884608.00
2023/03/15,4.95,5.18,4.85,5.11,464902151,2842482432.00
2023/03/16,5.04,5.13,4.98,5.01,311032309,1902671744.00
2023/03/17,5.03,5.25,4.99,5.16,531664207,3309905408.00
2023/03/20,5.20,5.47,5.04,5.05,603860205,3816584704.00
2023/03/21,5.06,5.13,4.93,4.97,332624973,2022026496.00
2023/03/22,4.96,5.15,4.93,5.02,286206606,1746948096.00
2023/03/23,4.99,5.13,4.95,5.11,265355626,1626815616.00
2023/03/24,5.09,5.09,4.83,4.85,501317635,3001807616.00
2023/03/27,4.84,4.89,4.75,4.80,291512737,1712456832.00
2023/03/28,4.83,4.90,4.76,4.79,201583373,1185106816.00
2023/03/29,4.82,4.82,4.65,4.66,277422508,1600158464.00
2023/03/30,4.67,4.79,4.65,4.78,234863159,1358754816.00
2023/03/31,4.76,4.80,4.70,4.73,189089429,1097005056.00
2023/04/03,4.72,4.85,4.66,4.78,257339722,1507205760.00
2023/04/04,4.78,5.11,4.75,5.09,569669950,3452791808.00
2023/04/06,5.07,5.12,4.98,5.04,228097953,1392678272.00
2023/04/07,5.06,5.11,5.00,5.05,183882127,1126096256.00
2023/04/10,5.04,5.17,5.01,5.10,248780177,1540644864.00
2023/04/11,5.09,5.17,4.98,5.15,300297910,1851785856.00
2023/04/12,5.15,5.35,5.10,5.34,403578477,2554691840.00
2023/04/13,5.30,5.35,5.23,5.32,223103245,1419290240.00
2023/04/14,5.30,5.46,5.27,5.42,335365854,2168328192.00
2023/04/17,5.39,5.58,5.32,5.51,415490238,2718138368.00
2023/04/18,5.34,5.48,5.26,5.43,460423670,2967465728.00
2023/04/19,5.40,5.50,5.25,5.27,350268709,2251652096.00
2023/04/20,5.25,5.44,5.22,5.40,374748623,2401818624.00
2023/04/21,5.43,5.51,5.30,5.30,311473173,2013965184.00
2023/04/24,5.33,5.39,5.14,5.17,408024841,2582339072.00
2023/04/25,5.23,5.31,5.15,5.23,313484217,1973470720.00
2023/04/26,5.19,5.23,5.00,5.06,351513641,2170731008.00
2023/04/27,5.11,5.32,5.07,5.23,313611765,1972802176.00
2023/04/28,5.37,5.51,5.29,5.50,535634109,3475633920.00
2023/05/04,5.43,5.97,5.38,5.93,813542844,5552954880.00
2023/05/05,5.93,5.98,5.83,5.85,480940264,3347175424.00
2023/05/08,5.85,6.15,5.79,6.01,626271355,4416527360.00
2023/05/09,6.04,6.28,5.88,5.90,664018875,4733714432.00
2023/05/10,5.91,5.93,5.66,5.70,455590879,3115909632.00
2023/05/11,5.72,5.77,5.63,5.66,280721259,1896652288.00
2023/05/12,5.64,5.72,5.46,5.46,312188232,2064967936.00
2023/05/15,5.45,5.47,5.27,5.42,392927086,2524715776.00
2023/05/16,5.42,5.47,5.23,5.26,291045325,1861194624.00
2023/05/17,5.25,5.31,5.16,5.26,268271419,1692117760.00
2023/05/18,5.26,5.33,5.20,5.21,324846285,2056702592.00
2023/05/19,5.18,5.18,5.04,5.11,301739806,1863969408.00
2023/05/22,5.12,5.17,5.08,5.09,206417279,1275614208.00
2023/05/23,5.10,5.15,4.98,4.98,244552399,1496198656.00
2023/05/24,4.94,4.96,4.77,4.78,367050920,2169725440.00
2023/05/25,4.75,4.77,4.67,4.73,286358202,1656186368.00
2023/05/26,4.73,4.75,4.62,4.68,244972567,1407784064.00
2023/05/29,4.71,4.78,4.68,4.73,243209940,1409870592.00
2023/05/30,4.73,4.94,4.71,4.89,435231069,2573893888.00
2023/05/31,4.83,4.91,4.80,4.83,267066281,1580498432.00
2023/06/01,4.82,4.99,4.80,4.94,298138126,1785948032.00
2023/06/02,4.94,5.04,4.88,5.01,257188981,1551662080.00
2023/06/05,4.99,5.03,4.91,4.93,239228068,1442961280.00
2023/06/06,4.93,5.14,4.90,4.95,330486535,2017740928.00
2023/06/07,4.98,5.04,4.92,4.95,153356684,926719296.00
2023/06/08,4.97,5.11,4.89,5.10,220616903,1346877696.00
2023/06/09,5.07,5.15,5.06,5.11,165041902,1020855936.00
2023/06/12,5.09,5.10,4.98,4.98,197717564,1204115840.00
2023/06/13,4.99,5.01,4.88,4.93,181949346,1091325952.00
2023/06/14,4.93,5.01,4.86,4.88,157938183,946223104.00
2023/06/15,4.89,4.95,4.86,4.94,136908073,818843328.00
2023/06/16,4.96,5.08,4.95,5.05,241370507,1473850624.00
2023/06/19,5.04,5.05,4.83,4.84,310653822,1846293888.00
2023/06/20,4.83,4.88,4.75,4.77,204797782,1201669888.00
2023/06/21,4.76,4.86,4.74,4.80,176094386,1035918592.00
2023/06/26,4.77,4.78,4.59,4.62,200647111,1150974720.00
2023/06/27,4.63,4.86,4.62,4.83,225336979,1315099520.00
2023/06/28,4.85,4.90,4.79,4.89,167175276,990871104.00
2023/06/29,4.90,4.95,4.81,4.91,177762672,1061376448.00
2023/06/30,4.95,5.03,4.91,4.93,161117467,930601408.00
2023/07/03,4.93,5.02,4.87,4.97,216122264,1247219584.00
2023/07/04,4.95,5.03,4.87,4.92,174701187,1003970304.00
2023/07/05,4.90,5.03,4.89,4.94,135666380,784484480.00
2023/07/06,4.93,4.94,4.85,4.88,125847283,717230656.00
2023/07/07,4.86,4.90,4.81,4.83,138526547,783194624.00
2023/07/10,4.85,4.93,4.85,4.88,115169286,656125632.00
2023/07/11,4.93,4.96,4.87,4.92,103178063,590752704.00
2023/07/12,4.93,4.95,4.83,4.83,122851130,698659072.00
2023/07/13,4.86,4.91,4.85,4.90,126304818,719261184.00
2023/07/14,4.93,4.96,4.87,4.90,125771173,718773760.00
2023/07/17,4.89,4.89,4.82,4.85,94683680,534781248.00
2023/07/18,4.86,4.86,4.78,4.81,122158818,686678080.00
2023/07/19,4.79,4.85,4.78,4.84,106611578,599230400.00
2023/07/20,4.84,4.88,4.79,4.80,140389262,793434048.00
2023/07/21,4.75,4.75,4.66,4.69,273053885,1504508672.00
2023/07/24,4.67,4.77,4.64,4.75,163142542,901229440.00
2023/07/25,4.82,5.01,4.81,5.01,358078045,2064466944.00
2023/07/26,5.00,5.04,4.97,5.02,138175099,803449216.00
2023/07/27,5.03,5.06,4.99,5.00,116033050,677040128.00
2023/07/28,5.00,5.23,4.97,5.21,285662041,1697441152.00
2023/07/31,5.24,5.44,5.24,5.30,302047723,1856098816.00
2023/08/01,5.27,5.36,5.25,5.29,148418186,905617792.00
2023/08/02,5.28,5.35,5.22,5.26,121307213,737015104.00
2023/08/03,5.25,5.33,5.20,5.30,117100084,711144256.00
2023/08/04,5.34,5.43,5.27,5.28,155732783,957258432.00
2023/08/07,5.27,5.29,5.17,5.22,152837472,920498112.00
2023/08/08,5.19,5.25,5.17,5.20,101911812,613444864.00
2023/08/09,5.19,5.25,5.17,5.23,100207682,604533760.00
2023/08/10,5.22,5.26,5.17,5.19,109563777,658675200.00
2023/08/11,5.21,5.23,5.05,5.05,186868053,1107236224.00
2023/08/14,5.01,5.13,4.96,5.09,190282656,1111497344.00
2023/08/15,5.09,5.13,5.05,5.11,121308817,716689024.00
2023/08/16,5.11,5.20,5.05,5.13,123225413,733050752.00
2023/08/17,5.12,5.15,5.06,5.13,135806626,803616448.00
2023/08/18,5.13,5.22,5.04,5.04,138625515,821506752.00
2023/08/21,5.04,5.14,5.01,5.01,142402210,837177088.00
2023/08/22,5.03,5.14,5.02,5.12,169861172,1002163520.00
2023/08/23,5.11,5.15,5.04,5.04,163741170,966387840.00
2023/08/24,5.06,5.08,4.77,4.77,344962886,1959704832.00
2023/08/25,4.76,4.90,4.75,4.86,191997355,1085342592.00
2023/08/28,5.14,5.18,4.97,5.01,281147567,1653342336.00
2023/08/29,5.01,5.07,4.90,4.94,245336928,1412535808.00
2023/08/30,4.90,4.92,4.80,4.81,231530728,1307472512.00
2023/08/31,4.84,4.87,4.79,4.82,186145938,1048142720.00
2023/09/01,4.85,4.96,4.85,4.91,192454421,1101264256.00
2023/09/04,4.97,5.04,4.95,4.99,221656775,1288862848.00
2023/09/05,4.97,4.98,4.88,4.91,141992046,812490816.00
2023/09/06,4.90,4.95,4.85,4.92,152318298,869305216.00
2023/09/07,4.91,4.95,4.86,4.86,116694030,665836544.00
2023/09/08,4.85,4.87,4.82,4.86,69339981,392297024.00
2023/09/11,4.88,4.90,4.84,4.88,123623651,702454080.00
2023/09/12,4.88,4.92,4.84,4.85,102343340,581435392.00
2023/09/13,4.86,4.92,4.84,4.87,155761427,885553088.00
2023/09/14,4.89,4.93,4.86,4.90,118381641,675944128.00
2023/09/15,4.92,4.93,4.81,4.82,165841964,940764736.00
2023/09/18,4.83,4.84,4.78,4.80,106426726,597311744.00
2023/09/19,4.81,4.84,4.77,4.82,97526414,547925312.00
2023/09/20,4.81,4.86,4.76,4.83,95622739,538448192.00
2023/09/21,4.83,4.86,4.76,4.76,115725224,649478272.00
2023/09/22,4.75,4.92,4.74,4.92,191361169,1082760448.00
2023/09/25,4.91,4.91,4.78,4.79,159829480,900582720.00
2023/09/26,4.79,4.80,4.70,4.70,187885081,1042269120.00
2023/09/27,4.72,4.79,4.71,4.75,161162354,896816128.00
2023/09/28,4.77,4.78,4.71,4.72,109607346,607566848.00
2023/10/09,4.71,4.71,4.62,4.63,152002940,831856576.00
2023/10/10,4.66,4.67,4.39,4.41,355334420,1869818112.00
2023/10/11,4.42,4.47,4.40,4.43,145807949,764572096.00
2023/10/12,4.48,4.57,4.48,4.53,157153705,839341184.00
2023/10/13,4.50,4.51,4.44,4.45,93114821,490630816.00
2023/10/16,4.48,4.49,4.42,4.44,81302089,427328736.00
2023/10/17,4.46,4.49,4.43,4.48,88810487,468377664.00
2023/10/18,4.46,4.48,4.40,4.41,95323419,499671840.00
2023/10/19,4.39,4.41,4.30,4.36,186571035,962065408.00
2023/10/20,4.36,4.40,4.30,4.33,127393978,657824896.00
2023/10/23,4.33,4.34,4.23,4.27,111052727,564753984.00
2023/10/24,4.27,4.30,4.22,4.28,145848467,740767296.00
2023/10/25,4.39,4.41,4.32,4.38,194950667,1009528512.00
2023/10/26,4.35,4.41,4.33,4.40,104521441,541184512.00
2023/10/27,4.40,4.44,4.35,4.41,136791888,713987584.00
2023/10/30,4.40,4.41,4.33,4.36,141918622,733290176.00
2023/10/31,4.36,4.39,4.32,4.37,107474957,554926336.00
2023/11/01,4.38,4.38,4.33,4.34,98676278,509309568.00
2023/11/02,4.35,4.44,4.34,4.35,143375104,745436416.00
2023/11/03,4.36,4.38,4.33,4.34,119015485,614140800.00
2023/11/06,4.36,4.47,4.33,4.43,220672100,1151152640.00
2023/11/07,4.42,4.43,4.35,4.36,136647700,708378304.00
2023/11/08,4.36,4.37,4.31,4.33,119018919,612694976.00
2023/11/09,4.33,4.40,4.32,4.34,128265968,662616384.00
2023/11/10,4.33,4.34,4.24,4.26,175713927,892037248.00
2023/11/13,4.27,4.34,4.25,4.33,158099347,807117504.00
2023/11/14,4.33,4.37,4.29,4.32,96945042,497675072.00
2023/11/15,4.36,4.39,4.33,4.36,134370932,694364928.00
2023/11/16,4.36,4.37,4.30,4.33,87296757,447868384.00
2023/11/17,4.32,4.32,4.26,4.28,119681414,608874944.00
2023/11/20,4.29,4.30,4.24,4.26,136512861,692947136.00
2023/11/21,4.28,4.36,4.28,4.31,202812615,1042033344.00
2023/11/22,4.29,4.32,4.27,4.28,96564124,492496800.00
2023/11/23,4.27,4.32,4.25,4.31,110940058,565749248.00
2023/11/24,4.31,4.35,4.27,4.29,96327409,492432512.00
2023/11/27,4.29,4.30,4.18,4.21,226835851,1139905408.00
2023/11/28,4.21,4.22,4.19,4.20,109596676,549202112.00
2023/11/29,4.21,4.21,4.05,4.13,279140388,1374214656.00
2023/11/30,4.12,4.18,4.10,4.16,139756922,693807872.00
2023/12/01,4.15,4.17,4.11,4.14,181010141,896622592.00
2023/12/04,4.14,4.16,4.07,4.07,148471000,728668352.00
2023/12/05,4.06,4.07,4.00,4.00,137494658,666038208.00
2023/12/06,3.99,4.00,3.94,3.96,156776497,748605952.00
2023/12/07,3.94,3.98,3.91,3.95,119834757,570402496.00
2023/12/08,3.96,4.01,3.94,3.95,123616660,591414720.00
2023/12/11,3.94,4.01,3.87,3.98,203803887,964647680.00
2023/12/12,3.97,4.05,3.96,4.04,158494035,764128000.00
2023/12/13,4.03,4.04,3.95,3.95,116191500,557145600.00
2023/12/14,3.97,4.01,3.94,3.94,101788040,486145152.00
2023/12/15,3.97,3.99,3.91,3.92,127044023,604723840.00
2023/12/18,3.91,3.95,3.88,3.89,93487231,440971744.00
2023/12/19,3.89,3.91,3.84,3.87,127748914,598276928.00
2023/12/20,3.87,3.92,3.85,3.86,118458149,556475520.00
2023/12/21,3.84,3.91,3.83,3.91,117350355,550492864.00
2023/12/22,3.91,3.97,3.89,3.95,123921848,588086400.00
2023/12/25,3.95,3.95,3.89,3.91,83524002,394544512.00
2023/12/26,3.91,3.93,3.89,3.90,70727180,333824288.00
2023/12/27,3.91,3.94,3.87,3.92,95829291,451505824.00
2023/12/28,3.91,4.03,3.90,4.01,157180786,753324032.00
2023/12/29,4.00,4.05,3.96,4.00,151553105,727976128.00
2024/01/02,4.01,4.01,3.93,3.93,163051333,777021056.00
2024/01/03,3.93,3.98,3.92,3.97,170695724,812764800.00
2024/01/04,3.97,3.99,3.90,3.93,130743914,619971776.00
2024/01/05,3.93,4.03,3.92,3.96,270205562,1295905408.00
2024/01/08,3.97,3.99,3.90,3.91,180895437,858449088.00
2024/01/09,3.91,3.97,3.90,3.96,141614493,672690368.00
2024/01/10,3.95,3.97,3.92,3.94,88570430,421041184.00
2024/01/11,3.94,3.95,3.89,3.93,134780103,637230720.00
2024/01/12,3.92,3.98,3.91,3.94,133983044,638503616.00
2024/01/15,3.93,4.00,3.91,3.98,136885724,653617856.00
2024/01/16,3.96,4.00,3.94,3.99,137838875,659119040.00
2024/01/17,3.97,3.99,3.89,3.90,192325682,913386880.00
2024/01/18,3.89,3.90,3.73,3.87,340993247,1576760960.00
2024/01/19,3.83,3.90,3.80,3.86,194263966,907492608.00
2024/01/22,3.85,3.92,3.77,3.80,255168663,1193469568.00
2024/01/23,3.79,3.83,3.76,3.80,147159874,678820672.00
2024/01/24,3.83,4.06,3.82,4.06,371184522,1762952832.00
2024/01/25,4.05,4.31,4.03,4.29,517906721,2604948736.00
2024/01/26,4.31,4.41,4.25,4.36,454556909,2334952192.00
2024/01/29,4.44,4.59,4.36,4.39,547252933,2882294272.00
2024/01/30,4.37,4.45,4.35,4.37,326630271,1701265536.00
2024/01/31,4.34,4.41,4.29,4.33,262973032,1357738880.00
2024/02/01,4.29,4.31,4.20,4.21,300557158,1521820672.00
2024/02/02,4.21,4.35,4.16,4.24,350616130,1781724288.00
2024/02/05,4.23,4.29,4.16,4.24,354626292,1790223616.00
2024/02/06,4.21,4.34,4.19,4.30,338988165,1723253888.00
2024/02/07,4.30,4.35,4.26,4.34,329230124,1685122048.00
2024/02/08,4.34,4.37,4.27,4.31,333608048,1705821440.00
2024/02/19,4.32,4.37,4.28,4.37,300496463,1540610304.00
2024/02/20,4.35,4.39,4.33,4.38,207362134,1073019264.00
2024/02/21,4.37,4.61,4.35,4.54,359727954,1915483648.00
2024/02/22,4.52,4.56,4.50,4.55,179692134,960510912.00
2024/02/23,4.56,4.69,4.55,4.68,289587800,1579666560.00
2024/02/26,4.65,4.66,4.49,4.50,296544071,1592305152.00
2024/02/27,4.48,4.53,4.46,4.51,167803924,890288704.00
2024/02/28,4.50,4.56,4.48,4.49,217899851,1160939136.00
2024/02/29,4.47,4.54,4.47,4.54,173002076,919636032.00
2024/03/01,4.52,4.53,4.48,4.51,156472507,831473408.00
2024/03/04,4.49,4.50,4.42,4.44,208111034,1093770368.00
2024/03/05,4.43,4.55,4.42,4.53,216907932,1152572544.00
2024/03/06,4.53,4.55,4.48,4.48,148952341,791078336.00
2024/03/07,4.49,4.56,4.48,4.49,161551854,859694784.00
2024/03/08,4.49,4.51,4.45,4.49,131744584,697439040.00
2024/03/11,4.50,4.54,4.47,4.51,159320575,846129536.00
2024/03/12,4.51,4.51,4.45,4.48,182848392,966494144.00
2024/03/13,4.48,4.49,4.37,4.38,208776029,1087973504.00
2024/03/14,4.36,4.47,4.36,4.41,175881173,922744704.00
2024/03/15,4.40,4.42,4.36,4.40,137771839,715697088.00
2024/03/18,4.39,4.48,4.39,4.43,168228529,882396480.00
2024/03/19,4.42,4.45,4.37,4.38,130088535,678105664.00
2024/03/20,4.38,4.42,4.36,4.40,106231173,552668160.00
2024/03/21,4.41,4.44,4.38,4.40,116304023,607403648.00
2024/03/22,4.40,4.41,4.33,4.36,140695450,727780096.00
2024/03/25,4.36,4.43,4.35,4.39,148048421,771751872.00
2024/03/26,4.38,4.44,4.38,4.43,123317919,644405376.00
2024/03/27,4.42,4.47,4.42,4.42,124684772,654830336.00
2024/03/28,4.41,4.44,4.38,4.41,134788489,704203904.00
2024/03/29,4.42,4.47,4.41,4.43,149015281,782803648.00
2024/04/01,4.45,4.49,4.41,4.46,192177294,1012289152.00
2024/04/02,4.44,4.47,4.40,4.41,173091545,907229696.00
2024/04/03,4.42,4.43,4.38,4.39,121158419,631477760.00
2024/04/08,4.38,4.44,4.35,4.38,154048465,802602752.00
2024/04/09,4.39,4.40,4.29,4.30,188776393,969934208.00
2024/04/10,4.30,4.33,4.23,4.24,165473976,840957760.00
2024/04/11,4.24,4.33,4.20,4.28,183068159,931536000.00
2024/04/12,4.27,4.28,4.20,4.20,163075944,821449024.00
2024/04/15,4.22,4.44,4.22,4.42,365570968,1893302784.00
2024/04/16,4.41,4.46,4.37,4.42,280732153,1469118592.00
2024/04/17,4.39,4.55,4.35,4.54,344931538,1819343744.00
2024/04/18,4.53,4.62,4.51,4.57,243800907,1312388480.00
2024/04/19,4.57,4.61,4.53,4.55,249661542,1342398720.00
2024/04/22,4.55,4.63,4.51,4.55,236704829,1273174656.00
2024/04/23,4.55,4.57,4.40,4.41,231243641,1219592192.00
2024/04/24,4.42,4.47,4.40,4.46,141036933,739814976.00
2024/04/25,4.46,4.50,4.43,4.48,142147992,750143680.00
2024/04/26,4.48,4.56,4.46,4.54,203172176,1081094144.00
2024/04/29,4.53,4.67,4.52,4.64,282576857,1532969984.00
2024/04/30,4.64,4.64,4.54,4.55,249758489,1344375808.00
2024/05/06,4.60,4.67,4.59,4.61,235771420,1282574976.00
2024/05/07,4.60,4.65,4.57,4.60,172821233,935336960.00
2024/05/08,4.59,4.60,4.54,4.54,133450556,717375296.00
2024/05/09,4.55,4.61,4.55,4.60,141010190,761426240.00
2024/05/10,4.61,4.69,4.60,4.67,233346468,1274314368.00
2024/05/13,4.67,4.77,4.65,4.74,263116015,1453800320.00
2024/05/14,4.74,4.75,4.70,4.71,162921161,901115840.00
2024/05/15,4.71,4.76,4.67,4.71,180748563,999384960.00
2024/05/16,4.71,4.89,4.70,4.85,323723532,1826437120.00
2024/05/17,4.89,5.06,4.82,5.05,429442378,2466398464.00
2024/05/20,5.04,5.05,4.96,4.99,305722016,1777126400.00
2024/05/21,4.99,5.07,4.98,5.02,218842210,1276727296.00
2024/05/22,5.01,5.15,5.00,5.08,249717637,1471201792.00
2024/05/23,5.07,5.08,4.94,4.98,227985284,1322045952.00
2024/05/24,4.97,5.01,4.87,4.89,178300372,1024887488.00
2024/05/27,4.87,4.95,4.87,4.94,137802162,789180480.00
2024/05/28,4.94,4.96,4.85,4.87,146241857,834590784.00
2024/05/29,4.86,4.95,4.85,4.89,120903004,690551040.00
2024/05/30,4.88,4.91,4.79,4.84,147741695,834632640.00
2024/05/31,4.84,4.87,4.81,4.82,140595911,793890496.00
2024/06/03,4.82,4.84,4.74,4.78,151097655,842492672.00
2024/06/04,4.77,4.89,4.76,4.86,177268668,1001360576.00
2024/06/05,4.86,4.87,4.76,4.77,132827318,745428096.00
2024/06/06,4.78,4.82,4.74,4.76,139232561,779040384.00
2024/06/07,4.78,4.84,4.76,4.80,162304714,910797696.00
2024/06/11,4.78,4.79,4.67,4.69,174674368,963936128.00
2024/06/12,4.68,4.74,4.62,4.71,143356548,787627712.00
2024/06/13,4.71,4.74,4.65,4.66,112709185,619329792.00
2024/06/14,4.65,4.76,4.64,4.75,159878286,883746048.00
2024/06/17,4.72,4.73,4.61,4.63,169928631,928527872.00
2024/06/18,4.64,4.74,4.63,4.71,177247388,976116416.00
2024/06/19,4.71,4.76,4.70,4.73,92904426,514525152.00
2024/06/20,4.73,4.74,4.64,4.65,120623783,660401408.00
2024/06/21,4.66,4.69,4.64,4.67,132404924,725203904.00
2024/06/24,4.67,4.69,4.61,4.66,149823930,818488192.00
2024/06/25,4.66,4.72,4.65,4.67,148039341,813847744.00
2024/06/26,4.67,4.68,4.62,4.65,148878253,813175296.00
2024/06/27,4.71,4.74,4.64,4.71,212144058,1110075392.00
2024/06/28,4.69,4.82,4.68,4.77,180648093,959962624.00
2024/07/01,4.77,4.94,4.77,4.90,170028148,921972480.00
2024/07/02,4.90,4.94,4.88,4.90,132646948,722258816.00
2024/07/03,4.89,4.97,4.89,4.92,125019297,683726656.00
2024/07/04,4.93,4.96,4.89,4.89,117381260,640707968.00
2024/07/05,4.89,4.92,4.81,4.82,154947508,834612736.00
2024/07/08,4.82,4.85,4.74,4.76,148592090,790452992.00
2024/07/09,4.77,4.78,4.66,4.72,201324714,1056420800.00
2024/07/10,4.70,4.72,4.65,4.67,145510981,758529280.00
2024/07/11,4.71,4.81,4.69,4.81,170666631,906942016.00
2024/07/12,4.82,4.92,4.82,4.87,142837249,774023872.00
2024/07/15,4.86,4.92,4.84,4.86,124331084,673002560.00
2024/07/16,4.86,4.87,4.79,4.83,139568056,749501952.00
2024/07/17,4.83,4.90,4.82,4.88,146956209,795460800.00
2024/07/18,4.88,4.92,4.81,4.92,154302619,836592960.00
2024/07/19,4.90,4.92,4.84,4.91,173438248,941073024.00
2024/07/22,4.90,4.97,4.85,4.88,207911698,1129873152.00
2024/07/23,4.86,4.96,4.84,4.90,208571370,1138374656.00
2024/07/24,4.89,5.10,4.88,5.05,375058352,2083164672.00
2024/07/25,5.04,5.10,4.97,5.01,246677814,1372455168.00
2024/07/26,5.01,5.02,4.90,4.95,201921835,1108424576.00
2024/07/29,4.95,5.12,4.94,5.08,226365448,1266065536.00
2024/07/30,5.08,5.11,5.04,5.10,188538548,1060826176.00
2024/07/31,5.10,5.11,5.00,5.04,244563564,1364703872.00
2024/08/01,5.03,5.17,5.01,5.08,310457405,1751315584.00
2024/08/02,5.06,5.08,4.98,4.99,195726717,1087856768.00
2024/08/05,4.96,5.02,4.90,4.92,202948468,1115534848.00
2024/08/06,4.95,4.99,4.84,4.89,183535178,996256832.00
2024/08/07,4.89,4.93,4.86,4.87,105221573,571379968.00
2024/08/08,4.86,4.93,4.84,4.91,98037860,532903552.00
2024/08/09,4.91,5.02,4.90,4.97,155299333,856623680.00
2024/08/12,4.96,5.00,4.93,4.96,105920950,583383232.00
2024/08/13,4.96,5.00,4.94,4.97,106847808,588557120.00
2024/08/14,4.98,5.02,4.95,4.95,95685576,527904608.00
2024/08/15,4.95,5.08,4.91,5.05,205272334,1141141632.00
2024/08/16,5.06,5.10,5.04,5.10,152808190,858777920.00
2024/08/19,5.10,5.15,5.10,5.13,137301256,778366400.00
2024/08/20,5.15,5.15,5.08,5.12,120547653,681506624.00
2024/08/21,5.11,5.12,5.05,5.07,107556100,604242176.00
2024/08/22,5.09,5.14,5.08,5.13,142027997,804198848.00
2024/08/23,5.13,5.14,5.07,5.13,110981530,627350336.00
2024/08/26,5.12,5.17,5.04,5.09,166888625,940864704.00
2024/08/27,5.10,5.11,5.00,5.02,135598773,756678336.00
2024/08/28,5.03,5.04,4.90,4.93,167759513,922473536.00
2024/08/29,4.93,4.94,4.70,4.70,311636956,1652962944.00
2024/08/30,4.75,4.91,4.74,4.85,270275775,1452273792.00
2024/09/02,4.84,4.85,4.72,4.74,185710942,985221760.00
2024/09/03,4.73,4.74,4.55,4.58,294530911,1516188416.00
2024/09/04,4.57,4.62,4.47,4.47,222056660,1123795968.00
2024/09/05,4.48,4.54,4.48,4.53,166482480,840117440.00
2024/09/06,4.54,4.57,4.47,4.48,117362950,593974528.00
2024/09/09,4.45,4.46,4.32,4.34,244351926,1199493632.00
2024/09/10,4.35,4.39,4.30,4.38,156468657,764815936.00
2024/09/11,4.36,4.37,4.25,4.27,169020478,815483840.00
2024/09/12,4.26,4.30,4.25,4.25,138353538,665512576.00
2024/09/13,4.26,4.29,4.23,4.23,118930443,570451776.00
2024/09/18,4.23,4.29,4.18,4.26,135393600,645664960.00
2024/09/19,4.28,4.39,4.23,4.35,176515601,858846976.00
2024/09/20,4.34,4.39,4.30,4.37,168832753,824684032.00
2024/09/23,4.37,4.44,4.34,4.41,119134769,588731392.00
2024/09/24,4.48,4.67,4.48,4.67,331116442,1694081280.00
2024/09/25,4.77,5.03,4.77,4.92,482803040,2646215936.00
2024/09/26,4.92,5.24,4.91,5.24,462933082,2595774464.00
2024/09/27,5.36,5.42,5.13,5.26,357763543,2071713408.00
2024/09/30,5.46,5.69,5.34,5.64,734310370,4470960640.00
2024/10/08,6.25,6.25,5.69,5.85,798418187,5165271040.00
2024/10/09,5.79,5.81,5.26,5.26,622939543,3757481472.00
2024/10/10,5.29,5.84,5.28,5.76,849710052,5283218432.00
2024/10/11,5.66,5.74,5.43,5.51,615194734,3766795008.00
2024/10/14,5.64,5.93,5.64,5.82,701936026,4442502144.00
2024/10/15,5.79,5.96,5.68,5.69,441579391,2808703744.00
2024/10/16,5.75,6.00,5.71,5.92,642106930,4124457472.00
2024/10/17,5.93,5.93,5.65,5.65,506781889,3197748736.00
2024/10/18,5.64,5.81,5.54,5.74,417846384,2597394432.00
2024/10/21,5.77,5.99,5.75,5.96,585667327,3757032960.00
2024/10/22,5.89,5.96,5.82,5.88,302052536,1935606016.00
2024/10/23,5.86,6.01,5.84,5.94,388863550,2518947072.00
2024/10/24,5.89,5.91,5.76,5.79,299603589,1904652928.00
2024/10/25,5.78,5.83,5.70,5.75,270199060,1704466432.00
2024/10/28,5.52,5.66,5.39,5.60,561739694,3408434688.00
2024/10/29,5.57,5.63,5.51,5.53,278077779,1697012992.00
2024/10/30,5.52,5.59,5.46,5.47,218317498,1320807680.00
2024/10/31,5.46,5.55,5.39,5.48,266045803,1601909504.00
2024/11/01,5.48,5.79,5.48,5.61,445136616,2757141760.00
2024/11/04,5.63,5.64,5.52,5.61,207713824,1268637440.00
2024/11/05,5.55,5.71,5.55,5.69,315635825,1952448640.00
2024/11/06,5.68,5.72,5.60,5.68,333256258,2063308032.00
2024/11/07,5.64,6.01,5.63,6.00,636739749,4079355648.00
2024/11/08,6.05,6.09,5.73,5.76,574854030,3661724160.00
2024/11/11,5.71,5.79,5.58,5.65,394734862,2438793472.00
2024/11/12,5.61,5.69,5.52,5.55,304453510,1869890944.00
2024/11/13,5.52,5.66,5.52,5.59,229245758,1406463104.00
2024/11/14,5.61,5.63,5.55,5.55,200044526,1227442048.00
2024/11/15,5.55,5.60,5.51,5.51,197496312,1203850624.00
2024/11/18,5.64,5.90,5.64,5.74,654747126,4141070336.00
2024/11/19,5.69,5.70,5.52,5.56,447904343,2743349760.00
2024/11/20,5.56,5.58,5.53,5.56,206365252,1256278144.00
2024/11/21,5.55,5.60,5.54,5.57,182445544,1114042624.00
2024/11/22,5.56,5.57,5.41,5.41,291525502,1757788416.00
2024/11/25,5.45,5.46,5.33,5.35,219607693,1302616576.00
2024/11/26,5.34,5.40,5.32,5.38,159833138,942786880.00
2024/11/27,5.38,5.43,5.33,5.42,153875531,911173568.00
2024/11/28,5.42,5.47,5.39,5.43,184587404,1101030016.00
2024/11/29,5.43,5.49,5.41,5.44,179417856,1074925056.00
2024/12/02,5.41,5.50,5.41,5.49,187030146,1121011072.00
2024/12/03,5.48,5.56,5.45,5.55,242881274,1470544896.00
2024/12/04,5.54,5.56,5.50,5.52,157601329,956287232.00
2024/12/05,5.51,5.54,5.47,5.48,135836400,819563200.00
2024/12/06,5.49,5.57,5.48,5.52,199581005,1212244480.00
2024/12/09,5.53,5.63,5.51,5.56,248707854,1520708736.00
2024/12/10,5.74,5.78,5.58,5.58,276001702,1708053376.00
2024/12/11,5.58,5.63,5.56,5.57,160963963,986332160.00
2024/12/12,5.57,5.61,5.55,5.60,158886951,972496128.00
2024/12/13,5.58,5.58,5.41,5.41,286396139,1721376384.00
2024/12/16,5.42,5.45,5.36,5.37,187921803,1115845760.00
2024/12/17,5.37,5.42,5.36,5.37,157925318,935723072.00
2024/12/18,5.45,5.54,5.41,5.42,226414649,1361169792.00
2024/12/19,5.39,5.44,5.33,5.43,163971177,974719168.00
2024/12/20,5.42,5.44,5.35,5.37,167916629,994369088.00
2024/12/23,5.38,5.51,5.37,5.46,258402513,1550933632.00
2024/12/24,5.47,5.50,5.45,5.48,151527922,911942464.00
2024/12/25,5.49,5.55,5.48,5.52,180279964,1093189760.00
2024/12/26,5.52,5.52,5.46,5.48,130725605,786664704.00
2024/12/27,5.48,5.51,5.44,5.50,160434858,965086848.00
2024/12/30,5.48,5.56,5.47,5.54,185881205,1126706688.00
2024/12/31,5.53,5.56,5.46,5.46,207606108,1256801920.00
2025/01/02,5.47,5.49,5.25,5.28,300880457,1772769152.00
2025/01/03,5.28,5.34,5.22,5.24,184213807,1070904128.00
2025/01/06,5.27,5.28,5.12,5.20,176420574,1011439616.00
2025/01/07,5.21,5.22,5.13,5.20,136204501,778915968.00
2025/01/08,5.19,5.22,5.06,5.14,211746315,1200428928.00
2025/01/09,5.13,5.13,5.04,5.06,154587424,867000576.00
2025/01/10,5.06,5.09,4.96,4.96,149231853,828128640.00
2025/01/13,4.94,4.99,4.88,4.95,146609158,801148864.00
2025/01/14,4.95,5.06,4.94,5.03,174283841,967087488.00
2025/01/15,5.02,5.08,5.02,5.07,162117696,907093952.00
2025/01/16,5.08,5.15,5.04,5.06,165850057,933164032.00
2025/01/17,5.06,5.13,5.01,5.09,142148290,799375040.00
2025/01/20,5.13,5.15,5.07,5.07,111261000,628072064.00
2025/01/21,5.09,5.13,5.03,5.05,161962445,909965696.00
2025/01/22,5.04,5.06,4.93,4.95,167107066,921096576.00
2025/01/23,4.99,5.10,4.99,5.02,181696951,1015957376.00
2025/01/24,5.03,5.08,5.01,5.05,130689987,730263744.00
2025/01/27,5.07,5.12,5.05,5.10,153407954,863689216.00
2025/02/05,5.12,5.12,4.96,4.97,189986303,1052420288.00
2025/02/06,4.97,4.99,4.91,4.99,172200937,946835392.00
2025/02/07,4.98,5.04,4.95,5.00,281034812,1554108672.00
2025/02/10,4.98,5.03,4.97,4.99,159281103,883853824.00
2025/02/11,5.00,5.01,4.94,4.95,173083025,952640256.00
2025/02/12,4.96,4.97,4.90,4.97,180648978,988876096.00
2025/02/13,4.97,5.05,4.95,5.00,247404310,1372852992.00
2025/02/14,5.00,5.01,4.94,5.00,159475596,880299264.00
2025/02/17,5.01,5.04,4.96,5.00,193747115,1072034304.00
2025/02/18,5.00,5.06,4.97,4.99,226898404,1260564480.00
2025/02/19,4.98,5.04,4.98,5.00,180314593,999854720.00
2025/02/20,4.99,4.99,4.87,4.95,312275337,1706099584.00
2025/02/21,4.94,4.95,4.84,4.85,301867246,1637305984.00
2025/02/24,4.86,5.05,4.84,4.99,424348431,2341754112.00
2025/02/25,4.99,5.04,4.91,4.92,282070074,1554637440.00
2025/02/26,4.92,5.10,4.92,4.99,345255297,1919109504.00
2025/02/27,4.99,5.01,4.94,4.97,208683360,1148580736.00
2025/02/28,4.96,5.00,4.94,4.94,233555786,1285028480.00
2025/03/03,4.96,5.01,4.91,4.93,212149163,1166442240.00
2025/03/04,4.91,4.93,4.86,4.88,205275478,1112891776.00
2025/03/05,4.88,4.89,4.83,4.88,194413310,1050072960.00
2025/03/06,4.89,4.92,4.85,4.90,185871597,1008408832.00
2025/03/07,4.89,4.91,4.87,4.87,133460748,723859840.00
2025/03/10,4.88,4.89,4.81,4.82,197336200,1060330688.00
2025/03/11,4.80,4.81,4.77,4.81,162018765,863257920.00
2025/03/12,4.80,4.83,4.78,4.81,155341018,830502848.00
2025/03/13,4.81,4.84,4.78,4.79,159130043,851660992.00
2025/03/14,4.80,4.95,4.79,4.94,359383902,1953315968.00
2025/03/17,4.96,5.01,4.95,4.97,194158861,1071141440.00
2025/03/18,4.99,5.00,4.94,4.95,128907882,708881216.00
2025/03/19,4.94,4.96,4.91,4.93,133483558,730623168.00
2025/03/20,4.94,4.95,4.90,4.91,123418162,674170560.00
2025/03/21,4.91,4.97,4.89,4.91,206146128,1126388480.00
2025/03/24,4.93,4.94,4.88,4.90,142128625,774653696.00
2025/03/25,4.91,4.99,4.90,4.97,207336542,1139797120.00
2025/03/26,4.97,4.99,4.91,4.92,179982057,986252032.00
2025/03/27,4.92,4.93,4.89,4.90,131082357,713666240.00
2025/03/28,4.90,4.91,4.83,4.86,160504649,866703872.00
2025/03/31,4.83,4.87,4.71,4.72,289035571,1535292160.00
2025/04/01,4.74,4.75,4.70,4.73,224865572,1183233536.00
2025/04/02,4.72,4.76,4.70,4.74,150384522,793135616.00
2025/04/03,4.71,4.82,4.71,4.77,201048374,1068249728.00
2025/04/07,4.66,4.66,4.42,4.54,507343176,2572821504.00
2025/04/08,4.55,4.79,4.54,4.79,504620971,2647831552.00
2025/04/09,4.77,4.85,4.68,4.85,360153263,1911295232.00
2025/04/10,4.88,4.88,4.76,4.84,206448095,1106992896.00
2025/04/11,4.83,4.83,4.77,4.81,153572693,819112512.00
2025/04/14,4.82,4.82,4.78,4.79,121768670,649930496.00
2025/04/15,4.79,4.84,4.77,4.84,141846291,758051136.00
2025/04/16,4.84,4.94,4.79,4.94,310309745,1676430976.00
2025/04/17,4.90,4.97,4.88,4.97,192850680,1056537728.00
2025/04/18,4.95,4.98,4.93,4.96,108569037,597430528.00
2025/04/21,4.96,5.00,4.92,4.92,148516980,815113472.00
2025/04/22,4.91,5.01,4.91,4.99,183882684,1015417856.00
2025/04/23,5.00,5.02,4.94,4.94,114641943,631517504.00
2025/04/24,4.95,4.98,4.93,4.98,113738875,626075328.00
2025/04/25,4.98,5.02,4.96,4.98,126713586,701105280.00
2025/04/28,4.98,4.99,4.93,4.95,112277773,617679104.00
2025/04/29,4.99,5.05,4.95,4.97,186713461,1034211456.00
2025/04/30,4.96,5.00,4.93,4.97,140735700,774914176.00
2025/05/06,5.00,5.00,4.96,4.99,166986176,922205888.00
2025/05/07,5.06,5.08,4.99,5.04,205734741,1146199680.00
2025/05/08,5.03,5.13,5.01,5.05,237921936,1337127296.00
2025/05/09,5.06,5.07,5.01,5.02,132052121,736552768.00
2025/05/12,5.04,5.07,5.00,5.06,148851504,830465600.00
2025/05/13,5.07,5.19,5.05,5.17,296149911,1683616384.00
2025/05/14,5.16,5.24,5.15,5.23,161600629,927133248.00
2025/05/15,5.21,5.27,5.21,5.25,209202304,1210157824.00
2025/05/16,5.25,5.29,5.16,5.21,171517615,986089728.00
2025/05/19,5.19,5.21,5.15,5.18,112544688,643238336.00
2025/05/20,5.18,5.24,5.16,5.22,106160994,609421632.00
2025/05/21,5.22,5.28,5.20,5.23,150335132,869576384.00
2025/05/22,5.23,5.26,5.20,5.25,119284743,688186240.00
2025/05/23,5.25,5.28,5.17,5.17,128690541,741585216.00
2025/05/26,5.16,5.20,5.12,5.15,125178767,713139328.00
2025/05/27,5.15,5.16,5.08,5.09,144435365,815784576.00
2025/05/28,5.09,5.12,5.06,5.09,90406771,508907328.00
2025/05/29,5.10,5.13,5.09,5.10,104258982,588939200.00
2025/05/30,5.10,5.18,5.06,5.14,159482617,904085184.00
2025/06/03,5.13,5.19,5.12,5.15,119768850,681356928.00
2025/06/04,5.16,5.22,5.15,5.16,114044372,652148672.00
2025/06/05,5.17,5.19,5.11,5.12,118810125,674320384.00
2025/06/06,5.12,5.18,5.11,5.15,102560609,583715264.00
2025/06/09,5.15,5.17,5.08,5.09,192486922,1087885184.00
2025/06/10,5.10,5.17,5.09,5.13,186706287,1060102784.00
2025/06/11,5.13,5.20,5.13,5.18,142028611,812868672.00
2025/06/12,5.19,5.20,5.13,5.17,136299476,778325632.00
2025/06/13,5.17,5.19,5.14,5.17,165204724,942281408.00
2025/06/16,5.18,5.19,5.13,5.19,137531214,784256448.00
2025/06/17,5.19,5.23,5.16,5.21,128090146,735478144.00
2025/06/18,5.21,5.24,5.16,5.21,120074890,688969536.00
2025/06/19,5.20,5.21,5.10,5.13,171991163,976019520.00
2025/06/20,5.14,5.18,5.13,5.16,126184647,719339904.00
2025/06/23,5.14,5.20,5.09,5.17,144996337,824932416.00
2025/06/24,5.18,5.27,5.18,5.26,196518029,1135244928.00
2025/06/25,5.26,5.29,5.22,5.29,152110532,882037888.00
2025/06/26,5.29,5.30,5.24,5.29,131032181,762108032.00
2025/06/27,5.29,5.35,5.23,5.24,197076019,1147955072.00
2025/06/30,5.25,5.28,5.23,5.23,139409410,807050112.00
2025/07/01,5.25,5.26,5.22,5.22,101968383,588281536.00
2025/07/02,5.23,5.31,5.21,5.29,174598916,1014278272.00
2025/07/03,5.29,5.35,5.28,5.34,158554384,930503808.00
2025/07/04,5.36,5.40,5.33,5.38,144395316,853493504.00
2025/07/07,5.38,5.43,5.36,5.42,118290506,702873920.00
2025/07/08,5.42,5.44,5.38,5.41,124712531,742293440.00
2025/07/09,5.42,5.48,5.41,5.44,161705125,968901504.00
2025/07/10,5.46,5.60,5.45,5.57,299840130,1821620224.00
2025/07/11,5.57,5.66,5.54,5.54,300097929,1844401152.00
2025/07/14,5.55,5.65,5.55,5.59,188639812,1160454656.00
2025/07/15,5.60,5.61,5.55,5.58,188604346,1154643072.00
2025/07/16,5.57,5.60,5.51,5.55,162458379,988523520.00
2025/07/17,5.58,5.63,5.52,5.55,216703145,1264261248.00
2025/07/18,5.58,5.59,5.55,5.58,119414405,697362560.00
2025/07/21,5.67,5.72,5.59,5.60,269321501,1588736768.00
2025/07/22,5.61,5.77,5.56,5.71,444052214,2638833664.00
2025/07/23,5.75,5.76,5.61,5.62,345480138,2052062592.00
2025/07/24,5.60,5.67,5.56,5.62,306795263,1807055872.00
2025/07/25,5.61,5.62,5.51,5.53,302810608,1762834816.00
2025/07/28,5.51,5.54,5.47,5.49,205947245,1188740096.00
2025/07/29,5.48,5.51,5.45,5.48,168573790,969124032.00
2025/07/30,5.48,5.54,5.46,5.49,151217640,874258176.00
2025/07/31,5.49,5.49,5.36,5.39,265476974,1504495872.00
2025/08/01,5.38,5.43,5.36,5.37,132338584,748591872.00
2025/08/04,5.36,5.39,5.35,5.37,118399137,667250368.00
2025/08/05,5.37,5.41,5.36,5.40,123430799,698900160.00
2025/08/06,5.41,5.42,5.38,5.39,121156427,686447360.00
2025/08/07,5.40,5.42,5.38,5.40,134584586,763176448.00
2025/08/08,5.40,5.46,5.39,5.45,166428998,949492544.00
2025/08/11,5.46,5.48,5.39,5.39,216559040,1229996160.00
2025/08/12,5.39,5.44,5.38,5.38,163932559,929672640.00
2025/08/13,5.39,5.40,5.33,5.34,216373052,1219185664.00
2025/08/14,5.34,5.40,5.31,5.31,207274370,1166356096.00
2025/08/15,5.31,5.34,5.29,5.29,230889893,1287667072.00
2025/08/18,5.30,5.34,5.27,5.27,259184242,1445330432.00
2025/08/19,5.29,5.31,5.23,5.23,263187732,1453679360.00
2025/08/20,5.23,5.26,5.19,5.25,206923472,1136803072.00
2025/08/21,5.26,5.35,5.26,5.32,275025785,1535592576.00
2025/08/22,5.32,5.34,5.27,5.33,205126209,1143004032.00
2025/08/25,5.33,5.47,5.33,5.45,360333515,2049478400.00
2025/08/26,5.44,5.45,5.40,5.44,190992736,1088064768.00
2025/08/27,5.42,5.43,5.28,5.29,305019745,1715818496.00
2025/08/28,5.29,5.33,5.24,5.29,226883459,1261133952.00
2025/08/29,5.37,5.56,5.30,5.32,777595327,4415142400.00
2025/09/01,5.35,5.41,5.28,5.29,436437929,2441670144.00
2025/09/02,5.28,5.33,5.27,5.33,294166576,1640422528.00
2025/09/03,5.32,5.35,5.24,5.26,256424884,1422702592.00
2025/09/04,5.26,5.28,5.19,5.25,310011178,1705213056.00
2025/09/05,5.25,5.26,5.20,5.22,231479840,1270450688.00
2025/09/08,5.22,5.26,5.20,5.24,234867547,1292492160.00
2025/09/09,5.24,5.27,5.23,5.26,186259524,1028220160.00
2025/09/10,5.26,5.26,5.23,5.24,140116493,772696320.00
2025/09/11,5.24,5.30,5.22,5.28,213419692,1178276224.00
2025/09/12,5.28,5.35,5.27,5.30,260259195,1453727104.00
2025/09/15,5.31,5.35,5.26,5.30,212053112,1179201792.00
2025/09/16,5.30,5.36,5.29,5.33,266507197,1494064256.00
2025/09/17,5.34,5.41,5.31,5.40,271399139,1531896192.00
2025/09/18,5.40,5.41,5.23,5.24,360097732,2007222400.00
2025/09/19,5.25,5.31,5.24,5.28,184689997,1023685824.00
2025/09/22,5.28,5.29,5.21,5.23,170719284,939695744.00
2025/09/23,5.23,5.30,5.20,5.28,268421166,1485761664.00
2025/09/24,5.28,5.30,5.23,5.26,210954386,1165865600.00
2025/09/25,5.25,5.27,5.20,5.20,226887223,1246023552.00
2025/09/26,5.21,5.21,5.16,5.16,213217595,1161338624.00
2025/09/29,5.16,5.20,5.10,5.17,262087432,1418263040.00
2025/09/30,5.17,5.21,5.13,5.18,207561091,1131158016.00
2025/10/09,5.19,5.29,5.18,5.29,291749994,1608609664.00
2025/10/10,5.27,5.38,5.25,5.34,333366746,1867181952.00
2025/10/13,5.28,5.33,5.21,5.30,311839789,1726364416.00
2025/10/14,5.30,5.35,5.27,5.31,239248895,1336326400.00
2025/10/15,5.32,5.37,5.29,5.35,184471205,1033118848.00
2025/10/16,5.33,5.39,5.32,5.38,232163326,1306384256.00
2025/10/17,5.38,5.41,5.31,5.32,236611770,1334159616.00
2025/10/20,5.34,5.37,5.27,5.33,184349712,1030573120.00
2025/10/21,5.34,5.41,5.32,5.38,203170659,1149553024.00
2025/10/22,5.38,5.43,5.38,5.40,150198557,853476160.00
2025/10/23,5.40,5.45,5.37,5.45,181854859,1033411328.00
2025/10/24,5.45,5.46,5.41,5.44,161314571,921061120.00
2025/10/27,5.44,5.53,5.40,5.47,248821000,1428037632.00
2025/10/28,5.47,5.48,5.38,5.39,253448534,1439718400.00
2025/10/29,5.39,5.40,5.31,5.33,259760452,1455582464.00
2025/10/30,5.33,5.43,5.32,5.39,264485734,1497658880.00
2025/10/31,5.32,5.33,5.16,5.16,680132559,3723744768.00
2025/11/03,5.18,5.18,5.15,5.16,258783187,1405021952.00
2025/11/04,5.16,5.21,5.15,5.17,244901979,1334378624.00
2025/11/05,5.16,5.17,5.11,5.15,191467649,1037142528.00
2025/11/06,5.15,5.19,5.13,5.15,215134335,1168014720.00
2025/11/07,5.15,5.17,5.14,5.14,180576376,978947264.00
2025/11/10,5.15,5.17,5.13,5.17,158624637,860316544.00
2025/11/11,5.17,5.18,5.15,5.16,155104883,842962496.00
2025/11/12,5.17,5.19,5.16,5.18,228733921,1245651328.00
2025/11/13,5.18,5.20,5.15,5.17,213331759,1159968384.00
2025/11/14,5.16,5.18,5.14,5.15,169959063,923503680.00
2025/11/17,5.14,5.15,5.10,5.10,221703336,1193156096.00
2025/11/18,5.10,5.11,4.99,5.01,304442952,1615329024.00
2025/11/19,5.00,5.05,5.00,5.02,161844102,856236736.00
2025/11/20,5.02,5.09,5.01,5.06,207469914,1103837440.00
2025/11/21,5.04,5.05,4.98,4.98,231646608,1221644800.00
2025/11/24,5.00,5.01,4.96,5.00,143910260,757131328.00
2025/11/25,5.00,5.01,4.98,5.00,129088800,680321728.00
2025/11/26,5.01,5.02,4.99,5.00,96742469,510222688.00
2025/11/27,4.99,5.00,4.96,4.97,117398375,616323328.00
2025/11/28,4.97,4.97,4.91,4.93,223462606,1161288192.00
2025/12/01,4.92,4.98,4.92,4.97,155493777,811583936.00
2025/12/02,4.97,5.00,4.96,4.98,114872161,603508800.00
2025/12/03,4.99,5.02,4.98,4.99,122190852,643714752.00
2025/12/04,5.00,5.03,4.99,5.02,124031700,654803840.00
2025/12/05,5.02,5.07,5.00,5.06,152337269,807689472.00
2025/12/08,5.06,5.07,4.99,5.01,158661314,840967488.00
2025/12/09,5.01,5.01,4.86,4.86,273241206,1419036160.00
2025/12/10,4.87,4.93,4.84,4.91,216205834,1113399552.00
2025/12/11,4.90,4.94,4.89,4.93,159829605,828615360.00
2025/12/12,4.92,4.93,4.89,4.90,180603783,935740800.00
2025/12/15,4.90,4.95,4.89,4.91,135053751,701542976.00
2025/12/16,4.91,4.92,4.86,4.88,137461218,708434752.00
2025/12/17,4.89,4.93,4.84,4.91,154428099,796389248.00
2025/12/18,4.90,4.94,4.89,4.92,110317424,572703808.00
2025/12/19,4.93,4.97,4.92,4.94,144083413,752213632.00
2025/12/22,4.95,4.96,4.90,4.90,150991478,783963456.00
2025/12/23,4.90,4.95,4.89,4.93,119505289,621540544.00
2025/12/24,4.93,4.96,4.92,4.93,99505069,518042112.00
2025/12/25,4.94,4.96,4.92,4.94,98695528,514611968.00
2025/12/26,4.94,4.95,4.92,4.92,98959808,515088096.00
2025/12/29,4.92,4.99,4.91,4.95,179725449,939434880.00
2025/12/30,4.94,4.95,4.88,4.89,194002574,1003208896.00
2025/12/31,4.89,4.90,4.86,4.86,140127833,721085568.00
2026/01/05,4.87,4.88,4.84,4.88,224038079,1148872064.00
2026/01/06,4.88,4.92,4.86,4.92,240308206,1240638080.00
2026/01/07,4.93,4.96,4.90,4.92,207766691,1079890048.00
2026/01/08,4.91,4.93,4.88,4.92,148966099,771776768.00
2026/01/09,4.93,4.93,4.89,4.91,162780865,843195840.00
2026/01/12,4.91,4.93,4.90,4.92,180094907,933996352.00
2026/01/13,4.92,4.96,4.91,4.92,221978137,1154480384.00
2026/01/14,4.91,4.93,4.86,4.87,292146353,1509972352.00
2026/01/15,4.87,4.88,4.83,4.84,192660040,987422592.00
2026/01/16,4.85,4.92,4.83,4.84,298752356,1534831360.00
2026/01/19,4.83,4.83,4.77,4.78,273439878,1384794240.00
2026/01/20,4.78,4.90,4.77,4.87,349372987,1788895616.00
2026/01/21,4.87,4.88,4.80,4.81,258181805,1318167168.00
2026/01/22,4.82,4.87,4.80,4.81,219273732,1116795008.00
2026/01/23,4.82,4.83,4.78,4.79,264812304,1342060160.00
2026/01/26,4.79,4.84,4.78,4.82,338603129,1720790144.00
2026/01/27,4.81,4.83,4.75,4.75,302034174,1526330880.00
2026/01/28,4.76,4.84,4.68,4.69,662045677,3332913664.00
2026/01/29,4.72,4.79,4.63,4.77,830361378,4109257728.00
2026/01/30,4.75,4.84,4.74,4.77,535192322,2714258176.00
2026/02/02,4.78,4.80,4.66,4.67,416896757,2086180096.00
2026/02/03,4.70,4.74,4.67,4.71,257920387,1282084864.00
2026/02/04,4.70,4.89,4.69,4.87,583550372,2970894848.00
2026/02/05,4.88,4.92,4.85,4.88,278368506,1434695424.00
2026/02/06,4.86,4.88,4.80,4.80,270449501,1378078720.00
2026/02/09,4.83,4.86,4.81,4.84,169087929,862760448.00
2026/02/10,4.84,4.84,4.80,4.81,150218744,763857024.00
2026/02/11,4.81,4.82,4.79,4.81,130870793,664472768.00
2026/02/12,4.81,4.81,4.76,4.77,194243296,981088128.00
2026/02/13,4.77,4.78,4.72,4.73,238168984,1193867392.00
2026/02/24,4.76,4.79,4.75,4.78,180493788,910704128.00
2026/02/25,4.78,4.89,4.74,4.76,649049360,3297490432.00
2026/02/26,4.77,4.81,4.74,4.76,213731492,1076614400.00
2026/02/27,4.76,4.79,4.75,4.77,266426322,1341246848.00
2026/03/02,4.74,4.81,4.73,4.77,393108809,1982236032.00
2026/03/03,4.77,4.82,4.74,4.77,404170242,2042369152.00
2026/03/04,4.75,4.76,4.67,4.70,478012304,2379475712.00
2026/03/05,4.72,4.75,4.68,4.73,262669624,1309535232.00
2026/03/06,4.72,4.79,4.70,4.78,290415554,1456112512.00
2026/03/09,4.75,4.77,4.73,4.74,325409983,1631587584.00
2026/03/10,4.75,4.78,4.72,4.76,295644021,1485898496.00
2026/03/11,4.76,4.86,4.74,4.86,477090514,2426173696.00
2026/03/12,4.85,4.88,4.83,4.87,282817656,1449910272.00
2026/03/13,4.86,4.93,4.86,4.88,386764786,2000815488.00
2026/03/16,4.90,4.91,4.81,4.82,309401058,1581763456.00
2026/03/17,4.82,4.89,4.82,4.84,269823340,1384122496.00
2026/03/18,4.84,4.85,4.77,4.79,272515983,1380788864.00
2026/03/19,4.77,4.80,4.75,4.76,218050791,1099729664.00
2026/03/20,4.76,4.78,4.71,4.71,274484377,1375006848.00
2026/03/23,4.69,4.70,4.55,4.57,494581880,2414119680.00
2026/03/24,4.61,4.62,4.56,4.61,221718572,1078004736.00
2026/03/25,4.62,4.70,4.60,4.70,265561683,1310453120.00
2026/03/26,4.69,4.71,4.65,4.66,161002801,797452800.00
2026/03/27,4.63,4.67,4.63,4.66,167044748,821781568.00
2026/03/30,4.63,4.71,4.61,4.70,227019984,1120132864.00
2026/03/31,4.69,4.78,4.68,4.74,269276992,1352127616.00
2026/04/01,4.77,4.79,4.73,4.75,175271841,880077504.00
2026/04/02,4.74,4.77,4.72,4.76,171236802,859616704.00
2026/04/03,4.75,4.76,4.71,4.73,124313503,621800896.00
2026/04/07,4.73,4.74,4.68,4.70,134149900,667227776.00
2026/04/08,4.73,4.76,4.71,4.76,229091256,1147036800.00
2026/04/09,4.74,4.74,4.69,4.69,150503717,749636224.00
2026/04/10,4.70,4.72,4.69,4.70,139912092,695503808.00
2026/04/13,4.68,4.69,4.64,4.65,162023874,797694144.00
2026/04/14,4.66,4.71,4.65,4.70,172002757,851163968.00
2026/04/15,4.71,4.73,4.70,4.71,126598202,630869120.00
2026/04/16,4.71,4.73,4.69,4.71,116055286,577687744.00
2026/04/17,4.71,4.72,4.65,4.67,266640219,1319887744.00
2026/04/20,4.65,4.66,4.59,4.61,325812730,1592000640.00
2026/04/21,4.60,4.64,4.57,4.58,324435090,1578786688.00
2026/04/22,4.58,4.59,4.56,4.58,186281628,902156544.00
2026/04/23,4.58,4.59,4.56,4.58,177543695,859898688.00
2026/04/24,4.57,4.58,4.55,4.57,137342298,664295680.00
2026/04/27,4.57,4.58,4.54,4.54,154067229,743237056.00
2026/04/28,4.54,4.57,4.54,4.56,133449525,643516800.00
2026/04/29,4.56,4.64,4.55,4.63,260881260,1270916480.00
2026/04/30,4.63,4.65,4.59,4.64,246946880,1209170304.00
2026/05/06,4.65,4.66,4.62,4.65,189731089,930766208.00
2026/05/07,4.65,4.68,4.63,4.64,195572489,963088000.00
2026/05/08,4.64,4.65,4.62,4.64,132800427,652001920.00
2026/05/11,4.64,4.73,4.63,4.73,348984470,1731963520.00
2026/05/12,4.72,4.77,4.71,4.72,262600176,1315426432.00
2026/05/13,4.72,4.75,4.67,4.70,246792782,1226028416.00
2026/05/14,4.69,4.71,4.67,4.67,181445957,899354048.00
2026/05/15,4.68,4.70,4.65,4.66,210218025,1038729088.00
2026/05/18,4.66,4.67,4.59,4.62,219179581,1071661376.00
2026/05/19,4.61,4.66,4.61,4.62,153852241,754429056.00
2026/05/20,4.63,4.63,4.57,4.57,159713861,776215808.00
2026/05/21,4.58,4.59,4.53,4.53,189844874,916858240.00
2026/05/22,4.54,4.55,4.51,4.51,185121759,886894528.00
2026/05/25,4.52,4.54,4.49,4.50,147077549,703432576.00
2026/05/26,4.50,4.51,4.48,4.49,131213724,625181504.00
2026/05/27,4.49,4.51,4.45,4.46,157795185,748089728.00
2026/05/28,4.46,4.50,4.45,4.46,144918891,686399744.00
2026/05/29,4.48,4.57,4.47,4.56,255196340,1224903424.00
2026/06/01,4.55,4.59,4.53,4.58,198181911,955788096.00
2026/06/02,4.58,4.61,4.56,4.59,161949464,786869888.00
2026/06/03,4.59,4.60,4.48,4.50,260425676,1247478144.00
2026/06/04,4.47,4.49,4.43,4.44,186226574,879571456.00
2026/06/05,4.43,4.48,4.43,4.45,137407062,649847808.00
2026/06/08,4.43,4.45,4.41,4.43,167129283,785242496.00
2026/06/09,4.43,4.45,4.41,4.43,144252095,677457088.00
2026/06/10,4.43,4.48,4.40,4.47,164489782,775261312.00
2026/06/11,4.48,4.51,4.45,4.47,160050192,758825664.00
2026/06/12,4.48,4.51,4.45,4.50,249161666,1183646592.00
2026/06/15,4.51,4.53,4.46,4.48,207621374,988650304.00
2026/06/16,4.48,4.48,4.43,4.44,146211138,690273792.00
2026/06/17,4.44,4.50,4.40,4.46,252991727,1191599360.00
2026/06/18,4.44,4.45,4.33,4.34,308694124,1434912640.00
2026/06/22,4.34,4.40,4.27,4.38,250131756,1151883648.00
2026/06/23,4.37,4.42,4.29,4.30,250209960,1156523136.00
2026/06/24,4.30,4.31,4.21,4.21,233253966,1053688384.00
2026/06/25,4.20,4.24,4.16,4.17,211059790,942063232.00
2026/06/26,4.17,4.20,4.12,4.13,199240534,882105728.00
2026/06/29,4.12,4.16,4.01,4.13,239259497,1045628416.00
2026/06/30,4.13,4.13,4.05,4.07,174875965,761233408.00
2026/07/01,4.07,4.16,4.06,4.14,183262673,804156928.00
2026/07/02,4.14,4.21,4.13,4.17,179882969,798035008.00
2026/07/03,4.18,4.25,4.17,4.21,181899777,813968064.00
2026/07/06,4.20,4.28,4.17,4.26,207089915,931583872.00
2026/07/07,4.26,4.27,4.20,4.21,158139752,710459264.00
2026/07/08,4.23,4.31,4.21,4.30,215932738,982404160.00
2026/07/09,4.29,4.31,4.26,4.29,191060551,869689664.00
2026/07/10,4.29,4.33,4.23,4.32,204627087,932640256.00
2026/07/13,4.31,4.37,4.28,4.37,221610536,1021878720.00
2026/07/14,4.36,4.43,4.35,4.42,258471191,1206687744.00
2026/07/15,4.41,4.47,4.38,4.45,272131854,1280913280.00
2026/07/16,4.48,4.53,4.45,4.47,333010707,1493002112.00
2026/07/17,4.47,4.57,4.46,4.53,307896490,1395548928.00
2026/07/20,4.53,4.66,4.53,4.65,463790710,2136694912.00
2026/07/21,4.69,4.74,4.61,4.63,439425039,2053405056.00
2026/07/22,4.62,4.70,4.56,4.70,311484574,1445148160.00
2026/07/23,4.70,4.72,4.66,4.70,209925732,984124224.00
2026/07/24,4.70,4.74,4.67,4.70,202378723,950046400.00
2026/07/27,4.73,4.73,4.61,4.63,325412862,1514054784.00
2026/07/28,4.63,4.64,4.55,4.64,271454870,1246958464.00
2026/07/29,4.65,4.68,4.62,4.64,299732347,1394268160.00
2026/07/30,4.64,4.72,4.63,4.72,337884868,1582691968.00
2026/07/31,4.68,4.73,4.64,4.70,317777387,1488043776.00
2026/08/03,4.69,4.76,4.68,4.76,302620407,1435013120.00
2026/08/04,4.75,4.76,4.63,4.64,283193829,1322724608.00
2026/08/05,4.64,4.65,4.56,4.58,233299014,1069638592.00
2026/08/06,4.58,4.59,4.53,4.57,190713663,869724608.00
2026/08/07,4.57,4.57,4.51,4.52,188623801,854371520.00
2026/08/10,4.51,4.56,4.49,4.54,178556703,809535424.00
2026/08/11,4.54,4.58,4.51,4.52,151012586,685202560.00
2026/08/12,4.52,4.52,4.47,4.50,171704951,771555968.00
2026/08/13,4.49,4.50,4.44,4.44,164815795,735591104.00
2026/08/14,4.44,4.44,4.39,4.40,162247231,715228800.00
2026/08/17,4.40,4.40,4.35,4.36,238042033,1039370432.00
2026/08/18,4.36,4.38,4.34,4.36,168228194,733591424.00
2026/08/19,4.36,4.41,4.35,4.41,230686593,1011516672.00
2026/08/20,4.39,4.46,4.36,4.43,235019864,1035788160.00
2026/08/21,4.43,4.44,4.38,4.39,150615405,662329472.00
2026/08/24,4.38,4.43,4.37,4.42,170304466,751484672.00
2026/08/25,4.42,4.48,4.40,4.47,230794377,1024201856.00
2026/08/26,4.46,4.51,4.45,4.48,199290897,893635968.00
2026/08/27,4.47,4.48,4.40,4.43,212174641,940710656.00
2026/08/28,4.42,4.47,4.40,4.46,187609462,832412032.00
2026/08/31,4.43,4.46,4.32,4.33,424728526,1854856064.00
2026/09/01,4.33,4.37,4.31,4.36,236952468,1030878592.00
2026/09/02,4.36,4.37,4.29,4.32,255840747,1103786112.00
2026/09/03,4.32,4.40,4.31,4.37,240549993,1050597824.00
2026/09/04,4.38,4.42,4.37,4.40,219704980,967041664.00
2026/09/07,4.39,4.41,4.34,4.35,220626657,962295616.00
2026/09/08,4.34,4.39,4.34,4.37,164276019,717488768.00
2026/09/09,4.37,4.40,4.35,4.39,181929803,797158144.00
2026/09/10,4.38,4.40,4.37,4.39,119559104,524603872.00
2026/09/11,4.39,4.39,4.32,4.35,189375741,823033856.00
2026/09/14,4.35,4.38,4.32,4.33,164566800,714805696.00
#数据来源:通达信
