601138 工业富联 日线 前复权
      日期	    开盘	    最高	    最低	    收盘	    成交量	    成交额
2021/08/02,7.97,8.69,7.93,8.56,58757719,685076352.00
2021/08/03,8.60,8.67,8.48,8.58,35174923,415832320.00
2021/08/04,8.54,8.71,8.48,8.66,31902453,378643008.00
2021/08/05,8.73,8.93,8.54,8.60,36773834,440480064.00
2021/08/06,8.58,8.67,8.41,8.58,26133843,307203264.00
2021/08/09,8.55,8.89,8.48,8.78,29411999,353081760.00
2021/08/10,8.80,8.91,8.62,8.89,28105731,338260608.00
2021/08/11,8.99,9.05,8.51,8.53,56499345,675888832.00
2021/08/12,8.51,8.65,8.43,8.50,27161827,319543872.00
2021/08/13,8.49,8.71,8.38,8.59,26500591,312476800.00
2021/08/16,8.62,9.05,8.62,9.02,63708828,777486656.00
2021/08/17,9.02,9.11,8.75,8.77,44617303,542165824.00
2021/08/18,8.76,9.07,8.69,9.00,44654203,541987648.00
2021/08/19,8.95,8.95,8.58,8.60,41432791,494530560.00
2021/08/20,8.63,8.69,8.51,8.63,26624850,315612416.00
2021/08/23,8.71,8.86,8.60,8.79,28121606,338051584.00
2021/08/24,8.90,8.95,8.73,8.80,23576501,284375840.00
2021/08/25,8.78,8.83,8.61,8.73,23301013,278294944.00
2021/08/26,8.71,8.74,8.44,8.44,33572776,395618592.00
2021/08/27,8.44,8.60,8.35,8.46,23683080,277214688.00
2021/08/30,8.50,8.51,8.17,8.26,23104831,266911440.00
2021/08/31,8.28,8.36,8.08,8.23,21680352,248221024.00
2021/09/01,8.23,8.50,8.21,8.46,31300822,364630592.00
2021/09/02,8.46,8.63,8.43,8.50,23352813,274918464.00
2021/09/03,8.55,8.90,8.47,8.75,41814810,500151136.00
2021/09/06,8.76,8.90,8.68,8.80,29119745,350968160.00
2021/09/07,8.80,8.95,8.71,8.92,37591880,455433216.00
2021/09/08,8.92,9.09,8.88,8.94,33257403,406461952.00
2021/09/09,8.99,9.00,8.81,8.93,25774652,313418112.00
2021/09/10,8.92,9.05,8.88,8.95,30203467,368597504.00
2021/09/13,8.97,9.03,8.87,8.92,25021430,305191712.00
2021/09/14,8.87,8.98,8.64,8.69,26867676,323943552.00
2021/09/15,8.68,8.74,8.48,8.55,21692603,256940368.00
2021/09/16,8.55,8.75,8.45,8.50,25317180,299201472.00
2021/09/17,8.50,8.57,8.35,8.50,16544991,193225104.00
2021/09/22,8.43,8.48,8.37,8.44,12004058,140235712.00
2021/09/23,8.74,9.01,8.73,8.83,37666417,455117120.00
2021/09/24,8.75,8.83,8.56,8.61,26617467,317496704.00
2021/09/27,8.65,8.74,8.52,8.62,23531290,279374880.00
2021/09/28,8.56,8.63,8.50,8.55,13446194,158845728.00
2021/09/29,8.55,8.74,8.34,8.59,32772190,387259456.00
2021/09/30,8.59,8.64,8.33,8.37,27282125,318487616.00
2021/10/08,8.49,8.93,8.47,8.87,50541542,608750336.00
2021/10/11,8.87,9.00,8.83,8.88,29167722,355464512.00
2021/10/12,8.92,8.92,8.56,8.63,26626314,318572800.00
2021/10/13,8.63,8.66,8.51,8.64,15102529,178589776.00
2021/10/14,8.62,8.68,8.53,8.61,11526536,136501248.00
2021/10/15,8.61,8.65,8.46,8.48,19555208,229918640.00
2021/10/18,8.57,8.57,8.30,8.33,23336147,271028992.00
2021/10/19,8.37,8.42,8.24,8.39,20213939,233942144.00
2021/10/20,8.40,8.48,8.31,8.34,15197610,176700064.00
2021/10/21,8.35,8.37,8.16,8.24,23354768,268555072.00
2021/10/22,8.24,8.31,8.17,8.29,15705498,180300752.00
2021/10/25,8.23,8.23,8.07,8.13,20384384,232006640.00
2021/10/26,8.17,8.26,8.12,8.18,12152559,139047040.00
2021/10/27,8.21,8.22,7.82,8.03,22789999,255542256.00
2021/10/28,7.88,8.05,7.88,7.91,12105503,135561904.00
2021/10/29,7.96,8.10,7.92,8.10,15672435,177015056.00
2021/11/01,8.05,8.28,8.04,8.19,22371415,255820448.00
2021/11/02,8.25,8.38,8.00,8.18,27080265,310346464.00
2021/11/03,8.13,8.40,8.13,8.22,23778067,274048960.00
2021/11/04,8.27,8.38,8.21,8.37,23318986,269879328.00
2021/11/05,8.35,8.57,8.29,8.44,35390301,415154144.00
2021/11/08,8.43,8.48,8.32,8.40,16163065,188033968.00
2021/11/09,8.40,8.44,8.21,8.34,22071261,255228448.00
2021/11/10,8.37,8.40,8.13,8.29,18231623,209772480.00
2021/11/11,8.27,8.53,8.21,8.48,24389016,285177568.00
2021/11/12,8.49,8.53,8.40,8.47,16437939,192412800.00
2021/11/15,8.47,8.65,8.45,8.62,35970824,425564032.00
2021/11/16,8.62,8.69,8.55,8.56,27226522,322965664.00
2021/11/17,8.54,8.59,8.47,8.49,19280319,226664240.00
2021/11/18,8.49,8.53,8.34,8.37,20881020,243106608.00
2021/11/19,8.35,8.71,8.31,8.66,34148226,403926272.00
2021/11/22,8.67,8.71,8.57,8.61,24566958,291577280.00
2021/11/23,8.61,8.68,8.46,8.48,31019983,365625792.00
2021/11/24,8.49,8.53,8.40,8.46,25136685,294145728.00
2021/11/25,8.49,8.52,8.36,8.38,21125714,246342064.00
2021/11/26,8.38,8.39,7.90,7.92,60330000,680884480.00
2021/11/29,7.84,7.91,7.71,7.73,48718211,537007616.00
2021/11/30,7.76,7.93,7.76,7.92,31227645,346614272.00
2021/12/01,7.93,8.05,7.86,8.01,23002088,258278464.00
2021/12/02,7.96,8.08,7.90,7.95,21006926,236242032.00
2021/12/03,7.94,8.03,7.84,8.00,24052496,269013536.00
2021/12/06,7.97,8.17,7.89,8.03,28014878,317031360.00
2021/12/07,8.07,8.13,8.00,8.10,22744967,257396464.00
2021/12/08,8.12,8.34,8.06,8.31,33599531,385382752.00
2021/12/09,8.25,8.57,8.23,8.52,54227529,634310080.00
2021/12/10,8.50,8.77,8.45,8.64,64935366,773341184.00
2021/12/13,8.63,8.80,8.53,8.73,47433856,567539264.00
2021/12/14,8.71,8.83,8.66,8.72,32928506,394733600.00
2021/12/15,8.68,8.75,8.61,8.62,25353897,301992704.00
2021/12/16,8.67,8.87,8.64,8.80,35817363,430896992.00
2021/12/17,8.79,8.98,8.75,8.89,40884567,495398016.00
2021/12/20,8.89,8.99,8.77,8.85,36010084,437217504.00
2021/12/21,8.85,9.10,8.66,8.90,51245973,619774336.00
2021/12/22,8.75,8.77,8.56,8.66,42847840,509842432.00
2021/12/23,8.63,8.78,8.60,8.78,25159186,300899712.00
2021/12/24,8.75,8.80,8.60,8.73,19256184,230186352.00
2021/12/27,8.73,8.87,8.71,8.83,17615675,212122320.00
2021/12/28,8.83,8.85,8.71,8.80,21743676,261533408.00
2021/12/29,8.75,8.80,8.59,8.65,21576162,256546832.00
2021/12/30,8.66,8.73,8.61,8.65,18585058,221330432.00
2021/12/31,8.67,8.70,8.53,8.67,22733987,269934944.00
2022/01/04,8.68,8.85,8.60,8.79,31624344,379197120.00
2022/01/05,8.78,8.94,8.76,8.86,37645063,456452640.00
2022/01/06,8.88,8.92,8.59,8.64,40140434,478477280.00
2022/01/07,8.67,8.70,8.56,8.58,26817673,318756000.00
2022/01/10,8.56,8.80,8.49,8.71,35414385,422401856.00
2022/01/11,8.68,8.74,8.57,8.60,27174725,322789280.00
2022/01/12,8.60,8.63,8.55,8.57,20139875,238297824.00
2022/01/13,8.61,8.64,8.22,8.30,59598038,692635776.00
2022/01/14,8.22,8.23,8.04,8.09,47841809,543378752.00
2022/01/17,8.09,8.24,8.09,8.17,21963759,250973856.00
2022/01/18,8.20,8.70,8.16,8.47,64850574,762721600.00
2022/01/19,8.47,8.54,8.35,8.39,23346247,272351424.00
2022/01/20,8.44,8.62,8.37,8.52,33691175,395932096.00
2022/01/21,8.46,8.51,8.31,8.36,23088607,268483712.00
2022/01/24,8.30,8.39,8.18,8.24,39787879,457758624.00
2022/01/25,8.31,8.31,8.03,8.06,31780788,362379072.00
2022/01/26,8.06,8.13,7.91,8.00,25167203,283709792.00
2022/01/27,8.00,8.02,7.81,7.88,25499907,283594400.00
2022/01/28,7.89,7.96,7.81,7.86,33685874,374669472.00
2022/02/07,7.95,7.99,7.83,7.91,23121192,258045984.00
2022/02/08,7.90,8.05,7.89,8.04,26267973,295168512.00
2022/02/09,8.06,8.18,8.04,8.10,27106831,307794176.00
2022/02/10,8.12,8.18,8.06,8.16,20191363,229741776.00
2022/02/11,8.16,8.17,8.01,8.08,18304801,207763712.00
2022/02/14,8.02,8.05,7.93,8.01,17463488,195957200.00
2022/02/15,7.98,8.06,7.93,7.99,17206704,193476544.00
2022/02/16,8.05,8.11,7.99,8.02,15872708,179184400.00
2022/02/17,8.00,8.04,7.96,8.00,13656029,153486752.00
2022/02/18,7.99,8.04,7.93,8.04,14007907,157313712.00
2022/02/21,8.02,8.16,7.98,8.15,24306772,275814240.00
2022/02/22,8.09,8.09,7.94,8.02,21150212,237674224.00
2022/02/23,8.02,8.10,8.00,8.09,27850286,315118720.00
2022/02/24,8.06,8.08,7.83,7.95,36986970,413623776.00
2022/02/25,7.95,8.03,7.90,7.95,30398266,341201600.00
2022/02/28,7.93,7.95,7.75,7.92,25787320,286450144.00
2022/03/01,7.91,7.96,7.85,7.92,15140310,168799488.00
2022/03/02,7.90,7.98,7.83,7.96,16368091,182669536.00
2022/03/03,7.98,8.03,7.90,7.95,18553849,207679152.00
2022/03/04,7.88,7.92,7.82,7.89,26259755,291625472.00
2022/03/07,7.83,7.84,7.52,7.57,49534677,536875008.00
2022/03/08,7.52,7.59,7.32,7.35,39697299,424312128.00
2022/03/09,7.38,7.43,6.75,7.15,43088165,447065760.00
2022/03/10,7.30,7.31,7.10,7.10,22514019,234814000.00
2022/03/11,6.98,7.08,6.75,7.03,36551996,370637056.00
2022/03/14,6.90,7.08,6.86,6.93,17106557,175546320.00
2022/03/15,6.94,6.99,6.48,6.50,43008572,430241984.00
2022/03/16,6.60,6.67,6.17,6.64,42242691,410175104.00
2022/03/17,6.75,6.94,6.72,6.86,39906750,403211648.00
2022/03/18,6.85,7.00,6.81,6.95,79710152,812901376.00
2022/03/21,6.97,7.01,6.80,6.85,24298276,245949520.00
2022/03/22,6.88,6.96,6.85,6.94,21692483,220372352.00
2022/03/23,7.20,7.26,7.01,7.14,40081113,416380096.00
2022/03/24,7.17,7.30,7.11,7.14,30916200,322502240.00
2022/03/25,7.14,7.15,6.93,6.97,27265161,279546112.00
2022/03/28,6.84,7.01,6.73,6.99,20872259,211340240.00
2022/03/29,6.99,7.00,6.82,6.83,15010423,151930976.00
2022/03/30,6.87,6.97,6.83,6.95,24617157,250017056.00
2022/03/31,6.90,6.98,6.89,6.90,19683014,200293584.00
2022/04/01,6.82,6.96,6.77,6.93,25710266,260120640.00
2022/04/06,6.90,7.02,6.86,6.95,23582823,240200752.00
2022/04/07,6.92,6.96,6.81,6.81,24786303,251098720.00
2022/04/08,6.81,6.91,6.69,6.90,26106070,262358560.00
2022/04/11,6.86,6.87,6.66,6.68,26434240,264086112.00
2022/04/12,6.68,6.87,6.50,6.79,28692916,285092544.00
2022/04/13,6.75,6.83,6.70,6.75,12991861,130147232.00
2022/04/14,6.88,6.91,6.80,6.85,15496865,156543600.00
2022/04/15,6.79,6.83,6.72,6.79,13265136,133030008.00
2022/04/18,6.75,6.76,6.67,6.73,13166434,131107040.00
2022/04/19,6.73,6.78,6.62,6.64,15725808,156450304.00
2022/04/20,6.68,6.76,6.60,6.60,16112353,159588848.00
2022/04/21,6.62,6.79,6.50,6.53,33462241,332551328.00
2022/04/22,6.52,6.63,6.43,6.47,22989518,224406400.00
2022/04/25,6.35,6.41,5.85,5.86,37458548,352098240.00
2022/04/26,5.92,6.18,5.81,5.94,30992396,286422592.00
2022/04/27,5.84,6.14,5.84,6.12,22122775,205728976.00
2022/04/28,6.06,6.17,6.02,6.17,19064750,178394048.00
2022/04/29,6.21,6.43,6.08,6.27,43129139,410165408.00
2022/05/05,6.31,6.40,6.28,6.35,33783976,323723936.00
2022/05/06,6.18,6.20,5.92,5.94,25253699,234539376.00
2022/05/09,5.94,6.02,5.90,5.96,13369699,123004960.00
2022/05/10,5.86,6.16,5.82,6.09,23701471,220137024.00
2022/05/11,6.12,6.30,6.09,6.14,29213807,276146656.00
2022/05/12,6.10,6.20,6.06,6.13,21373896,200513264.00
2022/05/13,6.18,6.23,6.09,6.13,15898755,149514704.00
2022/05/16,6.19,6.20,6.02,6.05,14085709,131387568.00
2022/05/17,6.08,6.14,6.04,6.14,10605883,99180840.00
2022/05/18,6.15,6.21,6.09,6.17,16569934,155635184.00
2022/05/19,6.08,6.14,6.03,6.10,18213640,169838176.00
2022/05/20,6.15,6.40,6.14,6.21,34700968,329761440.00
2022/05/23,6.26,6.28,6.14,6.18,27973532,264041232.00
2022/05/24,6.16,6.20,5.83,5.85,42920614,396809440.00
2022/05/25,5.86,5.90,5.81,5.89,21523854,196002096.00
2022/05/26,5.88,6.00,5.74,5.97,37614536,343241664.00
2022/05/27,5.98,6.06,5.92,5.99,19342173,178776400.00
2022/05/30,5.99,6.04,5.87,5.92,19265635,177246080.00
2022/05/31,5.92,6.19,5.87,6.16,41988187,392031104.00
2022/06/01,6.10,6.19,6.05,6.12,24990989,234048432.00
2022/06/02,6.06,6.15,6.01,6.15,21933078,204763152.00
2022/06/06,6.14,6.19,6.05,6.18,30406209,285424064.00
2022/06/07,6.19,6.22,6.12,6.18,25548082,240751104.00
2022/06/08,6.20,6.26,6.09,6.17,33557622,316029440.00
2022/06/09,6.15,6.18,6.04,6.08,33281420,310927840.00
2022/06/10,6.02,6.48,6.02,6.35,86008561,819457920.00
2022/06/13,6.30,6.33,6.07,6.14,47162733,444995616.00
2022/06/14,6.06,6.15,5.91,6.13,41197975,381082400.00
2022/06/15,6.09,6.54,6.08,6.39,64845289,623966016.00
2022/06/16,6.43,6.51,6.30,6.33,30143914,290607456.00
2022/06/17,6.28,6.48,6.25,6.44,32743636,315520608.00
2022/06/20,6.49,6.49,6.35,6.44,24215662,234071824.00
2022/06/21,6.44,6.57,6.38,6.47,28814233,280517600.00
2022/06/22,6.46,6.48,6.30,6.30,28106134,269787904.00
2022/06/23,6.30,6.42,6.29,6.42,18064710,173710080.00
2022/06/24,6.45,6.51,6.43,6.50,24394823,237367552.00
2022/06/27,6.50,6.57,6.45,6.52,22504289,219873504.00
2022/06/28,6.51,6.66,6.46,6.65,28476679,279528352.00
2022/06/29,6.65,6.73,6.56,6.59,28934024,285810176.00
2022/06/30,6.58,6.66,6.56,6.59,19113415,188469056.00
2022/07/01,6.58,6.62,6.51,6.53,16057011,157374496.00
2022/07/04,6.52,6.54,6.42,6.51,17800981,173109376.00
2022/07/05,6.51,6.58,6.36,6.44,20567886,199304048.00
2022/07/06,6.43,6.45,6.30,6.36,16111061,154804208.00
2022/07/07,6.31,6.39,6.31,6.34,16786906,160968208.00
2022/07/08,6.37,6.61,6.36,6.49,27910688,272814688.00
2022/07/11,6.51,6.51,6.33,6.39,17112814,164836672.00
2022/07/12,6.35,6.44,6.35,6.38,11167200,107681112.00
2022/07/13,6.39,6.44,6.34,6.39,12764189,123147840.00
2022/07/14,6.41,6.41,6.28,6.30,17407263,166775088.00
2022/07/15,6.27,6.34,6.06,6.10,20828267,197285488.00
2022/07/18,6.11,6.42,6.11,6.42,22785006,218009056.00
2022/07/19,6.38,6.59,6.35,6.55,22067185,214760112.00
2022/07/20,6.62,6.92,6.57,6.69,35949523,359095136.00
2022/07/21,6.65,6.90,6.63,6.82,43912558,441596352.00
2022/07/22,6.79,6.86,6.69,6.75,20967503,209937568.00
2022/07/25,6.75,6.75,6.65,6.70,15186739,151102864.00
2022/07/26,6.73,6.76,6.69,6.75,12764841,127394536.00
2022/07/27,6.74,6.75,6.68,6.69,9561203,95230024.00
2022/07/28,6.74,6.92,6.73,6.86,23580881,238221664.00
2022/07/29,6.85,6.89,6.73,6.80,24579527,246908240.00
2022/08/01,6.78,6.84,6.69,6.81,19509938,196061264.00
2022/08/02,6.75,6.75,6.51,6.66,25497263,251530384.00
2022/08/03,6.66,6.74,6.47,6.47,25170707,247589216.00
2022/08/04,6.52,6.69,6.49,6.64,26253832,258865296.00
2022/08/05,6.66,6.85,6.58,6.84,33384235,317278080.00
2022/08/08,6.84,6.95,6.82,6.87,21309090,204753600.00
2022/08/09,6.85,6.95,6.78,6.94,21265446,204603952.00
2022/08/10,6.94,6.96,6.74,6.82,24956839,238916864.00
2022/08/11,6.85,7.07,6.85,7.06,38846972,378872320.00
2022/08/12,7.02,7.04,6.90,6.92,28015807,271612704.00
2022/08/15,6.91,6.91,6.75,6.81,28347446,270655360.00
2022/08/16,6.83,6.83,6.70,6.73,22296553,211660832.00
2022/08/17,6.71,6.90,6.68,6.90,27179307,260003168.00
2022/08/18,6.87,6.89,6.73,6.86,18703162,178647008.00
2022/08/19,6.77,6.99,6.73,6.77,22085759,211068992.00
2022/08/22,6.68,6.80,6.61,6.77,20613450,195440448.00
2022/08/23,6.73,6.73,6.61,6.69,16637197,156478688.00
2022/08/24,6.67,6.71,6.55,6.62,22305673,208924096.00
2022/08/25,6.57,6.63,6.47,6.56,16072676,149292288.00
2022/08/26,6.61,6.75,6.57,6.61,23061041,217025872.00
2022/08/29,6.51,6.63,6.46,6.49,16713834,154611792.00
2022/08/30,6.52,6.55,6.42,6.45,15775981,145432224.00
2022/08/31,6.43,6.59,6.41,6.54,19388831,179556720.00
2022/09/01,6.47,6.56,6.47,6.47,11781321,109020768.00
2022/09/02,6.47,6.74,6.46,6.56,20925215,195917376.00
2022/09/05,6.55,6.60,6.45,6.58,13711463,126939976.00
2022/09/06,6.56,6.72,6.56,6.69,23285226,219399888.00
2022/09/07,6.68,6.69,6.57,6.64,17514430,164132944.00
2022/09/08,6.68,6.72,6.60,6.69,20200984,190431664.00
2022/09/09,6.72,6.78,6.65,6.72,23065770,218765216.00
2022/09/13,6.76,6.83,6.73,6.74,24680871,235296000.00
2022/09/14,6.71,6.73,6.58,6.63,21546135,202228608.00
2022/09/15,6.64,6.77,6.54,6.63,32057055,301948224.00
2022/09/16,6.59,6.64,6.36,6.37,24180250,222991392.00
2022/09/19,6.37,6.38,6.09,6.14,29543279,264069152.00
2022/09/20,6.17,6.24,5.96,5.99,26399855,232043248.00
2022/09/21,5.98,6.05,5.84,6.00,16882464,146875520.00
2022/09/22,5.95,6.01,5.90,5.93,12765933,111221536.00
2022/09/23,5.95,5.99,5.83,5.94,14055885,121918280.00
2022/09/26,5.85,5.96,5.80,5.80,16842619,145105104.00
2022/09/27,5.79,5.91,5.67,5.90,16610220,141952688.00
2022/09/28,5.87,5.90,5.75,5.81,15213004,130557824.00
2022/09/29,5.92,5.96,5.61,5.63,18480381,157339392.00
2022/09/30,5.66,5.82,5.64,5.77,17730146,150818144.00
2022/10/10,5.85,5.85,5.41,5.41,30098246,250284592.00
2022/10/11,5.49,5.50,5.40,5.43,15020894,123037472.00
2022/10/12,5.41,5.57,5.35,5.56,18450729,151437888.00
2022/10/13,5.50,5.66,5.50,5.60,12809333,106836072.00
2022/10/14,5.66,5.75,5.62,5.69,13376685,113070840.00
2022/10/17,5.69,5.79,5.68,5.77,11340055,96397912.00
2022/10/18,5.79,5.82,5.72,5.75,10167937,86564720.00
2022/10/19,5.74,5.80,5.64,5.65,9653923,81625056.00
2022/10/20,5.63,5.80,5.61,5.75,14712260,124600192.00
2022/10/21,5.75,5.78,5.68,5.72,9727723,82474128.00
2022/10/24,5.65,5.83,5.51,5.54,22071680,185302016.00
2022/10/25,5.65,5.71,5.54,5.63,25691536,215388848.00
2022/10/26,5.59,5.72,5.53,5.55,22081056,184687344.00
2022/10/27,5.56,5.72,5.56,5.64,29907499,251575248.00
2022/10/28,5.68,5.68,5.52,5.53,18187954,151717120.00
2022/10/31,5.12,5.60,5.05,5.45,35687946,291418432.00
2022/11/01,5.54,5.82,5.50,5.81,40439665,342343360.00
2022/11/02,5.74,5.96,5.70,5.91,26106871,224350256.00
2022/11/03,5.93,5.94,5.77,5.88,14280909,122858384.00
2022/11/04,5.83,6.01,5.83,5.94,19904362,173254368.00
2022/11/07,5.94,6.02,5.90,5.94,13816885,120133224.00
2022/11/08,5.91,5.97,5.86,5.97,13320462,115376976.00
2022/11/09,5.94,6.00,5.85,5.89,12904927,111725192.00
2022/11/10,5.88,5.94,5.82,5.87,12846818,110731424.00
2022/11/11,6.00,6.13,5.95,6.09,26814006,235733872.00
2022/11/14,6.13,6.30,6.13,6.20,27669294,248622272.00
2022/11/15,6.21,6.32,6.12,6.30,20743073,186830816.00
2022/11/16,6.26,6.30,6.18,6.24,16085073,144552720.00
2022/11/17,6.21,6.30,6.19,6.26,11476348,103186152.00
2022/11/18,6.30,6.46,6.20,6.20,19489008,176610128.00
2022/11/21,6.15,6.30,6.05,6.25,19748486,176038720.00
2022/11/22,6.31,6.43,6.21,6.35,23376372,212453344.00
2022/11/23,6.36,6.37,6.27,6.30,12025947,108956272.00
2022/11/24,6.30,6.35,6.16,6.21,10473706,94280352.00
2022/11/25,6.20,6.33,6.20,6.30,10459769,94495512.00
2022/11/28,6.15,6.19,5.98,6.01,23980353,210875888.00
2022/11/29,6.08,6.38,6.06,6.36,31203645,282260960.00
2022/11/30,6.37,6.41,6.31,6.40,19056472,173869424.00
2022/12/01,6.46,6.55,6.40,6.44,20462441,188770400.00
2022/12/02,6.42,6.51,6.37,6.39,16348929,150338224.00
2022/12/05,6.54,6.58,6.43,6.53,17832592,165527152.00
2022/12/06,6.47,6.72,6.43,6.69,24831399,233276992.00
2022/12/07,6.71,6.77,6.61,6.67,19196630,181046544.00
2022/12/08,6.66,6.73,6.60,6.67,16785838,157887776.00
2022/12/09,6.65,6.73,6.61,6.71,18814731,177417856.00
2022/12/12,6.68,6.76,6.64,6.71,14552620,137826960.00
2022/12/13,6.73,6.77,6.63,6.70,12584357,118841992.00
2022/12/14,6.73,6.75,6.61,6.67,19330581,182442112.00
2022/12/15,6.67,6.75,6.66,6.71,16326536,154406544.00
2022/12/16,6.66,6.75,6.65,6.75,15968011,151236064.00
2022/12/19,6.77,6.77,6.57,6.62,23696862,223060528.00
2022/12/20,6.57,6.79,6.53,6.54,25399785,239066944.00
2022/12/21,6.54,6.63,6.51,6.60,12030160,112184472.00
2022/12/22,6.72,6.73,6.51,6.54,10623675,99376280.00
2022/12/23,6.51,6.57,6.38,6.43,13341200,123070648.00
2022/12/26,6.47,6.51,6.38,6.41,10370285,95320064.00
2022/12/27,6.47,6.59,6.43,6.46,9518840,88064680.00
2022/12/28,6.48,6.56,6.41,6.42,11517555,106194000.00
2022/12/29,6.43,6.43,6.29,6.32,11528808,104756464.00
2022/12/30,6.36,6.57,6.35,6.43,14649435,134962400.00
2023/01/03,6.39,6.63,6.29,6.56,20907149,193450528.00
2023/01/04,6.64,6.68,6.56,6.60,12385701,115947360.00
2023/01/05,6.70,6.75,6.60,6.74,17818544,168403616.00
2023/01/06,6.73,6.73,6.62,6.63,11924018,112225416.00
2023/01/09,6.73,6.80,6.67,6.76,18114989,172488288.00
2023/01/10,6.74,6.74,6.62,6.65,16182648,152459008.00
2023/01/11,6.70,6.71,6.60,6.61,14086078,132224320.00
2023/01/12,6.65,6.67,6.50,6.57,12365463,115292160.00
2023/01/13,6.60,6.68,6.54,6.68,11587575,108629376.00
2023/01/16,6.69,6.82,6.65,6.75,20760968,197244832.00
2023/01/17,6.77,6.80,6.71,6.77,13097927,124624000.00
2023/01/18,6.78,6.85,6.74,6.78,12342407,117618832.00
2023/01/19,6.74,6.81,6.70,6.78,9875676,93988272.00
2023/01/20,6.80,6.87,6.74,6.78,15075523,143905680.00
2023/01/30,6.92,6.99,6.81,6.89,21774768,210248032.00
2023/01/31,6.95,6.97,6.76,6.76,18463042,177338336.00
2023/02/01,6.79,6.84,6.71,6.83,19524772,186210768.00
2023/02/02,6.85,6.87,6.75,6.80,15875717,151477024.00
2023/02/03,6.75,6.77,6.57,6.61,27119107,254641008.00
2023/02/06,6.56,6.65,6.51,6.58,19979367,186072464.00
2023/02/07,6.63,6.63,6.49,6.52,19477161,181015776.00
2023/02/08,6.55,6.64,6.50,6.51,16043500,149400912.00
2023/02/09,6.49,6.71,6.45,6.70,17415595,162905440.00
2023/02/10,6.67,7.35,6.67,7.03,74609350,736251648.00
2023/02/13,6.97,6.98,6.82,6.91,40299969,388192224.00
2023/02/14,6.89,7.05,6.87,6.95,19342791,187646560.00
2023/02/15,6.96,7.42,6.86,7.30,72449838,723001792.00
2023/02/16,7.33,7.47,7.07,7.14,61566829,617814976.00
2023/02/17,7.12,7.18,6.94,6.96,32260867,316155808.00
2023/02/20,6.96,7.17,6.89,7.16,25274710,247312064.00
2023/02/21,7.13,7.28,7.04,7.13,21294457,210728832.00
2023/02/22,7.06,7.10,6.89,7.00,21778666,211956352.00
2023/02/23,7.08,7.08,6.92,6.95,17399366,169164608.00
2023/02/24,6.91,7.00,6.86,6.87,15481494,149409344.00
2023/02/27,6.83,6.92,6.75,6.77,19585649,187596256.00
2023/02/28,6.86,7.02,6.74,6.85,25431308,244333584.00
2023/03/01,6.86,7.40,6.86,7.21,54157136,536940992.00
2023/03/02,7.22,7.66,7.21,7.59,89972497,924435328.00
2023/03/03,7.53,8.62,7.36,8.62,159471314,1714964608.00
2023/03/06,8.75,9.10,8.29,8.31,267869070,3079324416.00
2023/03/07,8.31,8.41,7.69,7.76,163615149,1755130240.00
2023/03/08,7.68,8.01,7.68,7.82,89954953,955114880.00
2023/03/09,7.95,8.65,7.88,8.40,188747254,2074788736.00
2023/03/10,8.25,8.50,8.04,8.10,95951096,1055607296.00
2023/03/13,8.13,8.88,8.13,8.86,147509378,1676340096.00
2023/03/14,8.85,9.18,8.67,9.01,132533253,1550402176.00
2023/03/15,9.21,9.59,9.02,9.32,138575466,1671700480.00
2023/03/16,9.25,9.81,9.20,9.60,141421878,1741411328.00
2023/03/17,9.80,10.84,9.80,10.84,143764698,1932690560.00
2023/03/20,11.64,12.20,11.57,12.13,324758408,4830178816.00
2023/03/21,12.14,12.24,11.45,11.85,280570045,4117273088.00
2023/03/22,12.25,13.31,12.25,13.31,283603530,4416812032.00
2023/03/23,13.94,14.55,13.69,14.24,356714933,6021729280.00
2023/03/24,14.10,15.06,13.90,14.91,303439982,5233784832.00
2023/03/27,14.33,15.24,13.86,14.88,378361859,6534760960.00
2023/03/28,14.33,14.70,13.64,13.70,255217996,4307404800.00
2023/03/29,13.95,14.25,12.10,13.41,353292741,5734185984.00
2023/03/30,13.46,14.31,12.79,14.13,295732939,4856324608.00
2023/03/31,13.95,14.73,13.66,14.47,221719153,3759699712.00
2023/04/03,14.34,15.10,13.67,15.01,339814714,5871067648.00
2023/04/04,14.49,15.15,14.27,14.66,217857704,3794273792.00
2023/04/06,15.25,16.25,14.65,16.25,260304293,4757349888.00
2023/04/07,16.03,16.20,14.95,15.62,162645172,2982443008.00
2023/04/10,15.31,15.58,14.34,14.72,161111100,2843784192.00
2023/04/11,14.89,15.00,14.16,14.60,172506941,2993061120.00
2023/04/12,14.77,15.99,14.45,15.67,182304108,3313872384.00
2023/04/13,15.50,16.20,14.60,14.91,162683731,2949474560.00
2023/04/14,14.83,15.62,14.65,15.32,116447599,2086155648.00
2023/04/17,15.24,15.49,14.64,15.18,100760172,1796009600.00
2023/04/18,15.13,16.80,14.90,16.44,184118316,3438069248.00
2023/04/19,16.33,16.56,14.52,14.52,282581868,5169020928.00
2023/04/20,14.52,16.25,14.46,16.25,325560298,5938781184.00
2023/04/21,16.75,17.12,15.44,16.04,248826940,4729618944.00
2023/04/24,16.09,16.35,15.22,15.58,165745031,3064750592.00
2023/04/25,15.31,16.03,15.00,15.75,196127791,3579727104.00
2023/04/26,16.03,16.23,13.90,13.90,241514844,4155268352.00
2023/04/27,13.15,14.09,13.08,13.35,265276404,4301911040.00
2023/04/28,13.38,14.13,13.16,13.37,219569831,3595198976.00
2023/05/04,13.23,13.25,12.38,12.63,211000027,3249895424.00
2023/05/05,12.58,12.61,11.71,12.02,209533291,3104383488.00
2023/05/08,11.98,12.03,11.60,11.93,151113962,2202460672.00
2023/05/09,11.93,12.48,11.65,11.95,194948000,2895339520.00
2023/05/10,11.95,12.29,11.62,11.85,102661904,1502843008.00
2023/05/11,11.76,12.05,11.60,11.71,109398210,1590025472.00
2023/05/12,11.59,12.04,11.47,11.61,80167627,1160032128.00
2023/05/15,11.87,12.63,11.41,12.37,232318960,3437969664.00
2023/05/16,12.34,12.71,11.76,12.03,166670928,2488224256.00
2023/05/17,12.10,13.10,12.07,12.80,214696710,3314842368.00
2023/05/18,13.16,14.24,12.97,13.60,286831554,4704622080.00
2023/05/19,13.75,14.40,13.41,13.41,174480346,2898536448.00
2023/05/22,13.26,13.85,12.55,12.66,176166196,2782786816.00
2023/05/23,12.63,12.88,12.40,12.48,99148662,1522136320.00
2023/05/24,12.39,12.54,11.78,12.07,122492233,1820114816.00
2023/05/25,13.25,13.55,12.91,13.55,306675878,4940496384.00
2023/05/26,13.58,14.54,13.41,14.04,265872270,4472662016.00
2023/05/29,14.54,15.33,14.35,15.15,302922759,5337846784.00
2023/05/30,14.67,15.56,14.18,15.28,251511555,4427330048.00
2023/05/31,15.36,15.83,14.75,15.30,218639655,3954507776.00
2023/06/01,14.85,15.46,14.78,15.17,158582309,2829531648.00
2023/06/02,15.45,15.60,14.85,15.08,107111532,1906662144.00
2023/06/05,15.31,16.52,14.99,16.18,205552569,3816461568.00
2023/06/06,15.85,16.36,15.35,15.47,141931266,2643588864.00
2023/06/07,15.45,15.75,15.08,15.28,96502948,1749906944.00
2023/06/08,15.15,15.33,14.77,15.10,96058604,1706987392.00
2023/06/09,15.10,16.89,14.88,16.89,215513181,4086444032.00
2023/06/12,17.56,18.62,17.51,18.60,250099933,5206129152.00
2023/06/13,18.45,19.83,18.12,19.27,224284836,4886032384.00
2023/06/14,19.00,20.70,18.83,20.04,203255341,4547021824.00
2023/06/15,19.85,21.05,19.73,19.89,151010646,3475872768.00
2023/06/16,19.89,21.59,19.60,21.31,198977068,4670191104.00
2023/06/19,21.75,23.72,20.95,23.71,207593027,5224454656.00
2023/06/20,23.12,23.69,21.81,23.28,217799669,5548451328.00
2023/06/21,22.75,22.75,21.35,21.75,159426735,3934455808.00
2023/06/26,21.15,22.03,20.00,20.34,194682243,4569065472.00
2023/06/27,20.66,20.66,20.02,20.26,100920566,2325935616.00
2023/06/28,19.24,20.69,18.58,20.23,169412176,3805901568.00
2023/06/29,20.26,21.60,20.15,21.05,169954821,4024690176.00
2023/06/30,20.80,23.00,20.56,22.45,194981072,4758138880.00
2023/07/03,22.65,22.97,20.73,21.62,155635602,3812430080.00
2023/07/04,21.25,22.55,21.22,21.83,110852632,2724852480.00
2023/07/05,21.55,21.76,20.86,21.11,95980113,2300738816.00
2023/07/06,20.85,22.00,20.85,21.13,97526863,2363003904.00
2023/07/07,21.05,21.53,20.05,20.91,105155637,2467400448.00
2023/07/10,21.25,21.31,20.14,21.05,88859826,2079013376.00
2023/07/11,21.25,21.85,20.75,21.49,118743582,2860137728.00
2023/07/12,21.25,21.25,19.66,19.78,165380326,3803466752.00
2023/07/13,20.23,22.03,20.02,22.03,155773995,3692431616.00
2023/07/14,22.96,24.51,22.70,24.51,208131873,5474742272.00
2023/07/17,24.14,24.14,22.87,23.36,174972477,4581994496.00
2023/07/18,23.33,23.90,22.32,22.78,156616093,4030402560.00
2023/07/19,23.17,23.67,21.99,22.34,127026168,3213940480.00
2023/07/20,22.15,22.20,20.05,20.50,202822969,4796612608.00
2023/07/21,20.29,20.79,19.85,20.29,132628976,3060013568.00
2023/07/24,20.04,21.78,20.04,20.91,145621050,3464207360.00
2023/07/25,21.30,21.93,20.35,21.25,161942914,3883664384.00
2023/07/26,20.75,21.43,19.46,20.50,161281064,3743366400.00
2023/07/27,20.38,20.54,19.58,19.93,142264934,3233438208.00
2023/07/28,20.10,20.42,19.48,20.06,118265878,2619015936.00
2023/07/31,20.05,20.90,19.61,20.13,141099061,3180890368.00
2023/08/01,20.00,20.95,19.33,20.47,163085467,3655613952.00
2023/08/02,20.05,20.66,19.91,20.12,83597396,1873700224.00
2023/08/03,19.66,20.65,19.45,20.30,118495348,2640203264.00
2023/08/04,19.90,21.83,19.72,21.57,186832851,4306607616.00
2023/08/07,21.50,23.80,21.40,22.78,229951559,5689145344.00
2023/08/08,22.40,22.72,21.67,21.98,131525166,3206501120.00
2023/08/09,21.10,21.53,20.05,20.05,218495333,4991038976.00
2023/08/10,19.79,19.80,18.73,19.30,238360505,5102779392.00
2023/08/11,19.52,20.00,19.18,19.30,137658861,2999618816.00
2023/08/14,18.89,19.41,18.50,19.20,129339573,2737037056.00
2023/08/15,19.84,20.03,19.01,19.19,157167034,3425022976.00
2023/08/16,18.80,19.20,18.49,18.69,120135305,2520208896.00
2023/08/17,18.13,18.97,17.73,18.71,134760830,2786935552.00
2023/08/18,18.69,18.84,17.86,17.90,102052491,2084409472.00
2023/08/21,17.95,18.69,17.66,18.21,91872037,1880744064.00
2023/08/22,19.00,20.25,18.53,20.25,199706551,4278439680.00
2023/08/23,19.97,20.02,18.86,19.14,137727726,2962775296.00
2023/08/24,20.30,21.10,19.70,20.23,201651208,4539145728.00
2023/08/25,19.00,19.27,17.99,18.12,195119071,4038616320.00
2023/08/28,19.23,19.23,18.01,18.48,137539391,2867096576.00
2023/08/29,18.35,19.94,18.08,19.39,172764117,3678743552.00
2023/08/30,19.69,20.27,19.37,19.60,133689524,2931335680.00
2023/08/31,19.36,20.03,19.13,19.71,117077489,2561965568.00
2023/09/01,19.59,19.79,18.70,19.05,94026414,2005853952.00
2023/09/04,19.20,19.25,18.46,18.79,96034266,2006222592.00
2023/09/05,18.57,18.59,17.99,18.11,99330896,2023636736.00
2023/09/06,17.88,18.07,17.34,18.02,89908206,1793430400.00
2023/09/07,17.78,17.78,16.99,17.00,127958756,2491071488.00
2023/09/08,16.81,17.02,16.24,16.88,92963254,1758805504.00
2023/09/11,16.80,17.87,16.16,17.26,136592406,2644631296.00
2023/09/12,16.99,17.45,16.88,17.08,81348848,1575512448.00
2023/09/13,16.96,17.06,16.48,16.66,75537956,1426852736.00
2023/09/14,16.78,16.96,16.35,16.39,72853334,1368811136.00
2023/09/15,16.43,16.50,15.83,15.93,95853247,1754707968.00
2023/09/18,15.88,16.60,15.74,16.10,92253885,1701928064.00
2023/09/19,16.12,16.80,15.93,16.28,108272233,2007364352.00
2023/09/20,16.29,16.78,15.98,16.20,104732424,1951207168.00
2023/09/21,16.06,16.55,16.02,16.11,73820046,1364353536.00
2023/09/22,16.10,17.90,16.04,17.74,212826070,4131079680.00
2023/09/25,17.56,17.84,17.03,17.09,104675298,2051590528.00
2023/09/26,17.29,18.19,17.25,17.53,126777167,2527443968.00
2023/09/27,17.40,17.90,17.32,17.60,83030433,1649178496.00
2023/09/28,17.83,18.13,17.36,17.50,73482733,1459736704.00
2023/10/09,17.27,17.30,16.65,17.06,105193597,2010700032.00
2023/10/10,17.03,17.15,16.41,16.66,80063139,1514705024.00
2023/10/11,16.96,17.45,16.65,16.97,90225288,1735693056.00
2023/10/12,17.20,17.25,16.47,16.55,82165069,1548478848.00
2023/10/13,16.41,16.41,15.61,15.68,106681657,1928970496.00
2023/10/16,15.69,15.69,15.10,15.22,95159245,1663989376.00
2023/10/17,15.32,15.38,15.00,15.08,58147935,1008406528.00
2023/10/18,14.40,14.93,13.90,14.72,151293797,2516260608.00
2023/10/19,14.38,14.89,14.28,14.33,85945895,1437089280.00
2023/10/20,14.36,14.52,13.87,13.97,80467844,1310063616.00
2023/10/23,12.35,12.35,12.35,12.35,23786500,346093568.00
2023/10/24,11.11,11.94,11.05,11.56,318967934,4364904960.00
2023/10/25,11.62,11.65,11.27,11.34,193065907,2625027072.00
2023/10/26,11.20,11.82,11.04,11.63,141580469,1926808448.00
2023/10/27,11.63,11.99,11.46,11.87,99990449,1394536064.00
2023/10/30,11.87,12.56,11.73,12.40,120823083,1739499904.00
2023/10/31,12.62,12.88,12.33,12.52,152112193,2250138624.00
2023/11/01,12.56,12.75,12.29,12.33,71660068,1050021760.00
2023/11/02,12.68,12.79,12.38,12.40,82575884,1220238592.00
2023/11/03,12.48,12.72,12.39,12.55,78084421,1155544960.00
2023/11/06,12.72,12.86,12.58,12.77,98469617,1470553984.00
2023/11/07,12.77,13.42,12.64,13.19,142671111,2170167552.00
2023/11/08,13.15,13.30,12.97,13.10,77635676,1189968640.00
2023/11/09,13.30,13.54,13.21,13.39,118059840,1836882176.00
2023/11/10,13.20,13.59,13.13,13.21,90447202,1404192256.00
2023/11/13,13.45,14.55,13.45,13.91,169202189,2746107648.00
2023/11/14,13.95,14.63,13.81,14.17,123923040,2036744704.00
2023/11/15,14.28,14.48,13.83,14.21,110010637,1796181504.00
2023/11/16,14.00,14.17,13.71,13.74,82517451,1330396800.00
2023/11/17,13.67,14.20,13.67,14.15,91955875,1491099008.00
2023/11/20,14.09,14.28,13.70,13.92,79466538,1281681792.00
2023/11/21,13.99,14.05,13.73,13.76,64788050,1042353856.00
2023/11/22,13.70,13.74,13.34,13.37,66849928,1051739008.00
2023/11/23,13.53,13.61,13.18,13.52,62552629,978521856.00
2023/11/24,13.60,13.60,13.03,13.20,86933752,1336550912.00
2023/11/27,12.90,13.07,12.61,12.69,151459758,2266464512.00
2023/11/28,12.57,12.99,12.57,12.95,84957512,1279183872.00
2023/11/29,12.95,12.99,12.71,12.75,62822390,943270464.00
2023/11/30,12.88,13.03,12.54,12.90,94817383,1422477440.00
2023/12/01,12.85,13.03,12.66,12.95,77262202,1165230208.00
2023/12/04,13.01,13.02,12.57,12.58,73348787,1096639744.00
2023/12/05,12.55,12.65,11.91,11.95,76948724,1109274880.00
2023/12/06,11.94,12.21,11.92,12.05,56654397,808626880.00
2023/12/07,12.18,12.27,11.94,12.13,56707169,812267712.00
2023/12/08,12.16,13.56,12.10,13.56,149291534,2266887936.00
2023/12/11,13.57,13.63,12.99,13.39,157318466,2429544704.00
2023/12/12,13.41,13.57,12.77,13.06,109576923,1677111936.00
2023/12/13,13.06,13.19,12.84,12.88,76646299,1164312192.00
2023/12/14,12.98,13.25,12.80,12.80,71441886,1086318848.00
2023/12/15,12.90,12.95,12.51,12.58,61991246,922563136.00
2023/12/18,12.58,13.13,12.55,12.83,93305916,1408291072.00
2023/12/19,12.76,13.01,12.56,12.97,65140277,978306752.00
2023/12/20,12.97,12.97,12.31,12.35,74423794,1093316096.00
2023/12/21,12.35,12.66,12.25,12.37,65923869,963005312.00
2023/12/22,12.31,12.40,12.06,12.12,66902922,964875904.00
2023/12/25,12.00,12.43,11.99,12.01,53958991,776180352.00
2023/12/26,11.92,12.07,11.55,11.67,42290400,588280128.00
2023/12/27,11.75,11.89,11.63,11.73,50630366,706127744.00
2023/12/28,11.99,12.83,11.82,12.60,104202294,1522613504.00
2023/12/29,12.60,13.22,12.52,12.92,89669926,1358259328.00
2024/01/02,12.80,12.80,11.83,12.00,128016637,1834238080.00
2024/01/03,11.91,12.04,11.58,11.68,82728790,1154214016.00
2024/01/04,11.58,11.67,11.15,11.27,103153907,1390232704.00
2024/01/05,11.25,11.42,11.00,11.10,63396897,850023488.00
2024/01/08,11.04,11.10,10.85,10.88,58285996,767066240.00
2024/01/09,11.13,11.38,10.86,10.99,88639975,1178732800.00
2024/01/10,10.88,11.02,10.63,10.71,69154970,896989888.00
2024/01/11,10.76,10.99,10.69,10.95,73663267,963337024.00
2024/01/12,10.80,10.91,10.62,10.66,59607234,771220416.00
2024/01/15,10.60,10.73,10.43,10.52,59544106,760055552.00
2024/01/16,10.44,10.83,10.44,10.71,102235691,1311978112.00
2024/01/17,10.67,10.90,10.48,10.48,76542827,988768000.00
2024/01/18,10.48,11.60,10.48,11.51,222034735,2966176256.00
2024/01/19,11.64,12.27,11.52,12.00,199161081,2829169664.00
2024/01/22,12.51,12.74,12.00,12.20,214606830,3147146240.00
2024/01/23,11.85,12.60,11.82,12.30,164723079,2384151808.00
2024/01/24,12.42,12.56,11.86,12.30,141635778,2039889536.00
2024/01/25,12.25,13.02,12.11,12.88,165483518,2470541824.00
2024/01/26,12.63,12.71,12.07,12.21,140558459,2051277696.00
2024/01/29,12.02,12.21,11.29,11.39,121927739,1674421632.00
2024/01/30,11.35,11.70,11.28,11.30,75619127,1034328256.00
2024/01/31,11.10,11.35,10.82,11.11,88463999,1178654464.00
2024/02/01,10.93,12.44,10.78,12.36,179836047,2561288960.00
2024/02/02,12.34,12.57,11.35,11.72,159352348,2271481088.00
2024/02/05,11.68,13.01,11.61,12.57,222610970,3243363840.00
2024/02/06,12.10,13.69,12.10,13.33,233467121,3576843264.00
2024/02/07,13.07,13.33,12.81,13.10,173795334,2648861184.00
2024/02/08,13.30,14.36,13.00,13.50,187079316,2963949568.00
2024/02/19,14.50,15.07,14.12,15.07,198838500,3376731904.00
2024/02/20,15.70,16.79,15.41,16.29,305323162,5554868224.00
2024/02/21,15.53,15.66,15.05,15.35,248590873,4361412096.00
2024/02/22,16.05,16.37,15.11,15.99,259307114,4644718080.00
2024/02/23,16.62,16.75,15.86,15.97,223745878,4126150144.00
2024/02/26,15.40,15.81,15.31,15.47,176765115,3139609088.00
2024/02/27,15.39,17.24,15.19,17.13,286375968,5308530176.00
2024/02/28,16.85,17.09,16.00,16.00,219414506,4136701184.00
2024/02/29,15.96,16.86,15.88,16.49,182497975,3398084096.00
2024/03/01,16.85,18.26,16.85,17.82,248116620,4892951040.00
2024/03/04,18.60,19.82,18.24,19.82,268195145,5710595584.00
2024/03/05,19.50,21.98,19.33,20.55,309757066,7050811904.00
2024/03/06,19.87,20.35,19.50,19.81,230257687,5085112832.00
2024/03/07,20.27,21.01,19.66,20.41,270290678,6085421568.00
2024/03/08,20.90,22.67,20.46,22.67,285720842,6824257536.00
2024/03/11,21.48,24.55,21.20,23.62,335970986,8195001344.00
2024/03/12,23.06,23.28,21.87,22.60,312517653,7726114816.00
2024/03/13,23.34,24.78,21.89,22.15,492039964,12619420672.00
2024/03/14,20.57,21.07,19.79,20.65,550613186,12448108544.00
2024/03/15,20.29,21.08,20.26,20.88,358323553,8214079488.00
2024/03/18,21.25,23.10,21.16,22.81,424813590,10433641472.00
2024/03/19,22.20,23.91,21.93,23.31,379137510,9516654592.00
2024/03/20,23.10,23.63,22.37,22.88,298902628,7531928576.00
2024/03/21,22.88,23.60,22.54,22.79,269702591,6810420736.00
2024/03/22,22.62,23.15,21.91,22.23,260364004,6429464064.00
2024/03/25,22.65,22.80,21.67,21.71,233972826,5719688704.00
2024/03/26,21.80,22.10,20.80,21.53,246343859,5848714240.00
2024/03/27,21.17,21.47,20.16,20.21,237632035,5453341184.00
2024/03/28,20.22,21.91,20.22,21.25,275641078,6411695616.00
2024/03/29,20.94,20.98,20.13,20.57,169352275,3846707712.00
2024/04/01,20.70,21.30,20.38,21.11,169946005,3938504704.00
2024/04/02,21.04,21.48,20.52,20.70,153855403,3555486976.00
2024/04/03,20.50,20.54,19.54,19.72,176883711,3905145600.00
2024/04/08,19.50,20.19,19.38,19.80,122388763,2705714688.00
2024/04/09,19.95,19.96,19.10,19.69,137238781,2976232192.00
2024/04/10,19.49,19.67,18.73,18.90,123658936,2620631552.00
2024/04/11,19.03,19.45,18.90,19.05,135552814,2899217664.00
2024/04/12,19.60,20.72,19.51,20.06,254395786,5686706688.00
2024/04/15,19.68,20.35,19.50,20.04,149291715,3313784576.00
2024/04/16,19.33,20.17,19.20,19.61,124388081,2714956288.00
2024/04/17,20.30,20.66,19.54,20.30,204886515,4573338624.00
2024/04/18,19.66,21.29,19.12,20.70,232648390,5211279360.00
2024/04/19,20.21,20.30,19.24,19.85,188598619,4146330624.00
2024/04/22,18.18,18.90,17.75,18.64,172316991,3546511616.00
2024/04/23,18.85,18.99,18.16,18.39,104059777,2158505472.00
2024/04/24,18.82,20.39,18.72,20.04,223752108,4867851776.00
2024/04/25,19.46,20.29,19.36,19.99,119937317,2644030464.00
2024/04/26,21.02,22.21,21.00,22.21,352752382,8519029760.00
2024/04/29,22.56,22.56,21.97,22.32,256688898,6273636352.00
2024/04/30,23.10,23.10,22.25,22.30,230537544,5712943104.00
2024/05/06,22.80,23.10,22.20,22.62,171514799,4260075776.00
2024/05/07,23.00,23.79,22.47,23.18,240914242,6122501632.00
2024/05/08,22.54,23.00,22.21,22.26,141192478,3488052736.00
2024/05/09,22.10,22.30,21.56,22.02,143346770,3459862016.00
2024/05/10,21.80,21.99,21.32,21.72,97463770,2323699456.00
2024/05/13,21.73,22.14,21.60,21.80,101213563,2434496000.00
2024/05/14,22.20,22.29,21.26,21.60,114680668,2746620672.00
2024/05/15,21.68,22.80,21.55,22.10,142504044,3493814016.00
2024/05/16,23.53,24.22,23.21,23.38,241160954,6231606272.00
2024/05/17,23.00,23.60,22.90,23.50,138735923,3532613888.00
2024/05/20,23.10,24.03,22.81,24.02,171532187,4424493568.00
2024/05/21,23.74,24.00,23.26,23.52,111707843,2880737024.00
2024/05/22,23.49,23.66,22.99,23.23,98684188,2511330048.00
2024/05/23,23.80,23.98,22.24,23.42,181848683,4611253760.00
2024/05/24,23.00,23.70,21.86,21.95,205119477,5084389376.00
2024/05/27,22.40,23.12,22.31,22.66,146606162,3646699776.00
2024/05/28,22.45,22.70,21.90,21.92,98564656,2403414784.00
2024/05/29,22.55,22.62,21.90,22.01,90270296,2201683456.00
2024/05/30,21.80,22.08,21.50,21.74,71018550,1704977280.00
2024/05/31,21.47,21.88,20.71,20.71,139113217,3246306816.00
2024/06/03,20.71,21.94,20.70,21.67,155612490,3677729024.00
2024/06/04,21.67,21.70,21.25,21.59,82107356,1943067264.00
2024/06/05,21.47,21.77,21.26,21.50,73281583,1740337536.00
2024/06/06,22.68,23.87,22.68,23.87,297932510,7674821632.00
2024/06/07,23.65,23.94,21.68,22.33,295697836,7341980672.00
2024/06/11,22.30,22.85,21.84,22.01,161039103,3945047296.00
2024/06/12,22.35,23.28,22.11,22.17,193434854,4803851776.00
2024/06/13,22.60,24.39,22.57,23.70,238197880,6133068288.00
2024/06/14,23.85,25.52,23.64,25.03,228452320,6138937856.00
2024/06/17,24.87,25.79,24.48,25.31,204393237,5592828416.00
2024/06/18,25.33,26.71,25.33,26.42,205413036,5829921792.00
2024/06/19,26.99,27.07,26.09,26.27,142246265,4069391616.00
2024/06/20,26.27,26.89,26.18,26.41,104347447,2991085824.00
2024/06/21,25.30,26.54,25.24,26.27,123132060,3463436544.00
2024/06/24,25.60,26.27,25.12,25.35,113412966,3157646592.00
2024/06/25,24.56,25.00,24.01,24.24,131710039,3505268992.00
2024/06/26,24.92,25.18,24.25,24.97,119786129,3224735744.00
2024/06/27,24.47,25.05,24.12,24.61,105659504,2831106560.00
2024/06/28,24.50,25.58,24.49,25.20,115006111,3151831040.00
2024/07/01,25.21,25.99,24.80,25.80,100519731,2769311744.00
2024/07/02,25.55,25.67,25.06,25.16,90173318,2475200000.00
2024/07/03,24.95,25.34,24.61,25.18,74022541,2014567808.00
2024/07/04,25.55,25.65,24.96,25.07,79068697,2171606528.00
2024/07/05,24.80,25.02,24.16,24.88,88154019,2359759616.00
2024/07/08,24.67,25.23,24.61,24.76,63942302,1734099072.00
2024/07/09,24.90,26.98,24.55,26.80,159519849,4499602944.00
2024/07/10,26.80,26.98,26.22,26.75,102541972,2958129664.00
2024/07/11,27.25,27.27,25.67,26.56,128407393,3681297920.00
2024/07/12,25.45,25.48,25.00,25.06,129264185,3537581568.00
2024/07/15,24.95,25.12,24.47,24.76,84711831,2283405824.00
2024/07/16,24.76,25.40,24.16,25.26,126827003,3433207808.00
2024/07/17,24.86,24.90,23.64,23.75,136061170,3579744000.00
2024/07/18,22.62,23.26,22.13,23.21,160303630,3987867392.00
2024/07/19,22.77,23.10,22.35,22.46,115732584,2872113152.00
2024/07/22,22.29,22.83,22.02,22.71,104301295,2583806720.00
2024/07/23,23.15,23.25,22.33,22.34,98908835,2472327936.00
2024/07/24,22.20,22.90,21.96,22.10,88393632,2172629248.00
2024/07/25,21.30,21.54,20.80,21.00,134603105,3140485376.00
2024/07/26,21.00,21.46,20.75,21.30,85995527,2005890432.00
2024/07/29,21.20,21.89,20.97,21.60,97698659,2316856832.00
2024/07/30,21.29,21.40,20.43,20.65,128294872,2937657088.00
2024/07/31,20.56,21.68,20.54,21.64,150300024,3523270144.00
2024/08/01,22.40,22.58,21.76,21.77,145251146,3524832768.00
2024/08/02,20.73,20.90,20.05,20.13,181982272,4118348288.00
2024/08/05,18.90,19.32,18.08,18.22,234159896,4886016000.00
2024/08/06,18.83,19.03,18.30,18.61,142961573,2970093568.00
2024/08/07,18.40,18.61,18.11,18.20,110934369,2274063616.00
2024/08/08,17.80,18.39,17.55,18.28,131241616,2654203648.00
2024/08/09,18.60,19.12,18.41,18.59,172681538,3608863232.00
2024/08/12,18.31,18.72,18.27,18.44,92680160,1913431168.00
2024/08/13,18.65,18.85,18.25,18.58,101406585,2100912000.00
2024/08/14,19.00,19.70,18.83,19.18,210949756,4530984960.00
2024/08/15,19.12,19.28,18.68,19.04,126430976,2605049344.00
2024/08/16,19.39,19.84,19.36,19.44,151856291,3219246336.00
2024/08/19,19.38,19.52,19.11,19.16,90504739,1891974144.00
2024/08/20,19.49,19.56,18.89,19.03,90417976,1882949888.00
2024/08/21,18.68,19.51,18.65,19.15,93709853,1945131392.00
2024/08/22,19.16,19.17,18.59,18.77,82223637,1677662080.00
2024/08/23,18.58,18.94,18.37,18.84,82016447,1664348928.00
2024/08/26,18.98,19.08,18.38,18.50,75746267,1533708288.00
2024/08/27,18.38,18.45,18.04,18.13,73099372,1447122560.00
2024/08/28,17.98,18.44,17.88,18.15,67886138,1339117440.00
2024/08/29,17.38,17.71,16.89,17.60,137279810,2598158592.00
2024/08/30,17.46,19.13,17.45,18.85,192325552,3894024192.00
2024/09/02,18.75,18.75,17.83,17.83,131361234,2592560128.00
2024/09/03,17.72,18.03,17.61,17.82,82296888,1599480832.00
2024/09/04,16.88,17.36,16.78,17.30,128753525,2407196416.00
2024/09/05,17.24,17.59,17.09,17.26,81826458,1547422592.00
2024/09/06,17.25,17.32,16.68,16.74,91816708,1702211200.00
2024/09/09,16.51,17.02,16.48,16.98,86590007,1593335424.00
2024/09/10,16.98,17.37,16.74,17.20,101561910,1895273472.00
2024/09/11,17.10,17.46,17.03,17.16,69307085,1302534400.00
2024/09/12,17.77,18.02,17.18,17.22,117994957,2261474816.00
2024/09/13,17.24,17.97,17.24,17.63,159682046,3090243584.00
2024/09/18,17.38,17.48,16.95,17.13,81437493,1529559552.00
2024/09/19,17.25,17.35,16.83,17.23,97736748,1832408832.00
2024/09/20,17.38,17.62,17.11,17.24,90368834,1709430528.00
2024/09/23,17.03,17.53,16.92,17.09,77052617,1453569664.00
2024/09/24,17.28,18.96,17.26,18.96,257830495,5130805248.00
2024/09/25,19.70,20.21,19.39,19.45,245417550,5260220416.00
2024/09/26,19.49,20.07,19.24,20.04,188815516,4012792832.00
2024/09/27,20.40,21.38,20.23,21.38,140687552,3139300608.00
2024/09/30,22.68,23.67,21.88,23.57,279167424,6863945728.00
2024/10/08,26.09,26.09,23.70,26.09,306561540,8353966080.00
2024/10/09,26.08,26.68,24.05,24.38,266582661,7197497856.00
2024/10/10,24.90,25.06,23.43,24.18,184542632,4801598976.00
2024/10/11,23.78,24.30,22.50,22.97,145864388,3645912064.00
2024/10/14,22.92,23.55,22.34,23.54,141380396,3486650112.00
2024/10/15,23.57,24.13,22.98,22.98,134091798,3377437696.00
2024/10/16,21.99,22.47,21.57,21.91,135064300,3181044992.00
2024/10/17,22.15,22.60,21.99,22.09,115279782,2753947648.00
2024/10/18,22.36,24.46,22.36,24.46,242853626,6177895424.00
2024/10/21,25.19,25.36,23.99,24.58,250042619,6584950784.00
2024/10/22,24.87,25.16,24.18,24.64,147253825,3872117504.00
2024/10/23,24.17,24.43,23.63,23.99,123814983,3174466048.00
2024/10/24,23.54,24.18,23.21,23.73,92148813,2324974080.00
2024/10/25,23.77,24.43,23.51,24.04,106671706,2731769344.00
2024/10/28,23.69,24.00,23.27,23.64,108666268,2740527360.00
2024/10/29,23.58,24.36,23.29,23.43,138353273,3511210240.00
2024/10/30,23.28,24.02,22.92,23.22,121294360,3035295488.00
2024/10/31,22.88,23.03,22.19,22.63,186721176,4520725504.00
2024/11/01,22.23,22.74,22.03,22.06,113029928,2705900800.00
2024/11/04,22.16,22.91,22.16,22.71,109551173,2656418048.00
2024/11/05,22.72,23.37,22.43,23.13,153238285,3775653376.00
2024/11/06,23.38,23.38,22.41,22.56,156516872,3825674240.00
2024/11/07,22.34,23.17,22.00,23.02,154901012,3759858944.00
2024/11/08,23.28,25.38,23.28,24.36,331382048,8684620800.00
2024/11/11,23.68,25.56,23.59,25.39,312967957,8231086080.00
2024/11/12,25.39,25.39,23.84,24.10,231145238,6024691712.00
2024/11/13,23.85,25.52,23.48,24.85,239437201,6252146688.00
2024/11/14,24.96,24.98,23.23,23.25,185087000,4734109184.00
2024/11/15,23.18,23.51,22.28,22.30,151761884,3712560384.00
2024/11/18,22.30,22.47,21.46,21.62,112267255,2640742144.00
2024/11/19,21.83,22.26,21.30,22.10,107477550,2515347712.00
2024/11/20,22.08,22.57,22.08,22.38,114557643,2745515776.00
2024/11/21,21.98,22.17,21.59,21.81,122915439,2887580672.00
2024/11/22,21.87,22.34,21.22,21.22,121144968,2836805632.00
2024/11/25,21.22,21.33,20.08,20.49,128415935,2845965568.00
2024/11/26,20.27,20.80,20.09,20.47,89667297,1977884800.00
2024/11/27,20.30,20.80,20.10,20.70,86857473,1922345856.00
2024/11/28,20.70,20.70,20.16,20.23,90815754,1995650688.00
2024/11/29,20.23,21.08,20.13,20.57,115397302,2560538112.00
2024/12/02,20.45,21.13,20.45,20.94,122331509,2743941120.00
2024/12/03,21.06,21.06,20.43,20.62,88129201,1962120576.00
2024/12/04,20.63,20.70,20.18,20.26,96260800,2114514304.00
2024/12/05,20.30,21.03,20.30,20.92,146716643,3296525312.00
2024/12/06,20.92,21.05,20.61,20.98,110723650,2491375872.00
2024/12/09,21.00,21.00,20.38,20.51,93128359,2070106112.00
2024/12/10,20.99,21.18,20.51,20.52,129917418,2916481536.00
2024/12/11,20.48,20.86,20.41,20.71,93745436,2091065856.00
2024/12/12,20.75,21.03,20.58,20.72,90988819,2035384960.00
2024/12/13,20.55,20.58,19.68,19.73,165159068,3576176128.00
2024/12/16,19.58,19.68,19.25,19.44,98816603,2076540544.00
2024/12/17,19.37,20.55,19.30,19.98,183654590,3999723776.00
2024/12/18,20.00,20.08,19.56,19.79,92351552,1975597440.00
2024/12/19,19.58,20.75,19.49,20.57,182462203,3997002752.00
2024/12/20,20.41,20.73,20.30,20.40,124979076,2760717056.00
2024/12/23,20.61,21.02,20.42,20.43,138310381,3081972736.00
2024/12/24,20.49,21.45,20.18,21.38,210029160,4726842880.00
2024/12/25,21.41,21.57,20.90,21.10,162508620,3716854528.00
2024/12/26,21.02,21.76,20.80,21.71,195460093,4515516928.00
2024/12/27,21.54,21.58,20.93,20.99,179613147,4104549888.00
2024/12/30,20.93,21.13,20.68,20.83,97277049,2187789824.00
2024/12/31,20.84,20.88,19.88,19.88,134445513,2935692032.00
2025/01/02,19.78,19.78,18.82,19.09,124729946,2610823936.00
2025/01/03,19.02,19.54,18.84,18.93,103765415,2159601920.00
2025/01/06,19.17,19.43,18.79,19.05,82697727,1710058112.00
2025/01/07,19.19,19.65,19.01,19.63,115191738,2414106368.00
2025/01/08,19.28,19.29,18.54,19.01,116026270,2388783360.00
2025/01/09,19.00,19.21,18.84,18.92,76115469,1572457088.00
2025/01/10,18.87,18.87,18.13,18.13,110387532,2213737472.00
2025/01/13,17.86,18.24,17.78,18.10,64694739,1270179072.00
2025/01/14,18.13,19.06,17.86,18.95,134820567,2721137408.00
2025/01/15,18.88,18.88,18.47,18.52,83278913,1681752448.00
2025/01/16,18.73,19.37,18.58,19.22,157268995,3239699200.00
2025/01/17,19.06,19.38,18.88,19.04,102381225,2123876224.00
2025/01/20,19.29,19.47,19.07,19.15,84717471,1769984640.00
2025/01/21,19.34,19.98,19.13,19.59,125772325,2659706880.00
2025/01/22,19.80,21.71,19.79,21.71,399541198,9093334016.00
2025/01/23,22.19,22.62,21.38,21.38,404504805,9577730048.00
2025/01/24,21.09,21.88,20.94,21.73,231955256,5347422208.00
2025/01/27,20.93,20.97,19.77,19.83,254718757,5575565312.00
2025/02/05,18.94,18.97,18.18,18.38,299566077,6007427072.00
2025/02/06,18.69,18.95,18.38,18.86,204003961,4149233408.00
2025/02/07,19.05,20.29,18.97,19.93,289325724,6188085248.00
2025/02/10,20.04,20.16,19.81,20.10,172621877,3732243456.00
2025/02/11,20.18,20.60,20.11,20.15,153306095,3363606272.00
2025/02/12,20.10,20.56,19.96,20.53,127206650,2790480384.00
2025/02/13,20.43,20.56,20.14,20.17,112709628,2470477824.00
2025/02/14,20.19,21.01,20.19,20.48,154139884,3432007168.00
2025/02/17,20.84,21.48,20.69,21.28,210038514,4768448512.00
2025/02/18,21.28,21.85,20.97,21.06,213604148,4925567488.00
2025/02/19,20.98,22.02,20.93,21.62,197765185,4587932160.00
2025/02/20,21.43,21.49,20.96,21.00,148493316,3378726912.00
2025/02/21,21.25,21.68,20.97,21.58,202636966,4659632640.00
2025/02/24,21.76,22.34,21.18,21.59,236870254,5535768064.00
2025/02/25,21.18,21.98,21.10,21.46,191426045,4432891392.00
2025/02/26,21.37,21.37,20.72,21.15,167579499,3787848448.00
2025/02/27,21.28,21.35,20.07,20.34,193584812,4293091072.00
2025/02/28,19.48,19.77,19.12,19.57,171902150,3622179072.00
2025/03/03,19.75,19.87,19.23,19.45,105909115,2231416832.00
2025/03/04,18.77,19.42,18.68,19.42,112727749,2336474112.00
2025/03/05,19.42,19.52,19.13,19.42,81767743,1710518272.00
2025/03/06,19.58,19.88,19.49,19.70,139775384,2980568064.00
2025/03/07,19.51,19.51,19.20,19.25,103057893,2161396736.00
2025/03/10,19.31,19.45,19.14,19.41,71173791,1488413568.00
2025/03/11,18.99,19.29,18.94,19.20,78743243,1632176384.00
2025/03/12,19.30,19.48,19.18,19.29,90150381,1889288320.00
2025/03/13,19.41,19.53,18.99,19.05,89112088,1855240704.00
2025/03/14,19.19,19.66,19.06,19.64,144783355,3055255040.00
2025/03/17,19.98,20.15,19.77,19.90,116467322,2513967616.00
2025/03/18,19.86,20.04,19.69,19.92,91080758,1952928384.00
2025/03/19,19.78,19.78,19.36,19.40,97197176,2050446080.00
2025/03/20,19.49,19.54,19.20,19.23,63732456,1334169984.00
2025/03/21,19.16,19.29,18.96,19.01,71449932,1479176192.00
2025/03/24,19.07,19.22,18.89,19.22,65146897,1346156800.00
2025/03/25,19.17,19.27,18.86,18.89,73463297,1513586688.00
2025/03/26,18.81,18.93,18.73,18.76,52520747,1073654144.00
2025/03/27,18.59,18.73,18.28,18.60,72460007,1459341312.00
2025/03/28,18.58,18.67,18.35,18.36,57214140,1147677952.00
2025/03/31,18.18,18.33,18.06,18.24,63644398,1260114688.00
2025/04/01,18.33,18.55,18.17,18.40,57477698,1148515712.00
2025/04/02,18.33,18.56,18.30,18.38,47903170,961073152.00
2025/04/03,18.03,18.26,17.39,17.43,127476448,2469083136.00
2025/04/07,15.53,15.53,15.53,15.53,33166200,568800320.00
2025/04/08,14.67,15.02,13.82,13.82,214740384,3376376576.00
2025/04/09,12.96,14.88,12.96,14.71,218935510,3439909888.00
2025/04/10,16.28,16.34,15.88,16.34,253856136,4527281664.00
2025/04/11,16.03,16.47,15.76,16.18,157423758,2789262848.00
2025/04/14,16.78,17.05,16.21,16.30,142905610,2596128256.00
2025/04/15,16.30,16.56,16.20,16.48,87402246,1576120704.00
2025/04/16,16.38,16.44,15.51,15.88,118725269,2066155648.00
2025/04/17,15.60,16.03,15.58,15.78,77822578,1358456960.00
2025/04/18,15.78,16.03,15.73,15.94,54420200,952948032.00
2025/04/21,15.93,16.23,15.77,16.19,51131649,903346240.00
2025/04/22,16.08,16.21,15.96,16.16,46164465,818795264.00
2025/04/23,16.57,16.91,16.50,16.62,101451626,1856499328.00
2025/04/24,16.64,16.64,16.25,16.30,53640112,967764160.00
2025/04/25,16.47,16.76,16.39,16.62,70530373,1288557440.00
2025/04/28,16.64,16.67,16.30,16.38,45880001,828167872.00
2025/04/29,16.37,16.47,16.20,16.47,36497121,657510528.00
2025/04/30,16.63,16.63,16.36,16.44,55257454,1000543744.00
2025/05/06,16.68,17.21,16.58,17.19,99564294,1849510912.00
2025/05/07,17.47,17.53,16.84,17.01,99942861,1863389440.00
2025/05/08,17.08,17.53,17.03,17.41,101076326,1918182912.00
2025/05/09,17.29,17.33,17.03,17.07,57976577,1088299904.00
2025/05/12,17.49,17.74,17.29,17.65,106401083,2034112512.00
2025/05/13,18.18,18.18,17.46,17.47,104596236,2024574592.00
2025/05/14,17.86,18.41,17.68,17.93,150481305,2959459328.00
2025/05/15,17.94,17.94,17.48,17.48,80655413,1548705792.00
2025/05/16,17.38,17.67,17.25,17.60,53707921,1028660416.00
2025/05/19,17.44,17.51,17.12,17.43,55325443,1046353408.00
2025/05/20,17.43,17.58,17.23,17.44,39748245,756345280.00
2025/05/21,17.44,17.44,17.25,17.35,32936626,624459776.00
2025/05/22,17.26,17.64,17.20,17.43,54431877,1039624128.00
2025/05/23,17.46,17.78,17.17,17.17,53667134,1020421952.00
2025/05/26,17.22,17.28,17.03,17.14,38188676,716195648.00
2025/05/27,17.14,17.14,16.77,16.85,43219189,799701184.00
2025/05/28,16.88,17.06,16.78,16.96,33184465,616336256.00
2025/05/29,17.19,18.23,17.19,18.08,176932722,3465261568.00
2025/05/30,17.70,17.77,17.31,17.31,93560500,1784380288.00
2025/06/03,17.20,17.34,17.14,17.17,49742611,936626304.00
2025/06/04,17.33,17.87,17.33,17.81,111202578,2150783232.00
2025/06/05,17.76,19.08,17.76,18.94,232144233,4706401280.00
2025/06/06,18.88,18.88,18.63,18.69,84800400,1726461312.00
2025/06/09,18.90,19.03,18.59,18.81,74382813,1520629248.00
2025/06/10,18.83,18.84,18.34,18.54,62518510,1262554112.00
2025/06/11,18.63,19.13,18.61,18.78,85806322,1762638720.00
2025/06/12,18.63,19.28,18.61,19.04,104812227,2171612416.00
2025/06/13,18.98,19.57,18.91,19.28,104334298,2183420416.00
2025/06/16,19.23,20.14,19.20,19.60,123513568,2644510976.00
2025/06/17,19.69,19.76,18.94,18.98,88210748,1836402688.00
2025/06/18,19.03,19.63,18.65,19.54,117888260,2448922880.00
2025/06/19,19.48,19.94,19.12,19.19,80737498,1701363328.00
2025/06/20,19.29,19.38,18.96,18.97,50086357,1037041664.00
2025/06/23,18.81,19.04,18.36,18.58,78429546,1586402304.00
2025/06/24,18.79,18.93,18.61,18.67,71136841,1447435264.00
2025/06/25,18.87,19.45,18.87,19.36,114952281,2399815936.00
2025/06/26,19.78,20.08,19.40,19.42,117964426,2510679296.00
2025/06/27,19.42,20.03,19.10,19.73,116162043,2473588992.00
2025/06/30,19.86,19.93,19.58,19.76,75858487,1620980480.00
2025/07/01,19.64,20.01,19.38,19.78,75057997,1598486912.00
2025/07/02,19.58,19.69,19.43,19.54,53683448,1135722496.00
2025/07/03,19.64,21.66,19.64,21.66,341838829,7812149760.00
2025/07/04,21.69,22.73,21.66,22.19,323605462,7750318592.00
2025/07/07,22.18,22.71,21.72,22.36,164899723,3935417600.00
2025/07/08,23.26,24.76,23.18,24.76,289695438,7483434496.00
2025/07/09,25.38,25.50,24.88,24.98,265386641,7099473920.00
2025/07/10,25.28,25.37,24.26,24.54,186420588,4894678016.00
2025/07/11,24.48,24.95,24.26,24.38,143914629,3755704576.00
2025/07/14,24.38,24.60,23.78,24.30,108430624,2808305664.00
2025/07/15,24.68,25.79,24.55,25.63,276347142,7421224960.00
2025/07/16,25.37,25.79,25.03,25.11,145623211,3923855872.00
2025/07/17,25.01,26.01,25.01,25.88,157134173,4272932864.00
2025/07/18,25.87,26.37,25.44,25.49,128958666,3527149056.00
2025/07/21,25.38,25.93,25.13,25.40,86503840,2336498432.00
2025/07/22,25.38,26.64,25.18,25.34,141884699,3881833728.00
2025/07/23,24.88,25.14,24.73,24.96,114093401,3028691456.00
2025/07/24,25.57,27.33,25.43,26.83,223942507,6254561280.00
2025/07/25,26.83,27.53,26.79,27.04,107433857,3082064640.00
2025/07/28,27.32,27.95,26.99,27.95,152249569,4437868544.00
2025/07/29,27.94,29.66,27.69,29.57,178836481,5443611648.00
2025/07/30,29.38,32.63,28.67,31.66,206835613,6670342144.00
2025/07/31,32.28,34.92,32.22,33.63,302280341,10515073024.00
2025/08/01,33.02,33.32,31.50,32.02,219395147,7294069248.00
2025/08/04,31.42,32.12,31.23,31.99,138180054,4507279360.00
2025/08/05,32.52,34.36,32.13,34.07,244590076,8367476224.00
2025/08/06,33.12,33.71,32.57,33.32,147620736,5047534080.00
2025/08/07,35.22,36.66,33.74,34.67,243591751,8779278336.00
2025/08/08,34.75,36.57,34.08,35.61,180125156,6572389376.00
2025/08/11,35.52,36.21,34.12,35.37,192984769,7003982848.00
2025/08/12,35.49,38.73,35.49,38.73,222850156,8550586880.00
2025/08/13,38.74,42.70,37.97,42.70,242366773,10023782400.00
2025/08/14,42.98,44.80,42.00,42.24,242001501,10650283008.00
2025/08/15,41.61,44.72,41.52,43.88,230671299,10234688512.00
2025/08/18,43.82,44.27,40.68,43.48,263078034,11509161984.00
2025/08/19,43.04,47.93,42.70,47.93,273043827,12733532160.00
2025/08/20,45.52,47.98,44.82,46.93,253058665,11955177472.00
2025/08/21,46.44,47.42,43.59,44.31,231661917,10647328768.00
2025/08/22,43.52,46.31,43.02,44.85,241263010,11006049280.00
2025/08/25,45.52,47.09,43.72,47.02,306073008,14043646976.00
2025/08/26,45.90,46.02,44.50,44.50,221637437,10207619072.00
2025/08/27,44.02,46.91,43.53,44.74,260361155,12048546816.00
2025/08/28,43.62,48.97,43.24,47.96,345929345,16267081728.00
2025/08/29,47.02,52.85,46.16,52.85,343022654,17371645952.00
2025/09/01,53.01,55.98,51.32,54.64,269519213,14793141248.00
2025/09/02,55.72,57.02,51.53,52.90,272311538,15010975744.00
2025/09/03,52.90,54.62,50.10,53.26,221915698,11903005696.00
2025/09/04,55.52,56.90,48.95,52.15,333831271,18022746112.00
2025/09/05,52.32,56.22,49.62,54.85,339091254,18175746048.00
2025/09/08,54.02,55.16,49.40,50.42,303251521,15981215744.00
2025/09/09,49.42,50.52,46.52,47.81,262177391,12944730112.00
2025/09/10,50.62,52.69,49.62,52.69,346078651,18310217728.00
2025/09/11,54.82,58.06,53.67,58.06,272279844,15528041472.00
2025/09/12,57.90,62.12,57.05,60.92,315605216,19269402624.00
2025/09/15,59.02,60.30,57.52,58.92,193171858,11563491328.00
2025/09/16,58.89,60.92,57.89,58.75,179496997,10801449984.00
2025/09/17,57.92,62.02,56.73,60.14,241909399,14585318400.00
2025/09/18,58.41,66.25,58.41,63.38,315066851,20292012032.00
2025/09/19,64.66,67.65,64.02,65.12,236867281,15781011456.00
2025/09/22,65.57,70.91,63.66,69.52,239928000,16708442112.00
2025/09/23,73.74,73.74,67.52,69.89,267032716,19020544000.00
2025/09/24,67.82,68.96,66.52,67.65,196384443,13461289984.00
2025/09/25,66.90,68.88,65.21,67.48,188668167,12883412992.00
2025/09/26,66.57,67.53,63.67,63.89,192175650,12691205120.00
2025/09/29,63.87,66.52,63.87,65.60,155035785,10295116800.00
2025/09/30,65.82,68.50,64.54,65.03,165341739,11090699264.00
2025/10/09,66.13,69.90,66.02,67.47,221543652,15252473856.00
2025/10/10,67.33,69.01,64.48,65.43,184283841,12406938624.00
2025/10/13,60.02,63.65,60.02,62.50,170867713,10776334336.00
2025/10/14,64.01,64.68,58.27,58.74,194679098,12102480896.00
2025/10/15,58.74,62.92,57.52,62.40,191166300,11740563456.00
2025/10/16,61.02,63.37,60.72,62.61,115939328,7332047872.00
2025/10/17,62.02,62.29,58.92,59.03,137879485,8413468160.00
2025/10/20,61.02,62.84,60.09,61.08,145002286,9053009920.00
2025/10/21,61.96,67.21,61.44,67.02,252287766,16620318720.00
2025/10/22,66.01,66.02,63.52,64.48,167191686,11014894592.00
2025/10/23,63.82,64.04,61.72,63.01,111025337,7078123520.00
2025/10/24,64.20,66.72,63.08,66.27,179020774,11869082624.00
2025/10/27,68.28,72.60,68.28,71.78,234879242,16679873536.00
2025/10/28,70.20,74.78,70.07,73.01,202804199,14958410752.00
2025/10/29,77.14,80.41,76.92,79.82,199193919,15896272896.00
2025/10/30,79.02,82.90,76.72,76.99,240890950,19314782208.00
2025/10/31,76.97,77.69,70.52,71.02,246298664,18180679680.00
2025/11/03,69.38,75.02,69.23,73.91,214332627,15719906304.00
2025/11/04,73.79,74.22,71.49,72.51,131235753,9664880640.00
2025/11/05,69.33,74.82,68.89,74.26,167250715,12189758464.00
2025/11/06,74.26,75.72,73.12,75.24,172482897,13036723200.00
2025/11/07,73.09,73.52,70.65,71.72,158542019,11558342656.00
2025/11/10,71.02,71.23,67.02,70.52,212282559,14784377856.00
2025/11/11,71.02,71.08,67.02,67.05,140935264,9758753792.00
2025/11/12,65.47,68.57,64.68,67.62,136968180,9283977216.00
2025/11/13,66.60,67.89,65.21,67.01,121665589,8199301120.00
2025/11/14,64.82,65.51,63.28,63.29,155045196,10095924224.00
2025/11/17,63.41,65.51,63.34,63.96,116268089,7593007616.00
2025/11/18,62.67,65.52,62.22,63.74,114697538,7466283520.00
2025/11/19,63.52,65.64,63.22,64.08,145636642,9533078528.00
2025/11/20,67.08,67.35,64.02,64.96,142175376,9427698688.00
2025/11/21,62.07,62.47,59.10,59.69,190289343,11707877376.00
2025/11/24,60.02,60.82,53.62,54.96,332009071,18723571712.00
2025/11/25,55.38,57.36,55.18,55.63,226214444,12916587520.00
2025/11/26,54.33,60.12,54.04,57.95,281284286,16345298944.00
2025/11/27,59.04,62.47,58.93,59.29,275887464,17029728256.00
2025/11/28,59.26,59.78,58.04,59.74,166778785,10007823360.00
2025/12/01,59.05,59.23,57.02,58.83,180788700,10722486272.00
2025/12/02,58.85,61.72,58.74,59.98,209127721,12795589632.00
2025/12/03,60.02,61.79,60.02,60.70,186593118,11572935680.00
2025/12/04,59.90,61.98,58.70,60.42,157077468,9625767936.00
2025/12/05,61.01,61.28,59.02,60.14,130559029,7989113856.00
2025/12/08,59.77,63.29,59.40,62.43,241075371,15117129728.00
2025/12/09,63.02,67.40,62.20,67.01,293803972,19562027008.00
2025/12/10,65.86,65.98,63.02,64.23,219527524,14245136384.00
2025/12/11,63.03,63.90,60.63,61.32,192090669,12140309504.00
2025/12/12,60.02,61.52,58.88,60.77,168514361,10301367296.00
2025/12/15,58.52,59.70,58.13,58.16,137405776,8203956736.00
2025/12/16,57.97,59.34,57.40,57.97,129422100,7675208192.00
2025/12/17,58.12,60.58,57.70,60.52,162252639,9798305792.00
2025/12/18,58.58,58.88,57.27,57.30,176150213,10379614208.00
2025/12/19,58.21,58.24,56.76,57.32,99007715,5794317312.00
2025/12/22,58.49,60.02,58.14,59.64,176485282,10628028416.00
2025/12/23,59.58,62.40,59.34,61.88,216493755,13545831424.00
2025/12/24,63.20,65.02,62.61,64.16,217873034,14124843008.00
2025/12/25,64.42,67.17,64.42,65.74,202224528,13545522176.00
2025/12/26,65.52,65.52,62.82,62.86,192929740,12420981760.00
2025/12/29,62.76,65.41,62.75,64.26,188492424,12359241728.00
2025/12/30,62.82,64.32,62.03,63.25,149296167,9567558656.00
2025/12/31,63.26,63.56,60.88,61.07,156410378,9816587264.00
2026/01/05,62.31,63.30,61.73,62.69,159340565,10131702784.00
2026/01/06,62.69,63.99,61.88,63.07,170861519,10875606016.00
2026/01/07,62.43,63.68,61.62,62.17,165700324,10505069568.00
2026/01/08,62.33,62.49,60.09,60.35,185971526,11514884096.00
2026/01/09,59.52,60.77,59.07,60.50,156532098,9545356288.00
2026/01/12,60.51,60.72,58.77,59.95,211081625,12764097536.00
2026/01/13,59.80,60.75,58.11,58.45,193031606,11626275840.00
2026/01/14,59.12,59.51,58.39,59.02,156240185,9382960128.00
2026/01/15,58.32,60.02,57.91,59.81,142621511,8569045504.00
2026/01/16,60.55,63.35,60.55,62.35,262596271,16419501056.00
2026/01/19,61.46,61.53,60.06,60.25,188389009,11531498496.00
2026/01/20,59.65,59.80,58.15,59.02,139511512,8288322048.00
2026/01/21,58.06,61.14,58.05,60.91,173493593,10542404608.00
2026/01/22,61.04,62.35,60.14,62.10,221856297,13776641024.00
2026/01/23,61.35,61.40,59.43,59.46,203299233,12294797312.00
2026/01/26,59.44,59.44,58.36,58.61,117843070,6991157248.00
2026/01/27,58.86,61.35,58.05,60.32,212344495,12908316672.00
2026/01/28,61.65,61.99,59.46,60.04,171990122,10559474688.00
2026/01/29,60.03,60.23,56.23,56.95,324554403,19026937856.00
2026/01/30,56.35,57.35,54.97,57.05,173194449,9842501632.00
2026/02/02,56.15,56.85,55.02,55.03,156350348,8818529280.00
2026/02/03,55.65,55.77,53.38,55.10,167510256,9241044992.00
2026/02/04,54.04,54.13,51.95,52.76,189065643,10116227072.00
2026/02/05,51.62,53.67,51.55,53.23,144385646,7764330496.00
2026/02/06,52.35,54.83,51.76,53.75,137772202,7455379456.00
2026/02/09,55.55,55.85,54.66,54.87,140098639,7821090816.00
2026/02/10,55.08,56.34,54.93,55.42,111303019,6274389504.00
2026/02/11,54.95,55.47,54.36,54.55,75077186,4155196672.00
2026/02/12,54.70,55.31,53.87,54.68,83427628,4602131968.00
2026/02/13,53.80,55.10,53.55,54.10,68764597,3783935488.00
2026/02/24,54.76,55.44,54.25,54.73,107500987,5974129664.00
2026/02/25,55.16,56.93,55.05,56.74,169941169,9646921728.00
2026/02/26,56.75,57.89,55.65,57.30,162725955,9381200896.00
2026/02/27,55.65,55.79,54.45,55.05,170181186,9452131328.00
2026/03/02,53.35,55.35,53.19,54.88,118412005,6514506240.00
2026/03/03,55.19,57.15,54.23,54.23,193218849,10900358144.00
2026/03/04,53.33,54.51,52.86,53.11,107528229,5812733952.00
2026/03/05,54.14,55.61,53.68,54.45,136238015,7536714752.00
2026/03/06,54.15,54.25,53.15,53.68,86929791,4715933696.00
2026/03/09,52.11,52.29,50.56,52.14,169457850,8790865920.00
2026/03/10,52.98,53.73,52.75,53.71,117385056,6334070784.00
2026/03/11,54.05,54.34,52.95,53.24,122007345,6604832768.00
2026/03/12,53.25,54.13,51.57,51.89,141006096,7525158912.00
2026/03/13,51.37,52.52,51.36,51.84,94179792,4954742272.00
2026/03/16,51.53,52.09,50.85,52.05,101004502,5253463552.00
2026/03/17,52.34,52.53,50.22,50.25,131937600,6852068352.00
2026/03/18,50.65,51.49,50.20,51.41,117477631,6043832832.00
2026/03/19,50.35,50.64,49.55,49.81,105601848,5355120640.00
2026/03/20,50.33,51.80,49.56,49.65,154452125,7926093312.00
2026/03/23,48.30,48.44,46.70,46.95,137095123,6598957056.00
2026/03/24,47.92,48.23,46.84,48.19,110762899,5341877248.00
2026/03/25,48.74,50.35,48.37,49.66,126470338,6338624512.00
2026/03/26,49.35,50.85,48.92,49.09,107289028,5412614144.00
2026/03/27,47.98,49.25,47.75,48.88,78464489,3859064832.00
2026/03/30,47.81,48.64,47.68,48.62,66262388,3236146176.00
2026/03/31,48.35,52.20,47.88,50.81,238674008,12272913408.00
2026/04/01,52.35,52.85,50.82,52.67,215430014,11336940544.00
2026/04/02,52.01,53.80,51.10,51.35,157175051,8293712896.00
2026/04/03,51.95,52.53,51.35,51.53,104540059,5487285760.00
2026/04/07,52.33,53.35,51.35,51.93,120586393,6393556992.00
2026/04/08,53.51,55.96,52.73,55.96,251758712,13875060736.00
2026/04/09,54.35,55.16,54.15,54.37,155388673,8582700032.00
2026/04/10,54.95,56.62,54.68,55.87,190944086,10791046144.00
2026/04/13,55.35,55.90,54.75,55.05,135714872,7584956928.00
2026/04/14,55.82,58.64,55.48,58.27,254950677,14856724480.00
2026/04/15,58.71,59.32,56.55,57.17,197374123,11572417536.00
2026/04/16,57.34,59.34,56.75,58.67,180523624,10650559488.00
2026/04/17,58.95,60.55,58.33,60.32,187817900,11395671040.00
2026/04/20,61.24,62.68,60.36,60.86,213150819,13190136832.00
2026/04/21,60.32,60.85,59.22,60.76,139203661,8465550848.00
2026/04/22,60.54,66.90,60.38,66.24,316083151,20397856768.00
2026/04/23,66.33,68.45,66.01,67.27,277745270,18794971136.00
2026/04/24,65.92,66.56,63.02,64.36,264664000,17269487616.00
2026/04/27,65.36,67.35,64.73,66.60,235836737,15753240576.00
2026/04/28,66.60,68.34,66.27,67.55,237139570,16104810496.00
2026/04/29,67.12,67.12,63.35,65.61,282303867,18504468480.00
2026/04/30,65.25,65.55,62.06,62.23,292407506,18634450944.00
2026/05/06,62.63,63.23,61.09,62.43,265283791,16736719872.00
2026/05/07,63.44,63.94,62.35,63.53,210329965,13456074752.00
2026/05/08,62.35,63.55,62.12,62.63,162017135,10254090240.00
2026/05/11,63.55,65.22,62.35,65.20,272402949,17645516800.00
2026/05/12,65.22,65.25,62.58,63.75,213525906,13728801792.00
2026/05/13,63.45,70.19,63.21,70.19,407356986,28051300352.00
2026/05/14,73.35,73.35,66.63,67.95,401745179,28126042112.00
2026/05/15,68.85,71.11,66.72,66.97,342567907,23796803584.00
2026/05/18,65.23,69.58,64.30,68.33,251848216,17163107328.00
2026/05/19,67.65,68.39,65.75,67.91,191464050,12976777216.00
2026/05/20,67.55,67.84,65.85,67.50,210260712,14152923136.00
2026/05/21,68.55,68.85,64.35,64.85,209655016,14161386496.00
2026/05/22,65.46,67.01,63.85,66.51,194745516,12964388864.00
2026/05/25,67.35,69.85,66.65,69.65,265991665,18455961600.00
2026/05/26,69.21,70.15,67.35,69.33,218925269,15170851840.00
2026/05/27,69.25,73.09,69.04,69.43,289236594,20706824192.00
2026/05/28,69.35,75.63,68.24,74.35,361691276,26437566464.00
2026/05/29,78.10,78.98,72.45,72.75,359358419,27385462784.00
2026/06/01,74.55,75.85,71.54,73.10,301325104,22439241728.00
2026/06/02,74.35,80.46,73.20,79.36,377891246,29404852224.00
2026/06/03,79.30,84.30,77.78,80.40,386613572,31591778304.00
2026/06/04,79.35,80.21,76.70,77.90,280585733,22120464384.00
2026/06/05,76.85,77.56,72.45,73.41,261648609,19787640832.00
2026/06/08,69.34,72.65,68.69,69.83,197316148,14013578240.00
2026/06/09,71.34,74.23,70.23,74.09,202578579,14788287488.00
2026/06/10,72.25,72.85,69.60,70.48,146411822,10529777664.00
2026/06/11,69.17,70.90,67.55,68.87,148476704,10344069120.00
2026/06/12,71.29,71.61,69.35,69.48,146502828,10432761856.00
2026/06/15,70.82,72.75,69.83,72.75,162621817,11779208192.00
2026/06/16,72.75,74.34,71.85,72.25,174199498,12770877440.00
2026/06/17,71.05,72.18,70.35,71.99,165428582,11897341952.00
2026/06/18,71.35,79.25,71.30,77.43,424968166,33063389184.00
2026/06/22,77.43,78.76,75.15,78.23,298952047,23317727232.00
2026/06/23,78.23,78.24,73.05,73.45,241653671,18313377792.00
2026/06/24,72.35,76.34,72.35,76.13,214729006,16215752704.00
2026/06/25,76.94,77.05,74.20,76.34,196181298,14951305216.00
2026/06/26,74.35,74.35,69.35,69.57,262351347,18933024768.00
2026/06/29,68.65,70.81,65.85,68.96,196496992,13558013952.00
2026/06/30,68.91,72.31,68.53,71.50,163770562,11723794432.00
2026/07/01,72.35,73.23,68.85,69.35,162966834,11646583808.00
2026/07/02,66.81,66.82,62.98,63.37,193591450,12656687104.00
2026/07/03,62.85,65.57,62.34,64.07,130129724,8461745664.00
2026/07/06,65.12,65.35,60.85,62.94,123112332,7815327744.00
2026/07/07,62.52,64.00,61.85,63.13,95898898,6117003776.00
2026/07/08,64.35,66.92,63.67,65.36,180377105,11892708352.00
2026/07/09,65.96,69.01,64.96,68.88,173682947,11766028288.00
2026/07/10,70.35,70.35,65.55,65.62,208238407,14277350400.00
2026/07/13,64.65,65.51,61.85,62.43,126413447,8102096384.00
2026/07/14,62.25,65.10,61.43,64.95,142228469,9114464256.00
2026/07/15,65.23,65.34,62.85,62.97,91756030,5924843520.00
2026/07/16,61.70,64.29,60.81,62.37,98286733,6234675200.00
2026/07/17,61.37,61.79,56.17,56.94,154904250,9200843776.00
2026/07/20,58.23,59.04,54.39,55.85,147788546,8488593408.00
2026/07/21,56.85,61.25,54.66,60.33,185678570,10894852096.00
2026/07/22,59.61,62.33,59.23,60.06,158687155,9759614976.00
2026/07/23,61.34,63.50,60.34,62.23,159923479,10074799104.00
2026/07/24,60.40,60.77,59.52,59.60,111063990,6745295872.00
2026/07/27,59.23,60.90,58.85,60.90,81580238,4963719168.00
2026/07/28,58.23,60.14,57.15,57.43,124502027,7363428352.00
2026/07/29,57.43,58.25,55.05,57.10,115616934,6609570304.00
2026/07/30,56.35,56.73,52.57,53.15,152598379,8348593152.00
2026/07/31,56.49,56.92,55.65,56.05,148183272,8432426496.00
2026/08/03,55.53,56.80,54.64,55.90,94804318,5277380096.00
2026/08/04,56.81,60.00,56.81,59.93,167934681,9861684224.00
2026/08/05,59.00,65.92,58.90,65.92,288223439,18553114624.00
2026/08/06,65.55,69.80,64.87,68.27,246661513,16718420992.00
2026/08/07,68.27,69.65,67.48,68.18,161043910,11014238208.00
2026/08/10,69.00,70.97,67.65,69.18,164417923,11393975296.00
2026/08/11,67.93,68.19,65.52,66.01,135834051,9051098112.00
2026/08/12,66.46,66.77,64.51,65.60,130153122,8539389440.00
2026/08/13,67.99,68.08,65.20,65.23,146889710,9785252864.00
2026/08/14,65.60,66.48,64.80,66.19,107150313,7034739712.00
2026/08/17,67.00,68.50,66.43,68.23,161554346,10932733952.00
2026/08/18,67.70,67.70,65.65,66.20,131581727,8747299840.00
2026/08/19,64.10,64.38,61.30,61.83,138926963,8731974656.00
2026/08/20,62.50,62.95,61.50,62.13,78118548,4868591104.00
2026/08/21,61.65,63.38,61.38,62.84,79434785,4961497088.00
2026/08/24,62.70,62.70,59.22,60.40,98015535,5939783680.00
2026/08/25,58.75,60.85,58.75,60.15,75599449,4520906240.00
2026/08/26,60.20,60.80,59.38,60.57,73340525,4413181440.00
2026/08/27,62.00,64.50,62.00,63.86,149038810,9431944192.00
2026/08/28,64.04,66.69,63.80,64.04,157964468,10314637312.00
2026/08/31,63.15,65.00,62.50,64.84,108990366,6934708736.00
2026/09/01,64.35,64.50,62.80,62.94,74991338,4742835712.00
2026/09/02,61.72,62.40,61.40,61.80,61973156,3836041216.00
2026/09/03,63.00,63.99,62.30,63.20,91922012,5807396864.00
2026/09/04,63.84,65.30,63.30,63.69,129549838,8337057792.00
2026/09/07,64.60,66.88,64.60,66.57,174347550,11506069504.00
2026/09/08,66.30,66.70,64.55,64.75,107603573,7060179456.00
2026/09/09,64.90,66.08,64.47,65.24,76150565,4971511296.00
2026/09/10,64.50,64.66,63.79,63.91,56759477,3640258048.00
2026/09/11,62.66,64.49,62.50,64.07,75898326,4825820160.00
2026/09/14,62.99,63.01,61.37,61.57,79543952,4929825280.00
#数据来源:通达信
