002633 申科股份 日线 前复权
      日期	    开盘	    最高	    最低	    收盘	    成交量	    成交额
2021/08/02,7.28,7.45,7.25,7.38,890600,6562591.00
2021/08/03,7.25,7.54,7.23,7.42,740318,5507770.50
2021/08/04,7.42,7.49,7.36,7.36,591560,4384108.00
2021/08/05,7.33,7.40,7.28,7.32,732000,5361513.00
2021/08/06,7.31,7.42,7.24,7.38,759300,5569123.00
2021/08/09,7.43,7.56,7.33,7.55,836600,6248628.00
2021/08/10,7.55,7.75,7.52,7.72,1567000,12052557.00
2021/08/11,7.72,7.84,7.60,7.77,1198583,9278521.00
2021/08/12,7.87,7.87,7.62,7.77,820184,6385013.50
2021/08/13,7.77,7.90,7.69,7.82,1067583,8312040.00
2021/08/16,7.86,7.87,7.75,7.82,765200,5981014.50
2021/08/17,7.79,7.85,7.43,7.48,1561375,11892841.00
2021/08/18,7.51,7.85,7.46,7.82,1868200,14490799.00
2021/08/19,7.79,7.83,7.60,7.60,776800,5966273.00
2021/08/20,7.57,7.66,7.45,7.54,956900,7198287.00
2021/08/23,7.68,7.89,7.56,7.89,1585400,12385848.00
2021/08/24,7.93,8.13,7.87,8.00,1085498,8693324.00
2021/08/25,8.09,8.18,7.95,8.15,1064079,8618077.00
2021/08/26,8.07,8.28,8.05,8.28,1160600,9531755.00
2021/08/27,8.30,8.33,8.06,8.09,1418700,11584388.00
2021/08/30,8.03,8.14,8.01,8.06,946600,7631978.00
2021/08/31,8.11,8.16,7.93,8.05,687900,5524147.00
2021/09/01,8.04,8.07,7.82,8.01,1257901,10018477.00
2021/09/02,7.92,8.05,7.86,8.00,741500,5909096.00
2021/09/03,7.98,8.07,7.90,7.96,729200,5825405.00
2021/09/06,7.99,8.08,7.92,7.98,703901,5621273.00
2021/09/07,7.99,8.05,7.86,8.02,1623483,12901945.00
2021/09/08,8.01,8.06,7.96,8.04,855002,6853323.00
2021/09/09,8.02,8.10,7.93,8.05,960601,7705342.00
2021/09/10,8.01,8.07,7.80,7.82,1057484,8352802.00
2021/09/13,7.82,7.86,7.64,7.80,964200,7482887.00
2021/09/14,7.80,7.93,7.71,7.76,1133100,8862035.00
2021/09/15,7.77,7.90,7.67,7.90,784500,6145311.00
2021/09/16,7.90,7.99,7.85,7.88,1246503,9884923.00
2021/09/17,7.83,7.87,7.61,7.71,1180100,9110276.00
2021/09/22,7.70,7.74,7.58,7.68,1107800,8463059.00
2021/09/23,7.68,7.87,7.68,7.84,698701,5453076.00
2021/09/24,7.81,7.84,7.49,7.51,1113900,8491184.00
2021/09/27,7.52,7.59,7.04,7.16,1951401,14194339.00
2021/09/28,7.17,7.23,7.02,7.14,1640501,11650733.00
2021/09/29,7.09,7.47,7.03,7.10,1521983,10890257.00
2021/09/30,7.18,7.52,7.11,7.46,1593400,11656434.00
2021/10/08,7.53,7.65,7.47,7.65,2389800,18094020.00
2021/10/11,7.63,7.69,7.54,7.63,1403002,10689480.00
2021/10/12,7.63,7.75,7.31,7.51,1052400,7941803.00
2021/10/13,7.49,7.66,7.40,7.58,969500,7272858.00
2021/10/14,7.55,7.66,7.45,7.59,1083401,8175154.50
2021/10/15,7.59,7.68,7.35,7.55,1376214,10428554.00
2021/10/18,7.55,7.63,7.46,7.57,895100,6748238.00
2021/10/19,7.51,7.61,7.49,7.59,902300,6817471.00
2021/10/20,7.58,7.58,7.33,7.38,771300,5733838.00
2021/10/21,7.39,7.39,7.16,7.21,1254300,9065715.00
2021/10/22,7.22,7.33,7.10,7.10,1214200,8698592.00
2021/10/25,7.15,7.18,7.00,7.13,1285500,9077548.00
2021/10/26,7.11,7.18,7.03,7.14,972401,6910553.00
2021/10/27,7.15,7.15,6.62,6.82,2188620,14989766.00
2021/10/28,6.77,6.94,6.68,6.88,1857822,12646891.00
2021/10/29,6.90,7.19,6.86,7.17,2018711,14253044.00
2021/11/01,7.19,7.24,7.00,7.15,1666351,11916479.00
2021/11/02,7.19,7.21,6.64,7.05,1434400,10110129.00
2021/11/03,7.02,7.14,7.00,7.09,822610,5807894.50
2021/11/04,7.08,7.18,7.06,7.18,769800,5486636.00
2021/11/05,7.18,7.30,7.12,7.19,1140712,8199311.50
2021/11/08,7.19,7.24,7.15,7.20,893417,6443277.00
2021/11/09,7.18,7.33,7.18,7.27,952540,6924469.50
2021/11/10,7.25,7.35,7.20,7.34,1223600,8911698.00
2021/11/11,7.34,7.50,7.22,7.48,1215201,9032891.00
2021/11/12,7.48,7.53,7.40,7.49,862501,6436998.50
2021/11/15,7.48,7.58,7.39,7.52,1403320,10528685.00
2021/11/16,7.52,7.58,7.48,7.48,980100,7372557.00
2021/11/17,7.48,7.64,7.43,7.61,1130600,8555232.00
2021/11/18,7.62,7.65,7.44,7.44,963200,7253812.00
2021/11/19,7.51,7.65,7.48,7.60,1276499,9672790.00
2021/11/22,7.62,7.68,7.52,7.63,1071300,8135447.00
2021/11/23,7.63,7.73,7.59,7.70,1049500,8046679.00
2021/11/24,7.71,7.89,7.66,7.83,1799972,14078282.00
2021/11/25,7.83,7.94,7.75,7.91,1462001,11528959.00
2021/11/26,7.91,7.91,7.73,7.78,1051000,8191503.00
2021/11/29,7.75,7.79,7.65,7.67,1057989,8149737.00
2021/11/30,7.72,7.90,7.67,7.83,1052600,8229791.00
2021/12/01,7.83,7.95,7.79,7.95,833000,6572734.00
2021/12/02,7.95,8.16,7.85,7.95,1533700,12281778.00
2021/12/03,7.95,8.04,7.88,7.93,1149100,9135175.00
2021/12/06,7.94,7.97,7.71,7.73,1024850,7993941.50
2021/12/07,7.73,7.87,7.64,7.70,813150,6273119.00
2021/12/08,7.72,7.86,7.68,7.76,842200,6559213.00
2021/12/09,7.76,7.77,7.68,7.72,1113300,8594447.00
2021/12/10,7.78,7.94,7.70,7.90,1129500,8878758.00
2021/12/13,7.85,7.91,7.70,7.76,1405700,10930322.00
2021/12/14,7.75,7.83,7.64,7.76,1098000,8509895.00
2021/12/15,7.79,7.95,7.69,7.92,2085700,16370149.00
2021/12/16,7.92,8.04,7.84,8.01,1427800,11397532.00
2021/12/17,7.99,8.10,7.88,8.04,3447861,27572812.00
2021/12/20,8.01,8.25,7.95,8.03,2022911,16374841.00
2021/12/21,8.03,8.29,8.03,8.24,2439761,19973360.00
2021/12/22,8.29,8.29,8.12,8.17,1264461,10339097.00
2021/12/23,8.22,8.22,7.94,8.02,1398901,11242645.00
2021/12/24,8.13,8.13,7.73,7.78,1411241,11071824.00
2021/12/27,7.86,7.98,7.69,7.84,1464699,11520093.00
2021/12/28,7.88,8.37,7.80,8.33,3667700,30116230.00
2021/12/29,8.32,8.97,8.11,8.77,5772401,49913548.00
2021/12/30,8.76,8.80,8.40,8.59,4038800,34507160.00
2021/12/31,8.51,8.65,8.38,8.47,2246217,19135350.00
2022/01/04,8.56,8.88,8.40,8.88,3055301,26533908.00
2022/01/05,8.88,8.89,8.60,8.70,2052700,17875728.00
2022/01/06,8.70,9.00,8.65,8.85,1944300,17205428.00
2022/01/07,8.86,8.93,8.07,8.59,2172489,18806690.00
2022/01/10,8.59,8.79,8.49,8.67,1405600,12171647.00
2022/01/11,8.69,9.06,8.66,8.96,2428300,21694092.00
2022/01/12,9.07,9.86,8.85,9.86,3803382,36392776.00
2022/01/13,10.05,10.18,9.28,9.75,9339023,90072072.00
2022/01/14,9.60,9.64,8.99,9.10,6936042,64331024.00
2022/01/17,9.07,9.14,8.92,9.01,4001470,36051756.00
2022/01/18,9.00,9.00,8.45,8.48,4201202,36315668.00
2022/01/19,8.48,8.73,8.48,8.71,2736617,23608918.00
2022/01/20,8.70,8.70,8.16,8.21,2944600,24569016.00
2022/01/21,8.24,8.46,8.12,8.31,2283000,18973576.00
2022/01/24,8.25,8.50,8.18,8.39,1387883,11615452.00
2022/01/25,8.29,8.49,8.01,8.01,1966200,16163003.00
2022/01/26,8.08,8.81,8.06,8.81,4766384,41006208.00
2022/01/27,8.75,8.75,8.30,8.31,4462502,37894260.00
2022/01/28,8.46,9.10,8.30,8.61,4186100,36011580.00
2022/02/07,8.75,8.81,7.76,8.71,4262101,36786680.00
2022/02/08,8.73,8.92,8.49,8.86,3741401,32787820.00
2022/02/09,8.88,8.93,8.55,8.77,4389000,38396576.00
2022/02/10,8.77,8.89,8.53,8.71,2292401,19952846.00
2022/02/11,8.69,8.75,8.39,8.42,2762300,23432216.00
2022/02/14,8.45,9.00,8.35,8.74,2330200,20265122.00
2022/02/15,8.74,8.95,8.55,8.90,3366500,29690288.00
2022/02/16,8.94,9.79,8.80,9.53,13721781,131870944.00
2022/02/17,9.41,9.49,9.03,9.03,10828501,99709024.00
2022/02/18,9.08,9.34,9.07,9.12,4482500,41126456.00
2022/02/21,9.21,9.47,9.18,9.32,3216101,29959322.00
2022/02/22,9.23,9.35,9.13,9.18,1955100,18028984.00
2022/02/23,9.17,9.26,9.01,9.05,2155900,19564964.00
2022/02/24,9.01,9.10,8.53,8.72,2478700,21898720.00
2022/02/25,9.00,9.09,8.66,8.93,2960601,26282268.00
2022/02/28,9.05,9.05,8.53,8.93,1894200,16647907.00
2022/03/01,8.94,9.07,8.88,9.07,1293700,11630680.00
2022/03/02,9.09,9.40,8.93,9.34,2753202,25468088.00
2022/03/03,9.30,9.39,9.22,9.26,1885802,17488722.00
2022/03/04,9.15,9.26,8.96,9.04,1700500,15468855.00
2022/03/07,9.10,9.12,8.87,8.98,1245501,11178179.00
2022/03/08,8.97,9.39,8.66,8.82,2253200,20127234.00
2022/03/09,8.82,9.01,7.97,8.63,2122501,18309320.00
2022/03/10,8.72,8.97,8.72,8.84,1554901,13795568.00
2022/03/11,8.83,8.97,8.53,8.88,1544400,13464015.00
2022/03/14,8.80,9.08,8.74,8.75,2108400,18765360.00
2022/03/15,8.61,9.06,8.55,8.55,2423500,21427652.00
2022/03/16,8.55,9.21,8.51,9.14,3424789,30515358.00
2022/03/17,9.25,9.39,9.04,9.27,5136800,47392596.00
2022/03/18,9.30,10.20,9.24,10.20,10349745,103694192.00
2022/03/21,10.38,10.93,9.82,10.47,16725123,171517952.00
2022/03/22,10.14,10.35,9.88,9.99,7760704,78007552.00
2022/03/23,10.03,10.28,9.78,9.80,5360720,53423216.00
2022/03/24,9.81,9.87,9.41,9.44,4154000,39837016.00
2022/03/25,9.50,9.67,9.41,9.53,3884100,36952440.00
2022/03/28,9.55,9.66,9.30,9.52,2662201,25326184.00
2022/03/29,9.52,9.61,9.15,9.40,2672500,24917730.00
2022/03/30,9.37,9.40,9.15,9.23,2311000,21369684.00
2022/03/31,9.20,9.43,9.09,9.36,2418500,22473920.00
2022/04/01,9.37,9.39,8.90,9.20,2507200,22842528.00
2022/04/06,9.25,9.54,8.62,9.51,3270700,30697358.00
2022/04/07,9.44,9.51,9.09,9.12,2686200,24928132.00
2022/04/08,9.20,9.21,8.78,8.82,2496000,22308916.00
2022/04/11,8.82,8.93,8.33,8.41,2483701,21242972.00
2022/04/12,8.41,8.78,7.83,8.77,2265600,19417816.00
2022/04/13,8.74,8.74,8.44,8.49,1853100,15839704.00
2022/04/14,8.51,9.14,8.51,9.09,4203200,37615212.00
2022/04/15,9.11,9.11,8.30,8.37,3858902,33004738.00
2022/04/18,8.45,8.46,8.05,8.42,1641159,13613586.00
2022/04/19,8.33,8.69,8.33,8.64,1998900,17069568.00
2022/04/20,8.63,8.77,8.41,8.54,1615702,13819709.00
2022/04/21,8.47,8.50,8.07,8.15,1690101,13994306.00
2022/04/22,8.15,8.27,7.91,8.10,2335000,18880100.00
2022/04/25,8.00,8.03,7.50,7.58,2590200,20163432.00
2022/04/26,7.56,7.69,7.20,7.20,2572500,19249264.00
2022/04/27,7.10,7.39,6.80,7.07,3835661,26869034.00
2022/04/28,7.01,7.18,6.85,7.02,2022201,14138216.00
2022/04/29,7.00,7.58,7.00,7.45,1612402,11834127.00
2022/05/05,7.41,7.58,7.30,7.45,1087902,8113939.00
2022/05/06,7.25,7.45,7.25,7.36,1053800,7745269.00
2022/05/09,7.45,7.59,7.31,7.49,851900,6379805.50
2022/05/10,7.36,7.57,7.36,7.56,1029600,7707132.00
2022/05/18,8.32,8.32,8.32,8.32,421401,3506056.25
2022/05/19,8.48,9.15,8.36,8.57,11860845,104075352.00
2022/05/20,8.40,9.00,8.22,8.53,7721059,66058420.00
2022/05/23,8.50,9.10,8.37,8.86,7039068,62284488.00
2022/05/24,8.97,9.02,8.48,8.65,4463100,38890552.00
2022/05/25,8.52,8.90,8.37,8.90,3986102,34562316.00
2022/05/26,8.83,8.91,8.60,8.71,2993900,26093030.00
2022/05/27,8.78,8.79,8.51,8.64,2127700,18402008.00
2022/05/30,8.62,8.79,8.42,8.47,2521100,21551166.00
2022/05/31,8.52,8.55,8.29,8.46,1886800,15871350.00
2022/06/01,8.45,9.00,8.44,8.85,4508700,39686920.00
2022/06/02,8.82,8.85,8.64,8.79,1839401,16082713.00
2022/06/06,8.80,9.42,8.71,9.14,4588801,41763812.00
2022/06/07,9.14,9.30,8.88,8.93,2660200,24082244.00
2022/06/08,8.85,8.94,8.56,8.70,2973900,25919890.00
2022/06/09,8.76,8.83,8.55,8.63,1622600,14046041.00
2022/06/10,8.58,8.88,8.58,8.80,2055100,17984064.00
2022/06/13,8.81,9.07,8.71,9.00,2756500,24560468.00
2022/06/14,8.98,9.03,8.65,8.90,2020900,17853308.00
2022/06/15,8.91,9.28,8.88,8.88,2212500,19972114.00
2022/06/16,8.93,9.00,8.76,8.82,2077200,18396632.00
2022/06/17,8.75,8.76,8.51,8.72,1698000,14724539.00
2022/06/20,8.79,9.09,8.70,9.01,2522400,22448362.00
2022/06/21,9.02,9.31,8.89,9.30,4221400,38678272.00
2022/06/22,9.20,9.35,8.95,9.13,2774200,25364300.00
2022/06/23,9.08,9.33,9.05,9.33,2207700,20385092.00
2022/06/24,9.33,9.56,9.26,9.42,2717500,25629780.00
2022/06/27,9.42,9.83,9.14,9.19,6311992,59253944.00
2022/06/28,9.21,9.44,9.13,9.35,2936950,27417498.00
2022/06/29,9.36,9.45,9.13,9.14,2359100,21753062.00
2022/06/30,9.13,9.28,9.03,9.03,2066400,18890740.00
2022/07/01,9.10,9.42,9.01,9.20,1735200,15987414.00
2022/07/04,9.25,9.48,9.13,9.27,1750902,16275862.00
2022/07/05,9.26,9.33,8.88,8.96,1762800,15882110.00
2022/07/06,8.88,9.09,8.86,9.04,1298500,11658842.00
2022/07/07,9.10,9.35,8.92,9.08,1331300,12199060.00
2022/07/08,9.09,9.52,9.09,9.35,2533200,23618720.00
2022/07/11,9.36,9.60,9.16,9.60,3427044,32347476.00
2022/07/12,9.55,9.55,9.29,9.40,2144673,20164644.00
2022/07/13,9.43,9.73,9.20,9.60,2858101,27322060.00
2022/07/14,9.48,9.71,9.40,9.64,2648000,25291534.00
2022/07/15,9.56,9.65,9.41,9.50,2533800,24128048.00
2022/07/18,9.44,9.96,9.44,9.92,3698532,36218580.00
2022/07/19,9.92,10.06,9.77,10.04,2713002,26988024.00
2022/07/20,9.99,10.31,9.92,10.28,2771500,28163272.00
2022/07/21,10.31,10.54,10.13,10.36,2743100,28258288.00
2022/07/22,10.36,10.50,10.21,10.31,1912541,19780346.00
2022/07/25,10.33,11.34,10.18,11.34,6031200,66242968.00
2022/07/26,12.10,12.47,10.80,10.85,23031844,271327744.00
2022/07/27,10.51,11.00,10.31,11.00,17919778,189200256.00
2022/07/28,10.70,10.75,10.53,10.61,11887927,126496088.00
2022/07/29,10.70,11.11,10.24,10.30,9654000,101763784.00
2022/08/01,10.31,10.64,10.02,10.50,8209500,85173208.00
2022/08/02,10.35,10.40,9.84,9.94,5414400,54600088.00
2022/08/03,10.02,10.36,9.95,10.00,4157939,42242124.00
2022/08/04,9.93,10.27,9.93,10.20,2990402,30242422.00
2022/08/05,10.34,10.34,9.93,10.11,3297389,33203310.00
2022/08/08,10.18,10.40,9.95,10.26,2518700,25810780.00
2022/08/09,10.35,10.87,10.15,10.76,5037800,53553208.00
2022/08/10,10.56,10.85,10.52,10.85,3604900,38607812.00
2022/08/11,10.95,11.00,10.67,10.80,2836118,30592692.00
2022/08/12,10.85,11.68,10.80,11.38,5200401,59355796.00
2022/08/15,11.23,12.09,11.23,11.74,6437600,75855184.00
2022/08/16,11.57,12.00,11.56,11.88,3904604,46194748.00
2022/08/17,11.90,12.16,11.79,11.81,3505953,41807908.00
2022/08/18,11.87,12.05,11.74,11.83,2352800,27873524.00
2022/08/19,11.78,11.89,11.54,11.58,2371500,27659210.00
2022/08/22,11.61,11.75,11.40,11.49,1729800,19946082.00
2022/08/23,11.75,11.75,11.08,11.26,3054200,34400168.00
2022/08/24,11.30,11.40,10.83,10.91,2577000,28284198.00
2022/08/25,10.95,11.08,10.38,10.55,2876700,30506962.00
2022/08/26,10.65,10.78,10.00,10.26,2156200,22341002.00
2022/08/29,10.06,10.44,10.01,10.19,2407100,24600470.00
2022/08/30,10.20,10.40,10.12,10.21,1966998,20118554.00
2022/08/31,10.22,10.38,9.76,9.80,2352982,23386190.00
2022/09/01,9.86,10.13,9.71,9.79,2240500,22176466.00
2022/09/02,9.78,10.00,9.66,9.93,1437600,14218368.00
2022/09/05,10.02,10.07,9.67,9.79,1402100,13775100.00
2022/09/06,9.79,9.85,9.63,9.70,1816300,17654240.00
2022/09/07,9.70,9.86,9.64,9.82,1774600,17296610.00
2022/09/08,9.85,10.13,9.74,10.13,2613400,26098686.00
2022/09/09,10.20,10.20,9.51,9.67,4154837,40308692.00
2022/09/13,9.74,10.02,9.43,10.00,2997600,29492580.00
2022/09/14,9.94,10.45,9.74,10.15,3794000,38438328.00
2022/09/15,10.28,10.28,9.68,9.74,2323001,22823998.00
2022/09/16,9.76,9.84,9.52,9.52,1641700,15866466.00
2022/09/19,9.45,9.51,9.03,9.16,1601680,14744085.00
2022/09/20,9.16,10.08,9.16,10.08,2183900,21467432.00
2022/09/21,11.08,11.09,10.76,11.09,5797800,64258972.00
2022/09/22,11.62,11.87,10.50,11.18,17384426,192832240.00
2022/09/23,10.57,10.82,10.11,10.45,11842180,122735928.00
2022/09/26,10.20,10.45,10.09,10.44,9134787,93813360.00
2022/09/27,10.33,10.37,9.40,9.72,9521742,92436408.00
2022/09/28,9.67,9.67,9.08,9.16,6120470,57051416.00
2022/09/29,9.16,9.37,8.93,8.95,4532010,41231440.00
2022/09/30,9.01,9.01,8.70,8.73,3496135,30837058.00
2022/10/10,8.74,8.86,8.30,8.37,2321300,19850424.00
2022/10/11,8.36,8.52,8.30,8.44,1504504,12667542.00
2022/10/12,8.48,8.75,8.38,8.74,1866900,16017499.00
2022/10/13,8.74,8.92,8.62,8.83,1872900,16439276.00
2022/10/14,8.83,9.00,8.83,8.92,1330832,11862085.00
2022/10/17,8.82,9.29,8.82,9.24,1888000,17257890.00
2022/10/18,9.25,9.45,9.17,9.28,1812200,16819734.00
2022/10/19,9.24,9.46,9.16,9.35,1528700,14226686.00
2022/10/20,9.30,9.44,9.23,9.33,1797500,16801448.00
2022/10/21,9.38,9.71,9.32,9.60,2263200,21618680.00
2022/10/24,9.66,9.73,9.35,9.37,1908700,18169796.00
2022/10/25,9.37,9.47,9.16,9.25,1401800,13041940.00
2022/10/26,9.32,9.60,9.25,9.53,1602200,15189421.00
2022/10/27,9.62,9.77,9.43,9.44,2070200,19904320.00
2022/10/28,9.44,9.48,9.00,9.04,2017900,18547738.00
2022/10/31,9.21,9.35,9.09,9.26,1434700,13308482.00
2022/11/01,9.37,9.57,9.26,9.56,1293600,12219704.00
2022/11/02,9.75,9.75,9.43,9.51,1266800,12095347.00
2022/11/03,9.45,9.65,9.40,9.50,1265201,12026647.00
2022/11/04,9.45,9.70,9.16,9.60,1287300,12346491.00
2022/11/07,9.56,9.74,9.51,9.71,1686700,16309212.00
2022/11/08,9.69,9.88,9.60,9.75,1394400,13526390.00
2022/11/09,9.74,9.80,9.65,9.70,893100,8683065.00
2022/11/10,9.70,9.97,9.64,9.83,1833200,17990612.00
2022/11/11,9.87,10.17,9.87,9.90,2471200,24759784.00
2022/11/14,9.90,10.07,9.75,9.92,1653000,16426113.00
2022/11/15,9.93,10.25,9.89,10.08,1546100,15559344.00
2022/11/16,10.15,10.25,10.00,10.04,2152500,21749344.00
2022/11/17,10.00,10.24,9.70,10.16,1868804,18930364.00
2022/11/18,10.16,10.52,10.14,10.18,2673900,27593282.00
2022/11/21,10.15,10.42,10.15,10.29,2316700,23824846.00
2022/11/22,10.22,10.38,10.04,10.17,1608301,16478039.00
2022/11/23,10.16,10.25,9.90,10.14,2135600,21480658.00
2022/11/24,10.10,10.30,10.07,10.14,1068200,10860010.00
2022/11/25,10.24,10.24,9.90,9.94,1403600,13997068.00
2022/11/28,9.93,9.97,9.70,9.79,1221700,11984527.00
2022/11/29,9.79,10.04,9.77,9.90,1550300,15379669.00
2022/11/30,9.90,10.00,9.74,9.81,1325800,13064544.00
2022/12/01,9.93,10.06,9.83,9.96,1562700,15585842.00
2022/12/02,10.00,10.96,9.96,10.50,11836793,125111208.00
2022/12/05,10.48,10.48,10.05,10.25,9142593,93082192.00
2022/12/06,10.12,10.23,9.91,10.05,5630749,56526712.00
2022/12/07,10.06,10.15,9.92,10.05,2996801,30022952.00
2022/12/08,9.96,10.12,9.94,9.96,2560000,25578178.00
2022/12/09,9.98,10.10,9.94,10.01,1934000,19341884.00
2022/12/12,10.01,10.01,9.81,9.90,1909400,18908514.00
2022/12/13,9.90,10.05,9.85,9.87,1743850,17342224.00
2022/12/14,9.86,9.97,9.76,9.80,1474650,14522505.00
2022/12/15,9.82,9.97,9.70,9.95,1399549,13770662.00
2022/12/16,9.94,10.00,9.72,9.98,1848800,18197964.00
2022/12/19,10.00,10.12,9.72,9.82,1433543,14144738.00
2022/12/20,9.71,10.08,9.68,10.02,1591800,15773933.00
2022/12/21,10.08,10.08,9.73,9.74,1376900,13535052.00
2022/12/22,9.73,9.84,9.34,9.41,1423310,13542692.00
2022/12/23,9.31,9.50,9.20,9.38,1014100,9524259.00
2022/12/26,9.26,9.84,9.26,9.80,1838800,17863842.00
2022/12/27,9.75,9.89,9.73,9.80,829001,8112507.00
2022/12/28,9.79,9.89,9.67,9.75,1496249,14652600.00
2022/12/29,9.87,9.95,9.53,9.75,1102908,10799508.00
2022/12/30,9.86,9.98,9.62,9.91,1261901,12460364.00
2023/01/03,9.92,10.04,9.88,10.00,1316500,13140001.00
2023/01/04,10.06,10.29,9.98,10.05,1706104,17251312.00
2023/01/05,10.15,10.15,9.94,9.98,808904,8075624.00
2023/01/06,10.04,10.23,9.82,9.85,1167700,11630477.00
2023/01/09,9.83,9.99,9.76,9.77,1274700,12575073.00
2023/01/10,9.84,9.88,9.68,9.85,847850,8304675.00
2023/01/11,10.60,10.60,9.25,9.30,4308550,41159800.00
2023/01/12,9.28,9.38,9.15,9.33,1958649,18116472.00
2023/01/13,9.33,9.55,9.25,9.47,1519200,14318223.00
2023/01/16,9.49,10.20,9.46,9.92,2811950,27623980.00
2023/01/17,9.88,9.95,9.69,9.72,1205800,11825683.00
2023/01/18,9.86,9.94,9.65,9.87,1472800,14471412.00
2023/01/19,9.89,10.04,9.82,10.00,967700,9619017.00
2023/01/20,10.10,10.16,9.90,9.92,979300,9799018.00
2023/01/30,10.06,10.19,9.96,10.17,1841700,18638834.00
2023/01/31,10.19,10.25,10.07,10.18,1475500,14998652.00
2023/02/01,10.20,10.61,10.08,10.58,3115958,32434884.00
2023/02/02,10.58,10.73,10.42,10.54,1553600,16401351.00
2023/02/03,10.54,10.78,10.51,10.66,1654601,17575078.00
2023/02/06,10.71,11.03,10.59,10.83,3293200,35778072.00
2023/02/07,10.94,10.94,10.62,10.73,1242000,13357149.00
2023/02/08,10.72,10.90,10.68,10.75,1586800,17106184.00
2023/02/09,10.82,10.82,10.56,10.80,1705630,18305800.00
2023/02/10,10.78,10.95,10.69,10.84,1565930,16956312.00
2023/02/13,10.82,11.06,10.78,10.85,1316600,14371704.00
2023/02/14,10.99,10.99,10.56,10.83,1622600,17540224.00
2023/02/15,10.88,10.95,10.76,10.81,1268100,13706092.00
2023/02/16,10.80,10.86,10.46,10.55,1686000,18017464.00
2023/02/17,10.51,10.79,10.40,10.40,1246900,13171739.00
2023/02/20,10.47,10.56,10.36,10.55,1147905,12033342.00
2023/02/21,10.55,10.78,10.50,10.68,1012897,10797240.00
2023/02/22,10.62,10.71,10.42,10.53,1222500,12832084.00
2023/02/23,10.47,10.70,10.44,10.55,1306700,13847815.00
2023/02/24,10.66,11.61,10.56,11.61,8608198,99103016.00
2023/02/27,11.80,12.76,11.09,11.24,17769649,205093056.00
2023/02/28,11.23,11.30,10.83,11.03,11445350,125909176.00
2023/03/01,11.03,11.03,10.70,10.87,11653500,125692304.00
2023/03/02,10.78,10.94,10.65,10.86,9226116,99902224.00
2023/03/03,10.86,10.87,10.63,10.80,6542316,70300784.00
2023/03/06,10.81,10.86,10.45,10.51,5261262,56022852.00
2023/03/07,10.56,10.56,10.21,10.22,4581700,47431744.00
2023/03/08,10.22,10.40,10.19,10.35,2621669,27047190.00
2023/03/09,10.41,10.57,10.35,10.55,2521800,26442112.00
2023/03/10,10.55,10.55,10.31,10.33,1909100,19940440.00
2023/03/13,10.25,10.35,10.02,10.14,2418411,24516660.00
2023/03/14,10.17,10.17,9.80,9.97,2255500,22429908.00
2023/03/15,10.02,10.19,10.02,10.09,1339338,13550590.00
2023/03/16,10.02,10.09,9.83,9.94,1223036,12181786.00
2023/03/17,10.05,10.07,9.90,10.02,1129300,11301563.00
2023/03/20,10.04,10.04,9.81,9.83,1926300,19006750.00
2023/03/21,9.88,10.11,9.76,10.11,1817300,18205358.00
2023/03/22,10.16,10.34,10.03,10.28,1495174,15343083.00
2023/03/23,10.26,10.71,10.15,10.64,5000344,52763984.00
2023/03/24,10.63,10.78,10.51,10.70,2918101,31254634.00
2023/03/27,10.69,10.98,10.65,10.93,3565600,38836224.00
2023/03/28,10.98,11.18,10.82,10.83,2583900,28361956.00
2023/03/29,10.94,11.10,10.76,10.96,3175700,34777320.00
2023/03/30,10.89,11.02,10.86,10.89,2317900,25358020.00
2023/03/31,10.95,10.97,10.78,10.92,1692400,18457918.00
2023/04/03,10.85,11.12,10.84,11.08,2492300,27457250.00
2023/04/04,11.19,11.19,10.82,10.87,1781500,19495434.00
2023/04/06,10.98,10.98,10.64,10.68,1400700,15010005.00
2023/04/07,10.73,11.17,10.52,11.17,2879513,31569240.00
2023/04/10,11.26,11.97,11.10,11.34,5461000,62891008.00
2023/04/11,11.34,11.54,11.07,11.50,2863600,32571488.00
2023/04/12,11.49,11.79,11.41,11.69,3149900,36547468.00
2023/04/13,11.69,11.84,11.55,11.75,2127180,24897752.00
2023/04/14,11.80,11.91,11.35,11.57,4325500,50270896.00
2023/04/17,11.65,11.83,11.28,11.40,2979800,34131248.00
2023/04/18,11.40,11.51,11.03,11.21,2751700,31055060.00
2023/04/19,11.32,11.42,11.08,11.28,1278100,14354409.00
2023/04/20,11.21,11.38,10.93,11.01,1404792,15614415.00
2023/04/21,11.09,11.09,10.47,10.48,2166700,23197912.00
2023/04/24,10.55,10.55,10.05,10.15,1904430,19328940.00
2023/04/25,10.17,10.18,9.56,9.63,2819900,27704598.00
2023/04/26,9.62,9.88,9.51,9.70,1950030,18967006.00
2023/04/27,9.75,10.01,9.45,9.77,1773800,17466352.00
2023/04/28,9.77,10.23,9.73,10.10,1771800,17781662.00
2023/05/04,10.26,10.45,10.12,10.38,1783300,18393752.00
2023/05/05,10.40,10.60,10.24,10.53,1657000,17263164.00
2023/05/08,10.65,10.68,10.41,10.46,947600,9956552.00
2023/05/09,10.41,10.65,10.04,10.06,1427300,14514723.00
2023/05/10,10.06,10.35,10.04,10.18,993400,10107499.00
2023/05/11,10.30,10.35,10.19,10.35,803700,8268768.00
2023/05/12,10.46,10.46,10.14,10.20,824700,8452854.00
2023/05/15,10.20,10.50,10.13,10.44,1215700,12626465.00
2023/05/16,10.45,10.46,10.31,10.37,996800,10355866.00
2023/05/17,10.24,10.65,10.24,10.63,1230874,12958627.00
2023/05/18,10.63,10.76,10.54,10.71,962374,10275355.00
2023/05/19,10.90,10.98,10.54,10.70,752001,8032604.50
2023/05/22,10.75,10.80,10.41,10.66,1559500,16654623.00
2023/05/23,10.70,10.83,10.63,10.73,1076500,11540199.00
2023/05/24,10.77,10.82,10.60,10.71,1120706,12035278.00
2023/05/25,10.74,10.78,10.56,10.74,1008500,10774255.00
2023/05/26,10.78,10.90,10.58,10.78,1077506,11551486.00
2023/05/29,10.79,10.90,10.57,10.65,1587200,16956556.00
2023/05/30,10.65,10.69,10.50,10.64,911200,9640260.00
2023/05/31,10.69,10.69,10.41,10.44,911700,9567439.00
2023/06/01,10.44,10.59,10.33,10.39,1174700,12235124.00
2023/06/02,10.38,10.57,10.13,10.20,1800130,18525042.00
2023/06/05,10.21,10.39,10.15,10.32,1288900,13247942.00
2023/06/06,10.33,10.41,9.95,10.02,1469400,14871702.00
2023/06/07,10.10,10.11,9.86,9.98,1758800,17531466.00
2023/06/08,9.99,10.05,9.79,9.90,1233800,12199778.00
2023/06/09,9.90,10.11,9.76,9.91,995500,9870017.00
2023/06/12,9.95,10.08,9.76,10.00,1422400,14076990.00
2023/06/13,10.07,10.29,10.01,10.11,1019874,10295714.00
2023/06/14,10.12,10.12,9.90,9.94,1044800,10406582.00
2023/06/15,9.94,10.04,9.80,9.81,918600,9067802.00
2023/06/16,9.95,9.95,9.79,9.81,799400,7872822.00
2023/06/19,9.89,9.97,9.77,9.83,1067600,10515574.00
2023/06/20,9.77,10.00,9.62,9.81,1226400,11989535.00
2023/06/21,9.77,9.92,9.63,9.66,1038500,10114630.00
2023/06/26,9.66,9.75,9.35,9.41,1236100,11762914.00
2023/06/27,9.30,10.18,9.29,9.96,3011800,29639510.00
2023/06/28,9.96,10.18,9.56,9.97,2552000,25138854.00
2023/06/29,9.97,10.34,9.97,10.26,2127100,21766620.00
2023/06/30,10.38,10.50,10.21,10.48,1983400,20680964.00
2023/07/03,10.52,10.62,10.37,10.43,1167300,12206205.00
2023/07/04,10.43,10.59,10.39,10.53,1262000,13239390.00
2023/07/05,10.52,10.59,10.30,10.34,1517800,15797109.00
2023/07/06,10.37,10.50,10.25,10.43,906400,9423449.00
2023/07/07,10.42,10.44,10.23,10.40,1011200,10478087.00
2023/07/10,10.63,10.63,10.20,10.31,1209800,12493373.00
2023/07/11,10.31,10.65,10.16,10.57,1486800,15559556.00
2023/07/12,10.59,10.61,10.33,10.39,1011100,10600394.00
2023/07/13,10.45,10.51,10.32,10.41,1042300,10845500.00
2023/07/14,10.41,10.59,10.26,10.50,1216700,12697849.00
2023/07/17,10.34,10.63,10.31,10.59,1083401,11416537.00
2023/07/18,10.60,10.63,10.39,10.57,691700,7298510.00
2023/07/19,10.71,10.73,10.44,10.53,740500,7783621.00
2023/07/20,10.54,10.66,10.38,10.42,1134700,11917954.00
2023/07/21,10.46,10.52,10.22,10.39,1309100,13562331.00
2023/07/24,10.51,10.57,10.21,10.46,1087601,11376120.00
2023/07/25,10.47,10.62,10.43,10.61,1037600,10954071.00
2023/07/26,10.61,10.71,10.47,10.60,1251200,13222189.00
2023/07/27,10.59,10.69,10.51,10.67,2322200,24657376.00
2023/07/28,10.55,10.69,10.46,10.64,1856500,19682796.00
2023/07/31,10.64,10.70,10.52,10.67,1578800,16750852.00
2023/08/01,10.69,10.74,10.52,10.68,1086700,11562469.00
2023/08/02,10.68,10.74,10.57,10.68,744700,7934568.00
2023/08/03,10.68,10.69,10.51,10.67,1375100,14601484.00
2023/08/04,10.67,10.77,10.57,10.64,1241200,13219797.00
2023/08/07,10.63,10.66,10.35,10.39,1128700,11790949.00
2023/08/08,10.37,10.46,10.16,10.21,1233500,12652115.00
2023/08/09,10.19,10.24,10.10,10.14,1217700,12353287.00
2023/08/10,10.18,10.22,10.06,10.12,786500,7959972.00
2023/08/11,10.11,10.23,9.99,10.00,992500,10048730.00
2023/08/14,9.91,10.11,9.85,10.00,1132000,11298210.00
2023/08/15,10.00,10.09,9.80,9.98,1255400,12482752.00
2023/08/16,9.98,10.05,9.81,9.82,1204500,11928216.00
2023/08/17,9.82,10.18,9.74,10.16,1366500,13679609.00
2023/08/18,10.21,10.47,10.13,10.27,1685400,17405386.00
2023/08/21,10.44,10.46,10.15,10.16,1147000,11767541.00
2023/08/22,10.20,10.34,9.89,10.07,1114001,11221037.00
2023/08/23,10.05,10.13,9.90,9.99,1618100,16165683.00
2023/08/24,9.83,10.12,9.60,9.67,2006700,19579196.00
2023/08/25,9.73,10.02,9.61,9.64,2744600,26936834.00
2023/08/28,10.45,10.45,9.80,9.80,1873301,18624912.00
2023/08/29,9.96,10.53,9.85,10.48,2325700,24011560.00
2023/08/30,10.47,10.68,10.33,10.55,3001851,31775880.00
2023/08/31,10.52,10.75,10.51,10.64,2472900,26311056.00
2023/09/01,10.64,10.68,10.48,10.66,1888800,20022876.00
2023/09/04,10.78,10.84,10.62,10.79,1736200,18625036.00
2023/09/05,10.83,10.85,10.65,10.71,1593000,17087008.00
2023/09/06,10.75,10.82,10.62,10.72,1380300,14784502.00
2023/09/07,10.77,10.79,10.53,10.54,1158100,12319468.00
2023/09/08,10.97,10.97,10.40,10.45,2620201,27694160.00
2023/09/11,10.60,10.71,10.42,10.67,2374800,25192264.00
2023/09/12,10.70,10.70,10.49,10.59,1530100,16201138.00
2023/09/13,10.55,10.68,10.30,10.37,1218700,12699946.00
2023/09/14,10.40,10.41,10.18,10.29,1178600,12154153.00
2023/09/15,10.32,10.40,10.21,10.29,1703000,17520924.00
2023/09/18,10.30,10.70,10.11,10.50,2706800,28455496.00
2023/09/19,10.53,10.53,10.31,10.35,1361312,14122084.00
2023/09/20,10.34,10.53,10.31,10.38,1304700,13597180.00
2023/09/21,10.37,10.49,10.26,10.35,1424812,14767522.00
2023/09/22,10.28,10.54,10.16,10.54,1531700,16008950.00
2023/09/25,10.68,10.70,10.39,10.45,1630800,17152374.00
2023/09/26,10.47,10.64,10.25,10.51,2286100,24052520.00
2023/09/27,10.51,10.70,10.47,10.61,2438700,25895446.00
2023/09/28,10.61,10.68,10.52,10.54,1357300,14356297.00
2023/10/09,10.56,10.69,10.31,10.37,2132500,22238268.00
2023/10/10,10.41,10.50,10.34,10.39,1566200,16288250.00
2023/10/11,10.42,10.43,10.16,10.27,2071300,21286692.00
2023/10/12,10.33,10.37,10.11,10.27,2299000,23530148.00
2023/10/13,10.24,10.29,10.02,10.06,1237300,12510348.00
2023/10/16,10.06,10.09,9.91,10.01,1286100,12840148.00
2023/10/17,10.08,10.17,9.92,10.04,1346000,13474864.00
2023/10/18,10.03,10.04,9.88,9.89,943183,9368442.00
2023/10/19,9.89,10.20,9.82,9.87,1860700,18634248.00
2023/10/20,9.89,10.16,9.84,9.87,1539800,15319526.00
2023/10/23,9.85,10.14,9.60,9.63,1998200,19369352.00
2023/10/24,9.65,10.12,9.65,10.07,2196200,21912308.00
2023/10/25,10.17,10.38,10.07,10.27,1340699,13780905.00
2023/10/26,10.16,10.34,10.07,10.22,1378400,14016801.00
2023/10/27,10.26,10.36,10.11,10.31,1393300,14321383.00
2023/10/30,10.50,10.68,10.41,10.60,2415600,25578960.00
2023/10/31,10.60,10.82,10.50,10.60,1477700,15705365.00
2023/11/01,10.58,10.80,10.52,10.76,1989300,21302374.00
2023/11/02,10.79,10.83,10.65,10.69,1500800,16091331.00
2023/11/03,10.77,10.93,10.61,10.80,1928800,20877700.00
2023/11/06,10.85,10.98,10.77,10.86,1741000,18889368.00
2023/11/07,10.85,10.95,10.77,10.93,1641700,17864358.00
2023/11/08,10.97,11.02,10.84,10.88,1155700,12628915.00
2023/11/09,10.92,10.94,10.73,10.85,1431395,15537203.00
2023/11/10,10.87,10.94,10.75,10.86,1532600,16656855.00
2023/11/13,10.94,11.09,10.90,11.04,2914100,32108060.00
2023/11/14,11.07,11.07,10.90,10.94,1480938,16230237.00
2023/11/15,10.99,11.10,10.78,10.85,1713300,18601732.00
2023/11/16,10.88,10.97,10.80,10.85,1990880,21654484.00
2023/11/17,10.78,11.01,10.78,10.89,2374700,25933508.00
2023/11/20,10.92,11.08,10.82,11.06,2214745,24347032.00
2023/11/21,11.02,11.20,10.94,11.00,1819200,20091012.00
2023/11/22,10.98,11.06,10.84,10.87,1399200,15291576.00
2023/11/23,10.88,10.96,10.77,10.88,1529601,16622632.00
2023/11/24,10.88,10.94,10.75,10.85,2264400,24553674.00
2023/11/27,10.90,11.08,10.84,10.96,2127704,23260046.00
2023/11/28,10.95,11.19,10.89,11.18,2202220,24403730.00
2023/11/29,11.18,11.27,10.90,11.08,2040200,22620464.00
2023/11/30,11.08,11.19,10.85,10.98,1937800,21263136.00
2023/12/01,10.98,11.07,10.84,11.03,1778900,19530690.00
2023/12/04,11.05,11.17,10.98,11.06,1933100,21377076.00
2023/12/05,11.03,11.10,10.91,10.92,1782300,19582572.00
2023/12/06,10.89,11.18,10.89,11.05,1588500,17591648.00
2023/12/07,11.05,11.14,10.93,10.97,1658200,18227954.00
2023/12/08,10.97,11.07,10.52,10.55,3983500,42644080.00
2023/12/11,10.41,10.83,10.38,10.55,3994400,42290240.00
2023/12/12,10.53,10.63,10.36,10.61,2735000,28776316.00
2023/12/13,10.62,10.87,10.50,10.71,2119300,22693436.00
2023/12/14,10.73,11.10,10.73,10.89,3252400,35478860.00
2023/12/15,10.87,11.02,10.75,10.95,2013100,21922888.00
2023/12/18,10.98,11.05,10.77,10.81,1705500,18581840.00
2023/12/19,10.78,10.99,10.73,10.95,1521400,16511832.00
2023/12/20,10.96,11.16,10.94,11.08,2633000,29143148.00
2023/12/21,11.03,11.19,10.71,11.18,3935500,43053672.00
2023/12/22,11.29,11.33,10.94,11.03,3908300,43551108.00
2023/12/25,11.04,11.09,10.66,10.88,2561200,27711920.00
2023/12/26,10.89,10.96,10.57,10.62,2293900,24532512.00
2023/12/27,10.69,10.80,10.56,10.74,1976774,21133802.00
2023/12/28,10.74,11.08,10.60,11.00,2222120,24189626.00
2023/12/29,11.00,12.10,10.96,11.69,13240450,153723408.00
2024/01/02,11.69,11.79,11.41,11.52,12437604,143949216.00
2024/01/03,11.63,11.65,11.33,11.46,7091824,81153344.00
2024/01/04,11.48,11.53,11.36,11.51,4699704,53898460.00
2024/01/05,11.46,11.61,11.08,11.15,4883991,55175932.00
2024/01/08,11.15,11.28,11.06,11.07,4280100,47758876.00
2024/01/09,11.02,11.52,10.96,11.41,4518510,51367304.00
2024/01/10,11.34,11.46,11.11,11.23,3212226,36274256.00
2024/01/11,11.18,11.40,11.11,11.22,2509900,28136690.00
2024/01/12,11.22,11.38,11.07,11.09,2764100,30964248.00
2024/01/15,11.09,11.30,11.05,11.13,3163400,35293904.00
2024/01/16,11.10,11.25,10.92,11.06,2377526,26284462.00
2024/01/17,11.07,11.14,10.81,10.84,1886226,20710420.00
2024/01/18,10.80,10.93,10.33,10.56,3730723,39339268.00
2024/01/19,10.60,10.67,10.29,10.39,2799408,29302648.00
2024/01/22,10.40,10.54,9.51,9.68,3313405,33048420.00
2024/01/23,9.64,9.77,8.88,8.99,6076076,55151952.00
2024/01/24,8.99,9.54,8.92,9.40,5896945,54423448.00
2024/01/25,9.47,9.76,9.25,9.75,3492900,33336656.00
2024/01/26,9.88,10.35,9.81,10.09,4186900,42304284.00
2024/01/29,10.13,10.19,9.38,9.39,4179300,40159312.00
2024/01/30,9.37,9.48,8.72,8.80,4124926,37260020.00
2024/01/31,8.86,8.89,8.01,8.03,4831400,40414608.00
2024/02/01,8.02,8.04,7.51,7.92,4790327,37379788.00
2024/02/02,7.89,8.24,7.13,7.39,6224985,46940268.00
2024/02/05,7.19,7.27,6.65,6.65,2056700,13864125.00
2024/02/06,5.99,6.48,5.99,5.99,8364222,50348792.00
2024/02/07,5.98,6.10,5.39,5.39,4865103,26476012.00
2024/02/08,4.92,5.73,4.85,5.66,12897405,65727060.00
2024/02/19,5.64,6.05,5.41,5.97,9601356,55732816.00
2024/02/20,5.98,6.19,5.88,6.18,5700914,34543236.00
2024/02/21,6.18,6.80,6.16,6.80,4813601,31719322.00
2024/02/22,6.82,6.92,6.30,6.91,6875201,46569624.00
2024/02/23,6.95,7.60,6.95,7.36,4719906,33924296.00
2024/02/26,7.49,7.98,7.33,7.69,5281611,40502216.00
2024/02/27,7.80,7.98,7.59,7.98,3524906,27732056.00
2024/02/28,8.01,8.23,7.18,7.18,7474062,56752316.00
2024/02/29,6.91,7.33,6.80,7.28,6337900,45345948.00
2024/03/01,7.36,7.49,7.16,7.28,4136901,30187688.00
2024/03/04,7.33,7.68,7.03,7.25,4398954,32007966.00
2024/03/05,7.30,7.32,6.91,6.94,3954805,27769096.00
2024/03/06,6.94,7.24,6.94,7.18,3657567,25996948.00
2024/03/07,7.22,7.44,7.12,7.17,2991505,21770788.00
2024/03/08,7.19,7.29,7.05,7.23,2152478,15510208.00
2024/03/11,7.27,7.52,7.20,7.50,3048700,22404964.00
2024/03/12,7.50,7.79,7.50,7.74,3222409,24675502.00
2024/03/13,7.73,7.87,7.65,7.79,2575410,20026176.00
2024/03/14,7.76,7.88,7.55,7.78,3424000,26514912.00
2024/03/15,7.74,8.06,7.73,8.02,3265306,25865968.00
2024/03/18,8.10,8.30,8.02,8.28,2838000,23204712.00
2024/03/19,8.39,8.54,8.20,8.20,3261018,27182188.00
2024/03/20,8.23,8.74,8.23,8.56,4482200,38171000.00
2024/03/21,8.53,8.61,8.35,8.56,3358700,28595136.00
2024/03/22,8.61,8.65,8.18,8.28,3014200,25175584.00
2024/03/25,8.27,8.46,8.00,8.06,2517104,20632468.00
2024/03/26,8.05,8.18,7.88,8.10,2625300,21092464.00
2024/03/27,8.13,8.17,7.73,7.73,2753554,21762344.00
2024/03/28,7.75,8.12,7.75,8.00,2998350,23781884.00
2024/03/29,8.14,8.20,7.99,8.13,2791600,22659324.00
2024/04/01,8.20,8.36,8.09,8.36,2716500,22426846.00
2024/04/02,8.41,8.53,8.36,8.47,2117583,17902908.00
2024/04/03,8.44,8.47,8.25,8.39,2528800,21138528.00
2024/04/08,8.46,8.49,7.82,7.86,4410523,35186380.00
2024/04/09,7.99,8.13,7.84,8.10,2897400,23211804.00
2024/04/10,8.10,8.25,7.73,7.85,2617000,20594228.00
2024/04/11,7.81,7.97,7.63,7.81,2273683,17779624.00
2024/04/12,7.79,7.98,7.70,7.71,2006900,15641848.00
2024/04/15,7.00,7.71,6.94,6.94,2431700,17336242.00
2024/04/16,6.25,6.25,6.25,6.25,796000,4975000.00
2024/04/17,5.63,6.46,5.63,6.27,7970800,48984184.00
2024/04/18,6.30,6.50,6.05,6.35,4849200,30536230.00
2024/04/19,6.35,6.46,6.13,6.27,2315400,14542023.00
2024/04/22,6.22,6.49,5.71,5.93,3633600,21456218.00
2024/04/23,5.90,6.34,5.89,6.25,3167400,19600508.00
2024/04/24,6.32,6.50,6.26,6.45,2520900,16164333.00
2024/04/25,6.37,6.39,6.02,6.27,2590200,16354671.00
2024/04/26,6.27,6.57,5.95,5.95,4003900,24540246.00
2024/04/29,5.96,6.55,5.95,6.55,5730600,35637152.00
2024/04/30,6.99,7.21,6.42,6.55,12539900,85315992.00
2024/05/06,6.62,7.21,6.62,7.21,9814500,67852088.00
2024/05/07,7.21,7.50,7.02,7.26,11930928,86078608.00
2024/05/08,7.26,7.37,6.96,7.02,7385322,52654308.00
2024/05/09,7.11,7.43,7.03,7.34,6441100,46780488.00
2024/05/10,7.40,7.45,7.14,7.23,4410128,31819356.00
2024/05/13,7.15,7.15,6.78,6.83,3920100,26994670.00
2024/05/14,6.78,7.51,6.78,7.39,11126100,81816232.00
2024/05/15,7.15,7.36,7.06,7.28,8589050,61895824.00
2024/05/16,7.19,7.33,7.19,7.25,4586256,33364610.00
2024/05/17,7.25,7.33,7.14,7.33,3935420,28584326.00
2024/05/20,7.34,7.41,7.19,7.25,4978753,36234960.00
2024/05/21,7.25,7.35,7.17,7.31,3718800,27037520.00
2024/05/22,7.30,7.37,7.20,7.24,2629200,19090138.00
2024/05/23,7.24,7.28,7.04,7.08,2444089,17455906.00
2024/05/24,7.02,7.20,7.02,7.03,2341400,16586720.00
2024/05/27,6.98,7.00,6.74,6.91,3696500,25367048.00
2024/05/28,6.91,7.08,6.82,6.86,3027500,21017096.00
2024/05/29,6.85,7.20,6.80,7.18,5229200,36949000.00
2024/05/30,7.06,7.18,6.74,6.77,5696900,38902164.00
2024/05/31,6.82,6.90,6.77,6.77,3038900,20770956.00
2024/06/03,6.90,6.90,6.36,6.47,3138200,20703300.00
2024/06/04,6.43,6.46,6.08,6.19,3563300,22142804.00
2024/06/05,6.16,6.31,5.96,6.19,3537500,21818074.00
2024/06/06,6.20,6.32,5.57,5.57,4404350,25487000.00
2024/06/07,5.91,6.13,5.81,6.13,3805100,23223180.00
2024/06/11,6.40,6.65,5.83,6.07,10355286,63640040.00
2024/06/12,5.98,6.21,5.87,6.16,6794800,41298928.00
2024/06/13,6.14,6.29,5.98,6.02,4605322,28017246.00
2024/06/14,6.01,6.05,5.81,5.95,3268850,19392242.00
2024/06/17,5.98,6.02,5.80,5.84,2683200,15829295.00
2024/06/18,6.18,6.42,6.03,6.42,3506600,22170320.00
2024/06/19,6.57,6.63,6.07,6.29,8506000,53405144.00
2024/06/20,6.22,6.26,5.86,5.96,6008200,36135712.00
2024/06/21,5.86,5.98,5.70,5.81,5186900,30384768.00
2024/06/24,5.82,5.87,5.47,5.56,4523400,25353880.00
2024/06/25,5.51,5.74,5.51,5.65,3180222,18001826.00
2024/06/26,5.65,5.91,5.57,5.91,3238100,18707456.00
2024/06/27,5.88,6.04,5.81,5.84,3005820,17762674.00
2024/06/28,5.82,6.06,5.79,5.88,2495200,14841531.00
2024/07/01,5.88,5.95,5.69,5.86,2719000,15750461.00
2024/07/02,5.86,6.02,5.83,6.00,2515200,14976826.00
2024/07/03,5.97,6.05,5.91,5.99,2322567,13881000.00
2024/07/04,5.98,6.04,5.75,5.84,2544200,14874902.00
2024/07/05,5.79,5.95,5.66,5.90,2344222,13680683.00
2024/07/08,5.84,5.95,5.66,5.71,2471467,14165124.00
2024/07/09,5.63,5.80,5.52,5.77,2338900,13270358.00
2024/07/10,5.77,5.77,5.59,5.70,1740600,9845796.00
2024/07/11,5.82,5.98,5.70,5.98,3009200,17655704.00
2024/07/12,6.00,6.09,5.87,5.98,2707400,16174654.00
2024/07/15,6.24,6.24,5.90,5.97,3834400,23005546.00
2024/07/16,5.97,6.04,5.86,5.98,2734700,16312521.00
2024/07/17,6.00,6.04,5.84,5.88,2102300,12464343.00
2024/07/18,5.85,5.88,5.67,5.84,2351700,13624904.00
2024/07/19,5.85,5.90,5.73,5.85,2318200,13506627.00
2024/07/22,5.88,6.06,5.81,6.05,3606100,21492748.00
2024/07/23,6.03,6.66,6.01,6.55,9518167,60098080.00
2024/07/24,6.39,6.83,6.25,6.75,11087239,73159720.00
2024/07/25,6.65,6.98,6.51,6.74,8597439,58325492.00
2024/07/26,6.66,6.75,6.56,6.74,5521500,36697236.00
2024/07/29,6.73,6.78,6.63,6.69,3511700,23486224.00
2024/07/30,6.69,6.75,6.57,6.59,3198900,21221746.00
2024/07/31,6.65,6.88,6.53,6.83,4684500,31357958.00
2024/08/01,6.80,6.91,6.79,6.89,3007700,20614846.00
2024/08/02,6.87,7.18,6.71,7.08,4464400,31387220.00
2024/08/05,7.02,7.06,6.60,6.70,4573100,31172354.00
2024/08/06,6.70,7.08,6.61,7.07,4552546,31227970.00
2024/08/07,7.08,7.09,6.83,6.91,3634800,25119826.00
2024/08/08,6.91,7.37,6.74,7.17,5002500,35141604.00
2024/08/09,7.13,7.79,6.96,7.37,15363300,113862928.00
2024/08/12,7.15,7.17,6.63,6.63,7460667,50040648.00
2024/08/13,6.58,6.70,6.36,6.54,5471101,35591860.00
2024/08/14,6.55,6.99,6.53,6.59,3634000,24099786.00
2024/08/15,6.48,6.64,6.42,6.53,3228500,21169300.00
2024/08/16,6.54,6.65,6.48,6.58,3007301,19675836.00
2024/08/19,6.46,6.90,6.38,6.82,4618201,30953402.00
2024/08/20,6.75,6.99,6.75,6.97,4778501,32978178.00
2024/08/21,6.87,7.28,6.70,6.79,6091900,42807840.00
2024/08/22,6.78,7.47,6.78,7.47,11647700,84007496.00
2024/08/23,7.50,7.60,6.94,7.16,13138133,93637152.00
2024/08/26,7.00,7.46,6.91,7.26,9215385,66595204.00
2024/08/27,7.23,7.49,7.10,7.34,9462200,69749552.00
2024/08/28,7.26,7.44,7.07,7.44,7063600,51436656.00
2024/08/29,7.38,7.68,7.33,7.49,7113500,53230336.00
2024/08/30,7.49,7.75,7.35,7.68,6988874,52667784.00
2024/09/02,7.58,7.73,7.53,7.54,3510400,26737196.00
2024/09/03,7.67,7.67,7.47,7.62,3274400,24761308.00
2024/09/04,7.52,7.64,7.45,7.56,2575700,19434052.00
2024/09/05,7.50,7.85,7.43,7.80,4641520,35578608.00
2024/09/06,7.73,7.82,7.52,7.68,2873600,21975232.00
2024/09/09,7.63,7.63,7.35,7.41,2388500,17792878.00
2024/09/10,7.41,7.47,7.34,7.45,1613000,11964487.00
2024/09/11,7.42,7.53,7.34,7.43,1323701,9819846.00
2024/09/12,7.46,7.74,7.45,7.54,2584221,19648248.00
2024/09/13,7.52,7.54,7.33,7.35,1627301,12021166.00
2024/09/18,7.36,7.39,6.93,7.05,2626200,18707240.00
2024/09/19,7.09,7.61,7.03,7.42,2982300,21886952.00
2024/09/20,7.42,7.54,7.18,7.27,2105000,15304817.00
2024/09/23,7.39,7.39,7.08,7.24,3892400,27902068.00
2024/09/24,7.26,7.57,7.25,7.46,3832500,28326066.00
2024/09/25,7.60,7.83,7.40,7.70,4307700,32992964.00
2024/09/26,7.72,7.92,7.60,7.88,4064900,31466488.00
2024/09/27,7.93,8.30,7.80,8.19,6489100,52083896.00
2024/09/30,8.24,8.99,8.10,8.98,8903423,75828096.00
2024/10/08,9.80,9.80,8.56,9.04,10229003,93417216.00
2024/10/09,8.95,9.00,8.14,8.14,6724102,55800092.00
2024/10/10,8.18,8.28,7.87,8.00,5808802,46969076.00
2024/10/11,8.01,8.13,7.80,7.85,4960100,39525124.00
2024/10/14,7.94,8.16,7.86,8.02,5724233,45686892.00
2024/10/15,8.00,8.08,7.90,7.90,4818640,38408116.00
2024/10/16,7.88,8.10,7.82,8.00,4247400,33887996.00
2024/10/17,8.01,8.15,7.84,7.84,4218400,33752196.00
2024/10/18,7.81,8.11,7.81,7.98,5735692,45710520.00
2024/10/21,8.06,8.32,7.92,8.21,8443401,68387144.00
2024/10/22,8.22,8.35,8.10,8.19,5954700,48927612.00
2024/10/23,8.28,8.75,8.22,8.59,8886000,75530992.00
2024/10/24,8.65,8.86,8.41,8.79,6800900,58993224.00
2024/10/25,9.67,9.67,9.67,9.67,1853300,17921412.00
2024/10/28,10.64,10.64,10.64,10.64,472600,5028464.00
2024/10/29,11.70,11.70,11.70,11.70,1242150,14533155.00
2024/10/30,11.99,12.87,10.53,12.87,34448149,410198304.00
2024/10/31,12.87,14.16,12.70,13.93,32040310,437875296.00
2024/11/01,13.35,13.35,12.54,12.54,10027700,127928240.00
2024/11/04,11.29,11.35,11.29,11.29,8926400,100793432.00
2024/11/05,10.89,11.48,10.89,11.16,19383744,215419264.00
2024/11/06,11.18,12.05,11.02,11.39,16410083,188854752.00
2024/11/07,11.32,11.60,11.10,11.32,11094004,125812360.00
2024/11/08,11.36,12.39,11.34,12.06,14556106,174320112.00
2024/11/11,12.10,13.04,11.83,12.65,14431456,178790304.00
2024/11/12,12.65,13.42,12.26,13.11,13888702,180819264.00
2024/11/13,13.20,13.48,12.54,13.12,9938400,129153368.00
2024/11/14,13.06,13.29,12.76,12.87,5945100,77079408.00
2024/11/15,12.80,12.93,12.13,12.14,8252150,102806192.00
2024/11/18,12.23,12.48,11.60,11.96,5404703,64891644.00
2024/11/19,11.95,12.26,11.94,12.22,3407568,41159956.00
2024/11/20,12.30,13.30,12.20,13.18,6577185,84430496.00
2024/11/21,13.18,13.53,12.67,12.78,6571986,86020400.00
2024/11/22,12.76,13.19,12.45,12.55,4993200,64230584.00
2024/11/25,12.55,12.88,12.45,12.82,3060400,38678444.00
2024/11/26,12.80,13.27,12.71,12.82,4641200,60083480.00
2024/11/27,12.78,12.85,12.27,12.75,4266700,53607752.00
2024/11/28,12.78,13.01,12.61,12.64,3166100,40436008.00
2024/11/29,12.64,13.09,12.56,13.03,4630500,59729548.00
2024/12/02,13.21,13.68,13.10,13.30,5703202,76175040.00
2024/12/03,13.29,13.60,12.91,13.31,8443500,111945016.00
2024/12/04,13.30,13.95,13.06,13.74,9589186,130613064.00
2024/12/05,13.72,14.53,13.42,14.53,10320786,144645440.00
2024/12/06,14.53,14.53,13.73,13.88,10942171,152915008.00
2024/12/09,13.88,15.27,13.31,13.60,17188234,248448272.00
2024/12/10,13.85,14.06,12.86,12.93,15440851,205912976.00
2024/12/11,11.64,11.64,11.64,11.64,5310400,61813056.00
2024/12/12,11.64,12.10,11.25,11.87,15612450,183239200.00
2024/12/13,11.86,12.01,11.64,11.82,9568850,112971632.00
2024/12/16,11.85,12.51,11.75,11.98,10067600,122223112.00
2024/12/17,12.02,12.02,11.09,11.18,7360800,83746312.00
2024/12/18,11.15,11.37,10.91,11.04,4553150,50646416.00
2024/12/19,10.99,11.09,10.76,10.90,4319000,47139016.00
2024/12/20,10.93,11.38,10.93,11.24,4202100,46977200.00
2024/12/23,11.20,11.28,10.36,10.52,6046700,64712844.00
2024/12/24,10.69,10.75,10.45,10.65,3994350,42433296.00
2024/12/25,10.63,10.63,10.19,10.38,3811600,39381384.00
2024/12/26,10.38,10.73,10.36,10.58,2423300,25658256.00
2024/12/27,10.68,10.76,10.54,10.55,2518500,26834926.00
2024/12/30,10.55,11.18,10.33,10.59,5924200,63918864.00
2024/12/31,10.62,11.10,10.59,10.75,5312333,57593876.00
2025/01/02,10.71,11.17,10.48,10.79,4639033,50365304.00
2025/01/03,10.83,10.94,9.90,9.93,5462200,56337416.00
2025/01/06,9.87,10.01,9.43,9.83,3085400,30100694.00
2025/01/07,9.63,10.15,9.63,10.13,2352100,23511848.00
2025/01/08,10.18,10.30,9.86,10.22,2915300,29539496.00
2025/01/09,10.26,10.30,10.14,10.17,1655700,16929920.00
2025/01/10,10.17,10.30,9.73,9.73,2152200,21518400.00
2025/01/13,9.66,9.84,9.34,9.78,2387100,22994670.00
2025/01/14,9.97,10.40,9.85,10.32,3006600,30764624.00
2025/01/15,10.33,10.71,10.33,10.41,2686300,28058292.00
2025/01/16,10.46,10.83,10.37,10.64,3063500,32461448.00
2025/01/17,10.52,10.72,10.42,10.65,2673700,28249768.00
2025/01/20,10.62,11.05,10.42,10.96,3003500,32546320.00
2025/01/21,11.07,11.15,10.72,10.81,2609100,28327868.00
2025/01/22,10.81,10.89,10.61,10.75,1987300,21348920.00
2025/01/23,10.84,11.03,10.65,10.68,2696000,29399524.00
2025/01/24,10.70,10.72,10.52,10.69,2996900,31766792.00
2025/01/27,10.80,11.41,10.77,10.90,4666000,51799332.00
2025/02/05,11.02,11.28,10.91,11.14,2907001,32347930.00
2025/02/06,11.30,11.30,10.91,11.16,2246598,24900390.00
2025/02/07,11.11,11.48,11.10,11.25,3130351,35297248.00
2025/02/10,11.26,11.34,11.15,11.32,2607000,29368256.00
2025/02/11,11.32,11.41,11.21,11.33,2218100,25050020.00
2025/02/12,11.26,11.37,11.20,11.25,2600400,29322942.00
2025/02/13,11.26,11.28,10.95,10.95,2413501,26762514.00
2025/02/14,10.94,11.11,10.78,10.86,2250700,24550686.00
2025/02/17,10.87,11.37,10.85,11.36,3578600,40105280.00
2025/02/18,11.36,11.47,10.98,11.02,2267923,25448738.00
2025/02/19,11.02,11.50,11.02,11.27,2065000,23201776.00
2025/02/20,11.30,12.18,11.20,11.91,7623669,90209088.00
2025/02/21,11.81,12.39,11.51,11.60,6840066,80357952.00
2025/02/24,11.40,11.75,11.29,11.47,4649600,53308572.00
2025/02/25,11.40,11.55,11.23,11.32,3293000,37409584.00
2025/02/26,11.33,11.70,11.25,11.46,3897000,44605604.00
2025/02/27,11.46,11.86,11.30,11.56,5686050,65728188.00
2025/02/28,11.49,11.54,10.94,10.99,3911800,43576204.00
2025/03/03,11.01,11.22,10.89,11.03,2881366,31867200.00
2025/03/04,10.87,11.30,10.87,11.21,2482716,27729932.00
2025/03/05,11.21,11.65,11.01,11.50,4813216,54737500.00
2025/03/06,11.47,11.56,11.41,11.52,3283908,37741516.00
2025/03/07,11.54,11.54,11.06,11.13,3634216,40873240.00
2025/03/10,11.13,11.85,11.13,11.72,5980000,69004792.00
2025/03/11,11.49,11.70,11.39,11.62,3631300,41963672.00
2025/03/12,11.65,12.10,11.51,11.91,4557800,54161552.00
2025/03/13,11.87,12.37,11.67,12.20,7134200,85763712.00
2025/03/14,12.16,12.25,11.75,12.02,5070702,60685972.00
2025/03/17,11.98,12.63,11.90,12.27,6812700,83016152.00
2025/03/18,11.97,12.05,11.52,11.79,5903189,69573184.00
2025/03/19,11.81,12.97,11.61,12.97,12883492,162810896.00
2025/03/20,13.07,14.27,12.66,14.27,26362038,352481248.00
2025/03/21,14.24,15.70,13.83,15.70,23270330,355702368.00
2025/03/24,17.03,17.03,14.16,14.36,39497560,622049024.00
2025/03/25,12.92,13.48,12.92,12.92,18077839,235128160.00
2025/03/26,11.80,12.78,11.80,12.52,20346167,249920832.00
2025/03/27,12.39,12.44,11.63,11.69,15419550,182916816.00
2025/03/28,11.75,11.85,11.33,11.44,11109600,128149208.00
2025/03/31,11.21,11.52,10.96,11.49,8563100,95982904.00
2025/04/01,11.62,11.62,11.39,11.49,5751000,66211708.00
2025/04/02,11.53,11.59,11.23,11.28,5399108,61505992.00
2025/04/03,11.16,11.36,10.86,11.21,6577300,73006416.00
2025/04/07,10.35,10.69,10.09,10.09,3864700,39283520.00
2025/04/08,9.77,9.97,9.11,9.41,8654944,82103792.00
2025/04/09,9.17,9.88,8.48,9.68,8091300,74276576.00
2025/04/10,9.80,10.32,9.80,10.13,6475868,65727556.00
2025/04/11,9.97,10.48,9.97,10.31,3957300,40762288.00
2025/04/14,10.49,11.00,10.49,10.84,4894300,52756824.00
2025/04/15,10.91,11.15,10.82,11.10,4517000,49737280.00
2025/04/16,11.03,11.14,10.51,10.66,4818200,51838872.00
2025/04/17,10.65,10.91,10.59,10.73,2734800,29523004.00
2025/04/18,10.89,10.93,10.62,10.87,3074708,33122476.00
2025/04/21,10.92,11.12,10.71,11.11,3473900,38048728.00
2025/04/22,11.14,11.50,11.14,11.21,3958400,44557552.00
2025/04/23,11.39,11.64,11.23,11.55,3961600,45594536.00
2025/04/24,11.50,11.63,11.20,11.33,3170400,36220400.00
2025/04/25,11.37,11.50,11.18,11.25,2634140,29741720.00
2025/04/28,11.30,11.44,10.98,11.15,2508411,27955292.00
2025/04/29,12.00,12.27,11.41,12.27,4522199,54145500.00
2025/04/30,12.20,12.50,11.91,12.01,12660400,152700832.00
2025/05/06,12.05,12.85,11.99,12.66,11672808,145307312.00
2025/05/07,12.80,12.90,12.50,12.61,6783201,86052344.00
2025/05/08,12.68,12.92,12.68,12.74,5319400,68130464.00
2025/05/09,12.89,13.15,12.62,12.90,7273740,93737576.00
2025/05/12,12.93,12.97,12.62,12.74,5434800,69391128.00
2025/05/13,12.76,12.91,12.57,12.68,4566700,58125456.00
2025/05/14,12.68,12.83,12.51,12.70,4415700,55922972.00
2025/05/15,12.71,12.95,12.39,12.59,3733100,47349248.00
2025/05/16,12.58,13.11,12.53,12.96,5412639,69694016.00
2025/05/19,13.35,13.56,13.08,13.44,6873740,91617536.00
2025/05/20,13.44,13.84,13.19,13.80,5078508,69148112.00
2025/05/21,13.82,13.93,13.58,13.81,5216168,71748120.00
2025/05/22,14.15,14.30,13.76,13.84,6394167,89514896.00
2025/05/23,13.84,14.15,13.59,13.60,4906401,67999400.00
2025/05/26,13.58,14.50,13.58,13.72,7397600,104054736.00
2025/05/27,14.02,14.13,13.50,13.98,6373900,87679368.00
2025/05/28,13.98,14.59,13.60,14.39,8554710,121332480.00
2025/05/29,14.30,14.61,13.82,14.04,8849502,126456592.00
2025/05/30,15.44,15.44,15.44,15.44,5506600,85021904.00
2025/06/03,16.98,16.98,16.88,16.98,4365110,74118832.00
2025/06/04,15.35,16.10,15.28,15.28,17377430,267495264.00
2025/06/05,14.62,14.79,13.96,14.04,23182620,331869568.00
2025/06/06,14.19,14.24,13.53,13.90,13670968,187923824.00
2025/06/09,13.76,14.07,13.71,13.86,7515600,104349304.00
2025/06/10,13.83,13.98,13.34,13.57,7577500,103327976.00
2025/06/11,13.57,13.68,13.47,13.53,4747400,64351952.00
2025/06/12,13.52,13.59,13.36,13.51,4143000,55816892.00
2025/06/13,13.42,13.52,13.25,13.27,3872900,51577312.00
2025/06/16,13.20,13.46,13.19,13.30,3334733,44554800.00
2025/06/17,13.32,13.38,13.09,13.26,3591700,47462152.00
2025/06/18,13.28,13.33,13.12,13.18,2389100,31494524.00
2025/06/19,13.18,13.24,12.79,12.89,4168540,54036120.00
2025/06/20,12.86,13.04,12.70,12.80,2805401,36078568.00
2025/06/23,12.70,13.06,12.58,13.06,2991600,38579804.00
2025/06/24,13.06,13.50,13.01,13.39,3366600,44794424.00
2025/06/25,13.43,13.52,13.24,13.40,2863200,38295740.00
2025/06/26,13.45,13.66,13.38,13.54,3877040,52549260.00
2025/06/27,13.55,13.78,13.53,13.62,2707700,36907080.00
2025/06/30,13.74,14.11,13.69,13.83,4620000,63970776.00
2025/07/01,13.95,14.17,13.75,14.02,5108000,71229504.00
2025/07/02,14.10,14.13,13.81,14.07,3299770,46212252.00
2025/07/03,14.09,14.58,14.02,14.42,6224400,89133976.00
2025/07/04,14.34,14.62,14.13,14.21,5873800,84185152.00
2025/07/07,14.12,14.33,14.03,14.32,3645400,51675696.00
2025/07/08,14.33,14.52,14.17,14.29,3005700,42893312.00
2025/07/09,14.29,14.96,14.11,14.74,7669004,111438840.00
2025/07/10,16.21,16.21,16.21,16.21,1718450,27856074.00
2025/07/11,16.24,16.69,16.21,16.47,26213649,429555296.00
2025/07/14,16.57,16.99,16.50,16.67,15455655,257740112.00
2025/07/15,16.75,16.78,16.48,16.58,8737796,144910960.00
2025/07/16,16.61,16.65,16.50,16.58,4995750,82788480.00
2025/07/17,16.60,16.79,16.60,16.78,4990902,83352464.00
2025/07/18,16.80,16.82,16.61,16.66,4450400,74208816.00
2025/07/21,16.69,16.75,16.58,16.66,5730700,95343808.00
2025/07/22,16.62,16.67,16.53,16.60,4746900,78812144.00
2025/07/23,16.63,16.78,16.58,16.70,5093200,84980136.00
2025/07/24,16.73,17.17,16.66,17.08,8142300,137675584.00
2025/07/25,17.05,17.15,16.91,17.12,4375200,74508600.00
2025/07/28,17.12,17.12,16.58,16.65,9446400,157545808.00
2025/07/29,16.67,16.86,16.63,16.78,5816700,97259776.00
2025/07/30,16.75,16.84,16.65,16.69,4689250,78379632.00
2025/07/31,16.71,16.74,16.55,16.58,5160350,85838256.00
2025/08/01,16.59,16.66,16.55,16.60,3653000,60667916.00
2025/08/04,16.59,16.59,16.50,16.57,3904800,64579968.00
2025/08/05,16.57,16.59,16.47,16.53,4519596,74646336.00
2025/08/06,16.53,16.65,16.50,16.59,4071100,67430408.00
2025/08/07,16.60,16.77,16.51,16.69,4614600,76762376.00
2025/08/08,16.66,16.96,16.60,16.76,5193381,87159992.00
2025/08/11,16.77,16.83,16.57,16.66,3967300,65992004.00
2025/08/12,16.68,16.75,16.60,16.68,2946700,49078108.00
2025/08/13,16.67,16.77,16.63,16.69,3395200,56691360.00
2025/08/14,16.70,16.74,16.62,16.62,3556000,59270600.00
2025/08/15,16.62,16.89,16.62,16.73,4446415,74488256.00
2025/08/18,16.78,17.55,16.75,17.23,9513899,163230720.00
2025/08/19,17.69,18.07,16.86,16.96,10190415,176634048.00
2025/08/20,17.17,17.22,16.70,16.84,5066000,85244552.00
2025/08/21,16.82,17.06,16.79,16.81,3759100,63571452.00
2025/08/22,16.82,16.94,16.60,16.76,4626020,77423400.00
2025/08/25,16.77,16.78,16.56,16.70,5891200,98140808.00
2025/08/26,16.61,16.77,16.53,16.56,5010203,83338688.00
2025/08/27,16.61,16.61,16.09,16.09,13445773,217310448.00
2025/09/02,16.26,16.27,14.99,15.38,9503609,146990608.00
2025/09/03,15.46,15.88,15.20,15.22,5777701,89605416.00
2025/09/04,15.40,15.75,15.22,15.40,6330241,98206200.00
2025/09/05,15.48,15.74,15.04,15.66,4245200,65517720.00
2025/09/08,15.66,15.75,15.30,15.45,3314333,51273444.00
2025/09/09,15.53,15.85,15.40,15.47,3006300,46831248.00
2025/09/10,15.54,15.67,15.46,15.57,2070400,32241934.00
2025/09/11,15.57,15.65,15.36,15.61,2119833,32933330.00
2025/09/12,15.63,15.65,15.48,15.52,2131400,33158968.00
2025/09/15,15.58,15.99,15.37,15.80,3641050,57114020.00
2025/09/16,15.75,15.96,15.60,15.68,3112400,48987436.00
2025/09/17,15.68,15.97,15.59,15.78,2905745,45922336.00
2025/09/18,15.79,16.06,15.51,15.69,3339750,52836532.00
2025/09/19,15.73,15.79,15.52,15.76,2102250,32892268.00
2025/09/22,15.82,16.06,15.69,15.78,2093900,33125720.00
2025/09/23,15.78,15.93,15.20,15.59,3293800,50993004.00
2025/09/24,15.60,16.00,15.20,15.99,2884400,45611604.00
2025/09/25,15.99,16.18,15.68,15.71,2059200,32652932.00
2025/09/26,15.73,15.87,15.56,15.63,2035976,31984038.00
2025/09/29,15.65,15.88,15.39,15.71,2209300,34618740.00
2025/09/30,15.71,16.28,15.63,16.00,3598600,57366912.00
2025/10/09,16.00,16.10,15.71,15.83,2626800,41662040.00
2025/10/10,15.80,16.05,15.80,15.94,1709256,27216830.00
2025/10/13,15.75,16.00,15.23,15.93,2797311,44157972.00
2025/10/14,16.06,16.12,15.90,15.95,1832008,29282340.00
2025/10/15,15.92,16.85,15.81,16.42,5466500,89570912.00
2025/10/16,16.48,16.71,16.33,16.60,3023700,49898148.00
2025/10/17,16.67,16.67,16.00,16.01,2870500,46756516.00
2025/10/20,16.28,16.46,16.12,16.46,2246150,36612784.00
2025/10/21,16.46,16.65,16.38,16.65,1815600,29993464.00
2025/10/22,16.65,17.80,16.55,17.36,7594357,131180392.00
2025/10/23,17.48,19.10,17.10,19.10,12176406,225429168.00
2025/10/24,19.10,19.40,18.40,18.96,11854244,224449520.00
2025/10/27,19.03,19.69,18.68,19.35,8592876,165838912.00
2025/10/28,19.38,19.58,18.80,18.83,6695600,127192720.00
2025/10/29,18.96,18.98,18.28,18.44,5839705,107700488.00
2025/10/30,18.54,18.58,17.80,17.80,4466600,81134344.00
2025/10/31,17.92,18.58,17.80,18.37,4562000,83563232.00
2025/11/03,18.46,18.55,18.18,18.50,2570705,47211376.00
2025/11/04,18.38,18.75,18.35,18.43,2352100,43521196.00
2025/11/05,18.41,18.97,18.09,18.79,4784400,89437632.00
2025/11/06,18.92,19.00,18.09,18.29,5249800,96701416.00
2025/11/07,18.42,18.42,17.94,18.08,3060000,55431856.00
2025/11/10,18.13,18.36,17.85,17.92,3317700,59959280.00
2025/11/11,17.92,18.16,17.75,17.87,2037800,36538136.00
2025/11/12,17.85,18.04,17.57,17.57,2452700,43562624.00
2025/11/13,17.67,17.77,17.18,17.68,2710600,47715232.00
2025/11/14,17.57,18.35,17.56,18.04,3720900,67439176.00
2025/11/17,18.08,18.20,17.77,17.84,2522801,45189548.00
2025/11/18,17.84,17.99,17.62,17.96,2321200,41347688.00
2025/11/19,18.00,18.03,17.46,17.46,2001700,35300636.00
2025/11/20,17.46,17.74,17.20,17.40,2571510,44645204.00
2025/11/21,17.30,17.48,16.54,16.61,3056700,51506716.00
2025/11/24,16.77,17.28,16.63,17.18,3016200,51148120.00
2025/11/25,17.18,17.76,17.18,17.50,2967972,52075552.00
2025/11/26,17.49,17.80,17.17,17.19,2212900,38634440.00
2025/11/27,17.22,17.48,17.15,17.26,1434900,24838656.00
2025/11/28,17.35,17.54,17.09,17.51,1631400,28354180.00
2025/12/01,17.60,17.71,17.16,17.24,1741700,30412340.00
2025/12/02,17.17,17.27,16.90,17.01,2004727,34060516.00
2025/12/03,17.02,17.12,16.74,16.90,1389300,23416080.00
2025/12/04,17.00,17.12,16.69,16.82,1177700,19864472.00
2025/12/05,16.85,16.92,16.72,16.75,1406100,23627066.00
2025/12/08,16.79,16.90,16.55,16.62,2034800,33965208.00
2025/12/09,16.63,18.20,16.56,16.77,5674100,97407248.00
2025/12/10,16.60,18.45,16.60,18.45,5813600,105250872.00
2025/12/11,18.61,18.99,17.45,17.47,13711585,247766512.00
2025/12/12,17.38,17.41,16.77,17.00,6331921,108304808.00
2025/12/15,17.09,17.19,16.71,16.94,4152557,70555488.00
2025/12/16,16.99,17.14,16.60,16.65,3396800,57136908.00
2025/12/17,16.63,16.86,16.12,16.80,3599130,59178188.00
2025/12/18,16.70,16.94,16.66,16.70,2327800,39087184.00
2025/12/19,16.79,17.23,16.73,17.14,3271662,55843352.00
2025/12/22,17.44,17.62,17.00,17.02,2698500,46431072.00
2025/12/23,17.02,17.13,16.70,16.73,2600750,43747796.00
2025/12/24,16.73,16.88,16.66,16.76,1807300,30308224.00
2025/12/25,16.75,17.07,16.63,16.88,2316100,39066980.00
2025/12/26,16.85,16.95,16.65,16.75,2432611,40875252.00
2025/12/29,16.80,16.80,16.50,16.64,2315300,38550536.00
2025/12/30,16.80,16.80,16.37,16.38,2623700,43297600.00
2025/12/31,16.38,16.52,16.25,16.45,2155400,35321064.00
2026/01/05,16.47,16.67,16.30,16.39,2135900,35225772.00
2026/01/06,16.39,16.57,16.15,16.26,3400400,55363064.00
2026/01/07,16.26,16.37,16.10,16.14,2136600,34606420.00
2026/01/08,16.16,16.34,16.13,16.32,2620242,42612732.00
2026/01/09,16.33,16.43,16.00,16.19,3138650,50774792.00
2026/01/12,16.22,16.59,16.14,16.57,3788808,61880888.00
2026/01/13,16.57,16.74,16.30,16.49,3017600,50007256.00
2026/01/14,16.49,16.64,16.15,16.25,3183111,52176344.00
2026/01/15,16.17,16.37,16.15,16.22,1804507,29321826.00
2026/01/16,16.30,16.49,16.19,16.35,1828350,29865972.00
2026/01/19,16.44,16.68,16.38,16.61,2508950,41575688.00
2026/01/20,16.63,16.71,16.38,16.46,2247000,37222800.00
2026/01/21,16.45,16.66,16.26,16.62,1938750,32055176.00
2026/01/22,16.63,16.72,16.53,16.70,2425650,40395904.00
2026/01/23,16.72,16.83,16.58,16.77,2581401,43108628.00
2026/01/26,17.10,17.12,16.41,16.53,3110500,51775848.00
2026/01/27,16.60,16.73,16.14,16.57,2751900,45128520.00
2026/01/28,16.56,16.58,16.03,16.16,2841201,46074132.00
2026/01/29,16.00,16.33,15.70,15.88,2494900,40052580.00
2026/01/30,15.99,16.25,15.75,16.22,2906200,46888008.00
2026/02/02,16.47,16.58,16.14,16.15,3657653,60064348.00
2026/02/03,16.23,16.45,16.13,16.35,2484500,40576556.00
2026/02/04,16.43,16.75,16.31,16.54,2486400,41159496.00
2026/02/05,16.61,16.91,16.40,16.61,2705900,45220936.00
2026/02/06,16.61,16.87,16.50,16.66,2422000,40529532.00
2026/02/09,16.91,17.02,16.74,16.99,2704100,45788232.00
2026/02/10,16.99,17.15,16.80,16.95,1934400,32867992.00
2026/02/11,16.91,17.00,16.71,16.88,1852700,31281068.00
2026/02/12,16.87,17.00,16.72,16.79,2177500,36755196.00
2026/02/13,17.12,17.45,16.93,16.95,4062055,69543304.00
2026/02/24,17.10,17.60,17.10,17.50,4308800,74978856.00
2026/02/25,17.50,17.90,17.25,17.65,3153859,55793912.00
2026/02/26,17.70,17.83,17.45,17.59,2292300,40462700.00
2026/02/27,17.64,19.35,17.59,19.35,7392924,139412096.00
2026/03/02,18.95,19.50,18.04,18.19,15867900,293495648.00
2026/03/03,18.20,18.50,17.15,17.30,8238053,146307680.00
2026/03/04,17.23,18.60,17.09,17.96,8052458,145101504.00
2026/03/05,18.32,18.95,18.10,18.48,6222000,115093000.00
2026/03/06,18.42,19.40,18.31,19.16,6439950,122137528.00
2026/03/09,18.81,19.32,18.81,19.15,5993351,114037704.00
2026/03/10,19.40,19.94,19.01,19.78,4943050,97060736.00
2026/03/11,19.90,20.60,19.79,20.60,9563980,192808192.00
2026/03/12,20.38,20.50,19.34,19.41,7396700,145341552.00
2026/03/13,19.49,19.78,19.07,19.16,5068200,98241904.00
2026/03/16,19.16,19.61,19.00,19.21,3580200,68729224.00
2026/03/17,19.33,19.39,18.60,18.65,3223400,60861940.00
2026/03/18,18.86,19.08,18.60,19.03,2842400,53636996.00
2026/03/19,19.03,19.15,18.42,18.52,2706100,50759544.00
2026/03/20,18.59,18.82,18.00,18.04,2984700,54665012.00
2026/03/23,18.04,18.26,17.01,17.17,4574800,80553552.00
2026/03/24,17.70,18.29,17.42,18.22,4350800,77514248.00
2026/03/25,18.39,18.85,18.31,18.74,3183300,59213772.00
2026/03/26,18.75,18.80,18.01,18.20,2701001,49497720.00
2026/03/27,17.64,18.81,17.64,18.46,2962100,54693132.00
2026/03/30,18.53,18.60,18.05,18.33,2517000,46097836.00
2026/03/31,18.47,18.47,17.50,17.53,3703900,66327688.00
2026/04/01,17.99,18.37,17.65,18.13,3233800,58223768.00
2026/04/02,18.14,18.20,17.70,17.84,2677500,47937232.00
2026/04/03,17.97,18.08,17.17,17.37,2368100,41293184.00
2026/04/07,17.23,17.64,17.23,17.54,1422800,24833640.00
2026/04/08,17.70,18.23,17.69,18.23,2200000,39784212.00
2026/04/09,18.12,18.18,17.84,17.97,1669600,29998772.00
2026/04/10,18.15,18.61,18.01,18.11,1828000,33475332.00
2026/04/13,18.09,18.14,17.73,18.07,2212168,39616096.00
2026/04/14,18.35,18.40,17.90,18.06,1621300,29235438.00
2026/04/15,18.18,18.41,17.72,17.76,1965300,35315076.00
2026/04/16,17.96,19.23,17.71,18.91,5797200,107771336.00
2026/04/17,18.93,19.60,18.73,18.92,4724000,89886344.00
2026/04/20,18.96,19.17,18.61,19.15,3582602,67836920.00
2026/04/21,19.20,19.60,19.09,19.37,3724768,71892128.00
2026/04/22,19.36,19.68,19.18,19.55,3960750,77120352.00
2026/04/23,19.58,19.67,19.04,19.20,2852100,54994952.00
2026/04/24,19.20,19.49,18.72,19.31,3484900,66544848.00
2026/04/27,19.24,19.26,18.85,19.20,2772300,52917756.00
2026/04/28,19.20,19.48,18.80,18.91,3511600,67061372.00
2026/04/29,19.20,19.33,18.86,19.03,3461800,66226300.00
2026/04/30,19.18,20.35,19.13,19.73,5440368,107977320.00
2026/05/06,19.70,19.90,18.99,19.89,6119068,119776776.00
2026/05/07,19.73,21.00,19.73,20.58,5809578,119002952.00
2026/05/08,20.58,20.66,20.18,20.20,3696100,75373840.00
2026/05/11,20.40,20.44,19.85,19.93,3271100,65584352.00
2026/05/12,19.90,20.10,19.68,19.84,3573400,71000672.00
2026/05/13,19.90,20.40,19.81,20.11,2733856,54913168.00
2026/05/14,20.20,20.45,19.66,19.97,3925000,78720816.00
2026/05/15,20.11,20.39,19.82,19.96,3453200,69137424.00
2026/05/18,19.86,20.30,19.65,20.00,2718400,54429656.00
2026/05/19,20.01,20.97,19.87,20.47,4639500,94545040.00
2026/05/20,20.38,20.97,19.88,19.98,4120100,83403320.00
2026/05/21,20.11,20.31,19.00,19.09,3847700,75780752.00
2026/05/22,19.28,19.63,19.02,19.22,2954400,56955988.00
2026/05/25,19.22,19.55,18.53,18.89,3752000,71144304.00
2026/05/26,18.84,18.86,18.03,18.38,3194000,58601532.00
2026/05/27,18.38,18.41,17.91,18.12,2442900,44289556.00
2026/05/28,18.08,18.38,17.63,18.16,2550668,45962224.00
2026/05/29,18.28,19.19,17.45,17.47,3163546,57130128.00
2026/06/01,17.48,18.00,17.28,17.82,2242000,39786592.00
2026/06/02,17.87,18.16,17.00,17.16,2814800,48590184.00
2026/06/03,17.20,17.23,16.74,16.90,2449400,41498808.00
2026/06/04,16.82,17.00,16.51,16.75,1681600,28198538.00
2026/06/05,16.70,17.64,16.53,17.22,2866150,48892928.00
2026/06/08,17.33,17.44,16.59,16.85,3172400,53831688.00
2026/06/09,16.82,17.26,16.60,16.84,2108300,35633488.00
2026/06/10,16.73,16.88,16.30,16.58,1942300,32143914.00
2026/06/11,16.55,16.65,16.16,16.58,1794858,29465122.00
2026/06/12,16.74,17.27,16.62,16.69,1945700,32777188.00
2026/06/15,17.00,17.48,16.60,16.85,3459700,59108888.00
2026/06/16,16.85,16.98,16.44,16.61,2085737,34701228.00
2026/06/17,16.62,16.71,16.15,16.19,2710300,44154464.00
2026/06/18,16.20,16.35,15.92,16.19,1599650,25836784.00
2026/06/22,16.16,16.46,15.46,16.10,2605569,41219124.00
2026/06/23,16.12,17.32,16.05,16.74,3612574,60899752.00
2026/06/24,16.67,17.20,16.11,16.18,2516900,41202332.00
2026/06/25,16.29,16.29,15.58,15.68,2124550,33539564.00
2026/06/26,15.58,15.74,15.21,15.40,1920900,29676280.00
2026/06/29,15.30,15.44,14.81,15.26,2815000,42586736.00
2026/06/30,15.42,15.49,15.00,15.13,1467100,22287774.00
2026/07/01,15.05,15.38,14.95,15.18,1967800,29855650.00
2026/07/02,15.12,15.73,15.02,15.17,2532900,39155408.00
2026/07/03,15.19,15.90,15.10,15.77,2580800,40189704.00
2026/07/06,16.07,16.15,15.52,15.80,2463800,38852632.00
2026/07/07,15.78,15.96,15.08,15.12,2076902,32130942.00
2026/07/08,15.05,15.29,14.62,14.66,2072432,30692660.00
2026/07/09,14.84,14.84,14.26,14.80,1922200,28053566.00
2026/07/10,14.88,15.49,14.53,15.04,2248301,33934596.00
2026/07/13,15.23,15.96,14.24,14.25,3112874,46354440.00
2026/07/14,14.45,14.49,14.02,14.33,2512900,35848260.00
2026/07/15,14.33,14.67,14.05,14.36,1814000,26113798.00
2026/07/16,14.36,14.73,14.18,14.40,1708400,24709438.00
2026/07/17,14.40,14.65,13.34,13.55,3005300,41797888.00
2026/07/20,13.68,14.05,12.70,12.86,3870378,51955176.00
2026/07/21,12.83,12.97,11.70,12.88,5312169,66147680.00
2026/07/22,12.89,13.00,12.30,12.35,3523400,44294672.00
2026/07/23,12.50,13.12,12.35,13.12,3019600,38484340.00
2026/07/24,12.99,13.08,12.64,12.86,2017000,25902878.00
2026/07/27,12.86,13.27,12.73,13.13,2167400,28416448.00
2026/07/28,13.00,13.53,13.00,13.31,2533306,33813036.00
2026/07/29,13.46,13.57,13.18,13.40,2025900,27089744.00
2026/07/30,13.40,13.70,12.80,13.00,2501600,33146528.00
2026/07/31,13.32,13.43,13.00,13.22,2311450,30643772.00
2026/08/03,13.22,13.95,13.16,13.93,2948500,40172180.00
2026/08/04,14.10,14.44,13.99,14.36,2263506,32292540.00
2026/08/05,14.36,14.80,14.36,14.72,2078300,30413846.00
2026/08/06,14.57,14.81,14.40,14.76,1703700,24925308.00
2026/08/07,14.69,14.77,14.30,14.73,2060400,30028788.00
2026/08/10,14.80,15.22,14.52,15.21,2591357,38692560.00
2026/08/11,15.26,15.26,14.50,14.74,3212700,47364908.00
2026/08/12,14.74,14.99,14.66,14.80,2343601,34770284.00
2026/08/13,14.84,14.90,14.43,14.49,2484856,36430292.00
2026/08/14,14.50,14.60,14.35,14.49,1506600,21805018.00
2026/08/17,14.58,14.81,14.43,14.80,1773650,26001696.00
2026/08/18,14.80,14.89,14.51,14.63,1247549,18228420.00
2026/08/19,14.57,14.72,14.10,14.16,1748500,25048684.00
2026/08/20,14.27,14.55,14.18,14.47,1366302,19665644.00
2026/08/21,14.35,14.61,14.07,14.47,1515556,21823520.00
2026/08/24,14.44,14.58,14.05,14.18,1657900,23620868.00
2026/08/25,14.16,14.73,14.05,14.70,1607500,23282180.00
2026/08/26,14.64,14.86,14.35,14.60,1624600,23694480.00
2026/08/27,14.54,14.69,14.46,14.63,1025000,14960769.00
2026/08/28,14.66,14.73,14.52,14.64,1146200,16762425.00
2026/08/31,14.65,15.14,14.50,15.08,2033400,30457440.00
2026/09/01,15.10,15.18,14.87,15.01,1395900,20962256.00
2026/09/02,14.99,15.08,14.78,14.97,1428600,21367468.00
2026/09/03,14.97,15.19,14.55,14.64,1659802,24605790.00
2026/09/04,14.70,15.04,14.58,14.65,1588801,23576160.00
2026/09/07,14.85,14.97,14.60,14.73,1493000,22055216.00
2026/09/08,14.74,14.90,14.59,14.79,1269200,18792248.00
2026/09/09,14.78,14.88,14.62,14.75,1177469,17365194.00
2026/09/10,14.76,14.79,14.42,14.47,1251500,18215648.00
2026/09/11,14.54,14.54,13.78,14.18,1882100,26636456.00
2026/09/14,14.03,14.53,13.83,14.33,1480500,21195188.00
#数据来源:通达信
