002719 ST麦趣 日线 前复权
      日期	    开盘	    最高	    最低	    收盘	    成交量	    成交额
2021/08/02,9.04,9.08,8.75,9.05,1857940,16623777.00
2021/08/03,9.01,9.32,8.98,9.20,1392100,12806243.00
2021/08/04,9.22,9.60,9.22,9.56,1617840,15319716.00
2021/08/05,9.65,9.70,9.29,9.56,1136160,10818063.00
2021/08/06,9.50,9.55,9.38,9.52,1229720,11643399.00
2021/08/09,9.45,9.82,9.40,9.70,1921120,18599818.00
2021/08/10,9.71,10.19,9.64,10.19,2426317,24276336.00
2021/08/11,10.33,10.53,10.05,10.38,3122892,32173338.00
2021/08/12,10.33,10.76,10.23,10.55,2601360,27325296.00
2021/08/13,10.46,10.56,10.28,10.36,2066256,21510016.00
2021/08/16,10.26,10.88,10.26,10.88,3899337,41935896.00
2021/08/17,10.78,11.07,10.56,10.61,3756640,40743720.00
2021/08/18,10.52,10.94,10.52,10.90,2041700,22109716.00
2021/08/19,10.84,10.86,10.64,10.66,1866480,20048954.00
2021/08/20,10.48,10.59,10.13,10.13,3285800,33603484.00
2021/08/23,10.13,10.34,9.99,10.18,2075398,21193488.00
2021/08/24,10.16,10.46,10.11,10.46,2203632,22681906.00
2021/08/25,10.42,10.78,10.30,10.49,1609460,16796476.00
2021/08/26,10.40,10.61,10.37,10.46,1135040,11941210.00
2021/08/27,10.47,10.85,10.41,10.77,2127012,22737666.00
2021/08/30,10.73,10.75,10.42,10.63,1664835,17599922.00
2021/08/31,10.60,10.62,10.13,10.26,1904960,19772266.00
2021/09/01,10.33,10.38,9.90,9.98,2356320,23715388.00
2021/09/02,9.91,10.31,9.74,10.26,1705040,17199306.00
2021/09/03,10.23,10.36,10.08,10.25,1245220,12705222.00
2021/09/06,10.15,10.16,10.02,10.02,1214400,12239482.00
2021/09/07,10.16,10.16,9.97,10.03,1175600,11841987.00
2021/09/08,10.02,10.12,9.91,10.06,1275600,12761969.00
2021/09/09,10.06,10.20,9.99,10.03,1157180,11693033.00
2021/09/10,10.02,10.10,9.94,9.96,1449440,14507692.00
2021/09/13,9.95,10.01,9.88,9.97,975560,9736266.00
2021/09/14,9.97,10.02,9.84,9.84,1452080,14415231.00
2021/09/15,9.84,9.94,9.71,9.81,826874,8135880.50
2021/09/16,9.80,9.85,9.61,9.62,1434820,13999675.00
2021/09/17,9.57,9.72,9.21,9.37,1835893,17469012.00
2021/09/22,9.35,9.84,9.24,9.84,2066300,20096140.00
2021/09/23,9.79,9.97,9.75,9.88,2273020,22402646.00
2021/09/24,9.86,9.97,9.62,9.84,1911880,18763604.00
2021/09/27,9.84,9.87,9.60,9.83,1524840,14895287.00
2021/09/28,9.76,9.87,9.68,9.82,804500,7887640.50
2021/09/29,9.75,9.81,9.48,9.66,1110097,10825091.00
2021/09/30,9.75,10.04,9.69,9.94,1337240,13269789.00
2021/10/08,9.87,10.28,9.78,10.17,1524180,15313653.00
2021/10/11,10.23,10.28,10.11,10.17,1047180,10681112.00
2021/10/12,10.16,10.27,10.09,10.21,1200640,12245560.00
2021/10/13,10.21,10.37,10.14,10.36,1702160,17537438.00
2021/10/14,10.38,10.38,10.15,10.18,1483537,15219789.00
2021/10/15,10.14,10.27,10.12,10.21,800319,8177399.00
2021/10/18,10.12,10.17,10.04,10.16,811400,8223325.00
2021/10/19,10.10,10.44,10.10,10.34,1442840,14895304.00
2021/10/20,10.28,10.34,10.17,10.23,1140741,11711016.00
2021/10/21,10.29,10.34,10.14,10.23,1343620,13811256.00
2021/10/22,10.20,10.27,10.05,10.25,1458620,14835600.00
2021/10/25,10.24,10.25,10.09,10.09,1026421,10417949.00
2021/10/26,10.03,10.10,9.79,9.82,1580641,15714508.00
2021/10/27,9.76,9.87,9.71,9.86,854482,8386688.00
2021/10/28,9.83,9.84,9.59,9.73,818320,7981123.50
2021/10/29,9.68,9.96,9.66,9.92,1104240,10939331.00
2021/11/01,9.87,9.93,9.78,9.90,719960,7119675.00
2021/11/02,9.90,10.07,9.87,9.97,1310921,13095476.00
2021/11/03,9.93,9.99,9.83,9.96,712578,7075052.00
2021/11/04,9.95,10.10,9.91,10.05,950682,9557052.00
2021/11/05,9.99,10.10,9.99,10.06,780301,7859455.00
2021/11/08,9.96,10.04,9.85,9.90,1157100,11478405.00
2021/11/09,9.89,10.31,9.85,10.22,2537320,25728216.00
2021/11/10,10.15,10.27,10.04,10.16,1215218,12348382.00
2021/11/11,10.17,10.21,10.09,10.19,849781,8649467.00
2021/11/12,10.19,10.30,10.09,10.13,1191040,12137112.00
2021/11/15,10.11,10.15,9.98,10.01,1224161,12308792.00
2021/11/16,9.97,10.16,9.96,10.07,1096980,11077456.00
2021/11/17,10.06,10.14,10.04,10.10,719640,7274916.50
2021/11/18,10.17,10.31,10.09,10.28,1815321,18566580.00
2021/11/19,10.32,10.41,10.25,10.26,1356921,14026421.00
2021/11/22,10.13,10.40,10.06,10.33,1663198,17114728.00
2021/11/23,10.33,10.36,10.24,10.30,875440,9019826.00
2021/11/24,10.31,10.32,10.15,10.20,1390600,14227346.00
2021/11/25,10.17,10.27,10.13,10.21,852351,8719685.00
2021/11/26,10.20,10.26,10.16,10.24,875898,8982825.00
2021/11/29,10.18,10.30,10.08,10.26,1203348,12329075.00
2021/11/30,10.28,10.46,10.24,10.32,2215788,22965780.00
2021/12/01,10.32,10.71,10.32,10.59,3237894,34187388.00
2021/12/02,10.64,10.73,10.46,10.58,2223520,23598266.00
2021/12/03,10.54,10.59,10.40,10.57,1089504,11500785.00
2021/12/06,10.56,10.93,10.52,10.68,2573294,27723618.00
2021/12/07,10.64,10.73,10.38,10.62,2089220,22055300.00
2021/12/08,10.76,11.15,10.69,11.13,6914129,76630360.00
2021/12/09,10.95,11.33,10.93,11.16,4698362,52347108.00
2021/12/10,11.08,11.72,11.07,11.72,4589997,53142736.00
2021/12/13,11.84,12.04,11.38,11.53,4704160,54988100.00
2021/12/14,11.63,12.11,11.44,12.11,3518953,41619928.00
2021/12/15,12.06,12.53,11.72,11.81,4019120,48237580.00
2021/12/16,11.69,12.08,11.60,11.67,2880201,33950956.00
2021/12/20,11.77,12.20,10.53,10.89,16778875,190004048.00
2021/12/21,10.89,11.70,10.81,10.99,10750126,119710152.00
2021/12/22,11.12,12.09,10.60,11.57,14755951,170207808.00
2021/12/23,11.38,11.57,10.83,10.85,10683690,118400280.00
2021/12/24,10.85,10.92,10.46,10.46,6506324,69020800.00
2021/12/27,10.43,10.62,10.38,10.49,3336900,35029056.00
2021/12/28,10.49,10.57,10.33,10.45,2985795,31172578.00
2021/12/29,10.46,10.55,10.38,10.47,2883979,30221504.00
2021/12/30,10.46,10.50,10.38,10.39,2993153,31312546.00
2021/12/31,10.45,10.97,10.37,10.48,6724070,71534088.00
2022/01/04,10.44,10.65,10.19,10.55,5687816,59346080.00
2022/01/05,10.58,10.91,10.48,10.56,6638172,70810360.00
2022/01/06,10.49,10.75,10.36,10.56,5004714,52869720.00
2022/01/07,10.48,10.52,9.97,9.99,6797980,69789008.00
2022/01/10,9.95,10.03,9.73,9.89,3201946,31682312.00
2022/01/11,9.90,10.04,9.80,9.85,2857782,28354180.00
2022/01/12,9.87,10.10,9.86,10.06,3512308,35176468.00
2022/01/13,10.09,10.56,9.93,10.20,5855338,60199916.00
2022/01/14,10.20,10.27,9.81,9.83,4810167,48426040.00
2022/01/17,9.87,10.16,9.78,10.03,3908605,39019580.00
2022/01/18,9.99,10.01,9.69,9.76,4088168,40165292.00
2022/01/19,9.73,9.83,9.65,9.79,1932731,18901168.00
2022/01/20,9.79,9.84,8.91,9.54,2626000,25253816.00
2022/01/21,9.54,9.67,9.41,9.57,1714913,16356196.00
2022/01/24,9.55,9.72,9.48,9.48,1442364,13812858.00
2022/01/25,9.48,9.60,8.95,8.98,2690115,24637860.00
2022/01/26,8.99,9.12,8.76,8.81,3625688,32314538.00
2022/01/27,8.84,8.87,8.33,8.43,3384479,29074590.00
2022/01/28,8.68,8.87,8.48,8.73,2785248,24234954.00
2022/02/07,8.86,9.01,8.73,8.88,2303424,20532208.00
2022/02/08,8.88,9.06,8.84,9.02,2433955,21882046.00
2022/02/09,9.03,9.10,8.93,8.97,1901317,17134514.00
2022/02/10,8.97,9.01,8.81,8.95,2019332,17987500.00
2022/02/11,8.90,8.90,8.59,8.60,1990300,17394528.00
2022/02/14,8.61,8.91,8.58,8.81,2212257,19508396.00
2022/02/15,8.80,8.91,8.65,8.70,1371506,12005187.00
2022/02/16,8.75,8.92,8.75,8.89,1689700,14979429.00
2022/02/17,8.89,9.01,8.81,8.85,1728365,15421250.00
2022/02/18,8.85,9.04,8.75,9.00,1775948,15853145.00
2022/02/21,8.99,9.15,8.91,9.13,1609571,14692121.00
2022/02/22,9.14,9.16,9.03,9.07,1669778,15200386.00
2022/02/23,9.11,9.15,9.02,9.12,1521339,13875255.00
2022/02/24,9.12,9.15,8.78,8.87,2489460,22358220.00
2022/02/25,8.96,9.13,8.89,8.89,1690175,15220830.00
2022/02/28,8.95,8.95,8.76,8.86,1653760,14659716.00
2022/03/01,8.94,9.10,8.92,9.04,1910145,17282120.00
2022/03/02,8.98,9.25,8.95,9.20,2434400,22326512.00
2022/03/03,9.26,9.26,9.12,9.18,1356975,12483940.00
2022/03/04,9.14,9.34,9.08,9.16,2352095,21706128.00
2022/03/07,9.15,9.26,9.03,9.18,1920700,17650838.00
2022/03/08,9.18,9.20,8.80,8.83,2024173,18226620.00
2022/03/09,8.83,8.96,8.18,8.54,2624725,22708774.00
2022/03/10,8.62,8.89,8.62,8.75,1880912,16550601.00
2022/03/11,8.75,9.11,8.55,9.11,2756301,24576062.00
2022/03/14,9.03,9.13,8.70,8.70,2670705,23807544.00
2022/03/15,8.65,8.66,8.12,8.14,2392440,20207500.00
2022/03/16,8.33,8.39,7.99,8.31,2243740,18526904.00
2022/03/17,8.45,8.68,8.33,8.47,2410971,20599130.00
2022/03/18,8.54,8.73,8.45,8.68,1875451,16243940.00
2022/03/21,8.68,8.97,8.68,8.93,2057600,18265160.00
2022/03/22,8.93,9.03,8.80,8.99,1799980,16107064.00
2022/03/23,9.00,9.06,8.92,8.97,1532176,13811553.00
2022/03/24,8.97,8.98,8.73,8.75,1995940,17717022.00
2022/03/25,8.75,8.98,8.73,8.89,1742420,15559211.00
2022/03/28,8.88,8.98,8.78,8.98,1242207,11091169.00
2022/03/29,8.96,9.13,8.89,8.94,1982210,17907060.00
2022/03/30,8.93,8.98,8.74,8.82,1786364,15819600.00
2022/03/31,8.82,9.06,8.82,8.89,1562620,13991043.00
2022/04/01,8.89,9.03,8.81,8.91,1922875,17165168.00
2022/04/06,8.88,9.27,8.88,9.12,2394236,21883158.00
2022/04/07,9.08,9.16,8.85,8.85,1839356,16508284.00
2022/04/08,8.87,8.90,8.70,8.74,1787500,15718114.00
2022/04/11,8.83,8.85,8.59,8.73,1811480,15815358.00
2022/04/12,8.65,8.91,8.51,8.91,2724615,23849132.00
2022/04/13,8.98,9.80,8.79,9.23,8765493,81305000.00
2022/04/14,9.20,9.48,9.03,9.31,7783870,72161264.00
2022/04/15,9.19,9.45,9.06,9.10,5023340,46488184.00
2022/04/18,9.08,9.44,9.01,9.44,6423286,59915012.00
2022/04/19,9.58,9.74,9.34,9.62,6845327,65558100.00
2022/04/20,9.44,9.90,9.44,9.78,7989777,77405064.00
2022/04/21,9.69,9.76,9.27,9.30,5542220,52660872.00
2022/04/22,9.31,9.67,9.11,9.19,6000113,56519184.00
2022/04/25,9.06,9.06,8.27,8.36,5540080,48018880.00
2022/04/26,8.34,8.36,7.53,7.56,4593820,36236316.00
2022/04/27,7.30,7.48,7.05,7.39,5377960,39231388.00
2022/04/28,7.34,7.41,7.06,7.15,4135000,29688294.00
2022/04/29,7.18,7.46,7.18,7.43,3673916,27112578.00
2022/05/05,7.42,7.60,7.33,7.55,2654062,19984718.00
2022/05/06,7.37,7.50,7.06,7.41,1978869,14647387.00
2022/05/09,7.40,7.63,7.33,7.56,1697493,12846409.00
2022/05/10,7.48,7.61,7.47,7.59,1663320,12578393.00
2022/05/11,7.60,7.83,7.59,7.64,2596633,20117462.00
2022/05/12,7.62,7.72,7.49,7.69,2362488,18103806.00
2022/05/13,7.73,7.96,7.69,7.90,2766928,21700822.00
2022/05/16,7.91,8.06,7.86,7.91,2035148,16202234.00
2022/05/17,7.89,7.94,7.77,7.89,1899860,14930719.00
2022/05/18,7.90,8.06,7.82,8.00,1418900,11324305.00
2022/05/19,7.86,8.35,7.86,8.18,3153240,25763736.00
2022/05/20,8.18,8.36,8.15,8.24,2236348,18480938.00
2022/05/23,8.20,8.71,8.20,8.41,2773731,23403594.00
2022/05/24,8.38,8.48,8.08,8.17,3192600,26460040.00
2022/05/25,8.37,8.83,7.87,8.41,4503800,38024784.00
2022/05/26,8.41,8.50,8.23,8.45,2728043,22900904.00
2022/05/27,8.52,8.58,8.33,8.38,2212185,18599714.00
2022/05/30,8.48,8.56,8.35,8.51,2130593,18075650.00
2022/05/31,8.56,9.36,8.54,8.97,5479272,48906112.00
2022/06/01,8.93,9.87,8.58,9.87,5597080,53655540.00
2022/06/02,9.95,9.98,9.16,9.37,14379482,135804528.00
2022/06/06,9.35,9.46,9.06,9.23,6734223,62146076.00
2022/06/07,9.09,9.39,8.99,9.14,5217100,47750936.00
2022/06/08,9.12,9.15,8.76,9.04,3977440,35810472.00
2022/06/09,9.08,9.08,8.68,8.74,4340300,38325336.00
2022/06/10,8.68,8.84,8.66,8.76,2636680,23108246.00
2022/06/13,8.69,8.87,8.64,8.77,2431800,21309540.00
2022/06/14,8.66,8.78,8.47,8.71,2144560,18573956.00
2022/06/15,8.72,8.77,8.63,8.63,2255304,19670884.00
2022/06/16,8.60,9.23,8.60,8.95,5693831,50865824.00
2022/06/17,8.94,8.95,8.58,8.70,3755002,32971968.00
2022/06/20,8.70,8.90,8.68,8.86,2782800,24571532.00
2022/06/21,8.96,8.96,8.64,8.76,1732228,15243416.00
2022/06/22,8.81,8.83,8.60,8.60,1384400,12022896.00
2022/06/23,8.63,8.74,8.54,8.71,1573067,13633170.00
2022/06/24,8.78,8.82,8.65,8.76,1332217,11663245.00
2022/06/27,8.74,8.93,8.71,8.82,2084100,18460968.00
2022/06/28,8.87,8.97,8.78,8.92,1917335,17070432.00
2022/06/29,8.85,9.08,8.82,8.85,2811977,25176070.00
2022/06/30,7.96,7.96,7.96,7.96,3033200,24204936.00
2022/07/01,7.61,8.18,7.61,7.99,15102546,118191464.00
2022/07/04,7.19,7.82,7.19,7.41,20275722,150443520.00
2022/07/05,7.49,7.51,7.10,7.18,13366769,97319448.00
2022/07/06,7.08,7.13,6.70,6.71,13875900,94501296.00
2022/07/07,6.68,6.88,6.65,6.81,9360672,63625644.00
2022/07/08,6.82,7.06,6.80,7.03,7963464,55254904.00
2022/07/11,7.03,7.03,6.87,6.99,5076684,35349872.00
2022/07/12,7.02,7.03,6.84,6.98,4290273,29654154.00
2022/07/13,6.94,7.00,6.91,6.97,3826905,26704358.00
2022/07/14,6.96,6.96,6.83,6.86,3613020,24910286.00
2022/07/15,6.68,6.75,6.47,6.50,6995369,46082084.00
2022/07/18,6.54,6.89,6.52,6.87,5833600,39480296.00
2022/07/19,6.87,6.94,6.77,6.93,4412280,30327346.00
2022/07/20,6.95,6.99,6.85,6.95,3018320,20906164.00
2022/07/21,6.95,7.01,6.92,6.97,3221820,22434808.00
2022/07/22,6.99,7.20,6.96,7.14,4880860,34661188.00
2022/07/25,7.16,7.23,7.04,7.18,5307900,37949296.00
2022/07/26,7.18,7.54,7.13,7.44,6972179,51216572.00
2022/07/27,7.44,7.80,7.36,7.63,8018282,60660488.00
2022/07/28,7.70,7.86,7.39,7.43,9793520,73932440.00
2022/07/29,7.50,7.56,7.39,7.42,5248740,39142888.00
2022/08/01,7.41,7.61,7.39,7.51,3978080,29837822.00
2022/08/02,7.55,7.55,7.05,7.08,4418535,31836418.00
2022/08/03,7.20,7.44,7.18,7.27,5303980,38787056.00
2022/08/04,7.35,7.66,7.23,7.59,5329270,40020088.00
2022/08/05,7.70,7.70,7.44,7.59,4071880,30715344.00
2022/08/08,7.67,7.92,7.47,7.87,4931040,38314016.00
2022/08/09,7.95,7.98,7.70,7.85,4732858,37201732.00
2022/08/10,7.90,8.64,7.83,8.64,7161362,60216836.00
2022/08/11,9.05,9.50,9.05,9.50,18898881,177885824.00
2022/08/12,9.97,10.45,9.97,10.45,22191498,228180992.00
2022/08/15,10.95,11.24,9.41,9.41,33014825,328977760.00
2022/08/16,9.71,10.35,9.71,9.93,39247964,397472672.00
2022/08/17,8.99,9.35,8.94,8.94,15256880,137806256.00
2022/08/18,8.50,8.66,8.22,8.56,27431851,232452096.00
2022/08/19,8.55,8.75,8.26,8.28,18299454,154323104.00
2022/08/22,8.28,8.45,8.22,8.40,12831826,107216112.00
2022/08/23,8.19,8.40,7.97,8.30,14427187,118713688.00
2022/08/24,8.20,8.25,7.88,7.92,11446666,91798080.00
2022/08/25,7.97,8.00,7.70,7.86,8021675,62764532.00
2022/08/26,7.85,8.10,7.80,8.04,10213787,81720456.00
2022/08/29,7.76,8.10,7.76,8.05,7220429,57404772.00
2022/08/30,8.00,8.23,8.00,8.12,6922302,56100548.00
2022/08/31,8.10,8.10,7.78,7.84,6597499,52223700.00
2022/09/01,7.84,8.18,7.83,8.02,6844937,54760352.00
2022/09/02,7.94,8.14,7.80,8.13,6747960,53935488.00
2022/09/05,8.13,8.13,7.93,8.02,4123560,32914486.00
2022/09/06,8.03,8.06,7.85,7.97,4056567,32167764.00
2022/09/07,7.97,8.31,7.85,8.09,8211743,66271680.00
2022/09/08,8.01,8.06,7.78,7.84,6999667,55097216.00
2022/09/09,7.83,7.90,7.59,7.68,5409380,41673256.00
2022/09/13,7.68,7.90,7.68,7.83,5197240,40676856.00
2022/09/14,7.73,7.83,7.70,7.79,2883980,22370774.00
2022/09/15,7.90,7.90,7.60,7.69,4114500,31586656.00
2022/09/16,7.69,7.72,7.25,7.31,3902480,29128974.00
2022/09/19,7.35,7.46,7.30,7.44,3372600,24935016.00
2022/09/20,7.45,7.66,7.32,7.60,2991555,22642546.00
2022/09/21,7.66,7.70,7.44,7.64,2385420,18103208.00
2022/09/22,7.59,7.68,7.48,7.49,2565163,19440964.00
2022/09/23,7.57,7.57,7.26,7.29,2282714,16846656.00
2022/09/26,7.28,7.36,7.12,7.16,2174800,15790405.00
2022/09/27,7.19,7.48,7.19,7.46,3489700,25711708.00
2022/09/28,7.48,7.50,7.17,7.25,3100834,22692410.00
2022/09/29,7.31,7.38,7.05,7.18,2923640,20992282.00
2022/09/30,7.25,7.25,7.10,7.12,2070551,14849865.00
2022/10/10,7.09,7.16,6.81,6.89,2193089,15314312.00
2022/10/11,6.86,6.94,6.77,6.89,1800800,12318018.00
2022/10/12,6.89,7.18,6.85,7.16,2363100,16622467.00
2022/10/13,7.21,7.58,7.15,7.45,4131880,30670582.00
2022/10/14,7.45,7.59,7.42,7.46,2911000,21789852.00
2022/10/17,7.47,7.57,7.42,7.52,1894749,14204091.00
2022/10/18,7.59,7.71,7.47,7.65,2851620,21702228.00
2022/10/19,7.65,7.65,7.44,7.47,2601401,19538482.00
2022/10/20,7.47,7.60,7.44,7.54,1868100,14063222.00
2022/10/21,7.49,7.70,7.49,7.56,1736383,13201827.00
2022/10/24,7.60,7.60,7.32,7.35,1821500,13578640.00
2022/10/25,7.39,7.43,7.13,7.24,1955300,14158284.00
2022/10/26,7.26,7.42,7.26,7.39,1519620,11194192.00
2022/10/27,7.44,7.52,7.38,7.45,1573960,11755004.00
2022/10/28,7.39,7.43,7.06,7.16,1946500,14142215.00
2022/10/31,7.13,7.33,7.10,7.24,2276960,16430368.00
2022/11/01,7.24,7.55,7.22,7.55,2904940,21581774.00
2022/11/02,7.59,7.66,7.49,7.56,2911601,22108736.00
2022/11/03,7.49,7.62,7.47,7.56,1870960,14142553.00
2022/11/04,7.56,7.65,7.51,7.60,2353900,17871276.00
2022/11/07,7.51,7.75,7.48,7.65,3527720,26924526.00
2022/11/08,7.64,7.73,7.53,7.66,2597400,19847052.00
2022/11/09,7.63,7.77,7.57,7.71,2766109,21269980.00
2022/11/10,7.65,7.77,7.58,7.72,2258715,17373908.00
2022/11/11,7.80,7.85,7.68,7.72,2845900,22127696.00
2022/11/14,7.72,7.86,7.67,7.80,2832082,22071674.00
2022/11/15,7.79,7.86,7.75,7.81,2383200,18578224.00
2022/11/16,7.81,8.00,7.78,7.91,3826260,30186648.00
2022/11/17,7.95,8.07,7.86,7.97,2354500,18709718.00
2022/11/18,7.97,8.06,7.80,7.87,2741200,21747906.00
2022/11/21,7.84,7.86,7.70,7.77,2739700,21247012.00
2022/11/22,7.80,7.89,7.67,7.72,2335900,18135580.00
2022/11/23,7.65,7.74,7.45,7.63,2395248,18219338.00
2022/11/24,7.69,7.75,7.61,7.69,1600520,12271336.00
2022/11/25,7.68,7.71,7.58,7.61,1872708,14299483.00
2022/11/28,7.61,7.65,7.42,7.59,1900380,14322179.00
2022/11/29,7.65,7.84,7.63,7.72,3085282,23818716.00
2022/11/30,7.83,7.83,7.71,7.73,2156500,16754211.00
2022/12/01,7.83,8.24,7.81,8.11,9791114,78808288.00
2022/12/02,8.02,8.30,7.99,8.21,10234755,83761232.00
2022/12/05,8.25,8.46,8.10,8.13,6647669,54576676.00
2022/12/06,8.09,8.29,8.08,8.11,4347180,35626488.00
2022/12/07,8.19,8.27,8.05,8.20,3810780,31165940.00
2022/12/08,8.24,8.36,8.10,8.25,3269620,26843416.00
2022/12/09,8.21,8.32,8.08,8.30,3866020,31753364.00
2022/12/12,8.30,8.35,8.10,8.20,3157800,25956744.00
2022/12/13,8.20,8.54,8.20,8.30,7345660,61489704.00
2022/12/14,8.21,8.60,8.16,8.54,7650077,64698608.00
2022/12/15,8.53,8.54,8.06,8.14,8222160,67475576.00
2022/12/16,8.02,8.21,8.00,8.20,4505451,36653208.00
2022/12/19,8.10,8.24,7.81,7.98,4225643,33657972.00
2022/12/20,8.08,8.08,7.78,7.80,3040520,23908830.00
2022/12/21,7.78,8.58,7.75,8.58,7353380,62111388.00
2022/12/22,8.82,9.44,8.62,9.44,14768240,135329440.00
2022/12/23,9.46,10.38,9.20,10.38,25564798,254913216.00
2022/12/26,10.99,11.42,10.81,11.42,8423848,94792872.00
2022/12/27,12.56,12.56,12.56,12.56,10207143,128201720.00
2022/12/28,13.50,13.82,13.44,13.82,7490991,102124792.00
2022/12/29,14.89,15.20,14.25,15.20,42824722,642416576.00
2022/12/30,15.20,16.72,14.90,16.72,50443031,796340672.00
2023/01/03,15.70,17.18,15.15,16.98,40390298,650387840.00
2023/01/04,16.75,16.96,15.81,16.60,39866653,651948736.00
2023/01/05,15.56,15.78,14.94,14.94,18550443,280762976.00
2023/01/06,13.88,14.79,13.45,13.95,42305970,583696192.00
2023/01/09,13.40,14.39,13.10,14.35,34226821,470748320.00
2023/01/10,14.00,15.10,13.91,14.72,35899676,524090752.00
2023/01/11,14.64,14.70,13.26,13.93,29674841,417307328.00
2023/01/12,13.93,15.32,13.52,15.00,47322550,701556032.00
2023/01/13,14.18,14.46,13.50,13.50,34982900,480129056.00
2023/01/16,12.20,12.55,12.15,12.15,31817871,388879680.00
2023/01/17,12.03,12.28,11.44,11.70,25267768,296695840.00
2023/01/18,11.60,11.63,10.90,11.03,22429480,250329664.00
2023/01/19,11.01,11.01,10.56,10.56,16776260,180026944.00
2023/01/20,10.64,10.73,10.58,10.66,11774458,125572232.00
2023/01/30,10.75,11.13,10.74,11.08,18708064,205161936.00
2023/01/31,11.08,11.24,10.93,11.11,15696480,173585536.00
2023/02/01,11.10,11.13,10.88,11.13,13826990,152422288.00
2023/02/02,11.14,11.73,10.94,11.57,25908570,294085056.00
2023/02/03,11.57,11.57,11.08,11.18,17348628,195022000.00
2023/02/06,11.01,11.20,10.84,11.13,9840081,108821144.00
2023/02/07,11.13,11.32,11.01,11.22,9767140,109186512.00
2023/02/08,11.26,11.30,11.04,11.05,8539920,95084856.00
2023/02/09,11.00,11.22,10.94,11.11,7434928,82578304.00
2023/02/10,11.12,11.48,11.06,11.40,19251540,217913200.00
2023/02/13,11.29,11.61,11.22,11.59,18866002,216401216.00
2023/02/14,11.55,12.16,11.55,11.98,27832546,329968128.00
2023/02/15,11.83,11.88,11.41,11.65,18206257,211008304.00
2023/02/16,11.55,11.60,10.96,11.04,15272970,172622288.00
2023/02/17,11.14,12.14,11.12,12.14,17854043,213072720.00
2023/02/20,12.34,13.35,12.21,13.35,41604662,538817088.00
2023/02/21,13.45,13.68,12.45,12.59,44852512,578692864.00
2023/02/22,12.65,13.85,12.36,13.85,44815894,587996096.00
2023/02/23,13.59,14.95,13.27,14.18,48382820,693764864.00
2023/02/24,13.77,13.95,12.99,13.08,33519572,446868096.00
2023/02/27,13.23,13.80,12.68,13.47,32752392,433727904.00
2023/02/28,13.07,13.40,12.89,13.18,23900450,313197568.00
2023/03/01,12.92,13.46,12.81,13.40,23174329,305858176.00
2023/03/02,13.46,14.07,12.90,13.60,33006142,446059904.00
2023/03/03,13.20,13.82,13.06,13.37,25656780,346306432.00
2023/03/06,13.20,14.43,12.83,13.91,34716472,475285216.00
2023/03/07,13.70,13.79,13.43,13.60,22538232,306056960.00
2023/03/08,13.33,13.49,13.10,13.15,15200340,200990400.00
2023/03/09,13.15,13.22,12.21,12.35,17270312,217252240.00
2023/03/10,12.25,12.76,12.15,12.28,12381480,153922944.00
2023/03/13,12.26,12.26,11.54,11.80,14801840,174314608.00
2023/03/14,11.70,11.70,11.06,11.08,16651721,187411600.00
2023/03/15,11.05,11.26,10.83,10.89,12280121,135557680.00
2023/03/16,10.84,11.98,10.53,11.98,19459681,214092560.00
2023/03/17,11.93,12.49,11.81,12.10,26812280,326944160.00
2023/03/20,11.68,12.86,11.26,12.08,25177080,297496832.00
2023/03/21,11.80,12.43,11.60,12.08,20769111,250045104.00
2023/03/22,12.06,12.25,11.80,11.94,14714700,175916608.00
2023/03/23,11.82,12.05,11.69,11.70,11411760,134730096.00
2023/03/24,11.70,11.82,11.45,11.45,10767600,125147872.00
2023/03/27,11.46,11.52,11.27,11.30,10085500,114677240.00
2023/03/28,11.30,11.49,11.18,11.35,10272825,116373848.00
2023/03/29,11.33,11.34,10.94,10.94,9560500,105488272.00
2023/03/30,10.84,11.48,10.84,11.38,14765641,165978848.00
2023/03/31,11.40,11.94,11.39,11.50,18198042,212616480.00
2023/04/03,11.43,11.47,11.21,11.42,11561801,130789768.00
2023/04/04,11.57,11.71,11.18,11.20,12186456,139496256.00
2023/04/06,11.20,11.20,10.81,10.87,9429615,103047992.00
2023/04/07,10.83,11.03,10.72,10.92,6275560,68251776.00
2023/04/10,10.92,10.92,10.62,10.62,6938260,74317816.00
2023/04/11,10.54,10.61,10.13,10.25,10511720,107752792.00
2023/04/12,10.25,10.28,9.97,10.08,8689941,87553576.00
2023/04/13,10.06,10.36,9.89,10.30,12935160,130836528.00
2023/04/14,10.10,10.13,9.80,9.80,10312381,102195624.00
2023/04/17,9.72,9.89,9.70,9.83,5369402,52729392.00
2023/04/18,9.84,10.81,9.70,10.81,14861522,154792848.00
2023/04/19,10.82,11.23,10.55,10.91,24259580,263965536.00
2023/04/20,10.69,11.22,10.50,10.96,18674522,203510720.00
2023/04/21,10.78,11.96,10.68,11.35,26544401,304063936.00
2023/04/24,11.28,11.28,10.22,10.23,20150442,209239184.00
2023/04/25,9.91,10.46,9.37,9.50,17819142,174278304.00
2023/04/26,9.53,9.70,9.21,9.46,11743520,111738296.00
2023/04/27,9.26,9.98,9.26,9.56,14095315,135698080.00
2023/04/28,9.63,9.95,9.52,9.85,11395690,111746984.00
2023/05/04,9.87,10.12,9.86,10.05,8379200,83875104.00
2023/05/05,10.08,10.10,9.69,9.88,7611610,75002104.00
2023/05/08,9.89,10.05,9.76,9.80,6143100,60656192.00
2023/05/09,9.72,9.90,9.47,9.48,5845000,56066232.00
2023/05/10,9.51,9.52,9.33,9.41,4447200,41844780.00
2023/05/11,9.38,9.85,9.38,9.80,8636360,83355160.00
2023/05/12,9.80,10.21,9.62,9.65,10048600,98954672.00
2023/05/15,9.65,9.67,9.35,9.60,6731866,63950172.00
2023/05/16,9.57,9.57,9.26,9.31,5399700,50646400.00
2023/05/17,9.26,9.58,9.20,9.55,4915860,46558592.00
2023/05/18,9.56,9.59,9.38,9.52,3764620,35764080.00
2023/05/19,9.54,9.78,9.31,9.67,7316460,70109376.00
2023/05/22,9.53,9.96,9.49,9.95,8940620,87556376.00
2023/05/23,9.85,10.30,9.80,10.07,12684300,127689576.00
2023/05/24,10.02,10.02,9.60,9.66,9520900,92795968.00
2023/05/25,9.67,9.70,9.31,9.49,6477180,61077868.00
2023/05/26,9.47,9.47,9.01,9.11,7995400,73038632.00
2023/05/29,9.08,9.13,8.85,8.94,5871700,52521276.00
2023/05/30,8.90,9.07,8.80,9.07,4752060,42438592.00
2023/05/31,9.09,9.09,8.92,8.94,3180800,28520284.00
2023/06/01,8.97,9.56,8.94,9.42,9698900,90339528.00
2023/06/02,9.37,9.87,9.35,9.59,9479420,90986880.00
2023/06/05,9.48,9.78,9.48,9.70,6622282,64032248.00
2023/06/06,9.70,9.70,9.32,9.34,4323600,40962344.00
2023/06/07,9.36,9.69,9.26,9.58,5368200,51105064.00
2023/06/08,9.52,9.70,9.46,9.67,6224820,59850820.00
2023/06/09,9.63,10.14,9.61,9.68,9784660,95649976.00
2023/06/12,9.62,9.90,9.43,9.87,9685660,93923864.00
2023/06/13,9.90,9.92,9.69,9.74,5233222,51222604.00
2023/06/14,9.77,10.19,9.72,10.08,11118082,111562104.00
2023/06/15,9.98,10.14,9.82,9.90,8019400,79551520.00
2023/06/16,9.90,9.98,9.80,9.82,5212000,51430984.00
2023/06/19,9.83,9.86,9.61,9.64,4623060,44792596.00
2023/06/20,9.64,9.64,9.41,9.42,3418760,32352580.00
2023/06/21,9.39,9.49,9.18,9.19,3463560,32155446.00
2023/06/26,9.20,9.29,8.98,9.05,3096460,28185958.00
2023/06/27,8.99,9.33,8.99,9.29,3394200,31398944.00
2023/06/28,9.30,9.44,9.02,9.40,4519560,41927088.00
2023/06/29,9.37,9.39,9.08,9.10,6547700,60210080.00
2023/06/30,9.10,9.24,9.04,9.20,4901740,45039460.00
2023/07/03,9.20,10.12,9.20,10.12,18983397,190002304.00
2023/07/04,10.20,10.45,10.03,10.18,30798475,314406976.00
2023/07/05,10.20,10.33,10.09,10.19,14905075,151861328.00
2023/07/06,10.20,10.27,10.04,10.06,9250900,93443440.00
2023/07/07,10.11,10.12,9.86,9.88,6698700,66491896.00
2023/07/10,10.00,10.05,9.89,9.99,5405860,53851168.00
2023/07/11,9.98,10.13,9.87,9.94,6843600,68287240.00
2023/07/12,9.95,10.01,9.77,9.85,6018400,59439864.00
2023/07/13,9.79,9.88,9.71,9.85,5074400,49789600.00
2023/07/14,9.80,9.82,9.31,9.63,7579000,72633736.00
2023/07/17,9.60,9.75,9.30,9.71,6416860,61408252.00
2023/07/18,9.71,9.82,9.53,9.73,5013620,48528472.00
2023/07/19,9.64,10.07,9.64,9.89,9415700,92849448.00
2023/07/20,9.96,10.61,9.89,10.12,25997061,265617120.00
2023/07/21,9.98,11.13,9.95,11.13,24747495,264633664.00
2023/07/24,11.33,12.24,10.85,12.24,55997605,641238848.00
2023/07/25,12.01,13.46,12.01,13.46,53102880,676556736.00
2023/07/26,12.75,14.60,12.11,13.36,62014380,809372352.00
2023/07/27,12.24,13.00,12.02,12.02,44332467,553251008.00
2023/07/28,11.56,12.40,11.50,11.82,35863201,430258272.00
2023/07/31,11.62,12.90,11.62,12.63,44969767,555962560.00
2023/08/01,12.50,12.59,12.02,12.06,30766856,376495200.00
2023/08/02,11.98,12.01,11.52,11.71,22549580,264630576.00
2023/08/03,11.80,12.88,11.80,12.88,33624500,416239232.00
2023/08/04,13.18,13.79,12.82,12.87,49445679,654622208.00
2023/08/07,12.87,12.98,12.50,12.55,25814210,326988512.00
2023/08/08,12.67,13.58,12.26,13.14,40536196,526521696.00
2023/08/09,12.59,13.00,12.04,12.31,28655490,358739424.00
2023/08/10,12.33,13.54,11.90,13.54,32367326,415903840.00
2023/08/11,14.08,14.50,13.27,13.27,49863929,693018432.00
2023/08/14,13.27,14.22,13.11,13.60,37500099,511058688.00
2023/08/15,13.11,13.74,12.80,12.99,31018720,407852416.00
2023/08/16,12.81,14.29,12.58,13.60,45362570,620429440.00
2023/08/17,13.00,14.30,12.79,13.82,43569661,587317760.00
2023/08/18,13.41,13.70,13.00,13.01,30887960,410615712.00
2023/08/21,12.52,12.70,12.10,12.10,27150860,335692256.00
2023/08/22,11.92,12.16,11.20,11.59,29619940,341044160.00
2023/08/23,11.60,12.06,11.30,11.30,23787120,278528096.00
2023/08/24,11.33,11.83,11.27,11.63,22407520,258405616.00
2023/08/25,11.40,11.54,10.92,10.94,20871912,232428752.00
2023/08/28,11.40,11.55,10.78,10.81,17910640,199074544.00
2023/08/29,10.68,11.36,10.64,11.20,18369880,202999440.00
2023/08/30,11.20,11.50,11.10,11.36,16057460,181825152.00
2023/08/31,11.20,11.41,11.01,11.28,13168300,147601872.00
2023/09/01,11.53,12.41,11.53,12.41,30119820,364351008.00
2023/09/04,12.01,12.87,12.01,12.56,43852997,546968512.00
2023/09/05,12.45,12.54,12.13,12.20,22538660,276467968.00
2023/09/06,12.20,12.26,11.77,11.86,16001200,190742976.00
2023/09/07,11.96,12.19,11.64,11.67,18442197,218021648.00
2023/09/08,11.70,11.75,11.25,11.42,16322980,186796384.00
2023/09/11,11.36,11.71,11.21,11.55,14751780,169746128.00
2023/09/12,11.57,12.05,11.48,11.74,22057360,260039664.00
2023/09/13,11.59,12.69,11.52,12.02,28542630,345127360.00
2023/09/14,11.82,12.20,11.65,11.80,21251317,251549008.00
2023/09/15,11.80,12.28,11.75,11.91,21017000,252665312.00
2023/09/18,11.81,12.39,11.60,12.27,26070813,316746592.00
2023/09/19,12.11,12.52,12.07,12.22,21955160,270099680.00
2023/09/20,12.11,12.44,11.81,11.82,17585420,211142352.00
2023/09/21,11.55,11.60,10.95,11.00,22668300,252341984.00
2023/09/22,10.72,11.07,10.72,11.00,13225665,144465680.00
2023/09/25,11.00,11.12,10.78,10.93,9035814,98402176.00
2023/09/26,10.88,10.93,10.72,10.81,8273120,89309376.00
2023/09/27,10.84,10.88,10.57,10.58,9883465,105712392.00
2023/09/28,10.55,10.73,10.55,10.66,6182420,65779916.00
2023/10/09,10.61,10.61,10.42,10.50,6927500,72701160.00
2023/10/10,10.60,10.99,10.56,10.74,10907045,117349968.00
2023/10/11,10.73,10.74,10.52,10.61,7165325,75971808.00
2023/10/12,10.60,10.64,10.42,10.46,5918160,62051252.00
2023/10/13,10.49,10.49,10.26,10.30,6908485,71269704.00
2023/10/16,10.34,10.42,10.23,10.31,4885141,50342964.00
2023/10/17,10.25,10.28,10.13,10.21,4582100,46632748.00
2023/10/18,10.15,10.20,9.99,10.01,4722700,47405124.00
2023/10/19,9.99,10.16,9.85,9.94,4237480,42452868.00
2023/10/20,9.87,10.02,9.87,9.93,3736260,37069476.00
2023/10/23,9.90,9.95,9.56,9.62,4605800,44686256.00
2023/10/24,9.72,9.98,9.64,9.95,6093160,60169456.00
2023/10/25,9.96,10.40,9.95,10.20,7378436,75254600.00
2023/10/26,10.09,10.20,9.82,9.95,7736536,76823680.00
2023/10/27,9.83,10.29,9.81,10.23,8090560,81986568.00
2023/10/30,10.25,10.50,10.18,10.46,7602360,78916728.00
2023/10/31,10.38,10.65,10.32,10.47,6465245,67675304.00
2023/11/01,10.88,11.15,10.51,10.60,13881196,148257760.00
2023/11/02,10.58,10.63,10.40,10.40,8986045,94137376.00
2023/11/03,10.47,10.55,10.40,10.46,4691640,49119544.00
2023/11/06,10.47,10.60,10.46,10.58,5419520,57138712.00
2023/11/07,10.55,10.67,10.46,10.64,5088500,53871792.00
2023/11/08,10.61,10.67,10.53,10.61,4249560,45076168.00
2023/11/09,10.57,10.64,10.45,10.50,3870786,40782564.00
2023/11/10,10.48,10.64,10.40,10.63,4624336,48748540.00
2023/11/13,10.64,10.80,10.58,10.80,5003900,53694940.00
2023/11/14,10.80,11.30,10.72,11.08,11212182,123622944.00
2023/11/15,11.19,11.82,11.05,11.73,22456500,260489872.00
2023/11/16,11.58,11.82,11.36,11.64,14711962,171725712.00
2023/11/17,11.66,11.96,11.58,11.75,9208940,108026216.00
2023/11/20,11.76,11.85,11.66,11.77,7362800,86407424.00
2023/11/21,11.78,11.98,11.71,11.76,7445360,88179912.00
2023/11/22,11.70,11.84,11.60,11.60,6796460,79660024.00
2023/11/23,11.54,11.74,11.53,11.65,5717200,66495924.00
2023/11/24,11.61,12.16,11.56,11.79,12780285,151277744.00
2023/11/27,11.74,11.96,11.60,11.70,8922800,104923408.00
2023/11/28,11.66,11.90,11.53,11.71,5907000,69384504.00
2023/11/29,11.62,11.93,11.58,11.76,6295800,74104496.00
2023/11/30,11.65,12.29,11.60,12.05,16372700,196197504.00
2023/12/01,11.97,12.31,11.88,11.99,17130740,207895296.00
2023/12/04,12.00,12.24,11.88,12.20,12585402,151908608.00
2023/12/05,12.08,12.82,12.08,12.12,24490660,303082496.00
2023/12/06,11.98,12.28,11.71,11.95,18250900,219526096.00
2023/12/07,11.87,12.00,11.60,11.91,10668400,125834960.00
2023/12/08,11.98,12.01,11.44,11.49,10960500,127685008.00
2023/12/11,11.49,11.63,11.22,11.54,6611472,75852352.00
2023/12/12,11.55,11.75,11.50,11.70,4681740,54504296.00
2023/12/13,11.66,11.69,11.34,11.37,4492800,51590392.00
2023/12/14,11.38,11.69,11.35,11.38,4628160,53148128.00
2023/12/15,11.47,11.60,11.32,11.60,4931360,56640632.00
2023/12/18,11.56,11.58,11.20,11.27,4737600,53900400.00
2023/12/19,11.27,11.60,11.22,11.54,4808800,54900420.00
2023/12/20,11.58,11.65,11.38,11.41,4088460,46930312.00
2023/12/21,11.32,11.88,11.24,11.88,7968400,92442216.00
2023/12/22,11.88,11.88,10.69,10.77,15122462,168600240.00
2023/12/25,10.55,11.12,10.48,11.03,8997360,98337248.00
2023/12/26,10.99,11.25,10.88,10.92,5503400,60824488.00
2023/12/27,10.93,11.25,10.69,11.18,4585600,50365664.00
2023/12/28,11.18,11.32,10.96,11.14,4580920,51008960.00
2023/12/29,11.02,11.69,11.02,11.58,8813620,100659744.00
2024/01/02,11.58,12.20,11.35,11.47,11318100,131827320.00
2024/01/03,11.37,11.49,11.26,11.36,5087940,57760676.00
2024/01/04,11.38,11.40,11.15,11.23,4149680,46650308.00
2024/01/05,11.20,11.33,10.97,11.06,3426700,38134852.00
2024/01/08,11.12,11.21,10.91,10.93,3174800,35114568.00
2024/01/09,10.93,11.29,10.86,11.15,4233400,47182208.00
2024/01/10,11.11,12.27,10.96,12.27,16994860,198384560.00
2024/01/11,12.66,12.87,12.14,12.19,36679120,455599104.00
2024/01/12,12.18,12.30,11.86,11.86,20220060,243642768.00
2024/01/15,11.86,12.06,11.78,11.78,15809400,188334592.00
2024/01/16,11.78,12.01,11.58,11.86,20452172,240740992.00
2024/01/17,11.70,11.79,11.18,11.20,13840260,158665088.00
2024/01/18,11.08,11.11,10.08,10.44,20063692,206272608.00
2024/01/19,10.33,10.43,10.09,10.09,10642476,108793632.00
2024/01/22,9.98,10.08,9.14,9.21,11997700,114170256.00
2024/01/23,9.15,9.16,8.71,8.96,9727200,86377888.00
2024/01/24,8.99,9.48,8.95,9.30,11129640,102327456.00
2024/01/25,9.30,9.57,9.18,9.53,9069300,85238824.00
2024/01/26,9.50,9.86,9.46,9.72,7904560,76856944.00
2024/01/29,9.71,9.76,9.18,9.24,6785100,63725716.00
2024/01/30,9.18,9.23,8.82,8.87,4999800,44994864.00
2024/01/31,8.81,8.85,7.98,7.98,10069133,83670224.00
2024/02/01,7.69,8.02,7.63,7.80,8579890,67015312.00
2024/02/02,7.81,8.29,7.23,7.51,11593070,90899088.00
2024/02/05,7.38,7.38,6.76,6.76,6511860,44513812.00
2024/02/06,6.35,6.44,6.08,6.12,15878188,97789432.00
2024/02/07,6.14,6.16,5.51,5.51,15122550,84355128.00
2024/02/08,5.10,5.99,4.96,5.87,22510329,119035096.00
2024/02/19,5.70,6.16,5.59,6.12,17801341,106030560.00
2024/02/20,6.20,6.52,5.98,6.37,13180048,82506024.00
2024/02/21,6.38,6.90,6.30,6.76,15719749,105036456.00
2024/02/22,6.71,7.15,6.63,7.14,13442347,92852664.00
2024/02/23,7.19,7.41,7.02,7.39,10904038,78725360.00
2024/02/26,7.48,7.85,7.31,7.62,12054900,91299112.00
2024/02/27,7.62,8.20,7.50,8.02,12412728,98121880.00
2024/02/28,8.06,8.28,7.22,7.22,18485300,142941520.00
2024/02/29,6.97,7.46,6.80,7.41,12615089,91816888.00
2024/03/01,7.40,7.66,7.21,7.38,7747580,57057800.00
2024/03/04,7.42,7.49,7.10,7.33,7096900,51681228.00
2024/03/05,7.34,7.38,7.14,7.17,6221200,44997768.00
2024/03/06,7.17,7.38,7.12,7.34,6732800,48978080.00
2024/03/07,7.35,7.65,7.32,7.62,11216858,84286320.00
2024/03/08,7.55,7.59,7.22,7.36,9449376,69495536.00
2024/03/11,7.49,7.53,7.31,7.48,7909600,58718856.00
2024/03/12,7.47,8.23,7.46,8.23,8357928,66911196.00
2024/03/13,8.26,8.74,8.23,8.25,28260121,239232160.00
2024/03/14,8.16,8.45,7.81,8.03,18184128,147668752.00
2024/03/15,7.99,8.11,7.91,8.03,10453777,83905240.00
2024/03/18,8.01,8.24,8.01,8.20,11127007,90486088.00
2024/03/19,8.20,8.37,8.16,8.30,11003514,91114888.00
2024/03/20,8.26,8.46,8.18,8.42,10097014,84137888.00
2024/03/21,8.37,8.63,8.36,8.56,10857528,92247784.00
2024/03/22,8.48,8.58,8.20,8.29,9163000,76614976.00
2024/03/25,8.21,8.28,7.98,8.01,7953403,64679676.00
2024/03/26,8.05,8.18,7.87,8.13,6677960,53745360.00
2024/03/27,8.16,8.94,8.10,8.94,12343773,108543248.00
2024/03/28,8.94,9.04,8.48,8.85,29852503,260808000.00
2024/03/29,8.68,8.89,8.51,8.65,18857300,162664576.00
2024/04/01,8.57,9.40,8.55,8.88,24648358,219122592.00
2024/04/02,8.79,9.26,8.59,8.98,23335840,207161184.00
2024/04/03,8.83,9.35,8.62,9.13,24430474,219396944.00
2024/04/08,8.93,9.68,8.80,9.49,32642728,305880640.00
2024/04/09,9.25,9.76,9.16,9.72,31520896,299129056.00
2024/04/10,9.52,9.60,8.75,8.75,23029122,213467824.00
2024/04/11,8.31,8.51,7.91,8.15,21900389,179935616.00
2024/04/12,8.03,8.13,7.56,7.64,18210441,142097232.00
2024/04/15,7.51,7.65,6.88,6.96,17939731,127626880.00
2024/04/16,6.88,6.88,6.26,6.26,11467720,73038584.00
2024/04/17,6.25,6.89,6.23,6.84,15835795,106795584.00
2024/04/18,6.80,6.98,6.61,6.83,11343395,77368872.00
2024/04/19,6.77,6.85,6.54,6.59,8128436,54056928.00
2024/04/22,6.57,6.64,6.26,6.40,7029457,45182252.00
2024/04/23,6.31,6.59,6.29,6.51,6861639,44566428.00
2024/04/24,6.63,7.01,6.57,6.92,8935020,60799064.00
2024/04/25,6.86,7.02,6.70,6.87,7507540,51840784.00
2024/04/26,6.91,7.15,6.83,6.93,7851000,54797616.00
2024/04/29,6.96,7.13,6.83,7.12,8241160,58132748.00
2024/04/30,7.12,7.39,6.96,7.11,8946256,63557428.00
2024/05/06,7.15,7.40,7.15,7.40,9682260,70415328.00
2024/05/07,7.40,7.49,7.26,7.32,6400702,46916328.00
2024/05/08,7.32,7.39,7.21,7.30,5864002,42818704.00
2024/05/09,7.28,7.47,7.23,7.40,5304678,39208156.00
2024/05/10,7.43,7.47,7.23,7.25,4488700,32873528.00
2024/05/13,7.20,7.22,6.96,6.99,5767100,40459744.00
2024/05/14,6.98,7.21,6.98,7.20,5299200,37812212.00
2024/05/15,7.20,7.28,7.08,7.13,3578800,25677176.00
2024/05/16,7.13,7.38,7.12,7.30,5554198,40543628.00
2024/05/17,7.38,7.43,7.30,7.42,4554180,33561888.00
2024/05/20,7.43,7.56,7.34,7.40,5288920,39335056.00
2024/05/21,7.40,7.43,7.16,7.22,4925040,35592848.00
2024/05/22,7.02,7.24,6.85,7.16,6094060,43238768.00
2024/05/23,7.13,7.17,6.81,6.84,5803900,40279008.00
2024/05/24,6.85,7.52,6.76,7.52,27505256,203751504.00
2024/05/27,7.25,7.35,6.88,6.90,24197600,169985664.00
2024/05/28,6.90,7.59,6.88,7.59,11279538,84586880.00
2024/05/29,7.81,8.18,7.63,7.66,32498922,257487504.00
2024/05/30,7.55,7.89,7.22,7.33,24504454,184504944.00
2024/05/31,7.15,7.20,7.01,7.08,17074672,120697280.00
2024/06/03,7.04,7.07,6.51,6.59,16940638,112124696.00
2024/06/04,6.27,6.59,6.26,6.57,8998680,58030628.00
2024/06/05,6.64,6.70,6.32,6.32,6992000,45312892.00
2024/06/06,6.32,6.40,5.69,6.02,13260900,79151888.00
2024/06/07,6.02,6.17,5.90,6.14,7061860,42895640.00
2024/06/11,6.13,6.13,5.88,6.07,4429900,26716044.00
2024/06/12,6.06,6.31,6.01,6.28,5996960,37226024.00
2024/06/13,6.28,6.30,6.10,6.17,4498163,27743600.00
2024/06/14,6.20,6.36,6.15,6.25,4682800,29156220.00
2024/06/17,6.14,6.18,6.01,6.08,3947100,24050808.00
2024/06/18,6.10,6.22,6.05,6.19,4140310,25441294.00
2024/06/19,6.19,6.27,6.12,6.24,4445500,27575396.00
2024/06/20,6.20,6.23,6.00,6.03,4271300,25965678.00
2024/06/21,6.10,6.10,5.91,5.99,2897640,17376882.00
2024/06/24,5.86,5.92,5.66,5.71,4665520,26898896.00
2024/06/25,5.70,6.04,5.69,5.93,5769416,33957276.00
2024/06/26,5.90,6.05,5.77,6.04,4913120,29129350.00
2024/06/27,5.99,6.13,5.98,5.99,3311240,20055804.00
2024/06/28,6.01,6.05,5.95,5.95,2874308,17222010.00
2024/07/01,5.95,6.02,5.86,6.02,2164300,12903546.00
2024/07/02,6.10,6.19,5.96,6.15,3885708,23735296.00
2024/07/03,6.14,6.49,6.14,6.24,6730140,42479872.00
2024/07/04,6.11,6.20,5.92,5.92,4815840,29009584.00
2024/07/05,5.92,6.08,5.81,6.06,3374020,20225676.00
2024/07/08,6.03,6.05,5.81,5.84,2865060,16888868.00
2024/07/09,5.80,5.89,5.59,5.86,3681358,21164406.00
2024/07/10,5.69,5.81,5.65,5.70,2625880,15029876.00
2024/07/11,5.90,5.98,5.74,5.95,4120700,24272144.00
2024/07/12,5.98,6.17,5.97,6.11,5579780,34038800.00
2024/07/15,6.00,6.10,5.86,5.90,3293500,19494636.00
2024/07/16,5.94,5.94,5.84,5.88,1617100,9513860.00
2024/07/17,5.91,5.94,5.83,5.86,1770400,10426389.00
2024/07/18,5.82,5.83,5.67,5.80,2371000,13604505.00
2024/07/19,5.79,5.96,5.70,5.85,2265400,13205151.00
2024/07/22,5.85,5.95,5.75,5.92,2624200,15424071.00
2024/07/23,5.91,6.06,5.76,5.78,3529820,20923542.00
2024/07/24,5.76,5.79,5.65,5.71,3037800,17381824.00
2024/07/25,5.71,5.79,5.68,5.77,2503500,14343855.00
2024/07/26,5.76,5.84,5.75,5.79,2033960,11768903.00
2024/07/29,5.83,5.84,5.71,5.81,2051600,11879013.00
2024/07/30,5.81,5.93,5.75,5.93,2407860,14125280.00
2024/07/31,5.91,6.19,5.89,6.15,7981060,48261156.00
2024/08/01,6.48,6.76,6.14,6.22,12924180,81934520.00
2024/08/02,6.15,6.22,6.04,6.05,8818030,53970908.00
2024/08/05,5.90,6.14,5.90,5.92,6955850,41829636.00
2024/08/06,5.95,6.15,5.95,6.15,6770320,41193548.00
2024/08/07,6.10,6.19,6.07,6.10,4196780,25594736.00
2024/08/08,6.04,6.28,6.04,6.25,7661060,47501656.00
2024/08/09,6.25,6.27,6.09,6.13,4778900,29337342.00
2024/08/12,6.11,6.12,5.95,6.02,3931700,23711738.00
2024/08/13,6.07,6.07,5.93,6.04,2630000,15798555.00
2024/08/14,6.08,6.12,6.00,6.07,2633500,15984916.00
2024/08/15,6.07,6.11,5.97,6.11,3105968,18825514.00
2024/08/16,6.13,6.13,5.96,5.99,3506200,21082344.00
2024/08/19,5.92,6.05,5.92,6.00,2509300,15031755.00
2024/08/20,6.05,6.05,5.86,5.87,2561224,15155507.00
2024/08/21,5.90,5.90,5.74,5.76,2606282,15149370.00
2024/08/22,5.92,6.08,5.70,5.70,4593982,26890900.00
2024/08/23,5.57,5.98,5.50,5.86,5433200,30880466.00
2024/08/26,5.77,6.05,5.77,5.87,7257200,43016076.00
2024/08/27,5.77,6.46,5.69,6.15,22755336,142679040.00
2024/08/28,5.95,6.28,5.95,6.18,21689196,132210432.00
2024/08/29,6.07,6.16,5.97,6.01,13499100,81352064.00
2024/08/30,5.95,6.17,5.82,6.15,14609700,87700352.00
2024/09/02,6.08,6.17,5.95,5.96,8818200,53479304.00
2024/09/03,6.03,6.03,5.86,5.90,5902200,34948992.00
2024/09/04,5.86,5.89,5.70,5.73,6660000,38393824.00
2024/09/05,5.73,5.81,5.69,5.79,4128800,23820064.00
2024/09/06,5.79,5.82,5.66,5.68,4523200,25809912.00
2024/09/09,5.67,5.77,5.56,5.75,3591390,20502478.00
2024/09/10,5.75,5.92,5.70,5.79,4010020,23157294.00
2024/09/11,5.76,5.77,5.69,5.70,2445700,13991709.00
2024/09/12,5.73,5.75,5.68,5.68,1871800,10699984.00
2024/09/13,5.68,5.70,5.60,5.60,2195100,12383853.00
2024/09/18,5.61,5.64,5.22,5.40,4480040,24172564.00
2024/09/19,5.48,5.85,5.42,5.73,7959220,45178856.00
2024/09/20,5.68,5.78,5.65,5.72,3913400,22368560.00
2024/09/23,5.73,5.82,5.68,5.79,3723013,21518906.00
2024/09/24,5.82,6.00,5.79,5.99,5817420,34341036.00
2024/09/25,6.07,6.15,5.95,6.06,6406000,38921148.00
2024/09/26,6.05,6.33,5.95,6.26,11303290,70008632.00
2024/09/27,6.60,6.75,6.34,6.48,19597800,127414992.00
2024/09/30,6.55,7.06,6.49,7.01,22487780,152648336.00
2024/10/08,7.69,7.69,6.71,7.20,24725693,177703072.00
2024/10/09,7.01,7.01,6.48,6.48,14563610,95998072.00
2024/10/10,6.47,6.64,6.28,6.54,10872071,70743760.00
2024/10/11,6.54,6.98,6.39,6.62,14516593,96965640.00
2024/10/14,6.45,6.75,6.35,6.65,11608873,75734304.00
2024/10/15,6.57,6.73,6.48,6.50,7533840,49610972.00
2024/10/16,6.40,6.58,6.39,6.51,5751650,37420020.00
2024/10/17,6.51,6.61,6.49,6.52,6123210,40207008.00
2024/10/18,6.52,6.65,6.49,6.63,9332580,61549896.00
2024/10/21,6.63,6.95,6.59,6.77,11124522,74859848.00
2024/10/22,6.65,6.96,6.65,6.84,16547760,112542952.00
2024/10/23,6.81,6.89,6.74,6.85,16255670,110881976.00
2024/10/24,6.79,6.85,6.71,6.76,7173698,48580352.00
2024/10/25,6.71,6.89,6.71,6.83,8785240,60090768.00
2024/10/28,6.91,7.29,6.91,7.28,16208500,115911016.00
2024/10/29,7.42,7.65,7.18,7.23,15088660,110861456.00
2024/10/30,7.19,7.34,7.16,7.28,8942210,64939608.00
2024/10/31,7.28,7.71,7.23,7.43,13192484,97896696.00
2024/11/01,7.38,8.17,7.38,8.17,17817611,142019696.00
2024/11/04,8.53,8.95,8.00,8.12,56233379,472667520.00
2024/11/05,8.00,8.70,8.00,8.35,41495495,346361760.00
2024/11/06,8.25,8.50,8.01,8.33,31211698,256556592.00
2024/11/07,8.40,9.16,8.40,9.16,19815018,176349536.00
2024/11/08,9.53,9.88,8.88,8.91,44085151,406723936.00
2024/11/11,8.67,8.89,8.36,8.89,26392182,226184112.00
2024/11/12,8.75,8.98,8.65,8.70,17464382,153117584.00
2024/11/13,8.69,8.70,8.33,8.57,13063640,111211024.00
2024/11/14,8.58,8.58,8.28,8.30,9810702,82647496.00
2024/11/15,8.16,8.42,8.03,8.04,7703700,63411376.00
2024/11/18,8.19,8.34,7.70,7.81,8622100,68787304.00
2024/11/19,7.92,7.98,7.71,7.95,7752166,60895784.00
2024/11/20,8.05,8.18,7.96,8.18,8792264,71221120.00
2024/11/21,8.18,8.33,8.06,8.13,9058723,73843880.00
2024/11/22,8.10,8.18,7.67,7.72,9246170,73171968.00
2024/11/25,7.73,8.15,7.71,8.13,12526442,100378552.00
2024/11/26,8.06,8.44,8.00,8.38,16738367,138950496.00
2024/11/27,8.30,8.36,7.92,8.26,13622707,110447000.00
2024/11/28,8.27,8.75,8.20,8.54,20907043,177428944.00
2024/11/29,8.59,9.39,8.59,9.39,30183173,274759712.00
2024/12/02,9.80,10.33,9.30,9.60,53813144,523255104.00
2024/12/03,9.35,9.57,9.15,9.23,32854941,305088192.00
2024/12/04,9.24,9.48,8.95,9.07,26340319,243459472.00
2024/12/05,8.93,9.08,8.80,9.05,18673694,167354560.00
2024/12/06,9.10,9.29,9.00,9.14,14225860,129794520.00
2024/12/09,9.09,9.56,9.09,9.35,23115053,216689744.00
2024/12/10,9.81,10.29,9.45,10.29,31823124,313570496.00
2024/12/11,10.10,11.32,9.90,10.53,57600370,616896384.00
2024/12/12,10.06,11.28,9.97,10.88,47811549,504036704.00
2024/12/13,10.50,11.30,10.10,10.40,39434727,411655424.00
2024/12/16,10.17,10.57,9.90,10.11,22054154,225213296.00
2024/12/17,10.00,10.06,9.38,9.53,19707860,189180016.00
2024/12/18,9.48,9.51,9.12,9.29,14183166,131665624.00
2024/12/19,9.24,9.26,8.80,9.06,10996620,98955352.00
2024/12/20,9.18,9.39,9.17,9.25,11056100,102703728.00
2024/12/23,9.15,9.25,8.33,8.33,15491475,134171088.00
2024/12/24,8.28,8.33,7.90,8.15,13081664,105385296.00
2024/12/25,8.10,8.11,7.53,7.91,12639690,98593504.00
2024/12/26,7.88,8.27,7.88,8.03,8524961,68723720.00
2024/12/27,8.03,8.25,7.92,8.11,7918200,64417920.00
2024/12/30,8.10,8.10,7.68,7.88,8378920,65506736.00
2024/12/31,7.94,8.09,7.80,7.83,7806400,62077404.00
2025/01/02,7.75,8.32,7.74,7.89,13551920,109494936.00
2025/01/03,7.90,8.02,7.13,7.20,12727425,94375408.00
2025/01/06,7.12,7.15,6.67,6.92,8520794,59037168.00
2025/01/07,6.92,7.19,6.88,7.19,7189000,50542100.00
2025/01/08,7.24,7.46,7.04,7.32,9308420,67491192.00
2025/01/09,7.36,7.50,7.18,7.42,7649800,56629080.00
2025/01/10,7.34,7.43,7.06,7.09,6120680,44262520.00
2025/01/13,6.99,7.22,6.67,7.17,7239600,50566244.00
2025/01/14,7.29,7.58,7.29,7.58,10726040,80074808.00
2025/01/15,7.62,7.76,7.54,7.62,7311500,55869728.00
2025/01/16,7.51,7.85,7.51,7.76,9613000,74174792.00
2025/01/17,7.65,7.89,7.44,7.61,9846700,74978280.00
2025/01/20,7.64,7.87,7.36,7.73,8563700,65634224.00
2025/01/21,7.85,7.89,7.45,7.54,7890424,59601828.00
2025/01/22,7.54,7.58,7.32,7.36,6182940,45770248.00
2025/01/23,7.47,7.54,7.24,7.28,8069651,59701208.00
2025/01/24,7.34,7.36,7.14,7.26,6345920,45848236.00
2025/01/27,7.42,7.48,7.18,7.20,6373931,46804424.00
2025/02/05,7.29,7.42,7.25,7.32,7343700,53870664.00
2025/02/06,7.29,7.55,7.20,7.53,6745475,50014868.00
2025/02/07,7.57,7.71,7.48,7.57,5892700,44792688.00
2025/02/10,7.66,7.90,7.59,7.90,7104340,55160580.00
2025/02/11,7.97,8.03,7.74,7.81,4924200,38597636.00
2025/02/12,7.82,7.87,7.68,7.80,5274800,40925520.00
2025/02/13,7.85,7.99,7.70,7.85,7311200,57402368.00
2025/02/14,7.80,7.86,7.61,7.66,6106480,47191560.00
2025/02/17,7.66,7.93,7.65,7.86,5949560,46436284.00
2025/02/18,7.86,7.89,7.50,7.50,5697100,43631212.00
2025/02/19,7.51,7.63,7.46,7.62,4617599,34952052.00
2025/02/20,7.62,7.74,7.62,7.66,4927045,37860588.00
2025/02/21,7.68,7.72,7.35,7.49,6844060,51091324.00
2025/02/24,7.61,7.82,7.53,7.66,8232725,63142936.00
2025/02/25,7.55,7.96,7.55,7.79,10117200,78666600.00
2025/02/26,8.05,8.26,7.81,7.93,11969900,95085632.00
2025/02/27,7.92,8.31,7.92,8.14,19099532,154874272.00
2025/02/28,8.10,8.27,7.79,7.82,14260760,114472904.00
2025/03/03,7.85,7.96,7.70,7.78,8325233,65131236.00
2025/03/04,7.70,7.78,7.64,7.77,6997500,53935716.00
2025/03/05,7.82,7.82,7.39,7.51,9057444,67913128.00
2025/03/06,7.52,7.59,7.34,7.54,8291000,62115476.00
2025/03/07,7.54,7.55,7.36,7.38,5247400,39046760.00
2025/03/10,7.38,7.58,7.35,7.50,6053160,45205228.00
2025/03/11,7.42,7.79,7.38,7.76,8396960,63934332.00
2025/03/12,7.80,7.88,7.72,7.73,5792020,45060748.00
2025/03/13,7.72,7.76,7.44,7.60,5176600,39165924.00
2025/03/14,7.80,8.36,7.75,8.36,16144780,130678768.00
2025/03/17,8.43,8.98,8.38,8.61,42642724,365868928.00
2025/03/18,8.40,8.79,8.28,8.63,29867716,254045712.00
2025/03/19,8.60,8.63,8.40,8.54,14677060,124477232.00
2025/03/20,8.57,8.77,8.36,8.36,15577195,132448880.00
2025/03/21,8.34,8.36,8.13,8.18,13086164,107444080.00
2025/03/24,8.18,8.22,7.53,7.64,13440005,105287016.00
2025/03/25,7.80,7.86,7.31,7.54,14183238,106865096.00
2025/03/26,7.34,7.68,7.34,7.52,9835400,74326920.00
2025/03/27,7.52,7.77,7.37,7.53,8668000,65338160.00
2025/03/28,7.48,7.49,7.15,7.16,10225777,74402600.00
2025/03/31,7.05,7.09,6.87,6.99,7430450,51772144.00
2025/04/01,7.00,7.19,7.00,7.09,6218865,44216008.00
2025/04/02,7.12,7.18,7.02,7.05,4478345,31760448.00
2025/04/03,6.95,7.17,6.93,7.12,5481400,38896748.00
2025/04/07,6.85,6.85,6.41,6.41,7956620,51724868.00
2025/04/08,6.05,6.71,6.05,6.67,11895010,77809288.00
2025/04/09,6.58,7.07,6.12,6.96,12332019,81632664.00
2025/04/10,6.88,7.50,6.85,7.23,14154803,101841128.00
2025/04/11,7.20,7.30,7.11,7.18,8795153,63280980.00
2025/04/14,7.18,7.58,7.18,7.44,11042100,81568376.00
2025/04/15,7.42,8.18,7.40,8.18,12626700,101064400.00
2025/04/16,8.20,9.00,8.09,9.00,59010635,511703552.00
2025/04/17,8.91,9.90,8.38,9.90,59493850,545782784.00
2025/04/18,9.31,9.90,8.91,8.91,44494928,407022464.00
2025/04/21,8.02,9.68,8.02,9.40,56557592,506466048.00
2025/04/22,9.18,10.34,9.18,9.78,70157386,696306432.00
2025/04/23,8.80,9.40,8.80,8.80,52741422,468895392.00
2025/04/24,8.50,9.00,8.08,8.81,43076815,364018592.00
2025/04/25,8.45,8.84,8.20,8.20,32222044,273759296.00
2025/04/28,8.00,8.02,7.49,7.51,26870195,204649536.00
2025/04/29,7.60,7.73,7.53,7.64,18895500,144063568.00
2025/04/30,7.73,7.95,7.65,7.82,19163220,150149552.00
2025/05/06,8.00,8.60,8.00,8.60,11802500,100388048.00
2025/05/07,8.60,8.75,8.31,8.48,36339881,310439776.00
2025/05/08,8.48,8.77,8.35,8.70,25452900,219254992.00
2025/05/09,8.62,8.77,8.55,8.62,17569300,152057216.00
2025/05/12,8.62,8.84,8.57,8.83,20243962,176942624.00
2025/05/13,8.84,8.85,8.63,8.67,13966862,121557288.00
2025/05/14,8.75,8.76,8.50,8.65,11930836,102701368.00
2025/05/15,8.65,8.88,8.58,8.79,19607900,172070576.00
2025/05/16,8.69,8.90,8.58,8.87,17212092,151115728.00
2025/05/19,8.80,9.06,8.78,9.04,16403900,147096608.00
2025/05/20,9.14,9.43,9.03,9.19,23524486,216216352.00
2025/05/21,9.29,9.29,8.87,8.90,17048378,153676592.00
2025/05/22,8.85,8.98,8.66,8.71,13161560,115598624.00
2025/05/23,8.72,8.79,8.54,8.55,9193156,79581376.00
2025/05/26,8.69,8.77,8.50,8.73,7656020,66359184.00
2025/05/27,8.75,9.15,8.75,8.97,20709679,186065248.00
2025/05/28,8.86,9.06,8.86,8.98,15539280,139342432.00
2025/05/29,8.91,9.07,8.73,9.01,14234690,127744664.00
2025/05/30,9.11,9.12,8.75,8.85,10235500,90934656.00
2025/06/03,8.64,9.04,8.62,9.01,9061800,80968456.00
2025/06/04,8.95,9.91,8.95,9.65,32093950,304271968.00
2025/06/05,9.51,9.62,9.31,9.35,22416380,212148128.00
2025/06/06,9.49,9.53,9.15,9.23,11666400,107982512.00
2025/06/09,9.30,9.37,9.19,9.30,10251820,95023184.00
2025/06/10,9.28,9.42,9.04,9.21,11580860,106911288.00
2025/06/11,9.21,9.25,9.12,9.16,6383500,58612696.00
2025/06/12,9.12,9.20,8.99,9.08,7733200,70234752.00
2025/06/13,9.25,9.25,8.61,8.70,10453300,91683368.00
2025/06/16,8.67,8.92,8.61,8.84,7957600,70374992.00
2025/06/17,8.87,9.10,8.76,8.84,7935870,70309504.00
2025/06/18,8.77,8.89,8.66,8.69,5649500,49311372.00
2025/06/19,8.71,8.72,8.40,8.41,6817100,58161716.00
2025/06/20,8.41,8.56,8.35,8.41,5273300,44561396.00
2025/06/23,8.41,8.60,8.30,8.58,6742700,57413640.00
2025/06/24,8.69,8.82,8.61,8.81,6724000,58801332.00
2025/06/25,8.95,8.96,8.68,8.80,7309700,64102440.00
2025/06/26,8.80,8.93,8.70,8.86,6560500,57929796.00
2025/06/27,8.85,8.99,8.84,8.90,4813700,42831548.00
2025/06/30,8.90,9.05,8.85,9.01,5967640,53614736.00
2025/07/01,9.06,9.14,8.93,9.10,7000100,63311960.00
2025/07/02,9.11,9.20,9.01,9.16,6550440,59734824.00
2025/07/03,9.15,9.21,9.01,9.12,4928940,44821308.00
2025/07/04,9.14,9.16,8.93,9.03,4972300,44863832.00
2025/07/07,9.03,9.20,8.97,9.20,6574240,60188368.00
2025/07/08,9.24,9.29,9.14,9.16,6905219,63482972.00
2025/07/09,9.17,9.30,9.15,9.18,6188100,56994712.00
2025/07/10,9.20,9.23,9.05,9.12,4592720,41868844.00
2025/07/11,9.10,9.22,8.96,9.08,4675741,42427348.00
2025/07/14,9.06,9.17,9.01,9.13,3966899,36074736.00
2025/07/15,9.10,9.12,8.82,8.95,6577819,58822132.00
2025/07/16,8.96,9.24,8.96,9.18,9278635,84922120.00
2025/07/17,9.18,9.70,9.17,9.31,12904476,120766776.00
2025/07/18,9.43,9.50,9.11,9.19,8800896,80950712.00
2025/07/21,9.17,9.38,9.17,9.36,8226940,76511832.00
2025/07/22,9.36,9.42,9.24,9.33,6485900,60526188.00
2025/07/23,9.34,9.45,9.25,9.35,6779400,63536236.00
2025/07/24,9.35,9.58,9.31,9.50,9481720,90026944.00
2025/07/25,9.47,9.52,9.40,9.48,6187440,58521748.00
2025/07/28,9.49,9.65,9.48,9.59,7072602,67807960.00
2025/07/29,9.87,10.06,9.30,9.34,21697709,208658048.00
2025/07/30,9.24,9.70,9.24,9.62,16886857,160002160.00
2025/07/31,9.57,9.67,9.34,9.36,12438801,118033240.00
2025/08/01,9.34,9.57,9.33,9.47,10602160,100227224.00
2025/08/04,9.47,9.54,9.29,9.52,8586200,81344368.00
2025/08/05,9.52,9.75,9.52,9.70,9056266,87456488.00
2025/08/06,9.80,9.83,9.62,9.66,6826973,66061664.00
2025/08/07,9.66,9.89,9.59,9.81,9713615,94824592.00
2025/08/08,9.80,10.15,9.66,10.05,12683140,125807496.00
2025/08/11,10.09,10.27,9.92,10.12,10655196,107304512.00
2025/08/12,10.13,10.21,9.99,10.03,8141610,81977112.00
2025/08/13,10.12,10.35,9.91,10.00,9470416,95311120.00
2025/08/14,10.00,10.00,9.62,9.64,8799720,86236864.00
2025/08/15,9.65,9.78,9.51,9.55,7751286,74429312.00
2025/08/18,9.58,9.76,9.56,9.60,7352280,70807032.00
2025/08/19,9.63,9.95,9.60,9.93,10706841,105169184.00
2025/08/20,10.02,10.11,9.81,10.01,11057600,110305720.00
2025/08/21,9.99,10.10,9.91,10.06,7001120,70246472.00
2025/08/22,10.05,10.09,9.80,9.91,6897360,68247112.00
2025/08/25,9.92,10.09,9.80,10.03,8149860,81012344.00
2025/08/26,10.07,10.40,9.87,10.17,11952120,121679696.00
2025/08/27,10.13,10.16,9.71,9.72,11469000,113693784.00
2025/08/28,9.75,10.15,9.09,9.56,15509519,148597888.00
2025/08/29,9.59,9.71,9.38,9.43,9129139,86983120.00
2025/09/01,9.50,9.73,9.34,9.59,9624000,92358416.00
2025/09/02,9.60,9.69,9.31,9.55,8429000,79697816.00
2025/09/03,9.58,9.62,9.02,9.07,8177520,75954512.00
2025/09/04,9.15,9.59,9.09,9.41,13755965,129315648.00
2025/09/05,9.35,9.46,9.08,9.45,10109500,94159568.00
2025/09/08,9.53,9.72,9.43,9.63,8440600,80892984.00
2025/09/09,9.64,9.75,9.54,9.64,7601440,73340504.00
2025/09/10,9.64,9.79,9.55,9.77,6965400,67665264.00
2025/09/11,9.75,9.78,9.52,9.76,6787600,65432672.00
2025/09/12,9.74,9.81,9.57,9.59,6057460,58498224.00
2025/09/15,9.60,9.70,9.47,9.50,6295060,60053660.00
2025/09/16,9.58,9.67,9.45,9.65,6423900,61561532.00
2025/09/17,9.66,9.66,9.45,9.48,5913799,56293184.00
2025/09/18,9.51,9.54,9.14,9.21,8361700,77721528.00
2025/09/19,9.21,9.68,8.97,9.15,10467980,96412248.00
2025/09/22,8.85,9.05,8.75,8.81,10579140,93398208.00
2025/09/23,8.77,8.79,8.41,8.64,10774794,92230856.00
2025/09/24,8.65,8.94,8.52,8.92,9722920,85997512.00
2025/09/25,8.91,9.01,8.75,8.82,6848194,60772300.00
2025/09/26,8.87,9.06,8.70,8.99,6995100,62658576.00
2025/09/29,9.00,9.15,8.78,9.13,6734300,60874184.00
2025/09/30,9.18,9.28,9.09,9.24,5651900,52003048.00
2025/10/09,9.26,9.34,9.13,9.31,6502994,60182760.00
2025/10/10,9.31,9.75,9.27,9.65,10462522,100424984.00
2025/10/13,9.37,9.68,9.20,9.57,9156520,87399176.00
2025/10/14,9.58,9.67,9.51,9.65,6967280,66805416.00
2025/10/15,9.65,9.89,9.52,9.77,7125340,69579936.00
2025/10/16,9.77,9.86,9.53,9.68,5734400,55866592.00
2025/10/17,9.70,9.83,9.53,9.60,6092620,59235424.00
2025/10/20,9.77,9.80,9.65,9.80,4964420,48346200.00
2025/10/21,9.80,9.99,9.74,9.97,5761261,56988248.00
2025/10/22,10.13,10.15,9.98,10.00,5286400,53032332.00
2025/10/23,9.95,10.08,9.90,10.05,6459300,64514620.00
2025/10/24,10.10,10.15,9.90,9.96,4720080,47195592.00
2025/10/27,9.91,9.95,9.57,9.62,8530472,82600776.00
2025/10/28,9.62,9.68,9.32,9.48,9770600,92653568.00
2025/10/29,9.48,9.48,9.11,9.28,8449845,78056072.00
2025/10/30,9.30,9.34,9.16,9.22,6165760,56934924.00
2025/10/31,9.23,9.31,9.13,9.25,7087220,65547212.00
2025/11/03,9.39,9.43,9.20,9.37,7029600,65765992.00
2025/11/04,9.38,9.51,9.27,9.49,6873400,64658268.00
2025/11/05,9.49,9.70,9.44,9.67,9265866,89212160.00
2025/11/06,9.69,9.70,9.45,9.59,6469200,61789052.00
2025/11/07,9.59,9.71,9.57,9.69,5843200,56367728.00
2025/11/10,9.85,10.01,9.71,9.92,10064980,99492576.00
2025/11/11,9.90,10.24,9.81,10.21,9707540,97700976.00
2025/11/12,10.13,10.26,9.97,10.08,8102700,81615168.00
2025/11/13,10.18,10.19,9.92,10.12,5800866,58243120.00
2025/11/14,10.06,10.39,10.06,10.23,7006360,71763992.00
2025/11/17,10.43,10.47,10.15,10.32,5563360,57168012.00
2025/11/18,10.35,10.37,9.87,10.05,8255981,82533592.00
2025/11/19,10.06,10.11,9.62,9.74,8319200,81600888.00
2025/11/20,9.73,9.78,9.40,9.50,8269366,78959680.00
2025/11/21,9.41,9.64,8.71,8.71,14061360,126597760.00
2025/11/24,8.84,9.05,8.78,9.00,11588527,103403784.00
2025/11/25,9.09,9.54,8.98,9.39,11532430,107822208.00
2025/11/26,9.43,9.62,9.22,9.27,9888960,93111240.00
2025/11/27,9.29,9.49,9.16,9.43,7416920,69351840.00
2025/11/28,9.45,9.70,9.29,9.69,7420041,70851552.00
2025/12/01,9.69,9.91,9.60,9.66,7633481,74548912.00
2025/12/02,9.66,9.71,9.33,9.60,7998042,76065856.00
2025/12/03,9.69,9.70,9.35,9.42,7100866,67241960.00
2025/12/04,9.41,9.48,9.11,9.15,7322800,67560648.00
2025/12/05,9.15,9.45,9.00,9.42,8354680,77748024.00
2025/12/08,9.50,9.68,9.43,9.62,7016493,67269080.00
2025/12/09,9.62,9.79,9.45,9.63,7829260,75442320.00
2025/12/10,9.68,9.70,9.20,9.23,8562638,80477072.00
2025/12/11,9.27,9.29,8.63,8.66,14550242,128296904.00
2025/12/12,8.65,8.65,8.26,8.30,13833780,117026752.00
2025/12/15,8.30,8.77,8.24,8.71,18498680,158278416.00
2025/12/16,8.64,8.88,8.60,8.60,13019880,113645088.00
2025/12/17,8.60,8.84,8.42,8.75,13095200,113130640.00
2025/12/18,8.71,9.04,8.64,8.86,12300599,109652776.00
2025/12/19,8.94,9.25,8.75,9.21,11773940,106595320.00
2025/12/22,9.21,9.22,9.03,9.10,11145500,101483536.00
2025/12/23,9.14,9.17,8.68,8.84,10685545,94747912.00
2025/12/24,8.84,8.85,8.71,8.76,6978240,61343088.00
2025/12/25,8.79,8.87,8.70,8.83,7469719,65543348.00
2025/12/26,8.79,8.86,8.70,8.74,6382500,56035272.00
2025/12/29,8.74,8.81,8.59,8.73,5828600,50544540.00
2025/12/30,8.70,8.70,8.48,8.57,6034300,51732356.00
2025/12/31,8.57,8.60,8.36,8.54,7213400,61237300.00
2026/01/05,8.53,8.64,8.45,8.48,8389033,71810152.00
2026/01/06,8.49,8.71,8.46,8.53,9046340,77527760.00
2026/01/07,8.53,8.57,8.32,8.37,8028000,67576608.00
2026/01/08,8.34,8.59,8.31,8.57,9011786,76418336.00
2026/01/09,8.58,8.68,8.49,8.67,7772200,66909256.00
2026/01/12,8.73,8.84,8.71,8.82,7030400,61711232.00
2026/01/13,8.84,8.88,8.74,8.75,8001505,70425048.00
2026/01/14,8.75,8.88,8.56,8.76,6950760,60899096.00
2026/01/15,8.76,8.78,8.62,8.75,4775520,41557328.00
2026/01/16,8.77,8.80,8.54,8.60,5374022,46340160.00
2026/01/19,8.60,8.83,8.49,8.81,7544362,65949912.00
2026/01/20,8.81,8.98,8.78,8.88,6800160,60361780.00
2026/01/21,8.85,9.00,8.73,8.98,5879780,52403236.00
2026/01/22,9.00,9.18,8.92,9.15,5840020,53173232.00
2026/01/23,9.19,9.22,9.07,9.21,5719140,52383252.00
2026/01/26,9.22,9.29,8.93,9.15,7023899,63803524.00
2026/01/27,9.15,9.19,8.77,9.08,9203360,82355232.00
2026/01/28,8.89,9.04,8.76,8.78,9208180,81668664.00
2026/01/29,8.77,8.91,8.59,8.67,7896360,68960120.00
2026/01/30,8.62,8.84,8.57,8.78,9473640,82612560.00
2026/02/02,8.96,9.48,8.78,9.14,19091811,175886592.00
2026/02/03,9.30,9.68,9.22,9.45,16339202,154120496.00
2026/02/04,9.46,9.61,9.35,9.54,10465399,99709160.00
2026/02/05,9.45,9.84,9.45,9.57,8627259,83192968.00
2026/02/06,9.54,9.79,9.53,9.68,6789800,65625652.00
2026/02/09,9.72,9.89,9.68,9.82,8587280,84172392.00
2026/02/10,9.82,9.89,9.71,9.80,7086737,69527528.00
2026/02/11,9.80,9.83,9.58,9.72,6285640,61189384.00
2026/02/12,9.75,9.75,9.45,9.47,6623860,63377492.00
2026/02/13,9.50,9.64,9.39,9.44,6502400,61650856.00
2026/02/24,9.46,9.72,9.46,9.70,6556700,62961352.00
2026/02/25,9.70,9.86,9.67,9.81,5746240,56206168.00
2026/02/26,9.90,9.97,9.61,9.81,5879820,57718104.00
2026/02/27,9.81,9.82,9.58,9.69,4706630,45604756.00
2026/03/02,9.38,9.73,9.16,9.25,8280360,77305000.00
2026/03/03,9.41,9.44,9.00,9.05,8230480,75964008.00
2026/03/04,9.00,9.15,8.81,8.97,6764520,60850252.00
2026/03/05,9.13,9.80,9.13,9.35,8215456,76729408.00
2026/03/06,9.34,9.64,9.30,9.58,7508802,71648520.00
2026/03/09,9.53,9.64,9.31,9.47,5869903,55599992.00
2026/03/10,9.60,9.89,9.56,9.86,5202326,50690680.00
2026/03/11,9.89,9.95,9.61,9.64,5365400,52236992.00
2026/03/12,9.67,9.69,9.30,9.36,6081812,57556656.00
2026/03/13,9.35,9.64,9.20,9.42,6589400,62311568.00
2026/03/16,9.25,9.68,9.25,9.49,5927601,56198672.00
2026/03/17,9.51,9.73,9.48,9.61,7763851,74741416.00
2026/03/18,9.26,9.83,9.26,9.80,9222362,88621744.00
2026/03/19,9.73,9.75,9.19,9.26,11631685,110195768.00
2026/03/20,9.30,9.40,8.75,8.80,10657500,95892480.00
2026/03/23,8.65,8.77,8.09,8.24,14666499,123623232.00
2026/03/24,8.36,8.92,8.24,8.92,10812700,92716672.00
2026/03/25,8.92,9.34,8.90,9.25,9817000,90201072.00
2026/03/26,9.26,9.67,9.04,9.11,8810859,81356448.00
2026/03/27,9.00,9.30,8.91,9.17,6203500,56805260.00
2026/03/30,8.97,9.31,8.93,9.26,5352300,49176240.00
2026/03/31,9.32,9.44,8.95,8.98,6561600,60170744.00
2026/04/01,9.19,9.24,8.82,8.94,7489602,67308784.00
2026/04/02,8.95,8.95,8.38,8.52,9194700,79480616.00
2026/04/03,8.56,8.56,8.02,8.11,9917720,81090488.00
2026/04/07,8.03,8.48,7.99,8.43,9827900,81686512.00
2026/04/08,8.62,8.95,8.61,8.89,8811720,77621488.00
2026/04/09,8.83,8.88,8.59,8.65,6314700,54977976.00
2026/04/10,8.73,8.80,8.51,8.60,5425600,46926220.00
2026/04/13,8.55,8.69,8.44,8.56,5627200,48065464.00
2026/04/14,8.72,8.72,8.39,8.55,5473500,46679328.00
2026/04/15,8.55,8.58,8.37,8.39,4444700,37551408.00
2026/04/16,8.39,8.57,8.31,8.53,5017560,42455616.00
2026/04/17,8.60,8.60,8.29,8.35,5113000,42943512.00
2026/04/20,8.35,8.39,8.21,8.36,4739000,39456488.00
2026/04/21,8.36,8.41,8.22,8.28,5311500,44092444.00
2026/04/22,8.27,8.31,8.15,8.22,3861400,31748604.00
2026/04/23,8.22,8.26,8.10,8.12,5553516,45346120.00
2026/04/24,8.08,8.20,8.00,8.13,7017200,56763672.00
2026/04/27,8.20,8.50,8.03,8.47,9510361,78592304.00
2026/04/29,8.05,8.05,8.05,8.05,535300,4309165.00
2026/04/30,7.65,7.73,7.65,7.66,52978274,405428704.00
2026/05/06,7.90,7.90,7.43,7.59,35994476,276074240.00
2026/05/07,7.59,7.64,7.46,7.50,17437309,131846984.00
2026/05/08,7.60,7.79,7.52,7.65,16801091,128868848.00
2026/05/11,7.90,8.03,7.80,7.83,23201610,184577360.00
2026/05/12,7.80,7.94,7.71,7.77,17218600,134418672.00
2026/05/13,7.75,8.06,7.68,7.91,14006740,110170912.00
2026/05/14,7.96,8.31,7.91,8.09,21078980,172934048.00
2026/05/15,8.08,8.35,8.06,8.21,13548582,110660840.00
2026/05/18,8.32,8.35,7.86,7.94,13054520,104776568.00
2026/05/19,7.94,8.13,7.94,8.11,8146985,65581784.00
2026/05/20,8.04,8.13,7.70,7.74,13182711,103638648.00
2026/05/21,7.70,7.73,7.38,7.45,10411000,78985104.00
2026/05/22,7.47,7.61,7.47,7.50,5862100,44072024.00
2026/05/25,7.48,7.55,7.36,7.55,6867740,51090016.00
2026/05/26,7.50,7.65,7.37,7.54,6661260,49935272.00
2026/05/27,7.52,7.52,7.28,7.38,4867880,35790108.00
2026/05/28,7.39,7.66,7.34,7.62,6743600,50894412.00
2026/05/29,7.55,7.78,7.41,7.50,7392111,56017060.00
2026/06/01,7.51,7.88,7.40,7.85,8928500,68839512.00
2026/06/02,7.81,7.90,7.64,7.75,7871300,60843340.00
2026/06/03,7.68,7.84,7.49,7.55,6410419,48901584.00
2026/06/04,7.50,7.50,7.22,7.34,5161500,37948844.00
2026/06/05,7.29,7.39,7.15,7.35,4451100,32341802.00
2026/06/08,7.15,7.29,7.02,7.15,3485200,24946544.00
2026/06/09,7.20,7.38,7.08,7.30,4693460,34052280.00
2026/06/10,7.21,7.25,6.94,7.04,7346500,51528520.00
2026/06/11,6.99,7.21,6.82,7.13,4046760,28319778.00
2026/06/12,7.12,7.26,7.10,7.21,2980680,21407210.00
2026/06/15,7.17,7.35,7.17,7.29,2970920,21569468.00
2026/06/16,7.25,7.35,7.08,7.35,2969560,21436442.00
2026/06/17,7.35,7.35,7.03,7.15,3080400,22120580.00
2026/06/18,7.06,7.12,6.79,6.91,4754520,32910134.00
2026/06/22,6.80,6.80,6.56,6.56,6542500,43063832.00
2026/06/23,6.51,6.82,6.48,6.69,6022920,40253856.00
2026/06/24,6.65,6.68,6.36,6.36,3922800,25266290.00
2026/06/25,6.13,6.20,6.04,6.04,4077080,24729740.00
2026/06/26,5.78,6.07,5.74,5.81,7632300,44619200.00
2026/06/29,5.86,5.91,5.52,5.60,7386559,41365516.00
2026/06/30,5.58,5.82,5.54,5.71,8385400,47689520.00
2026/07/01,5.72,6.00,5.72,6.00,4299100,25527724.00
2026/07/02,6.26,6.30,6.15,6.20,9552316,59783680.00
2026/07/03,6.20,6.39,6.14,6.26,5536659,34623800.00
2026/07/06,6.26,6.42,6.07,6.10,5360200,33493480.00
2026/07/07,6.04,6.10,5.49,5.49,10465731,58676488.00
2026/07/08,5.32,5.64,5.21,5.59,8305600,45233032.00
2026/07/09,5.55,5.74,5.46,5.56,6767100,37651304.00
2026/07/10,5.48,5.95,5.36,5.83,7717680,43937264.00
2026/07/13,5.77,5.88,5.57,5.65,5405560,31039704.00
2026/07/14,5.75,5.95,5.72,5.84,6280460,36670704.00
2026/07/15,5.88,6.18,5.75,6.00,5551400,33413192.00
2026/07/16,5.94,6.16,5.78,6.03,3985900,23891740.00
2026/07/17,6.02,6.10,5.59,5.68,5487700,31846698.00
2026/07/20,5.72,5.80,5.11,5.15,7940400,42757548.00
2026/07/21,5.17,5.24,4.71,5.04,6719400,33380008.00
2026/07/22,5.07,5.25,4.97,5.08,4369720,22212894.00
2026/07/23,5.10,5.51,5.03,5.48,6546801,34937848.00
2026/07/24,5.41,5.67,5.41,5.62,5138400,28509068.00
2026/07/27,5.63,5.79,5.56,5.76,4713000,26904264.00
2026/07/28,5.69,5.79,5.56,5.61,5510100,31312936.00
2026/07/29,5.57,5.86,5.57,5.73,5568701,31863576.00
2026/07/30,5.73,5.98,5.64,5.91,7566401,44162956.00
2026/07/31,5.81,6.10,5.66,6.06,5664900,33689528.00
2026/08/03,6.06,6.18,5.95,6.13,4152900,25256300.00
2026/08/04,6.08,6.12,5.85,5.89,5929900,35380384.00
2026/08/05,5.88,5.91,5.80,5.88,4139300,24245256.00
2026/08/06,5.86,5.98,5.85,5.95,2659000,15751268.00
2026/08/07,6.04,6.11,5.70,5.86,3695209,21758026.00
2026/08/10,5.82,6.06,5.76,6.06,4116260,24494762.00
2026/08/11,6.07,6.12,5.96,6.07,3506200,21243408.00
2026/08/12,6.06,6.27,6.02,6.24,2950000,18205452.00
2026/08/13,6.24,6.33,6.11,6.11,3762900,23410592.00
2026/08/14,6.13,6.22,6.05,6.16,2327600,14290640.00
2026/08/17,6.19,6.20,6.00,6.11,2319982,14111334.00
2026/08/18,6.06,6.11,6.00,6.05,1746100,10526977.00
2026/08/19,6.00,6.04,5.85,5.91,3495282,20783358.00
2026/08/20,5.90,6.06,5.90,6.05,1981300,11874025.00
2026/08/21,6.05,6.26,5.94,6.24,4328760,26582632.00
2026/08/24,6.18,6.24,5.97,6.01,3313400,20166232.00
2026/08/25,5.99,6.16,5.96,6.15,2423760,14799949.00
2026/08/26,6.16,6.77,6.16,6.77,5338500,34933244.00
2026/08/27,6.70,6.73,6.50,6.56,5562799,36690784.00
2026/08/28,6.55,6.65,6.46,6.61,3978100,26093058.00
2026/08/31,6.55,6.99,6.53,6.80,5561100,37812148.00
2026/09/01,6.73,7.12,6.73,6.91,6384440,44426996.00
2026/09/02,6.88,6.90,6.70,6.77,4097400,27747388.00
2026/09/03,6.80,6.95,6.74,6.80,5804500,39736076.00
2026/09/04,6.80,7.01,6.77,6.93,3129789,21709050.00
2026/09/07,6.90,7.10,6.86,6.99,2621601,18359750.00
2026/09/08,7.00,7.06,6.90,6.99,3676900,25708508.00
2026/09/09,6.99,7.04,6.77,6.82,3311400,22704214.00
2026/09/10,6.79,6.85,6.60,6.80,3025100,20330882.00
2026/09/11,6.80,6.80,6.60,6.66,3169600,21147050.00
2026/09/14,6.61,6.64,6.48,6.49,3881601,25438334.00
#数据来源:通达信
