001296 长江材料 日线 前复权
      日期	    开盘	    最高	    最低	    收盘	    成交量	    成交额
2021/12/24,15.47,18.85,15.47,18.85,566100,20734610.00
2021/12/27,20.87,20.87,20.87,20.87,84538,3422943.50
2021/12/28,23.10,23.10,23.10,23.10,59496,2649951.75
2021/12/29,25.54,25.54,25.54,25.54,215423,10553573.00
2021/12/30,28.23,28.23,26.92,28.23,6323474,338764096.00
2021/12/31,31.19,31.19,30.10,31.19,3507647,207362000.00
2022/01/04,27.96,27.96,27.94,27.94,2198600,117325576.00
2022/01/05,25.01,27.23,25.01,25.01,10747871,528279872.00
2022/01/06,23.46,23.68,22.43,22.50,8615756,382274592.00
2022/01/07,22.47,24.89,21.61,24.89,10289718,457767968.00
2022/01/10,23.35,26.21,23.22,24.11,9116394,432202592.00
2022/01/11,22.94,23.29,21.92,21.97,6795467,295461216.00
2022/01/12,22.25,23.01,21.84,22.52,5391505,232969808.00
2022/01/13,22.11,22.71,22.08,22.10,3890827,168050368.00
2022/01/14,21.63,21.74,21.04,21.08,4818363,198900352.00
2022/01/17,20.65,21.07,20.37,20.82,2904912,117023968.00
2022/01/18,20.88,21.07,20.38,20.52,2992319,119913480.00
2022/01/19,20.44,21.04,20.38,20.56,2768086,111316448.00
2022/01/20,20.40,20.60,19.22,19.33,4012988,154464016.00
2022/01/21,19.06,19.28,18.37,18.40,3055672,111957176.00
2022/01/24,18.13,18.67,18.13,18.36,1624234,58498520.00
2022/01/25,18.21,19.13,17.62,18.60,3841310,138692032.00
2022/01/26,18.39,18.61,17.47,17.56,2885881,101188216.00
2022/01/27,17.52,17.86,16.72,16.73,2571521,87017400.00
2022/01/28,16.86,17.19,16.74,16.93,1799755,60123152.00
2022/02/07,17.70,18.75,17.55,18.75,2243609,79713000.00
2022/02/08,19.58,20.41,18.73,19.39,6535233,248920560.00
2022/02/09,19.07,20.04,18.46,19.46,4958199,184193616.00
2022/02/10,19.24,19.28,18.75,19.18,3384703,125874352.00
2022/02/11,18.93,19.50,18.78,19.39,3367551,126009696.00
2022/02/14,19.44,21.46,19.01,20.57,7702379,307519552.00
2022/02/15,20.35,20.35,18.79,19.01,5159461,194483184.00
2022/02/16,18.84,19.78,18.84,19.46,3561038,134008472.00
2022/02/17,19.32,20.02,19.17,19.31,3251379,123734128.00
2022/02/18,19.01,19.72,18.40,19.60,2742894,103220816.00
2022/02/21,19.61,19.84,19.30,19.80,2314898,88556720.00
2022/02/22,19.55,19.78,19.18,19.35,2061947,78158224.00
2022/02/23,19.22,19.58,19.22,19.50,1602840,60629296.00
2022/02/24,19.23,19.71,17.85,18.23,3207204,117165560.00
2022/02/25,18.28,19.12,18.28,18.88,2133560,78489576.00
2022/02/28,18.79,18.95,18.43,18.63,1168616,42576984.00
2022/03/01,18.63,19.02,18.41,18.53,1264964,46124908.00
2022/03/02,18.52,18.69,18.21,18.43,1473083,53070944.00
2022/03/03,18.46,20.40,18.46,19.19,4289030,161508800.00
2022/03/04,19.45,19.99,18.79,19.60,5110033,192895584.00
2022/03/07,19.46,20.67,19.15,20.07,6704750,260902448.00
2022/03/08,19.97,22.22,19.12,22.22,8522872,352742656.00
2022/03/09,23.39,24.57,22.93,24.57,11815049,551294080.00
2022/03/10,26.10,27.14,21.98,21.98,13246141,611968000.00
2022/03/11,19.79,20.54,19.68,19.90,8898339,346903328.00
2022/03/14,19.36,19.49,18.12,18.13,6180492,226259520.00
2022/03/15,17.66,18.20,16.81,16.81,4602769,158851968.00
2022/03/16,16.99,17.33,16.48,17.27,4195338,139730000.00
2022/03/17,17.35,17.94,17.15,17.64,4423567,152507264.00
2022/03/18,17.51,18.13,17.04,17.90,3534980,123169168.00
2022/03/21,17.88,18.29,17.59,18.11,3484191,122750640.00
2022/03/22,18.13,18.13,17.72,17.98,2900153,101534264.00
2022/03/23,17.84,17.99,17.69,17.72,2166709,75700776.00
2022/03/24,17.53,18.10,17.30,17.88,2917906,101179656.00
2022/03/25,17.84,18.12,17.47,17.96,3109668,108463376.00
2022/03/28,17.72,18.11,17.60,17.93,1844730,64607448.00
2022/03/29,17.86,18.02,17.52,17.54,1870846,65068152.00
2022/03/30,17.54,17.78,17.49,17.69,1525560,52835780.00
2022/03/31,17.63,17.68,17.23,17.23,1989905,68147176.00
2022/04/01,17.05,17.24,16.92,16.92,1449768,48537676.00
2022/04/06,16.93,17.29,16.68,17.24,1174920,39396568.00
2022/04/07,17.21,17.85,16.99,17.35,1795683,61829908.00
2022/04/08,17.21,17.80,17.14,17.61,1727013,59364676.00
2022/04/11,17.44,18.57,17.15,18.03,3336481,117416392.00
2022/04/12,17.96,18.39,17.58,18.29,3189971,112960832.00
2022/04/13,18.29,18.67,17.47,17.51,3272247,116138176.00
2022/04/14,17.25,17.68,17.08,17.45,2138032,72886072.00
2022/04/15,17.36,17.36,16.22,16.52,2280117,75891096.00
2022/04/18,16.47,16.47,15.66,15.89,1661928,52582416.00
2022/04/19,15.75,16.18,15.75,15.99,1211735,38247092.00
2022/04/20,15.99,16.75,15.83,16.14,1454168,46368224.00
2022/04/21,15.77,16.01,14.39,14.39,2407028,72242136.00
2022/04/22,13.85,14.83,13.47,14.58,2469038,70260248.00
2022/04/25,14.38,15.55,13.90,13.95,2658439,77597632.00
2022/04/26,13.75,14.25,12.74,12.88,2384488,64308380.00
2022/04/27,12.88,13.43,12.55,13.36,1843210,48269992.00
2022/04/28,13.12,13.36,12.78,12.91,1382906,36348188.00
2022/04/29,12.94,14.34,12.94,14.34,2218625,60829752.00
2022/05/05,14.00,15.13,13.97,14.28,3264449,94169536.00
2022/05/06,14.05,14.32,13.74,14.10,1662671,46649476.00
2022/05/09,14.09,14.72,13.92,14.56,1624052,46827028.00
2022/05/10,14.39,15.10,14.34,14.89,1742308,51269356.00
2022/05/11,14.87,15.13,14.56,14.61,2085050,61724160.00
2022/05/12,14.44,15.03,14.44,14.69,1251876,36771560.00
2022/05/13,14.75,15.22,14.72,15.02,1415984,42151528.00
2022/05/16,15.03,15.33,15.01,15.27,1110140,33481884.00
2022/05/17,15.27,15.36,14.56,15.16,865116,26007330.00
2022/05/18,15.16,15.57,15.05,15.31,992753,30210866.00
2022/05/19,15.15,15.56,15.00,15.24,874733,26590530.00
2022/05/20,15.19,15.43,15.11,15.28,721435,21836136.00
2022/05/23,15.28,15.77,15.23,15.58,951418,29297120.00
2022/05/24,15.58,15.70,14.58,14.58,1441283,43285056.00
2022/05/25,15.00,15.77,14.61,15.24,2163354,65281440.00
2022/05/26,15.55,15.77,14.57,14.75,2675010,79614160.00
2022/05/27,14.68,16.36,14.54,15.55,4649597,143988352.00
2022/05/30,15.28,15.55,15.12,15.48,2761051,84063632.00
2022/05/31,15.35,15.54,14.95,15.19,1733053,52182448.00
2022/06/01,15.19,15.39,14.90,15.08,1479776,44468924.00
2022/06/02,15.13,15.21,14.78,15.02,1105307,32876092.00
2022/06/06,15.09,15.77,15.07,15.71,2426301,74717600.00
2022/06/07,15.77,16.41,15.66,16.18,3377745,107934432.00
2022/06/08,16.21,16.32,15.33,15.69,2580924,80415800.00
2022/06/09,15.87,15.87,15.16,15.19,1841208,56199436.00
2022/06/10,15.11,15.36,15.02,15.22,1270561,38390224.00
2022/06/13,15.02,16.67,14.86,15.93,2870471,89131152.00
2022/06/14,16.22,16.84,16.02,16.44,5432153,175697424.00
2022/06/15,16.79,16.97,15.69,15.70,4061955,129826232.00
2022/06/16,15.66,15.87,15.42,15.54,2100845,64909412.00
2022/06/17,15.45,16.21,15.45,15.85,2165995,67842712.00
2022/06/20,15.93,16.19,15.59,16.00,2098198,66075176.00
2022/06/21,16.00,16.10,15.67,15.91,1602717,50256324.00
2022/06/22,15.90,15.90,15.34,15.35,1398249,43200232.00
2022/06/23,15.37,15.60,14.97,15.33,1448484,43766440.00
2022/06/24,15.29,15.47,15.16,15.34,1498673,34565560.00
2022/06/27,15.36,16.99,15.24,16.99,4062654,100264104.00
2022/06/28,17.40,18.56,17.20,17.49,10393178,276067136.00
2022/06/29,17.31,17.70,16.48,16.59,6241954,158730848.00
2022/06/30,16.63,16.87,16.34,16.40,3319491,82133344.00
2022/07/01,16.41,16.61,16.27,16.46,2252890,55468808.00
2022/07/04,16.47,16.57,16.09,16.16,2332812,56595392.00
2022/07/05,16.14,16.16,15.56,15.70,2396087,56882176.00
2022/07/06,15.55,15.98,15.38,15.87,2317139,54847276.00
2022/07/07,15.77,15.93,15.51,15.80,1328935,31430818.00
2022/07/08,15.83,15.96,15.54,15.56,1546116,36526728.00
2022/07/11,15.56,15.57,15.10,15.29,1515064,34790336.00
2022/07/12,15.30,15.63,15.01,15.46,1631128,37714696.00
2022/07/13,15.46,15.51,15.27,15.39,1029601,23853164.00
2022/07/14,15.29,15.52,15.11,15.52,1453752,33638240.00
2022/07/15,15.23,15.25,14.21,14.26,3019643,66589880.00
2022/07/18,14.26,14.89,14.07,14.58,1326976,29203118.00
2022/07/19,14.63,14.72,14.49,14.64,1111423,24523964.00
2022/07/20,14.67,14.86,14.58,14.71,1026393,22767196.00
2022/07/21,14.71,14.87,14.49,14.73,1409773,31183854.00
2022/07/22,14.72,14.84,14.56,14.79,1231322,27398404.00
2022/07/25,14.79,15.36,14.70,15.10,2174486,49526996.00
2022/07/26,15.09,15.09,14.64,14.88,1358133,30316560.00
2022/07/27,14.76,15.06,14.74,14.96,1242217,27890878.00
2022/07/28,14.96,15.58,14.87,15.29,2120424,48774572.00
2022/07/29,15.34,15.62,15.06,15.12,1543898,35475632.00
2022/08/01,14.99,15.99,14.99,15.61,2867115,67188872.00
2022/08/02,15.41,15.59,14.63,14.79,2552098,58230028.00
2022/08/03,15.34,16.39,14.95,16.39,6186697,148750928.00
2022/08/04,17.02,17.26,15.65,15.92,8612722,212695456.00
2022/08/05,15.70,15.88,15.31,15.66,4673462,109189792.00
2022/08/08,15.55,15.72,15.18,15.70,2998893,69770696.00
2022/08/09,15.63,15.69,15.49,15.53,2286279,53527556.00
2022/08/10,15.34,15.58,15.25,15.34,2241501,51867684.00
2022/08/11,15.49,16.06,15.43,15.74,3940417,93445432.00
2022/08/12,15.74,16.06,15.63,15.91,3246855,77579248.00
2022/08/15,15.96,16.05,15.51,15.59,2486378,58573184.00
2022/08/16,15.54,15.86,15.53,15.63,1668626,39229500.00
2022/08/17,15.62,15.63,15.41,15.51,1668598,38874360.00
2022/08/18,15.49,15.61,15.29,15.52,1635983,37984120.00
2022/08/19,15.53,15.64,15.04,15.20,2122699,48729228.00
2022/08/22,15.21,15.21,14.86,15.15,1101788,24953230.00
2022/08/23,15.15,15.49,14.92,15.34,1522726,35065316.00
2022/08/24,15.34,15.34,14.97,15.20,1766902,40308624.00
2022/08/25,15.13,15.20,14.71,15.03,1571798,35441420.00
2022/08/26,15.02,15.56,14.84,15.14,1569330,35920632.00
2022/08/29,15.02,15.71,14.84,15.59,3515491,81317824.00
2022/08/30,15.59,15.98,15.44,15.53,3156281,74344432.00
2022/08/31,15.39,15.53,14.67,14.67,2347031,52843384.00
2022/09/01,14.66,15.05,14.58,14.70,1249623,27857362.00
2022/09/02,14.70,15.14,14.64,14.91,1413316,31698722.00
2022/09/05,14.95,15.07,14.82,14.87,659842,14837040.00
2022/09/06,14.93,15.41,14.74,15.04,1343161,30561684.00
2022/09/07,14.93,15.03,14.84,14.89,812556,18285102.00
2022/09/08,14.93,15.34,14.79,15.08,2346576,53351632.00
2022/09/09,15.03,15.04,14.74,14.81,1333705,29852664.00
2022/09/13,14.81,14.99,14.74,14.82,771372,17314206.00
2022/09/14,14.64,16.42,14.41,16.42,6569000,156808912.00
2022/09/15,16.74,17.60,15.99,16.08,11722846,294975552.00
2022/09/16,15.99,17.04,15.71,16.56,8482676,209082640.00
2022/09/19,16.12,17.08,15.53,17.08,7943665,196301056.00
2022/09/20,16.66,17.09,16.44,16.79,5795552,145201728.00
2022/09/21,16.76,16.76,15.99,16.34,4065319,99820448.00
2022/09/22,16.16,16.62,16.04,16.24,3462106,84753760.00
2022/09/23,16.19,17.77,15.78,16.79,7642049,191717584.00
2022/09/26,16.33,16.36,15.86,16.26,4270955,103333816.00
2022/09/27,16.16,16.29,15.70,16.29,3410687,81831168.00
2022/09/28,16.05,17.05,15.93,16.99,7111202,178199360.00
2022/09/29,16.66,17.38,16.59,17.26,6878094,174949984.00
2022/09/30,16.94,17.20,16.16,16.34,4173769,103688560.00
2022/10/10,16.34,17.67,16.07,17.46,7219655,184456768.00
2022/10/11,17.05,18.84,16.84,17.59,9306214,245890944.00
2022/10/12,17.24,18.54,16.97,18.44,8030040,214073072.00
2022/10/13,18.11,18.32,17.79,18.25,6426039,172888752.00
2022/10/14,18.13,18.26,17.66,18.01,5231368,139845952.00
2022/10/17,17.86,19.56,17.49,18.94,8026065,220932560.00
2022/10/18,18.71,18.94,18.47,18.84,5195320,144171744.00
2022/10/19,18.70,18.70,18.04,18.27,3568666,97430776.00
2022/10/20,18.20,18.71,18.06,18.26,3045755,83226152.00
2022/10/21,18.13,18.30,16.31,16.31,7030802,178054448.00
2022/10/24,15.91,16.26,15.06,15.21,4755498,111966480.00
2022/10/25,15.27,15.41,14.58,15.01,3000247,67368688.00
2022/10/26,14.91,15.38,14.91,15.31,2708804,62024700.00
2022/10/27,15.19,15.39,14.60,14.66,2877990,65048976.00
2022/10/28,14.66,14.70,13.61,13.70,3520330,74879688.00
2022/10/31,13.88,14.20,13.62,14.02,1897773,40257876.00
2022/11/01,13.99,14.45,13.99,14.37,2279748,49155964.00
2022/11/02,14.24,14.64,14.21,14.54,2153217,47036792.00
2022/11/03,14.51,14.53,14.32,14.39,1781902,38847876.00
2022/11/04,14.41,14.66,14.37,14.57,2078106,45644240.00
2022/11/07,14.54,14.95,14.54,14.84,2082582,46371252.00
2022/11/08,14.81,15.14,14.66,14.97,2461110,55352548.00
2022/11/09,14.91,15.11,14.81,15.07,1932784,43561204.00
2022/11/10,14.91,15.27,14.86,15.06,1646707,37416116.00
2022/11/11,15.13,15.26,14.85,14.86,3067810,69335592.00
2022/11/14,14.81,14.96,14.64,14.74,1697236,37907432.00
2022/11/15,14.73,14.88,14.65,14.87,1724160,38473008.00
2022/11/16,14.87,14.91,14.78,14.83,1140915,25552024.00
2022/11/17,14.79,14.86,14.64,14.83,1177821,26193242.00
2022/11/18,14.88,14.95,14.66,14.69,1410760,31554178.00
2022/11/21,14.68,14.74,14.36,14.65,1242450,27356248.00
2022/11/22,14.71,14.75,14.36,14.45,1094256,24046486.00
2022/11/23,14.44,14.60,14.19,14.47,1416801,30729948.00
2022/11/24,14.47,14.54,14.31,14.38,1115621,24339344.00
2022/11/25,14.38,14.45,14.20,14.21,965080,20855634.00
2022/11/28,14.21,14.21,13.99,14.14,689720,14728601.00
2022/11/29,14.14,14.47,14.14,14.45,1504384,32663656.00
2022/11/30,14.54,14.54,14.29,14.33,866397,18850466.00
2022/12/01,14.43,14.47,14.36,14.38,782033,17044060.00
2022/12/02,14.34,14.60,14.34,14.59,1244523,27311026.00
2022/12/05,14.49,14.76,14.42,14.74,1990666,44000500.00
2022/12/06,14.66,14.76,14.56,14.59,1065802,23543188.00
2022/12/07,14.64,14.64,14.46,14.57,680500,14948007.00
2022/12/08,14.59,14.59,14.45,14.47,699208,15330689.00
2022/12/09,14.51,14.51,14.35,14.36,830523,18112772.00
2022/12/12,14.36,14.37,14.16,14.24,971346,20944506.00
2022/12/13,14.32,14.37,14.17,14.21,670118,14445143.00
2022/12/14,14.21,14.27,14.14,14.27,595370,12819277.00
2022/12/15,14.27,14.29,14.19,14.27,562090,12123189.00
2022/12/16,14.19,14.29,14.01,14.17,734858,15764944.00
2022/12/19,14.21,14.21,13.76,13.89,915410,19312774.00
2022/12/20,13.89,14.01,13.84,13.94,374640,7912182.00
2022/12/21,14.04,14.04,12.44,13.24,1744515,35464780.00
2022/12/22,13.27,13.36,12.81,12.86,1093469,21784068.00
2022/12/23,12.77,13.11,12.69,12.89,840545,16529092.00
2022/12/26,12.99,13.23,12.92,13.16,670330,13409736.00
2022/12/27,13.07,13.31,12.91,13.14,687718,13684820.00
2022/12/28,13.12,13.12,12.85,12.85,570579,11257721.00
2022/12/29,12.78,13.02,12.56,12.56,796255,15531380.00
2022/12/30,12.67,12.69,12.44,12.57,827909,15878076.00
2023/01/03,12.60,13.01,12.58,13.00,1230133,24111544.00
2023/01/04,13.00,13.07,12.91,12.98,842620,16685453.00
2023/01/05,13.00,13.17,12.94,13.13,882003,17536204.00
2023/01/06,13.08,13.16,12.99,13.00,779010,15508341.00
2023/01/09,13.01,13.12,12.94,13.03,645570,12819700.00
2023/01/10,13.03,13.03,12.91,12.95,520170,10271852.00
2023/01/11,12.95,13.04,12.79,12.80,697020,13714729.00
2023/01/12,12.80,12.89,12.64,12.71,606610,11804122.00
2023/01/13,12.75,12.81,12.68,12.72,478690,9310692.00
2023/01/16,12.70,13.00,12.70,12.94,792397,15586744.00
2023/01/17,12.94,12.99,12.87,12.94,503730,9938201.00
2023/01/18,12.92,13.03,12.92,13.00,511626,10120582.00
2023/01/19,12.93,13.16,12.93,13.14,710893,14178494.00
2023/01/20,13.24,13.24,13.11,13.16,604838,12113001.00
2023/01/30,13.27,13.54,13.27,13.49,1122045,22922754.00
2023/01/31,13.49,13.55,13.40,13.54,663770,13604926.00
2023/02/01,13.55,13.76,13.52,13.73,962571,19933092.00
2023/02/02,13.83,13.83,13.59,13.76,901812,18737396.00
2023/02/03,13.70,13.76,13.47,13.64,973769,20125428.00
2023/02/06,13.69,13.84,13.63,13.69,1058980,22056834.00
2023/02/07,13.63,13.88,13.63,13.79,1112671,23198670.00
2023/02/08,13.80,13.84,13.71,13.79,905504,18928744.00
2023/02/09,13.77,13.88,13.73,13.86,777193,16310282.00
2023/02/10,13.86,13.96,13.77,13.87,666718,14033400.00
2023/02/13,13.93,14.03,13.84,14.01,918942,19448992.00
2023/02/14,14.04,14.29,13.99,14.20,1466802,31439738.00
2023/02/15,14.20,14.84,13.99,14.40,2852066,61997180.00
2023/02/16,14.33,14.34,13.62,13.77,2765487,59002732.00
2023/02/17,13.68,13.94,13.66,13.69,1415306,29640080.00
2023/02/20,13.71,13.96,13.60,13.94,993176,20855232.00
2023/02/21,13.94,14.01,13.77,13.95,1032956,21782606.00
2023/02/22,13.89,13.95,13.78,13.92,630024,13252692.00
2023/02/23,13.91,14.04,13.89,13.96,737780,15607046.00
2023/02/24,13.99,14.05,13.79,13.91,761748,16060438.00
2023/02/27,13.89,13.98,13.74,13.75,819870,17218712.00
2023/02/28,13.79,13.92,13.72,13.85,700978,14704996.00
2023/03/01,13.90,13.96,13.80,13.96,734896,15460494.00
2023/03/02,13.91,14.31,13.91,13.99,1326347,28356950.00
2023/03/03,14.09,14.09,13.86,13.99,801370,16985196.00
2023/03/06,13.94,14.28,13.92,14.16,1367872,29265968.00
2023/03/07,14.11,14.26,13.86,13.86,1146646,24359138.00
2023/03/08,13.77,14.26,13.76,14.12,1567737,33456682.00
2023/03/09,14.12,14.44,13.99,14.37,2187030,47342912.00
2023/03/10,14.29,14.33,13.97,13.97,1463883,31281336.00
2023/03/13,13.99,14.17,13.54,13.68,1228089,25603922.00
2023/03/14,13.71,13.74,13.09,13.26,1831696,37105664.00
2023/03/15,13.36,13.69,13.31,13.51,1712228,35180776.00
2023/03/16,13.45,13.49,13.01,13.02,1543210,31000404.00
2023/03/17,13.13,13.24,13.00,13.03,1306143,26097564.00
2023/03/20,13.12,13.12,12.74,12.84,1297418,25425654.00
2023/03/21,12.81,13.02,12.71,12.96,1361930,26735650.00
2023/03/22,13.04,13.18,12.96,13.10,1284681,25613802.00
2023/03/23,13.09,13.18,12.94,13.03,1285846,25498216.00
2023/03/24,13.06,13.12,12.92,12.94,1465160,29073918.00
2023/03/27,12.97,12.97,12.72,12.83,1674357,32728028.00
2023/03/28,12.91,12.91,12.74,12.84,1053740,20610236.00
2023/03/29,12.84,12.86,12.64,12.81,1106326,21550530.00
2023/03/30,12.86,12.86,12.70,12.79,720718,14063589.00
2023/03/31,12.79,12.86,12.77,12.84,594284,11628539.00
2023/04/03,12.86,13.08,12.80,13.06,1250591,24803414.00
2023/04/04,13.01,13.06,12.84,12.93,1124588,22173670.00
2023/04/06,12.93,12.97,12.77,12.84,697520,13647677.00
2023/04/07,12.84,13.04,12.74,12.99,944815,18689832.00
2023/04/10,12.99,12.99,12.71,12.81,1161211,22738962.00
2023/04/11,12.81,12.84,12.59,12.75,903703,17475732.00
2023/04/12,12.72,12.81,12.68,12.76,651010,12686586.00
2023/04/13,12.76,12.76,12.60,12.63,677283,13093226.00
2023/04/14,12.63,12.76,12.61,12.74,717770,13921764.00
2023/04/17,12.79,12.91,12.78,12.84,656888,12864796.00
2023/04/18,12.92,12.92,12.65,12.78,733710,14272944.00
2023/04/19,12.75,12.75,12.48,12.52,1103043,21182964.00
2023/04/20,12.52,12.61,12.25,12.34,897125,16979350.00
2023/04/21,12.34,12.41,11.93,11.93,921800,17152620.00
2023/04/24,11.93,12.38,11.84,12.16,1385818,25860204.00
2023/04/25,12.17,12.20,11.66,11.83,1013606,18475668.00
2023/04/26,11.72,12.18,11.70,12.09,762280,14086387.00
2023/04/27,12.14,12.33,11.88,12.21,572548,10720162.00
2023/04/28,12.20,12.46,12.16,12.44,809358,15327781.00
2023/05/04,12.44,12.73,12.39,12.71,1027397,19847646.00
2023/05/05,12.71,12.77,12.47,12.73,753984,14537201.00
2023/05/08,12.72,12.79,12.56,12.74,623254,12058849.00
2023/05/09,12.74,12.74,12.30,12.33,1120250,21351522.00
2023/05/10,12.33,12.52,12.25,12.37,815881,15424652.00
2023/05/11,12.37,12.59,12.34,12.57,774602,14828013.00
2023/05/12,12.54,12.62,12.44,12.47,572190,10948809.00
2023/05/15,12.47,12.66,12.41,12.62,780620,14999936.00
2023/05/16,12.63,12.70,12.56,12.68,816225,15764910.00
2023/05/17,12.65,12.74,12.56,12.72,853888,16540135.00
2023/05/18,12.72,12.77,12.63,12.72,791474,15365440.00
2023/05/19,12.75,12.92,12.62,12.84,992755,19384756.00
2023/05/22,12.84,12.94,12.78,12.89,694424,13640619.00
2023/05/23,12.84,12.96,12.77,12.84,801046,15741890.00
2023/05/24,12.84,12.91,12.74,12.86,621219,12170219.00
2023/05/25,12.86,12.96,12.70,12.93,956508,18788500.00
2023/05/26,12.94,13.02,12.81,12.98,704385,13893160.00
2023/05/29,12.99,13.34,12.94,13.29,2098352,42079040.00
2023/05/30,13.29,13.48,12.74,12.79,2903473,57641252.00
2023/05/31,12.83,13.76,12.74,13.76,5653520,115978248.00
2023/06/01,13.45,13.49,13.25,13.34,3807556,77325848.00
2023/06/02,13.31,13.39,13.13,13.29,2137708,43057308.00
2023/06/05,13.19,13.39,13.14,13.23,1513073,30521198.00
2023/06/06,13.26,13.90,13.24,13.40,3715754,76703104.00
2023/06/07,13.34,13.54,13.04,13.06,2581917,51845800.00
2023/06/08,12.97,13.55,12.97,13.14,1999931,40374388.00
2023/06/09,13.10,14.04,13.05,13.65,4258981,87895032.00
2023/06/12,13.65,13.69,13.29,13.69,2571036,52748044.00
2023/06/13,13.63,13.94,13.47,13.54,2252086,46706328.00
2023/06/14,13.46,13.51,13.28,13.34,1659200,33703464.00
2023/06/15,13.34,13.44,13.28,13.41,1352644,27521658.00
2023/06/16,13.43,13.43,13.26,13.26,1649918,33250168.00
2023/06/19,13.26,13.30,12.97,12.99,1689568,33483818.00
2023/06/20,12.98,12.98,12.54,12.55,2143967,41226932.00
2023/06/21,12.49,12.72,12.40,12.41,1309486,24971332.00
2023/06/26,12.40,12.59,12.35,12.44,1117380,21217060.00
2023/06/27,12.44,12.71,12.37,12.70,980010,18842102.00
2023/06/28,12.71,12.89,12.55,12.89,1421220,27531912.00
2023/06/29,12.90,13.91,12.88,13.50,4268282,87274936.00
2023/06/30,13.66,14.13,13.48,13.92,4156841,86920440.00
2023/07/03,13.81,14.17,13.66,13.70,2412831,50370776.00
2023/07/04,13.69,13.84,13.59,13.71,1467697,30362872.00
2023/07/05,13.71,13.86,13.65,13.77,1215311,25265740.00
2023/07/06,13.67,13.86,13.67,13.79,985629,20521420.00
2023/07/07,13.83,13.91,13.69,13.76,981460,20417876.00
2023/07/10,13.76,13.98,13.70,13.84,1020592,21267038.00
2023/07/11,13.81,13.91,13.69,13.76,731110,15185286.00
2023/07/12,13.79,13.95,13.74,13.76,1313350,27451478.00
2023/07/13,13.76,13.86,13.61,13.69,1038500,21484180.00
2023/07/14,15.13,15.15,14.18,14.57,10631462,231786512.00
2023/07/17,14.44,16.14,14.34,16.14,10580809,244646224.00
2023/07/18,15.78,15.78,15.18,15.52,11346957,261921072.00
2023/07/19,15.21,15.38,14.89,15.11,7013983,158659600.00
2023/07/20,15.08,15.23,14.72,14.84,5435192,122065296.00
2023/07/21,14.74,15.03,14.41,15.03,5854339,130326064.00
2023/07/24,14.84,14.84,14.19,14.50,4465566,97457600.00
2023/07/25,14.70,14.74,14.43,14.62,3543720,77652200.00
2023/07/26,14.53,14.83,14.50,14.68,3204060,70589752.00
2023/07/27,14.66,14.73,14.39,14.61,2513999,55101484.00
2023/07/28,14.54,14.63,14.34,14.56,2424739,52945880.00
2023/07/31,14.56,14.74,14.51,14.66,2292362,50422708.00
2023/08/01,14.67,14.69,14.46,14.61,1810790,39696004.00
2023/08/02,14.55,14.70,14.46,14.52,1725328,37757764.00
2023/08/03,14.56,14.60,14.34,14.34,1883346,40972348.00
2023/08/04,14.29,14.48,14.17,14.36,2157613,46460472.00
2023/08/07,14.36,14.37,14.13,14.21,1185158,25422362.00
2023/08/08,14.20,14.29,14.11,14.22,915591,19581388.00
2023/08/09,14.26,14.34,14.11,14.34,1322412,28340770.00
2023/08/10,14.34,14.54,14.31,14.44,1427925,30970234.00
2023/08/11,14.45,14.49,14.01,14.04,1618036,34578236.00
2023/08/14,13.86,14.20,13.83,14.17,1158506,24630268.00
2023/08/15,14.16,14.31,14.10,14.28,1336858,28654840.00
2023/08/16,14.26,14.41,14.13,14.26,1029076,22164926.00
2023/08/17,14.26,14.39,13.99,14.38,1202170,25820458.00
2023/08/18,14.35,14.67,14.29,14.46,2197081,48046284.00
2023/08/21,14.56,14.74,14.49,14.52,2581770,56748272.00
2023/08/22,14.52,14.75,14.20,14.64,2933570,64008872.00
2023/08/23,14.69,15.06,14.49,14.81,4652030,103763896.00
2023/08/24,14.76,14.81,14.13,14.31,3654665,78917600.00
2023/08/25,14.14,14.64,14.13,14.31,2986756,64797512.00
2023/08/28,14.89,15.06,14.31,14.38,3799550,83826000.00
2023/08/29,14.43,14.96,14.34,14.95,3601728,80185880.00
2023/08/30,14.97,15.09,14.76,14.86,2985922,66817592.00
2023/08/31,15.06,15.86,14.98,15.14,6575517,150650272.00
2023/09/01,15.07,15.13,14.69,14.90,3885243,86659600.00
2023/09/04,14.85,15.11,14.77,15.02,2796394,62693004.00
2023/09/05,15.02,15.02,14.80,14.81,1733499,38720392.00
2023/09/06,14.78,15.11,14.70,15.09,2351845,52873044.00
2023/09/07,15.06,16.70,14.86,16.70,11996489,295240544.00
2023/09/08,17.35,18.48,16.70,18.48,19882309,522744288.00
2023/09/11,17.60,18.48,16.52,16.52,19400326,501628512.00
2023/09/12,16.20,16.34,15.19,15.31,14527133,336411744.00
2023/09/13,15.06,15.24,14.80,14.95,8545628,191947696.00
2023/09/14,14.88,14.88,14.56,14.79,5651951,124973256.00
2023/09/15,14.76,15.23,14.58,15.23,7927982,178560464.00
2023/09/18,15.09,16.34,14.84,15.85,12437412,291563136.00
2023/09/19,15.86,15.89,15.45,15.69,6816885,159623488.00
2023/09/20,15.56,15.62,15.12,15.12,5311993,121525568.00
2023/09/21,15.11,15.38,14.95,15.06,3958220,89825536.00
2023/09/22,15.06,15.26,14.97,15.22,3848250,87320224.00
2023/09/25,15.13,15.49,15.02,15.38,4118599,94775848.00
2023/09/26,15.42,15.98,15.39,15.56,6173770,144882288.00
2023/09/27,15.54,15.87,15.41,15.63,4810886,112737024.00
2023/09/28,15.56,15.76,15.35,15.39,3902630,90582208.00
2023/10/09,15.39,15.63,15.22,15.28,3890108,89614032.00
2023/10/10,15.34,15.36,15.13,15.16,2505680,57134956.00
2023/10/11,15.14,15.48,15.07,15.39,2843390,65383236.00
2023/10/12,15.41,15.60,15.16,15.57,2669048,61636252.00
2023/10/13,15.48,15.69,15.25,15.28,2105348,48564624.00
2023/10/16,15.34,15.46,15.11,15.22,1816605,41571400.00
2023/10/17,15.19,15.28,14.97,15.07,1738288,39328144.00
2023/10/18,15.06,15.07,14.56,14.60,2202390,48849932.00
2023/10/19,14.59,14.93,14.44,14.55,1969600,43472600.00
2023/10/20,14.48,14.70,14.34,14.39,1776860,38642968.00
2023/10/23,14.49,14.58,14.09,14.14,2548908,54845304.00
2023/10/24,14.23,14.81,14.05,14.77,3038160,66865636.00
2023/10/25,14.85,15.22,14.85,15.11,2367053,53626864.00
2023/10/26,15.06,15.19,14.64,14.91,2433760,54245916.00
2023/10/27,14.91,15.26,14.78,15.19,1918710,43566900.00
2023/10/30,15.11,15.47,15.11,15.33,1942282,44672196.00
2023/10/31,15.34,15.46,15.13,15.25,1568230,35903092.00
2023/11/01,15.19,15.44,15.16,15.34,1240700,28486068.00
2023/11/02,15.45,15.47,15.16,15.19,1177387,26925148.00
2023/11/03,15.35,15.86,15.16,15.52,3592870,83628360.00
2023/11/06,15.61,15.84,15.46,15.76,2672360,62765644.00
2023/11/07,15.70,16.04,15.56,16.02,2512240,59855408.00
2023/11/08,15.95,16.00,15.71,15.83,2321560,54987536.00
2023/11/09,15.83,16.06,15.71,15.78,1779050,42231140.00
2023/11/10,15.69,15.82,15.60,15.68,1358920,31907880.00
2023/11/13,15.68,15.97,15.67,15.94,1461020,34668168.00
2023/11/14,15.89,16.11,15.81,15.95,1352819,32167352.00
2023/11/15,16.06,16.16,15.95,16.09,1958194,46959772.00
2023/11/16,16.14,16.64,15.97,16.32,3557652,86742216.00
2023/11/17,16.33,16.49,16.16,16.21,2879498,70128144.00
2023/11/20,16.34,16.38,16.12,16.35,2104538,51110224.00
2023/11/21,16.41,17.65,16.41,16.69,6440131,162194896.00
2023/11/22,16.56,16.76,16.26,16.59,3251490,79995392.00
2023/11/23,16.49,16.99,16.49,16.74,2768320,69201248.00
2023/11/24,16.74,16.97,16.36,16.43,2702230,67030612.00
2023/11/27,16.34,16.51,16.13,16.20,2688790,65291200.00
2023/11/28,16.23,16.68,16.04,16.51,2044579,50141048.00
2023/11/29,16.47,16.64,16.25,16.34,1526076,37411632.00
2023/11/30,16.34,16.50,15.86,16.04,1840840,44177220.00
2023/12/01,16.09,16.20,15.92,16.03,1481763,35570004.00
2023/12/04,16.07,16.26,16.01,16.06,1242940,29932938.00
2023/12/05,15.97,16.06,15.79,15.79,1429927,34036032.00
2023/12/06,15.79,16.22,15.79,15.97,1558080,37419096.00
2023/12/07,16.23,16.23,15.69,15.75,1303870,30804208.00
2023/12/08,15.75,15.86,15.41,15.43,1613950,37686976.00
2023/12/11,15.34,15.72,15.28,15.51,1646450,38263264.00
2023/12/12,15.57,15.57,15.36,15.56,1226724,28405282.00
2023/12/13,15.54,15.68,15.35,15.48,1026301,23793784.00
2023/12/14,15.52,15.73,15.47,15.53,1023708,23891298.00
2023/12/15,15.65,15.65,15.34,15.44,1113914,25742352.00
2023/12/18,15.44,15.48,15.20,15.31,1014890,23352472.00
2023/12/19,15.31,15.56,15.26,15.46,907148,20945672.00
2023/12/20,15.46,15.77,15.38,15.40,1010350,23592720.00
2023/12/21,15.57,15.57,14.91,15.32,1924742,43822912.00
2023/12/22,15.49,15.59,15.29,15.37,1481340,34273524.00
2023/12/25,15.45,15.45,14.83,15.01,1579718,35471572.00
2023/12/26,15.14,15.14,14.86,14.89,732440,16417234.00
2023/12/27,14.89,15.08,14.74,15.04,833650,18688316.00
2023/12/28,15.03,15.54,14.86,15.44,1182370,27121848.00
2023/12/29,15.77,15.81,15.47,15.72,1651490,38732780.00
2024/01/02,15.73,15.94,15.64,15.81,1333750,31587582.00
2024/01/03,15.86,16.00,15.71,15.96,1555900,36976512.00
2024/01/04,15.95,16.06,15.81,16.05,1209620,28846320.00
2024/01/05,16.04,16.16,15.81,15.89,1609910,38500492.00
2024/01/08,15.90,16.03,15.53,15.54,1307470,30653032.00
2024/01/09,15.54,15.90,15.53,15.76,1423750,33551438.00
2024/01/10,15.72,15.89,15.58,15.61,1254870,29517692.00
2024/01/11,15.49,15.76,15.49,15.72,915791,21473676.00
2024/01/12,15.73,15.96,15.61,15.66,1050190,24796908.00
2024/01/15,15.66,15.66,15.41,15.54,931200,21655708.00
2024/01/16,15.63,15.64,15.22,15.45,1120000,25847466.00
2024/01/17,15.46,15.60,15.11,15.11,1029850,23749038.00
2024/01/18,15.26,15.26,14.49,14.84,1639820,36370816.00
2024/01/19,14.79,14.92,14.49,14.58,982123,21672722.00
2024/01/22,15.26,15.60,14.22,14.39,5370706,120510032.00
2024/01/23,14.39,14.76,13.97,14.74,3874163,83527776.00
2024/01/24,14.87,15.29,14.24,14.89,3313768,73557280.00
2024/01/25,14.71,15.97,14.64,15.83,5027126,116561928.00
2024/01/26,15.84,15.93,15.32,15.37,3796694,88355752.00
2024/01/29,15.44,15.52,14.46,14.60,3020810,67407928.00
2024/01/30,14.38,14.95,13.92,14.41,2774323,60446920.00
2024/01/31,14.23,14.23,13.06,13.06,3566181,72907696.00
2024/02/01,12.76,13.38,12.62,13.04,2291283,45344264.00
2024/02/02,12.95,13.33,11.91,12.20,2314393,44216112.00
2024/02/05,12.06,12.08,10.87,10.88,2994268,51350312.00
2024/02/06,10.83,11.74,9.81,11.31,3965890,65693392.00
2024/02/07,11.21,11.26,10.07,10.21,4606464,74895496.00
2024/02/08,10.66,11.34,10.36,11.34,4515861,75574088.00
2024/02/19,11.77,11.99,11.47,11.71,3580032,63997752.00
2024/02/20,11.70,11.90,11.54,11.83,2086092,37448572.00
2024/02/21,11.71,12.44,11.63,12.03,2258147,41694364.00
2024/02/22,12.04,12.33,11.99,12.33,2306016,42900660.00
2024/02/23,12.31,12.77,12.24,12.74,2444453,46466500.00
2024/02/26,12.73,13.15,12.66,12.82,2203897,43128356.00
2024/02/27,12.77,13.29,12.56,13.29,2211888,43658156.00
2024/02/28,13.29,13.56,12.03,12.04,4269488,82800896.00
2024/02/29,11.92,12.53,11.72,12.46,2705980,50515720.00
2024/03/01,12.46,12.61,12.27,12.60,2439230,46317932.00
2024/03/04,12.60,12.61,12.14,12.55,1955613,37017180.00
2024/03/05,12.55,12.55,12.26,12.34,1872970,35316460.00
2024/03/06,12.37,12.62,12.27,12.59,1710480,32504136.00
2024/03/07,12.61,12.94,12.56,12.71,2344637,45374616.00
2024/03/08,12.83,12.84,12.56,12.79,1600270,30939760.00
2024/03/11,12.72,13.01,12.72,13.00,1427400,27977860.00
2024/03/12,13.02,13.10,12.81,13.10,1660095,32682456.00
2024/03/13,13.09,13.24,12.92,13.18,1388850,27573676.00
2024/03/14,13.19,13.65,13.11,13.42,2457423,49811336.00
2024/03/15,13.35,13.62,13.24,13.59,1528033,31243170.00
2024/03/18,13.67,14.13,13.67,13.96,1779136,37233580.00
2024/03/19,14.06,14.10,13.82,14.00,1569900,33036774.00
2024/03/20,13.96,14.05,13.85,14.01,1280517,26964046.00
2024/03/21,14.04,14.19,13.79,14.09,1408758,29811570.00
2024/03/22,14.06,14.25,13.90,14.24,2360420,50179928.00
2024/03/25,14.34,15.41,14.09,14.25,5670320,125150472.00
2024/03/26,13.84,14.54,13.63,14.52,3060704,65514352.00
2024/03/27,14.34,15.16,14.33,14.43,3018789,66808132.00
2024/03/28,14.31,14.67,14.31,14.51,2218553,48390160.00
2024/03/29,14.49,15.03,14.47,14.96,2783590,61861244.00
2024/04/01,14.99,15.70,14.97,15.55,3102777,71700760.00
2024/04/02,15.54,15.96,15.39,15.67,2282070,53516668.00
2024/04/03,15.62,15.72,15.31,15.67,2216190,51534412.00
2024/04/08,15.65,15.81,15.00,15.01,2379606,54625824.00
2024/04/09,14.96,15.70,14.95,15.54,2463700,56875372.00
2024/04/10,15.56,15.89,15.18,15.51,2076220,48118104.00
2024/04/11,15.25,15.83,15.14,15.69,1631770,37982036.00
2024/04/12,15.52,15.76,15.41,15.44,1336710,31094424.00
2024/04/15,15.41,15.41,14.56,14.78,2282330,50964748.00
2024/04/16,14.92,14.92,13.21,13.84,3315962,68880312.00
2024/04/17,14.48,14.77,14.26,14.62,2071940,45336300.00
2024/04/18,14.62,14.98,14.40,14.74,1908990,42458016.00
2024/04/19,14.73,14.99,14.56,14.88,1641668,36495188.00
2024/04/22,15.16,15.34,14.49,15.01,2375318,53317636.00
2024/04/23,14.97,15.34,14.88,15.24,2011242,45940704.00
2024/04/24,15.24,15.39,14.92,15.26,1442818,32815060.00
2024/04/25,15.19,15.52,15.13,15.46,1479640,34126480.00
2024/04/26,15.33,15.60,15.24,15.56,1650878,38355916.00
2024/04/29,15.69,15.81,15.46,15.65,1939930,45276128.00
2024/04/30,15.83,16.39,15.57,15.89,3835480,91972936.00
2024/05/06,15.99,16.17,15.49,15.91,2926062,68919328.00
2024/05/07,15.77,16.30,15.77,16.23,2838670,68629008.00
2024/05/08,16.16,16.36,15.89,15.91,2200678,53037600.00
2024/05/09,15.83,16.21,15.70,16.05,1977770,47520636.00
2024/05/10,16.04,16.06,15.58,15.58,2035520,47956772.00
2024/05/13,15.56,15.59,15.13,15.17,1964089,44886872.00
2024/05/14,15.16,15.41,15.15,15.21,1267390,29046224.00
2024/05/15,15.20,15.45,14.99,15.23,1179070,27036638.00
2024/05/16,15.25,15.57,15.25,15.30,1022923,23656676.00
2024/05/17,15.31,15.51,15.21,15.50,1156770,26692904.00
2024/05/20,15.46,16.12,15.42,15.84,2509760,59522524.00
2024/05/21,15.86,16.10,15.59,15.79,2111968,50266192.00
2024/05/22,15.77,15.94,15.59,15.69,1639250,38546320.00
2024/05/23,15.71,16.09,15.45,15.56,2884826,68149216.00
2024/05/24,15.47,15.60,15.02,15.03,2070590,47482636.00
2024/05/27,15.06,15.40,15.03,15.38,1318050,30035824.00
2024/05/28,15.28,15.47,15.04,15.04,1219460,27814060.00
2024/05/29,15.04,15.36,14.94,15.27,1187880,27142806.00
2024/05/30,15.32,15.65,14.90,15.00,2318658,36973704.00
2024/05/31,15.06,15.27,14.98,15.15,1902302,30299286.00
2024/06/03,15.22,15.22,14.61,14.86,2005094,31484798.00
2024/06/04,14.86,14.96,13.91,14.38,1876301,28387386.00
2024/06/05,14.38,14.40,13.59,14.00,2660672,39022816.00
2024/06/06,13.78,13.90,13.02,13.15,3279640,46289332.00
2024/06/07,13.23,13.89,13.23,13.81,2293512,33055280.00
2024/06/11,13.60,13.89,13.48,13.72,1598088,23112920.00
2024/06/12,13.70,14.11,13.61,14.01,1521280,22437252.00
2024/06/13,14.00,14.25,13.90,14.03,1578840,23547708.00
2024/06/14,14.04,14.20,13.83,14.07,1297300,19276690.00
2024/06/17,14.08,14.11,13.60,13.68,2026030,29415062.00
2024/06/18,13.69,14.00,13.64,13.93,1462704,21480160.00
2024/06/19,13.93,14.17,13.86,14.07,1433520,21312908.00
2024/06/20,14.09,14.10,13.46,13.52,1509802,21872934.00
2024/06/21,13.24,13.70,13.11,13.53,1378750,19686516.00
2024/06/24,13.34,13.57,12.90,13.27,2061188,28887470.00
2024/06/25,13.12,13.60,13.12,13.55,1407928,19993614.00
2024/06/26,13.48,13.94,13.38,13.91,1209494,17536302.00
2024/06/27,13.90,14.02,13.53,13.60,1015648,14771282.00
2024/06/28,13.59,13.77,13.35,13.45,1775716,25499590.00
2024/07/01,13.45,13.75,13.33,13.62,1328700,19024716.00
2024/07/02,13.62,13.79,13.60,13.64,1138785,16506589.00
2024/07/03,13.61,13.76,13.36,13.44,928510,13277288.00
2024/07/04,13.44,13.55,13.07,13.15,1266944,17775498.00
2024/07/05,13.02,13.33,12.95,13.31,1160621,16181264.00
2024/07/08,13.24,13.30,12.87,12.96,1138993,15696516.00
2024/07/09,12.93,13.26,12.66,13.22,1183182,16344961.00
2024/07/10,13.20,13.35,13.02,13.11,1010392,14101332.00
2024/07/11,13.23,13.50,13.15,13.50,1574050,22318324.00
2024/07/12,13.56,13.60,13.40,13.46,910886,13035983.00
2024/07/15,13.55,13.56,13.11,13.22,958890,13422640.00
2024/07/16,13.26,13.26,12.93,13.19,1043890,14480767.00
2024/07/17,13.06,13.29,12.95,13.10,1225648,16996632.00
2024/07/18,13.06,13.25,12.77,13.25,955308,13196733.00
2024/07/19,13.16,13.99,13.11,13.81,2343818,33785380.00
2024/07/22,13.80,13.93,13.67,13.83,1147668,16706596.00
2024/07/23,13.83,14.12,13.79,13.85,2044200,30146182.00
2024/07/24,13.57,14.07,13.57,13.87,1857982,27298692.00
2024/07/25,13.75,14.19,13.63,14.18,2134515,31625094.00
2024/07/26,14.20,14.50,14.10,14.25,2341195,35350064.00
2024/07/29,14.29,14.29,14.08,14.15,1442531,21583098.00
2024/07/30,14.10,14.34,14.05,14.28,1249318,18775688.00
2024/07/31,14.29,14.52,14.24,14.46,2067957,31430842.00
2024/08/01,14.49,14.52,14.26,14.33,1543580,23399814.00
2024/08/02,14.32,14.36,14.00,14.05,1274844,19102654.00
2024/08/05,13.93,14.17,13.69,13.77,1389246,20444876.00
2024/08/06,14.00,14.15,13.88,14.14,1185269,17548332.00
2024/08/07,13.91,14.27,13.91,14.15,861056,12883257.00
2024/08/08,14.08,14.43,13.93,14.43,1437679,21689164.00
2024/08/09,14.44,14.48,14.23,14.29,1104722,16742799.00
2024/08/12,14.37,14.37,13.90,14.01,867498,12883542.00
2024/08/13,14.00,14.25,13.75,14.25,1117590,16693986.00
2024/08/14,14.27,14.33,14.13,14.19,735146,11031376.00
2024/08/15,14.19,14.23,13.96,13.99,1060616,15774667.00
2024/08/16,14.05,14.07,13.85,13.92,873856,12894573.00
2024/08/19,13.83,14.00,13.60,13.62,1043538,15256004.00
2024/08/20,13.70,13.73,13.18,13.33,1091630,15476294.00
2024/08/21,13.33,13.38,13.16,13.26,578546,8148647.00
2024/08/22,13.27,13.44,13.15,13.15,690030,9705620.00
2024/08/23,13.18,13.18,12.88,13.08,770320,10643982.00
2024/08/26,12.93,13.36,12.87,13.29,748840,10482209.00
2024/08/27,13.29,13.36,13.08,13.13,705570,9866952.00
2024/08/28,13.05,13.59,13.05,13.39,1191358,16878554.00
2024/08/29,13.46,13.47,13.05,13.42,1234098,17438614.00
2024/08/30,13.39,13.78,13.35,13.66,1117810,16114718.00
2024/09/02,13.71,13.86,13.49,13.56,1054010,15199925.00
2024/09/03,13.56,13.74,13.46,13.49,789650,11339387.00
2024/09/04,13.49,13.54,13.30,13.31,662870,9407377.00
2024/09/05,13.33,13.49,13.20,13.26,779206,10989490.00
2024/09/06,13.26,13.33,12.85,12.96,1219040,16859598.00
2024/09/09,12.96,13.23,12.81,13.04,834376,11580680.00
2024/09/10,13.04,13.24,13.01,13.21,726344,10125065.00
2024/09/11,13.29,13.46,13.17,13.22,911680,12851336.00
2024/09/12,13.31,13.71,13.31,13.53,1368823,19552132.00
2024/09/13,13.65,13.84,13.51,13.63,1321878,19095318.00
2024/09/18,13.63,14.25,13.35,14.15,3176619,46820040.00
2024/09/19,14.03,14.27,14.01,14.25,2316912,34672500.00
2024/09/20,14.25,14.57,14.21,14.54,2088334,31829062.00
2024/09/23,14.60,14.78,14.45,14.53,1520604,23374430.00
2024/09/24,14.55,14.64,14.17,14.40,2192459,33203272.00
2024/09/25,14.46,15.92,14.33,14.43,13520544,217265664.00
2024/09/26,13.97,14.27,13.73,14.25,11983411,177016896.00
2024/09/27,14.24,14.99,14.18,14.83,9360931,144082176.00
2024/09/30,15.22,16.31,14.89,16.03,11268778,185018304.00
2024/10/08,17.62,17.63,15.75,16.41,12115032,210082704.00
2024/10/09,16.09,16.28,15.18,15.18,6391792,105447056.00
2024/10/10,15.18,15.62,15.10,15.25,3887268,62821312.00
2024/10/11,15.11,15.24,14.59,14.70,3059490,47796556.00
2024/10/14,14.76,15.03,14.68,14.93,2984941,46772316.00
2024/10/15,14.96,15.60,14.84,14.95,4573415,73527992.00
2024/10/16,14.70,15.58,14.70,15.49,5196891,83807192.00
2024/10/17,15.48,15.52,14.99,15.00,4563080,73059080.00
2024/10/18,15.25,15.52,15.03,15.40,4877808,78512648.00
2024/10/21,15.33,15.48,15.13,15.38,4370808,70456984.00
2024/10/22,15.38,15.38,15.16,15.34,3236924,51998812.00
2024/10/23,15.35,15.43,15.27,15.35,3177702,51348416.00
2024/10/24,15.25,15.56,15.20,15.55,3188320,51784764.00
2024/10/25,15.52,15.73,15.26,15.71,3308623,54383028.00
2024/10/28,15.83,15.93,15.64,15.87,3538211,58702392.00
2024/10/29,15.91,15.91,15.31,15.52,3229079,52891940.00
2024/10/30,15.25,15.46,15.03,15.28,3385103,54300832.00
2024/10/31,15.22,15.37,15.11,15.19,2530641,40549576.00
2024/11/01,15.11,15.22,14.75,14.77,3090084,48599080.00
2024/11/04,14.78,15.13,14.78,15.08,1995135,31587692.00
2024/11/05,15.08,15.60,15.05,15.51,4134334,66682848.00
2024/11/06,15.49,15.50,15.23,15.31,3339690,54008408.00
2024/11/07,15.23,15.77,15.20,15.65,3849654,62923828.00
2024/11/08,15.76,15.83,15.46,15.53,3532833,57861252.00
2024/11/11,15.47,15.65,15.41,15.65,3091410,50551004.00
2024/11/12,15.66,16.06,15.48,15.60,4305615,71487152.00
2024/11/13,15.65,15.85,15.44,15.82,3220986,53123428.00
2024/11/14,16.17,16.28,15.57,15.62,4536872,75695000.00
2024/11/15,15.68,17.26,15.36,17.26,9536890,165615664.00
2024/11/18,17.61,19.00,16.48,17.70,20518277,379532864.00
2024/11/19,16.95,19.55,16.95,19.55,23078017,453857920.00
2024/11/20,18.33,21.20,18.33,19.91,25417032,519015808.00
2024/11/21,19.20,20.06,17.85,18.30,19763185,390778400.00
2024/11/22,18.01,18.30,17.10,17.17,13251680,245823568.00
2024/11/25,17.08,17.21,16.60,17.00,9074678,160135136.00
2024/11/26,17.05,17.15,16.45,16.53,6677765,116818720.00
2024/11/27,16.40,16.60,15.81,16.59,6659568,113196760.00
2024/11/28,16.51,16.57,16.25,16.40,5411012,93127224.00
2024/11/29,16.28,16.59,16.05,16.43,5744109,98523080.00
2024/12/02,16.45,16.89,16.36,16.88,6941284,120854376.00
2024/12/03,16.91,17.16,16.55,16.96,6179370,109043880.00
2024/12/04,16.80,16.91,16.42,16.51,4748084,83065088.00
2024/12/05,16.51,16.78,16.49,16.77,3738144,65299608.00
2024/12/06,16.78,16.86,16.50,16.79,3834309,67080476.00
2024/12/09,16.70,16.89,16.65,16.81,3793140,66688040.00
2024/12/10,17.19,17.84,16.85,17.40,10057627,182203504.00
2024/12/11,17.20,17.73,17.10,17.70,7139921,130849672.00
2024/12/12,17.71,18.95,17.49,18.39,11049917,209946208.00
2024/12/13,18.20,18.20,17.60,17.62,6933266,129081984.00
2024/12/16,17.58,17.59,17.00,17.19,4510516,81465536.00
2024/12/17,17.10,17.18,16.12,16.22,4865398,84283392.00
2024/12/18,16.22,16.43,15.89,16.19,3176810,54010800.00
2024/12/19,15.90,16.38,15.90,16.24,2588508,43823644.00
2024/12/20,16.20,17.94,16.12,17.94,7431917,133681376.00
2024/12/23,17.75,18.20,16.73,16.83,9450477,171508304.00
2024/12/24,16.88,17.58,16.72,17.30,7454860,134163712.00
2024/12/25,17.15,18.20,17.01,17.90,9378731,173086288.00
2024/12/26,17.70,18.16,17.42,18.16,8428195,157556080.00
2024/12/27,18.11,18.15,17.34,17.76,6859776,127199936.00
2024/12/30,17.60,17.80,17.40,17.44,3473071,63701336.00
2024/12/31,17.44,17.58,16.51,16.52,4690567,82781824.00
2025/01/02,16.53,16.90,16.15,16.50,3809702,66075672.00
2025/01/03,16.47,17.00,15.90,16.97,5331760,92559088.00
2025/01/06,16.73,16.76,15.62,16.05,3817917,65194520.00
2025/01/07,16.06,16.80,15.83,16.66,3569417,61020320.00
2025/01/08,16.40,18.02,16.26,17.21,6158938,109693912.00
2025/01/09,17.00,17.70,16.81,17.06,4950210,88123184.00
2025/01/10,16.88,17.55,16.78,16.78,5140544,91532648.00
2025/01/13,16.40,16.84,15.91,15.98,3968957,66597436.00
2025/01/14,16.03,17.49,16.03,17.02,4762854,82988200.00
2025/01/15,17.00,17.60,16.76,17.49,6444168,115836800.00
2025/01/16,17.42,17.69,17.12,17.48,5267588,94885864.00
2025/01/17,17.30,17.52,17.10,17.39,3102043,55639576.00
2025/01/20,17.40,17.68,17.37,17.56,3780626,68604520.00
2025/01/21,17.65,17.65,17.10,17.41,3010436,54011956.00
2025/01/22,17.33,17.58,16.84,16.91,3431426,60842316.00
2025/01/23,17.26,17.78,16.99,17.78,8127969,147233392.00
2025/01/24,17.48,17.87,17.45,17.69,4868173,88738808.00
2025/01/27,17.60,17.79,17.21,17.21,3562304,64551600.00
2025/02/05,17.26,17.37,16.93,17.12,3056006,53982844.00
2025/02/06,17.00,17.45,16.91,17.42,2947132,52431524.00
2025/02/07,17.40,17.73,17.25,17.48,4839494,87676504.00
2025/02/10,17.48,18.40,17.40,18.21,8949316,166375824.00
2025/02/11,18.10,18.49,17.97,18.36,6189083,116871408.00
2025/02/12,18.34,18.45,18.05,18.21,4598170,86174032.00
2025/02/13,18.12,18.19,17.80,17.85,3748941,69535144.00
2025/02/14,17.87,17.94,17.70,17.81,2374340,43688596.00
2025/02/17,17.75,18.10,17.67,18.09,3140202,58175160.00
2025/02/18,18.11,18.11,17.22,17.23,4094530,74415616.00
2025/02/19,17.53,18.24,17.51,17.74,3864080,71084512.00
2025/02/20,17.60,17.95,17.50,17.93,3326936,61308788.00
2025/02/21,17.93,17.93,17.50,17.79,3749494,68559016.00
2025/02/24,17.61,18.19,17.47,17.96,4914630,90653016.00
2025/02/25,17.75,17.80,17.55,17.60,2767844,50582544.00
2025/02/26,17.70,17.94,17.62,17.85,2746696,50572576.00
2025/02/27,17.86,17.91,17.42,17.68,2802392,51096056.00
2025/02/28,17.51,17.62,17.01,17.04,2979658,53274340.00
2025/03/03,17.09,17.58,16.91,17.16,2007026,35813840.00
2025/03/04,17.01,17.40,16.95,17.39,1698652,30353976.00
2025/03/05,17.40,17.60,17.16,17.53,2166192,39069228.00
2025/03/06,17.55,17.65,17.47,17.59,2055606,37308264.00
2025/03/07,17.59,17.72,17.36,17.40,2416154,43841248.00
2025/03/10,17.39,17.64,17.37,17.59,1778070,32266344.00
2025/03/11,17.45,17.62,17.29,17.48,2531914,45690632.00
2025/03/12,17.57,17.57,17.41,17.48,1651480,29843304.00
2025/03/13,17.43,17.48,17.12,17.40,2074216,37104624.00
2025/03/14,17.45,17.55,17.28,17.55,2312957,41827760.00
2025/03/17,17.55,17.68,17.55,17.62,2116504,38567548.00
2025/03/18,17.69,18.10,17.58,17.97,4064038,74966872.00
2025/03/19,17.88,17.95,17.68,17.79,2471368,45519780.00
2025/03/20,17.71,17.97,17.60,17.83,2539982,46771872.00
2025/03/21,17.85,18.03,17.63,17.73,3177200,58479528.00
2025/03/24,17.68,17.70,16.82,17.22,3308994,59144640.00
2025/03/25,17.21,17.32,16.93,17.22,1555200,27586424.00
2025/03/26,17.16,17.68,17.16,17.47,2428314,43904892.00
2025/03/27,17.40,17.63,17.13,17.50,1897908,34190584.00
2025/03/28,17.42,17.48,16.98,17.08,1964879,34893884.00
2025/03/31,17.08,17.08,16.59,16.77,1775092,30839142.00
2025/04/01,16.77,17.25,16.77,17.09,1555844,27558704.00
2025/04/02,17.11,17.26,17.02,17.06,1022954,18147454.00
2025/04/03,17.00,17.08,16.75,16.97,1172780,20534494.00
2025/04/07,16.20,16.20,15.21,15.21,2548520,40734332.00
2025/04/08,15.21,15.21,14.10,14.40,3353782,50902500.00
2025/04/09,14.20,14.82,13.20,14.61,3320054,49051808.00
2025/04/10,14.88,15.36,14.79,15.10,2343822,36848000.00
2025/04/11,15.10,16.67,15.10,16.67,2209923,37877128.00
2025/04/14,17.90,17.90,17.05,17.07,10834694,195626112.00
2025/04/15,17.06,17.27,16.31,16.97,6375734,110412744.00
2025/04/16,16.60,16.84,16.28,16.34,3692709,63143288.00
2025/04/17,16.15,16.59,16.15,16.43,2245100,38289768.00
2025/04/18,16.39,16.50,16.05,16.17,1878030,31584912.00
2025/04/21,16.05,16.32,16.05,16.31,1432760,24121478.00
2025/04/22,16.30,16.48,16.23,16.37,1778292,30186394.00
2025/04/23,16.38,16.56,16.27,16.55,2053881,34953184.00
2025/04/24,16.43,16.51,16.00,16.07,2091929,35090848.00
2025/04/25,16.07,16.25,15.86,16.11,1522766,25290320.00
2025/04/28,16.05,16.17,15.76,15.81,1096930,18077204.00
2025/04/29,15.83,16.25,15.77,16.18,1416134,23671224.00
2025/04/30,16.31,16.55,16.30,16.39,1871834,31941712.00
2025/05/06,16.45,16.74,16.42,16.72,2060914,35516836.00
2025/05/07,16.85,16.96,16.70,16.84,2339574,40818836.00
2025/05/08,16.92,17.06,16.70,17.01,1761258,30916304.00
2025/05/09,17.00,17.06,16.80,16.88,1536320,26935302.00
2025/05/12,16.93,16.98,16.71,16.88,1877165,32743786.00
2025/05/13,16.92,17.04,16.71,16.79,1231293,21487950.00
2025/05/14,16.78,16.85,16.57,16.65,1317420,22728160.00
2025/05/15,16.65,16.86,16.51,16.68,1232212,21268332.00
2025/05/16,16.67,16.90,16.52,16.84,1412450,24626456.00
2025/05/19,16.90,16.99,16.74,16.95,1547775,27098440.00
2025/05/20,17.00,17.10,16.80,17.10,1257809,22169766.00
2025/05/21,17.07,17.10,16.90,16.98,1064727,18749910.00
2025/05/22,16.87,17.07,16.55,16.62,1362644,23664802.00
2025/05/23,16.58,17.09,16.50,16.72,1812140,31671958.00
2025/05/26,16.66,16.94,16.60,16.85,1071826,18646058.00
2025/05/27,16.72,16.87,16.58,16.74,1028070,17812610.00
2025/05/28,16.81,16.94,16.72,16.85,1455741,25369822.00
2025/05/29,16.78,17.08,16.72,17.01,1690256,29693156.00
2025/05/30,17.05,17.05,16.75,16.82,1406135,24515410.00
2025/06/03,16.82,17.01,16.70,16.97,1660374,29036776.00
2025/06/04,16.90,17.19,16.89,17.17,1627391,28781150.00
2025/06/05,17.15,17.23,16.95,17.05,1252990,22071838.00
2025/06/06,17.09,18.28,17.03,17.50,7529551,136711840.00
2025/06/09,17.47,17.62,17.17,17.57,4830178,86922392.00
2025/06/10,17.65,17.88,17.40,17.56,4589751,83650328.00
2025/06/11,17.59,17.70,17.42,17.52,2784164,50564548.00
2025/06/12,17.60,17.78,17.45,17.75,2993130,54559868.00
2025/06/13,17.70,18.20,17.50,17.87,5526965,101868136.00
2025/06/16,17.87,19.72,17.73,19.72,14107558,275946784.00
2025/06/17,19.52,19.52,18.59,19.08,17810865,347405632.00
2025/06/18,18.78,19.03,18.37,18.54,9820561,188451424.00
2025/06/19,18.34,18.99,17.91,18.99,11826206,226711040.00
2025/06/20,18.99,20.90,18.74,19.75,19583394,401470016.00
2025/06/23,18.90,21.28,18.79,20.17,16983544,350034176.00
2025/06/24,19.32,19.55,18.82,19.11,13837232,273441216.00
2025/06/25,19.06,19.25,18.43,19.03,12014113,233146480.00
2025/06/26,19.02,20.40,18.59,20.23,16855822,342613888.00
2025/06/27,19.74,19.86,19.44,19.55,9993206,201728480.00
2025/06/30,19.36,19.90,19.03,19.76,7897648,158543248.00
2025/07/01,19.65,19.70,19.06,19.38,6314917,125670488.00
2025/07/02,19.22,19.66,19.10,19.26,5334912,106817752.00
2025/07/03,19.28,19.28,18.71,18.82,5497721,107152768.00
2025/07/04,18.86,18.89,18.32,18.36,5268748,99493544.00
2025/07/07,18.36,18.72,18.33,18.64,3368098,63888420.00
2025/07/08,18.64,20.54,18.58,20.54,10842326,221993968.00
2025/07/09,20.96,22.05,20.63,20.71,24155996,522410112.00
2025/07/10,21.34,21.80,20.76,21.35,17712494,382691872.00
2025/07/11,20.81,21.11,20.15,20.21,12041789,250780816.00
2025/07/14,20.72,21.47,20.33,20.54,7647043,160731472.00
2025/07/15,20.48,20.60,20.05,20.30,6284894,129934352.00
2025/07/16,20.38,20.39,19.97,20.20,4569266,93809328.00
2025/07/17,20.17,20.25,19.90,20.20,4695074,96344856.00
2025/07/18,20.17,20.38,20.01,20.24,4731331,97367904.00
2025/07/21,20.08,20.63,20.03,20.55,7449631,155277376.00
2025/07/22,20.55,20.78,20.29,20.48,6024236,125846536.00
2025/07/23,20.48,20.48,19.75,19.77,5500727,112289184.00
2025/07/24,19.77,19.90,19.73,19.84,3468934,70077744.00
2025/07/25,19.85,20.03,19.59,19.63,4266168,86062376.00
2025/07/28,19.81,19.94,19.64,19.91,3071886,62137492.00
2025/07/29,19.97,19.99,19.45,19.66,3805672,75980440.00
2025/07/30,19.61,19.80,19.39,19.58,3355540,67109304.00
2025/07/31,19.66,19.74,19.33,19.43,2611666,52058396.00
2025/08/01,19.43,19.80,19.37,19.68,3224591,64679864.00
2025/08/04,19.68,19.90,19.41,19.88,2917632,58903764.00
2025/08/05,19.89,20.37,19.84,20.14,4099135,83982240.00
2025/08/06,20.12,20.19,20.00,20.19,3053225,62664284.00
2025/08/07,20.19,20.19,19.92,20.03,2637072,53818356.00
2025/08/08,19.99,20.60,19.81,20.49,7356633,152787792.00
2025/08/11,20.55,20.72,20.33,20.60,4538004,95060160.00
2025/08/12,20.60,20.67,20.30,20.49,2674874,55731736.00
2025/08/13,20.57,20.67,20.29,20.48,3435194,71652488.00
2025/08/14,20.51,20.57,20.01,20.03,3547725,73233328.00
2025/08/15,20.05,20.26,19.99,20.14,2736258,56130612.00
2025/08/18,20.18,20.58,20.18,20.56,5562028,115561024.00
2025/08/19,20.52,21.48,20.29,20.97,9739520,207535680.00
2025/08/20,21.25,21.45,20.76,20.90,6963450,148846672.00
2025/08/21,20.85,20.99,20.57,20.75,4448939,94219552.00
2025/08/22,20.76,20.85,20.45,20.67,4060195,85289904.00
2025/08/25,20.69,20.72,20.38,20.50,4605210,96528528.00
2025/08/26,20.45,22.59,20.35,22.59,10076321,223268608.00
2025/08/27,23.00,24.89,21.90,24.89,28103994,662626240.00
2025/08/28,25.29,26.60,23.98,24.67,30399452,778750272.00
2025/08/29,23.48,23.98,22.16,22.16,21918506,507905120.00
2025/09/01,22.04,24.42,22.04,24.42,11631345,279818720.00
2025/09/02,24.45,25.61,23.23,25.10,24630337,613387200.00
2025/09/03,24.56,24.59,23.30,23.60,12708235,307229888.00
2025/09/04,23.40,26.00,23.20,26.00,18393898,470165888.00
2025/09/05,26.00,27.47,24.83,26.23,24643326,641975616.00
2025/09/08,24.43,25.94,23.95,25.94,18905629,480297344.00
2025/09/09,25.29,25.30,24.75,25.08,11087384,281230848.00
2025/09/10,25.10,25.22,23.39,24.20,11141500,272637344.00
2025/09/11,23.80,24.30,23.52,24.04,8438986,205502928.00
2025/09/12,24.35,24.57,23.56,23.61,7520903,182455776.00
2025/09/15,23.63,23.71,22.84,22.94,7421053,174003936.00
2025/09/16,23.19,23.36,22.79,23.28,5752899,135120224.00
2025/09/17,23.10,24.16,22.99,23.89,8344712,200673888.00
2025/09/18,23.65,23.88,22.80,22.88,7337127,173732448.00
2025/09/19,22.60,22.88,22.18,22.30,5069284,115482512.00
2025/09/22,22.32,22.52,21.92,22.16,3427025,77192000.00
2025/09/23,22.16,22.79,21.37,22.77,7111009,160251888.00
2025/09/24,22.54,22.96,22.01,22.78,5118998,117238416.00
2025/09/25,22.80,22.89,22.44,22.55,3672375,84558736.00
2025/09/26,22.50,22.68,22.19,22.21,2532438,57779268.00
2025/09/29,22.25,22.70,21.85,22.64,3065047,70037648.00
2025/09/30,22.60,22.69,22.38,22.40,2266432,51873976.00
2025/10/09,22.42,22.94,22.26,22.86,3740842,86736384.00
2025/10/10,22.81,23.15,22.63,22.73,3594622,83733104.00
2025/10/13,21.96,22.63,21.20,22.56,3376060,76137376.00
2025/10/14,22.59,22.90,22.43,22.56,3699889,85314976.00
2025/10/15,22.55,22.89,22.33,22.88,3073691,70937528.00
2025/10/16,22.81,23.10,22.34,22.38,3350350,77331792.00
2025/10/17,22.35,22.63,21.90,21.90,3010957,68113184.00
2025/10/20,22.21,22.38,22.01,22.38,1974933,44642188.00
2025/10/21,22.70,23.21,22.35,23.08,4913740,114858616.00
2025/10/22,23.23,24.10,23.23,23.60,9103730,219130752.00
2025/10/23,23.69,24.15,23.39,23.87,7188968,173751248.00
2025/10/24,24.03,24.06,23.32,23.97,7567881,182021904.00
2025/10/27,23.60,23.85,23.57,23.62,4901218,117992520.00
2025/10/28,23.57,23.82,23.28,23.35,4060876,97112608.00
2025/10/29,23.31,23.50,23.12,23.36,3462060,82067544.00
2025/10/30,23.35,23.35,22.89,23.05,2998416,70455640.00
2025/10/31,23.01,23.36,22.96,23.26,2470494,58423172.00
2025/11/03,23.30,23.41,23.01,23.37,2072300,48937644.00
2025/11/04,23.35,23.35,22.75,22.93,2483810,58120884.00
2025/11/05,22.84,23.33,22.64,23.16,2262517,53149684.00
2025/11/06,23.16,23.38,22.93,23.33,2345600,55395444.00
2025/11/07,23.29,23.87,23.20,23.71,6005964,144761248.00
2025/11/10,23.80,23.87,23.38,23.41,3803960,90870808.00
2025/11/11,23.41,23.80,23.20,23.78,4770172,114837304.00
2025/11/12,23.79,23.82,23.22,23.48,3000588,71474608.00
2025/11/13,23.47,24.75,23.37,24.01,6882583,168568800.00
2025/11/14,23.70,24.13,23.60,23.85,4095634,99609816.00
2025/11/17,23.85,23.85,23.13,23.55,3466674,82511672.00
2025/11/18,24.30,25.08,23.73,24.01,8168834,202007216.00
2025/11/19,23.83,24.04,22.98,23.05,5517111,131300960.00
2025/11/20,23.28,23.80,22.69,22.79,4111050,96693160.00
2025/11/21,23.00,25.11,21.65,25.11,16104223,397684896.00
2025/11/24,25.32,27.66,24.91,27.66,22953619,608524096.00
2025/11/25,30.47,30.47,29.62,30.47,8362909,257722736.00
2025/11/26,29.16,33.56,27.38,27.70,34097992,1032310080.00
2025/11/27,25.52,26.95,25.00,26.14,24183043,635989440.00
2025/11/28,25.55,26.92,25.00,25.83,16444221,428505728.00
2025/12/01,26.05,27.24,25.82,26.34,17148790,460100448.00
2025/12/02,25.91,26.90,25.69,26.65,15036645,401560576.00
2025/12/03,26.51,27.05,25.56,25.83,12869561,342278560.00
2025/12/04,25.83,25.97,24.88,24.90,10312646,264809728.00
2025/12/05,24.87,25.72,24.62,25.68,8324030,213949824.00
2025/12/08,25.93,27.05,25.51,26.57,12623658,338208320.00
2025/12/09,26.40,26.87,26.07,26.57,8476099,227507024.00
2025/12/10,26.43,26.67,25.94,26.16,5655134,150397008.00
2025/12/11,26.18,26.28,25.32,25.40,5400550,140442432.00
2025/12/12,25.50,27.98,25.50,27.98,12211622,337412992.00
2025/12/15,27.78,28.00,26.99,27.55,14196690,397203712.00
2025/12/16,27.63,28.75,27.31,27.66,17374029,489484960.00
2025/12/17,27.85,29.39,27.85,29.38,21174495,613326336.00
2025/12/18,28.20,29.06,28.01,28.67,13968367,401801248.00
2025/12/19,28.24,29.00,27.39,28.48,11671061,335295712.00
2025/12/22,28.30,28.49,27.57,27.82,10070307,283039296.00
2025/12/23,27.63,27.90,26.91,27.21,8573074,235595648.00
2025/12/24,27.22,27.59,26.97,27.51,6072232,167283744.00
2025/12/25,27.33,28.58,27.18,28.42,12242898,347299328.00
2025/12/26,28.14,28.19,27.45,27.71,8162517,228659680.00
2025/12/29,27.58,28.15,27.40,27.87,6071608,169199776.00
2025/12/30,27.59,27.59,25.83,26.09,11040618,293748640.00
2025/12/31,26.48,26.48,25.64,26.07,5005208,131188856.00
2026/01/05,26.26,26.63,26.04,26.56,4572224,121812840.00
2026/01/06,26.58,26.66,26.07,26.32,5382906,142719312.00
2026/01/07,26.34,26.40,25.99,26.06,4229584,111475008.00
2026/01/08,26.08,26.79,25.93,26.70,5466554,145327296.00
2026/01/09,26.79,28.69,26.79,28.05,14657793,412494656.00
2026/01/12,28.50,29.50,28.42,29.09,15733004,458413696.00
2026/01/13,29.01,29.25,27.84,27.95,11001624,314648416.00
2026/01/14,27.95,28.17,27.19,27.70,8086182,225898144.00
2026/01/15,27.44,27.68,27.22,27.39,4573879,126015904.00
2026/01/16,27.80,28.07,27.23,27.60,5817403,161711264.00
2026/01/19,27.49,28.62,27.31,28.60,8473497,241527552.00
2026/01/20,28.60,28.68,27.58,27.90,5929420,167020336.00
2026/01/21,27.68,28.62,27.49,28.46,5859378,166539200.00
2026/01/22,28.45,29.40,28.14,29.05,8109866,235873152.00
2026/01/23,29.00,30.65,28.62,29.80,13711736,409542400.00
2026/01/26,29.68,30.26,28.98,29.39,9888153,293425472.00
2026/01/27,29.01,29.72,28.75,29.44,6087406,179146256.00
2026/01/28,29.34,29.78,28.93,29.07,5747315,169070800.00
2026/01/29,28.91,29.38,28.13,28.38,6347114,183568112.00
2026/01/30,28.80,30.08,28.61,29.09,8007599,235826560.00
2026/02/02,28.88,29.53,28.06,28.10,5024022,145165232.00
2026/02/03,28.58,28.79,28.00,28.50,3881346,110947600.00
2026/02/04,28.49,28.49,27.62,27.96,3962782,111677576.00
2026/02/05,27.82,28.40,27.32,27.41,3121100,87087840.00
2026/02/06,27.26,27.69,27.14,27.36,2533722,70219872.00
2026/02/09,27.65,27.90,27.48,27.72,2569907,71582136.00
2026/02/10,27.72,27.96,27.39,27.60,2801471,78109664.00
2026/02/11,27.59,27.77,27.40,27.40,2137571,59348796.00
2026/02/12,27.57,28.03,27.12,27.58,3543600,98798032.00
2026/02/13,27.63,27.89,27.10,27.27,3009656,83214088.00
2026/02/24,27.30,27.98,27.30,27.90,3331000,93203640.00
2026/02/25,27.91,28.13,27.63,27.97,2787106,78360744.00
2026/02/26,28.08,28.18,27.78,28.12,3446496,97264704.00
2026/02/27,28.02,28.44,27.93,28.44,3314230,94095280.00
2026/03/02,28.32,28.74,27.81,28.17,4672987,133269392.00
2026/03/03,28.39,29.09,27.24,27.64,8077748,229139872.00
2026/03/04,26.97,27.74,26.49,27.17,4534968,124045256.00
2026/03/05,27.63,27.74,26.65,26.84,3459320,94373064.00
2026/03/06,26.80,27.36,26.68,26.99,2268580,61874380.00
2026/03/09,26.83,26.83,25.48,25.88,4167998,108926144.00
2026/03/10,26.14,26.93,26.05,26.91,3488466,93297616.00
2026/03/11,26.91,27.26,26.33,26.37,2690380,72086704.00
2026/03/12,26.37,26.45,25.72,25.83,2210000,57822376.00
2026/03/13,25.73,26.09,25.60,25.64,1825806,47531852.00
2026/03/16,25.52,26.08,25.45,25.83,1560903,40438632.00
2026/03/17,25.82,26.07,25.31,25.34,1891926,48974604.00
2026/03/18,25.43,25.53,24.96,25.43,1892132,48159088.00
2026/03/19,25.20,25.31,24.54,24.64,2070640,51739812.00
2026/03/20,24.74,25.33,24.23,24.45,2699848,67158584.00
2026/03/23,23.99,24.21,22.78,22.90,3027052,71745200.00
2026/03/24,23.36,23.86,22.96,23.80,2450048,57886320.00
2026/03/25,23.81,24.17,23.76,23.98,1440780,34880504.00
2026/03/26,23.80,24.29,23.62,23.80,1420049,34272832.00
2026/03/27,23.67,24.25,23.33,24.13,1312810,31787466.00
2026/03/30,23.98,24.34,23.86,24.34,1401300,34194960.00
2026/03/31,24.34,24.48,23.80,23.86,1498794,36437028.00
2026/04/01,24.23,24.33,24.00,24.18,1178193,28718220.00
2026/04/02,24.15,24.47,23.72,24.00,1091450,26432536.00
2026/04/03,24.22,24.22,23.30,23.45,1079224,25618830.00
2026/04/07,23.59,24.08,23.44,23.89,1540500,37125712.00
2026/04/08,24.21,24.70,23.90,24.66,1685000,41596864.00
2026/04/09,24.47,24.65,24.33,24.37,1179894,29096140.00
2026/04/10,24.52,24.80,24.38,24.58,1463726,36388984.00
2026/04/13,24.58,24.78,24.30,24.71,1321045,32811388.00
2026/04/14,24.86,25.40,24.61,25.38,2336865,58825560.00
2026/04/15,25.38,26.08,25.19,25.26,3003100,77495920.00
2026/04/16,25.31,25.43,25.05,25.11,1855266,47078360.00
2026/04/17,25.05,25.27,24.85,25.14,1381310,34926384.00
2026/04/20,25.19,26.56,25.05,25.68,4593586,119622568.00
2026/04/21,25.53,25.78,25.20,25.46,2847400,72934544.00
2026/04/22,25.21,25.40,24.95,25.29,1825362,46388320.00
2026/04/23,25.21,25.50,24.73,25.16,2539400,64132988.00
2026/04/24,24.91,25.45,24.53,24.92,2493750,62730924.00
2026/04/27,24.77,25.24,24.27,25.23,2238410,56143668.00
2026/04/28,25.25,25.41,24.28,24.54,2150444,53379752.00
2026/04/29,22.08,23.16,22.08,22.69,5541080,126480880.00
2026/04/30,22.71,23.14,22.48,22.75,3022660,69305960.00
2026/05/06,22.80,23.01,22.68,22.78,2732425,62866400.00
2026/05/07,22.80,22.97,22.60,22.87,2138186,49179648.00
2026/05/08,22.88,23.42,22.70,23.38,2858025,66587308.00
2026/05/11,23.38,23.47,22.97,23.13,2367682,55189452.00
2026/05/12,23.02,23.23,22.42,22.49,2363900,54021008.00
2026/05/13,22.33,22.49,21.73,22.10,3638676,80771344.00
2026/05/14,22.20,22.20,21.54,21.70,2695620,59312596.00
2026/05/15,21.81,21.85,21.35,21.60,1968877,42868336.00
2026/05/18,21.59,21.75,21.25,21.67,2074744,44973568.00
2026/05/19,21.60,21.86,21.42,21.81,1729300,37833812.00
2026/05/20,21.81,21.85,21.42,21.68,1243722,27120490.00
2026/05/21,21.69,22.24,21.05,21.14,2510710,54824132.00
2026/05/22,21.14,21.54,20.94,21.41,1751102,37598292.00
2026/05/25,21.41,21.51,20.78,21.00,1729540,36729372.00
2026/05/26,21.00,21.18,20.32,20.53,1838320,38203520.00
2026/05/27,20.53,20.63,20.16,20.35,1746896,35869484.00
2026/05/28,20.36,20.54,19.84,20.39,1508476,30866928.00
2026/05/29,20.30,20.32,19.46,19.62,2164522,43219916.00
2026/06/01,19.62,20.94,19.48,20.58,3248263,67259304.00
2026/06/02,20.55,20.84,19.95,20.15,1592900,32427720.00
2026/06/03,20.16,20.16,19.62,19.74,1734095,34788736.00
2026/06/04,19.73,19.83,19.32,19.47,1257592,24806590.00
2026/06/05,19.41,19.80,19.10,19.57,1468356,28945538.00
2026/06/08,19.10,19.43,18.48,18.80,1924993,36800048.00
2026/06/09,18.91,19.09,18.52,18.69,1504950,28483660.00
2026/06/10,18.53,18.71,18.11,18.52,2018228,37500220.00
2026/06/11,18.50,18.65,18.11,18.39,1381828,25694034.00
2026/06/12,18.63,18.83,18.35,18.68,1475400,27821144.00
2026/06/15,18.73,19.23,18.73,18.93,1761800,33780520.00
2026/06/16,18.92,19.11,18.58,18.93,1711900,32541196.00
2026/06/17,18.81,18.96,18.49,18.49,1570050,29586318.00
2026/06/18,18.45,20.36,18.02,20.36,9576388,191930704.00
2026/06/22,20.63,22.42,20.10,22.42,13171940,285248320.00
2026/06/23,22.10,23.30,21.20,21.43,11881279,265540576.00
2026/06/24,21.17,22.18,20.46,20.74,8200628,173768416.00
2026/06/25,20.91,21.66,19.95,21.01,8573044,179445584.00
2026/06/26,20.50,20.51,19.22,19.41,6304053,125278160.00
2026/06/29,19.20,20.29,18.49,19.00,4610525,88957776.00
2026/06/30,18.95,19.20,18.44,18.97,4043935,76934760.00
2026/07/01,18.97,19.64,18.59,19.54,4853397,94311672.00
2026/07/02,19.22,20.02,18.98,19.40,4720300,93325632.00
2026/07/03,19.41,20.79,19.36,20.50,7210262,146958080.00
2026/07/06,20.08,20.16,18.99,19.02,5312542,104706368.00
2026/07/07,18.94,20.36,18.81,19.77,4866773,96220304.00
2026/07/08,19.68,19.68,18.20,18.20,4246070,79001008.00
2026/07/09,18.10,18.16,16.66,17.28,5052729,87413120.00
2026/07/10,17.29,18.68,17.06,17.91,4376792,78411448.00
2026/07/13,17.89,18.24,17.39,17.39,2953110,52404600.00
2026/07/14,17.47,19.13,17.30,18.49,6378385,118708912.00
2026/07/15,18.31,18.60,17.86,18.14,4146810,75500664.00
2026/07/16,17.83,18.20,17.80,17.91,1977500,35486336.00
2026/07/17,17.98,18.06,17.15,17.18,2540240,44450920.00
2026/07/20,17.24,17.44,15.86,16.07,3530180,58542300.00
2026/07/21,16.06,16.11,15.09,16.07,2777503,43496764.00
2026/07/22,15.86,16.15,15.64,15.78,1946200,30835688.00
2026/07/23,15.70,16.33,15.63,16.25,2257411,36377444.00
2026/07/24,15.94,16.17,15.65,15.81,1290621,20453954.00
2026/07/27,16.00,17.02,15.83,16.77,3061111,50784980.00
2026/07/28,16.50,16.90,16.50,16.65,1613289,26934438.00
2026/07/29,16.68,17.22,16.58,16.98,2232699,37803296.00
2026/07/30,17.09,17.27,16.62,16.78,1969412,33412838.00
2026/07/31,16.98,17.26,16.90,17.19,1520433,26101276.00
2026/08/03,17.12,17.47,17.06,17.44,1206341,20948186.00
2026/08/04,17.51,17.73,17.45,17.65,1304840,23006334.00
2026/08/05,17.71,17.99,17.67,17.99,1635471,29209722.00
2026/08/06,17.99,18.14,17.81,18.13,1747760,31516584.00
2026/08/07,18.13,19.94,17.82,19.94,5404615,104254136.00
2026/08/10,19.88,21.24,19.72,20.14,9968754,202534736.00
2026/08/11,20.00,20.00,19.48,19.51,6171335,121326944.00
2026/08/12,19.45,19.67,19.36,19.59,2934357,57441700.00
2026/08/13,19.60,19.65,19.23,19.25,2691750,52261288.00
2026/08/14,19.30,19.65,19.24,19.63,2545993,49527444.00
2026/08/17,19.65,19.85,19.39,19.82,2704452,53227176.00
2026/08/18,19.75,19.82,19.53,19.82,1902710,37411804.00
2026/08/19,19.41,19.55,19.00,19.00,2006357,38641364.00
2026/08/20,19.10,19.64,19.10,19.48,1865900,36315748.00
2026/08/21,19.49,19.57,19.03,19.47,1603559,31071368.00
2026/08/24,19.75,19.77,19.06,19.27,1457400,28095070.00
2026/08/25,19.17,19.69,19.04,19.62,1469700,28572392.00
2026/08/26,19.60,19.72,19.42,19.66,1572091,30785672.00
2026/08/27,19.68,19.77,19.44,19.69,2355300,46327640.00
2026/08/28,19.71,20.08,19.71,19.97,3480049,69400672.00
2026/08/31,19.94,21.00,19.71,20.84,5730207,117527472.00
2026/09/01,20.47,20.69,20.05,20.23,4419514,89225488.00
2026/09/02,19.92,20.63,19.88,20.40,4779223,97444552.00
2026/09/03,20.41,20.63,20.17,20.30,3346805,68165200.00
2026/09/04,20.31,20.40,19.86,20.00,2676390,53916576.00
2026/09/07,22.00,22.00,22.00,22.00,5632964,123925208.00
2026/09/08,22.19,22.68,20.95,21.38,12252592,261410752.00
2026/09/09,20.96,21.20,20.43,20.64,7310972,151096000.00
2026/09/10,20.50,20.50,19.68,19.72,5016360,100456392.00
2026/09/11,19.45,19.65,18.97,19.22,3678564,70572312.00
2026/09/14,19.18,19.44,18.92,19.23,2268100,43592692.00
#数据来源:通达信
