000655 金岭矿业 日线 前复权
      日期	    开盘	    最高	    最低	    收盘	    成交量	    成交额
2021/08/02,8.99,9.07,8.47,8.83,32607564,305384160.00
2021/08/03,8.77,9.12,8.71,8.91,21529972,205585392.00
2021/08/04,8.82,9.09,8.82,9.07,19874944,191112192.00
2021/08/05,8.87,9.03,8.61,8.63,18770212,176309168.00
2021/08/06,8.53,8.88,8.50,8.80,15090653,141772032.00
2021/08/09,8.64,8.91,8.62,8.90,15131154,142183136.00
2021/08/10,8.76,8.98,8.70,8.80,15383011,145270512.00
2021/08/11,8.86,9.16,8.83,9.16,24868292,240094320.00
2021/08/12,9.07,9.41,8.97,9.31,23872943,235202432.00
2021/08/13,9.18,9.42,9.10,9.27,18031592,178129200.00
2021/08/16,9.35,9.43,9.10,9.22,16251933,160660112.00
2021/08/17,9.15,9.40,8.91,8.98,17942026,176425040.00
2021/08/18,8.95,9.12,8.85,9.06,13107242,125994552.00
2021/08/19,8.93,8.95,8.56,8.86,18228815,170885312.00
2021/08/20,8.81,8.90,8.64,8.87,11453865,107828072.00
2021/08/23,8.87,9.02,8.77,8.87,15725325,149336704.00
2021/08/24,8.88,9.56,8.88,9.56,37616047,374101792.00
2021/08/25,9.46,9.50,9.20,9.39,25360855,252444064.00
2021/08/26,9.39,9.97,9.37,9.73,36084910,373673600.00
2021/08/27,9.58,10.44,9.49,10.21,41544504,440895936.00
2021/08/30,11.05,11.29,10.57,10.69,71860548,838701696.00
2021/08/31,10.66,11.23,10.25,11.11,61741609,696175808.00
2021/09/01,10.67,11.31,9.96,10.31,51566439,582680000.00
2021/09/02,10.04,10.79,9.95,10.65,31925576,354514432.00
2021/09/03,10.40,10.72,10.03,10.24,27748179,304895744.00
2021/09/06,10.24,10.48,9.86,10.14,20253080,217303568.00
2021/09/07,10.07,10.90,10.05,10.79,34104667,380689184.00
2021/09/08,10.67,11.10,10.63,10.89,33500479,384539456.00
2021/09/09,10.85,11.28,10.64,11.20,40352057,471614336.00
2021/09/10,11.15,11.35,10.77,10.94,34398880,400962176.00
2021/09/13,10.90,11.23,10.77,11.16,32841739,382801856.00
2021/09/14,10.97,10.97,10.35,10.44,29702601,332451744.00
2021/09/15,10.37,11.55,10.31,11.55,32461952,380576032.00
2021/09/16,11.77,11.77,10.94,11.04,46524762,554013696.00
2021/09/17,10.93,11.10,10.07,10.33,31502293,354107264.00
2021/09/22,10.33,11.43,9.98,11.43,48586934,557450240.00
2021/09/23,11.57,11.79,10.97,11.06,48100624,576238720.00
2021/09/24,11.24,11.28,10.37,10.43,31276656,356581536.00
2021/09/27,10.42,10.49,9.32,9.32,28537300,291471584.00
2021/09/28,8.93,9.25,8.64,8.83,22345907,212178256.00
2021/09/29,8.82,8.82,8.11,8.13,18363145,165396464.00
2021/09/30,8.30,8.71,8.30,8.64,15523370,142271888.00
2021/10/08,8.68,8.83,8.45,8.69,14267278,132267200.00
2021/10/11,8.69,8.89,8.50,8.83,11613015,108463880.00
2021/10/12,8.77,8.84,8.38,8.61,11212625,103170520.00
2021/10/13,8.50,8.60,8.28,8.49,8845502,80068800.00
2021/10/14,8.50,8.75,8.35,8.60,9773019,89942760.00
2021/10/15,8.59,8.77,8.49,8.51,7091714,65351296.00
2021/10/18,8.51,8.72,8.43,8.72,8143962,75371656.00
2021/10/19,8.67,8.80,8.58,8.75,8957718,83610168.00
2021/10/20,8.63,8.68,8.31,8.55,8630053,78956424.00
2021/10/21,8.58,8.76,8.54,8.56,10880739,101225296.00
2021/10/22,8.47,8.53,8.23,8.30,12425559,111475208.00
2021/10/25,8.28,8.43,8.12,8.34,7017247,62862860.00
2021/10/26,8.33,8.46,8.28,8.39,7561136,68066272.00
2021/10/27,8.37,8.37,7.84,7.93,14039991,121361704.00
2021/10/28,7.92,7.94,7.33,7.40,13479830,110245872.00
2021/10/29,7.43,7.69,7.39,7.53,8040676,65404336.00
2021/11/01,7.47,7.69,7.46,7.63,7095325,58438636.00
2021/11/02,7.75,7.76,7.20,7.31,9348811,75482504.00
2021/11/03,7.34,7.43,7.31,7.42,5972493,47823728.00
2021/11/04,7.38,7.51,7.36,7.40,5848680,47049060.00
2021/11/05,7.35,7.35,7.04,7.09,9346279,73089464.00
2021/11/08,7.08,7.26,7.08,7.17,6058104,47334528.00
2021/11/09,7.18,7.23,7.07,7.14,5306861,41191248.00
2021/11/10,7.03,7.15,6.88,7.12,8587765,65475612.00
2021/11/11,7.16,7.51,7.16,7.51,13515086,108081952.00
2021/11/12,7.51,7.51,7.32,7.39,8085620,64832712.00
2021/11/15,7.38,7.38,7.23,7.37,6095144,48318312.00
2021/11/16,7.37,7.37,7.25,7.25,4630054,36704440.00
2021/11/17,7.25,7.39,7.23,7.36,5851258,46557848.00
2021/11/18,7.36,7.46,7.32,7.37,7634733,61269640.00
2021/11/19,7.36,7.56,7.28,7.52,10155520,81896288.00
2021/11/22,7.60,7.64,7.46,7.64,10291291,84225264.00
2021/11/23,7.66,8.26,7.66,8.10,26798338,231401056.00
2021/11/24,8.08,8.11,7.91,8.10,16066685,138629024.00
2021/11/25,8.20,8.23,7.93,7.94,10083652,87115800.00
2021/11/26,7.80,8.01,7.72,7.90,9159647,77957256.00
2021/11/29,7.70,7.92,7.58,7.84,8741195,73157992.00
2021/11/30,7.92,8.03,7.75,7.82,7269360,62002280.00
2021/12/01,7.82,8.00,7.74,7.99,7549180,64448476.00
2021/12/02,7.90,8.14,7.86,8.02,12936568,111802128.00
2021/12/03,8.02,8.07,7.85,8.06,10057636,86455656.00
2021/12/06,8.06,8.22,7.91,7.95,12234100,106774184.00
2021/12/07,8.12,8.47,7.98,8.29,23912936,211754864.00
2021/12/08,8.18,8.28,8.11,8.18,14878600,130680624.00
2021/12/09,8.14,8.22,8.01,8.08,10389308,90910232.00
2021/12/10,8.02,8.19,8.01,8.10,7597279,66457592.00
2021/12/13,8.13,8.22,8.05,8.16,9280702,81259632.00
2021/12/14,8.05,8.09,7.87,7.88,9440230,81032248.00
2021/12/15,7.88,7.97,7.83,7.83,5900820,50278484.00
2021/12/16,7.87,8.15,7.84,8.08,11238604,97536488.00
2021/12/17,8.12,8.23,8.02,8.05,8939100,78065896.00
2021/12/20,8.00,8.14,7.79,7.81,7715900,66055416.00
2021/12/21,7.82,8.10,7.81,8.07,8484409,73249928.00
2021/12/22,8.14,8.19,7.91,7.93,7707000,66250252.00
2021/12/23,7.95,7.98,7.88,7.93,4974500,42596788.00
2021/12/24,8.06,8.10,7.60,7.60,11219108,94276472.00
2021/12/27,7.51,7.66,7.49,7.60,4782332,39210068.00
2021/12/28,7.60,7.64,7.51,7.60,3459123,28413528.00
2021/12/29,7.56,7.79,7.56,7.67,5215800,43415500.00
2021/12/30,7.71,7.72,7.60,7.66,4382473,36389452.00
2021/12/31,7.65,7.69,7.60,7.66,3245287,26906170.00
2022/01/04,7.65,7.82,7.63,7.80,5794852,48534908.00
2022/01/05,7.85,7.85,7.66,7.78,5044941,42223880.00
2022/01/06,7.72,7.98,7.72,7.88,6837975,58205240.00
2022/01/07,7.88,8.12,7.87,8.00,11615437,100659568.00
2022/01/10,7.94,8.08,7.90,8.02,5456357,47028696.00
2022/01/11,8.00,8.11,8.00,8.07,7177756,62424964.00
2022/01/12,8.10,8.20,7.96,8.11,7094897,61679060.00
2022/01/13,8.11,8.33,8.07,8.13,7676000,67517224.00
2022/01/14,8.07,8.12,7.85,7.85,6231880,53412784.00
2022/01/17,7.90,7.94,7.74,7.78,4586923,38591752.00
2022/01/18,7.87,7.90,7.71,7.77,5096500,42952392.00
2022/01/19,7.85,8.21,7.84,8.00,12188298,105108328.00
2022/01/20,7.94,8.10,7.67,7.68,10106271,85685232.00
2022/01/21,7.75,7.75,7.35,7.42,8139476,66004376.00
2022/01/24,7.39,7.60,7.26,7.50,5262904,42641584.00
2022/01/25,7.50,7.50,7.09,7.10,8026513,63038852.00
2022/01/26,7.08,7.33,7.08,7.24,5148942,40388376.00
2022/01/27,7.07,7.13,6.78,6.79,10338707,78039472.00
2022/01/28,6.82,6.93,6.60,6.75,6635187,48950664.00
2022/02/07,6.87,7.19,6.82,7.11,7922847,60773900.00
2022/02/08,7.17,7.88,7.14,7.71,25785864,215534752.00
2022/02/09,7.59,7.97,7.57,7.65,21171283,176298736.00
2022/02/10,7.66,7.81,7.59,7.74,12747965,106192664.00
2022/02/11,7.93,7.96,7.61,7.62,10121100,84994368.00
2022/02/14,7.38,7.63,7.38,7.47,7760053,63284068.00
2022/02/15,7.47,7.50,7.22,7.32,7663454,61048500.00
2022/02/16,7.37,7.45,7.29,7.40,5554214,44465732.00
2022/02/17,7.39,7.49,7.35,7.44,6099326,49159796.00
2022/02/18,7.43,7.60,7.33,7.57,5346795,43592120.00
2022/02/21,7.56,7.58,7.47,7.57,5752150,46854724.00
2022/02/22,7.55,7.74,7.43,7.50,7807930,64109408.00
2022/02/23,7.51,7.64,7.48,7.61,6986626,57317736.00
2022/02/24,7.60,7.64,7.23,7.37,8951964,72445808.00
2022/02/25,7.44,7.67,7.38,7.45,7303795,59632032.00
2022/02/28,7.49,7.61,7.34,7.57,6411254,52077120.00
2022/03/01,7.55,7.75,7.53,7.68,7774383,64373128.00
2022/03/02,7.67,7.93,7.67,7.84,10461630,88362488.00
2022/03/03,8.03,8.24,7.89,8.10,17811791,155562672.00
2022/03/04,7.97,8.07,7.84,7.89,11342433,97170384.00
2022/03/07,8.07,8.12,7.81,7.89,9213379,79063280.00
2022/03/08,8.05,8.17,7.54,7.69,12508770,105939824.00
2022/03/09,7.62,7.80,7.13,7.41,11917010,96636616.00
2022/03/10,7.56,7.76,7.22,7.27,12150300,98198184.00
2022/03/11,7.10,7.28,6.86,7.28,9159943,70230408.00
2022/03/14,7.15,7.23,6.87,6.87,6991819,53710020.00
2022/03/15,6.78,6.80,6.16,6.18,12241302,86412264.00
2022/03/16,6.31,6.40,5.97,6.39,8292613,56804876.00
2022/03/17,6.46,6.68,6.45,6.57,7043475,50787820.00
2022/03/18,6.60,6.85,6.51,6.82,7347626,54080576.00
2022/03/21,6.79,6.85,6.61,6.70,6931545,50973288.00
2022/03/22,6.66,6.74,6.58,6.69,5156826,37603340.00
2022/03/23,6.68,6.69,6.57,6.64,5274175,38273764.00
2022/03/24,6.60,6.67,6.47,6.53,4746201,34174888.00
2022/03/25,6.59,6.65,6.53,6.55,4057996,29325292.00
2022/03/28,6.49,6.73,6.34,6.63,5717466,41136180.00
2022/03/29,6.63,6.66,6.45,6.49,4730802,33907088.00
2022/03/30,6.60,6.61,6.47,6.61,4151456,29792710.00
2022/03/31,6.72,7.00,6.65,6.70,9581200,71192352.00
2022/04/01,6.64,6.90,6.59,6.83,8502287,62806728.00
2022/04/06,6.77,7.19,6.73,7.14,10881319,83201080.00
2022/04/07,7.10,7.17,6.92,6.96,9261716,71152816.00
2022/04/08,7.01,7.05,6.75,6.95,7807392,58830320.00
2022/04/11,6.80,6.93,6.53,6.56,7621402,55751972.00
2022/04/12,6.56,6.72,6.43,6.69,4581301,32990244.00
2022/04/13,6.62,6.98,6.54,6.83,7979340,59292740.00
2022/04/14,6.76,6.93,6.64,6.86,7749561,57626944.00
2022/04/15,6.83,7.30,6.79,6.95,14492639,111272352.00
2022/04/18,6.75,6.87,6.60,6.60,9541681,69870120.00
2022/04/19,6.60,7.32,6.60,7.15,29303775,226737856.00
2022/04/20,7.07,7.12,6.69,6.72,24446614,183807152.00
2022/04/21,6.70,6.76,6.07,6.07,17635513,123019696.00
2022/04/22,6.07,6.08,5.73,5.81,8553602,55339244.00
2022/04/25,5.67,5.70,5.17,5.17,11672361,69614328.00
2022/04/26,5.17,5.17,4.67,4.73,9187336,50717024.00
2022/04/27,4.64,4.98,4.55,4.96,8673596,47127036.00
2022/04/28,4.87,5.04,4.81,4.88,4873423,27011448.00
2022/04/29,4.95,5.19,4.91,5.15,5980252,34188248.00
2022/05/05,5.13,5.30,5.13,5.23,4870604,28491626.00
2022/05/06,5.05,5.14,4.98,5.03,4539777,25849764.00
2022/05/09,5.02,5.17,4.99,5.08,3134300,17930984.00
2022/05/10,5.02,5.14,4.93,5.13,3784518,21533154.00
2022/05/11,5.14,5.30,5.11,5.13,5954049,34755812.00
2022/05/12,5.08,5.19,5.06,5.15,5034096,28990060.00
2022/05/13,5.19,5.23,5.08,5.18,3620472,20900756.00
2022/05/16,5.22,5.25,5.18,5.23,3954270,23128376.00
2022/05/17,5.22,5.35,5.15,5.28,5974879,35108892.00
2022/05/18,5.33,5.34,5.22,5.30,5159000,30548394.00
2022/05/19,5.18,5.29,5.17,5.28,3439315,20162240.00
2022/05/20,5.34,5.56,5.29,5.55,7827287,47588796.00
2022/05/23,6.17,6.17,6.17,6.17,6110590,41552012.00
2022/05/24,6.62,6.82,6.19,6.22,36177032,256386128.00
2022/05/25,6.21,6.47,6.09,6.24,22039021,151503616.00
2022/05/26,6.13,6.20,5.92,6.03,14452565,96370656.00
2022/05/27,6.11,6.15,5.97,6.08,10078275,67558296.00
2022/05/30,6.13,6.18,5.96,6.01,8172393,54458452.00
2022/05/31,6.07,6.37,5.97,6.37,16365590,111628392.00
2022/06/01,6.29,6.64,6.20,6.59,21474215,153021536.00
2022/06/02,6.63,7.31,6.57,7.31,30581968,236364448.00
2022/06/06,7.22,7.32,6.79,7.00,41636096,317055680.00
2022/06/07,7.04,7.76,6.87,7.76,52852552,429650848.00
2022/06/08,7.47,7.62,7.28,7.58,37713216,302220960.00
2022/06/09,7.51,8.40,7.40,7.56,52459140,444739552.00
2022/06/10,7.49,7.74,7.06,7.24,50908186,402099744.00
2022/06/13,7.08,7.12,6.76,6.92,29724742,223275856.00
2022/06/14,6.79,6.91,6.48,6.86,24313455,176814768.00
2022/06/15,6.67,6.91,6.66,6.70,15556057,114670520.00
2022/06/16,6.74,6.96,6.70,6.83,13435833,99449896.00
2022/06/17,6.67,6.73,6.54,6.61,13739196,99039560.00
2022/06/20,6.57,6.62,6.47,6.49,12024550,85241544.00
2022/06/21,6.46,6.54,6.37,6.42,9665043,68025696.00
2022/06/22,6.43,6.64,6.33,6.51,10906003,77295176.00
2022/06/23,6.51,6.56,6.34,6.56,9309673,65583240.00
2022/06/24,6.55,6.59,6.52,6.56,7062007,50409264.00
2022/06/27,6.63,6.80,6.59,6.79,14509187,105917528.00
2022/06/28,6.70,6.84,6.66,6.84,10661503,78200720.00
2022/06/29,6.79,6.82,6.47,6.58,11223446,81100000.00
2022/06/30,6.59,6.66,6.49,6.51,6587415,47034048.00
2022/07/01,6.46,6.58,6.41,6.54,6259029,44265328.00
2022/07/04,6.52,6.59,6.45,6.56,3688545,26177240.00
2022/07/05,6.61,6.71,6.49,6.58,7818400,56179956.00
2022/07/06,6.76,7.28,6.75,6.81,22992336,172592272.00
2022/07/07,6.65,7.38,6.60,7.17,32119194,246585248.00
2022/07/08,6.98,6.99,6.80,6.84,19049421,142060224.00
2022/07/11,6.81,7.06,6.60,6.87,14409031,106837872.00
2022/07/12,6.74,7.16,6.70,7.02,20826757,158516992.00
2022/07/13,6.95,7.13,6.68,7.04,20091143,150291600.00
2022/07/14,6.97,7.00,6.79,6.84,10999112,82105824.00
2022/07/15,6.73,6.75,6.32,6.32,16804921,118343808.00
2022/07/18,6.20,7.01,6.17,7.00,26736809,197564976.00
2022/07/19,6.93,7.03,6.81,6.98,16725496,125682104.00
2022/07/20,7.00,7.47,6.94,7.33,24112392,189636352.00
2022/07/21,7.33,7.47,7.22,7.25,18541387,146901056.00
2022/07/22,7.25,7.30,7.04,7.14,10877456,84184480.00
2022/07/25,7.29,7.35,7.02,7.20,10314316,79754136.00
2022/07/26,7.14,7.31,7.07,7.20,10361152,80264416.00
2022/07/27,7.13,7.17,7.02,7.08,8171677,62682320.00
2022/07/28,7.15,7.51,7.07,7.46,17501541,137786800.00
2022/07/29,7.42,7.45,7.21,7.24,15086702,118757744.00
2022/08/01,7.25,7.32,7.04,7.14,9504365,73120184.00
2022/08/02,6.97,6.99,6.60,6.75,10010525,73638392.00
2022/08/03,6.69,6.86,6.48,6.60,9424112,68376048.00
2022/08/04,6.66,6.68,6.44,6.67,7328310,52424012.00
2022/08/05,6.70,6.78,6.62,6.77,6308750,45968520.00
2022/08/08,6.74,7.10,6.72,7.02,10947900,82300440.00
2022/08/09,6.97,7.19,6.92,7.06,8324160,63356852.00
2022/08/10,7.17,7.42,7.11,7.23,16104805,126242872.00
2022/08/11,7.28,7.32,7.06,7.18,10429551,80496880.00
2022/08/12,7.18,7.24,7.06,7.09,7472787,57751616.00
2022/08/15,7.16,7.28,7.05,7.16,7019606,54235204.00
2022/08/16,7.13,7.42,7.13,7.36,14383850,113434464.00
2022/08/17,7.36,7.42,7.13,7.21,8942657,69771048.00
2022/08/18,7.14,7.18,7.06,7.08,7133485,54801244.00
2022/08/19,7.15,7.15,6.92,6.92,5805609,44024640.00
2022/08/22,6.94,7.42,6.93,7.40,17878386,140779024.00
2022/08/23,7.37,7.49,7.23,7.45,16270951,129520776.00
2022/08/24,7.44,7.54,7.03,7.07,13217919,103083816.00
2022/08/25,7.17,7.21,6.79,7.05,10892316,82162464.00
2022/08/26,7.02,7.18,6.95,6.99,6880950,52632952.00
2022/08/29,6.86,7.07,6.75,7.05,5437595,40988144.00
2022/08/30,7.11,7.11,6.87,6.89,5693800,42846332.00
2022/08/31,6.90,6.94,6.58,6.61,8255279,59909732.00
2022/09/01,6.68,6.74,6.58,6.60,5115245,36969260.00
2022/09/02,6.61,6.67,6.58,6.61,3674872,26442538.00
2022/09/05,6.61,6.75,6.58,6.74,4307600,31391360.00
2022/09/06,6.75,6.88,6.74,6.87,5330913,39502492.00
2022/09/07,6.86,7.00,6.78,6.96,6481061,48648396.00
2022/09/08,6.97,7.32,6.92,7.22,14107961,109767552.00
2022/09/09,7.22,7.56,7.18,7.52,19809670,159623424.00
2022/09/13,7.44,7.49,7.25,7.29,11631086,91766352.00
2022/09/14,7.17,7.21,6.98,7.02,8582676,65744520.00
2022/09/15,7.11,7.17,6.70,6.76,10175123,75831792.00
2022/09/16,6.80,6.85,6.52,6.53,8605000,62492328.00
2022/09/19,6.60,6.60,6.27,6.34,8691284,60743488.00
2022/09/20,6.40,6.51,6.38,6.47,5430082,38142380.00
2022/09/21,6.45,6.58,6.27,6.56,5174103,36300688.00
2022/09/22,6.55,6.84,6.49,6.77,7448553,54494648.00
2022/09/23,6.73,6.85,6.53,6.56,6678901,48324136.00
2022/09/26,6.47,6.47,6.08,6.12,8181378,55911536.00
2022/09/27,6.11,6.24,5.97,6.16,5801773,38651808.00
2022/09/28,6.15,6.15,5.85,5.85,5445707,35648164.00
2022/09/29,5.95,5.99,5.77,5.79,4490400,28930324.00
2022/09/30,5.77,5.89,5.75,5.76,3059090,19564700.00
2022/10/10,5.77,5.94,5.76,5.81,3949150,25355790.00
2022/10/11,5.82,5.87,5.68,5.85,3545200,22590232.00
2022/10/12,5.85,5.97,5.71,5.96,3572690,22949878.00
2022/10/13,5.93,6.03,5.89,5.98,3715439,24320774.00
2022/10/14,5.99,6.15,5.99,6.11,4033001,26935736.00
2022/10/17,6.07,6.21,6.03,6.19,3616590,24330238.00
2022/10/18,6.19,6.21,6.13,6.16,3414960,23020098.00
2022/10/19,6.15,6.24,6.12,6.17,4025640,27260038.00
2022/10/20,6.21,6.23,6.04,6.09,3325269,22264784.00
2022/10/21,6.09,6.24,6.09,6.12,4174401,28212270.00
2022/10/24,6.18,6.30,6.01,6.02,4758471,32079670.00
2022/10/25,6.02,6.14,5.85,5.92,3151631,20575640.00
2022/10/26,5.92,6.02,5.84,5.90,5635592,36570696.00
2022/10/27,5.94,5.99,5.83,5.83,5676163,36850960.00
2022/10/28,5.85,5.85,5.42,5.45,7654713,46928124.00
2022/10/31,5.44,5.61,5.42,5.57,4432300,27035288.00
2022/11/01,5.57,5.79,5.57,5.78,3282402,20649704.00
2022/11/02,5.80,5.85,5.72,5.76,4724994,30097402.00
2022/11/03,5.73,5.83,5.72,5.82,3591439,22868530.00
2022/11/04,5.82,6.03,5.79,6.02,5864869,38431628.00
2022/11/07,6.02,6.45,6.01,6.20,9844261,67087376.00
2022/11/08,6.20,6.35,6.12,6.32,6650238,45606704.00
2022/11/09,6.32,6.42,6.32,6.40,6547476,45597444.00
2022/11/10,6.36,6.37,6.28,6.33,4470253,30835992.00
2022/11/11,6.50,6.57,6.36,6.43,8087661,56843468.00
2022/11/14,6.46,6.49,6.30,6.34,5689090,39621764.00
2022/11/15,6.37,6.43,6.30,6.38,5159500,35828448.00
2022/11/16,6.42,6.43,6.33,6.36,3796071,26359836.00
2022/11/17,6.41,6.41,6.24,6.32,3566200,24544510.00
2022/11/18,6.35,6.38,6.27,6.29,4281791,29513504.00
2022/11/21,6.28,6.30,6.14,6.26,4114050,28061994.00
2022/11/22,6.27,6.32,6.17,6.25,5094928,34753388.00
2022/11/23,6.29,6.29,6.11,6.20,4838704,32721770.00
2022/11/24,6.24,6.31,6.02,6.25,4263771,29190036.00
2022/11/25,6.25,6.29,6.21,6.26,2821900,19314460.00
2022/11/28,6.22,6.25,6.08,6.18,3879100,26157176.00
2022/11/29,6.32,6.41,6.30,6.40,6376226,44230324.00
2022/11/30,6.39,6.47,6.33,6.38,4605501,32187300.00
2022/12/01,6.41,6.52,6.41,6.51,6134474,43299356.00
2022/12/02,6.46,6.51,6.38,6.43,4754501,33334664.00
2022/12/05,6.53,6.67,6.45,6.67,7345902,52563216.00
2022/12/06,6.62,6.62,6.51,6.56,5054700,36014648.00
2022/12/07,6.55,6.56,6.42,6.46,4552583,32118832.00
2022/12/08,6.49,6.52,6.43,6.47,3080400,21710666.00
2022/12/09,6.56,6.81,6.50,6.74,13190850,95651504.00
2022/12/12,6.62,6.62,6.35,6.36,10707250,75439832.00
2022/12/13,6.39,6.53,6.33,6.46,5803349,40833548.00
2022/12/14,6.41,6.57,6.41,6.45,4590100,32426470.00
2022/12/15,6.45,6.49,6.33,6.42,4234921,29499592.00
2022/12/16,6.41,6.53,6.34,6.41,5085500,35709988.00
2022/12/19,6.41,6.42,6.05,6.10,6003421,40695828.00
2022/12/20,6.17,6.18,6.05,6.05,3132500,20924084.00
2022/12/21,6.08,6.19,6.02,6.05,2756300,18380644.00
2022/12/22,6.10,6.15,5.87,5.91,3642500,23928420.00
2022/12/23,5.85,5.97,5.83,5.93,2333500,15131339.00
2022/12/26,5.88,5.98,5.88,5.96,2098700,13683789.00
2022/12/27,6.01,6.04,5.96,6.01,2973900,19567276.00
2022/12/28,6.05,6.24,5.95,6.10,5655400,37819540.00
2022/12/29,6.06,6.14,5.93,5.94,4515308,29736206.00
2022/12/30,5.97,6.09,5.93,6.04,3004231,19769382.00
2023/01/03,6.00,6.30,6.00,6.21,6329370,42649300.00
2023/01/04,6.21,6.29,6.19,6.25,3698200,25224712.00
2023/01/05,6.29,6.29,6.15,6.20,3150110,21305894.00
2023/01/06,6.19,6.24,6.14,6.15,2795980,18917800.00
2023/01/09,6.19,6.29,6.18,6.26,4865601,33214642.00
2023/01/10,6.24,6.28,6.17,6.22,2714510,18411490.00
2023/01/11,6.19,6.33,6.19,6.27,4395701,30149506.00
2023/01/12,6.27,6.31,6.20,6.26,2714793,18559204.00
2023/01/13,6.28,6.43,6.27,6.33,5480700,37897600.00
2023/01/16,6.28,6.34,6.20,6.31,6280854,43132256.00
2023/01/17,6.41,6.46,6.34,6.44,6884400,48070216.00
2023/01/18,6.44,6.70,6.41,6.62,9161299,65886956.00
2023/01/19,6.58,6.75,6.58,6.73,7375508,53747384.00
2023/01/20,6.75,6.82,6.69,6.80,6952300,51110440.00
2023/01/30,6.87,6.90,6.78,6.82,7760750,57489772.00
2023/01/31,6.79,6.85,6.74,6.83,5079260,37544808.00
2023/02/01,6.85,7.34,6.83,7.29,13542973,104618336.00
2023/02/02,7.31,7.37,7.18,7.29,10072672,79004264.00
2023/02/03,7.22,7.23,7.05,7.20,7316493,56329264.00
2023/02/06,7.12,7.17,7.00,7.06,5968300,45533348.00
2023/02/07,7.06,7.23,7.05,7.12,4337200,33273356.00
2023/02/08,7.12,7.27,7.03,7.12,4376700,33855636.00
2023/02/09,7.14,7.24,7.10,7.24,4254200,33093660.00
2023/02/10,7.19,7.24,7.12,7.17,4422100,34292092.00
2023/02/13,7.17,7.17,7.05,7.12,5251150,40266176.00
2023/02/14,7.13,7.25,7.09,7.17,4203100,32601960.00
2023/02/15,7.20,7.26,7.11,7.15,4461703,34615536.00
2023/02/16,7.14,7.17,6.86,6.94,4984800,38002864.00
2023/02/17,7.02,7.08,6.94,6.95,3377400,25626632.00
2023/02/20,6.92,7.16,6.92,7.15,4702600,36033552.00
2023/02/21,7.32,7.55,7.29,7.44,13424019,107519736.00
2023/02/22,7.42,7.51,7.27,7.45,8057300,64605880.00
2023/02/23,7.50,7.56,7.41,7.46,5872523,47324588.00
2023/02/24,7.48,7.49,7.40,7.45,4303698,34514280.00
2023/02/27,7.46,7.58,7.38,7.43,6456039,52102404.00
2023/02/28,7.52,7.55,7.45,7.54,4516647,36569296.00
2023/03/01,7.52,7.67,7.50,7.63,6496801,53112564.00
2023/03/02,7.65,7.78,7.61,7.73,6538871,54193724.00
2023/03/03,7.75,7.77,7.58,7.71,7682417,63357568.00
2023/03/06,7.68,7.68,7.45,7.52,7343302,59420444.00
2023/03/07,7.57,7.57,7.35,7.37,5121596,41103944.00
2023/03/08,7.38,7.40,7.19,7.29,5301378,41536184.00
2023/03/09,7.35,7.36,7.22,7.28,3834900,30153208.00
2023/03/10,7.32,7.32,7.12,7.20,4914801,38253188.00
2023/03/13,7.15,7.26,7.09,7.21,3791200,29424048.00
2023/03/14,7.17,7.34,7.06,7.12,5428378,42201168.00
2023/03/15,7.22,7.38,7.17,7.33,4497400,35371944.00
2023/03/16,7.27,7.33,7.01,7.01,6147200,47268640.00
2023/03/17,7.10,7.15,6.99,7.02,4015900,30618914.00
2023/03/20,7.02,7.07,6.89,6.90,5108900,38479796.00
2023/03/21,6.92,7.01,6.90,6.98,3639439,27353714.00
2023/03/22,7.01,7.02,6.89,6.89,4170500,31420640.00
2023/03/23,6.87,6.92,6.80,6.89,5880099,43686204.00
2023/03/24,6.91,6.91,6.76,6.81,6727595,49745596.00
2023/03/27,6.77,6.80,6.52,6.66,7417103,53428448.00
2023/03/28,6.65,6.69,6.52,6.56,5735286,41127132.00
2023/03/29,6.53,6.57,6.40,6.43,5319100,37394044.00
2023/03/30,6.43,6.48,6.33,6.46,4645800,32444576.00
2023/03/31,6.47,6.58,6.43,6.55,6818000,48520732.00
2023/04/03,6.58,6.60,6.52,6.57,4791831,34224548.00
2023/04/04,6.53,6.55,6.43,6.45,5153283,36319648.00
2023/04/06,6.43,6.47,6.37,6.41,4248740,29728838.00
2023/04/07,6.41,6.48,6.38,6.47,4129877,28972030.00
2023/04/10,6.52,6.52,6.32,6.34,4805595,33532974.00
2023/04/11,6.34,6.53,6.29,6.52,6528960,45683704.00
2023/04/12,6.56,6.71,6.53,6.66,8078864,58208916.00
2023/04/13,6.62,6.74,6.59,6.63,5907388,42811764.00
2023/04/14,6.70,6.82,6.66,6.79,7293000,53457460.00
2023/04/17,6.82,6.84,6.71,6.83,6777500,49901656.00
2023/04/18,6.85,6.99,6.78,6.82,5073709,37735088.00
2023/04/19,6.87,6.89,6.74,6.85,4994640,37063164.00
2023/04/20,6.84,6.84,6.65,6.75,4457220,32522212.00
2023/04/21,6.75,6.80,6.52,6.54,3378800,24368078.00
2023/04/24,6.54,6.54,6.09,6.14,8974901,61091392.00
2023/04/25,6.14,6.19,5.77,5.88,7325200,47649996.00
2023/04/26,5.90,6.07,5.85,6.05,3866900,25501766.00
2023/04/27,6.08,6.12,6.00,6.04,3639741,24185892.00
2023/04/28,6.10,6.25,6.02,6.25,3874695,26256618.00
2023/05/04,6.27,6.27,6.17,6.24,3125294,21264512.00
2023/05/05,6.24,6.24,6.05,6.13,4707902,31541198.00
2023/05/08,6.17,6.23,6.14,6.20,3272600,22145714.00
2023/05/09,6.18,6.26,6.09,6.12,3661211,24679956.00
2023/05/10,6.11,6.17,6.06,6.11,3087280,20664744.00
2023/05/11,6.12,6.15,6.04,6.13,2865192,19147446.00
2023/05/12,6.11,6.11,5.96,6.01,3170348,20935114.00
2023/05/15,6.00,6.08,5.97,6.07,2676700,17704534.00
2023/05/16,6.07,6.14,6.01,6.03,2481902,16487379.00
2023/05/17,6.00,6.15,5.97,6.13,2510122,16737228.00
2023/05/18,6.14,6.16,6.05,6.08,2855749,19039046.00
2023/05/19,6.08,6.11,5.98,6.09,2943212,19501770.00
2023/05/22,6.07,6.12,6.03,6.11,2069420,13767530.00
2023/05/23,6.10,6.10,5.96,6.01,3013900,19930100.00
2023/05/24,5.99,5.99,5.86,5.86,3125892,20309148.00
2023/05/25,5.89,5.90,5.78,5.86,3022090,19239490.00
2023/05/26,5.89,5.94,5.77,5.90,2337702,14917396.00
2023/05/29,5.91,5.95,5.87,5.91,2198300,14147818.00
2023/05/30,5.87,5.90,5.78,5.87,2136100,13601850.00
2023/05/31,5.86,5.87,5.77,5.79,2177600,13798664.00
2023/06/01,5.82,5.97,5.77,5.96,3727163,23977642.00
2023/06/02,5.95,6.11,5.92,6.06,4885129,32022428.00
2023/06/05,6.06,6.10,6.02,6.08,2869401,18884494.00
2023/06/06,6.11,6.11,5.93,5.94,2473989,16163998.00
2023/06/07,5.92,5.96,5.85,5.88,2484200,15987043.00
2023/06/08,5.94,5.97,5.84,5.90,2237910,14380459.00
2023/06/09,5.94,6.07,5.89,6.04,3855501,25072656.00
2023/06/12,6.00,6.01,5.87,5.97,4511146,29166872.00
2023/06/13,5.97,5.97,5.90,5.92,2102210,13576987.00
2023/06/14,5.92,5.98,5.91,5.94,2150300,13926124.00
2023/06/15,5.95,5.95,5.86,5.93,2499300,16075951.00
2023/06/16,5.93,5.99,5.92,5.98,2733700,17733260.00
2023/06/19,5.95,5.97,5.83,5.85,3207100,20542858.00
2023/06/20,5.85,5.85,5.65,5.66,5157202,32126040.00
2023/06/21,5.68,5.71,5.59,5.59,3082180,18992120.00
2023/06/26,5.59,5.60,5.52,5.57,2631800,16014781.00
2023/06/27,5.57,5.71,5.55,5.67,4364381,26999428.00
2023/06/28,5.67,5.71,5.57,5.68,2745462,16948572.00
2023/06/29,5.70,5.72,5.63,5.70,2436080,15161815.00
2023/06/30,5.73,5.83,5.71,5.78,3030869,19148416.00
2023/07/03,5.78,5.92,5.78,5.91,4110209,26326310.00
2023/07/04,5.91,5.99,5.87,5.92,3033811,19591956.00
2023/07/05,5.95,6.24,5.89,6.17,12203992,81306800.00
2023/07/06,6.17,6.17,5.98,6.03,6191000,40571840.00
2023/07/07,6.02,6.11,5.97,6.06,3689433,24226996.00
2023/07/10,6.05,6.12,6.03,6.05,2113000,13915381.00
2023/07/11,6.02,6.08,6.00,6.06,2136559,14037173.00
2023/07/12,6.07,6.08,5.98,5.99,2250312,14762156.00
2023/07/13,5.97,6.14,5.97,6.10,4710577,31248576.00
2023/07/14,6.17,6.20,6.10,6.12,2515602,16775603.00
2023/07/17,6.10,6.12,6.00,6.11,2901713,19150434.00
2023/07/18,6.13,6.13,6.05,6.11,1587981,10515818.00
2023/07/19,6.11,6.15,6.05,6.11,1877100,12438280.00
2023/07/20,6.12,6.16,6.09,6.13,2956150,19674070.00
2023/07/21,6.14,6.16,6.06,6.09,2334319,15499797.00
2023/07/24,6.09,6.15,6.05,6.06,2053068,13591152.00
2023/07/25,6.12,6.23,6.08,6.22,4720873,31675760.00
2023/07/26,6.23,6.33,6.17,6.32,6513871,44299428.00
2023/07/27,6.30,6.44,6.26,6.34,6855227,47297204.00
2023/07/28,6.30,6.43,6.26,6.42,5034346,34784376.00
2023/07/31,6.42,6.51,6.40,6.45,3386200,23653282.00
2023/08/01,6.47,6.64,6.44,6.58,6670951,47219864.00
2023/08/02,6.56,6.57,6.48,6.53,3698081,26119234.00
2023/08/03,6.48,6.55,6.43,6.51,3288930,23091776.00
2023/08/04,6.56,6.59,6.29,6.38,10838759,75104376.00
2023/08/07,6.37,6.40,6.20,6.25,7096275,48269484.00
2023/08/08,6.25,6.30,6.17,6.23,3349913,22628428.00
2023/08/09,6.27,6.29,6.17,6.19,2642801,17839236.00
2023/08/10,6.22,6.28,6.19,6.26,2410710,16326720.00
2023/08/11,6.28,6.28,6.07,6.08,3922915,26120366.00
2023/08/14,6.07,6.13,6.00,6.12,2450900,16168021.00
2023/08/15,6.14,6.17,6.03,6.09,2576453,17086488.00
2023/08/16,6.08,6.19,6.06,6.12,1851200,12331588.00
2023/08/17,6.09,6.21,6.02,6.17,3979914,26381494.00
2023/08/18,6.18,6.21,6.03,6.03,3863470,25703892.00
2023/08/21,6.11,6.45,6.09,6.09,13019677,88010200.00
2023/08/22,6.22,6.26,5.94,6.06,8135000,53629772.00
2023/08/23,6.12,6.27,6.05,6.06,7673523,51104580.00
2023/08/24,6.03,6.10,5.92,5.92,5548600,36120448.00
2023/08/25,5.87,6.02,5.82,5.88,4626021,29876212.00
2023/08/28,6.02,6.26,6.02,6.13,7526782,50362204.00
2023/08/29,6.11,6.18,6.04,6.09,6717765,44473956.00
2023/08/30,6.09,6.17,6.02,6.06,5258700,34764364.00
2023/08/31,6.10,6.31,6.07,6.18,7709200,51672124.00
2023/09/01,6.25,6.35,6.14,6.34,8028541,54717544.00
2023/09/04,6.34,7.03,6.33,6.68,28113862,203578864.00
2023/09/05,6.63,6.68,6.48,6.61,17316211,122768808.00
2023/09/06,6.56,6.60,6.43,6.47,9496701,66575168.00
2023/09/07,6.49,6.50,6.30,6.31,6260795,43380500.00
2023/09/08,6.32,6.36,6.23,6.25,5703142,38821676.00
2023/09/11,6.27,6.44,6.25,6.42,6168888,42569892.00
2023/09/12,6.42,6.46,6.36,6.40,4779533,33141250.00
2023/09/13,6.38,6.48,6.31,6.37,4585700,31659176.00
2023/09/14,6.36,6.55,6.32,6.55,8854700,62056752.00
2023/09/15,6.57,6.66,6.50,6.58,8481501,60110540.00
2023/09/18,6.51,6.53,6.38,6.45,6142901,42763128.00
2023/09/19,6.45,6.52,6.41,6.43,5783900,40435508.00
2023/09/20,6.46,6.47,6.33,6.35,4735300,32829254.00
2023/09/21,6.33,6.41,6.25,6.26,4448201,30435666.00
2023/09/22,6.25,6.30,6.20,6.29,5169200,35015344.00
2023/09/25,6.24,6.28,6.12,6.13,4126600,27698456.00
2023/09/26,6.12,6.16,6.09,6.10,3174700,21121436.00
2023/09/27,6.13,6.17,6.08,6.09,3470901,23075754.00
2023/09/28,6.15,6.24,6.10,6.24,4628860,31126942.00
2023/10/09,6.27,6.27,6.05,6.17,4893120,32615558.00
2023/10/10,6.18,6.20,6.13,6.15,3768538,25220260.00
2023/10/11,6.20,6.21,6.13,6.15,3438438,23040314.00
2023/10/12,6.15,6.40,6.15,6.38,6254238,42742332.00
2023/10/13,6.35,6.40,6.30,6.33,3686500,25304056.00
2023/10/16,6.33,6.47,6.31,6.43,4568423,31716688.00
2023/10/17,6.43,6.46,6.30,6.41,4926400,34081136.00
2023/10/18,6.41,6.41,6.21,6.22,3599831,24517572.00
2023/10/19,6.29,6.29,6.10,6.11,3453260,23069560.00
2023/10/20,6.07,6.13,6.01,6.02,3188798,21055974.00
2023/10/23,6.18,6.38,6.04,6.08,14825772,99768384.00
2023/10/24,6.10,6.43,6.05,6.31,11212900,76454728.00
2023/10/25,6.34,6.55,6.33,6.46,9847249,69061600.00
2023/10/26,6.42,6.58,6.38,6.57,9068563,63711372.00
2023/10/27,6.48,6.69,6.48,6.60,8535128,60964348.00
2023/10/30,6.57,6.73,6.56,6.66,7793249,56127232.00
2023/10/31,6.68,6.72,6.59,6.65,5704980,40912460.00
2023/11/01,6.71,6.71,6.61,6.67,4849697,34928328.00
2023/11/02,6.61,6.72,6.56,6.58,5034400,35964144.00
2023/11/03,6.62,6.71,6.54,6.55,4346901,30953982.00
2023/11/06,6.58,6.63,6.54,6.56,5943690,42227444.00
2023/11/07,6.60,6.62,6.48,6.60,5024335,35628916.00
2023/11/08,6.57,6.58,6.47,6.48,4800900,33743472.00
2023/11/09,6.46,6.56,6.46,6.51,4743295,33424868.00
2023/11/10,6.51,6.65,6.46,6.64,7376300,52503104.00
2023/11/13,6.68,6.81,6.62,6.81,9417800,68108032.00
2023/11/14,6.81,6.82,6.64,6.68,6533797,47143128.00
2023/11/15,6.88,7.01,6.80,6.87,11191110,82972056.00
2023/11/16,6.86,6.87,6.75,6.77,7238000,52986400.00
2023/11/17,6.69,6.80,6.69,6.74,5704900,41483352.00
2023/11/20,6.74,6.77,6.61,6.68,6889653,49554200.00
2023/11/21,6.71,6.88,6.70,6.74,7548038,55135856.00
2023/11/22,6.76,6.81,6.70,6.74,5736600,41865196.00
2023/11/23,6.72,6.89,6.68,6.87,7073031,51994448.00
2023/11/24,6.87,6.87,6.75,6.84,5141700,37747396.00
2023/11/27,6.80,6.89,6.78,6.86,5718900,42155376.00
2023/11/28,6.82,6.87,6.73,6.81,5299555,38752872.00
2023/11/29,6.80,6.86,6.72,6.75,4517700,32985956.00
2023/11/30,6.75,6.75,6.64,6.70,4281000,30902044.00
2023/12/01,6.71,6.80,6.68,6.73,4150800,30175324.00
2023/12/04,6.76,6.83,6.71,6.75,4653118,33884092.00
2023/12/05,6.73,6.74,6.60,6.61,4037400,29055532.00
2023/12/06,6.65,6.75,6.60,6.70,3451003,24963928.00
2023/12/07,6.69,6.71,6.60,6.68,3815000,27402480.00
2023/12/08,6.68,6.71,6.52,6.53,5293162,37677856.00
2023/12/11,6.55,6.58,6.40,6.56,5419362,38179156.00
2023/12/12,6.56,6.62,6.43,6.62,4854800,34366744.00
2023/12/13,6.61,6.62,6.50,6.53,3617003,25650286.00
2023/12/14,6.58,6.61,6.54,6.56,3311261,23514436.00
2023/12/15,6.59,6.66,6.54,6.55,3101900,22093368.00
2023/12/18,6.52,6.57,6.44,6.46,3943060,27674194.00
2023/12/19,6.47,6.53,6.37,6.46,3468094,24111200.00
2023/12/20,6.46,6.53,6.41,6.46,3579500,25144968.00
2023/12/21,6.43,6.52,6.32,6.51,4778460,33266480.00
2023/12/22,6.50,6.61,6.47,6.53,6181901,43656116.00
2023/12/25,6.49,6.52,6.28,6.46,5655203,39111512.00
2023/12/26,6.51,6.52,6.35,6.39,5020960,34855864.00
2023/12/27,6.36,6.52,6.33,6.50,4565260,31778114.00
2023/12/28,6.48,6.64,6.41,6.62,5529017,39264872.00
2023/12/29,6.62,6.65,6.57,6.64,4678917,33409874.00
2024/01/02,6.63,6.89,6.61,6.85,8266801,60575012.00
2024/01/03,6.91,6.99,6.84,6.95,8496847,63407776.00
2024/01/04,6.91,6.97,6.87,6.95,7444020,55453900.00
2024/01/05,6.94,7.06,6.86,6.86,7906293,59145932.00
2024/01/08,6.93,6.93,6.70,6.72,5209184,38146716.00
2024/01/09,6.71,6.82,6.64,6.76,6091464,44239108.00
2024/01/10,6.76,6.76,6.62,6.68,3964919,28670616.00
2024/01/11,6.69,6.75,6.62,6.69,4321835,31185818.00
2024/01/12,6.67,6.82,6.67,6.70,4368100,31777240.00
2024/01/15,6.68,6.70,6.61,6.66,3867600,27802936.00
2024/01/16,6.65,6.72,6.50,6.61,4198000,29898168.00
2024/01/17,6.68,6.69,6.45,6.46,4578401,32445906.00
2024/01/18,6.44,6.45,5.89,6.09,11608250,76740440.00
2024/01/19,6.07,6.18,6.01,6.03,7068585,46788856.00
2024/01/22,6.03,6.03,5.55,5.61,7158210,45430756.00
2024/01/23,5.62,5.65,5.39,5.59,8074900,48941932.00
2024/01/24,5.64,6.01,5.58,5.85,9473231,59447988.00
2024/01/25,5.91,6.23,5.90,6.21,8607084,56694048.00
2024/01/26,6.24,6.40,6.14,6.31,7864200,53815852.00
2024/01/29,6.36,6.37,6.09,6.11,6484200,43692756.00
2024/01/30,6.08,6.16,5.88,5.92,6215900,40710344.00
2024/01/31,5.93,5.95,5.59,5.62,7484204,46999056.00
2024/02/01,5.72,5.72,5.34,5.43,8819705,52972696.00
2024/02/02,5.43,5.52,4.90,5.12,11306986,65150924.00
2024/02/05,5.05,5.12,4.56,4.56,15084912,78251056.00
2024/02/06,4.25,4.73,4.06,4.51,19958686,97174808.00
2024/02/07,4.49,4.51,4.26,4.35,22298004,109114080.00
2024/02/08,4.37,4.84,4.35,4.84,21585569,111103888.00
2024/02/19,4.90,5.20,4.90,5.03,19499546,108755152.00
2024/02/20,5.03,5.05,4.82,5.01,9692766,53410428.00
2024/02/21,4.96,5.22,4.91,5.04,8901924,50226972.00
2024/02/22,5.04,5.16,5.02,5.14,6417509,36171248.00
2024/02/23,5.17,5.26,5.11,5.25,7095420,40535580.00
2024/02/26,5.26,5.49,5.25,5.37,9705171,57216852.00
2024/02/27,5.36,5.46,5.24,5.46,7186761,42472584.00
2024/02/28,5.46,5.65,5.07,5.07,13463950,79504312.00
2024/02/29,5.15,5.33,4.98,5.33,10788588,61505780.00
2024/03/01,5.32,5.35,5.24,5.29,6667600,38778820.00
2024/03/04,5.29,5.39,5.21,5.31,7058977,41088620.00
2024/03/05,5.23,5.30,5.13,5.14,6670900,38185156.00
2024/03/06,5.13,5.26,5.12,5.20,5702161,32666214.00
2024/03/07,5.26,5.54,5.25,5.38,10668500,63331836.00
2024/03/08,5.34,5.43,5.29,5.38,5642699,33285904.00
2024/03/11,5.39,5.41,5.30,5.41,6013533,35459280.00
2024/03/12,5.46,5.46,5.33,5.41,5869100,34768896.00
2024/03/13,5.40,5.45,5.32,5.44,6101000,36100168.00
2024/03/14,5.44,5.56,5.38,5.44,7905900,47577416.00
2024/03/15,5.40,5.65,5.37,5.65,10931477,66203220.00
2024/03/18,5.66,5.71,5.53,5.64,11369400,69616552.00
2024/03/19,5.65,5.82,5.63,5.68,10837846,67740656.00
2024/03/20,5.66,5.72,5.61,5.71,7847455,48615936.00
2024/03/21,5.71,5.77,5.63,5.74,6946800,43349488.00
2024/03/22,5.73,5.73,5.57,5.64,5876601,36252404.00
2024/03/25,5.59,5.67,5.49,5.50,8520361,51945860.00
2024/03/26,5.51,5.53,5.30,5.43,7527412,44683564.00
2024/03/27,5.46,5.51,5.28,5.30,5578900,33038128.00
2024/03/28,5.32,5.46,5.30,5.40,4606700,27238824.00
2024/03/29,5.41,5.61,5.40,5.61,6681100,40420156.00
2024/04/01,5.63,5.82,5.62,5.77,9058600,56755476.00
2024/04/02,5.83,6.02,5.83,6.00,12712261,82298296.00
2024/04/03,5.96,6.30,5.93,6.14,17802033,118050240.00
2024/04/08,6.13,6.67,6.05,6.37,28126322,191525312.00
2024/04/09,6.17,6.42,5.98,6.26,28288263,190819392.00
2024/04/10,6.24,6.37,6.04,6.12,16070494,107468968.00
2024/04/11,6.08,6.49,6.00,6.23,20303290,138316912.00
2024/04/12,6.24,6.51,6.20,6.48,22861341,157659424.00
2024/04/15,6.22,6.22,5.84,6.09,19962075,131160280.00
2024/04/16,6.06,6.07,5.45,5.47,20012322,124237808.00
2024/04/17,5.50,5.98,5.50,5.96,16595734,104545768.00
2024/04/18,6.08,6.14,5.88,6.05,14964283,97872080.00
2024/04/19,5.93,6.29,5.90,6.11,15312999,102050392.00
2024/04/22,5.98,6.14,5.77,5.81,16167663,104199512.00
2024/04/23,5.79,5.81,5.55,5.58,11132600,68536352.00
2024/04/24,5.58,5.82,5.49,5.76,12013993,74624592.00
2024/04/25,5.72,5.92,5.68,5.77,10128706,64118348.00
2024/04/26,5.74,5.80,5.61,5.77,10584570,66066120.00
2024/04/29,5.73,5.90,5.57,5.87,13081810,81936896.00
2024/04/30,5.87,5.90,5.75,5.79,8997320,56990680.00
2024/05/06,5.83,6.03,5.78,6.02,11619172,74948120.00
2024/05/07,6.01,6.09,5.97,6.05,8177701,53636500.00
2024/05/08,6.03,6.05,5.87,5.91,8156301,52719196.00
2024/05/09,5.89,6.10,5.89,6.03,9389802,61531580.00
2024/05/10,6.02,6.12,5.94,6.06,9665300,63511632.00
2024/05/13,5.97,6.05,5.87,5.96,8436700,54894900.00
2024/05/14,5.96,6.06,5.93,5.96,5795700,37736212.00
2024/05/15,5.96,6.07,5.87,5.93,6686807,43506492.00
2024/05/16,5.97,6.05,5.87,5.96,7141401,46407596.00
2024/05/17,5.98,6.01,5.83,6.00,7030001,45347116.00
2024/05/20,6.13,6.24,6.02,6.24,14562939,97317168.00
2024/05/21,6.18,6.36,6.11,6.26,12030002,81089392.00
2024/05/22,6.32,6.51,6.26,6.34,19945878,137588640.00
2024/05/23,6.16,6.17,5.80,5.84,17875650,115901152.00
2024/05/24,5.78,6.13,5.78,5.84,8513101,54728444.00
2024/05/27,5.84,5.91,5.75,5.86,6562580,41688964.00
2024/05/28,5.88,6.07,5.86,5.92,8962870,58215548.00
2024/05/29,5.91,6.12,5.79,6.04,10845980,70952624.00
2024/05/30,6.05,6.06,5.77,5.79,10805700,69431680.00
2024/05/31,5.78,5.82,5.67,5.69,8657358,54065884.00
2024/06/03,5.70,5.70,5.43,5.51,9185295,55630248.00
2024/06/04,5.49,5.51,5.35,5.47,6051800,36024392.00
2024/06/05,5.46,5.46,5.17,5.23,6256365,36584316.00
2024/06/06,5.23,5.28,5.01,5.08,7388224,41842420.00
2024/06/07,5.14,5.36,5.14,5.34,6796048,39314912.00
2024/06/11,5.25,5.27,5.14,5.23,4653120,26635978.00
2024/06/12,5.22,5.37,5.19,5.35,4093700,23884514.00
2024/06/13,5.32,5.38,5.17,5.22,3849940,22254130.00
2024/06/14,5.22,5.33,5.19,5.32,4435440,25748448.00
2024/06/17,5.25,5.33,5.22,5.24,3054500,17718598.00
2024/06/18,5.22,5.37,5.21,5.34,4064661,23735496.00
2024/06/19,5.32,5.37,5.28,5.33,4085200,23936316.00
2024/06/20,5.32,5.46,5.25,5.26,5824579,34204932.00
2024/06/21,5.31,5.34,5.21,5.28,2942402,16752224.00
2024/06/24,5.25,5.28,4.99,5.01,5019670,27569462.00
2024/06/25,5.08,5.22,5.02,5.16,3705800,20525622.00
2024/06/26,5.14,5.26,5.06,5.25,4306501,23968744.00
2024/06/27,5.25,5.25,5.06,5.06,3505601,19474968.00
2024/06/28,5.08,5.21,5.03,5.12,3612000,20028032.00
2024/07/01,5.11,5.24,5.09,5.24,3635994,20322510.00
2024/07/02,5.24,5.29,5.20,5.27,2614700,14819220.00
2024/07/03,5.30,5.35,5.26,5.29,3125421,17822224.00
2024/07/04,5.31,5.34,5.13,5.16,3160500,17790680.00
2024/07/05,5.15,5.23,5.10,5.22,2499580,13959049.00
2024/07/08,5.18,5.19,4.99,5.01,3312367,18180660.00
2024/07/09,5.01,5.17,4.89,5.13,4321630,23582028.00
2024/07/10,5.08,5.13,5.00,5.01,2837626,15567013.00
2024/07/11,5.10,5.31,5.09,5.30,5286891,29780036.00
2024/07/12,5.31,5.36,5.22,5.25,2796910,15889748.00
2024/07/15,5.21,5.26,5.15,5.18,2282710,12799725.00
2024/07/16,5.18,5.21,5.14,5.16,2485510,13854174.00
2024/07/17,5.16,5.21,5.04,5.05,3023135,16623506.00
2024/07/18,5.00,5.04,4.91,5.03,3231800,17401614.00
2024/07/19,4.98,5.01,4.91,4.95,2694659,14481501.00
2024/07/22,4.97,4.97,4.84,4.90,2700001,14317307.00
2024/07/23,4.90,4.96,4.83,4.84,4548103,24068796.00
2024/07/24,4.83,4.86,4.72,4.76,4916211,25559178.00
2024/07/25,4.78,4.83,4.69,4.78,2132266,11025310.00
2024/07/26,4.79,4.95,4.79,4.94,3244329,17257100.00
2024/07/29,4.94,5.01,4.89,4.95,2479537,13308393.00
2024/07/30,4.95,4.98,4.89,4.96,2076577,11124733.00
2024/07/31,4.97,5.10,4.93,5.10,3549640,19350740.00
2024/08/01,5.11,5.17,5.08,5.13,4214559,23312432.00
2024/08/02,5.07,5.17,5.01,5.08,3070013,16918634.00
2024/08/05,5.07,5.13,4.94,4.95,2563542,13969343.00
2024/08/06,5.01,5.11,5.00,5.10,3111141,17014412.00
2024/08/07,5.08,5.13,5.01,5.04,2212097,12080473.00
2024/08/08,5.04,5.08,4.96,5.05,1640369,8916898.00
2024/08/09,5.06,5.12,5.04,5.04,1627360,8935121.00
2024/08/12,5.04,5.05,4.99,5.01,1491140,8098382.00
2024/08/13,5.00,5.09,4.99,5.07,1678740,9171955.00
2024/08/14,5.06,5.07,5.00,5.00,1414676,7686557.50
2024/08/15,5.01,5.06,4.92,4.96,2317067,12510776.00
2024/08/16,4.99,5.01,4.89,4.91,2161000,11554500.00
2024/08/19,4.89,5.01,4.89,4.96,2028609,10926284.00
2024/08/20,4.97,4.99,4.84,4.87,1870100,9915545.00
2024/08/21,4.89,4.94,4.85,4.93,1959100,10403815.00
2024/08/22,4.89,4.92,4.77,4.78,2188320,11448448.00
2024/08/23,4.77,4.81,4.68,4.75,2465201,12654642.00
2024/08/26,4.70,4.86,4.70,4.83,2542138,13292533.00
2024/08/27,4.82,4.87,4.73,4.74,2215859,11477035.00
2024/08/28,4.73,4.91,4.73,4.84,3228043,16946950.00
2024/08/29,4.85,4.89,4.81,4.87,2346300,12359678.00
2024/08/30,4.87,4.98,4.84,4.92,2546600,13572624.00
2024/09/02,4.89,4.93,4.82,4.83,2129740,11262562.00
2024/09/03,4.83,4.89,4.80,4.84,2015440,10591614.00
2024/09/04,4.83,4.83,4.73,4.74,2518400,13045442.00
2024/09/05,4.73,4.81,4.73,4.76,1498540,7761631.00
2024/09/06,4.77,4.78,4.63,4.64,3133800,15951001.00
2024/09/09,4.63,4.65,4.56,4.59,3306640,16529821.00
2024/09/10,4.61,4.66,4.56,4.65,1724137,8652121.00
2024/09/11,4.59,4.65,4.58,4.63,1338200,6730116.00
2024/09/12,4.65,4.69,4.61,4.61,1412900,7137499.00
2024/09/13,4.64,4.71,4.59,4.67,2402021,12174213.00
2024/09/18,4.66,4.66,4.54,4.61,2760116,13805652.00
2024/09/19,4.64,4.82,4.61,4.82,3819596,19716010.00
2024/09/20,4.84,4.84,4.72,4.75,2407700,12420315.00
2024/09/23,4.71,4.80,4.70,4.79,2045601,10544138.00
2024/09/24,4.81,5.07,4.79,5.04,8431700,45008340.00
2024/09/25,5.15,5.24,4.99,5.06,8175903,45496824.00
2024/09/26,5.07,5.25,5.02,5.25,5316803,29585816.00
2024/09/27,5.28,5.48,5.21,5.39,8855601,51022012.00
2024/09/30,5.91,5.95,5.56,5.94,16138315,99822368.00
2024/10/08,6.54,6.55,5.73,6.12,25895868,168488224.00
2024/10/09,5.99,5.99,5.47,5.47,16322106,99352144.00
2024/10/10,5.53,5.67,5.37,5.48,11048806,65490572.00
2024/10/11,5.55,5.62,5.31,5.36,8256257,48270044.00
2024/10/14,5.50,5.75,5.42,5.58,10225877,60898536.00
2024/10/15,5.53,5.58,5.45,5.46,5651999,33308340.00
2024/10/16,5.36,5.59,5.35,5.53,6382200,37752936.00
2024/10/17,5.56,5.62,5.47,5.49,5256200,31263358.00
2024/10/18,5.47,5.62,5.47,5.54,7890604,46768092.00
2024/10/21,5.56,5.57,5.45,5.51,7664489,45192684.00
2024/10/22,5.50,5.57,5.47,5.57,6247479,36996712.00
2024/10/23,5.56,5.61,5.52,5.57,7025240,41880588.00
2024/10/24,5.55,5.56,5.49,5.55,4946386,29265964.00
2024/10/25,5.56,5.65,5.55,5.64,6875941,41293132.00
2024/10/28,5.83,6.24,5.80,6.24,40674453,264423856.00
2024/10/29,6.21,6.23,5.90,5.99,28593769,183280624.00
2024/10/30,5.92,6.10,5.89,5.98,14829381,94618928.00
2024/10/31,5.94,6.36,5.92,6.11,17161054,111489672.00
2024/11/01,6.18,6.34,6.10,6.15,25917168,171348960.00
2024/11/04,6.21,6.30,5.97,6.29,19347001,126118168.00
2024/11/05,6.26,6.39,6.22,6.35,16522288,110858168.00
2024/11/06,6.37,6.44,6.23,6.30,12328165,82590128.00
2024/11/07,6.23,6.40,6.17,6.39,11337932,76278696.00
2024/11/08,6.49,6.51,6.24,6.27,11178706,75143136.00
2024/11/11,6.28,6.31,6.09,6.22,10731871,70589480.00
2024/11/12,6.21,6.31,6.10,6.17,12974040,85513376.00
2024/11/13,6.21,6.26,6.07,6.20,6673800,43735996.00
2024/11/14,6.20,6.23,5.96,5.98,7117700,45992768.00
2024/11/15,5.97,6.09,5.92,5.94,7030540,45046972.00
2024/11/18,5.98,6.10,5.83,5.87,9125600,57888912.00
2024/11/19,5.95,6.02,5.84,6.02,5916830,37423368.00
2024/11/20,5.99,6.13,5.94,6.13,7303000,47132432.00
2024/11/21,6.16,6.39,6.06,6.28,13384242,88951864.00
2024/11/22,6.27,6.40,6.01,6.05,11001301,72440128.00
2024/11/25,6.04,6.31,6.04,6.31,11882265,78473528.00
2024/11/26,6.27,6.47,6.23,6.28,10458566,70486224.00
2024/11/27,6.36,6.48,6.14,6.47,13788081,92894264.00
2024/11/28,6.43,6.60,6.34,6.43,10330260,70721000.00
2024/11/29,6.46,6.49,6.33,6.46,8882900,60615000.00
2024/12/02,6.46,6.58,6.42,6.55,10291383,71058288.00
2024/12/03,6.54,6.66,6.47,6.63,9944556,69298088.00
2024/12/04,6.59,6.64,6.48,6.55,7150256,49804016.00
2024/12/05,6.51,6.57,6.11,6.46,8407201,57563688.00
2024/12/06,6.45,6.52,6.41,6.49,6678204,45882324.00
2024/12/09,6.49,6.64,6.46,6.57,7241500,50361852.00
2024/12/10,6.76,6.81,6.48,6.51,8590700,60023376.00
2024/12/11,6.56,6.67,6.49,6.66,7013440,49157420.00
2024/12/12,6.64,6.76,6.61,6.76,6730040,47716008.00
2024/12/13,6.76,6.76,6.58,6.61,5774900,40361744.00
2024/12/16,6.66,6.66,6.51,6.57,4692800,32437066.00
2024/12/17,6.56,6.59,6.25,6.28,8230900,55047432.00
2024/12/18,6.34,6.38,6.24,6.28,5829950,38796940.00
2024/12/19,6.29,6.30,6.11,6.26,5902800,38640508.00
2024/12/20,6.24,6.30,6.18,6.22,6398800,42051788.00
2024/12/23,6.22,6.27,5.95,5.98,7816881,50075984.00
2024/12/24,5.99,6.08,5.97,6.04,4537763,28905594.00
2024/12/25,6.06,6.08,5.84,5.93,5583700,34952932.00
2024/12/26,5.93,6.00,5.90,5.92,4238200,26671940.00
2024/12/27,5.95,6.06,5.93,6.02,4456211,28322150.00
2024/12/30,6.04,6.04,5.87,5.92,5332381,33337706.00
2024/12/31,5.95,5.97,5.77,5.81,5771981,35778384.00
2025/01/02,5.81,5.94,5.66,5.74,7246101,44529712.00
2025/01/03,5.76,5.83,5.58,5.60,6621539,39909592.00
2025/01/06,5.60,5.71,5.41,5.64,5729001,34026632.00
2025/01/07,5.66,5.75,5.58,5.71,4761900,28608676.00
2025/01/08,5.71,5.74,5.51,5.65,4557678,27191596.00
2025/01/09,5.65,5.69,5.57,5.64,2784299,16687360.00
2025/01/10,5.65,5.69,5.52,5.52,3315900,19738788.00
2025/01/13,5.54,5.64,5.44,5.63,3726173,21974670.00
2025/01/14,5.64,5.79,5.62,5.75,5757458,34931032.00
2025/01/15,5.75,5.91,5.72,5.77,5569300,34072280.00
2025/01/16,5.77,5.94,5.77,5.87,6424200,39939912.00
2025/01/17,5.88,5.90,5.79,5.90,4051810,25074286.00
2025/01/20,5.84,6.38,5.78,6.21,15244272,97675320.00
2025/01/21,6.19,6.76,5.88,5.94,29893573,196966368.00
2025/01/22,5.93,6.12,5.87,5.92,14924684,94229128.00
2025/01/23,6.00,6.05,5.86,5.86,9547506,59937852.00
2025/01/24,5.86,6.03,5.80,5.95,8961300,55890336.00
2025/01/27,5.96,6.07,5.94,5.97,6343381,40254048.00
2025/02/05,6.01,6.01,5.84,5.93,6816101,42679880.00
2025/02/06,5.96,5.98,5.85,5.95,6015901,37642488.00
2025/02/07,5.97,6.08,5.95,6.02,7225565,45896744.00
2025/02/10,6.07,6.16,6.04,6.10,6518700,41803096.00
2025/02/11,6.15,6.15,6.04,6.08,5765001,36993368.00
2025/02/12,6.07,6.13,5.98,6.05,8708559,55561152.00
2025/02/13,6.06,6.10,5.97,5.98,5411460,34489428.00
2025/02/14,5.96,5.99,5.89,5.93,4579700,28752732.00
2025/02/17,5.90,5.95,5.86,5.89,5396632,33641600.00
2025/02/18,5.88,5.91,5.77,5.80,5925400,36681340.00
2025/02/19,5.80,5.86,5.79,5.84,4302611,26494560.00
2025/02/20,5.84,5.92,5.79,5.91,4441940,27579158.00
2025/02/21,5.94,5.98,5.83,5.84,5794700,35957944.00
2025/02/24,5.84,5.94,5.80,5.88,5166220,32138632.00
2025/02/25,5.84,5.89,5.80,5.84,4140989,25649602.00
2025/02/26,5.88,6.09,5.85,6.09,13465508,85393752.00
2025/02/27,6.08,6.10,5.90,6.01,5858521,37080908.00
2025/02/28,6.01,6.05,5.85,5.86,7090000,44510032.00
2025/03/03,5.91,6.04,5.87,5.97,9177602,58058472.00
2025/03/04,5.96,6.03,5.93,5.99,5339701,33683244.00
2025/03/05,6.01,6.01,5.84,5.95,5794988,36181012.00
2025/03/06,5.99,6.00,5.90,5.95,5614700,35275360.00
2025/03/07,5.96,6.14,5.92,6.07,12292896,78802328.00
2025/03/10,6.12,6.33,6.08,6.18,12696000,82732208.00
2025/03/11,6.19,6.83,6.12,6.83,43969431,305992320.00
2025/03/12,6.84,6.94,6.57,6.62,51347727,360084160.00
2025/03/13,6.61,6.72,6.47,6.58,28111550,193495696.00
2025/03/14,6.68,6.78,6.49,6.60,25188507,174478224.00
2025/03/17,6.58,6.61,6.50,6.55,15482689,106677256.00
2025/03/18,6.54,6.59,6.49,6.55,11926200,81953712.00
2025/03/19,6.53,6.54,6.45,6.51,9138000,62514336.00
2025/03/20,6.54,6.63,6.51,6.61,14586305,100858792.00
2025/03/21,6.58,6.96,6.57,6.61,23481328,165702096.00
2025/03/24,6.57,6.78,6.46,6.68,21147676,146826704.00
2025/03/25,6.62,6.93,6.58,6.75,22972216,163045728.00
2025/03/26,6.63,6.97,6.63,6.87,27501315,197937040.00
2025/03/27,6.88,6.92,6.66,6.70,16441569,116263680.00
2025/03/28,6.68,6.72,6.45,6.53,15563299,107120560.00
2025/03/31,6.51,6.53,6.28,6.39,11530811,77472152.00
2025/04/01,6.54,6.68,6.47,6.57,14151993,97603504.00
2025/04/02,6.57,6.60,6.46,6.49,6896100,47286068.00
2025/04/03,6.43,6.51,6.39,6.47,5835390,39645408.00
2025/04/07,6.21,6.22,5.79,5.79,13333300,83077184.00
2025/04/08,5.71,5.86,5.51,5.62,15343141,91364896.00
2025/04/09,5.81,5.97,5.51,5.95,19431405,119371824.00
2025/04/10,5.91,6.10,5.91,6.01,14031272,89404704.00
2025/04/11,5.95,6.21,5.95,6.06,11191379,72125680.00
2025/04/14,6.15,6.30,6.10,6.21,9049300,59336424.00
2025/04/15,6.18,6.27,6.16,6.24,6638000,43555244.00
2025/04/16,6.24,6.25,6.04,6.13,7320471,47416676.00
2025/04/17,6.15,6.28,6.13,6.20,5800400,38034988.00
2025/04/18,6.21,6.30,6.15,6.22,4781000,31335136.00
2025/04/21,6.26,6.38,6.23,6.36,7845786,52309956.00
2025/04/22,6.35,6.37,6.27,6.33,5884501,39207876.00
2025/04/23,6.35,6.39,6.30,6.32,5748857,38372720.00
2025/04/24,6.29,6.35,6.24,6.30,5425700,36049520.00
2025/04/25,6.27,6.36,6.26,6.31,4760285,31692500.00
2025/04/28,6.31,6.31,6.19,6.22,4774683,31425994.00
2025/04/29,6.26,6.37,6.21,6.23,5303600,35160740.00
2025/04/30,6.20,6.24,6.08,6.10,6524500,42351240.00
2025/05/06,6.13,6.26,6.12,6.26,6894702,45116848.00
2025/05/07,6.32,6.42,6.28,6.41,8388112,56269768.00
2025/05/08,6.37,6.48,6.32,6.43,7447400,50124108.00
2025/05/09,6.43,6.45,6.35,6.39,5612700,37802028.00
2025/05/12,6.41,6.47,6.35,6.47,8467314,57327004.00
2025/05/13,6.48,6.56,6.43,6.46,6499800,44294000.00
2025/05/14,6.46,6.48,6.40,6.47,6007815,40745044.00
2025/05/15,6.47,6.49,6.40,6.44,5790349,39290852.00
2025/05/16,6.44,6.52,6.42,6.46,4590000,31214952.00
2025/05/19,6.44,6.49,6.41,6.48,3993720,27165132.00
2025/05/20,6.48,6.51,6.42,6.49,4680500,31816728.00
2025/05/21,6.50,6.59,6.46,6.59,6623108,45467656.00
2025/05/22,6.56,6.57,6.41,6.42,5927000,40356344.00
2025/05/23,6.44,6.53,6.39,6.39,4892601,33285464.00
2025/05/26,6.36,6.49,6.35,6.47,4067500,27579820.00
2025/05/27,6.47,6.65,6.39,6.61,7526600,51717828.00
2025/05/28,6.61,6.70,6.56,6.61,6186530,43013700.00
2025/05/29,6.57,6.64,6.57,6.59,5250674,36433692.00
2025/05/30,6.58,6.63,6.51,6.59,4214260,29132178.00
2025/06/03,6.54,6.62,6.52,6.59,4690100,32404084.00
2025/06/04,6.60,6.74,6.58,6.73,6814309,47875644.00
2025/06/05,6.73,6.78,6.62,6.64,5815565,40920072.00
2025/06/06,6.65,6.78,6.60,6.74,5901176,41701492.00
2025/06/09,6.74,6.75,6.65,6.71,4909501,34505516.00
2025/06/10,6.71,6.76,6.59,6.64,4726116,33079534.00
2025/06/11,6.63,6.79,6.62,6.75,6493500,45871696.00
2025/06/12,6.76,6.77,6.67,6.71,4808180,33876052.00
2025/06/13,6.69,6.77,6.66,6.67,6637100,46753240.00
2025/06/16,6.70,6.80,6.61,6.63,9756401,68623896.00
2025/06/17,6.64,6.68,6.56,6.67,6088866,42349188.00
2025/06/18,6.63,6.68,6.51,6.52,5727201,39488148.00
2025/06/19,6.50,6.55,6.38,6.45,6252700,42526640.00
2025/06/20,6.49,6.50,6.39,6.41,4001000,27101476.00
2025/06/23,6.40,6.64,6.38,6.61,8149320,56286280.00
2025/06/24,6.62,6.70,6.53,6.69,7354480,51256296.00
2025/06/25,6.67,6.71,6.64,6.69,4381500,30736508.00
2025/06/26,6.66,6.74,6.62,6.65,5092401,35631052.00
2025/06/27,6.67,6.77,6.66,6.73,7860910,55611632.00
2025/06/30,6.73,6.75,6.66,6.72,6184880,43471548.00
2025/07/01,6.69,6.78,6.68,6.78,6921200,48929448.00
2025/07/02,6.75,6.96,6.75,6.92,12063181,87132744.00
2025/07/03,6.96,7.05,6.91,6.96,10864759,79341392.00
2025/07/04,6.97,7.10,6.91,6.99,9616600,70704352.00
2025/07/07,6.99,7.02,6.93,7.00,7562300,55278116.00
2025/07/08,7.61,7.73,7.38,7.73,16937526,135870608.00
2025/07/09,8.54,8.54,8.38,8.54,26123136,231750000.00
2025/07/10,8.66,9.43,8.14,9.43,114066685,1068726272.00
2025/07/11,9.80,10.41,8.84,9.87,142874067,1430923392.00
2025/07/14,9.21,9.58,8.85,8.85,82154122,778468160.00
2025/07/15,8.39,8.64,8.06,8.06,79348816,684730880.00
2025/07/16,8.08,8.13,7.80,7.88,46746437,384853152.00
2025/07/17,7.95,8.11,7.86,8.06,43101971,358941024.00
2025/07/18,8.08,8.14,7.93,8.01,42476717,356058080.00
2025/07/21,8.08,8.34,8.08,8.23,41311511,353792864.00
2025/07/22,8.26,8.39,8.19,8.39,42690988,369407840.00
2025/07/23,8.35,8.38,8.21,8.22,30952802,263690784.00
2025/07/24,8.20,8.39,8.15,8.39,23377201,199548464.00
2025/07/25,8.38,8.56,8.26,8.27,20497199,175477392.00
2025/07/28,8.27,8.27,7.93,8.20,18295284,153342112.00
2025/07/29,8.26,8.29,8.13,8.20,15196261,127836984.00
2025/07/30,8.24,8.28,8.06,8.15,17720500,149135120.00
2025/07/31,8.08,8.11,7.86,7.89,16104800,131732736.00
2025/08/01,7.95,7.97,7.88,7.93,11362426,92639320.00
2025/08/04,7.90,8.02,7.83,8.01,9024785,73844440.00
2025/08/05,8.01,8.23,7.98,8.14,15392551,128511080.00
2025/08/06,8.14,8.18,8.07,8.12,10614383,88560504.00
2025/08/07,8.14,8.20,8.06,8.16,11593172,96824968.00
2025/08/08,8.15,8.29,8.11,8.25,12933734,109360920.00
2025/08/11,8.29,8.45,8.25,8.41,21084400,181494768.00
2025/08/12,8.42,8.45,8.30,8.36,11769059,100903632.00
2025/08/13,8.34,8.44,8.32,8.43,13316801,114755944.00
2025/08/14,8.42,8.44,8.25,8.31,13145596,112475360.00
2025/08/15,8.28,8.53,8.28,8.46,13474913,117131976.00
2025/08/18,8.45,8.58,8.39,8.44,16469700,143525376.00
2025/08/19,8.45,8.57,8.43,8.52,12374576,108224768.00
2025/08/20,8.51,8.86,8.42,8.73,20803981,185486000.00
2025/08/21,8.78,9.11,8.73,8.94,25885971,236338912.00
2025/08/22,8.85,9.04,8.78,8.81,17968021,163328848.00
2025/08/25,8.95,9.04,8.84,8.91,22630022,207101488.00
2025/08/26,8.92,8.92,8.74,8.76,19157316,173119552.00
2025/08/27,8.75,8.75,8.50,8.51,15822163,140437552.00
2025/08/28,8.51,8.61,8.28,8.59,13535588,117631232.00
2025/08/29,8.56,8.69,8.52,8.59,10038364,88635088.00
2025/09/01,8.59,8.80,8.52,8.79,14323811,127938536.00
2025/09/02,8.74,8.80,8.60,8.74,13651300,121802376.00
2025/09/03,8.74,8.82,8.42,8.47,11077158,97866152.00
2025/09/04,8.48,8.57,8.38,8.47,10930792,95302448.00
2025/09/05,8.50,8.60,8.47,8.59,8983520,78830448.00
2025/09/08,8.62,8.83,8.62,8.78,10742951,96364296.00
2025/09/09,8.74,8.97,8.71,8.84,14500153,131676216.00
2025/09/10,8.80,8.84,8.61,8.79,10134763,90835952.00
2025/09/11,8.77,8.82,8.67,8.82,9061310,81481072.00
2025/09/12,8.82,9.09,8.77,9.06,20735101,191079040.00
2025/09/15,9.06,9.26,8.84,9.00,21725462,199963648.00
2025/09/16,9.00,9.00,8.54,8.78,23361600,208953008.00
2025/09/17,8.75,8.77,8.58,8.75,10599212,94471992.00
2025/09/18,8.72,8.72,8.39,8.48,14855051,130502520.00
2025/09/19,8.47,8.58,8.42,8.51,6177902,53889172.00
2025/09/22,8.54,8.57,8.29,8.46,8462929,72820888.00
2025/09/23,8.40,8.43,8.08,8.20,9288610,78159864.00
2025/09/24,8.16,8.32,8.12,8.32,6235660,52849436.00
2025/09/25,8.35,8.52,8.20,8.24,10320400,88521328.00
2025/09/26,8.19,8.35,8.14,8.24,7573910,64381216.00
2025/09/29,8.25,8.45,8.12,8.44,9278708,79474224.00
2025/09/30,8.42,8.77,8.42,8.66,14468275,128647192.00
2025/10/09,9.31,9.55,9.28,9.55,10641775,103502288.00
2025/10/10,9.83,10.31,9.45,9.84,62170063,621425088.00
2025/10/13,9.02,9.60,9.02,9.53,44021607,423033152.00
2025/10/14,9.79,9.81,9.39,9.42,32840119,320646496.00
2025/10/15,9.47,9.80,9.35,9.56,25699775,251470640.00
2025/10/16,9.63,9.64,9.23,9.32,20210295,194187584.00
2025/10/17,9.38,10.17,9.35,9.74,39498285,390756800.00
2025/10/20,9.58,9.81,9.35,9.69,28462091,278314880.00
2025/10/21,9.71,10.00,9.54,9.87,39119998,393241568.00
2025/10/22,9.72,9.72,9.51,9.58,22429120,219582768.00
2025/10/23,9.52,10.56,9.52,10.32,73270980,766980672.00
2025/10/24,10.50,10.52,9.85,10.05,50452805,518208960.00
2025/10/27,10.07,10.83,9.86,10.46,45316062,474340512.00
2025/10/28,10.32,10.46,10.03,10.09,30114806,312713920.00
2025/10/29,10.09,10.46,9.97,10.28,31474019,327887552.00
2025/10/30,10.22,10.44,10.03,10.03,25883994,267131664.00
2025/10/31,10.03,10.23,9.86,9.95,24779302,253130112.00
2025/11/03,9.95,10.09,9.73,9.90,17346450,174375296.00
2025/11/04,9.82,9.88,9.52,9.61,19219229,189437392.00
2025/11/05,9.51,9.69,9.42,9.65,10876250,106354688.00
2025/11/06,9.65,9.96,9.62,9.90,14616895,146108736.00
2025/11/07,9.82,10.02,9.75,9.98,14118822,142886800.00
2025/11/10,10.00,10.16,9.88,9.94,13433035,136730144.00
2025/11/11,10.00,10.26,9.95,10.17,19327902,198881792.00
2025/11/12,10.12,10.34,9.94,10.05,13571704,139303248.00
2025/11/13,10.04,10.41,10.04,10.32,22723047,237826000.00
2025/11/14,10.17,10.57,10.16,10.40,17844800,188414352.00
2025/11/17,10.40,10.44,10.11,10.20,11627181,120961520.00
2025/11/18,10.20,10.20,9.56,9.65,18568561,184408816.00
2025/11/19,9.68,9.85,9.46,9.61,10629585,103841992.00
2025/11/20,9.60,9.93,9.60,9.66,11864040,117795776.00
2025/11/21,9.52,9.59,8.77,8.82,17475761,161003888.00
2025/11/24,8.91,8.97,8.74,8.81,8792600,79349392.00
2025/11/25,8.90,9.05,8.80,9.02,8571370,78044528.00
2025/11/26,9.00,9.06,8.88,8.89,6266400,57254472.00
2025/11/27,8.95,9.08,8.92,8.98,6304450,57564328.00
2025/11/28,8.95,9.20,8.88,9.17,6742600,62275288.00
2025/12/01,9.29,9.73,9.29,9.34,11413536,109515400.00
2025/12/02,9.31,9.37,9.17,9.23,6750880,63199808.00
2025/12/03,9.22,9.31,9.17,9.21,5317305,49796216.00
2025/12/04,9.26,9.30,9.13,9.15,4663110,43480912.00
2025/12/05,9.12,9.31,9.09,9.29,5980970,56066220.00
2025/12/08,9.29,9.35,9.11,9.15,6699912,62299028.00
2025/12/09,9.13,9.13,8.94,8.97,7000724,63783628.00
2025/12/10,8.94,9.06,8.87,8.99,4538901,41241036.00
2025/12/11,9.05,9.06,8.77,8.86,5769600,52063160.00
2025/12/12,8.85,8.99,8.80,8.80,5414395,48841092.00
2025/12/15,8.77,8.96,8.72,8.86,4923700,44267376.00
2025/12/16,8.87,8.87,8.56,8.59,7806500,68559968.00
2025/12/17,8.58,8.67,8.47,8.63,7968960,69280840.00
2025/12/18,8.63,8.78,8.58,8.66,4551768,40155492.00
2025/12/19,8.63,8.92,8.59,8.88,5491820,49024284.00
2025/12/22,8.96,9.31,8.96,9.19,9966400,92574640.00
2025/12/23,9.20,9.27,9.07,9.24,8112000,75548696.00
2025/12/24,9.23,9.51,9.19,9.25,6441372,60533784.00
2025/12/25,9.29,9.29,9.05,9.21,5820961,54146800.00
2025/12/26,9.24,9.56,9.22,9.46,12783501,121697608.00
2025/12/29,9.56,9.61,9.37,9.46,10143946,97569720.00
2025/12/30,9.40,9.47,9.23,9.36,8851999,83925304.00
2025/12/31,9.36,9.46,9.30,9.37,6900800,65575304.00
2026/01/05,9.35,9.67,9.35,9.59,10329680,99854600.00
2026/01/06,9.65,9.83,9.60,9.74,11864900,117107392.00
2026/01/07,9.77,9.95,9.77,9.84,13238390,132148720.00
2026/01/08,9.82,9.86,9.57,9.67,10957600,107846248.00
2026/01/09,9.67,9.82,9.64,9.75,10895828,107437240.00
2026/01/12,9.77,9.84,9.59,9.64,12907603,126231776.00
2026/01/13,9.59,9.80,9.58,9.65,12096100,118827200.00
2026/01/14,9.65,9.74,9.48,9.59,12619168,123144544.00
2026/01/15,9.52,9.95,9.51,9.75,16439312,162919168.00
2026/01/16,9.71,10.00,9.67,9.74,12118189,120714616.00
2026/01/19,9.67,10.07,9.54,10.05,17873160,179582400.00
2026/01/20,10.03,10.03,9.66,9.89,13816204,137436128.00
2026/01/21,9.83,10.18,9.82,10.17,16211895,164936000.00
2026/01/22,10.10,10.21,9.98,10.21,12309867,125800744.00
2026/01/23,10.25,10.58,10.18,10.55,19607869,207251856.00
2026/01/26,10.59,11.10,10.59,11.05,33594862,369616672.00
2026/01/27,10.77,10.86,10.28,10.46,30420547,322952384.00
2026/01/28,10.50,11.31,10.35,11.20,40786595,449698304.00
2026/01/29,11.32,11.90,10.82,11.05,55342159,628955776.00
2026/01/30,10.82,10.87,10.02,10.43,37090236,389308960.00
2026/02/02,10.07,10.13,9.77,9.77,22874249,230525264.00
2026/02/03,10.09,10.32,9.88,10.11,17368235,176338048.00
2026/02/04,10.21,10.26,10.07,10.20,11620391,119638600.00
2026/02/05,10.08,10.17,9.83,9.86,9632101,97168656.00
2026/02/06,9.80,10.25,9.72,10.02,14607302,148963456.00
2026/02/09,10.13,10.17,9.95,10.01,9370986,95313720.00
2026/02/10,10.01,10.02,9.82,9.84,8685304,86854456.00
2026/02/11,9.82,10.17,9.77,10.09,13160415,133620232.00
2026/02/12,10.09,10.77,10.05,10.26,23526599,247765520.00
2026/02/13,10.26,10.35,9.93,9.98,13096438,133980152.00
2026/02/24,10.15,10.44,10.15,10.39,12855285,134619776.00
2026/02/25,10.37,10.94,10.36,10.82,19947207,217001184.00
2026/02/26,10.83,11.01,10.75,10.84,15039250,165194768.00
2026/02/27,10.79,11.18,10.75,11.18,16556635,185465712.00
2026/03/02,11.25,11.47,10.88,11.24,20831425,234860432.00
2026/03/03,11.12,11.24,10.69,10.71,18866779,208696416.00
2026/03/04,10.63,10.93,10.63,10.67,11786734,128162624.00
2026/03/05,10.89,10.91,10.56,10.64,9518200,102913544.00
2026/03/06,10.57,10.64,10.39,10.50,8735312,93097632.00
2026/03/09,10.48,10.56,10.15,10.39,12001577,125799032.00
2026/03/10,10.40,10.47,10.13,10.22,12093496,125073984.00
2026/03/11,10.21,10.26,10.10,10.16,9634019,99184280.00
2026/03/12,10.15,10.33,10.02,10.14,12627400,130219304.00
2026/03/13,10.20,10.83,10.18,10.32,22748100,241363072.00
2026/03/16,10.23,10.26,9.67,9.84,23923849,240625440.00
2026/03/17,9.89,10.08,9.72,9.72,13206601,132467128.00
2026/03/18,9.72,9.78,9.43,9.52,9768156,94425680.00
2026/03/19,9.45,9.45,9.01,9.05,11939721,110546528.00
2026/03/20,9.06,9.12,8.88,8.88,7972060,72726672.00
2026/03/23,8.75,8.75,8.07,8.15,20658249,176467968.00
2026/03/24,8.38,8.52,8.10,8.51,13020300,109681200.00
2026/03/25,8.57,8.76,8.57,8.70,10193300,89599896.00
2026/03/26,8.62,8.99,8.58,8.73,12196300,108914272.00
2026/03/27,8.68,8.97,8.61,8.94,9036201,81237192.00
2026/03/30,8.91,9.03,8.75,8.87,10313640,92741456.00
2026/03/31,8.84,8.91,8.61,8.64,9448701,83890096.00
2026/04/01,8.79,8.88,8.70,8.77,8766201,78014520.00
2026/04/02,8.77,8.77,8.52,8.61,6057300,53017616.00
2026/04/03,8.61,8.62,8.32,8.34,5087849,43316772.00
2026/04/07,8.33,8.55,8.31,8.53,6028373,51918924.00
2026/04/08,8.73,8.89,8.66,8.88,8002401,71326416.00
2026/04/09,8.79,8.87,8.74,8.75,5544500,49474248.00
2026/04/10,8.82,8.93,8.75,8.82,5900101,52992624.00
2026/04/13,8.80,8.83,8.69,8.82,5475600,48728644.00
2026/04/14,8.86,8.97,8.83,8.95,7388060,66750252.00
2026/04/15,8.83,8.84,8.14,8.23,28048927,237144464.00
2026/04/16,8.22,8.49,8.04,8.47,17931859,151333040.00
2026/04/17,8.42,8.53,8.35,8.42,9795812,83838664.00
2026/04/20,8.42,8.62,8.42,8.49,9660220,83606272.00
2026/04/21,8.52,8.54,8.35,8.43,5834212,49753536.00
2026/04/22,8.42,8.48,8.34,8.43,4744860,40573012.00
2026/04/23,8.39,8.48,8.19,8.21,7677160,64487680.00
2026/04/24,8.20,8.25,8.07,8.20,6723411,55691172.00
2026/04/27,8.18,8.21,8.05,8.20,5037800,41677860.00
2026/04/28,8.20,8.22,8.00,8.09,5648600,46267848.00
2026/04/29,8.07,8.29,8.01,8.29,6274900,52316768.00
2026/04/30,8.25,8.29,8.09,8.17,6170600,51309112.00
2026/05/06,8.24,8.31,8.18,8.31,8708500,73000392.00
2026/05/07,8.29,8.34,8.13,8.19,8678100,72262944.00
2026/05/08,8.15,8.26,8.11,8.23,7006201,58180204.00
2026/05/11,8.24,8.28,8.11,8.19,8896000,74031896.00
2026/05/12,8.18,8.24,7.95,7.97,10047300,82031024.00
2026/05/13,7.96,8.11,7.96,8.00,7125055,58142588.00
2026/05/14,8.03,8.03,7.78,7.81,8772611,70081048.00
2026/05/15,7.79,7.83,7.55,7.61,10414300,81156128.00
2026/05/18,7.55,7.58,7.40,7.54,8261800,62687536.00
2026/05/19,7.63,7.63,7.40,7.51,6382966,48599796.00
2026/05/20,7.48,7.52,7.35,7.46,5365111,40606712.00
2026/05/21,7.51,7.60,7.20,7.23,6834695,51565556.00
2026/05/22,7.27,7.62,7.18,7.46,9580200,72441496.00
2026/05/25,7.47,7.58,7.34,7.49,8596740,65182380.00
2026/05/26,7.46,7.46,7.29,7.43,6635884,49769932.00
2026/05/27,7.42,7.43,7.09,7.12,6975441,51080832.00
2026/05/28,7.14,7.28,7.08,7.20,6000200,43907632.00
2026/05/29,7.26,7.30,7.05,7.09,6344800,46342960.00
2026/06/01,7.05,7.33,7.02,7.29,7034800,51880976.00
2026/06/02,7.30,7.31,7.10,7.22,5665060,41446168.00
2026/06/03,7.21,7.27,7.08,7.22,7296460,53267132.00
2026/06/04,7.18,7.18,6.88,6.98,7799778,55570864.00
2026/06/05,7.01,7.10,6.92,6.98,6094854,43630172.00
2026/06/08,6.93,6.98,6.69,6.79,7502260,52201644.00
2026/06/09,6.83,6.87,6.68,6.76,3607800,24806880.00
2026/06/10,6.69,6.79,6.63,6.76,5097152,34854368.00
2026/06/11,6.71,6.88,6.71,6.82,5654466,39189164.00
2026/06/12,6.94,7.17,6.88,7.04,9524474,68252584.00
2026/06/15,7.17,7.25,7.05,7.18,8131448,59208000.00
2026/06/16,7.15,7.15,7.00,7.05,5639301,40458740.00
2026/06/17,7.02,7.03,6.81,6.87,6168802,43349092.00
2026/06/18,6.83,6.96,6.73,6.80,5006601,34822152.00
2026/06/22,6.79,7.17,6.65,7.13,9895455,69807984.00
2026/06/23,7.06,7.08,6.84,6.87,7696500,54721560.00
2026/06/24,6.83,6.90,6.60,6.70,6371662,43630444.00
2026/06/25,6.74,6.77,6.61,6.67,6091398,40675520.00
2026/06/26,6.64,6.68,6.38,6.40,6249700,40458068.00
2026/06/29,6.40,6.52,6.26,6.45,6321500,40621728.00
2026/06/30,6.45,6.45,6.28,6.36,4305300,27295710.00
2026/07/01,6.35,6.54,6.30,6.43,5191714,33416444.00
2026/07/02,6.48,6.57,6.44,6.50,4917756,32001488.00
2026/07/03,6.51,6.60,6.48,6.54,5524969,36147640.00
2026/07/06,6.56,6.75,6.53,6.57,5670601,37597088.00
2026/07/07,6.55,6.62,6.38,6.43,4383560,28360252.00
2026/07/08,6.42,6.49,6.33,6.38,3757709,24071562.00
2026/07/09,6.37,6.42,6.14,6.24,4731142,29542372.00
2026/07/10,6.23,6.42,6.17,6.30,6458400,40686524.00
2026/07/13,6.29,6.32,6.15,6.18,4844100,30078794.00
2026/07/14,6.19,6.42,6.11,6.42,7163001,45078804.00
2026/07/15,6.39,6.68,6.33,6.60,7790910,51125104.00
2026/07/16,6.59,6.73,6.50,6.62,5888110,39082884.00
2026/07/17,6.65,6.71,6.45,6.50,6815123,44799992.00
2026/07/20,6.49,6.63,6.35,6.47,7105548,46167824.00
2026/07/21,6.54,6.54,6.39,6.45,6153105,39713276.00
2026/07/22,6.49,6.57,6.39,6.43,6121690,39584548.00
2026/07/23,6.43,6.66,6.38,6.65,8020162,52536064.00
2026/07/24,6.64,6.64,6.38,6.38,5737000,37019824.00
2026/07/27,6.38,6.54,6.38,6.51,4732300,30717060.00
2026/07/28,6.47,6.58,6.43,6.54,3634800,23745674.00
2026/07/29,6.56,6.71,6.54,6.68,5692160,37880308.00
2026/07/30,6.65,6.81,6.65,6.73,5534835,37286732.00
2026/07/31,6.70,6.82,6.68,6.80,4761758,32164348.00
2026/08/03,6.80,6.91,6.76,6.91,4682340,32122616.00
2026/08/04,7.00,7.07,6.81,6.86,6927861,47660020.00
2026/08/05,6.84,6.94,6.81,6.88,5392500,37050968.00
2026/08/06,6.90,6.96,6.79,6.92,6660300,45813520.00
2026/08/07,6.95,6.95,6.84,6.93,5251842,36240972.00
2026/08/10,6.90,7.08,6.90,7.06,7339215,51556288.00
2026/08/11,7.02,7.06,6.84,6.85,7481202,51844120.00
2026/08/12,6.85,6.92,6.84,6.89,5175660,35593344.00
2026/08/13,6.88,6.89,6.74,6.75,5286734,35938452.00
2026/08/14,6.80,6.84,6.70,6.81,4251700,28845904.00
2026/08/17,6.80,7.01,6.78,6.99,7481782,51964316.00
2026/08/18,6.95,6.97,6.85,6.91,3919800,27072392.00
2026/08/19,6.90,6.91,6.76,6.80,4541900,30981246.00
2026/08/20,6.79,6.95,6.78,6.89,4709400,32448414.00
2026/08/21,6.86,6.97,6.78,6.95,6436022,44433628.00
2026/08/24,6.94,7.08,6.94,7.06,9868400,69496552.00
2026/08/25,7.06,7.17,7.00,7.12,9965950,70801432.00
2026/08/26,7.06,7.30,7.04,7.28,14292601,103418792.00
2026/08/27,7.23,7.38,7.17,7.35,10360677,75650872.00
2026/08/28,7.37,7.56,7.27,7.55,12097240,90012032.00
2026/08/31,7.50,7.52,7.23,7.32,10599338,77538568.00
2026/09/01,7.32,7.51,7.29,7.46,8242953,61346704.00
2026/09/02,7.47,7.47,7.22,7.34,7333443,53534152.00
2026/09/03,7.36,7.36,7.23,7.28,5058900,36846876.00
2026/09/04,7.36,7.44,7.19,7.21,7461838,54415552.00
2026/09/07,7.21,7.24,7.16,7.21,5444900,39177988.00
2026/09/08,7.21,7.55,7.21,7.51,12028820,89325464.00
2026/09/09,7.38,7.86,7.38,7.81,16073087,123522736.00
2026/09/10,7.73,7.78,7.54,7.58,9500090,72491248.00
2026/09/11,7.43,7.52,7.23,7.28,7531270,55048148.00
2026/09/14,7.30,7.30,7.15,7.19,6807200,49124868.00
#数据来源:通达信
