002068 黑猫股份 日线 前复权
      日期	    开盘	    最高	    最低	    收盘	    成交量	    成交额
2021/08/02,7.10,7.19,6.99,7.16,18718773,135707072.00
2021/08/03,7.15,7.20,6.92,6.95,17605786,126763640.00
2021/08/04,6.96,7.11,6.91,7.07,13273382,95621320.00
2021/08/05,7.06,7.06,6.88,6.95,14262797,101254280.00
2021/08/06,6.91,7.02,6.84,7.01,14166200,100618160.00
2021/08/09,6.92,7.06,6.92,7.02,16136290,115213016.00
2021/08/10,7.02,7.25,7.00,7.17,22756692,165928944.00
2021/08/11,7.18,7.23,7.10,7.17,19140827,139970512.00
2021/08/12,7.17,7.56,7.10,7.51,36339583,272854336.00
2021/08/13,7.43,7.69,7.40,7.67,42867208,330627616.00
2021/08/16,7.71,7.78,7.58,7.63,34601737,269703136.00
2021/08/17,7.59,7.67,7.43,7.45,37280956,287308480.00
2021/08/18,7.53,7.67,7.46,7.62,32685757,252531712.00
2021/08/19,7.78,7.82,7.39,7.50,31134746,238069200.00
2021/08/20,7.43,7.51,7.20,7.50,20851467,157102080.00
2021/08/23,7.59,7.72,7.52,7.66,35766200,278163872.00
2021/08/24,7.67,7.77,7.61,7.71,31322132,246204240.00
2021/08/25,7.79,8.05,7.75,7.96,43029900,346978880.00
2021/08/26,7.90,8.42,7.83,8.31,64160775,537013504.00
2021/08/27,8.24,8.24,7.83,8.02,69117258,561662848.00
2021/08/30,8.02,8.23,7.99,8.12,52304354,431634784.00
2021/08/31,8.05,8.42,7.87,8.39,60396767,504440832.00
2021/09/01,8.36,8.41,7.74,7.90,59759322,490777888.00
2021/09/02,7.91,8.41,7.87,8.25,54938423,456791968.00
2021/09/03,8.27,8.37,7.94,8.09,51444544,427393632.00
2021/09/06,8.18,8.23,7.80,7.95,35061632,284208096.00
2021/09/07,7.93,8.27,7.89,8.22,43762476,361815968.00
2021/09/08,8.19,8.66,8.12,8.45,64465691,556485376.00
2021/09/09,8.45,9.31,8.31,9.31,67011242,603723648.00
2021/09/10,9.58,9.91,8.88,8.94,110475883,1046912064.00
2021/09/13,8.97,9.10,8.58,8.91,77150685,689451648.00
2021/09/14,8.79,8.90,8.63,8.70,47290758,420804288.00
2021/09/15,8.64,9.13,8.64,9.04,55044874,500597792.00
2021/09/16,9.17,9.33,8.78,8.82,57528584,530298112.00
2021/09/17,8.89,9.29,8.69,9.00,57030250,523695520.00
2021/09/22,8.87,9.23,8.58,9.23,53651163,484914944.00
2021/09/23,9.18,9.29,8.73,8.98,50201523,457627808.00
2021/09/24,8.83,8.89,8.07,8.07,58323013,498848480.00
2021/09/27,7.91,8.00,7.25,7.34,39686918,303636384.00
2021/09/28,7.46,7.59,7.35,7.51,18149437,138499568.00
2021/09/29,7.43,7.49,6.95,7.07,24989817,183407664.00
2021/09/30,7.12,7.23,7.08,7.19,13644700,99676200.00
2021/10/08,7.26,7.48,7.17,7.25,13784101,102210872.00
2021/10/11,7.28,7.34,7.15,7.28,15085256,111634984.00
2021/10/12,7.24,7.32,6.90,7.03,19332572,139601984.00
2021/10/13,6.99,7.01,6.73,6.99,17087008,120494984.00
2021/10/14,6.96,7.08,6.87,7.05,9857200,70459200.00
2021/10/15,6.74,6.74,6.33,6.34,45806480,300869728.00
2021/10/18,6.37,6.69,6.35,6.67,27468650,184034672.00
2021/10/19,6.73,6.98,6.56,6.92,28163400,195618960.00
2021/10/20,6.81,6.88,6.67,6.84,16154251,112120104.00
2021/10/21,6.83,6.97,6.80,6.89,16426374,115809048.00
2021/10/22,6.91,6.91,6.61,6.63,14750100,101528944.00
2021/10/25,6.65,6.73,6.59,6.64,11224400,76487512.00
2021/10/26,6.70,6.86,6.67,6.70,13438000,92750264.00
2021/10/27,6.70,6.70,6.47,6.58,12196553,81822928.00
2021/10/28,6.54,6.59,6.23,6.30,15152060,98670848.00
2021/10/29,6.33,6.39,6.04,6.23,16725000,105818320.00
2021/11/01,6.25,6.31,6.15,6.23,14981888,93442752.00
2021/11/02,6.23,6.25,5.84,5.92,23734848,142679168.00
2021/11/03,5.92,6.00,5.84,5.99,10674858,63342732.00
2021/11/04,5.97,5.99,5.90,5.96,9065900,53763848.00
2021/11/05,5.92,5.95,5.75,5.78,11842900,69205800.00
2021/11/08,5.78,5.89,5.74,5.87,7013886,40915932.00
2021/11/09,5.88,5.91,5.80,5.87,9852832,57708720.00
2021/11/10,5.87,5.90,5.75,5.89,12110828,70584032.00
2021/11/11,5.87,6.18,5.86,6.11,22249328,135378400.00
2021/11/12,6.10,6.21,6.08,6.14,12305308,75512152.00
2021/11/15,6.10,6.56,6.10,6.55,26381161,168270528.00
2021/11/16,6.73,7.10,6.45,6.52,31993400,214240112.00
2021/11/17,6.50,6.57,6.35,6.50,16381139,105751664.00
2021/11/18,6.48,6.74,6.45,6.55,16658277,110356960.00
2021/11/19,6.55,6.79,6.43,6.70,17187182,113585192.00
2021/11/22,6.71,7.01,6.50,6.99,30765521,208139216.00
2021/11/23,6.94,7.39,6.91,7.25,40017103,289529504.00
2021/11/24,7.37,7.53,7.12,7.22,24947096,181400976.00
2021/11/25,7.26,7.94,7.22,7.94,77695577,598360896.00
2021/11/26,8.13,8.13,7.61,8.05,60835348,484084224.00
2021/11/29,7.85,8.46,7.83,8.42,60327229,494994688.00
2021/11/30,8.51,9.20,8.25,9.18,71455098,628621568.00
2021/12/01,9.09,9.10,8.45,8.71,66910524,584899776.00
2021/12/02,8.83,9.40,8.79,8.85,63311211,575881728.00
2021/12/03,8.85,9.45,8.49,9.06,63094013,569984512.00
2021/12/06,9.15,9.78,9.13,9.30,51688792,491038880.00
2021/12/07,9.43,9.50,8.83,9.04,47308544,428283744.00
2021/12/08,9.05,9.15,8.70,8.92,22853302,204294144.00
2021/12/09,8.95,8.95,8.22,8.49,47304997,401189216.00
2021/12/10,8.58,8.68,8.36,8.56,24098661,205467136.00
2021/12/13,8.62,9.42,8.62,9.42,35946548,332000704.00
2021/12/14,9.78,10.36,9.70,9.85,68749446,687527936.00
2021/12/15,10.14,10.62,9.95,10.33,61240437,631206720.00
2021/12/16,10.24,10.66,10.00,10.32,36692746,379376832.00
2021/12/17,10.38,10.42,9.55,9.96,47788840,473389920.00
2021/12/20,9.83,10.00,9.42,9.51,31886690,307780928.00
2021/12/21,9.30,10.10,9.26,9.85,31293800,303492160.00
2021/12/22,9.91,10.49,9.82,10.09,34625753,353630816.00
2021/12/23,10.20,10.39,9.98,10.15,24452301,249517728.00
2021/12/24,10.13,10.22,9.89,9.91,17540805,175508672.00
2021/12/27,9.69,9.95,9.56,9.66,19722402,191645088.00
2021/12/28,9.78,10.63,9.66,10.63,41552522,431215648.00
2021/12/29,10.70,11.22,10.50,10.61,48786581,527590464.00
2021/12/30,10.66,10.82,10.05,10.55,38434202,400565952.00
2021/12/31,10.71,10.80,10.25,10.50,27376607,288271808.00
2022/01/04,10.55,10.85,10.27,10.48,22617749,237913824.00
2022/01/05,10.41,10.75,10.28,10.29,29788110,311609344.00
2022/01/06,10.26,11.25,10.20,10.81,32612184,350999712.00
2022/01/07,10.80,11.28,10.22,10.26,37050182,394073600.00
2022/01/10,10.09,10.26,9.43,9.50,39539665,385594240.00
2022/01/11,9.53,9.60,9.00,9.32,40734975,376883840.00
2022/01/12,9.32,10.12,9.25,10.08,38456613,378125440.00
2022/01/13,9.99,10.29,9.49,9.56,23824939,232637312.00
2022/01/14,9.52,10.52,9.40,10.52,36135906,370372832.00
2022/01/17,10.73,11.41,10.45,11.14,49547485,545492416.00
2022/01/18,11.31,11.96,11.01,11.14,43267908,495890048.00
2022/01/19,11.14,11.15,10.57,10.74,24935671,268765504.00
2022/01/20,10.72,10.84,10.18,10.23,26145874,273144320.00
2022/01/21,10.23,10.66,9.99,10.15,22478139,230271888.00
2022/01/24,10.26,10.60,9.89,10.26,25836296,265645024.00
2022/01/25,10.15,10.26,9.55,9.60,23922395,233618480.00
2022/01/26,9.60,10.23,9.58,10.04,21251732,211711520.00
2022/01/27,10.08,10.36,9.80,9.88,18359273,184461792.00
2022/01/28,10.15,10.29,9.56,9.99,17255395,172195808.00
2022/02/07,10.23,10.33,9.60,9.73,19178101,189875472.00
2022/02/08,9.74,9.75,9.24,9.68,17924246,169068848.00
2022/02/09,9.67,10.19,9.38,9.92,16710335,164410624.00
2022/02/10,10.04,10.18,9.60,9.75,11250556,109707936.00
2022/02/11,9.70,10.03,9.50,9.63,16209200,158288176.00
2022/02/14,9.49,10.12,9.47,9.67,15671800,153547248.00
2022/02/15,9.61,9.95,9.52,9.74,16247544,158628752.00
2022/02/16,9.84,10.71,9.73,10.71,24456316,253063664.00
2022/02/17,10.65,10.80,10.46,10.69,27166350,288671296.00
2022/02/18,10.50,11.06,10.49,10.69,18658991,201161136.00
2022/02/21,10.70,10.77,10.22,10.54,26184736,272481408.00
2022/02/22,10.43,10.85,10.40,10.64,18498400,196935776.00
2022/02/23,10.66,11.70,10.58,11.70,28531414,325779776.00
2022/02/24,11.73,12.00,11.00,11.29,40243497,463010528.00
2022/02/25,11.69,11.81,11.30,11.43,19669100,226142976.00
2022/02/28,11.44,11.50,10.92,11.22,25331416,282025984.00
2022/03/01,11.22,11.65,11.09,11.52,23146043,262922016.00
2022/03/02,11.38,11.88,11.26,11.30,18372051,209853760.00
2022/03/03,11.40,11.49,11.00,11.02,14711278,164770592.00
2022/03/04,11.01,11.01,10.61,10.96,15428920,167188288.00
2022/03/07,10.99,11.26,10.64,10.74,19818895,218101408.00
2022/03/08,10.94,10.99,10.29,10.40,18116839,192943536.00
2022/03/09,10.54,10.61,9.75,10.22,15787700,160826832.00
2022/03/10,10.40,10.71,10.20,10.37,16125943,168066224.00
2022/03/11,10.22,10.49,10.10,10.35,10900526,111950184.00
2022/03/14,10.34,10.40,9.99,10.00,9526672,96909576.00
2022/03/15,9.98,10.27,9.60,9.67,16296164,160887680.00
2022/03/16,9.84,10.21,9.33,10.18,15231938,149706912.00
2022/03/17,10.43,10.87,10.25,10.29,21903996,231221200.00
2022/03/18,10.25,11.20,10.23,11.01,22934706,247942912.00
2022/03/21,11.06,11.22,10.78,10.90,13086620,143580928.00
2022/03/22,10.89,11.32,10.75,11.25,14082641,156477200.00
2022/03/23,11.20,11.23,10.88,10.95,10475963,115325664.00
2022/03/24,10.88,11.06,10.73,10.91,6972006,75932864.00
2022/03/25,10.87,11.04,10.76,10.86,7090735,77388584.00
2022/03/28,10.89,11.93,10.76,11.53,21287173,243823120.00
2022/03/29,11.56,12.12,11.52,11.57,20274500,238742608.00
2022/03/30,11.76,11.78,11.12,11.67,17232120,198299024.00
2022/03/31,11.44,11.62,11.10,11.15,11586006,131015856.00
2022/04/01,11.19,11.36,10.89,11.29,8282900,92334248.00
2022/04/06,11.20,11.28,10.79,10.87,10435900,113944416.00
2022/04/07,10.90,10.99,10.55,10.59,10185000,108982016.00
2022/04/08,10.63,10.88,10.20,10.70,12534678,132768008.00
2022/04/11,10.63,10.68,9.84,9.89,13694901,138996096.00
2022/04/12,9.99,10.65,9.78,10.57,16467000,168785744.00
2022/04/13,10.52,10.63,10.06,10.06,11710400,120293904.00
2022/04/14,10.13,10.20,9.83,9.93,11037184,110122976.00
2022/04/15,9.85,9.92,9.45,9.68,13256328,128251088.00
2022/04/18,9.70,9.70,9.10,9.41,13019262,121367816.00
2022/04/19,9.50,9.90,9.40,9.74,11417532,110820368.00
2022/04/20,9.99,10.49,9.92,10.10,16426220,167135664.00
2022/04/21,9.90,10.20,9.41,9.44,11628571,113439536.00
2022/04/22,9.15,10.08,9.02,9.85,19576834,188364784.00
2022/04/25,9.71,9.94,8.87,8.87,18618477,172045504.00
2022/04/26,8.78,8.78,7.98,7.98,17912665,147918944.00
2022/04/27,7.73,8.50,7.31,8.44,16157953,127540096.00
2022/04/28,8.32,8.42,7.93,8.02,11596374,94397376.00
2022/04/29,8.01,8.25,7.80,8.05,16013215,128388616.00
2022/05/05,8.14,8.72,7.95,8.49,13940358,116703192.00
2022/05/06,8.24,8.47,8.07,8.28,10622400,88016240.00
2022/05/09,8.45,8.59,8.20,8.37,7832501,65807528.00
2022/05/10,8.30,8.62,8.15,8.61,10048252,84457760.00
2022/05/11,8.61,9.09,8.57,8.71,13280407,116997856.00
2022/05/12,8.71,8.84,8.56,8.70,7970831,69236600.00
2022/05/13,8.71,8.90,8.56,8.62,6732178,58544960.00
2022/05/16,8.63,9.08,8.55,9.06,15452847,137229472.00
2022/05/17,9.30,9.97,9.12,9.97,34581451,332090368.00
2022/05/18,10.14,10.97,10.14,10.97,27281658,291398368.00
2022/05/19,10.96,11.10,10.34,10.80,54077430,580069696.00
2022/05/20,10.90,10.90,10.21,10.58,31528771,330913664.00
2022/05/23,10.65,10.77,10.37,10.70,25124899,266284608.00
2022/05/24,10.53,10.95,10.11,10.17,30457554,319079200.00
2022/05/25,10.29,10.33,9.63,9.98,29887890,295502592.00
2022/05/26,9.96,10.98,9.76,10.98,25889300,268738240.00
2022/05/27,11.28,11.72,10.82,11.50,47392010,534409216.00
2022/05/30,11.33,12.65,11.31,12.65,41632272,502574464.00
2022/05/31,12.77,13.44,12.04,12.44,61538106,778569600.00
2022/06/01,12.24,12.35,11.82,12.05,28062826,338890720.00
2022/06/02,11.98,12.69,11.98,12.30,33743153,417447616.00
2022/06/06,12.29,13.32,12.10,12.63,35539873,451540032.00
2022/06/07,12.51,13.66,12.36,13.07,31717770,409613728.00
2022/06/08,13.11,13.19,12.33,12.76,26298481,334741600.00
2022/06/09,12.74,12.82,12.38,12.50,16076329,201738352.00
2022/06/10,12.43,13.22,12.39,12.90,23988421,309014592.00
2022/06/13,12.60,14.19,12.58,14.19,37657777,514236448.00
2022/06/14,14.00,15.60,13.98,15.06,46816868,685932608.00
2022/06/15,15.03,15.06,14.12,14.43,29448824,431194048.00
2022/06/16,14.43,14.85,14.22,14.47,19184733,278934976.00
2022/06/17,14.28,15.83,14.23,15.52,25028906,383137376.00
2022/06/20,15.66,16.05,14.24,15.20,34068767,515545856.00
2022/06/21,14.87,15.39,14.16,14.25,28100213,409250048.00
2022/06/22,14.21,15.68,13.66,15.01,48000160,706699136.00
2022/06/23,14.99,15.49,14.85,15.12,28142232,427211840.00
2022/06/24,15.00,15.44,14.85,15.03,20172676,305629376.00
2022/06/27,15.04,15.81,14.66,14.99,28928921,440274080.00
2022/06/28,15.01,15.44,14.43,15.08,25947985,387441248.00
2022/06/29,15.07,15.07,13.80,14.03,23024455,330637216.00
2022/06/30,14.04,14.22,13.50,13.95,28221106,390942016.00
2022/07/01,14.06,15.35,13.68,15.19,36729367,543147136.00
2022/07/04,15.51,16.71,15.51,16.71,7312511,120465952.00
2022/07/05,17.85,18.22,16.87,17.61,65418077,1154284160.00
2022/07/06,18.17,19.00,17.06,17.42,34445479,608547392.00
2022/07/07,17.63,19.08,16.90,18.54,31227389,569030848.00
2022/07/08,18.50,18.55,17.57,17.68,19805963,356240224.00
2022/07/11,17.58,18.25,17.16,17.64,22214342,393262208.00
2022/07/12,18.03,18.44,17.10,17.34,15219137,269408352.00
2022/07/13,17.49,17.96,16.95,17.57,14308648,250304560.00
2022/07/14,17.51,19.18,17.38,18.84,20064282,371046720.00
2022/07/15,18.50,19.47,18.18,18.39,24164040,452143008.00
2022/07/18,18.47,19.46,17.94,19.31,21269700,400387424.00
2022/07/19,19.18,19.75,18.20,18.66,19244155,364225504.00
2022/07/20,18.66,18.85,18.35,18.76,14565145,270834304.00
2022/07/21,18.65,19.19,18.29,18.29,11808300,219664384.00
2022/07/22,18.44,18.80,17.03,18.55,25567056,455259168.00
2022/07/25,18.39,18.65,17.41,17.53,18783732,337638336.00
2022/07/26,17.41,19.10,17.28,18.87,20900161,388885888.00
2022/07/27,18.80,19.90,18.50,19.30,22494539,434200992.00
2022/07/28,18.97,19.70,18.90,19.15,14005593,269153440.00
2022/07/29,19.56,20.16,17.90,18.51,34104039,643575936.00
2022/08/01,18.51,20.36,18.20,20.36,34595889,672658048.00
2022/08/02,20.15,22.40,19.05,22.40,50000767,1075019648.00
2022/08/03,23.10,24.25,22.40,22.90,40585298,942166592.00
2022/08/04,22.88,23.28,21.35,22.10,33680585,747581696.00
2022/08/05,22.18,22.69,20.03,20.40,41538189,874438784.00
2022/08/08,20.39,21.80,19.72,21.17,28983640,606008832.00
2022/08/09,20.75,22.23,20.59,21.87,27126332,586595456.00
2022/08/10,21.74,21.91,21.23,21.63,16618365,357764096.00
2022/08/11,21.51,21.80,20.23,20.44,24486673,506091936.00
2022/08/12,20.24,20.40,18.60,19.39,39503992,764318144.00
2022/08/15,19.19,20.28,19.08,19.44,31662748,622422016.00
2022/08/16,19.33,21.35,18.72,20.60,35431304,716950592.00
2022/08/17,21.00,21.07,19.00,19.38,31812595,634357696.00
2022/08/18,19.29,20.25,18.70,19.88,27277255,531518336.00
2022/08/19,19.88,19.88,18.20,18.33,23763914,446415872.00
2022/08/22,18.42,19.48,17.81,19.40,24035896,453307520.00
2022/08/23,19.41,19.44,18.88,19.11,13466747,257634048.00
2022/08/24,19.32,19.98,17.67,17.86,20382770,374384320.00
2022/08/25,17.71,18.01,16.79,17.09,20515526,352382112.00
2022/08/26,17.32,17.65,16.00,16.10,29101121,482201472.00
2022/08/29,15.81,16.97,15.76,16.57,26829934,441805696.00
2022/08/30,16.53,16.74,16.00,16.08,13977583,227413568.00
2022/08/31,16.00,16.27,14.98,15.09,22493915,344307904.00
2022/09/01,15.20,15.82,15.00,15.09,13966706,214778816.00
2022/09/02,15.07,16.34,14.68,16.00,23685439,374080096.00
2022/09/05,16.20,17.00,15.43,16.25,21750551,355525056.00
2022/09/06,16.26,17.88,16.18,17.88,23162561,400331520.00
2022/09/07,17.98,18.95,17.90,18.17,32189101,589479680.00
2022/09/08,18.31,18.34,17.04,17.31,28639300,503214656.00
2022/09/09,17.29,17.35,16.50,16.85,21556007,360746528.00
2022/09/13,17.00,17.58,16.15,16.60,20364188,339455808.00
2022/09/14,16.61,16.80,15.60,15.70,22264456,355405760.00
2022/09/15,15.83,15.83,14.68,15.15,19516100,294566848.00
2022/09/16,15.15,15.91,14.88,14.99,20442636,313833280.00
2022/09/19,15.00,15.47,14.51,14.75,12714900,189876560.00
2022/09/20,14.81,16.23,14.80,15.55,35660700,564332992.00
2022/09/21,15.60,16.60,15.40,15.99,36425007,583825280.00
2022/09/22,15.83,17.04,15.83,16.24,28177173,462931424.00
2022/09/23,16.41,16.54,15.29,15.58,22097913,346000736.00
2022/09/26,15.38,16.19,15.11,15.86,19226431,305435072.00
2022/09/27,16.08,16.12,15.30,15.66,16365656,254646784.00
2022/09/28,15.69,15.69,14.30,14.42,27057529,396380928.00
2022/09/29,14.67,15.06,14.26,14.90,22028951,324544128.00
2022/09/30,14.90,14.92,13.72,13.84,22591728,317086240.00
2022/10/10,13.80,14.10,13.02,13.17,23830013,319423648.00
2022/10/11,13.25,13.67,13.07,13.50,18362689,247208000.00
2022/10/12,13.59,13.90,12.70,13.87,24918041,332266112.00
2022/10/13,13.70,14.20,13.40,13.46,19224990,264422896.00
2022/10/14,13.64,14.25,13.10,14.02,27916806,382776928.00
2022/10/17,13.70,13.87,12.80,13.31,29529940,390362656.00
2022/10/18,13.35,13.69,12.92,13.21,24185000,319840512.00
2022/10/19,13.05,13.60,12.98,13.19,20348871,271317408.00
2022/10/20,13.07,13.17,12.55,12.74,18841800,241230544.00
2022/10/21,12.71,12.84,12.35,12.43,14206494,178046928.00
2022/10/24,12.56,12.90,12.10,12.43,31513758,394967648.00
2022/10/25,12.55,13.20,12.10,13.04,27915629,355444096.00
2022/10/26,13.04,13.10,12.66,12.82,23347061,299677504.00
2022/10/27,12.80,13.54,12.76,12.86,30758466,403251712.00
2022/10/28,12.78,13.16,11.78,11.91,42228579,520693120.00
2022/10/31,11.86,12.00,11.43,11.58,27905832,325423104.00
2022/11/01,11.58,11.93,11.50,11.91,22599958,265099200.00
2022/11/02,11.90,12.64,11.65,12.30,30848962,375644384.00
2022/11/03,12.17,12.93,12.06,12.79,29976274,378546528.00
2022/11/04,12.85,14.07,12.85,14.07,48005806,650344832.00
2022/11/07,14.60,15.25,14.39,15.04,68473493,1014325504.00
2022/11/08,15.25,15.74,14.75,15.05,38154014,578195520.00
2022/11/09,15.20,16.14,14.90,15.56,29644096,459870272.00
2022/11/10,15.51,15.57,14.42,14.72,28916557,430773312.00
2022/11/11,15.13,15.38,14.69,14.85,23040850,344169536.00
2022/11/14,14.40,14.55,13.50,13.65,36737420,512899680.00
2022/11/15,13.88,15.02,13.72,15.02,27071873,394208352.00
2022/11/16,15.44,15.65,14.82,14.97,35389752,536914624.00
2022/11/17,14.90,14.95,14.32,14.70,23210941,338178656.00
2022/11/18,14.55,15.09,14.39,14.40,20072860,294933536.00
2022/11/21,14.38,14.74,14.04,14.70,17750200,255721696.00
2022/11/22,14.51,14.64,14.00,14.15,15935600,227054112.00
2022/11/23,14.05,14.25,13.58,14.02,12650900,176041168.00
2022/11/24,14.14,14.40,13.70,13.81,14144004,197423136.00
2022/11/25,13.81,13.81,13.21,13.36,14968465,201450064.00
2022/11/28,13.48,13.48,12.95,13.13,9659808,126673600.00
2022/11/29,13.13,13.29,13.07,13.21,10526850,138938512.00
2022/11/30,13.21,13.88,13.07,13.39,23367586,314197312.00
2022/12/01,13.51,14.38,13.51,14.33,34954867,488784672.00
2022/12/02,14.29,14.34,13.75,14.17,22418834,315388256.00
2022/12/05,14.17,14.30,13.74,13.80,16789370,233180176.00
2022/12/06,13.88,14.36,13.33,14.09,23821297,330526944.00
2022/12/07,14.10,14.85,13.80,14.36,25957114,374653056.00
2022/12/08,14.22,14.43,13.98,14.05,11993830,170141408.00
2022/12/09,14.04,14.16,13.68,13.80,12202101,169257840.00
2022/12/12,13.79,13.80,13.40,13.46,10073018,136399648.00
2022/12/13,13.50,13.61,13.08,13.12,13180597,175229920.00
2022/12/14,13.05,13.25,12.63,12.81,15076103,194723312.00
2022/12/15,12.75,13.31,12.50,13.19,17627795,226954048.00
2022/12/16,13.08,13.15,12.60,12.66,11359504,145461760.00
2022/12/19,12.53,13.08,12.51,12.62,9654878,122924704.00
2022/12/20,12.49,12.75,12.25,12.50,6334595,78852184.00
2022/12/21,12.45,12.51,12.08,12.27,7323721,89689816.00
2022/12/22,12.31,12.37,11.60,11.75,14392524,171384656.00
2022/12/23,11.55,11.80,11.36,11.37,11364000,130798384.00
2022/12/26,11.37,12.48,11.36,12.21,18763730,225872064.00
2022/12/27,12.21,12.83,12.20,12.76,19759914,247854288.00
2022/12/28,12.71,12.83,12.00,12.15,16682904,205459920.00
2022/12/29,12.01,12.80,12.01,12.33,15461215,192292128.00
2022/12/30,12.36,12.57,11.90,11.97,14042922,170358864.00
2023/01/03,11.95,12.28,11.87,12.17,11053464,133602800.00
2023/01/04,12.10,12.19,11.86,11.93,9268356,111109128.00
2023/01/05,12.05,12.75,11.90,12.35,25975398,323154400.00
2023/01/06,12.35,13.30,12.25,12.97,28752810,370293376.00
2023/01/09,13.09,13.33,12.72,12.75,16577705,214839168.00
2023/01/10,12.83,12.85,12.25,12.79,21883885,274779872.00
2023/01/11,12.79,13.03,12.57,12.69,17923649,229777200.00
2023/01/12,12.80,13.96,12.76,13.96,56645168,776595648.00
2023/01/13,13.99,14.59,13.92,14.27,57908562,824203136.00
2023/01/16,15.03,15.26,14.01,14.09,39645277,571977600.00
2023/01/17,13.96,14.24,13.56,13.75,22853959,316608096.00
2023/01/18,13.87,14.20,13.75,13.87,18308477,254759776.00
2023/01/19,13.66,14.81,13.53,14.44,34372889,490913216.00
2023/01/20,14.71,14.76,14.18,14.45,17760506,255831216.00
2023/01/30,15.00,15.01,14.30,14.35,20419395,298605504.00
2023/01/31,14.46,15.79,14.31,15.79,46326216,708221440.00
2023/02/01,15.81,16.43,15.61,16.13,41186179,662604800.00
2023/02/02,16.08,16.64,15.82,16.00,28079249,453930720.00
2023/02/03,16.10,16.91,15.46,16.70,40393639,651022080.00
2023/02/06,16.53,16.92,15.81,16.12,31712486,516021952.00
2023/02/07,16.10,16.37,15.68,15.83,21830961,348516320.00
2023/02/08,15.70,16.12,15.61,15.88,19752153,314118976.00
2023/02/09,16.11,17.47,16.01,17.47,30553347,517106624.00
2023/02/10,17.40,17.40,16.50,16.83,34476596,580085696.00
2023/02/13,16.85,17.51,16.66,16.87,27119006,462192256.00
2023/02/14,16.81,16.83,16.32,16.45,19192302,317554240.00
2023/02/15,16.45,16.64,16.15,16.27,19088735,311769376.00
2023/02/16,16.20,16.20,15.35,15.55,29326990,461634016.00
2023/02/17,15.48,15.74,15.10,15.29,16432319,252272416.00
2023/02/20,15.35,15.65,15.13,15.62,14694158,227078272.00
2023/02/21,15.63,15.63,15.20,15.37,13302489,204780208.00
2023/02/22,15.30,15.59,15.10,15.33,11078036,169944640.00
2023/02/23,15.31,15.48,15.20,15.31,11061366,169640240.00
2023/02/24,15.33,15.38,14.97,15.08,9422390,142230368.00
2023/02/27,14.70,15.03,14.50,14.82,13749115,203455744.00
2023/02/28,14.83,15.08,14.65,14.98,12946280,192039344.00
2023/03/01,14.90,15.11,14.82,14.96,9816123,146814336.00
2023/03/02,14.95,14.96,14.42,14.47,14568872,212532256.00
2023/03/03,14.57,14.60,14.25,14.45,10266287,147979088.00
2023/03/06,14.46,14.75,14.26,14.58,10827999,157484496.00
2023/03/07,14.68,15.44,14.68,14.88,30905510,466477120.00
2023/03/08,14.60,15.45,14.59,15.08,24117664,366441024.00
2023/03/09,15.26,15.38,14.71,14.80,16467043,246330224.00
2023/03/10,14.63,14.67,13.55,13.75,28949192,403935616.00
2023/03/13,13.74,13.75,12.85,13.18,32477287,427838944.00
2023/03/14,13.18,13.18,12.65,12.75,15702049,201830496.00
2023/03/15,12.75,13.15,12.75,12.78,12375564,160037392.00
2023/03/16,12.65,12.77,12.30,12.40,12696559,158800304.00
2023/03/17,12.52,12.64,12.32,12.37,10440178,130239088.00
2023/03/20,12.45,12.56,12.15,12.48,11401675,141142080.00
2023/03/21,12.53,12.82,12.38,12.78,14672258,185148256.00
2023/03/22,12.83,13.09,12.78,12.97,17061941,221593472.00
2023/03/23,12.95,12.95,12.57,12.68,13292671,168817232.00
2023/03/24,12.68,12.85,12.47,12.60,10942082,138719040.00
2023/03/27,12.55,12.65,12.43,12.65,9071648,113921320.00
2023/03/28,12.65,12.69,12.20,12.32,13872646,171745136.00
2023/03/29,12.32,12.53,12.25,12.29,9506701,117613664.00
2023/03/30,12.25,12.30,12.07,12.21,8173428,99358304.00
2023/03/31,12.18,12.85,12.18,12.54,15422038,194090144.00
2023/04/03,12.48,12.68,12.32,12.63,11940506,149396960.00
2023/04/04,12.65,12.65,12.21,12.37,12881300,158939104.00
2023/04/06,12.34,12.34,12.02,12.14,11658285,141219472.00
2023/04/07,12.13,12.28,12.03,12.03,10239201,124085328.00
2023/04/10,12.04,12.13,11.71,11.94,13600600,161692800.00
2023/04/11,11.84,11.98,11.75,11.96,6898401,81783504.00
2023/04/12,11.95,12.13,11.70,11.81,9428998,111672144.00
2023/04/13,11.81,11.90,11.63,11.78,10219300,120067720.00
2023/04/14,11.75,12.26,11.74,12.02,16626773,200253968.00
2023/04/17,12.07,12.32,11.93,12.13,14145716,171198576.00
2023/04/18,11.99,12.27,11.98,12.02,9989898,120703680.00
2023/04/19,12.00,12.01,11.58,11.72,13725214,161057840.00
2023/04/20,11.70,11.72,11.20,11.27,19477543,221454832.00
2023/04/21,11.16,11.35,10.95,10.95,13400681,148908736.00
2023/04/24,10.95,10.95,10.50,10.58,22811999,242759536.00
2023/04/25,10.54,10.65,10.15,10.31,16456608,170124288.00
2023/04/26,10.20,10.63,10.18,10.44,17847073,185904560.00
2023/04/27,10.48,10.58,10.19,10.27,15001758,154596496.00
2023/04/28,10.28,10.54,10.28,10.48,12494163,130148648.00
2023/05/04,10.22,10.42,9.98,10.11,17099716,174111696.00
2023/05/05,10.19,10.22,9.84,9.91,12064664,119928768.00
2023/05/08,9.85,10.03,9.64,9.79,17680638,173191152.00
2023/05/09,9.75,9.88,9.58,9.60,13941800,134931744.00
2023/05/10,9.61,9.93,9.30,9.73,33551413,320716448.00
2023/05/11,9.80,10.04,9.57,9.87,18250250,179857008.00
2023/05/12,9.85,9.94,9.47,9.48,12655101,121725392.00
2023/05/15,9.42,9.83,9.41,9.79,13212832,128533696.00
2023/05/16,9.79,9.95,9.67,9.80,11616702,114035520.00
2023/05/17,9.73,9.91,9.71,9.90,8402977,82712600.00
2023/05/18,9.91,9.95,9.66,9.73,9674985,94356336.00
2023/05/19,9.71,9.74,9.57,9.61,8630917,83077360.00
2023/05/22,9.64,9.72,9.52,9.66,8357172,80476792.00
2023/05/23,9.66,9.82,9.55,9.58,8393737,81132112.00
2023/05/24,9.57,9.69,9.41,9.58,7401327,70828080.00
2023/05/25,9.64,9.97,9.32,9.42,21896182,209974064.00
2023/05/26,9.37,9.38,9.07,9.14,14503827,132976440.00
2023/05/29,9.14,9.23,8.94,9.02,16475566,148649824.00
2023/05/30,9.01,9.01,8.80,8.94,12986422,115541632.00
2023/05/31,8.93,9.11,8.84,8.98,9244437,83157120.00
2023/06/01,8.97,9.32,8.90,9.20,12072277,110618232.00
2023/06/02,9.27,9.65,9.22,9.53,14048805,133236584.00
2023/06/05,9.60,9.76,9.42,9.68,14279131,137572480.00
2023/06/06,9.60,9.72,9.33,9.41,10817312,102583208.00
2023/06/07,9.39,9.44,9.12,9.16,9491853,87509880.00
2023/06/08,9.08,9.38,9.08,9.13,8995500,82978248.00
2023/06/09,9.16,9.35,9.00,9.12,11369400,103962608.00
2023/06/12,9.10,9.42,9.00,9.35,11807963,109106376.00
2023/06/13,9.35,9.83,9.29,9.79,20216020,194455216.00
2023/06/14,9.77,9.81,9.33,9.36,27270031,257950272.00
2023/06/15,9.78,10.30,9.70,10.30,37982752,387568832.00
2023/06/16,10.59,11.33,10.59,10.98,94758772,1051736256.00
2023/06/19,10.78,11.20,10.76,10.78,70748140,776684032.00
2023/06/20,10.65,10.79,10.36,10.36,39266278,413153792.00
2023/06/21,10.38,11.19,10.38,10.69,51115020,553397888.00
2023/06/26,10.58,10.87,10.20,10.42,33325934,349114912.00
2023/06/27,10.57,11.09,10.39,10.86,35437551,381763520.00
2023/06/28,10.90,11.34,10.81,10.92,40598661,449249920.00
2023/06/29,10.86,10.97,10.71,10.79,28296651,305862304.00
2023/06/30,10.74,11.87,10.73,11.87,72472346,833727488.00
2023/07/03,12.23,12.39,11.92,12.02,61731636,750237376.00
2023/07/04,12.02,12.66,11.74,11.85,46412149,559303488.00
2023/07/05,11.86,11.88,11.28,11.34,33959352,389874336.00
2023/07/06,11.35,12.05,11.22,11.88,45942500,536671232.00
2023/07/07,11.81,11.86,11.53,11.75,24223040,282779392.00
2023/07/10,11.65,11.79,11.41,11.51,19842756,229519952.00
2023/07/11,11.53,11.70,11.39,11.59,15473291,178740384.00
2023/07/12,11.70,12.07,11.50,11.61,29534300,348124960.00
2023/07/13,11.57,11.71,11.44,11.46,22371473,257890672.00
2023/07/14,11.20,12.05,11.02,11.69,44309777,518733888.00
2023/07/17,11.55,12.29,11.55,11.93,29126805,347933472.00
2023/07/18,12.00,12.55,11.87,12.33,31065282,381488384.00
2023/07/19,12.30,12.74,12.07,12.38,29204650,360814816.00
2023/07/20,12.38,13.34,12.35,12.78,43116476,559656512.00
2023/07/21,12.73,12.86,12.30,12.81,29743073,375849728.00
2023/07/24,12.80,13.10,12.11,12.39,33265185,416867904.00
2023/07/25,12.53,12.64,12.00,12.18,21678092,264297792.00
2023/07/26,12.37,12.47,11.77,11.94,20887498,252309488.00
2023/07/27,11.93,12.19,11.68,11.75,16282119,193924800.00
2023/07/28,11.63,11.91,11.51,11.76,15722378,183809920.00
2023/07/31,11.87,12.92,11.86,12.73,40336326,506943424.00
2023/08/01,12.73,12.89,12.38,12.68,17821203,224789136.00
2023/08/02,12.77,12.98,12.61,12.75,16354609,209010080.00
2023/08/03,12.68,12.85,12.54,12.60,15692501,198631472.00
2023/08/04,13.15,13.78,12.85,13.52,48388004,650672256.00
2023/08/07,13.57,14.29,13.35,14.07,46016711,642266624.00
2023/08/08,14.07,14.21,13.71,14.00,24733226,343786528.00
2023/08/09,14.00,14.00,13.61,13.77,13870800,191200608.00
2023/08/10,13.78,14.00,13.66,13.82,12282300,170109584.00
2023/08/11,13.82,13.85,13.26,13.33,18414225,247629024.00
2023/08/14,13.25,13.70,12.98,13.53,18990179,252842768.00
2023/08/15,13.53,13.54,12.98,13.15,12065152,158876272.00
2023/08/16,13.12,13.29,12.89,12.93,8862927,115452080.00
2023/08/17,13.33,13.44,12.00,12.67,32552057,408461856.00
2023/08/18,12.64,12.72,12.10,12.14,20700573,254979392.00
2023/08/21,12.07,12.22,11.78,11.78,12975175,155073952.00
2023/08/22,11.78,12.04,11.48,11.80,15305806,180124128.00
2023/08/23,11.69,11.81,11.26,11.28,16680813,192096384.00
2023/08/24,11.32,11.45,11.14,11.17,9132470,102980328.00
2023/08/25,11.14,11.25,10.81,10.88,14588631,160878848.00
2023/08/28,11.43,11.92,11.17,11.72,30308098,351152704.00
2023/08/29,11.69,12.42,11.55,12.08,22277001,267470656.00
2023/08/30,12.20,12.43,12.08,12.33,16376302,200825920.00
2023/08/31,12.26,12.26,11.85,11.92,12010704,144313232.00
2023/09/01,11.98,12.28,11.94,12.13,10622305,129179904.00
2023/09/04,12.24,12.40,11.99,12.29,9619458,117318440.00
2023/09/05,12.27,12.27,11.86,11.99,9844796,118135600.00
2023/09/06,11.93,12.06,11.74,11.75,14213686,168634048.00
2023/09/07,11.81,11.81,11.36,11.51,14837600,170712848.00
2023/09/08,11.50,11.59,11.34,11.38,6699090,76523064.00
2023/09/11,11.37,11.42,11.17,11.24,9557919,107625288.00
2023/09/12,11.27,11.44,11.12,11.39,11382458,128757888.00
2023/09/13,11.31,11.37,10.90,11.00,11276348,124663648.00
2023/09/14,10.88,11.00,10.73,10.80,7103837,76969328.00
2023/09/15,10.74,10.89,10.66,10.74,5826088,62566832.00
2023/09/18,10.69,11.20,10.58,10.95,10294500,112751448.00
2023/09/19,10.86,10.97,10.67,10.74,6145097,66390648.00
2023/09/20,10.66,10.76,10.55,10.55,4082700,43389052.00
2023/09/21,10.51,10.69,10.50,10.51,4890410,51659212.00
2023/09/22,10.48,10.73,10.47,10.70,7393351,78694480.00
2023/09/25,10.70,10.73,10.30,10.42,9646584,100484648.00
2023/09/26,10.48,10.48,10.20,10.30,7954079,82133288.00
2023/09/27,10.25,10.39,10.13,10.21,10259476,105107856.00
2023/09/28,10.30,10.42,10.10,10.16,9434454,96512768.00
2023/10/09,10.16,10.21,9.95,10.01,11465799,115096880.00
2023/10/10,10.05,10.17,9.89,9.94,11429660,114177320.00
2023/10/11,9.99,10.17,9.86,9.92,11859350,118373312.00
2023/10/12,9.91,10.30,9.91,10.05,22094891,222292336.00
2023/10/13,10.00,10.04,9.78,9.83,14041986,138453248.00
2023/10/16,9.83,9.91,9.55,9.62,17945806,172979264.00
2023/10/17,9.66,9.71,9.52,9.59,8063400,77425624.00
2023/10/18,9.61,9.63,9.40,9.40,9021869,85404984.00
2023/10/19,9.51,9.61,9.36,9.37,9049700,85640544.00
2023/10/20,9.31,9.53,9.30,9.37,7586400,71482088.00
2023/10/23,9.32,9.39,9.00,9.07,8610450,78757368.00
2023/10/24,9.11,9.51,9.06,9.35,12597486,117267008.00
2023/10/25,9.41,9.71,9.39,9.42,12748900,121267872.00
2023/10/26,9.31,9.44,9.20,9.38,11573768,107584896.00
2023/10/27,9.32,10.32,9.28,10.32,33947759,336199904.00
2023/10/30,10.42,10.81,10.33,10.63,46707568,492155616.00
2023/10/31,10.63,10.73,10.51,10.66,22434611,238571536.00
2023/11/01,10.65,10.80,10.56,10.68,15084405,160954464.00
2023/11/02,10.70,10.75,10.29,10.30,17112421,178695744.00
2023/11/03,10.39,10.87,10.36,10.69,19473265,207356352.00
2023/11/06,10.78,10.93,10.48,10.69,18088527,192926832.00
2023/11/07,10.63,10.70,10.48,10.50,12994320,136624816.00
2023/11/08,10.45,10.58,10.27,10.43,15623357,162744480.00
2023/11/09,10.44,10.72,10.32,10.51,14913921,157288192.00
2023/11/10,10.45,11.25,10.30,11.11,37928140,412012544.00
2023/11/13,11.25,11.35,11.01,11.15,34656140,386982720.00
2023/11/14,11.13,11.18,10.85,11.03,19924615,218601792.00
2023/11/15,10.99,11.45,10.99,11.38,27518346,311113248.00
2023/11/16,11.31,11.53,11.20,11.22,20868089,236180880.00
2023/11/17,11.21,11.79,11.19,11.66,30629708,353947232.00
2023/11/20,11.67,11.78,11.43,11.67,21950462,255086240.00
2023/11/21,11.67,11.84,11.55,11.60,15378950,179383856.00
2023/11/22,11.52,11.95,11.30,11.46,20437462,236624608.00
2023/11/23,11.39,11.45,11.21,11.40,14683851,166215504.00
2023/11/24,11.42,11.60,11.25,11.32,14433079,164439552.00
2023/11/27,11.27,11.42,11.12,11.15,14963217,168192720.00
2023/11/28,11.13,11.77,11.00,11.71,25324776,288199680.00
2023/11/29,12.49,12.59,11.73,11.80,55720561,675625408.00
2023/11/30,11.59,11.72,11.04,11.11,37305900,422437472.00
2023/12/01,11.18,11.27,10.90,11.18,18927847,209429360.00
2023/12/04,11.18,11.18,10.63,10.74,26955800,291615936.00
2023/12/05,10.74,10.98,10.64,10.64,12764428,137765360.00
2023/12/06,10.60,11.17,10.52,11.03,19453729,214658960.00
2023/12/07,10.99,11.04,10.68,10.95,12158000,132161424.00
2023/12/08,10.85,11.06,10.73,10.75,9329029,101372520.00
2023/12/11,10.72,11.09,10.72,11.08,15006066,164036976.00
2023/12/12,11.06,11.15,10.78,10.90,11042600,120247072.00
2023/12/13,10.90,10.95,10.66,10.72,8827801,95461808.00
2023/12/14,10.75,11.08,10.72,10.89,12910721,140779776.00
2023/12/15,10.92,11.13,10.76,10.78,11685138,128006856.00
2023/12/18,10.71,10.75,10.30,10.49,14445176,151856432.00
2023/12/19,10.46,10.70,10.39,10.58,8210376,86430920.00
2023/12/20,10.57,10.66,10.31,10.33,5652266,59045612.00
2023/12/21,10.27,10.63,10.15,10.51,12223453,127223392.00
2023/12/22,10.48,10.76,10.38,10.58,11155728,117867416.00
2023/12/25,10.61,11.64,10.49,11.64,30629949,342183840.00
2023/12/26,11.68,11.85,11.40,11.50,31113143,361179648.00
2023/12/27,11.50,11.55,11.17,11.38,18460748,208970320.00
2023/12/28,11.38,12.07,11.32,11.74,33593111,394720384.00
2023/12/29,11.70,11.85,11.43,11.60,26374941,306679744.00
2024/01/02,11.60,11.66,11.38,11.57,15425825,177248720.00
2024/01/03,11.57,11.57,10.95,11.13,22193302,249712816.00
2024/01/04,11.14,11.24,10.92,11.17,18758514,207695744.00
2024/01/05,11.10,11.41,10.79,10.89,14892621,165206144.00
2024/01/08,10.76,10.94,10.45,10.52,14369763,152827200.00
2024/01/09,10.50,10.52,9.99,10.18,15480141,158329712.00
2024/01/10,10.14,10.28,9.80,10.12,11769919,118782016.00
2024/01/11,10.01,10.75,10.01,10.59,15370685,159808336.00
2024/01/12,10.53,10.89,10.41,10.68,12896500,137711904.00
2024/01/15,10.58,10.67,10.43,10.49,7688325,81017504.00
2024/01/16,10.49,10.55,10.27,10.54,9393793,97678232.00
2024/01/17,10.48,10.70,10.26,10.27,9133000,95767520.00
2024/01/18,10.29,10.35,9.80,10.21,12055271,121643624.00
2024/01/19,10.13,10.33,9.80,9.83,11158845,111472384.00
2024/01/22,9.82,9.85,8.99,9.08,15461600,144544864.00
2024/01/23,9.07,9.35,8.79,9.27,14934131,135535840.00
2024/01/24,9.35,9.53,8.92,9.31,13083994,120901080.00
2024/01/25,9.29,9.48,9.17,9.45,10798644,101006576.00
2024/01/26,9.40,9.45,9.15,9.19,10443903,96967168.00
2024/01/29,9.25,9.25,8.83,8.91,10974100,98830072.00
2024/01/30,8.95,8.95,8.43,8.46,11365857,98195080.00
2024/01/31,8.33,8.49,7.70,7.76,24004277,192413632.00
2024/02/01,7.68,7.97,7.53,7.59,18215150,140652880.00
2024/02/02,7.60,7.76,6.83,7.16,21351531,155568128.00
2024/02/05,7.05,7.11,6.44,6.44,23351063,154289152.00
2024/02/06,6.02,7.03,5.88,6.79,30005250,191965344.00
2024/02/07,6.89,7.28,6.70,7.08,25334491,178972928.00
2024/02/08,7.09,7.79,7.09,7.79,29707625,227152496.00
2024/02/19,7.75,7.97,7.43,7.64,27518751,210939824.00
2024/02/20,7.57,7.72,7.44,7.69,16024751,122040448.00
2024/02/21,7.69,8.39,7.59,8.07,24066076,194283760.00
2024/02/22,8.15,8.62,8.08,8.55,24284897,203960176.00
2024/02/23,8.62,9.19,8.51,9.17,26648050,237570688.00
2024/02/26,9.10,9.35,8.94,9.05,21237324,193370160.00
2024/02/27,9.12,9.17,8.97,9.14,12499938,113737048.00
2024/02/28,9.10,9.40,8.52,8.55,22162467,199142384.00
2024/02/29,8.47,8.92,8.38,8.91,19135838,167139024.00
2024/03/01,8.91,9.29,8.80,9.25,19846844,180225008.00
2024/03/04,9.24,9.36,8.80,9.22,20449445,185245504.00
2024/03/05,9.15,9.20,8.84,8.92,12880419,115466864.00
2024/03/06,8.93,9.27,8.86,9.17,16124433,146910096.00
2024/03/07,9.17,9.29,8.90,8.90,12246846,110914544.00
2024/03/08,8.90,9.17,8.79,9.08,12637391,113223040.00
2024/03/11,9.19,9.98,9.09,9.88,27345887,262635152.00
2024/03/12,9.82,9.99,9.57,9.74,16066581,155478224.00
2024/03/13,9.80,9.80,9.58,9.69,9962201,96434984.00
2024/03/14,9.61,9.73,9.41,9.48,7775280,74269176.00
2024/03/15,9.48,9.56,9.38,9.56,7471578,70723200.00
2024/03/18,9.61,9.90,9.60,9.79,10346049,101060048.00
2024/03/19,9.78,10.04,9.70,9.80,9920672,97785736.00
2024/03/20,9.82,9.88,9.70,9.82,6504248,63710584.00
2024/03/21,9.84,9.92,9.71,9.83,6487531,63708624.00
2024/03/22,9.78,9.84,9.43,9.44,14422740,138196112.00
2024/03/25,9.40,9.52,9.06,9.07,17819315,164609744.00
2024/03/26,9.06,9.47,9.02,9.38,17156410,158952480.00
2024/03/27,9.32,9.54,8.90,8.92,13069400,119453888.00
2024/03/28,8.92,9.19,8.88,9.14,9420331,85727800.00
2024/03/29,9.29,9.34,9.14,9.19,8811600,81443264.00
2024/04/01,9.19,9.67,9.19,9.58,13402600,126836208.00
2024/04/02,9.51,9.75,9.40,9.70,12759925,122492848.00
2024/04/03,9.69,9.75,9.52,9.59,8155728,78447896.00
2024/04/08,9.62,9.72,9.24,9.24,9491833,89623304.00
2024/04/09,9.13,9.75,9.13,9.70,14052888,134490480.00
2024/04/10,9.69,9.69,9.12,9.24,13900070,129332744.00
2024/04/11,9.11,9.70,9.03,9.42,13593600,128089320.00
2024/04/12,9.29,9.41,9.15,9.19,8836300,81549248.00
2024/04/15,9.09,9.26,8.71,8.87,14738392,131553464.00
2024/04/16,8.74,8.81,8.11,8.11,15466484,128957296.00
2024/04/17,8.23,8.62,8.23,8.58,12289498,104332088.00
2024/04/18,8.53,8.61,8.23,8.50,10653944,90249504.00
2024/04/19,8.43,8.68,8.30,8.46,8927891,75903488.00
2024/04/22,8.47,8.60,8.24,8.41,7757903,65400344.00
2024/04/23,8.48,8.54,8.29,8.46,7359398,61987300.00
2024/04/24,8.50,8.56,8.33,8.56,6915174,58667256.00
2024/04/25,8.56,8.90,8.50,8.82,9905302,86796704.00
2024/04/26,8.90,9.12,8.72,9.04,9843945,88240976.00
2024/04/29,9.04,9.37,9.03,9.36,9962440,92306248.00
2024/04/30,9.30,9.44,9.27,9.36,8787486,82189192.00
2024/05/06,9.36,9.70,9.35,9.63,11368611,109034688.00
2024/05/07,9.62,9.79,9.60,9.75,9124424,88617624.00
2024/05/08,9.74,9.76,9.43,9.46,9792298,93454704.00
2024/05/09,9.47,9.80,9.47,9.68,8933732,86474000.00
2024/05/10,9.64,9.72,9.47,9.53,6382564,60840624.00
2024/05/13,9.47,9.49,9.27,9.31,6546143,61165408.00
2024/05/14,9.35,9.45,9.23,9.27,6922042,64367592.00
2024/05/15,9.26,9.65,9.21,9.32,9610932,90297768.00
2024/05/16,9.32,9.50,9.22,9.28,7758632,72477136.00
2024/05/17,9.29,9.55,9.17,9.48,6979300,65436948.00
2024/05/20,9.50,9.70,9.46,9.55,9323300,89486704.00
2024/05/21,9.52,9.55,9.32,9.39,6385376,60021960.00
2024/05/22,9.50,9.62,9.36,9.54,6351104,60303152.00
2024/05/23,9.46,9.54,9.20,9.25,6809200,63333868.00
2024/05/24,9.21,9.32,9.12,9.12,4531680,41641424.00
2024/05/27,9.12,9.30,8.98,9.26,7249629,66185564.00
2024/05/28,9.25,9.35,9.03,9.08,6269395,57474484.00
2024/05/29,9.01,9.25,9.01,9.17,5058956,46400048.00
2024/05/30,9.09,9.26,9.08,9.10,5326996,48760208.00
2024/05/31,9.09,9.23,9.07,9.13,3782840,34633008.00
2024/06/03,9.15,9.19,8.79,8.92,10224070,91422776.00
2024/06/04,8.82,9.06,8.74,9.00,7164500,63771412.00
2024/06/05,8.92,9.07,8.84,8.85,5212200,46649072.00
2024/06/06,8.81,8.91,8.39,8.41,9805900,83821264.00
2024/06/07,8.50,8.63,8.30,8.47,8625549,72767808.00
2024/06/11,8.48,8.71,8.34,8.65,6967420,59639560.00
2024/06/12,8.65,8.78,8.58,8.75,3687920,32219256.00
2024/06/13,8.84,8.84,8.50,8.52,4662200,40023184.00
2024/06/14,8.48,8.50,8.20,8.21,9018800,74704840.00
2024/06/17,8.18,8.33,8.12,8.23,6797323,56063068.00
2024/06/18,8.23,8.44,8.17,8.35,6575200,54863480.00
2024/06/19,8.40,8.43,8.19,8.20,5393301,44625932.00
2024/06/20,8.21,8.26,7.98,7.99,5730800,46282592.00
2024/06/21,8.05,8.08,7.88,7.98,3562902,28493248.00
2024/06/24,7.94,7.94,7.53,7.56,8886800,68293584.00
2024/06/25,7.52,7.74,7.51,7.67,6020600,46009812.00
2024/06/26,7.61,7.65,7.36,7.40,21901080,163139616.00
2024/06/27,7.40,7.45,7.21,7.23,14429491,105353952.00
2024/06/28,7.22,7.32,7.07,7.10,11296280,81288760.00
2024/07/01,7.10,7.22,7.01,7.11,11226200,79673696.00
2024/07/02,7.10,7.13,6.87,6.91,14311800,99677832.00
2024/07/03,6.90,6.99,6.84,6.91,9151716,63203464.00
2024/07/04,6.92,6.97,6.73,6.75,7859800,53659732.00
2024/07/05,6.76,6.76,6.61,6.69,9106661,60804752.00
2024/07/08,6.70,6.70,6.49,6.51,8316300,54509532.00
2024/07/09,6.50,6.82,6.38,6.77,14134134,93385744.00
2024/07/10,6.73,6.90,6.65,6.79,10275227,69614888.00
2024/07/11,6.87,7.26,6.87,7.17,17351500,123449168.00
2024/07/12,7.13,7.28,7.06,7.23,11668400,83840384.00
2024/07/15,7.26,7.29,7.03,7.06,8493850,60216944.00
2024/07/16,7.02,7.07,6.90,6.95,8607440,59836572.00
2024/07/17,6.90,7.05,6.87,6.97,7865300,54705580.00
2024/07/18,6.92,7.00,6.78,6.92,10058637,69073992.00
2024/07/19,6.92,6.96,6.78,6.83,8059700,55223104.00
2024/07/22,6.83,6.87,6.68,6.74,8011700,53973696.00
2024/07/23,6.71,6.78,6.48,6.50,7947300,52690400.00
2024/07/24,6.50,6.52,6.21,6.24,10094600,63901392.00
2024/07/25,6.22,6.42,6.12,6.27,9478598,59518796.00
2024/07/26,6.30,6.50,6.30,6.40,8594420,55107224.00
2024/07/29,6.42,6.44,6.20,6.26,6633000,41576228.00
2024/07/30,6.30,6.39,6.20,6.37,7765910,48974636.00
2024/07/31,6.36,6.77,6.32,6.76,12134507,80189936.00
2024/08/01,6.77,6.86,6.65,6.73,9130600,61694592.00
2024/08/02,6.78,6.80,6.58,6.61,6837500,45697256.00
2024/08/05,6.56,6.72,6.40,6.42,8142000,53446180.00
2024/08/06,6.52,6.64,6.49,6.59,6759002,44402456.00
2024/08/07,6.56,6.61,6.45,6.50,5682702,37042560.00
2024/08/08,6.45,6.57,6.36,6.49,5854665,37928056.00
2024/08/09,6.53,6.60,6.41,6.43,6367157,41314016.00
2024/08/12,6.43,6.52,6.30,6.35,5891902,37452684.00
2024/08/13,6.34,6.38,6.18,6.28,8876300,55609152.00
2024/08/14,6.27,6.29,6.02,6.03,12253100,74694152.00
2024/08/15,6.00,6.21,5.92,6.13,10429000,63483184.00
2024/08/16,6.13,6.16,6.00,6.00,8018817,48587104.00
2024/08/19,6.03,6.12,5.91,5.95,10394100,62490648.00
2024/08/20,5.97,5.99,5.77,5.81,8975503,52615080.00
2024/08/21,5.82,5.91,5.77,5.80,10364168,60550588.00
2024/08/22,5.86,5.88,5.69,5.71,7336659,42262600.00
2024/08/23,5.70,5.79,5.63,5.64,7211187,40885544.00
2024/08/26,5.65,5.94,5.64,5.89,12115211,70867496.00
2024/08/27,5.89,5.89,5.76,5.79,6739000,39131956.00
2024/08/28,5.79,5.90,5.73,5.80,9901911,57662136.00
2024/08/29,5.82,5.88,5.69,5.84,9055303,52531756.00
2024/08/30,5.82,6.07,5.77,5.94,12320105,73491624.00
2024/09/02,5.95,5.99,5.73,5.74,13145116,76831176.00
2024/09/03,5.74,6.03,5.66,5.93,17542797,103468728.00
2024/09/04,5.89,5.97,5.81,5.85,12345510,72678136.00
2024/09/05,5.85,5.96,5.77,5.82,10177537,59359244.00
2024/09/06,5.78,5.84,5.61,5.61,9812601,55750232.00
2024/09/09,5.58,5.69,5.55,5.59,7842149,43981832.00
2024/09/10,5.61,5.64,5.47,5.55,9625245,53220544.00
2024/09/11,5.55,5.64,5.45,5.50,11618619,64353416.00
2024/09/12,5.49,5.67,5.48,5.49,13010687,72227384.00
2024/09/13,5.50,5.55,5.28,5.30,13785400,73809648.00
2024/09/18,5.34,5.36,5.14,5.25,11105131,58006764.00
2024/09/19,5.32,5.52,5.26,5.44,12754700,68871208.00
2024/09/20,5.46,5.47,5.27,5.32,8865200,47202792.00
2024/09/23,5.32,5.43,5.26,5.36,9669400,51709824.00
2024/09/24,5.39,5.72,5.38,5.72,24416347,136924416.00
2024/09/25,5.72,5.95,5.72,5.76,20703148,120656008.00
2024/09/26,5.76,6.11,5.73,6.10,19822600,117522632.00
2024/09/27,6.25,6.63,6.24,6.44,27126601,173282800.00
2024/09/30,6.92,7.08,6.62,7.08,36835410,254332496.00
2024/10/08,7.79,7.79,6.80,7.25,58042374,423253728.00
2024/10/09,7.06,7.06,6.53,6.53,40166698,269088992.00
2024/10/10,6.44,6.58,6.05,6.18,46269549,289306048.00
2024/10/11,6.23,6.38,5.97,6.04,32788990,202503808.00
2024/10/14,6.10,6.22,5.93,6.19,25161039,153519280.00
2024/10/15,6.17,6.18,5.99,6.00,25792800,156779936.00
2024/10/16,5.94,6.21,5.86,6.16,30373010,184902112.00
2024/10/17,6.16,6.23,5.94,5.94,28898801,174758848.00
2024/10/18,5.98,6.17,5.91,6.10,31815032,193366128.00
2024/10/21,6.11,6.20,5.99,6.03,37874200,230359552.00
2024/10/22,6.04,6.31,5.96,6.31,46862364,288528480.00
2024/10/23,6.31,6.36,6.18,6.26,33515216,209780128.00
2024/10/24,6.25,6.52,6.22,6.43,48778687,311628160.00
2024/10/25,6.44,7.07,6.44,7.07,41925310,288311072.00
2024/10/28,7.44,7.50,6.85,7.18,89876208,635938112.00
2024/10/29,7.20,7.35,6.77,6.79,63304148,446210144.00
2024/10/30,6.70,6.80,6.58,6.68,34665796,231458080.00
2024/10/31,6.77,7.20,6.70,7.02,51188769,357894944.00
2024/11/01,6.95,7.09,6.74,6.75,37153000,255817104.00
2024/11/04,6.75,7.21,6.72,7.10,44259574,313903456.00
2024/11/05,7.10,7.30,7.02,7.25,47913140,343489248.00
2024/11/06,7.25,7.98,7.24,7.98,50765522,393293952.00
2024/11/07,8.52,8.78,8.23,8.78,116001230,998804288.00
2024/11/08,8.78,8.79,8.28,8.55,107891379,916211520.00
2024/11/11,8.60,9.41,8.36,9.41,96647679,876577920.00
2024/11/12,9.58,9.72,8.78,9.14,107554412,987333760.00
2024/11/13,8.91,9.12,8.60,9.11,57296659,507291904.00
2024/11/14,9.06,9.25,8.81,9.03,47023842,423213984.00
2024/11/15,8.94,8.94,8.52,8.52,36597554,318933856.00
2024/11/18,8.46,8.69,7.96,8.01,40451060,333053024.00
2024/11/19,8.02,8.35,7.96,8.35,27602426,224908928.00
2024/11/20,8.31,8.70,8.21,8.65,44830053,382163168.00
2024/11/21,8.62,8.84,8.38,8.48,37628266,322121184.00
2024/11/22,8.38,8.53,7.90,7.92,33589098,276858240.00
2024/11/25,7.92,8.02,7.63,7.89,23447119,182992288.00
2024/11/26,7.90,7.93,7.63,7.70,18101256,140288272.00
2024/11/27,7.68,7.80,7.32,7.80,23027422,174165712.00
2024/11/28,7.86,7.86,7.56,7.57,19930847,152623648.00
2024/11/29,7.56,7.82,7.45,7.69,21867103,167162224.00
2024/12/02,7.69,8.28,7.66,8.09,34520638,277364768.00
2024/12/03,8.20,8.30,8.00,8.11,25985300,212036832.00
2024/12/04,8.08,8.14,8.00,8.03,18569201,149671472.00
2024/12/05,8.83,8.83,8.83,8.83,15255904,134709632.00
2024/12/06,9.22,9.71,8.85,9.33,96951779,892676608.00
2024/12/09,9.10,10.21,8.93,9.55,84239915,816596608.00
2024/12/10,9.63,9.82,9.35,9.49,58734858,560132032.00
2024/12/11,9.38,9.49,9.24,9.38,43065600,402029120.00
2024/12/12,9.35,9.70,9.27,9.48,43049328,408963520.00
2024/12/13,9.45,9.63,9.31,9.50,38477578,364800960.00
2024/12/16,9.54,9.95,9.52,9.72,42437524,413409856.00
2024/12/17,9.72,10.13,9.51,9.57,49948873,489907840.00
2024/12/18,9.50,9.86,9.41,9.65,37944403,366757952.00
2024/12/19,9.52,9.67,9.15,9.35,37135300,346913856.00
2024/12/20,9.38,9.67,9.28,9.57,28093454,267212832.00
2024/12/23,9.60,10.51,9.55,10.08,69385633,707116928.00
2024/12/24,9.79,10.34,9.78,10.17,50173977,505704416.00
2024/12/25,10.20,10.34,9.50,9.91,36845328,362645056.00
2024/12/26,9.86,10.56,9.86,10.41,42496353,437588032.00
2024/12/27,10.40,10.84,10.34,10.42,39031307,413500064.00
2024/12/30,10.45,10.75,10.40,10.62,35060952,372664416.00
2024/12/31,10.75,11.30,10.40,10.64,65996856,716125568.00
2025/01/02,10.66,10.88,10.28,10.40,44730560,473111072.00
2025/01/03,10.40,10.58,10.09,10.28,33067370,340777056.00
2025/01/06,10.35,11.09,10.35,11.01,49643534,535027744.00
2025/01/07,10.98,11.80,10.89,11.78,56460722,638103488.00
2025/01/08,11.70,11.93,11.21,11.63,36300484,419305792.00
2025/01/09,11.78,12.00,11.50,11.95,32889481,388630400.00
2025/01/10,11.85,12.19,11.66,11.79,32392113,384812064.00
2025/01/13,11.60,11.71,10.95,11.40,34889287,393173056.00
2025/01/14,11.40,12.00,11.17,11.95,36910253,423777344.00
2025/01/15,11.84,12.22,11.80,11.85,29532373,354670720.00
2025/01/16,11.80,11.93,11.45,11.56,28386094,330328256.00
2025/01/17,11.56,11.94,11.50,11.76,23426666,274642432.00
2025/01/20,11.76,12.20,11.70,12.07,28233202,336190176.00
2025/01/21,11.99,12.25,10.86,10.86,51916800,584385344.00
2025/01/22,10.58,10.85,9.80,10.59,62315092,643439680.00
2025/01/23,10.70,10.70,10.20,10.25,30829387,321783200.00
2025/01/24,10.25,10.25,9.82,10.13,28781000,289395744.00
2025/01/27,10.19,10.42,9.98,10.06,16883855,171294864.00
2025/02/05,10.13,10.45,10.06,10.06,20239606,206653600.00
2025/02/06,10.06,10.19,9.98,10.10,22031980,221851472.00
2025/02/07,10.10,10.73,10.04,10.60,33271353,347610720.00
2025/02/10,10.57,10.66,10.11,10.35,31350890,322992576.00
2025/02/11,10.30,10.40,10.13,10.36,14815855,152309648.00
2025/02/12,10.36,11.25,10.36,10.95,41718863,456118112.00
2025/02/13,11.07,11.14,10.78,10.96,24875409,273431360.00
2025/02/14,11.12,11.60,11.00,11.20,31006648,350341600.00
2025/02/17,11.22,11.43,10.86,10.96,25554809,282480736.00
2025/02/18,10.88,11.65,10.80,11.37,37109852,419180576.00
2025/02/19,11.30,11.64,11.24,11.38,24186735,274983520.00
2025/02/20,11.39,12.52,11.26,12.52,48373030,575527488.00
2025/02/21,12.50,12.50,12.08,12.25,47526600,582090176.00
2025/02/24,12.24,13.00,12.11,12.89,45451934,574598976.00
2025/02/25,12.58,13.63,12.56,12.85,43142574,562075584.00
2025/02/26,12.86,12.98,12.33,12.48,47821506,604389376.00
2025/02/27,12.46,12.83,12.25,12.65,28664766,356449568.00
2025/02/28,12.58,12.86,12.18,12.20,26856043,336339424.00
2025/03/03,12.20,12.60,11.60,11.74,34801945,418258912.00
2025/03/04,11.69,12.10,11.58,11.86,26245401,312412032.00
2025/03/05,11.91,12.03,11.66,12.00,17869422,212096768.00
2025/03/06,12.00,12.11,11.72,11.79,30359665,360651392.00
2025/03/07,11.70,11.80,11.29,11.42,26223803,301972512.00
2025/03/10,11.29,11.57,11.24,11.51,17294622,196827104.00
2025/03/11,11.40,11.49,11.11,11.41,18923900,213714672.00
2025/03/12,11.39,12.04,11.39,11.69,36411155,429145568.00
2025/03/13,11.65,11.98,11.40,11.78,29719085,348246176.00
2025/03/14,11.72,11.94,11.56,11.63,25486663,298337440.00
2025/03/17,11.64,11.70,11.31,11.43,19006610,217652784.00
2025/03/18,11.40,11.84,11.40,11.68,23973675,279933792.00
2025/03/19,11.61,11.77,11.45,11.56,12853918,148824288.00
2025/03/20,11.57,11.66,11.45,11.51,10357158,119445744.00
2025/03/21,11.45,11.76,11.40,11.45,16787100,194290080.00
2025/03/24,11.39,11.58,11.04,11.54,22723118,255551696.00
2025/03/25,11.50,11.74,11.43,11.69,16809600,195262128.00
2025/03/26,11.69,12.23,11.61,12.04,28069087,336725920.00
2025/03/27,12.00,12.05,11.80,11.81,16174800,192527808.00
2025/03/28,11.77,11.81,11.50,11.50,14345649,166378688.00
2025/03/31,11.40,11.59,11.32,11.50,12597424,144339120.00
2025/04/01,11.48,11.71,11.42,11.42,10885624,125757704.00
2025/04/02,11.49,12.54,11.42,12.20,38287874,462750944.00
2025/04/03,12.09,12.41,11.80,11.90,23420848,282242816.00
2025/04/07,11.10,11.20,10.71,10.71,9284700,100787160.00
2025/04/08,10.40,10.49,9.64,9.64,33342400,329443936.00
2025/04/09,9.16,10.10,8.68,9.63,41713907,379208672.00
2025/04/10,9.90,10.39,9.90,10.10,30348237,308363904.00
2025/04/11,10.13,10.35,9.95,10.03,18965941,192507120.00
2025/04/14,10.11,10.25,9.99,10.01,20359197,205062720.00
2025/04/15,10.03,10.48,9.90,9.95,21882384,221694656.00
2025/04/16,9.95,9.95,9.36,9.40,24108702,230099264.00
2025/04/17,9.44,9.76,9.38,9.64,16207820,155356176.00
2025/04/18,9.65,10.00,9.50,9.83,16844653,163962944.00
2025/04/21,9.83,10.17,9.74,10.16,15090124,151330656.00
2025/04/22,10.19,10.32,10.03,10.06,18038082,182624720.00
2025/04/23,10.11,10.77,10.00,10.43,29463718,307999424.00
2025/04/24,10.43,10.54,10.25,10.39,16169046,167647632.00
2025/04/25,9.91,11.43,9.88,11.43,52872552,575504576.00
2025/04/28,11.78,11.99,11.25,11.29,44080869,511176352.00
2025/04/29,11.28,11.38,11.02,11.09,25628758,286240352.00
2025/04/30,11.20,11.35,10.87,11.03,22430072,247994464.00
2025/05/06,11.21,11.48,11.04,11.41,21689367,245524224.00
2025/05/07,11.55,11.60,11.31,11.39,20193327,230706880.00
2025/05/08,11.48,11.96,11.41,11.84,28864634,339767616.00
2025/05/09,12.12,12.25,11.48,11.56,26843100,316480352.00
2025/05/12,11.68,11.90,11.35,11.60,26339033,304182816.00
2025/05/13,11.82,11.88,11.43,11.50,18818791,217626512.00
2025/05/14,11.50,11.50,11.25,11.42,20180022,229758432.00
2025/05/15,11.37,11.38,10.98,11.00,18518902,205121472.00
2025/05/16,11.10,11.38,10.98,11.25,22650979,254018528.00
2025/05/19,11.28,11.50,11.11,11.50,17698600,199900992.00
2025/05/20,11.55,11.81,11.47,11.68,25449757,296507776.00
2025/05/21,11.68,12.34,11.48,12.16,36215179,434245216.00
2025/05/22,12.30,12.60,11.73,11.86,40413863,489091776.00
2025/05/23,11.90,11.98,11.38,11.45,27176400,318225888.00
2025/05/26,11.25,11.70,11.02,11.13,29511700,330449024.00
2025/05/27,11.03,11.11,10.19,10.40,44572171,467564032.00
2025/05/28,10.36,10.36,9.98,10.09,30235900,305045216.00
2025/05/29,10.08,10.26,10.00,10.15,20080906,204126192.00
2025/05/30,10.16,10.24,9.96,10.06,15171900,153174160.00
2025/06/03,10.00,10.12,9.98,10.09,10251837,103202744.00
2025/06/04,10.09,10.16,10.06,10.09,11373895,114987432.00
2025/06/05,10.13,10.26,9.97,10.26,18532061,186699504.00
2025/06/06,10.21,10.40,10.07,10.14,18548208,189500992.00
2025/06/09,10.13,10.22,10.05,10.10,14179700,143743296.00
2025/06/10,10.10,10.11,9.81,10.00,15841318,157998496.00
2025/06/11,10.05,10.20,10.00,10.05,15454500,156110896.00
2025/06/12,10.02,10.05,9.85,9.88,13949184,138149616.00
2025/06/13,9.89,9.89,9.45,9.57,18894424,181297904.00
2025/06/16,9.50,9.69,9.41,9.67,11038227,106064712.00
2025/06/17,9.61,9.76,9.55,9.61,8511500,82104960.00
2025/06/18,9.62,9.65,9.45,9.57,7629574,72650896.00
2025/06/19,9.52,9.69,9.41,9.43,9493941,90524112.00
2025/06/20,9.43,10.22,9.37,9.99,30409249,301067008.00
2025/06/23,9.99,10.24,9.79,10.22,20389619,205359808.00
2025/06/24,10.13,10.48,10.12,10.45,23281627,239822144.00
2025/06/25,10.45,10.61,10.28,10.40,22704372,236365248.00
2025/06/26,10.35,10.49,10.26,10.28,14956600,154996672.00
2025/06/27,10.42,10.45,10.20,10.22,12638201,130037880.00
2025/06/30,10.23,10.29,10.12,10.21,9400243,95753448.00
2025/07/01,10.21,11.15,10.21,10.82,36951888,398115488.00
2025/07/02,10.74,10.98,10.66,10.80,19009648,205405264.00
2025/07/03,10.75,10.90,10.75,10.83,12615754,136572848.00
2025/07/04,10.83,11.01,10.51,10.55,16020237,171639392.00
2025/07/07,10.52,10.76,10.45,10.50,10404101,109990072.00
2025/07/08,10.50,10.70,10.45,10.59,13788408,145683488.00
2025/07/09,10.64,10.64,10.37,10.43,13097100,136984896.00
2025/07/10,10.42,10.47,10.32,10.45,10494237,108913600.00
2025/07/11,10.51,10.51,10.32,10.37,8119266,84255424.00
2025/07/14,10.37,10.43,10.29,10.30,9126622,94451208.00
2025/07/15,10.17,10.35,9.96,10.04,16102700,162104896.00
2025/07/16,10.00,10.30,9.99,10.20,12097558,123290736.00
2025/07/17,10.17,10.21,9.99,10.08,17006200,171193264.00
2025/07/18,10.09,10.18,9.99,10.05,11955600,120299136.00
2025/07/21,10.05,10.29,10.03,10.27,17647023,179728352.00
2025/07/22,10.23,10.44,10.20,10.43,16487200,170665408.00
2025/07/23,10.62,11.11,10.62,10.85,45255869,493009888.00
2025/07/24,10.88,11.08,10.88,10.93,24080831,263932816.00
2025/07/25,10.93,11.38,10.93,11.11,27751226,310833248.00
2025/07/28,11.02,11.14,10.73,10.86,20966601,227620192.00
2025/07/29,10.78,10.97,10.64,10.91,15747802,169721616.00
2025/07/30,10.95,11.10,10.64,10.68,17339530,188136640.00
2025/07/31,10.68,11.08,10.62,10.94,21831602,237693600.00
2025/08/01,10.91,11.70,10.91,11.47,41739619,476412928.00
2025/08/04,11.55,12.53,11.51,12.40,56201608,680722496.00
2025/08/05,12.60,12.78,12.22,12.63,48455800,606118592.00
2025/08/06,12.59,12.83,12.38,12.70,30440207,384525824.00
2025/08/07,12.58,12.70,11.60,11.82,58234942,698419904.00
2025/08/08,11.75,12.28,11.68,12.13,33955323,406861664.00
2025/08/11,12.08,12.13,11.74,11.83,27002400,321418176.00
2025/08/12,11.82,11.88,11.30,11.55,27486832,316209312.00
2025/08/13,11.52,11.65,11.38,11.46,21755216,249993520.00
2025/08/14,11.48,11.73,11.07,11.26,32149251,367064928.00
2025/08/15,11.46,12.00,11.27,11.76,38029518,447888160.00
2025/08/18,11.69,11.91,11.51,11.83,32112811,375452288.00
2025/08/19,11.80,11.88,11.50,11.55,26552614,309653728.00
2025/08/20,11.55,12.00,11.44,11.93,31645323,372296224.00
2025/08/21,11.93,11.93,11.27,11.34,43734681,503335008.00
2025/08/22,11.34,11.60,11.26,11.48,23370162,267319488.00
2025/08/25,11.48,11.98,11.46,11.63,34666427,408238688.00
2025/08/26,11.63,11.73,11.41,11.47,22704876,262161888.00
2025/08/27,11.47,11.60,11.10,11.15,29974184,341617632.00
2025/08/28,11.16,11.42,10.87,11.24,25007569,278914720.00
2025/08/29,11.16,11.86,11.16,11.38,39715326,455897152.00
2025/09/01,11.27,11.39,11.09,11.10,27716820,309504800.00
2025/09/02,11.10,11.14,10.80,11.01,20277437,221990912.00
2025/09/03,11.01,11.08,10.50,10.63,21083214,228265872.00
2025/09/04,10.52,11.07,10.50,10.72,25727075,277456640.00
2025/09/05,10.74,11.40,10.62,11.40,40527148,452418848.00
2025/09/08,11.40,11.50,11.22,11.40,27171810,308479968.00
2025/09/09,11.40,11.71,11.30,11.35,26855200,309159392.00
2025/09/10,11.29,11.67,11.09,11.50,31183357,356562048.00
2025/09/11,11.46,11.74,11.28,11.61,26390663,304011648.00
2025/09/12,11.66,11.70,11.20,11.23,29963343,339641152.00
2025/09/15,11.20,11.30,10.90,11.02,23599888,260375968.00
2025/09/16,11.03,11.09,10.72,10.94,18505028,201140752.00
2025/09/17,10.98,11.20,10.87,11.02,17397913,192198112.00
2025/09/18,10.95,11.09,10.59,10.66,27052500,292700192.00
2025/09/19,10.67,10.75,10.55,10.60,14324170,152126704.00
2025/09/22,10.78,11.66,10.62,11.51,84293075,960789056.00
2025/09/23,11.34,11.49,10.81,11.32,56013662,625384960.00
2025/09/24,11.32,12.09,11.21,11.66,55178658,650466944.00
2025/09/25,11.59,11.68,11.10,11.11,43021432,485656352.00
2025/09/26,11.07,11.21,10.75,10.75,32667019,358225952.00
2025/09/29,10.74,10.99,10.71,10.81,21100972,228687328.00
2025/09/30,10.79,11.46,10.78,11.30,49951913,560068736.00
2025/10/09,11.31,11.48,11.11,11.15,28123000,315314272.00
2025/10/10,11.12,11.12,10.83,10.87,27243604,297699424.00
2025/10/13,10.45,10.47,10.02,10.42,29593681,305161568.00
2025/10/14,10.53,10.72,9.98,10.04,37084335,378466976.00
2025/10/15,10.06,10.14,9.90,10.08,18761045,188054016.00
2025/10/16,10.08,10.08,9.90,9.93,14954660,148846064.00
2025/10/17,9.88,9.98,9.78,9.81,11833562,116449744.00
2025/10/20,9.83,9.93,9.82,9.91,9697393,95784176.00
2025/10/21,9.94,10.10,9.90,9.95,17228118,171621264.00
2025/10/22,9.94,9.94,9.81,9.83,9315820,91663776.00
2025/10/23,9.84,9.89,9.64,9.88,10341592,100863648.00
2025/10/24,9.88,9.94,9.83,9.89,11104600,109749888.00
2025/10/27,9.90,9.98,9.88,9.90,10061070,99709952.00
2025/10/28,9.80,10.15,9.76,10.08,23659020,236812864.00
2025/10/29,10.02,10.08,9.91,9.94,13478500,134195808.00
2025/10/30,9.93,9.94,9.76,9.78,11401416,111940760.00
2025/10/31,9.78,10.10,9.77,9.96,17408549,173573888.00
2025/11/03,9.97,10.03,9.84,9.92,9955258,98468120.00
2025/11/04,9.92,9.95,9.78,9.84,9855501,97039928.00
2025/11/05,9.73,9.85,9.72,9.81,7877600,77154240.00
2025/11/06,9.81,9.88,9.79,9.81,7790412,76478152.00
2025/11/07,9.81,10.00,9.71,9.89,13401935,132486568.00
2025/11/10,9.92,10.40,9.91,10.26,32031499,327387680.00
2025/11/11,10.26,10.30,10.02,10.07,16738827,169073600.00
2025/11/12,10.09,10.11,9.94,9.97,9537800,95297840.00
2025/11/13,9.99,10.53,9.96,10.45,37683585,389954528.00
2025/11/14,10.99,11.28,10.56,10.62,45661898,491769856.00
2025/11/17,10.57,11.50,10.54,11.12,60865103,681591168.00
2025/11/18,11.00,11.06,10.47,10.55,35281031,377978560.00
2025/11/19,10.59,10.68,10.18,10.26,19236900,198776304.00
2025/11/20,10.30,10.47,10.14,10.18,15143931,155578224.00
2025/11/21,10.14,10.21,9.30,9.30,33794728,327417984.00
2025/11/24,9.42,9.56,9.17,9.50,18183169,170408928.00
2025/11/25,9.50,9.61,9.45,9.55,12673100,120886488.00
2025/11/26,9.52,9.74,9.43,9.47,11614500,110872896.00
2025/11/27,9.42,9.58,9.35,9.42,8807800,83364104.00
2025/11/28,9.43,9.50,9.36,9.50,7896370,74559864.00
2025/12/01,9.53,9.62,9.46,9.56,9424082,89819920.00
2025/12/02,9.53,9.68,9.46,9.55,8794847,84012376.00
2025/12/03,9.54,9.56,9.37,9.43,7723865,72869680.00
2025/12/04,9.39,9.51,9.37,9.46,6397702,60446704.00
2025/12/05,9.46,9.48,9.32,9.45,7498550,70451696.00
2025/12/08,9.47,9.56,9.46,9.49,8352800,79330512.00
2025/12/09,9.49,9.51,9.29,9.32,10179271,95339096.00
2025/12/10,9.36,9.38,9.12,9.18,12599925,115555008.00
2025/12/11,9.18,9.19,8.82,8.88,17018390,151895040.00
2025/12/12,8.91,9.10,8.80,9.00,9360822,83647296.00
2025/12/15,9.06,9.06,8.88,8.90,6993483,62525832.00
2025/12/16,8.90,8.90,8.67,8.71,8236500,71920400.00
2025/12/17,8.71,8.91,8.67,8.85,6693980,58750512.00
2025/12/18,8.79,9.09,8.79,8.99,8583410,77218048.00
2025/12/19,9.00,9.05,8.93,9.01,5433323,48953912.00
2025/12/22,9.02,9.09,9.01,9.02,6410811,58023476.00
2025/12/23,8.98,9.09,8.98,9.04,7115368,64396524.00
2025/12/24,9.03,9.06,8.95,9.03,6345127,57172772.00
2025/12/25,9.00,9.04,8.96,8.99,6588850,59288596.00
2025/12/26,9.00,9.14,9.00,9.02,9811459,88854040.00
2025/12/29,9.02,9.05,8.89,8.95,8385260,75226192.00
2025/12/30,8.93,8.95,8.81,8.87,8803555,78112776.00
2025/12/31,8.87,8.92,8.72,8.82,7314969,64425732.00
2026/01/05,8.85,8.90,8.75,8.88,10899626,96321088.00
2026/01/06,8.88,9.08,8.85,9.08,13571002,122370600.00
2026/01/07,9.08,9.12,8.91,8.99,10459384,94024360.00
2026/01/08,8.95,9.43,8.95,9.28,22625600,208298944.00
2026/01/09,9.30,9.39,9.10,9.19,16053394,147411104.00
2026/01/12,9.18,9.20,9.08,9.19,14407674,131693920.00
2026/01/13,9.23,9.29,9.09,9.14,17639982,161555264.00
2026/01/14,9.12,9.16,8.95,8.97,20112769,182385648.00
2026/01/15,8.95,9.06,8.89,8.94,10004049,89596864.00
2026/01/16,8.96,8.99,8.88,8.90,9950000,88710304.00
2026/01/19,8.90,8.93,8.82,8.90,11514335,102185352.00
2026/01/20,8.92,8.96,8.71,8.85,13684812,120610712.00
2026/01/21,8.80,8.88,8.75,8.81,9910808,87331984.00
2026/01/22,8.83,8.92,8.78,8.87,9964600,88219336.00
2026/01/23,8.90,9.14,8.84,9.13,23441322,211832304.00
2026/01/26,9.16,9.64,8.90,9.51,45271485,421330016.00
2026/01/27,9.38,9.38,9.01,9.20,28258013,258329648.00
2026/01/28,9.17,10.10,9.09,9.72,59925163,582158464.00
2026/01/29,9.60,10.16,9.52,9.92,56503643,562417792.00
2026/01/30,10.00,10.49,9.96,10.10,60381446,619448896.00
2026/02/02,9.68,10.09,9.28,9.31,47676528,461449696.00
2026/02/03,9.47,9.72,9.27,9.53,22746553,216195504.00
2026/02/04,9.56,9.67,9.36,9.65,18645100,177833456.00
2026/02/05,9.61,9.79,9.17,9.19,27451024,257461424.00
2026/02/06,9.10,9.58,9.02,9.36,24010093,225224272.00
2026/02/09,9.49,9.98,9.41,9.54,23193911,224850176.00
2026/02/10,9.54,9.85,9.39,9.72,21360381,207626016.00
2026/02/11,9.66,9.78,9.58,9.61,11420045,110452760.00
2026/02/12,9.57,9.60,9.39,9.40,14513312,137389008.00
2026/02/13,9.41,9.44,9.20,9.22,13543400,125694520.00
2026/02/24,9.29,9.45,9.28,9.40,10289832,96588264.00
2026/02/25,9.42,9.97,9.40,9.80,28854965,282265888.00
2026/02/26,9.80,9.84,9.34,9.38,29954440,283691712.00
2026/02/27,9.35,9.41,9.25,9.41,14752003,137352816.00
2026/03/02,9.38,9.51,9.06,9.09,24348661,223827568.00
2026/03/03,9.11,9.16,8.55,8.59,27447087,241104336.00
2026/03/04,8.60,8.68,8.38,8.48,14201516,120896864.00
2026/03/05,8.63,8.68,8.48,8.51,10936268,93336880.00
2026/03/06,8.47,8.70,8.41,8.65,9983800,85655928.00
2026/03/09,8.80,9.52,8.74,9.52,48288038,445282208.00
2026/03/10,9.52,9.60,9.33,9.37,39710694,374362368.00
2026/03/11,9.37,9.83,9.30,9.77,41859849,402333760.00
2026/03/12,9.89,10.05,9.78,9.80,32972000,326136000.00
2026/03/13,9.81,10.55,9.77,10.15,62877043,643065728.00
2026/03/16,10.31,11.03,10.07,10.22,66257829,696261760.00
2026/03/17,10.12,10.33,9.74,9.77,37474420,374313056.00
2026/03/18,9.80,9.87,9.48,9.61,21828515,209825456.00
2026/03/19,9.80,9.95,9.28,9.33,28571300,274376320.00
2026/03/20,9.37,9.41,8.77,8.78,31185523,280999360.00
2026/03/23,8.57,9.30,8.40,8.65,34487847,304219360.00
2026/03/24,8.80,8.90,8.13,8.45,36871257,309083264.00
2026/03/25,8.40,8.62,8.28,8.54,19946757,169634800.00
2026/03/26,8.55,8.62,8.21,8.36,19565698,163975360.00
2026/03/27,8.27,9.20,8.21,9.20,52916259,469715904.00
2026/03/30,9.21,9.21,8.88,9.10,35501655,320475808.00
2026/03/31,9.19,9.19,8.78,8.78,21408100,191622240.00
2026/04/01,8.95,8.98,8.61,8.62,19645742,171904224.00
2026/04/02,8.64,8.78,8.46,8.61,17319100,149090320.00
2026/04/03,8.69,8.70,8.15,8.19,23761587,197139328.00
2026/04/07,8.19,8.50,8.15,8.38,14247200,119447632.00
2026/04/08,8.47,8.50,8.30,8.49,18144850,152907952.00
2026/04/09,8.46,8.46,8.27,8.34,16922600,141051200.00
2026/04/10,8.40,8.64,8.32,8.41,15349493,130134424.00
2026/04/13,8.45,8.54,8.35,8.46,13230600,111474744.00
2026/04/14,8.48,8.68,8.36,8.66,22938158,195782864.00
2026/04/15,8.68,9.12,8.63,8.77,27747000,246875024.00
2026/04/16,8.78,8.81,8.58,8.76,17601800,152521072.00
2026/04/17,8.76,8.85,8.58,8.76,14423501,125485784.00
2026/04/20,8.68,8.91,8.64,8.80,13381500,117605728.00
2026/04/21,8.81,8.81,8.65,8.72,8857805,77301440.00
2026/04/22,8.68,8.90,8.64,8.69,10907878,95209344.00
2026/04/23,8.69,8.86,8.48,8.53,12884400,110544032.00
2026/04/24,8.50,8.72,8.47,8.65,11116605,95783008.00
2026/04/27,8.60,8.80,8.44,8.68,13210460,113860448.00
2026/04/28,8.66,8.74,8.49,8.56,9823057,84541952.00
2026/04/29,8.52,9.09,8.50,8.96,27914191,247785616.00
2026/04/30,8.92,9.60,8.92,9.51,41701329,392486624.00
2026/05/06,9.60,9.64,9.39,9.57,24229008,231202624.00
2026/05/07,9.57,9.69,9.46,9.53,19182383,183603600.00
2026/05/08,9.48,9.74,9.48,9.62,14932478,143722704.00
2026/05/11,9.61,9.65,9.24,9.41,22068201,207681824.00
2026/05/12,9.41,9.41,9.02,9.07,17043041,155610752.00
2026/05/13,9.56,9.70,8.96,9.40,33008994,305485216.00
2026/05/14,9.52,9.97,9.48,9.58,39194701,381739808.00
2026/05/15,9.62,10.15,9.53,9.94,39394000,390331840.00
2026/05/18,10.02,10.75,9.68,10.34,67699787,690405376.00
2026/05/19,10.15,10.74,10.10,10.47,43785713,455768960.00
2026/05/20,10.46,10.55,10.10,10.45,31192978,323203424.00
2026/05/21,10.46,10.69,10.00,10.03,34519451,356987488.00
2026/05/22,10.10,10.55,10.09,10.28,34813800,359844352.00
2026/05/25,10.53,10.65,10.40,10.53,33652163,354468576.00
2026/05/26,10.50,10.59,10.13,10.25,26236100,271022560.00
2026/05/27,10.21,10.46,9.75,9.84,27502624,273497952.00
2026/05/28,9.73,9.96,9.36,9.58,22753688,218908288.00
2026/05/29,9.60,10.08,9.38,9.46,27588737,268335104.00
2026/06/01,9.41,10.41,9.36,10.41,31823500,318995360.00
2026/06/02,10.47,10.50,9.77,9.89,42734604,429114048.00
2026/06/03,9.90,10.69,9.75,10.49,43035184,444541056.00
2026/06/04,10.45,10.96,10.40,10.64,38328501,409167712.00
2026/06/05,10.63,11.09,10.52,10.76,37067727,401559680.00
2026/06/08,10.45,10.82,10.10,10.30,34756342,363757536.00
2026/06/09,10.50,10.67,10.16,10.43,29238970,305018912.00
2026/06/10,10.65,11.10,10.15,10.16,44050898,465174368.00
2026/06/11,10.21,10.35,9.90,9.98,28813736,289778944.00
2026/06/12,9.99,10.50,9.71,10.08,40449558,409990112.00
2026/06/15,10.05,10.26,9.91,10.09,27508349,276148800.00
2026/06/16,10.00,10.27,9.81,10.08,26067769,260657120.00
2026/06/17,10.09,10.29,9.40,9.50,36645032,354850656.00
2026/06/18,9.39,10.45,9.33,10.45,34545657,350338784.00
2026/06/22,10.45,11.50,10.45,11.50,91199379,1023710272.00
2026/06/23,12.00,12.65,11.80,12.65,116250471,1443780224.00
2026/06/24,12.31,13.69,11.60,13.48,114208496,1431753984.00
2026/06/25,14.68,14.83,13.93,14.83,78096543,1147605248.00
2026/06/26,14.21,15.63,14.20,14.60,114333685,1684568960.00
2026/06/29,14.91,15.20,13.73,14.41,111150005,1601561600.00
2026/06/30,14.66,15.39,14.30,15.03,59903891,892641792.00
2026/07/01,15.00,15.99,14.91,15.31,58923509,914908416.00
2026/07/02,14.85,15.28,14.40,14.67,42312201,628982016.00
2026/07/03,14.67,14.80,13.50,14.20,52257936,742135296.00
2026/07/06,14.32,14.46,12.92,13.14,52933604,708913344.00
2026/07/07,13.04,13.25,12.23,12.35,34355756,435451360.00
2026/07/08,12.36,12.45,11.25,11.33,38913768,455250144.00
2026/07/09,11.39,11.68,10.53,11.56,49078786,544459200.00
2026/07/10,11.85,11.91,10.96,10.97,34454070,390898784.00
2026/07/13,10.87,10.96,9.87,9.87,32322642,332094112.00
2026/07/14,9.72,10.36,9.70,10.03,27810214,277893792.00
2026/07/15,9.91,10.10,9.07,9.13,44674743,423318528.00
2026/07/16,9.07,9.33,8.74,8.80,34349405,309580320.00
2026/07/17,8.80,8.82,8.06,8.13,33454901,281676224.00
2026/07/20,8.29,8.32,7.32,7.34,44775358,344347360.00
2026/07/21,7.37,8.07,6.69,8.07,49276979,361404640.00
2026/07/22,8.18,8.36,7.41,7.53,54028771,421262944.00
2026/07/23,7.53,7.69,7.43,7.61,27111899,205142848.00
2026/07/24,7.55,7.59,7.36,7.37,22286900,166071280.00
2026/07/27,7.33,7.60,7.31,7.59,19682900,147898288.00
2026/07/28,7.55,7.70,7.35,7.40,21995401,164947440.00
2026/07/29,7.35,7.45,7.12,7.36,27191522,198177728.00
2026/07/30,7.30,7.65,7.29,7.30,31860910,236162240.00
2026/07/31,7.47,7.78,7.42,7.64,38230770,291774016.00
2026/08/03,7.58,7.67,7.48,7.66,26706700,202313056.00
2026/08/04,7.67,7.98,7.62,7.92,25439785,198805776.00
2026/08/05,7.89,8.18,7.82,8.10,26586725,214085504.00
2026/08/06,8.10,8.16,7.96,8.14,22960048,185266368.00
2026/08/07,8.28,8.33,7.92,8.06,32318226,261192896.00
2026/08/10,8.22,8.27,7.90,8.11,25062203,201425088.00
2026/08/11,8.06,8.39,7.98,8.17,37417947,307885920.00
2026/08/12,8.15,8.68,8.12,8.51,52715010,445827264.00
2026/08/13,8.47,8.48,8.09,8.10,45010030,370864320.00
2026/08/14,8.11,8.19,8.01,8.15,20154542,163398560.00
2026/08/17,8.12,8.28,8.00,8.28,25296499,206821424.00
2026/08/18,8.39,8.39,8.08,8.16,18799385,153289360.00
2026/08/19,8.02,8.10,7.70,7.75,27332129,215481776.00
2026/08/20,7.86,7.89,7.58,7.62,26504600,204368384.00
2026/08/21,7.60,7.79,7.46,7.76,19491551,149394256.00
2026/08/24,7.73,7.79,7.61,7.75,14066358,108135336.00
2026/08/25,7.66,7.87,7.62,7.82,14592600,113478288.00
2026/08/26,7.89,8.00,7.78,7.94,16302300,128974760.00
2026/08/27,7.92,8.03,7.87,8.03,15391000,122888800.00
2026/08/28,8.08,8.10,7.97,8.05,19256900,155034240.00
2026/08/31,7.98,8.07,7.92,8.07,17593683,141015792.00
2026/09/01,8.03,8.13,7.93,8.05,18043751,145160816.00
2026/09/02,8.00,8.11,7.93,8.05,16627345,133455728.00
2026/09/03,8.06,8.16,8.00,8.09,17573190,142001600.00
2026/09/04,8.14,8.30,8.07,8.14,31566585,258707232.00
2026/09/07,8.20,8.35,8.15,8.27,31346001,259171872.00
2026/09/08,8.30,9.10,8.27,9.10,53969560,478781728.00
2026/09/09,9.65,10.01,9.10,10.01,124482470,1192876288.00
2026/09/10,10.01,11.00,10.01,10.30,153825202,1620586624.00
2026/09/11,10.29,10.29,9.27,9.68,107443043,1030659200.00
2026/09/14,9.63,10.28,9.26,10.15,98315872,963970624.00
#数据来源:通达信
