000913 钱江摩托 日线 前复权
      日期	    开盘	    最高	    最低	    收盘	    成交量	    成交额
2021/08/02,11.60,12.66,11.57,12.58,8482850,124790824.00
2021/08/03,12.48,12.97,12.33,12.48,5500280,83207616.00
2021/08/04,12.51,12.80,12.10,12.28,4362331,64585288.00
2021/08/05,12.18,12.48,12.14,12.28,3257571,48287016.00
2021/08/06,12.39,12.46,11.89,12.07,3598050,52366816.00
2021/08/09,12.10,12.87,11.97,12.67,4976060,74816248.00
2021/08/10,12.68,12.96,12.67,12.84,4849380,74392320.00
2021/08/11,12.69,12.98,12.48,12.77,3895456,58982592.00
2021/08/12,12.76,12.80,12.48,12.54,2975600,44929604.00
2021/08/13,12.54,12.64,11.97,12.19,6012839,88689408.00
2021/08/16,12.20,12.48,12.06,12.14,3320214,48938100.00
2021/08/17,12.11,12.58,11.23,11.38,6920760,99441328.00
2021/08/18,11.09,11.81,11.09,11.69,4462185,62958756.00
2021/08/19,11.59,11.87,11.44,11.49,2534791,35747596.00
2021/08/20,11.49,11.61,11.03,11.43,4169743,57362656.00
2021/08/23,11.41,11.87,11.40,11.73,4136239,58980428.00
2021/08/24,11.86,13.08,11.75,12.91,9862156,149496384.00
2021/08/25,12.98,13.67,12.59,12.79,10763376,168110352.00
2021/08/26,12.98,13.06,12.10,12.15,7191577,107135360.00
2021/08/27,12.03,12.29,11.79,12.19,4562901,66505500.00
2021/08/30,12.38,13.43,12.28,12.94,9641945,149341664.00
2021/08/31,12.95,13.08,12.31,12.54,6211095,93958584.00
2021/09/01,12.54,12.76,12.18,12.55,5684345,85278176.00
2021/09/02,12.50,12.50,12.03,12.17,5825788,85859656.00
2021/09/03,12.98,13.47,12.55,13.22,15077894,235511360.00
2021/09/06,13.18,13.18,12.55,12.76,11216942,171363616.00
2021/09/07,12.75,12.78,12.54,12.67,7500018,113766576.00
2021/09/08,12.69,13.36,12.67,12.96,9024695,140276864.00
2021/09/09,12.96,12.96,12.67,12.83,5197493,79398088.00
2021/09/10,12.73,13.15,12.49,12.57,6853342,104359848.00
2021/09/13,12.49,12.67,12.19,12.21,7329741,109149936.00
2021/09/14,12.28,12.43,11.99,12.07,5304078,78101576.00
2021/09/15,12.58,12.91,12.16,12.35,8382391,125663272.00
2021/09/16,12.16,12.39,11.70,11.83,7886780,113600800.00
2021/09/17,11.75,11.76,11.18,11.35,5446309,75815840.00
2021/09/22,11.08,11.54,11.08,11.44,3102455,43215360.00
2021/09/23,11.64,11.67,11.51,11.66,2768222,39080888.00
2021/09/24,11.76,11.88,11.61,11.83,3021555,43185532.00
2021/09/27,12.01,12.01,11.33,11.35,3201044,44982756.00
2021/09/28,11.30,11.45,11.16,11.26,2139285,29462994.00
2021/09/29,11.14,11.17,10.13,10.18,8984510,117272192.00
2021/09/30,10.20,11.06,10.20,10.79,6317621,83679656.00
2021/10/08,11.01,11.36,10.80,11.28,4890058,66432460.00
2021/10/11,11.24,11.87,11.11,11.65,5076615,71451968.00
2021/10/12,11.61,11.83,11.37,11.47,3817125,53696600.00
2021/10/13,11.47,11.53,11.09,11.25,2808400,38676608.00
2021/10/14,11.25,11.46,11.14,11.27,2320750,32169982.00
2021/10/15,11.26,11.52,11.13,11.42,2756201,38266548.00
2021/10/18,11.56,11.57,11.20,11.57,3126300,43561756.00
2021/10/19,11.29,11.88,11.28,11.61,3692509,52261988.00
2021/10/20,11.71,11.97,11.46,11.73,3989497,56851620.00
2021/10/21,11.73,12.00,11.49,11.72,4341225,62181788.00
2021/10/22,11.72,11.91,11.60,11.63,2540780,36235200.00
2021/10/25,11.73,11.76,11.29,11.63,3081878,43205900.00
2021/10/26,11.59,11.71,11.29,11.31,2915802,40696784.00
2021/10/27,11.64,11.93,10.66,10.90,7296229,100033784.00
2021/10/28,10.74,10.78,10.42,10.58,4049262,53046432.00
2021/10/29,10.58,11.46,10.58,11.35,6636546,90962552.00
2021/11/01,11.28,11.40,10.68,10.83,8751952,117224256.00
2021/11/02,10.82,11.38,10.73,11.06,7309054,99856176.00
2021/11/03,10.98,11.38,10.79,11.05,4342150,58978384.00
2021/11/04,10.99,11.32,10.79,11.22,5113779,69339928.00
2021/11/05,11.11,11.83,11.11,11.46,8588760,121133584.00
2021/11/08,11.46,12.12,11.41,11.96,7624987,109386520.00
2021/11/09,11.96,12.12,11.78,12.02,5921620,85613744.00
2021/11/10,12.05,12.27,11.89,12.05,5218981,76057016.00
2021/11/11,12.01,12.26,11.93,12.20,5008400,73501416.00
2021/11/12,12.24,12.29,11.95,12.16,4937200,72383224.00
2021/11/15,12.17,13.14,12.17,13.02,12773973,195332800.00
2021/11/16,12.95,12.95,12.48,12.73,8757368,133334960.00
2021/11/17,12.73,13.12,12.69,12.99,7943179,122641832.00
2021/11/18,12.97,13.13,12.59,12.62,5397620,82787864.00
2021/11/19,12.94,13.62,12.80,13.47,12018684,189386832.00
2021/11/22,13.44,14.63,13.37,14.32,14448432,240831712.00
2021/11/23,14.30,14.30,13.74,13.85,8345583,137329728.00
2021/11/24,13.93,14.12,13.36,13.92,7525845,122374712.00
2021/11/25,13.96,14.23,13.37,13.43,8227207,133214920.00
2021/11/26,13.48,13.48,13.05,13.13,5108142,80246696.00
2021/11/29,12.86,13.03,12.61,12.93,6180671,94792072.00
2021/11/30,13.01,13.27,12.70,12.80,4730631,73181968.00
2021/12/01,12.80,13.00,12.73,12.85,3248447,50008092.00
2021/12/02,12.83,13.10,12.46,12.55,5343800,81550456.00
2021/12/03,12.50,12.84,12.50,12.69,5960296,90905712.00
2021/12/06,12.78,12.88,12.33,12.36,5209898,78277912.00
2021/12/07,12.47,12.54,12.06,12.36,4266501,62924044.00
2021/12/08,12.36,12.62,12.19,12.27,6018697,89499776.00
2021/12/09,12.35,12.77,12.34,12.58,6082291,91848336.00
2021/12/10,12.49,13.38,12.42,13.13,8656314,134111552.00
2021/12/13,13.21,13.32,12.75,12.81,5951093,91664968.00
2021/12/14,12.75,12.95,12.58,12.62,3684803,56290964.00
2021/12/15,12.62,12.63,12.20,12.28,5356489,79861256.00
2021/12/16,12.33,12.53,12.21,12.49,2808400,41754012.00
2021/12/17,12.47,12.48,12.19,12.19,3315102,49147532.00
2021/12/20,12.13,12.19,11.50,11.60,6012084,85668592.00
2021/12/21,11.49,11.76,11.49,11.64,3053386,43149800.00
2021/12/22,11.68,11.99,11.64,11.83,3221839,46282764.00
2021/12/23,11.94,11.96,11.56,11.61,3227543,45662600.00
2021/12/24,11.63,11.70,11.33,11.34,2998084,41915128.00
2021/12/27,11.36,11.48,11.25,11.42,3494164,48475648.00
2021/12/28,11.42,11.60,11.35,11.51,3097285,43364804.00
2021/12/29,11.58,11.61,11.34,11.54,2687507,37686820.00
2021/12/30,11.52,11.61,11.43,11.54,2051900,28861056.00
2021/12/31,11.55,11.71,11.49,11.67,2121435,30035064.00
2022/01/04,11.67,11.87,11.67,11.78,3286605,47078076.00
2022/01/05,11.78,11.83,11.41,11.51,3936696,55320428.00
2022/01/06,11.51,11.59,11.39,11.53,2422941,34042016.00
2022/01/07,11.51,11.63,11.24,11.28,3397438,47416380.00
2022/01/10,11.28,11.58,11.13,11.52,3849600,53589260.00
2022/01/11,11.48,11.75,11.43,11.45,3074000,43362552.00
2022/01/12,11.48,11.68,11.43,11.64,2828502,39907864.00
2022/01/13,11.64,11.79,11.56,11.70,3558746,50630604.00
2022/01/14,11.73,11.78,11.48,11.49,3261180,46146916.00
2022/01/17,11.49,12.06,11.48,12.01,4970056,71793360.00
2022/01/18,12.00,12.15,11.71,11.87,4359316,62622964.00
2022/01/19,11.90,11.92,11.63,11.70,2319500,33081036.00
2022/01/20,11.73,11.73,11.43,11.45,3035884,42639004.00
2022/01/21,11.45,11.85,11.08,11.63,4253932,59462748.00
2022/01/24,11.63,11.73,11.21,11.41,4120123,57012308.00
2022/01/25,11.36,11.36,10.63,10.66,4791765,63973164.00
2022/01/26,10.57,10.93,10.53,10.83,2836556,37653996.00
2022/01/27,10.83,10.97,10.48,10.52,1966285,25782886.00
2022/01/28,10.60,10.77,10.40,10.68,2192500,28786076.00
2022/02/07,10.86,11.05,10.66,10.95,2639834,35396636.00
2022/02/08,10.91,11.02,10.62,11.01,3475318,46371460.00
2022/02/09,11.06,11.14,10.88,11.11,2082100,28218432.00
2022/02/10,11.05,11.25,10.97,11.18,2097012,28529684.00
2022/02/11,11.11,11.24,10.87,11.16,2166200,29326378.00
2022/02/14,11.02,11.04,10.78,10.85,3946300,52793384.00
2022/02/15,10.83,10.92,10.71,10.89,1513682,20224804.00
2022/02/16,10.98,11.36,10.84,11.30,3264926,44771820.00
2022/02/17,11.36,11.71,11.15,11.43,4015221,56060768.00
2022/02/18,11.35,11.42,11.14,11.36,2667859,36774116.00
2022/02/21,11.33,11.48,11.26,11.43,2023341,28184406.00
2022/02/22,11.35,11.41,11.13,11.24,2063751,28452356.00
2022/02/23,11.18,11.44,11.18,11.40,2190007,30306858.00
2022/02/24,11.31,11.57,10.85,10.98,3347027,45873892.00
2022/02/25,11.12,11.52,11.12,11.20,2494700,34542492.00
2022/02/28,11.28,11.47,10.83,11.14,2270700,30816660.00
2022/03/01,11.10,11.21,10.94,11.01,1931468,26208974.00
2022/03/02,11.01,11.14,10.79,11.10,2058664,27835574.00
2022/03/03,11.10,11.18,10.97,11.00,1268400,17182326.00
2022/03/04,10.96,10.99,10.72,10.74,1848000,24658542.00
2022/03/07,10.67,10.68,10.41,10.45,2164635,28290150.00
2022/03/08,10.44,10.57,9.64,9.80,4731888,58931064.00
2022/03/09,9.92,9.92,8.58,9.21,5072852,59315404.00
2022/03/10,9.40,9.55,9.27,9.48,2515215,30108936.00
2022/03/11,9.36,9.64,9.05,9.64,1879570,22391574.00
2022/03/14,9.47,9.71,9.43,9.44,1803607,21762148.00
2022/03/15,9.44,9.49,8.69,8.70,2282100,26365220.00
2022/03/16,8.93,9.05,8.52,9.01,2091575,23717824.00
2022/03/17,9.18,9.36,9.05,9.07,1955808,22898058.00
2022/03/18,9.07,9.20,9.02,9.18,1628000,18964916.00
2022/03/21,9.18,9.45,9.18,9.31,1616601,19113410.00
2022/03/22,9.28,9.34,9.12,9.25,1627900,19130456.00
2022/03/23,9.28,9.42,9.23,9.33,2356056,27897686.00
2022/03/24,9.28,9.48,9.19,9.37,2013800,23981316.00
2022/03/25,9.46,9.70,9.33,9.35,2318400,27904886.00
2022/03/28,9.35,9.44,9.00,9.24,1560107,18277892.00
2022/03/29,9.36,9.43,9.04,9.08,1495992,17471038.00
2022/03/30,9.17,9.49,9.15,9.37,2263800,26863302.00
2022/03/31,9.46,9.56,9.38,9.48,1631453,19561316.00
2022/04/01,9.47,9.48,9.33,9.39,1606200,19163228.00
2022/04/06,9.37,9.52,9.28,9.50,1890100,22575946.00
2022/04/07,9.49,9.81,9.12,9.21,4086202,48889208.00
2022/04/08,9.13,9.27,8.94,9.03,1785402,20640444.00
2022/04/11,8.99,9.05,8.56,8.64,2437315,27509326.00
2022/04/12,8.77,8.96,8.55,8.88,1339747,15046864.00
2022/04/13,8.87,9.01,8.61,8.72,1482227,16771903.00
2022/04/14,8.74,8.95,8.61,8.67,1751515,19768274.00
2022/04/15,8.68,8.78,8.43,8.56,1733052,19216076.00
2022/04/18,8.56,8.95,8.29,8.95,2305533,26039872.00
2022/04/19,8.92,9.09,8.81,9.00,1579160,18193244.00
2022/04/20,8.94,9.64,8.92,9.36,4016984,47961152.00
2022/04/21,9.26,9.58,9.07,9.14,2559800,30297360.00
2022/04/22,9.23,9.38,8.71,8.76,2212100,25240128.00
2022/04/25,8.60,9.48,8.44,8.45,4478969,50325068.00
2022/04/26,8.37,8.87,8.28,8.43,3780305,41945996.00
2022/04/27,8.28,8.43,7.38,8.17,5248713,54691744.00
2022/04/28,8.14,8.17,7.10,7.10,7563984,74710120.00
2022/04/29,6.80,7.61,6.80,7.40,5948301,58797180.00
2022/05/05,7.41,8.23,7.18,8.11,6233400,64406032.00
2022/05/06,7.84,7.94,7.62,7.76,2678700,27583652.00
2022/05/09,7.62,8.30,7.62,8.14,3459900,36705136.00
2022/05/10,8.05,8.14,7.91,8.06,2773370,29177754.00
2022/05/11,9.12,9.12,8.03,8.12,8981949,98645896.00
2022/05/12,8.03,8.23,7.76,7.98,5664075,59314356.00
2022/05/13,7.98,8.44,7.98,8.28,4142900,44501640.00
2022/05/16,8.28,8.63,8.17,8.33,5434899,59030208.00
2022/05/17,8.19,8.33,7.93,8.22,5247300,55785856.00
2022/05/18,8.19,9.18,8.11,9.03,10717493,121328920.00
2022/05/19,8.84,8.99,8.61,8.90,5765800,65366908.00
2022/05/20,9.01,9.64,8.98,9.43,7406987,87820376.00
2022/05/23,10.63,10.63,10.63,10.63,3225880,42420320.00
2022/05/24,11.91,11.95,10.81,10.98,28343908,395365888.00
2022/05/25,11.34,12.18,10.03,11.94,21743137,307383968.00
2022/05/26,12.48,13.14,11.77,11.91,27158198,408331840.00
2022/05/27,11.86,12.45,11.49,12.03,18750553,272275680.00
2022/05/30,11.72,12.93,11.72,12.52,19485107,292814080.00
2022/05/31,12.31,13.15,12.13,12.80,13831455,210524736.00
2022/06/01,12.77,12.77,11.78,12.53,10246899,153286896.00
2022/06/02,12.30,13.08,12.27,12.89,8480718,130220584.00
2022/06/06,13.06,13.16,12.79,12.94,7646070,118356064.00
2022/06/07,12.81,13.47,12.64,13.38,8084147,125757504.00
2022/06/08,13.20,14.48,13.08,14.16,12317887,200486016.00
2022/06/09,13.83,14.16,13.66,13.84,6752518,110306808.00
2022/06/10,13.78,15.10,13.68,14.64,10677642,181916384.00
2022/06/13,14.48,15.74,14.08,15.48,11917572,211245040.00
2022/06/14,15.08,17.05,15.07,15.87,14690790,273045280.00
2022/06/15,16.13,16.44,15.07,15.34,12785962,231193680.00
2022/06/16,15.27,16.98,15.12,16.46,12210990,228172640.00
2022/06/17,16.45,17.71,16.28,17.64,10671981,210023184.00
2022/06/20,17.64,19.47,17.64,18.39,11957027,252037216.00
2022/06/21,18.12,18.66,17.56,17.98,9536098,196591616.00
2022/06/22,18.10,18.52,17.08,17.18,10097351,201959632.00
2022/06/23,17.13,17.99,16.58,17.74,12200778,241758304.00
2022/06/24,17.73,17.92,17.08,17.46,7619763,152265456.00
2022/06/27,17.70,18.00,16.90,17.78,7152703,143383296.00
2022/06/28,17.64,17.93,17.18,17.34,4929756,98374696.00
2022/06/29,17.35,17.48,16.13,16.28,10938280,207401552.00
2022/06/30,16.48,16.48,14.90,15.04,13032815,233509664.00
2022/07/01,15.18,15.66,14.50,14.92,12363169,217189904.00
2022/07/04,14.98,15.08,14.42,14.87,7462801,128818832.00
2022/07/05,14.89,14.98,13.58,13.98,9923578,164509760.00
2022/07/06,13.91,14.58,13.68,13.90,9272966,154463296.00
2022/07/07,13.91,14.51,13.69,14.24,7258284,121684184.00
2022/07/08,14.24,14.44,13.70,13.77,5935885,97665432.00
2022/07/11,13.98,14.17,13.37,13.60,5596700,90911928.00
2022/07/12,13.60,13.63,12.98,13.08,4862900,76558944.00
2022/07/13,13.10,13.47,12.86,13.36,5016500,78998712.00
2022/07/14,13.32,14.69,13.21,13.85,12417300,206154912.00
2022/07/15,13.66,14.42,13.44,13.48,8090369,133060456.00
2022/07/18,13.68,14.57,13.49,14.25,10825943,179898176.00
2022/07/19,14.49,15.93,14.26,15.93,10980553,195449664.00
2022/07/20,16.48,16.92,15.59,16.63,20506980,388636800.00
2022/07/21,16.63,17.12,16.22,16.32,10071400,192575312.00
2022/07/22,16.07,16.55,15.62,15.94,9656610,178723328.00
2022/07/25,16.15,17.34,15.57,17.04,15667081,299381984.00
2022/07/26,16.81,17.98,16.55,17.47,11269478,223925632.00
2022/07/27,17.43,18.29,16.98,17.69,11449273,230875312.00
2022/07/28,18.13,19.04,17.47,18.73,11618966,241813424.00
2022/07/29,18.54,19.36,18.21,18.80,8275914,176425424.00
2022/08/01,18.98,19.18,17.98,19.01,9693602,204195840.00
2022/08/02,18.60,18.98,17.59,18.32,10294687,214782432.00
2022/08/03,18.56,18.88,17.27,17.43,12192649,250692704.00
2022/08/04,17.48,17.78,16.78,17.37,9389119,185992704.00
2022/08/05,17.68,17.73,16.75,17.26,6537797,128410296.00
2022/08/08,17.22,19.24,16.80,19.24,7303969,154073184.00
2022/08/09,19.28,20.99,19.28,20.07,13895708,317433312.00
2022/08/10,20.08,21.36,19.66,20.58,9572345,221613808.00
2022/08/11,20.57,20.78,19.63,20.27,6981757,159468544.00
2022/08/12,20.42,20.46,19.48,20.18,6318732,142673536.00
2022/08/15,20.18,22.45,19.81,22.45,8547900,209706416.00
2022/08/16,22.98,23.85,22.36,22.73,11022766,279459648.00
2022/08/17,23.03,23.03,21.90,22.76,7290720,181871376.00
2022/08/18,22.76,23.47,22.34,23.00,5843320,149386064.00
2022/08/19,22.95,23.36,21.92,21.94,5962291,148462400.00
2022/08/22,22.07,23.83,21.85,23.57,6806969,174902608.00
2022/08/23,23.45,24.58,23.03,24.19,8248798,218620032.00
2022/08/24,24.20,24.97,23.45,24.18,8837900,235832208.00
2022/08/25,24.47,24.95,22.48,24.59,7762305,207991040.00
2022/08/26,24.60,25.22,23.60,24.63,5835048,156412224.00
2022/08/29,24.32,27.08,24.29,25.55,10331489,293152640.00
2022/08/30,25.74,26.25,24.89,25.63,6873186,192466704.00
2022/08/31,25.49,25.49,23.48,24.18,6254800,168671792.00
2022/09/01,24.30,24.78,23.65,24.02,5217633,139330976.00
2022/09/02,24.26,25.57,23.70,25.23,5991745,163709744.00
2022/09/05,25.23,25.88,23.68,24.43,5786058,156810096.00
2022/09/06,24.63,25.96,24.39,24.74,6401070,176601344.00
2022/09/07,24.70,25.73,24.28,24.90,4690222,129147224.00
2022/09/08,25.09,25.26,24.38,24.66,2879899,78377248.00
2022/09/09,24.58,24.75,23.68,23.93,4495339,119589232.00
2022/09/13,24.05,24.85,23.83,24.47,5483600,147493904.00
2022/09/14,24.37,24.37,22.58,23.53,6703468,173695360.00
2022/09/15,23.79,23.81,22.44,23.18,7285814,185041904.00
2022/09/16,22.81,23.64,22.28,22.36,4207389,106458168.00
2022/09/19,22.52,23.36,22.25,22.66,4836676,122529536.00
2022/09/20,22.66,23.27,22.28,22.65,4098737,103378824.00
2022/09/21,22.73,22.84,22.13,22.44,2776863,69346528.00
2022/09/22,22.29,23.18,21.89,22.74,3795570,95923408.00
2022/09/23,22.74,23.18,21.74,21.88,3722434,92005792.00
2022/09/26,21.90,23.64,21.29,22.85,5149972,130144416.00
2022/09/27,22.82,23.77,22.50,23.65,5285656,135928240.00
2022/09/28,23.49,23.98,21.88,22.02,7302799,184110000.00
2022/09/29,22.93,22.93,20.76,21.14,11579136,276907840.00
2022/09/30,21.18,21.25,19.58,19.98,12525667,284581024.00
2022/10/10,20.01,20.08,18.56,18.81,8772144,190366336.00
2022/10/11,19.07,19.18,17.95,18.13,8469489,176241856.00
2022/10/12,18.17,18.60,17.48,18.56,6326280,130834936.00
2022/10/13,18.51,19.67,18.19,18.88,9158512,197422128.00
2022/10/14,18.91,19.59,18.81,19.28,6984832,152181200.00
2022/10/17,19.23,19.86,18.86,19.78,5114832,112238904.00
2022/10/18,19.79,20.10,19.52,19.73,4005000,89217080.00
2022/10/19,19.57,20.09,19.34,19.55,3913736,86594200.00
2022/10/20,19.34,19.34,18.08,18.72,7848535,166786656.00
2022/10/21,19.02,19.35,18.13,18.38,6939920,146004016.00
2022/10/24,18.48,18.84,17.89,18.08,6044182,125974112.00
2022/10/25,18.35,18.39,17.51,18.27,8402177,172321232.00
2022/10/26,18.43,18.45,16.76,17.13,13523460,267504368.00
2022/10/27,17.00,17.66,16.83,16.95,10056527,198664544.00
2022/10/28,16.95,16.97,16.38,16.57,8408704,161028256.00
2022/10/31,17.35,18.18,16.48,16.67,14543549,288195136.00
2022/11/01,17.28,17.92,16.70,17.76,11247816,224683936.00
2022/11/02,18.30,19.70,17.67,19.52,11289051,241317776.00
2022/11/03,19.48,20.26,19.28,19.93,7963161,178000640.00
2022/11/04,20.06,20.64,19.90,20.56,5636475,128863368.00
2022/11/07,20.56,20.98,20.11,20.60,5977188,138344256.00
2022/11/08,20.60,20.84,20.35,20.68,3936765,90934160.00
2022/11/09,20.66,21.86,20.50,21.12,5444296,129276984.00
2022/11/10,21.08,21.08,19.94,20.05,5908244,135090848.00
2022/11/11,20.48,20.62,19.67,19.71,5144516,116147136.00
2022/11/14,19.68,19.76,19.09,19.33,4635913,101630168.00
2022/11/15,19.33,19.96,19.11,19.54,4822893,106664808.00
2022/11/16,19.66,20.58,19.38,20.21,6292759,142966608.00
2022/11/17,20.08,20.08,19.18,19.77,5242869,115813872.00
2022/11/18,19.83,20.28,19.41,19.48,3963147,88244008.00
2022/11/21,19.41,19.76,19.00,19.54,3485944,76189112.00
2022/11/22,19.28,19.55,18.69,18.78,4509270,96953096.00
2022/11/23,18.65,19.28,18.41,18.91,4379613,93679472.00
2022/11/24,18.82,19.27,18.69,18.93,2618509,56365220.00
2022/11/25,18.90,18.90,18.10,18.24,5035990,105365048.00
2022/11/28,18.19,18.38,17.70,18.19,6257278,128408072.00
2022/11/29,18.33,18.51,18.14,18.23,4108540,85582376.00
2022/11/30,18.42,18.87,17.81,18.31,3982982,83325920.00
2022/12/01,18.54,18.92,18.12,18.19,5322184,111887264.00
2022/12/02,18.48,18.91,18.26,18.67,5078007,107523344.00
2022/12/05,18.73,18.85,17.55,17.72,7994656,163115648.00
2022/12/06,17.58,18.25,17.43,18.08,5636971,115112152.00
2022/12/07,17.98,18.22,17.53,17.66,4178979,84954496.00
2022/12/08,17.63,17.78,17.08,17.41,5926336,117747224.00
2022/12/09,17.37,17.55,17.14,17.43,4595032,91391328.00
2022/12/12,17.45,17.45,16.99,17.28,3670253,72444208.00
2022/12/13,17.28,17.35,16.71,16.88,3620131,70289480.00
2022/12/14,16.88,17.05,16.47,16.67,3256597,62642996.00
2022/12/15,16.67,17.03,16.56,17.00,3440908,66754056.00
2022/12/16,16.87,17.08,16.22,16.37,4740743,90032880.00
2022/12/19,16.37,16.57,15.78,16.00,4896380,91192752.00
2022/12/20,15.94,16.41,15.79,16.17,2914900,54361760.00
2022/12/21,16.26,16.52,15.53,15.66,3249240,59348328.00
2022/12/22,15.48,15.97,15.18,15.35,3642296,65447796.00
2022/12/23,15.35,15.35,14.74,14.91,3261372,56965200.00
2022/12/26,15.12,16.18,14.89,15.94,4783628,87001600.00
2022/12/27,15.94,16.24,15.36,16.08,3848865,70741632.00
2022/12/28,16.10,16.23,15.50,15.61,2869786,52291348.00
2022/12/29,15.61,16.14,15.50,15.80,2973586,54764396.00
2022/12/30,15.85,16.15,15.69,15.96,4440587,81953840.00
2023/01/03,15.97,17.47,15.92,17.16,9591712,184395584.00
2023/01/04,17.18,17.39,16.70,17.07,7632017,148359296.00
2023/01/05,16.99,17.63,16.82,17.19,6424322,127179896.00
2023/01/06,17.12,18.31,17.12,18.22,8508651,173808144.00
2023/01/09,18.59,20.29,18.28,20.29,15486264,340459424.00
2023/01/10,20.88,22.13,19.91,21.38,24661258,577581120.00
2023/01/11,21.88,22.26,21.59,21.98,16346620,399210816.00
2023/01/12,21.71,22.19,21.48,21.98,11278650,275486656.00
2023/01/13,21.99,22.66,21.67,22.38,8861462,219528336.00
2023/01/16,22.38,22.83,21.56,22.41,10923712,271036960.00
2023/01/17,22.50,23.98,22.48,23.77,9193451,238065056.00
2023/01/18,23.51,23.61,22.98,23.05,6563115,168911968.00
2023/01/19,23.06,23.53,23.03,23.16,5411755,139331120.00
2023/01/20,23.05,23.23,22.45,22.57,6469390,163869728.00
2023/01/30,22.57,23.16,21.94,22.27,9723151,241699200.00
2023/01/31,22.28,24.05,22.03,23.59,10741302,275665472.00
2023/02/01,23.85,24.03,23.26,23.77,7192399,188236224.00
2023/02/02,23.98,24.63,23.56,24.14,4641999,124317064.00
2023/02/03,24.08,24.31,23.18,23.80,4973468,129753608.00
2023/02/06,23.78,23.83,23.19,23.48,3595100,93525824.00
2023/02/07,23.24,23.88,23.24,23.51,3965200,103046880.00
2023/02/08,23.39,24.72,23.29,24.44,7968395,213778016.00
2023/02/09,24.44,25.19,24.06,24.89,7176989,195345936.00
2023/02/10,24.97,24.98,24.04,24.44,3614602,97361696.00
2023/02/13,24.47,26.29,24.18,25.78,7361826,206534000.00
2023/02/14,25.64,25.64,24.65,24.98,5330192,147056112.00
2023/02/15,25.38,25.57,24.59,24.85,3461669,95297088.00
2023/02/16,24.71,25.33,23.75,23.98,5123501,138101376.00
2023/02/17,23.97,24.48,23.74,23.86,3444010,91658336.00
2023/02/20,23.85,24.46,23.23,24.28,4288493,112656432.00
2023/02/21,24.46,24.73,23.54,23.76,3176532,83904360.00
2023/02/22,23.87,24.38,23.50,24.24,2984701,79366320.00
2023/02/23,24.03,24.46,23.75,23.97,1515218,40177908.00
2023/02/24,23.91,24.38,23.46,23.55,3205137,84343784.00
2023/02/27,23.60,24.13,23.31,23.61,2816638,73734400.00
2023/02/28,23.53,24.02,23.16,23.65,2829664,73845152.00
2023/03/01,23.27,23.48,21.80,22.65,9334206,233891728.00
2023/03/02,22.65,23.08,22.36,22.57,3812731,95791736.00
2023/03/03,22.53,23.56,22.32,23.40,5520464,141525568.00
2023/03/06,23.42,23.64,22.58,22.90,5319074,135352960.00
2023/03/07,22.75,23.17,22.39,22.44,2863732,72251840.00
2023/03/08,22.45,22.68,21.95,22.08,4457144,110172128.00
2023/03/09,22.33,22.36,21.60,21.81,3679846,90043840.00
2023/03/10,21.63,21.92,20.93,21.16,4063936,96334808.00
2023/03/13,21.12,21.68,20.85,21.25,3833809,91204080.00
2023/03/14,21.26,21.26,20.38,20.61,4108990,95117392.00
2023/03/15,20.62,21.13,20.38,20.53,2994541,69598104.00
2023/03/16,20.54,20.80,19.84,20.00,3046169,69240408.00
2023/03/17,20.04,20.42,19.64,19.73,3130022,70181856.00
2023/03/20,19.68,21.01,19.38,20.40,6253069,143185152.00
2023/03/21,20.44,21.65,20.13,21.10,7732544,183292896.00
2023/03/22,21.45,21.91,21.14,21.33,4714615,113135552.00
2023/03/23,21.30,21.58,20.63,20.78,4947109,116087560.00
2023/03/24,20.73,21.14,20.20,20.30,4460177,102883104.00
2023/03/27,20.46,20.75,20.11,20.51,3639938,83561776.00
2023/03/28,20.53,22.81,20.20,22.81,9011332,219853072.00
2023/03/29,24.10,24.23,21.04,21.16,14985567,367623744.00
2023/03/30,21.40,21.54,20.50,21.16,8105823,191701536.00
2023/03/31,20.96,21.74,20.72,20.85,6766065,159811888.00
2023/04/03,20.55,20.77,19.12,19.22,14983980,331173536.00
2023/04/04,19.24,19.26,18.26,18.86,10802646,229006912.00
2023/04/06,18.82,19.92,18.45,19.53,8193235,179356080.00
2023/04/07,19.45,20.23,19.28,19.72,4847992,107894560.00
2023/04/10,19.92,20.21,19.28,19.57,3999564,88932448.00
2023/04/11,19.44,19.87,19.18,19.29,3942189,86404056.00
2023/04/12,20.09,20.84,19.51,19.69,10201340,230281040.00
2023/04/13,19.90,21.06,19.59,20.78,10608040,243484592.00
2023/04/14,20.71,20.98,19.53,19.92,10441406,236159296.00
2023/04/17,19.91,21.28,19.40,19.68,10831850,246512384.00
2023/04/18,19.67,19.84,19.17,19.38,4617300,101527832.00
2023/04/19,19.56,19.56,18.83,18.98,6005773,129095672.00
2023/04/20,18.90,18.90,18.03,18.24,8030400,167125728.00
2023/04/21,18.33,19.24,18.32,18.58,8110295,173020224.00
2023/04/24,18.38,18.60,18.08,18.24,4460610,92851648.00
2023/04/25,18.01,18.23,17.48,17.98,5044700,102865072.00
2023/04/26,18.02,19.13,18.01,18.39,5647400,119607184.00
2023/04/27,18.39,19.13,18.39,18.68,5988346,127529840.00
2023/04/28,18.58,19.05,18.52,18.89,3998000,85597376.00
2023/05/04,18.93,19.04,17.08,17.40,10837900,220305936.00
2023/05/05,17.28,17.54,16.77,16.93,7158046,139867056.00
2023/05/08,17.12,17.26,16.48,16.70,6891920,132783016.00
2023/05/09,16.60,16.80,16.13,16.38,5506808,104204264.00
2023/05/10,16.24,17.06,16.13,16.83,6710300,128765712.00
2023/05/11,16.83,17.03,16.56,16.78,4441997,85790016.00
2023/05/12,16.78,17.01,16.48,16.67,5169600,99212416.00
2023/05/15,16.67,17.28,16.50,17.13,5179704,101060416.00
2023/05/16,17.24,17.68,16.93,17.00,5333100,105258888.00
2023/05/17,17.16,17.16,16.73,16.94,2930500,57001828.00
2023/05/18,16.92,17.19,16.76,16.89,2897390,56410232.00
2023/05/19,16.90,17.35,16.73,16.93,4187758,81509120.00
2023/05/22,16.78,17.10,16.48,16.96,3850200,74461848.00
2023/05/23,16.98,17.20,16.71,16.78,3442400,66881512.00
2023/05/24,16.60,17.02,16.56,16.79,2741704,53067844.00
2023/05/25,16.68,17.06,16.38,16.69,4491895,86394432.00
2023/05/26,16.65,16.82,16.25,16.74,3021899,57537708.00
2023/05/29,16.67,16.82,16.18,16.44,2912900,55292116.00
2023/05/30,16.48,16.63,15.80,16.30,6503177,121265264.00
2023/05/31,16.09,16.31,15.81,15.93,4554940,84228864.00
2023/06/01,15.95,16.55,15.72,16.19,5388501,100925800.00
2023/06/02,16.18,16.32,15.88,15.90,6988098,129647960.00
2023/06/05,16.04,16.55,15.72,16.03,6756969,126125984.00
2023/06/06,16.17,16.17,15.33,15.41,7844522,141869664.00
2023/06/07,15.50,15.53,15.14,15.34,4480700,79807632.00
2023/06/08,15.36,15.42,15.04,15.13,3502900,62019648.00
2023/06/09,15.07,15.58,15.07,15.45,5028265,90019752.00
2023/06/12,15.45,15.93,15.27,15.82,6437700,117127096.00
2023/06/13,15.88,15.95,15.55,15.64,5584700,101836560.00
2023/06/14,15.64,16.02,15.43,15.85,4653771,85321776.00
2023/06/15,15.81,16.37,15.69,16.28,4528201,84720104.00
2023/06/16,16.28,16.88,16.26,16.42,7654820,146176576.00
2023/06/19,16.55,16.55,15.78,16.02,7705600,143690688.00
2023/06/20,15.91,16.00,15.66,15.75,5704502,104488784.00
2023/06/21,15.64,15.93,15.49,15.51,4111568,74646624.00
2023/06/26,15.38,15.69,15.10,15.20,4526493,80966664.00
2023/06/27,15.20,15.57,15.06,15.44,5132841,91880912.00
2023/06/28,15.45,15.65,15.06,15.52,4177094,74570528.00
2023/06/29,15.35,15.83,15.25,15.28,4473069,80434480.00
2023/06/30,15.30,16.07,15.29,15.71,6935562,126537728.00
2023/07/03,15.76,16.28,15.76,15.88,6735401,124589016.00
2023/07/04,15.88,16.27,15.74,15.96,6582281,121901688.00
2023/07/05,16.08,16.18,15.60,15.66,4364250,79859568.00
2023/07/06,15.54,15.62,15.23,15.37,4852416,86722864.00
2023/07/07,15.35,15.81,15.23,15.49,5074812,91579480.00
2023/07/10,15.49,15.58,14.69,14.85,8373430,146796656.00
2023/07/11,14.69,15.82,14.69,15.77,9828128,176217888.00
2023/07/12,15.78,15.83,15.18,15.26,8062653,144915776.00
2023/07/13,15.37,15.41,14.76,15.09,6643463,114996128.00
2023/07/14,15.15,15.17,14.78,14.85,4759934,81749504.00
2023/07/17,14.74,14.81,14.02,14.40,9615396,158059264.00
2023/07/18,14.35,14.73,14.02,14.66,8944789,149121936.00
2023/07/19,14.66,14.89,14.42,14.75,5991512,101581064.00
2023/07/20,14.75,14.86,14.47,14.51,4517606,76534384.00
2023/07/21,14.62,15.89,14.60,15.13,14206219,248710624.00
2023/07/24,15.06,15.12,14.52,14.55,7190999,122029040.00
2023/07/25,14.77,15.60,14.72,15.33,10344693,180741168.00
2023/07/26,15.35,15.43,14.93,15.06,5304172,91989544.00
2023/07/27,15.11,15.37,14.79,14.79,3797666,65463012.00
2023/07/28,14.77,15.07,14.54,14.99,4503260,77187768.00
2023/07/31,15.11,16.01,15.07,15.49,12022922,215607216.00
2023/08/01,15.49,15.53,15.10,15.23,7424921,130100600.00
2023/08/02,15.17,15.32,14.94,15.31,7037799,122399280.00
2023/08/03,15.25,15.27,14.94,15.04,7533778,130473000.00
2023/08/04,15.07,15.28,14.80,14.83,6519357,112176344.00
2023/08/07,14.85,14.91,14.56,14.64,4886255,82693856.00
2023/08/08,14.64,14.75,14.35,14.39,4758401,79643928.00
2023/08/09,14.36,14.37,13.91,14.32,7484833,122916016.00
2023/08/10,14.21,14.28,13.82,14.01,5023928,81857904.00
2023/08/11,13.96,14.02,13.64,13.64,4903410,78906312.00
2023/08/14,13.48,13.51,13.14,13.47,6038606,94219208.00
2023/08/15,13.55,13.78,13.32,13.49,4665900,73756896.00
2023/08/16,13.41,13.60,13.23,13.23,4188300,65754240.00
2023/08/17,13.20,13.68,13.02,13.63,5485352,86244040.00
2023/08/18,13.68,13.90,13.32,13.35,4042574,64230948.00
2023/08/21,13.36,13.52,13.12,13.19,4707738,73540832.00
2023/08/22,13.41,13.82,12.64,12.97,9726697,147790384.00
2023/08/23,12.88,12.95,12.34,12.36,7719200,114919592.00
2023/08/24,12.32,12.52,12.11,12.24,8806973,128059344.00
2023/08/25,12.18,12.22,11.77,11.87,5641100,80266928.00
2023/08/28,12.64,12.78,12.12,12.15,9160544,135525408.00
2023/08/29,12.18,12.58,12.11,12.41,7966499,116530088.00
2023/08/30,12.46,12.75,12.39,12.50,6145719,91306544.00
2023/08/31,12.42,12.54,12.17,12.23,5529100,80561912.00
2023/09/01,12.22,12.38,12.04,12.18,4777604,68974264.00
2023/09/04,12.25,12.62,12.08,12.62,8951593,131338520.00
2023/09/05,12.60,12.77,12.50,12.63,6568455,97857696.00
2023/09/06,12.55,12.60,12.17,12.36,7444954,108619648.00
2023/09/07,12.40,12.40,11.77,11.84,7853431,111902592.00
2023/09/08,11.78,11.80,11.49,11.72,5202701,72571424.00
2023/09/11,11.78,12.42,11.67,12.35,9532783,137268464.00
2023/09/12,12.33,12.88,12.32,12.60,9034146,134407760.00
2023/09/13,12.59,12.66,11.99,12.14,7129900,103575512.00
2023/09/14,12.20,12.22,11.87,11.95,4468244,63772360.00
2023/09/15,11.98,12.23,11.86,11.99,4396800,62749088.00
2023/09/18,11.99,12.58,11.84,12.48,8152002,119250584.00
2023/09/19,12.46,12.48,12.15,12.28,4480064,65112372.00
2023/09/20,12.13,12.37,12.07,12.07,4060901,58675696.00
2023/09/21,12.07,12.16,11.87,11.94,4392529,62598572.00
2023/09/22,11.94,12.21,11.90,12.18,5710003,81983832.00
2023/09/25,12.14,12.20,11.79,11.93,5138895,72949704.00
2023/09/26,11.90,12.07,11.82,11.86,3113700,44248768.00
2023/09/27,11.84,12.10,11.65,11.92,4756448,67317072.00
2023/09/28,11.88,12.11,11.80,11.83,4650958,65938856.00
2023/10/09,11.83,11.97,11.64,11.95,5684366,80250592.00
2023/10/10,11.95,11.97,11.48,11.55,6106400,84988016.00
2023/10/11,11.69,11.82,11.56,11.59,4361100,60897732.00
2023/10/12,11.67,12.16,11.58,11.98,8059884,114431728.00
2023/10/13,11.89,12.11,11.66,11.77,6060049,85529624.00
2023/10/16,11.82,11.86,11.48,11.58,4948203,68720888.00
2023/10/17,11.57,11.63,11.30,11.38,5394779,73757464.00
2023/10/18,11.32,11.40,11.03,11.18,6412002,86459816.00
2023/10/19,11.14,11.16,10.86,10.89,5056007,67043912.00
2023/10/20,10.78,11.21,10.77,10.87,4595600,60939700.00
2023/10/23,10.88,10.92,10.37,10.43,5191764,66893548.00
2023/10/24,10.54,10.92,10.52,10.81,6889701,89638904.00
2023/10/25,10.97,11.37,10.92,11.13,6917000,92950216.00
2023/10/26,10.88,10.88,9.82,10.38,18797145,232594976.00
2023/10/27,10.22,10.82,10.18,10.71,13313600,171437008.00
2023/10/30,10.66,10.78,10.26,10.46,10497806,133240504.00
2023/10/31,10.37,10.60,10.23,10.34,7372273,93286304.00
2023/11/01,10.34,11.34,10.27,10.95,12878051,168834288.00
2023/11/02,10.85,11.31,10.81,10.87,10994286,146208064.00
2023/11/03,10.89,11.28,10.73,11.20,12088672,161592096.00
2023/11/06,11.20,11.45,11.16,11.40,9604070,130730640.00
2023/11/07,11.37,11.67,11.32,11.46,7344465,100874376.00
2023/11/08,11.42,11.48,11.27,11.40,5667954,77420328.00
2023/11/09,11.32,11.44,11.20,11.30,4587254,62320096.00
2023/11/10,11.27,11.37,10.99,11.12,4612700,61630868.00
2023/11/13,11.19,11.23,11.04,11.15,4295694,57518860.00
2023/11/14,11.15,11.30,11.07,11.27,3494345,47109960.00
2023/11/15,11.48,11.77,11.33,11.66,8144930,112814728.00
2023/11/16,11.60,11.93,11.55,11.74,9974181,140083968.00
2023/11/17,11.75,12.21,11.65,12.11,10492981,149767136.00
2023/11/20,12.10,12.16,11.85,12.14,9067367,129554320.00
2023/11/21,12.12,12.29,11.83,11.90,8757269,125704656.00
2023/11/22,11.82,11.97,11.48,11.50,7245905,101405200.00
2023/11/23,11.52,12.00,11.51,11.89,6457904,90954984.00
2023/11/24,11.85,11.91,11.48,11.55,5790510,80423832.00
2023/11/27,11.60,11.72,11.28,11.53,4753318,65390992.00
2023/11/28,11.49,11.71,11.38,11.71,4447370,61616300.00
2023/11/29,11.71,11.71,11.50,11.55,3306300,45870804.00
2023/11/30,11.52,11.57,11.12,11.25,4880688,66255152.00
2023/12/01,11.24,11.34,10.99,11.12,4639281,62062780.00
2023/12/04,11.12,11.19,10.92,10.93,4257699,56628112.00
2023/12/05,10.89,10.96,10.70,10.70,3952896,51794828.00
2023/12/06,10.73,11.11,10.70,10.85,5947271,78617616.00
2023/12/07,10.82,11.01,10.63,10.72,4632063,60253352.00
2023/12/08,10.70,10.78,10.40,10.41,4342763,55754264.00
2023/12/11,10.38,10.66,10.23,10.64,4493562,57244012.00
2023/12/12,10.63,10.70,10.53,10.64,2945900,37946792.00
2023/12/13,10.64,10.67,10.43,10.44,2865500,36659784.00
2023/12/14,10.52,10.66,10.27,10.32,3077714,39161036.00
2023/12/15,10.33,10.38,10.18,10.22,3611311,45372260.00
2023/12/18,10.13,10.24,9.96,9.97,3892518,47955384.00
2023/12/19,10.02,10.04,9.87,10.03,3140329,38424436.00
2023/12/20,10.02,10.04,9.76,9.76,4013000,48842732.00
2023/12/21,9.73,9.98,9.58,9.91,3784399,45708936.00
2023/12/22,9.95,10.07,9.74,9.80,4177219,50770404.00
2023/12/25,9.80,9.92,9.70,9.77,3702601,44667284.00
2023/12/26,9.77,9.79,9.55,9.60,2845600,33878324.00
2023/12/27,9.65,9.68,9.41,9.63,2948206,34834256.00
2023/12/28,9.61,10.15,9.52,10.07,6205500,75618240.00
2023/12/29,10.07,10.25,9.99,10.19,4359400,54277264.00
2024/01/02,10.19,10.45,10.18,10.26,4383800,55336564.00
2024/01/03,10.22,10.23,9.92,10.04,3589340,44243840.00
2024/01/04,10.04,10.11,9.90,10.00,2631901,32221242.00
2024/01/05,10.00,10.15,9.71,9.77,3700701,45180292.00
2024/01/08,9.83,9.84,9.31,9.32,4283800,50423848.00
2024/01/09,9.30,9.69,9.30,9.51,4141701,48750764.00
2024/01/10,9.49,9.62,9.28,9.46,2856900,33527218.00
2024/01/11,9.47,9.87,9.35,9.81,5156411,61552548.00
2024/01/12,9.83,9.99,9.75,9.76,3291000,39987780.00
2024/01/15,9.70,9.80,9.55,9.69,3092700,36975220.00
2024/01/16,9.75,9.81,9.51,9.74,3473800,41485956.00
2024/01/17,9.74,9.81,9.43,9.43,3685700,43964200.00
2024/01/18,9.40,9.42,8.96,9.34,5350602,61366804.00
2024/01/19,9.33,9.54,9.27,9.30,4409373,51456368.00
2024/01/22,9.30,9.30,8.53,8.59,5460743,61221060.00
2024/01/23,8.52,8.80,8.38,8.73,5732005,62544584.00
2024/01/24,8.68,8.91,8.39,8.89,4734605,51955028.00
2024/01/25,8.85,9.16,8.74,9.15,5320100,60114872.00
2024/01/26,9.12,9.26,8.94,8.97,4814613,54789576.00
2024/01/29,9.02,9.11,8.52,8.53,5175300,56898584.00
2024/01/30,8.44,8.73,8.22,8.23,4174385,44792904.00
2024/01/31,8.14,8.32,7.71,7.79,6817810,69628752.00
2024/02/01,7.73,7.90,7.49,7.59,5859442,58222540.00
2024/02/02,7.57,7.71,6.77,7.08,7525002,71411880.00
2024/02/05,7.02,7.12,6.17,6.65,10916923,97495048.00
2024/02/06,6.69,7.54,6.43,7.52,11139232,103987184.00
2024/02/07,7.50,8.27,7.47,8.05,12643939,129360016.00
2024/02/08,8.05,8.93,7.94,8.58,11262903,122975848.00
2024/02/19,8.78,9.07,8.52,8.64,8781947,96454144.00
2024/02/20,8.53,8.55,8.28,8.47,6192181,66296836.00
2024/02/21,8.44,9.10,8.33,8.78,10480601,116385552.00
2024/02/22,8.71,8.91,8.62,8.87,5246601,58145244.00
2024/02/23,8.87,9.10,8.73,9.07,6680480,74811488.00
2024/02/26,9.03,9.43,8.99,9.25,6840912,78662616.00
2024/02/27,9.32,9.91,9.25,9.91,9292418,110848824.00
2024/02/28,9.97,9.99,9.11,9.12,11569064,137394016.00
2024/02/29,9.11,9.59,8.92,9.59,7699400,89859216.00
2024/03/01,9.60,9.81,9.55,9.71,6445917,77031456.00
2024/03/04,9.73,9.73,9.32,9.61,5893820,69530784.00
2024/03/05,9.52,9.69,9.34,9.52,5070300,59796128.00
2024/03/06,9.46,9.83,9.38,9.74,6727725,80199664.00
2024/03/07,9.79,10.07,9.66,9.69,6650777,80681104.00
2024/03/08,9.58,10.63,9.58,10.51,15876101,197214096.00
2024/03/11,10.96,11.79,10.85,11.79,28489693,393658144.00
2024/03/12,11.92,12.07,11.40,11.86,20242228,283052480.00
2024/03/13,11.91,12.05,11.70,11.79,10823206,152931440.00
2024/03/14,11.72,11.87,11.05,11.17,13692298,187117280.00
2024/03/15,11.13,11.30,10.94,11.27,8596500,115154120.00
2024/03/18,11.37,11.48,11.13,11.29,8066351,109312560.00
2024/03/19,11.28,11.45,11.10,11.17,7566111,102231784.00
2024/03/20,11.16,11.32,11.08,11.27,6612721,89143552.00
2024/03/21,11.25,11.44,11.08,11.26,6655550,90017632.00
2024/03/22,11.22,11.24,10.77,10.79,10350149,136629856.00
2024/03/25,10.69,11.22,10.65,10.79,9782644,129573344.00
2024/03/26,10.79,11.15,10.73,11.09,7651371,101257536.00
2024/03/27,10.98,11.22,10.44,10.45,8009044,104567488.00
2024/03/28,10.42,10.94,10.42,10.74,5810401,75522824.00
2024/03/29,10.72,11.81,10.58,11.54,14745896,200411040.00
2024/04/01,11.89,12.35,11.72,12.05,16516217,236294784.00
2024/04/02,12.02,12.04,11.60,11.67,9311350,130771296.00
2024/04/03,11.60,11.60,11.07,11.21,7834706,106267376.00
2024/04/08,11.12,11.42,11.12,11.22,7073001,95854656.00
2024/04/09,11.22,11.39,11.12,11.34,4382600,59317660.00
2024/04/10,11.35,11.47,10.90,11.03,5479695,73398000.00
2024/04/11,10.89,11.61,10.79,11.28,7189013,96859360.00
2024/04/12,11.26,11.38,10.89,10.92,5087053,67968640.00
2024/04/15,10.99,11.05,10.44,10.82,5722934,74704616.00
2024/04/16,10.82,10.82,10.10,10.17,8255597,104056264.00
2024/04/17,10.37,11.42,10.37,11.42,13320455,178453408.00
2024/04/18,11.57,12.79,11.42,12.79,18774364,275511424.00
2024/04/19,12.73,13.90,12.58,13.52,36462353,566771904.00
2024/04/22,13.25,13.82,12.97,13.00,19482679,303032896.00
2024/04/23,12.90,13.91,12.90,13.68,23139024,366916288.00
2024/04/24,13.40,13.92,13.16,13.91,16192881,256324016.00
2024/04/25,13.92,13.93,13.25,13.30,11605050,182406800.00
2024/04/26,13.36,13.70,13.23,13.42,10484980,164482672.00
2024/04/29,13.88,14.99,13.88,14.99,21839755,370221952.00
2024/04/30,15.46,15.56,14.82,14.96,17733953,309521504.00
2024/05/06,14.87,16.14,14.87,16.08,20466245,369290016.00
2024/05/07,15.77,17.87,15.62,17.57,23225256,448258240.00
2024/05/08,17.23,18.17,17.02,17.63,15332221,305199328.00
2024/05/09,17.50,19.62,17.34,19.62,20888783,436418080.00
2024/05/10,19.65,21.77,19.07,19.72,29774113,663270912.00
2024/05/13,18.84,19.72,18.68,19.05,30012841,640614784.00
2024/05/14,18.51,21.18,18.32,20.52,32031467,716422016.00
2024/05/15,19.73,21.20,18.93,19.33,27142624,601430400.00
2024/05/16,18.91,19.28,18.73,18.90,18065236,382971232.00
2024/05/17,18.90,19.50,18.22,18.53,18821830,394716448.00
2024/05/20,17.83,19.41,17.77,19.35,21458979,452901440.00
2024/05/21,19.24,19.52,18.72,18.82,10411954,221945552.00
2024/05/22,18.72,18.72,17.42,17.81,23971456,481911360.00
2024/05/23,17.59,17.95,16.90,17.11,15279483,293067712.00
2024/05/24,17.11,17.51,17.06,17.09,14090408,269393856.00
2024/05/27,17.22,17.41,16.24,16.81,18621346,344554336.00
2024/05/28,16.72,17.11,16.54,16.61,12299247,229940288.00
2024/05/29,16.62,16.75,16.20,16.40,9922556,181135168.00
2024/05/30,16.42,16.52,16.18,16.23,9745400,177386848.00
2024/05/31,16.27,16.42,15.95,16.02,8859000,159448752.00
2024/06/03,16.11,16.81,15.96,16.40,15647674,286524000.00
2024/06/04,16.49,16.96,16.12,16.70,21453200,396598176.00
2024/06/05,16.49,16.87,16.08,16.08,13984745,255956784.00
2024/06/06,16.00,16.21,15.44,15.55,16900800,297458528.00
2024/06/07,15.65,15.92,15.04,15.29,11728583,201531952.00
2024/06/11,15.14,15.67,14.91,15.50,12866900,222330992.00
2024/06/12,15.43,15.58,15.20,15.46,9924201,171439264.00
2024/06/13,15.34,15.50,15.01,15.15,8209722,140171616.00
2024/06/14,15.01,15.31,14.87,15.12,7045419,119363704.00
2024/06/17,15.04,15.90,15.04,15.75,20322061,357182944.00
2024/06/18,15.69,16.08,15.48,15.80,18496098,326353024.00
2024/06/19,15.91,15.91,15.39,15.46,11145458,193630832.00
2024/06/20,15.54,15.57,14.92,14.95,9418100,160495072.00
2024/06/21,14.77,15.42,14.74,15.10,9859500,167886144.00
2024/06/24,15.08,15.14,14.12,14.15,11301610,184866160.00
2024/06/25,14.29,14.52,14.07,14.23,11423900,184761296.00
2024/06/26,14.25,14.39,13.97,14.30,8729277,140286256.00
2024/06/27,14.24,14.30,13.74,13.74,10937500,173093152.00
2024/06/28,13.77,14.20,13.70,13.88,8593013,136417728.00
2024/07/01,13.94,14.30,13.72,14.17,6987800,110859456.00
2024/07/02,14.10,14.22,13.60,13.70,7581254,118779488.00
2024/07/03,13.70,13.76,13.32,13.36,6857800,105310936.00
2024/07/04,13.45,13.59,13.16,13.18,6457500,98595264.00
2024/07/05,13.16,13.39,12.92,13.29,5501674,82795280.00
2024/07/08,13.25,13.34,13.01,13.04,6140000,92435424.00
2024/07/09,13.05,13.74,12.93,13.68,10327896,157476992.00
2024/07/10,13.64,13.93,13.57,13.65,7262650,113552000.00
2024/07/11,13.84,13.95,13.63,13.93,7998356,125659424.00
2024/07/12,13.85,13.94,13.64,13.91,5905510,92521008.00
2024/07/15,13.87,13.90,13.64,13.73,4753074,74199440.00
2024/07/16,13.77,13.80,13.44,13.62,4898300,75753208.00
2024/07/17,13.62,13.67,12.87,12.94,7781835,116500592.00
2024/07/18,12.78,13.09,12.62,12.98,6078250,89606712.00
2024/07/19,13.06,13.13,12.82,12.83,4018009,59525472.00
2024/07/22,12.78,12.88,12.52,12.63,5012796,73005000.00
2024/07/23,12.58,12.70,12.18,12.19,6176099,88519336.00
2024/07/24,12.22,12.32,11.65,11.72,9000078,124264504.00
2024/07/25,11.72,12.02,11.45,11.84,8033957,109698088.00
2024/07/26,12.02,13.21,11.97,13.21,14078929,208022144.00
2024/07/29,13.72,14.71,13.22,14.27,40146007,631415680.00
2024/07/30,14.32,14.43,13.70,14.12,25672753,409373088.00
2024/07/31,14.07,14.89,13.84,14.80,20283188,331888640.00
2024/08/01,14.70,15.10,14.58,14.78,15421134,256690640.00
2024/08/02,14.65,14.72,14.03,14.12,13155410,213752592.00
2024/08/05,14.03,14.37,13.39,13.40,13816210,216924128.00
2024/08/06,13.52,13.76,13.29,13.52,8535089,131245184.00
2024/08/07,13.53,13.98,13.35,13.44,9399040,145486656.00
2024/08/08,13.35,13.52,12.87,13.24,10412257,156594064.00
2024/08/09,13.28,14.21,13.28,13.57,13265477,207577712.00
2024/08/12,13.32,13.51,13.11,13.25,7358451,111364936.00
2024/08/13,13.21,13.64,13.09,13.35,6843376,104212016.00
2024/08/14,13.37,13.45,13.08,13.10,4152100,62406840.00
2024/08/15,13.09,13.35,12.87,13.03,5812099,87224808.00
2024/08/16,13.00,13.16,12.60,12.63,8002500,117882672.00
2024/08/19,12.69,13.17,12.60,12.72,9074400,134233152.00
2024/08/20,12.73,12.88,12.37,12.45,5170457,74217408.00
2024/08/21,12.36,12.55,12.33,12.50,3234200,46334440.00
2024/08/22,12.54,12.56,12.25,12.34,3936700,56226632.00
2024/08/23,12.29,12.49,12.23,12.35,3552872,50593192.00
2024/08/26,12.36,12.73,12.30,12.71,6086072,88019232.00
2024/08/27,12.74,12.82,12.47,12.63,7327700,106315112.00
2024/08/28,13.03,14.08,13.02,14.08,14960041,234864288.00
2024/08/29,14.08,14.59,13.92,14.52,22720799,367956480.00
2024/08/30,14.37,14.76,14.36,14.55,17019621,280672640.00
2024/09/02,14.76,14.81,14.31,14.37,10035600,164937728.00
2024/09/03,14.05,14.40,14.05,14.17,8003168,128569888.00
2024/09/04,14.05,14.40,13.87,14.13,6176140,98763608.00
2024/09/05,14.21,14.43,14.15,14.27,6944060,112109336.00
2024/09/06,14.22,14.31,13.57,13.61,7590500,119382432.00
2024/09/09,13.61,13.91,13.45,13.73,7619500,118888472.00
2024/09/10,13.74,14.21,13.50,14.12,8041500,126923944.00
2024/09/11,14.12,14.56,13.90,14.51,9144800,148493408.00
2024/09/12,14.48,15.22,14.43,14.62,12468064,208460320.00
2024/09/13,14.52,14.93,14.49,14.51,6890499,113876208.00
2024/09/18,14.45,14.92,14.38,14.83,7947500,131720816.00
2024/09/19,14.94,15.50,14.63,15.14,16255111,276316064.00
2024/09/20,15.09,15.47,14.86,15.07,10091624,171564048.00
2024/09/23,14.98,15.35,14.57,14.62,10535261,176588960.00
2024/09/24,14.75,14.96,14.00,14.36,20811200,336427168.00
2024/09/25,14.42,14.88,14.27,14.36,17166100,282219840.00
2024/09/26,14.26,15.16,14.19,15.16,15651295,259877808.00
2024/09/27,15.59,16.35,15.33,15.95,17260998,305144160.00
2024/09/30,16.59,17.47,16.17,17.32,20991604,393440480.00
2024/10/08,19.11,19.12,16.57,18.85,32198874,634862976.00
2024/10/09,17.84,17.84,16.78,16.78,24852501,469108096.00
2024/10/10,16.61,17.08,16.00,16.54,18970748,350873472.00
2024/10/11,16.48,16.60,15.87,16.02,11949978,215880608.00
2024/10/14,16.09,17.22,15.83,16.99,15094910,279545248.00
2024/10/15,16.85,16.90,15.77,15.78,18515195,334721600.00
2024/10/16,15.29,15.69,15.23,15.61,9726793,168815296.00
2024/10/17,15.60,16.02,15.38,15.42,8752700,154017696.00
2024/10/18,15.54,16.46,15.52,16.15,15855849,285166080.00
2024/10/21,16.07,16.56,15.92,16.17,12767678,231318128.00
2024/10/22,16.02,16.67,16.02,16.48,9673267,177413920.00
2024/10/23,16.49,16.91,16.30,16.61,9768800,180869872.00
2024/10/24,16.60,16.80,16.20,16.28,7747800,141745936.00
2024/10/25,16.31,16.66,16.28,16.61,7320500,134617792.00
2024/10/28,16.60,16.78,16.14,16.71,8799601,161695616.00
2024/10/29,16.48,16.58,15.74,15.82,15565000,279088352.00
2024/10/30,16.02,16.18,15.63,15.90,8984768,159316512.00
2024/10/31,15.88,16.18,15.68,15.92,10517900,183166016.00
2024/11/01,15.96,15.96,15.26,15.26,11880861,201701680.00
2024/11/04,15.25,15.83,15.21,15.68,6874685,117594192.00
2024/11/05,15.68,15.97,15.30,15.87,9807900,169062768.00
2024/11/06,15.99,16.55,15.79,16.14,13977087,247789856.00
2024/11/07,16.08,16.54,15.80,16.43,9362794,166483008.00
2024/11/08,16.41,16.83,16.16,16.22,10722100,192949200.00
2024/11/11,16.12,17.55,16.06,17.20,17894601,331730560.00
2024/11/12,17.29,17.96,16.94,17.20,14686457,278091232.00
2024/11/13,17.08,17.17,16.44,16.77,11095864,202180480.00
2024/11/14,16.76,16.83,16.02,16.13,7913000,141760064.00
2024/11/15,16.06,16.68,15.92,15.94,9020902,160600208.00
2024/11/18,15.90,16.10,15.44,15.56,8543300,147127968.00
2024/11/19,15.57,16.07,15.57,16.06,7629867,132276176.00
2024/11/20,15.91,16.14,15.51,15.85,8810600,151980128.00
2024/11/21,15.77,15.98,15.47,15.70,7087799,122149512.00
2024/11/22,15.60,15.70,14.90,14.90,8752000,146868096.00
2024/11/25,15.00,15.20,14.75,15.12,6208216,102455952.00
2024/11/26,14.98,15.14,14.78,14.98,5286082,86981616.00
2024/11/27,14.90,15.08,14.56,15.08,6692190,109174208.00
2024/11/28,14.98,15.10,14.78,14.82,5187900,84937600.00
2024/11/29,14.73,15.24,14.66,14.99,6047401,99725528.00
2024/12/02,15.10,15.66,14.95,15.56,9119086,153798016.00
2024/12/03,15.70,15.71,15.31,15.45,5957800,101034928.00
2024/12/04,15.38,15.50,15.16,15.31,5229400,87945368.00
2024/12/05,15.25,15.52,14.96,15.28,7023735,117157360.00
2024/12/06,15.23,15.48,14.97,15.45,7235500,121349912.00
2024/12/09,15.45,15.65,15.32,15.52,5606400,95188552.00
2024/12/10,16.04,16.06,15.52,15.58,7782994,134629616.00
2024/12/11,15.58,15.70,15.45,15.56,5700566,97375184.00
2024/12/12,15.59,15.82,15.40,15.76,6229700,106332432.00
2024/12/13,15.72,15.72,15.20,15.25,6537900,110300576.00
2024/12/16,15.25,15.31,14.76,14.85,5719466,94117376.00
2024/12/17,14.81,16.13,14.76,15.67,15600300,265752096.00
2024/12/18,15.61,16.43,15.61,15.78,13747301,241168912.00
2024/12/19,15.61,15.80,15.44,15.72,7807992,133607816.00
2024/12/20,15.70,16.06,15.60,15.81,7061800,122548216.00
2024/12/23,15.81,15.96,15.27,15.32,6819370,116364784.00
2024/12/24,15.40,16.93,15.33,16.65,21011139,374897280.00
2024/12/25,16.45,16.77,16.08,16.63,13060836,233886112.00
2024/12/26,16.58,16.80,16.41,16.65,10221219,184795328.00
2024/12/27,16.65,17.28,16.52,16.93,15041391,275932032.00
2024/12/30,16.86,17.07,16.44,16.55,10646526,193825952.00
2024/12/31,16.53,16.83,16.31,16.51,10466767,188949216.00
2025/01/02,16.45,16.83,16.01,16.20,10350286,185368608.00
2025/01/03,16.30,17.12,16.22,16.74,15506533,280918624.00
2025/01/06,16.53,16.98,16.12,16.48,15375834,276838528.00
2025/01/07,16.36,17.61,16.23,17.52,22728227,424753536.00
2025/01/08,17.30,17.48,16.87,17.38,16808823,314390816.00
2025/01/09,17.15,17.30,16.77,16.89,13177100,243569600.00
2025/01/10,16.80,16.81,15.52,15.52,15313572,270103968.00
2025/01/13,14.86,15.52,14.58,14.98,11774707,195400208.00
2025/01/14,15.08,16.15,14.90,16.09,12609400,217020848.00
2025/01/15,15.85,16.36,15.83,15.94,8135912,143120624.00
2025/01/16,16.10,16.50,16.04,16.22,7660068,136029184.00
2025/01/17,16.16,17.24,16.10,17.19,13992505,256755984.00
2025/01/20,17.32,17.83,17.20,17.29,12865737,243801152.00
2025/01/21,17.34,17.73,16.92,17.63,9549708,180638992.00
2025/01/22,17.75,18.60,17.62,18.21,18472516,362833088.00
2025/01/23,18.11,18.59,17.87,18.00,12178173,239970512.00
2025/01/24,17.88,18.45,17.88,18.24,8361700,164741328.00
2025/01/27,18.26,18.60,18.13,18.42,7468187,148570848.00
2025/02/05,18.38,18.61,18.05,18.16,7618000,150573728.00
2025/02/06,18.14,18.76,18.10,18.37,8301300,164757072.00
2025/02/07,18.35,18.42,17.90,18.14,8718652,171574880.00
2025/02/10,18.21,18.24,17.54,17.95,8268082,160636208.00
2025/02/11,18.07,18.84,17.86,18.62,9658041,192456272.00
2025/02/12,18.44,18.58,18.15,18.32,6647699,131897416.00
2025/02/13,18.33,18.33,17.71,17.77,6174647,120119456.00
2025/02/14,17.70,18.25,17.70,17.88,5244641,102024648.00
2025/02/17,17.79,18.17,17.71,17.92,5772833,112097064.00
2025/02/18,17.85,18.15,17.55,17.70,4998348,96755272.00
2025/02/19,17.69,17.93,17.60,17.85,4633327,89380120.00
2025/02/20,17.89,18.16,17.70,17.90,5274759,102213216.00
2025/02/21,17.91,18.10,17.72,17.88,5165407,100137360.00
2025/02/24,17.82,17.89,17.34,17.40,7330256,139837008.00
2025/02/25,17.20,17.43,17.06,17.17,4569099,85508888.00
2025/02/26,17.20,17.44,16.93,17.11,5545968,103725248.00
2025/02/27,17.11,17.15,16.60,16.86,6248414,114694672.00
2025/02/28,16.86,16.93,16.44,16.55,6024514,109401200.00
2025/03/03,16.60,16.98,16.51,16.69,5666901,103720944.00
2025/03/04,16.56,17.02,16.56,16.73,5453973,100020528.00
2025/03/05,16.72,17.08,16.69,16.85,4556100,83808192.00
2025/03/06,17.00,17.25,16.89,16.97,5626889,104286088.00
2025/03/07,16.90,17.09,16.68,16.82,5132061,94244360.00
2025/03/10,16.80,16.88,16.57,16.69,4046987,73583040.00
2025/03/11,16.61,16.88,16.41,16.88,4232685,76951552.00
2025/03/12,16.92,17.13,16.83,17.00,5104200,94480680.00
2025/03/13,16.89,17.01,16.62,16.88,3220833,58893676.00
2025/03/14,16.72,17.49,16.72,17.38,5534001,103036560.00
2025/03/17,17.38,17.65,17.07,17.61,5783267,109567824.00
2025/03/18,17.63,17.71,17.29,17.36,7341596,139137536.00
2025/03/19,17.33,17.41,17.09,17.25,3513800,65844016.00
2025/03/20,17.23,17.37,17.12,17.15,3524686,66038924.00
2025/03/21,17.05,17.14,16.49,16.51,5832634,106413320.00
2025/03/24,16.51,16.95,16.46,16.59,8010656,145544272.00
2025/03/25,16.59,16.80,16.17,16.38,6301900,112861688.00
2025/03/26,16.31,16.55,16.22,16.45,4853600,86776288.00
2025/03/27,16.36,16.64,16.34,16.44,3595000,64708772.00
2025/03/28,16.40,16.57,16.31,16.47,3929601,70592944.00
2025/03/31,16.39,16.75,16.28,16.64,6638801,119811456.00
2025/04/01,16.60,16.85,16.38,16.44,7104300,128504888.00
2025/04/02,16.41,16.50,16.30,16.37,4675482,83672304.00
2025/04/03,16.18,16.39,15.63,15.65,8997934,155667952.00
2025/04/07,14.70,14.98,13.94,13.94,8145172,127144552.00
2025/04/08,13.94,14.10,13.36,13.93,10634087,160757552.00
2025/04/09,13.57,14.10,12.89,13.92,8392928,127005064.00
2025/04/10,14.50,15.10,14.50,14.64,7881742,128359016.00
2025/04/11,14.43,15.07,14.43,14.85,5381990,87957792.00
2025/04/14,15.18,15.59,14.88,14.94,8587201,142975888.00
2025/04/15,14.94,15.06,14.62,15.06,4896101,80319064.00
2025/04/16,15.06,15.06,14.44,14.61,5001800,80762880.00
2025/04/17,14.48,14.84,14.48,14.74,2346701,38128596.00
2025/04/18,14.66,15.08,14.61,14.94,3230900,52822908.00
2025/04/21,14.94,15.75,14.72,15.71,7394713,124044344.00
2025/04/22,14.78,14.85,14.05,14.34,23641290,373146144.00
2025/04/23,14.30,14.70,14.25,14.36,12794025,203863632.00
2025/04/24,14.37,14.46,14.08,14.20,6250422,98528928.00
2025/04/25,14.27,14.33,14.12,14.14,4729910,74316432.00
2025/04/28,14.05,14.54,13.64,13.67,7221868,111387568.00
2025/04/29,13.58,13.80,13.44,13.50,5914550,89166208.00
2025/04/30,13.55,13.75,13.47,13.65,6159790,93014328.00
2025/05/06,13.66,14.20,13.66,14.14,7389438,114605880.00
2025/05/07,14.33,14.57,14.02,14.16,5631122,88646072.00
2025/05/08,14.15,14.75,14.11,14.50,8231045,131878928.00
2025/05/09,14.50,14.50,14.00,14.22,6097400,95719064.00
2025/05/12,14.40,14.65,14.32,14.54,5957024,95228040.00
2025/05/13,14.70,14.70,14.32,14.37,4989316,79474496.00
2025/05/14,14.31,14.59,14.25,14.43,5920018,94243784.00
2025/05/15,14.40,14.49,14.23,14.26,4307519,68139512.00
2025/05/16,14.26,14.50,14.19,14.37,3646538,57911168.00
2025/05/19,14.46,14.95,14.15,14.79,10463548,168428496.00
2025/05/20,14.81,14.81,14.46,14.58,8353188,134251248.00
2025/05/21,14.55,14.55,14.34,14.36,6033077,96004800.00
2025/05/22,14.32,14.45,14.13,14.15,5406190,85331248.00
2025/05/23,14.10,14.40,14.06,14.06,5458293,85826008.00
2025/05/26,14.11,14.12,13.59,13.75,8594667,131364976.00
2025/05/27,13.74,13.79,13.52,13.65,4040723,61072096.00
2025/05/28,13.69,14.22,13.67,13.96,8469558,131002440.00
2025/05/29,14.04,14.27,14.00,14.08,5781100,87939664.00
2025/05/30,14.10,14.10,13.85,13.88,4027700,60551052.00
2025/06/03,13.78,13.84,13.61,13.67,5211254,77093184.00
2025/06/04,13.70,14.80,13.61,14.48,19575912,302367232.00
2025/06/05,14.48,15.13,14.21,14.95,15251403,242114864.00
2025/06/06,14.95,15.06,14.69,14.70,8024398,127815880.00
2025/06/09,14.69,14.79,14.53,14.57,5044666,79284544.00
2025/06/10,14.61,15.04,14.31,14.45,7742692,121522136.00
2025/06/11,14.45,14.73,14.42,14.48,4590579,71776112.00
2025/06/12,14.40,14.46,14.22,14.41,3917977,60621720.00
2025/06/13,14.40,14.47,14.01,14.03,5045637,76886304.00
2025/06/16,14.11,14.23,13.99,14.10,5811919,88418616.00
2025/06/17,14.26,14.29,13.98,14.07,3641808,55319704.00
2025/06/18,14.09,14.40,13.96,14.04,5124266,77994456.00
2025/06/19,14.00,14.14,13.89,13.89,5405700,81474864.00
2025/06/20,13.89,13.98,13.73,13.77,3459400,51544384.00
2025/06/23,13.64,13.72,13.45,13.68,5364506,78806936.00
2025/06/24,13.72,13.94,13.72,13.92,6809225,101963448.00
2025/06/25,13.93,14.00,13.71,13.99,5657600,84744112.00
2025/06/26,14.00,14.04,13.80,13.80,6182500,92611048.00
2025/06/27,13.77,14.02,13.74,13.82,5964001,89494768.00
2025/06/30,13.83,13.92,13.77,13.90,4677302,70034456.00
2025/07/01,13.91,14.25,13.87,14.15,6514488,99096224.00
2025/07/02,14.16,14.16,13.96,14.06,4866604,73667512.00
2025/07/03,14.13,15.58,14.07,15.58,24031002,385506272.00
2025/07/04,15.55,15.59,15.02,15.15,23373235,382734816.00
2025/07/07,15.05,15.13,14.81,15.03,14573652,233508544.00
2025/07/08,14.93,15.02,14.78,14.99,10112640,161988624.00
2025/07/09,14.97,15.01,14.73,14.78,10234971,163354416.00
2025/07/10,14.79,15.37,14.62,14.99,12770374,205981392.00
2025/07/11,14.95,15.35,14.95,15.07,10887300,176446624.00
2025/07/14,15.08,15.47,14.96,15.22,10444600,170710576.00
2025/07/15,15.18,15.86,15.10,15.56,19209300,319629088.00
2025/07/16,15.60,15.81,15.17,15.27,15318300,252706080.00
2025/07/17,15.12,15.25,14.98,15.03,11009933,177910176.00
2025/07/18,15.01,15.04,14.83,14.91,8353406,133572368.00
2025/07/21,14.87,15.15,14.86,15.10,8279542,133302920.00
2025/07/22,15.06,15.09,14.92,15.03,6592901,106096776.00
2025/07/23,15.07,15.48,14.93,15.01,7932160,128665304.00
2025/07/24,14.94,15.18,14.92,15.16,6789449,109635256.00
2025/07/25,15.16,15.70,15.11,15.35,12974167,213847536.00
2025/07/28,15.35,15.40,15.00,15.06,8541604,138648048.00
2025/07/29,15.06,15.18,14.84,15.06,6343699,102072952.00
2025/07/30,15.06,15.43,14.84,15.33,12239958,199132384.00
2025/07/31,15.29,15.38,15.01,15.01,9316864,151720240.00
2025/08/01,15.01,15.35,14.90,14.94,6588205,106307744.00
2025/08/04,14.87,15.29,14.75,15.08,5615711,90707152.00
2025/08/05,15.17,15.55,15.11,15.41,9835199,161786816.00
2025/08/06,15.41,15.55,15.31,15.48,7899776,130755000.00
2025/08/07,15.48,15.54,15.26,15.43,6732370,110765976.00
2025/08/08,15.40,15.82,15.31,15.59,8867260,148057520.00
2025/08/11,15.63,16.35,15.56,16.10,13282855,226796736.00
2025/08/12,16.07,16.46,15.96,16.31,12306971,213151776.00
2025/08/13,16.26,16.35,16.00,16.16,8964500,154403248.00
2025/08/14,16.17,16.25,15.62,15.65,10600391,179493616.00
2025/08/15,15.62,16.34,15.62,16.11,9091484,155570624.00
2025/08/18,16.08,16.19,15.82,15.94,9175629,156393488.00
2025/08/19,15.96,16.07,15.75,15.82,8211267,139526688.00
2025/08/20,15.82,16.33,15.60,16.25,10742700,183969632.00
2025/08/21,16.20,16.37,16.08,16.31,8542618,148232688.00
2025/08/22,16.30,16.35,16.03,16.13,7426497,128033136.00
2025/08/25,16.16,16.24,15.86,16.02,9875786,168917728.00
2025/08/26,15.91,16.18,15.81,16.16,10057831,172499312.00
2025/08/27,16.26,16.68,15.72,15.74,13984460,243017392.00
2025/08/28,15.75,16.28,15.52,16.05,10908039,185282160.00
2025/08/29,15.95,16.23,15.82,15.89,6739600,115334568.00
2025/09/01,15.90,15.97,15.68,15.71,6838465,115572576.00
2025/09/02,15.73,15.73,15.31,15.65,8151929,135415792.00
2025/09/03,15.70,16.30,15.61,15.79,15470800,264473344.00
2025/09/04,15.78,16.10,15.48,15.78,11345173,192136768.00
2025/09/05,15.78,16.38,15.76,16.23,16183237,278630016.00
2025/09/08,16.10,16.43,15.99,16.40,13583766,235296704.00
2025/09/09,16.40,18.15,16.39,17.78,42499134,798948544.00
2025/09/10,17.77,18.30,17.55,17.96,30527517,577779840.00
2025/09/11,17.80,18.00,17.40,17.80,18197981,342201248.00
2025/09/12,17.79,17.81,17.25,17.28,14821494,267645984.00
2025/09/15,17.27,17.46,17.04,17.10,10850701,193170320.00
2025/09/16,17.10,17.18,16.88,17.12,11571900,203707136.00
2025/09/17,17.11,17.58,16.92,17.30,12215207,218141808.00
2025/09/18,17.31,17.42,16.75,17.00,13445025,237891264.00
2025/09/19,16.92,16.98,16.62,16.70,8390295,145606528.00
2025/09/22,16.70,16.78,16.38,16.53,6958800,119207576.00
2025/09/23,16.51,16.57,16.18,16.47,7215985,122440384.00
2025/09/24,16.41,16.59,16.31,16.55,6326807,108033240.00
2025/09/25,16.55,16.64,16.20,16.27,7492800,127181576.00
2025/09/26,16.28,16.47,16.20,16.21,6040700,102207264.00
2025/09/29,16.22,16.35,16.05,16.27,5695242,95821672.00
2025/09/30,16.35,16.70,16.23,16.47,8875308,151891920.00
2025/10/09,16.52,16.82,16.19,16.58,9681500,164536480.00
2025/10/10,16.55,17.25,16.50,17.10,13930128,245723760.00
2025/10/13,16.51,16.88,16.23,16.65,8660100,149038528.00
2025/10/14,16.79,17.10,16.69,16.90,8237042,144064304.00
2025/10/15,16.94,17.20,16.79,17.07,5904276,103797600.00
2025/10/16,17.08,17.64,16.86,16.88,10724824,191193184.00
2025/10/17,16.84,16.85,15.96,15.96,11945411,202086096.00
2025/10/20,16.16,16.26,15.98,16.17,5547300,92666984.00
2025/10/21,16.10,16.33,16.07,16.15,4048151,68057216.00
2025/10/22,16.09,16.30,15.88,15.91,4754058,79011072.00
2025/10/23,15.89,16.23,15.79,16.19,4821393,79892232.00
2025/10/24,16.25,16.35,16.09,16.17,4305976,72315448.00
2025/10/27,15.75,16.06,15.50,15.58,13471998,219224944.00
2025/10/28,15.52,15.63,15.34,15.41,7315811,117340296.00
2025/10/29,15.40,15.45,15.15,15.33,5993500,95046944.00
2025/10/30,15.35,15.48,15.21,15.26,5608518,89482992.00
2025/10/31,15.23,15.47,15.23,15.45,4423485,70822824.00
2025/11/03,15.48,15.50,15.19,15.36,5769500,91790968.00
2025/11/04,15.35,15.44,15.21,15.27,3617109,57488984.00
2025/11/05,15.19,15.33,15.10,15.27,3026710,47858104.00
2025/11/06,15.26,15.46,15.23,15.39,3624850,57930940.00
2025/11/07,15.42,15.43,15.30,15.30,3042148,48500568.00
2025/11/10,15.23,15.74,15.23,15.65,5994706,96586440.00
2025/11/11,15.62,15.85,15.58,15.65,4289780,69964056.00
2025/11/12,15.60,15.90,15.51,15.82,5152552,84115376.00
2025/11/13,15.82,15.86,15.69,15.74,3559001,58171964.00
2025/11/14,15.74,15.86,15.60,15.60,2828534,46258056.00
2025/11/17,15.59,15.60,15.21,15.28,5081300,80923320.00
2025/11/18,15.20,15.28,15.00,15.08,4286800,67248968.00
2025/11/19,15.09,15.38,15.07,15.21,3663450,57945148.00
2025/11/20,15.22,15.28,14.83,14.84,3740600,58254220.00
2025/11/21,14.89,14.98,14.60,14.60,4435710,68086288.00
2025/11/24,14.67,14.89,14.50,14.79,3362500,51458544.00
2025/11/25,14.85,14.93,14.68,14.69,2925400,44965892.00
2025/11/26,14.70,14.78,14.63,14.68,2255748,34508132.00
2025/11/27,15.25,15.80,15.18,15.31,12291466,198074224.00
2025/11/28,15.28,15.33,15.03,15.06,4467000,70186840.00
2025/12/01,15.03,15.48,15.00,15.39,4754100,75544736.00
2025/12/02,15.38,15.39,15.08,15.20,2699500,42609180.00
2025/12/03,15.49,15.49,15.14,15.23,3135000,49764896.00
2025/12/04,15.23,15.28,15.06,15.08,2137400,33579784.00
2025/12/05,14.99,15.42,14.99,15.32,3641000,57780688.00
2025/12/08,15.33,15.33,15.09,15.18,3136066,49506824.00
2025/12/09,15.12,15.17,14.82,14.85,3981352,62092088.00
2025/12/10,14.84,15.22,14.78,15.10,3264201,50998452.00
2025/12/11,15.08,15.14,14.72,14.78,3106000,48127592.00
2025/12/12,14.83,14.87,14.62,14.66,3356000,51453212.00
2025/12/15,14.70,14.79,14.62,14.73,2258400,34596376.00
2025/12/16,14.78,14.78,14.46,14.49,3092991,46899900.00
2025/12/17,14.49,14.87,14.41,14.79,3420882,52349160.00
2025/12/18,14.79,14.79,14.58,14.70,3183100,48571280.00
2025/12/19,14.70,14.90,14.66,14.78,3194736,49210036.00
2025/12/22,14.78,14.82,14.65,14.68,3991805,61152428.00
2025/12/23,14.72,14.72,14.47,14.49,3483907,52752376.00
2025/12/24,14.50,14.60,14.45,14.51,3061400,46283848.00
2025/12/25,14.53,14.78,14.45,14.69,4232713,64619416.00
2025/12/26,14.73,14.74,14.54,14.56,3360200,51155908.00
2025/12/29,14.59,15.19,14.56,15.13,10366586,162063248.00
2025/12/30,14.85,15.20,14.85,15.05,4736310,74153512.00
2025/12/31,15.11,15.12,14.81,14.82,3890800,60370024.00
2026/01/05,14.82,14.96,14.67,14.82,6393444,98561312.00
2026/01/06,14.82,15.07,14.78,14.91,4895300,76009800.00
2026/01/07,14.92,14.95,14.78,14.85,4393314,67920160.00
2026/01/08,14.84,15.04,14.78,14.96,4132625,64094404.00
2026/01/09,14.97,15.16,14.87,15.03,5898252,92117720.00
2026/01/12,15.00,15.21,14.88,15.21,7614738,119051704.00
2026/01/13,15.20,15.52,15.19,15.27,8428000,134172360.00
2026/01/14,15.35,15.54,15.14,15.28,7777504,123915408.00
2026/01/15,15.18,16.00,15.18,15.50,9002714,145907200.00
2026/01/16,15.51,15.78,15.41,15.51,7969073,129188376.00
2026/01/19,15.51,15.70,15.48,15.53,5721600,92475160.00
2026/01/20,15.53,15.65,15.25,15.37,5118862,81900256.00
2026/01/21,15.45,15.60,15.28,15.43,5662617,90962944.00
2026/01/22,15.45,15.49,15.23,15.36,5396548,85932840.00
2026/01/23,15.35,15.42,15.29,15.37,6111219,97443960.00
2026/01/26,15.36,15.36,15.01,15.12,7509453,118057104.00
2026/01/27,15.01,15.15,14.77,14.96,5931100,91971104.00
2026/01/28,14.90,14.98,14.71,14.77,5221700,80384672.00
2026/01/29,15.00,15.20,14.86,15.06,11782462,184542640.00
2026/01/30,15.00,15.23,14.88,15.05,8756421,137199392.00
2026/02/02,15.05,15.52,15.02,15.19,12582737,201133808.00
2026/02/03,15.19,15.42,14.83,14.96,10744138,168280160.00
2026/02/04,14.96,15.07,14.81,15.05,5122167,79749136.00
2026/02/05,14.98,15.31,14.91,15.15,5762320,90891424.00
2026/02/06,15.05,15.33,15.01,15.16,4600446,72832544.00
2026/02/09,15.32,15.35,15.05,15.14,5759949,90665984.00
2026/02/10,15.11,15.12,14.83,14.91,6985176,108557720.00
2026/02/11,14.89,14.95,14.85,14.93,3668362,56905908.00
2026/02/12,14.93,14.97,14.87,14.88,3376900,52351612.00
2026/02/13,14.85,14.99,14.78,14.81,3527200,54664472.00
2026/02/24,14.97,15.12,14.86,14.98,6181772,96638576.00
2026/02/25,15.02,15.28,15.00,15.12,4977400,78572808.00
2026/02/26,15.12,15.25,14.88,14.95,4268800,66422728.00
2026/02/27,14.90,15.29,14.90,15.25,6195756,97704512.00
2026/03/02,15.10,15.18,14.93,15.05,4911400,76826544.00
2026/03/03,15.05,15.17,14.56,14.59,6163774,94993168.00
2026/03/04,14.51,14.57,14.17,14.44,5115400,76634128.00
2026/03/05,14.60,14.60,14.32,14.38,3372730,50660376.00
2026/03/06,14.35,15.04,14.30,14.88,7408496,114185408.00
2026/03/09,14.76,15.57,14.74,15.23,10472793,166408080.00
2026/03/10,15.26,15.52,15.03,15.36,7485400,118960720.00
2026/03/11,15.38,15.84,15.27,15.54,14074674,228540768.00
2026/03/12,15.54,15.70,15.40,15.45,6942300,111947768.00
2026/03/13,15.38,15.55,15.27,15.31,5411970,86693280.00
2026/03/16,15.27,15.44,15.15,15.42,6041700,96222528.00
2026/03/17,15.35,15.73,15.25,15.34,5980964,96250992.00
2026/03/18,15.31,15.41,14.98,15.18,4458278,70142912.00
2026/03/19,15.03,15.29,14.73,14.83,4115700,64166728.00
2026/03/20,14.85,14.97,14.30,14.31,6192200,93561224.00
2026/03/23,14.16,14.17,13.28,13.41,10073058,143754592.00
2026/03/24,13.64,13.79,13.40,13.78,5175631,73307664.00
2026/03/25,13.79,13.98,13.68,13.90,3898700,56423404.00
2026/03/26,13.88,14.01,13.52,13.61,3924986,56158044.00
2026/03/27,13.49,13.70,13.40,13.66,4061000,57690260.00
2026/03/30,14.12,14.65,14.00,14.55,10942615,163086464.00
2026/03/31,14.40,16.07,14.28,16.07,33870411,549072960.00
2026/04/01,15.91,15.91,15.01,15.25,35433545,562539264.00
2026/04/02,15.04,15.09,14.58,14.71,16683585,256728144.00
2026/04/03,14.77,14.90,13.94,13.94,14332201,213729328.00
2026/04/07,14.01,14.07,13.72,13.77,8275700,119631328.00
2026/04/08,14.04,14.27,14.00,14.18,11535048,170216496.00
2026/04/09,14.03,14.12,13.80,13.89,7428900,107719360.00
2026/04/10,14.00,14.16,13.90,14.10,6797128,99785544.00
2026/04/13,14.00,14.40,13.92,14.29,7169602,106553968.00
2026/04/14,14.34,14.38,14.07,14.25,4871600,71994976.00
2026/04/15,14.28,14.34,14.18,14.26,4363353,64782320.00
2026/04/16,14.30,14.71,14.25,14.64,7154601,108369544.00
2026/04/17,14.69,15.25,14.51,14.88,11007517,170082704.00
2026/04/20,14.80,15.03,14.53,14.83,9054501,138899152.00
2026/04/21,14.83,14.97,14.54,14.64,5737302,87726640.00
2026/04/22,14.00,14.10,13.30,13.42,24422266,343200192.00
2026/04/23,13.26,13.41,13.06,13.24,9754832,134530784.00
2026/04/24,13.11,13.24,12.97,13.08,6409600,87530632.00
2026/04/27,13.08,13.09,12.91,12.92,5473454,74187464.00
2026/04/28,12.89,13.00,12.81,12.98,4403650,59548028.00
2026/04/29,12.98,13.12,12.96,13.03,3944700,53750100.00
2026/04/30,13.00,13.05,12.79,12.90,7516200,101383256.00
2026/05/06,12.98,13.04,12.80,12.85,6773600,91341152.00
2026/05/07,12.87,12.88,12.75,12.84,5183401,69433336.00
2026/05/08,12.80,12.84,12.74,12.78,4807200,64289632.00
2026/05/11,12.78,12.78,12.67,12.69,4602900,61215544.00
2026/05/12,12.67,12.76,12.53,12.55,5102500,67569976.00
2026/05/13,12.50,12.57,12.13,12.27,6729631,86463072.00
2026/05/14,12.25,12.25,11.97,12.01,5665393,71676608.00
2026/05/15,12.05,12.26,11.98,12.25,5463770,69519472.00
2026/05/18,12.36,12.36,11.99,12.06,4386100,55714536.00
2026/05/19,12.06,12.08,11.75,11.79,4727100,58968892.00
2026/05/20,11.79,11.84,11.44,11.68,4906871,59837352.00
2026/05/21,11.69,11.92,11.58,11.62,5093600,63048844.00
2026/05/22,11.73,11.73,11.49,11.53,4073301,49560972.00
2026/05/25,11.58,11.63,11.40,11.52,4148554,50205452.00
2026/05/26,11.47,11.69,11.30,11.69,6493700,78406640.00
2026/05/27,11.71,11.71,11.33,11.36,5667991,64834148.00
2026/05/28,11.29,11.71,11.20,11.51,4761075,54463044.00
2026/05/29,11.48,11.55,11.29,11.40,4910800,55794492.00
2026/06/01,11.45,11.70,11.36,11.66,4918409,56981100.00
2026/06/02,11.66,12.07,11.54,12.00,7517400,89242704.00
2026/06/03,11.96,12.02,11.58,11.65,4652000,54617444.00
2026/06/04,11.60,11.66,11.22,11.25,3751899,42742528.00
2026/06/05,11.30,11.42,11.21,11.27,2485100,28091888.00
2026/06/08,11.21,11.28,10.94,11.04,3506395,38950964.00
2026/06/09,11.08,11.14,10.91,11.03,2556800,28177768.00
2026/06/10,11.02,11.24,10.93,11.23,3768000,41877568.00
2026/06/11,11.23,11.39,11.07,11.12,2740200,30546268.00
2026/06/12,11.13,11.39,11.07,11.36,3636158,40993464.00
2026/06/15,11.53,12.33,11.49,12.29,11802566,141849072.00
2026/06/16,12.20,12.28,11.98,12.03,6351515,76725976.00
2026/06/17,12.07,12.27,11.92,12.14,5796591,70202032.00
2026/06/18,12.04,12.12,11.47,11.60,9304759,108833624.00
2026/06/22,11.55,11.55,10.70,10.93,9756661,106700720.00
2026/06/23,10.89,11.24,10.72,11.02,5429215,59913568.00
2026/06/24,11.13,11.13,10.71,10.72,4910367,53353960.00
2026/06/25,10.70,10.75,10.44,10.46,4673257,49214220.00
2026/06/26,10.39,10.54,10.30,10.38,2996500,31155114.00
2026/06/29,10.27,10.54,9.99,10.36,3987300,41114984.00
2026/06/30,10.34,10.38,10.17,10.25,3251581,33361352.00
2026/07/01,10.20,10.57,10.17,10.41,4542641,46855852.00
2026/07/02,10.45,10.56,10.34,10.47,3433200,35958404.00
2026/07/03,10.54,10.68,10.50,10.59,3052100,32306884.00
2026/07/06,10.58,10.69,10.41,10.50,3407101,35987888.00
2026/07/07,10.56,10.60,10.23,10.32,2961300,30682268.00
2026/07/08,10.25,10.50,10.18,10.40,3476415,35918352.00
2026/07/09,10.40,10.48,10.19,10.24,3451200,35547988.00
2026/07/10,10.14,10.44,10.02,10.35,4310098,44372216.00
2026/07/13,10.35,10.47,10.25,10.38,5267800,54598376.00
2026/07/14,10.34,10.65,10.29,10.53,4412200,46319692.00
2026/07/15,10.54,11.00,10.50,10.96,7105576,77274544.00
2026/07/16,10.96,11.10,10.86,11.09,5562600,61230556.00
2026/07/17,11.10,11.27,10.83,10.83,7523100,82875784.00
2026/07/20,10.90,11.09,10.79,10.97,7343350,80455064.00
2026/07/21,10.97,11.20,10.76,10.81,7812405,85891528.00
2026/07/22,10.81,10.81,10.51,10.72,5418700,57779360.00
2026/07/23,10.70,10.83,10.68,10.73,3871700,41648460.00
2026/07/24,10.72,10.80,10.56,10.56,3488600,37228324.00
2026/07/27,10.65,10.99,10.52,10.97,5125510,55722052.00
2026/07/28,10.95,11.17,10.83,11.02,6130800,67665496.00
2026/07/29,11.00,11.40,11.00,11.36,7127500,80498808.00
2026/07/30,11.35,12.30,11.25,12.16,14132080,168751808.00
2026/07/31,11.95,12.29,11.89,12.00,9649400,117136912.00
2026/08/03,12.08,12.30,12.03,12.15,5826986,71085312.00
2026/08/04,12.29,12.29,11.88,11.94,6784696,81376552.00
2026/08/05,12.00,12.15,11.90,11.97,4612300,55417412.00
2026/08/06,11.93,12.00,11.63,11.71,5266650,61830784.00
2026/08/07,11.65,11.70,11.38,11.48,4693224,53981320.00
2026/08/10,11.51,11.64,11.40,11.55,3730893,43125756.00
2026/08/11,11.54,11.61,11.44,11.46,3418099,39304164.00
2026/08/12,11.47,11.71,11.37,11.58,4190241,48211948.00
2026/08/13,11.58,11.63,11.35,11.44,5724700,65660912.00
2026/08/14,11.45,11.49,11.26,11.28,3278650,37103384.00
2026/08/17,11.28,11.45,11.19,11.39,3083592,34947840.00
2026/08/18,11.35,11.42,11.25,11.37,2956640,33481274.00
2026/08/19,11.31,11.41,11.23,11.29,4237817,47938300.00
2026/08/20,11.36,11.53,11.29,11.36,4974313,56899072.00
2026/08/21,11.36,11.44,11.21,11.24,3165100,35678104.00
2026/08/24,11.24,11.43,11.21,11.40,3630724,41150616.00
2026/08/25,11.40,11.73,11.36,11.64,3861740,44645692.00
2026/08/26,11.62,11.73,11.52,11.60,3413916,39667792.00
2026/08/27,11.57,11.62,11.39,11.58,3583600,41227992.00
2026/08/28,11.69,11.69,11.34,11.52,6283201,72502888.00
2026/08/31,11.53,11.55,11.35,11.39,5125757,58493232.00
2026/09/01,11.39,11.55,11.37,11.40,3680100,42159084.00
2026/09/02,11.35,11.35,11.02,11.11,5461000,60773216.00
2026/09/03,11.12,11.29,11.10,11.18,3978957,44549084.00
2026/09/04,11.28,11.37,11.15,11.20,3510557,39632320.00
2026/09/07,11.27,11.27,11.13,11.16,3261257,36498092.00
2026/09/08,11.15,11.24,11.08,11.20,2969000,33153800.00
2026/09/09,11.21,11.23,11.10,11.12,2009000,22405356.00
2026/09/10,11.08,11.10,10.90,10.98,2653400,29129224.00
2026/09/11,10.98,10.98,10.77,10.84,2735257,29638218.00
2026/09/14,10.86,10.96,10.75,10.94,2646200,28727690.00
#数据来源:通达信
