002542 *ST中岩 日线 前复权
      日期	    开盘	    最高	    最低	    收盘	    成交量	    成交额
2021/08/02,2.74,2.78,2.71,2.77,9266206,25434170.00
2021/08/03,2.76,2.78,2.74,2.74,9511650,26220392.00
2021/08/04,2.73,2.77,2.73,2.75,6643200,18279384.00
2021/08/05,2.74,2.76,2.73,2.75,7085930,19472252.00
2021/08/06,2.77,2.83,2.74,2.76,10577450,29376294.00
2021/08/09,2.74,2.79,2.74,2.78,8001941,22140114.00
2021/08/10,2.77,2.81,2.76,2.78,8223400,22880226.00
2021/08/11,2.78,2.81,2.77,2.80,9184400,25664504.00
2021/08/12,2.80,2.87,2.78,2.86,17478806,49375932.00
2021/08/13,2.86,2.86,2.80,2.82,11396874,32167684.00
2021/08/16,2.82,2.84,2.81,2.83,9299680,26293284.00
2021/08/17,2.83,2.86,2.75,2.76,14473544,40550372.00
2021/08/18,2.75,2.82,2.74,2.81,9685950,27076480.00
2021/08/19,2.79,2.84,2.78,2.80,8699200,24377100.00
2021/08/20,2.78,2.79,2.72,2.75,13153028,36007848.00
2021/08/23,2.75,2.78,2.73,2.77,9216403,25418964.00
2021/08/24,2.77,2.83,2.76,2.83,15785619,44057064.00
2021/08/25,2.82,2.86,2.80,2.86,16502068,46854084.00
2021/08/26,2.85,2.86,2.82,2.84,12042800,34215784.00
2021/08/27,2.84,2.84,2.80,2.81,8390600,23594184.00
2021/08/30,2.80,2.84,2.80,2.82,11479100,32315346.00
2021/08/31,2.82,2.86,2.80,2.85,15357403,43572336.00
2021/09/01,2.85,2.95,2.85,2.95,32118906,93557240.00
2021/09/02,2.94,3.00,2.91,2.98,29303350,86694560.00
2021/09/03,2.99,3.01,2.93,2.95,22270363,66043084.00
2021/09/06,2.94,2.99,2.94,2.96,13449150,39815844.00
2021/09/07,2.96,3.08,2.94,3.03,29694000,89404344.00
2021/09/08,3.03,3.11,3.02,3.10,32843874,100779160.00
2021/09/09,3.11,3.12,3.07,3.09,21078454,65179568.00
2021/09/10,3.10,3.30,3.05,3.06,60489872,191303552.00
2021/09/13,3.03,3.18,3.02,3.14,36624150,114280368.00
2021/09/14,3.14,3.14,2.99,3.01,34569263,105335376.00
2021/09/15,3.01,3.24,2.98,3.17,49670583,155265808.00
2021/09/16,3.17,3.21,3.10,3.12,33565769,105906960.00
2021/09/17,3.12,3.14,3.02,3.05,23068575,70757560.00
2021/09/22,3.02,3.08,3.00,3.06,16025750,48801244.00
2021/09/23,3.08,3.15,3.05,3.14,25783325,80103416.00
2021/09/24,3.14,3.14,3.03,3.04,21720900,66616904.00
2021/09/27,3.04,3.04,2.83,2.86,28817900,84006736.00
2021/09/28,2.86,2.93,2.85,2.92,12254100,35463640.00
2021/09/29,2.90,2.92,2.85,2.85,11399550,32771836.00
2021/09/30,2.86,2.88,2.83,2.86,9058161,25902692.00
2021/10/08,2.90,2.97,2.89,2.96,14360487,42257796.00
2021/10/11,2.96,2.97,2.91,2.94,7765700,22773426.00
2021/10/12,2.93,2.93,2.84,2.88,12148450,34936660.00
2021/10/13,2.88,2.88,2.82,2.86,8310380,23701130.00
2021/10/14,2.86,2.88,2.83,2.86,4867880,13890503.00
2021/10/15,2.87,2.87,2.81,2.81,7652400,21660156.00
2021/10/18,2.82,2.83,2.76,2.83,6895794,19348198.00
2021/10/19,2.84,2.86,2.81,2.84,8514150,24141954.00
2021/10/20,2.83,2.84,2.80,2.81,5680900,15976961.00
2021/10/21,2.82,2.82,2.77,2.78,7488050,20920574.00
2021/10/22,2.78,2.78,2.72,2.73,9289900,25518052.00
2021/10/25,2.72,2.74,2.71,2.73,6996300,19070008.00
2021/10/26,2.73,2.76,2.72,2.73,7501200,20533120.00
2021/10/27,2.72,2.73,2.65,2.66,9577906,25603144.00
2021/10/28,2.66,2.66,2.60,2.61,9230600,24245070.00
2021/10/29,2.58,2.66,2.57,2.66,6252018,16449581.00
2021/11/01,2.68,2.69,2.65,2.67,4603100,12305694.00
2021/11/02,2.67,2.70,2.61,2.63,7857900,20865472.00
2021/11/03,2.63,2.68,2.61,2.65,6253250,16550908.00
2021/11/04,2.65,2.67,2.63,2.66,4885806,12975533.00
2021/11/05,2.66,2.71,2.65,2.69,8458056,22704134.00
2021/11/08,2.70,2.71,2.67,2.70,5428650,14591480.00
2021/11/09,2.69,2.70,2.68,2.69,5075039,13649631.00
2021/11/10,2.69,2.72,2.65,2.72,7375050,19798142.00
2021/11/11,2.71,2.75,2.69,2.73,8312600,22676056.00
2021/11/12,2.72,2.74,2.71,2.74,5421053,14806814.00
2021/11/15,2.75,2.77,2.73,2.76,6157124,16928938.00
2021/11/16,2.75,2.79,2.72,2.73,11606013,31932916.00
2021/11/17,2.73,2.75,2.70,2.74,8485800,23164414.00
2021/11/18,2.74,2.75,2.70,2.71,10368350,28216904.00
2021/11/19,2.70,2.73,2.69,2.73,8627130,23414876.00
2021/11/22,2.73,2.74,2.70,2.72,6808800,18490920.00
2021/11/23,2.72,2.74,2.71,2.73,8548006,23275634.00
2021/11/24,2.72,2.74,2.70,2.74,9017250,24549222.00
2021/11/25,2.74,2.75,2.72,2.74,7327356,20054708.00
2021/11/26,2.72,2.73,2.70,2.71,7977750,21629950.00
2021/11/29,2.70,2.72,2.66,2.71,9080949,24528198.00
2021/11/30,2.73,2.78,2.73,2.76,15376540,42416548.00
2021/12/01,2.74,2.80,2.74,2.80,10564050,29352708.00
2021/12/02,2.79,2.81,2.77,2.78,7449500,20760600.00
2021/12/03,2.78,2.83,2.77,2.82,12894884,36177456.00
2021/12/06,2.83,2.84,2.77,2.79,10426400,29264096.00
2021/12/07,2.79,2.82,2.75,2.77,9614313,26719618.00
2021/12/08,2.79,2.80,2.75,2.76,8397374,23200572.00
2021/12/09,2.76,2.79,2.74,2.77,10409300,28847112.00
2021/12/10,2.79,2.84,2.77,2.81,17802550,50096688.00
2021/12/13,2.80,2.90,2.79,2.87,26384059,75433104.00
2021/12/14,2.87,2.88,2.83,2.87,12269096,35000068.00
2021/12/15,2.87,2.91,2.86,2.90,16756207,48354568.00
2021/12/16,2.92,2.93,2.88,2.91,12463496,36122580.00
2021/12/17,2.90,2.91,2.88,2.90,12685350,36734464.00
2021/12/20,2.90,2.94,2.86,2.92,18643722,54194700.00
2021/12/21,2.93,3.05,2.91,3.05,41312303,124004472.00
2021/12/22,3.05,3.05,2.94,2.95,30192174,89983120.00
2021/12/23,2.93,2.95,2.90,2.91,16638100,48556004.00
2021/12/24,2.90,2.94,2.83,2.89,22934350,66123836.00
2021/12/27,2.87,2.90,2.85,2.87,12024800,34483012.00
2021/12/28,2.87,2.90,2.85,2.88,13679700,39349716.00
2021/12/29,2.88,2.90,2.85,2.89,9583974,27591138.00
2021/12/30,2.88,2.94,2.88,2.91,12264456,35724048.00
2021/12/31,2.92,2.96,2.91,2.95,13088952,38500644.00
2022/01/04,2.95,3.04,2.95,3.02,24077056,72491392.00
2022/01/05,3.02,3.04,2.96,3.00,19573200,58545720.00
2022/01/06,2.98,3.09,2.97,3.04,25519200,77492592.00
2022/01/07,3.05,3.09,3.01,3.03,31719706,96937792.00
2022/01/10,3.00,3.08,2.97,3.06,21173450,64443060.00
2022/01/11,3.07,3.10,3.01,3.02,22297524,67900656.00
2022/01/12,3.01,3.05,2.99,3.01,15731036,47435804.00
2022/01/13,3.03,3.09,2.99,3.03,18230624,55458584.00
2022/01/14,3.02,3.04,2.94,2.95,26261649,78418592.00
2022/01/17,2.95,3.00,2.92,2.98,11442106,33991984.00
2022/01/18,2.96,3.05,2.92,3.00,23162675,69215672.00
2022/01/19,2.99,3.12,2.97,3.05,33323121,101882024.00
2022/01/20,3.09,3.09,2.94,2.94,25887050,77497000.00
2022/01/21,2.93,2.96,2.88,2.89,15492350,45055528.00
2022/01/24,2.87,2.93,2.86,2.87,10347600,29892360.00
2022/01/25,2.86,2.88,2.73,2.74,18720918,52369364.00
2022/01/26,2.72,2.78,2.70,2.74,20270321,55428548.00
2022/01/27,2.74,2.74,2.64,2.65,28543149,76492360.00
2022/01/28,2.67,2.77,2.66,2.73,17170401,46671916.00
2022/02/07,2.70,2.99,2.68,2.88,41618612,117613856.00
2022/02/08,2.87,2.96,2.85,2.95,38590946,112297752.00
2022/02/09,2.95,3.05,2.94,2.96,28289221,84356184.00
2022/02/10,2.91,2.99,2.90,2.95,23847359,70312664.00
2022/02/11,2.94,2.99,2.91,2.95,24954000,73476040.00
2022/02/14,2.95,3.25,2.91,3.25,50776696,161365440.00
2022/02/15,3.58,3.58,3.58,3.58,39084053,139920912.00
2022/02/16,3.52,3.90,3.38,3.67,295251107,1050674304.00
2022/02/17,3.48,3.56,3.30,3.31,196944453,670365184.00
2022/02/18,3.20,3.41,3.17,3.29,115947583,381765376.00
2022/02/21,3.28,3.39,3.23,3.35,95365678,316937440.00
2022/02/22,3.31,3.39,3.19,3.22,97703111,320532864.00
2022/02/23,3.22,3.25,3.12,3.15,81298623,256370912.00
2022/02/24,3.12,3.18,2.96,3.00,88107927,270486944.00
2022/02/25,3.03,3.05,2.98,2.99,39248300,118393112.00
2022/02/28,3.00,3.04,2.94,3.03,35794658,107331376.00
2022/03/01,3.02,3.06,3.00,3.05,32563260,98659448.00
2022/03/02,3.01,3.10,3.00,3.07,36992575,112965792.00
2022/03/03,3.07,3.08,3.02,3.04,43649354,132892832.00
2022/03/04,3.02,3.03,2.92,2.93,52719466,155860800.00
2022/03/07,2.97,2.98,2.92,2.95,27966800,82501920.00
2022/03/08,2.93,2.99,2.85,2.93,36066300,105458480.00
2022/03/09,2.93,2.97,2.76,2.92,43868150,126694096.00
2022/03/10,2.94,3.10,2.90,3.03,69161332,206876704.00
2022/03/11,2.97,2.99,2.88,2.96,44398150,130430664.00
2022/03/14,2.95,2.98,2.89,2.89,22702951,66769012.00
2022/03/15,2.87,2.91,2.76,2.76,37758112,107180792.00
2022/03/16,2.80,2.88,2.72,2.88,38015374,106625272.00
2022/03/17,2.92,2.99,2.87,2.91,49755797,144966160.00
2022/03/18,2.88,2.99,2.87,2.97,45975705,135636896.00
2022/03/21,2.96,3.05,2.94,3.04,61106442,183249904.00
2022/03/22,3.02,3.09,2.97,3.05,55303059,167721056.00
2022/03/23,3.03,3.08,2.99,3.01,33269077,100381648.00
2022/03/24,3.00,3.03,2.94,2.95,32064000,95712416.00
2022/03/25,2.96,3.08,2.94,3.03,51467059,155690352.00
2022/03/28,3.01,3.10,2.98,3.08,49714383,152109792.00
2022/03/29,3.10,3.10,2.98,3.02,41346276,125149784.00
2022/03/30,3.02,3.15,3.01,3.13,71915650,223107920.00
2022/03/31,3.12,3.18,3.10,3.13,64628980,202426016.00
2022/04/01,3.11,3.12,3.06,3.10,44720350,137922080.00
2022/04/06,3.09,3.18,3.07,3.18,57254120,180385328.00
2022/04/07,3.16,3.21,3.10,3.10,45679076,143922384.00
2022/04/08,3.11,3.41,3.11,3.41,47668149,160958592.00
2022/04/11,3.73,3.74,3.28,3.30,239840788,851185664.00
2022/04/12,3.17,3.46,3.17,3.40,147780281,489647616.00
2022/04/13,3.28,3.30,3.06,3.06,133770679,417554592.00
2022/04/14,3.04,3.28,3.02,3.12,87416363,274894336.00
2022/04/15,3.08,3.12,2.93,2.95,78099023,234683008.00
2022/04/18,2.89,2.95,2.87,2.87,42719472,123832784.00
2022/04/19,2.87,2.92,2.84,2.90,28283122,81519256.00
2022/04/20,2.90,2.95,2.87,2.88,31936750,92922936.00
2022/04/21,2.86,2.87,2.75,2.77,38305317,107036768.00
2022/04/22,2.76,2.79,2.70,2.76,27726350,76438992.00
2022/04/25,2.72,2.73,2.58,2.59,38612060,102699024.00
2022/04/26,2.62,2.69,2.56,2.58,31315712,81894920.00
2022/04/27,2.65,2.71,2.59,2.70,41644089,110928952.00
2022/04/28,2.65,2.74,2.60,2.67,34290618,91264616.00
2022/04/29,2.68,2.76,2.65,2.74,39216280,106173488.00
2022/05/05,2.77,2.82,2.70,2.77,35247633,97398536.00
2022/05/06,2.67,2.71,2.58,2.66,27721412,73797000.00
2022/05/09,2.69,2.83,2.68,2.80,38872089,107738072.00
2022/05/10,2.75,2.92,2.74,2.88,52347596,149086128.00
2022/05/11,2.91,2.94,2.81,2.84,45422093,130563608.00
2022/05/12,2.82,2.94,2.80,2.93,46421007,134652544.00
2022/05/13,2.91,2.98,2.86,2.94,42076767,122923320.00
2022/05/16,2.94,2.98,2.90,2.92,28774500,84026704.00
2022/05/17,2.92,2.93,2.82,2.85,28279500,80592440.00
2022/05/18,2.84,2.89,2.83,2.84,21675250,62051892.00
2022/05/19,2.79,2.95,2.78,2.95,46493661,133873224.00
2022/05/20,2.93,3.25,2.93,3.25,48365177,154655584.00
2022/05/23,3.00,3.13,2.97,3.12,136783071,416822752.00
2022/05/24,3.06,3.09,2.90,2.91,91570976,273642144.00
2022/05/25,2.86,3.15,2.86,3.00,72304364,216325616.00
2022/05/26,3.01,3.05,2.93,2.97,56430549,167967200.00
2022/05/27,2.95,2.99,2.89,2.97,51197144,150449312.00
2022/05/30,2.95,2.97,2.87,2.88,40763790,118294920.00
2022/05/31,2.88,2.88,2.78,2.81,42953200,120767800.00
2022/06/01,2.80,2.87,2.78,2.85,32620549,92451160.00
2022/06/02,2.87,2.89,2.83,2.85,30674111,87552352.00
2022/06/06,2.84,2.85,2.79,2.83,29254982,82208032.00
2022/06/07,2.83,2.86,2.79,2.86,24905189,70333616.00
2022/06/08,2.85,2.86,2.80,2.83,23023600,65089688.00
2022/06/09,2.80,2.83,2.78,2.78,25312860,70831776.00
2022/06/10,2.76,2.79,2.72,2.78,33277424,91713808.00
2022/06/13,2.75,2.78,2.73,2.75,27907757,76817328.00
2022/06/14,2.72,2.76,2.68,2.76,21176575,57541832.00
2022/06/15,2.76,2.81,2.75,2.76,32387300,90198656.00
2022/06/16,2.76,2.79,2.75,2.77,17829800,49416904.00
2022/06/17,2.75,2.77,2.71,2.76,16996601,46592656.00
2022/06/20,2.77,2.79,2.74,2.79,15407041,42765564.00
2022/06/21,2.79,2.82,2.77,2.80,21488747,60161092.00
2022/06/22,2.81,2.81,2.76,2.76,13368556,37160384.00
2022/06/23,2.76,2.79,2.73,2.79,14141978,39075424.00
2022/06/24,2.79,2.79,2.75,2.78,16391000,45474756.00
2022/06/27,2.78,2.80,2.77,2.80,15640023,43609228.00
2022/06/28,2.79,2.84,2.78,2.84,24371200,68605104.00
2022/06/29,2.83,2.91,2.82,2.88,46038400,132106984.00
2022/06/30,2.86,2.93,2.84,2.91,36318122,104716384.00
2022/07/01,2.92,2.94,2.85,2.87,37713047,108876744.00
2022/07/04,2.87,2.88,2.83,2.84,18846105,53620368.00
2022/07/05,2.83,3.12,2.82,3.00,117359412,356661472.00
2022/07/06,2.93,3.00,2.88,2.89,70841005,206959504.00
2022/07/07,2.90,2.94,2.86,2.90,43166017,124999984.00
2022/07/08,2.95,3.04,2.92,2.93,50753600,150424032.00
2022/07/11,2.92,3.02,2.89,3.02,61684777,183371264.00
2022/07/12,2.99,3.05,2.96,3.00,49109614,147378528.00
2022/07/13,3.00,3.10,2.98,3.04,58693203,178071648.00
2022/07/14,3.02,3.02,2.95,2.97,37303756,110866968.00
2022/07/15,2.91,2.92,2.71,2.73,64369173,179587184.00
2022/07/18,2.70,2.82,2.70,2.79,26984053,75067776.00
2022/07/19,2.81,2.82,2.77,2.80,19067650,53202356.00
2022/07/20,2.79,2.83,2.78,2.82,21948061,61499560.00
2022/07/21,2.82,2.84,2.78,2.79,15861390,44474800.00
2022/07/22,2.78,2.81,2.76,2.79,14262724,39808588.00
2022/07/25,2.80,2.81,2.77,2.80,11351476,31743194.00
2022/07/26,2.80,2.81,2.76,2.81,15226761,42444460.00
2022/07/27,2.80,2.82,2.79,2.80,10317700,28881118.00
2022/07/28,2.80,2.83,2.79,2.81,18905800,53152244.00
2022/07/29,2.81,2.82,2.77,2.77,15242950,42456212.00
2022/08/01,2.76,2.76,2.72,2.73,17329912,47439532.00
2022/08/02,2.72,2.73,2.60,2.63,30633323,80824032.00
2022/08/03,2.61,2.68,2.61,2.62,16400191,43395244.00
2022/08/04,2.63,2.66,2.62,2.66,12256102,32388968.00
2022/08/05,2.65,2.72,2.64,2.71,21484311,57841532.00
2022/08/08,2.70,2.73,2.68,2.69,15616100,42067400.00
2022/08/09,2.69,2.70,2.67,2.69,9819985,26363806.00
2022/08/10,2.69,2.85,2.67,2.76,24509836,67489576.00
2022/08/11,2.73,2.79,2.73,2.78,19829000,54973112.00
2022/08/12,2.77,3.06,2.73,3.06,87073405,258836016.00
2022/08/15,3.10,3.10,2.90,2.96,137933952,412668352.00
2022/08/16,2.93,3.03,2.92,2.95,70036017,207134752.00
2022/08/17,2.92,2.99,2.89,2.94,67188078,196726640.00
2022/08/18,2.97,2.98,2.88,2.90,38872090,113043656.00
2022/08/19,2.90,2.98,2.89,2.92,63059317,185228944.00
2022/08/22,2.88,2.91,2.84,2.89,41336827,118802896.00
2022/08/23,2.86,2.92,2.86,2.89,27717522,80031624.00
2022/08/24,2.89,2.92,2.82,2.82,30652950,87397712.00
2022/08/25,2.83,2.87,2.81,2.84,26335000,74780584.00
2022/08/26,2.83,2.85,2.78,2.78,23424900,65802992.00
2022/08/29,2.74,2.83,2.73,2.80,16447000,45771348.00
2022/08/30,2.80,2.87,2.79,2.84,25628689,72715296.00
2022/08/31,2.84,2.88,2.77,2.86,35213339,99685808.00
2022/09/01,2.83,3.05,2.83,2.94,63219515,184906656.00
2022/09/02,2.92,2.93,2.87,2.93,34574904,100138280.00
2022/09/05,2.91,2.98,2.90,2.95,34847557,102760296.00
2022/09/06,2.96,3.08,2.95,2.98,57839539,173395424.00
2022/09/07,2.98,3.04,2.93,2.95,49497573,147058912.00
2022/09/08,2.94,2.99,2.92,2.92,29936200,87984512.00
2022/09/09,2.92,3.00,2.91,2.93,33925666,100308512.00
2022/09/13,2.93,3.00,2.93,2.96,34476861,102274048.00
2022/09/14,2.92,3.03,2.90,3.01,63974756,191021248.00
2022/09/15,2.99,3.01,2.91,2.98,49431400,146298848.00
2022/09/16,2.96,2.97,2.81,2.81,49244800,141710880.00
2022/09/19,2.80,3.09,2.79,3.09,226110367,692762944.00
2022/09/20,3.09,3.32,3.02,3.14,245644823,774531200.00
2022/09/21,3.09,3.19,3.03,3.13,135635328,422030656.00
2022/09/22,3.12,3.15,3.06,3.07,82589875,255495120.00
2022/09/23,3.05,3.28,3.05,3.19,177648165,564669632.00
2022/09/26,3.12,3.21,3.07,3.17,96226145,300960192.00
2022/09/27,3.12,3.15,2.99,3.14,88253695,271625952.00
2022/09/28,3.10,3.25,3.06,3.15,115671924,367222624.00
2022/09/29,3.14,3.17,3.05,3.11,76349036,236722688.00
2022/09/30,3.06,3.11,2.90,2.92,88775194,263522896.00
2022/10/10,2.91,3.21,2.90,3.04,131079864,409194112.00
2022/10/11,2.98,3.34,2.93,3.34,162781508,527083456.00
2022/10/12,3.38,3.45,3.25,3.39,254298199,853702272.00
2022/10/13,3.32,3.63,3.23,3.38,199478336,675337024.00
2022/10/14,3.34,3.43,3.32,3.38,130887799,442614720.00
2022/10/17,3.34,3.58,3.28,3.47,150945261,518849024.00
2022/10/18,3.42,3.55,3.33,3.38,122913712,419194752.00
2022/10/19,3.35,3.57,3.33,3.41,149461234,516376800.00
2022/10/20,3.34,3.55,3.32,3.35,120813786,413189920.00
2022/10/21,3.33,3.39,3.21,3.26,95077340,311331872.00
2022/10/24,3.25,3.29,3.10,3.14,86418347,274606592.00
2022/10/25,3.13,3.28,3.11,3.25,78161639,250945664.00
2022/10/26,3.21,3.28,3.17,3.22,63249573,203353968.00
2022/10/27,3.18,3.21,3.07,3.08,70250600,220047024.00
2022/10/28,3.09,3.14,3.01,3.03,59209218,181769920.00
2022/10/31,2.96,2.99,2.80,2.86,80336079,232393696.00
2022/11/01,2.88,2.91,2.82,2.89,64173554,183693600.00
2022/11/02,2.86,2.95,2.84,2.90,62188226,179979712.00
2022/11/03,2.90,2.91,2.83,2.83,49986679,142856592.00
2022/11/04,2.84,2.93,2.82,2.90,55778223,160549984.00
2022/11/07,2.90,2.97,2.88,2.96,46605861,137072032.00
2022/11/08,2.96,3.09,2.92,3.03,73125526,220065840.00
2022/11/09,3.00,3.05,2.95,2.96,50868892,152148272.00
2022/11/10,2.94,2.98,2.92,2.96,35596344,105093920.00
2022/11/11,3.00,3.08,2.97,3.05,75482550,228466672.00
2022/11/14,3.07,3.10,2.99,3.00,59109289,179726240.00
2022/11/15,2.99,3.09,2.96,3.08,65482945,199410112.00
2022/11/16,3.08,3.08,3.02,3.05,37064872,112989120.00
2022/11/17,3.05,3.06,3.00,3.03,29535950,89202400.00
2022/11/18,3.02,3.05,2.96,3.03,55328833,166566320.00
2022/11/21,3.01,3.01,2.94,2.96,41583745,123172864.00
2022/11/22,2.94,3.04,2.93,3.00,54405311,162428848.00
2022/11/23,3.00,3.28,2.97,3.13,129653927,405073280.00
2022/11/24,3.13,3.20,3.08,3.09,74253333,231333264.00
2022/11/25,3.09,3.16,3.07,3.07,58140693,180794240.00
2022/11/28,3.04,3.20,3.00,3.15,81878849,255518560.00
2022/11/29,3.13,3.23,3.12,3.19,83538979,265033168.00
2022/11/30,3.17,3.22,3.13,3.15,67126150,212164272.00
2022/12/01,3.15,3.18,3.10,3.12,47239889,147887824.00
2022/12/02,3.13,3.21,3.11,3.20,77897693,246894464.00
2022/12/05,3.18,3.31,3.17,3.28,107318650,348722048.00
2022/12/06,3.23,3.26,3.15,3.17,73258899,233969008.00
2022/12/07,3.19,3.19,3.13,3.17,45393700,143388064.00
2022/12/08,3.16,3.19,3.11,3.12,41301398,129801088.00
2022/12/09,3.14,3.25,3.13,3.15,58031460,184082608.00
2022/12/12,3.11,3.15,2.98,3.00,72346200,219817536.00
2022/12/13,3.00,3.04,2.99,3.02,27052612,81543728.00
2022/12/14,3.01,3.02,2.96,2.97,31260900,93288872.00
2022/12/15,2.97,3.27,2.96,3.27,95564109,304471936.00
2022/12/16,3.30,3.42,3.20,3.21,175318222,574511744.00
2022/12/19,3.23,3.26,3.11,3.14,78606435,249801008.00
2022/12/20,3.16,3.16,3.05,3.09,51285200,158800848.00
2022/12/21,3.12,3.14,3.06,3.14,49800850,154734080.00
2022/12/22,3.14,3.16,3.01,3.03,60272567,184409712.00
2022/12/23,3.00,3.07,3.00,3.06,35261007,107144112.00
2022/12/26,3.04,3.09,3.02,3.09,28949800,88512160.00
2022/12/27,3.07,3.23,3.04,3.12,61880700,193622080.00
2022/12/28,3.08,3.13,3.05,3.05,35398980,108889000.00
2022/12/29,3.05,3.10,3.04,3.06,29676443,90988576.00
2022/12/30,3.06,3.12,3.05,3.11,33626780,103777032.00
2023/01/03,3.10,3.20,3.09,3.16,50932550,160427888.00
2023/01/04,3.15,3.24,3.13,3.18,61863066,196870192.00
2023/01/05,3.18,3.19,3.13,3.16,34982700,110267272.00
2023/01/06,3.17,3.19,3.13,3.14,28512400,89822232.00
2023/01/09,3.16,3.17,3.13,3.16,22420483,70578264.00
2023/01/10,3.15,3.15,3.07,3.08,37346100,115946024.00
2023/01/11,3.08,3.12,3.05,3.07,23116200,71188088.00
2023/01/12,3.08,3.14,3.04,3.12,39786400,123113912.00
2023/01/13,3.11,3.12,3.07,3.08,22205750,68521216.00
2023/01/16,3.08,3.16,3.05,3.15,34739322,107857800.00
2023/01/17,3.13,3.22,3.13,3.16,42542600,134792864.00
2023/01/18,3.16,3.19,3.14,3.14,35953666,113773808.00
2023/01/19,3.13,3.35,3.12,3.20,101578286,328285664.00
2023/01/20,3.23,3.28,3.16,3.22,62907210,201962752.00
2023/01/30,3.25,3.33,3.22,3.28,72265349,236682704.00
2023/01/31,3.23,3.29,3.18,3.28,57496622,186590560.00
2023/02/01,3.28,3.34,3.25,3.32,53859680,177552992.00
2023/02/02,3.32,3.34,3.26,3.28,51535200,169643088.00
2023/02/03,3.28,3.28,3.22,3.26,33670233,109378640.00
2023/02/06,3.26,3.30,3.23,3.27,39864000,130264712.00
2023/02/07,3.29,3.37,3.26,3.36,64994838,216154512.00
2023/02/08,3.34,3.36,3.25,3.27,50759780,167384080.00
2023/02/09,3.25,3.28,3.23,3.26,32810600,106689328.00
2023/02/10,3.26,3.28,3.21,3.24,37411300,121348664.00
2023/02/13,3.24,3.31,3.23,3.30,43814599,143712096.00
2023/02/14,3.31,3.32,3.25,3.26,29460600,96409032.00
2023/02/15,3.27,3.27,3.19,3.24,36309053,117097024.00
2023/02/16,3.24,3.26,3.13,3.15,62446600,199652432.00
2023/02/17,3.15,3.19,3.12,3.14,33087900,104181688.00
2023/02/20,3.14,3.18,3.13,3.18,23905603,75668104.00
2023/02/21,3.18,3.21,3.15,3.19,24940303,79340008.00
2023/02/22,3.17,3.19,3.16,3.17,15474250,49119368.00
2023/02/23,3.17,3.18,3.12,3.15,23539485,74104384.00
2023/02/24,3.15,3.15,3.11,3.13,18700300,58425736.00
2023/02/27,3.12,3.12,3.06,3.07,26532600,81868480.00
2023/02/28,3.07,3.11,3.05,3.11,20930406,64444508.00
2023/03/01,3.09,3.14,3.08,3.13,24204209,75493912.00
2023/03/02,3.15,3.16,3.12,3.14,23216660,72906280.00
2023/03/03,3.13,3.20,3.12,3.17,40201550,127236952.00
2023/03/06,3.18,3.20,3.13,3.15,30673903,96849928.00
2023/03/07,3.15,3.28,3.13,3.14,83736396,268041216.00
2023/03/08,3.10,3.14,3.08,3.13,41378100,128589536.00
2023/03/09,3.15,3.15,3.09,3.10,20036050,62321720.00
2023/03/10,3.08,3.10,3.03,3.03,34403600,104963824.00
2023/03/13,3.07,3.09,3.02,3.07,30404450,92854600.00
2023/03/14,3.10,3.13,3.06,3.11,50704421,157138400.00
2023/03/15,3.09,3.16,3.03,3.14,63376399,196583344.00
2023/03/16,3.11,3.12,3.04,3.05,37380200,115296912.00
2023/03/17,3.06,3.13,3.06,3.10,39973127,123962008.00
2023/03/20,3.08,3.12,3.05,3.05,39686700,122079776.00
2023/03/21,3.05,3.07,3.03,3.05,26911949,81824520.00
2023/03/22,3.05,3.07,3.02,3.04,27442400,83467616.00
2023/03/23,3.04,3.04,3.00,3.02,26326567,79438648.00
2023/03/24,3.02,3.02,2.96,2.98,28596200,85176160.00
2023/03/27,2.97,2.98,2.93,2.94,18363200,54232544.00
2023/03/28,2.94,2.97,2.93,2.95,12175900,35948880.00
2023/03/29,2.95,2.95,2.89,2.90,17743800,51575732.00
2023/03/30,2.89,2.93,2.87,2.92,13905087,40436108.00
2023/03/31,2.92,2.94,2.90,2.93,11122750,32479122.00
2023/04/03,2.94,2.95,2.91,2.94,13944200,40910204.00
2023/04/04,2.94,2.96,2.92,2.92,17996200,52838368.00
2023/04/06,2.92,2.92,2.88,2.88,15142800,43804072.00
2023/04/07,2.88,2.91,2.87,2.89,8787807,25419550.00
2023/04/10,2.88,2.90,2.88,2.89,11520981,33320008.00
2023/04/11,2.88,2.89,2.82,2.84,18195100,51729808.00
2023/04/12,2.84,2.88,2.83,2.86,10812018,30881472.00
2023/04/13,2.85,2.90,2.85,2.90,12356200,35545968.00
2023/04/14,2.90,2.91,2.87,2.88,10531466,30383614.00
2023/04/17,2.84,2.90,2.83,2.90,12924500,37204280.00
2023/04/18,2.88,2.89,2.86,2.87,9165300,26339428.00
2023/04/19,2.86,2.87,2.82,2.82,12706200,36127900.00
2023/04/20,2.82,2.83,2.74,2.80,16849750,46811580.00
2023/04/21,2.79,2.80,2.71,2.71,15676750,43089284.00
2023/04/24,2.70,2.76,2.66,2.72,12669650,34353916.00
2023/04/25,2.72,2.73,2.65,2.68,13955800,37448724.00
2023/04/26,2.68,2.75,2.66,2.73,13267350,36072552.00
2023/04/27,2.71,2.75,2.71,2.72,8937350,24390280.00
2023/04/28,2.73,2.80,2.72,2.79,15626416,43272588.00
2023/05/04,2.78,2.87,2.78,2.85,19124080,54394792.00
2023/05/05,2.85,2.88,2.83,2.87,13014050,37183124.00
2023/05/08,2.87,2.89,2.85,2.86,13265924,38048468.00
2023/05/09,2.86,2.88,2.82,2.82,15702500,44774020.00
2023/05/10,2.82,2.86,2.81,2.83,11036000,31244124.00
2023/05/11,2.85,2.88,2.82,2.87,13948600,39872676.00
2023/05/12,2.87,2.87,2.82,2.83,10332503,29365792.00
2023/05/15,2.84,2.84,2.76,2.82,12557590,35060196.00
2023/05/16,2.82,2.82,2.75,2.76,11015524,30599980.00
2023/05/17,2.75,2.79,2.74,2.77,8528300,23590844.00
2023/05/18,2.77,2.79,2.75,2.78,10751477,29798272.00
2023/05/19,2.77,2.77,2.72,2.74,11050750,30348612.00
2023/05/22,2.73,2.75,2.71,2.72,9781783,26640414.00
2023/05/23,2.72,2.73,2.70,2.70,9177650,24897234.00
2023/05/24,2.70,2.71,2.67,2.70,8254700,22226308.00
2023/05/25,2.70,2.75,2.69,2.74,11665072,31619586.00
2023/05/26,2.73,2.79,2.71,2.78,14703750,40498204.00
2023/05/29,2.77,2.79,2.76,2.77,10570581,29297896.00
2023/05/30,2.78,2.84,2.76,2.84,22970300,64570820.00
2023/05/31,2.83,2.85,2.80,2.82,12530100,35341680.00
2023/06/01,2.80,2.81,2.75,2.77,15660260,43374396.00
2023/06/02,2.77,2.79,2.74,2.75,11803606,32551156.00
2023/06/05,2.75,2.75,2.71,2.72,9739500,26552372.00
2023/06/06,2.72,2.74,2.68,2.69,12439300,33731684.00
2023/06/07,2.70,2.79,2.68,2.75,18327250,50370940.00
2023/06/08,2.73,2.74,2.70,2.72,12911964,35131092.00
2023/06/09,2.71,2.88,2.68,2.84,44735584,125087336.00
2023/06/12,2.84,2.87,2.78,2.81,36248010,102383336.00
2023/06/13,2.80,2.99,2.76,2.89,54920386,157373984.00
2023/06/14,2.84,2.86,2.82,2.84,30002172,85131552.00
2023/06/15,2.83,2.84,2.79,2.81,17689621,49620112.00
2023/06/16,2.80,2.83,2.80,2.80,13601212,38282856.00
2023/06/19,2.80,2.82,2.78,2.80,13114703,36761556.00
2023/06/20,2.80,2.85,2.79,2.80,14630013,41220416.00
2023/06/21,2.80,2.80,2.73,2.73,14465000,39965156.00
2023/06/26,2.72,2.75,2.70,2.71,8372064,22828530.00
2023/06/27,2.71,2.75,2.71,2.74,7277064,19945436.00
2023/06/28,2.74,2.74,2.68,2.71,15090656,40842160.00
2023/06/29,2.71,2.73,2.70,2.72,7062200,19208288.00
2023/06/30,2.72,2.75,2.71,2.74,6478300,17747300.00
2023/07/03,2.73,2.77,2.73,2.76,9574800,26389412.00
2023/07/04,2.75,2.76,2.74,2.76,6848100,18827108.00
2023/07/05,2.76,2.76,2.73,2.74,7344100,20160684.00
2023/07/06,2.73,2.74,2.72,2.73,7028100,19167420.00
2023/07/07,2.71,2.75,2.71,2.73,6551050,17879690.00
2023/07/10,2.74,2.74,2.72,2.73,5376300,14679743.00
2023/07/11,2.73,2.79,2.73,2.77,13934313,38439304.00
2023/07/12,2.76,2.77,2.71,2.72,11598950,31726680.00
2023/07/13,2.72,2.74,2.72,2.73,7354750,20078824.00
2023/07/14,2.73,2.75,2.72,2.74,5836749,15973972.00
2023/07/17,2.73,2.73,2.68,2.69,15214249,41015456.00
2023/07/18,2.70,2.70,2.67,2.69,8267150,22195198.00
2023/07/19,2.69,2.71,2.68,2.71,6031200,16279337.00
2023/07/20,2.71,2.71,2.68,2.68,7046525,18991628.00
2023/07/21,2.68,2.74,2.68,2.74,17084767,46499668.00
2023/07/24,2.76,2.79,2.72,2.74,17028351,46811364.00
2023/07/25,2.75,2.79,2.74,2.79,21220000,58920456.00
2023/07/26,2.78,2.87,2.78,2.82,37608255,106508144.00
2023/07/27,2.81,2.86,2.79,2.82,27331922,77357440.00
2023/07/28,2.81,2.85,2.81,2.84,20459572,57985988.00
2023/07/31,2.86,2.92,2.84,2.90,41570330,119809488.00
2023/08/01,2.90,2.94,2.87,2.91,31531506,91375200.00
2023/08/02,2.88,2.92,2.86,2.87,26119346,75402880.00
2023/08/03,2.88,2.89,2.83,2.87,22132213,63295192.00
2023/08/04,2.89,2.90,2.85,2.85,21399400,61513704.00
2023/08/07,2.85,2.86,2.79,2.80,16649890,46907680.00
2023/08/08,2.82,3.08,2.79,3.08,110249021,334510976.00
2023/08/09,3.19,3.33,2.98,2.99,233010827,728438080.00
2023/08/10,2.95,3.01,2.89,2.91,132585203,388116864.00
2023/08/11,2.94,2.97,2.83,2.83,81196977,233508656.00
2023/08/14,2.80,2.85,2.75,2.83,61587792,172608192.00
2023/08/15,2.82,2.83,2.74,2.76,46028570,127499536.00
2023/08/16,2.74,2.79,2.72,2.76,31549769,86950248.00
2023/08/17,2.74,2.78,2.73,2.76,25736377,70753680.00
2023/08/18,2.76,2.79,2.73,2.73,36462612,100732112.00
2023/08/21,2.72,2.77,2.71,2.73,25172400,69007792.00
2023/08/22,2.72,2.75,2.69,2.73,27153377,73843504.00
2023/08/23,2.72,2.73,2.69,2.69,20010800,54221092.00
2023/08/24,2.70,2.71,2.67,2.69,20522700,55077344.00
2023/08/25,2.67,2.72,2.66,2.67,23589600,63373372.00
2023/08/28,2.76,2.82,2.70,2.70,41297506,113231264.00
2023/08/29,2.69,2.76,2.69,2.76,29884350,81676040.00
2023/08/30,2.75,2.77,2.71,2.73,19753900,54067216.00
2023/08/31,2.72,2.73,2.69,2.70,18196400,49226420.00
2023/09/01,2.70,2.73,2.70,2.72,14042201,38093836.00
2023/09/04,2.73,2.76,2.72,2.76,15167301,41618612.00
2023/09/05,2.75,2.76,2.72,2.73,8059950,22046980.00
2023/09/06,2.73,2.76,2.71,2.75,18480150,50601348.00
2023/09/07,2.75,2.76,2.70,2.70,19400900,52722616.00
2023/09/08,2.70,2.72,2.69,2.70,10052000,27149260.00
2023/09/11,2.71,2.72,2.69,2.71,9541906,25831090.00
2023/09/12,2.71,2.73,2.70,2.71,8999310,24443486.00
2023/09/13,2.71,2.74,2.69,2.72,18772455,50971224.00
2023/09/14,2.72,2.72,2.69,2.70,13722200,37090740.00
2023/09/15,2.71,2.71,2.68,2.71,11098900,29939032.00
2023/09/18,2.70,2.71,2.68,2.70,8126500,21931566.00
2023/09/19,2.70,2.70,2.68,2.69,7318900,19700574.00
2023/09/20,2.69,2.69,2.67,2.67,9293200,24909636.00
2023/09/21,2.67,2.69,2.66,2.67,9873200,26387508.00
2023/09/22,2.67,2.69,2.65,2.69,10879853,29088650.00
2023/09/25,2.69,2.69,2.66,2.66,6687700,17866148.00
2023/09/26,2.66,2.68,2.66,2.66,5313303,14177218.00
2023/09/27,2.67,2.70,2.66,2.68,12705260,34061988.00
2023/09/28,2.69,2.71,2.68,2.70,9107303,24545014.00
2023/10/09,2.70,2.72,2.68,2.69,11347700,30633892.00
2023/10/10,2.69,2.71,2.68,2.68,7195900,19376388.00
2023/10/11,2.68,2.69,2.67,2.68,6570800,17610652.00
2023/10/12,2.68,2.70,2.67,2.70,8604900,23135872.00
2023/10/13,2.70,2.78,2.69,2.74,38078500,104338448.00
2023/10/16,2.70,2.72,2.69,2.69,22777900,61478224.00
2023/10/17,2.69,2.71,2.67,2.69,10333150,27739716.00
2023/10/18,2.69,2.69,2.65,2.65,13075545,34867268.00
2023/10/19,2.65,2.65,2.55,2.56,22610300,58380424.00
2023/10/20,2.55,2.58,2.53,2.54,9514800,24282732.00
2023/10/23,2.53,2.55,2.49,2.49,11914141,29821874.00
2023/10/24,2.49,2.54,2.49,2.53,9826241,24784752.00
2023/10/25,2.61,2.78,2.59,2.78,114541644,314090592.00
2023/10/26,2.77,2.77,2.64,2.68,102821709,276532768.00
2023/10/27,2.67,2.68,2.62,2.64,53422700,140931648.00
2023/10/30,2.62,2.65,2.61,2.64,33245938,87535312.00
2023/10/31,2.63,2.64,2.59,2.63,25706620,67192856.00
2023/11/01,2.63,2.64,2.61,2.61,16606400,43470008.00
2023/11/02,2.62,2.62,2.57,2.57,21737800,56315388.00
2023/11/03,2.56,2.59,2.56,2.58,15968556,41155176.00
2023/11/06,2.59,2.63,2.58,2.62,20132500,52467664.00
2023/11/07,2.61,2.63,2.59,2.63,17190720,44905144.00
2023/11/08,2.62,2.63,2.60,2.61,13582200,35520088.00
2023/11/09,2.61,2.62,2.59,2.60,13864898,36092876.00
2023/11/10,2.59,2.61,2.57,2.60,10698350,27697612.00
2023/11/13,2.60,2.62,2.59,2.62,12109600,31572670.00
2023/11/14,2.62,2.65,2.61,2.63,20255100,53295952.00
2023/11/15,2.65,2.66,2.63,2.63,16282103,43019124.00
2023/11/16,2.64,2.69,2.62,2.66,31088100,82655928.00
2023/11/17,2.66,2.67,2.64,2.67,17596300,46766168.00
2023/11/20,2.67,2.68,2.66,2.67,15371253,40986140.00
2023/11/21,2.67,2.71,2.66,2.68,24129900,64910772.00
2023/11/22,2.68,2.69,2.66,2.66,16062400,42917436.00
2023/11/23,2.66,2.68,2.63,2.67,19364500,51433656.00
2023/11/24,2.67,2.69,2.64,2.65,14261100,37850068.00
2023/11/27,2.65,2.65,2.61,2.62,13729957,36068320.00
2023/11/28,2.62,2.64,2.61,2.64,9895590,25994980.00
2023/11/29,2.64,2.64,2.61,2.62,8930332,23400484.00
2023/11/30,2.61,2.64,2.58,2.60,13572900,35295772.00
2023/12/01,2.60,2.63,2.59,2.62,12048400,31520422.00
2023/12/04,2.63,2.74,2.62,2.69,35084280,94071440.00
2023/12/05,2.68,2.71,2.65,2.65,25084322,67176496.00
2023/12/06,2.66,2.66,2.63,2.66,14017588,37124140.00
2023/12/07,2.66,2.93,2.64,2.93,230941103,669082560.00
2023/12/08,2.81,2.91,2.75,2.75,181830608,511271936.00
2023/12/11,2.75,2.88,2.75,2.83,119218156,336900032.00
2023/12/12,2.82,2.86,2.78,2.81,68766344,193080864.00
2023/12/13,2.84,3.06,2.79,2.90,146088924,426746560.00
2023/12/14,2.90,2.99,2.86,2.90,88859281,258524176.00
2023/12/15,2.91,2.93,2.86,2.87,53399300,153560512.00
2023/12/18,2.85,2.85,2.78,2.80,59777399,168091744.00
2023/12/19,2.81,2.82,2.74,2.77,36829500,101781344.00
2023/12/20,2.77,2.80,2.73,2.73,34636472,95455936.00
2023/12/21,2.72,2.79,2.70,2.78,35556350,97973776.00
2023/12/22,2.78,2.79,2.70,2.73,34577700,94666240.00
2023/12/25,2.72,2.73,2.70,2.71,18024400,48880200.00
2023/12/26,2.71,2.71,2.67,2.69,18501700,49745872.00
2023/12/27,2.68,2.69,2.63,2.67,22206600,58980208.00
2023/12/28,2.66,2.71,2.63,2.69,28321900,75844512.00
2023/12/29,2.68,2.71,2.67,2.70,23505100,63342152.00
2024/01/02,2.72,2.72,2.69,2.71,21242700,57456600.00
2024/01/03,2.70,2.70,2.66,2.70,22560957,60591492.00
2024/01/04,2.70,2.70,2.66,2.67,15314800,40976600.00
2024/01/05,2.67,2.68,2.61,2.62,25000743,66100520.00
2024/01/08,2.62,2.63,2.59,2.59,17656081,46123596.00
2024/01/09,2.60,2.62,2.57,2.58,17284108,44815460.00
2024/01/10,2.58,2.60,2.54,2.58,17865700,45960204.00
2024/01/11,2.58,2.78,2.57,2.69,51123535,136733984.00
2024/01/12,2.67,2.75,2.64,2.64,32990263,88448432.00
2024/01/15,2.63,2.66,2.61,2.64,14520713,38311468.00
2024/01/16,2.64,2.68,2.59,2.65,22246700,58593208.00
2024/01/17,2.64,2.69,2.61,2.61,24008600,63773800.00
2024/01/18,2.59,2.63,2.55,2.61,23912898,61658976.00
2024/01/19,2.61,2.63,2.57,2.58,16522200,42872764.00
2024/01/22,2.57,2.58,2.48,2.50,25418010,64339172.00
2024/01/23,2.49,2.52,2.47,2.52,10041910,25120592.00
2024/01/24,2.52,2.56,2.49,2.56,17152183,43424564.00
2024/01/25,2.57,2.63,2.54,2.62,30202861,78323000.00
2024/01/26,2.62,2.67,2.60,2.63,26615739,70194472.00
2024/01/29,2.62,2.89,2.60,2.78,179159593,510544320.00
2024/01/30,2.70,2.74,2.59,2.59,135958892,360197248.00
2024/01/31,2.51,2.54,2.33,2.33,101312878,245444160.00
2024/02/01,2.19,2.26,2.15,2.18,48131000,105854272.00
2024/02/02,2.17,2.20,1.96,2.03,57501160,119107432.00
2024/02/05,2.03,2.04,1.86,1.87,40118296,76762568.00
2024/02/06,1.85,1.98,1.73,1.87,35399233,64674732.00
2024/02/07,1.87,1.93,1.81,1.83,25791400,48367400.00
2024/02/08,1.85,1.96,1.79,1.95,30593004,57451376.00
2024/02/19,1.96,2.05,1.96,2.02,25963016,52209012.00
2024/02/20,2.01,2.03,1.97,2.02,18220300,36468824.00
2024/02/21,2.02,2.14,2.01,2.07,35391350,74155240.00
2024/02/22,2.07,2.20,2.07,2.13,28146800,59980552.00
2024/02/23,2.12,2.17,2.11,2.17,29097837,62304520.00
2024/02/26,2.17,2.22,2.13,2.19,34810300,75841344.00
2024/02/27,2.14,2.21,2.13,2.20,39342083,85610616.00
2024/02/28,2.20,2.27,2.08,2.09,52866500,115649896.00
2024/02/29,2.07,2.15,2.04,2.14,27310989,57851004.00
2024/03/01,2.15,2.17,2.10,2.14,24022400,51248520.00
2024/03/04,2.14,2.17,2.08,2.10,24102818,50811052.00
2024/03/05,2.10,2.27,2.07,2.14,56236919,121908856.00
2024/03/06,2.10,2.16,2.09,2.12,32871765,69650624.00
2024/03/07,2.12,2.21,2.11,2.13,38915669,84174168.00
2024/03/08,2.13,2.17,2.12,2.15,23187200,49653640.00
2024/03/11,2.16,2.25,2.16,2.23,44807287,98521528.00
2024/03/12,2.25,2.37,2.20,2.34,66298858,151413200.00
2024/03/13,2.31,2.32,2.25,2.27,41341800,94266608.00
2024/03/14,2.31,2.33,2.20,2.22,33227587,74643384.00
2024/03/15,2.22,2.23,2.17,2.21,26482680,58264872.00
2024/03/18,2.22,2.42,2.22,2.34,79593273,185617888.00
2024/03/19,2.33,2.35,2.27,2.29,45619400,104850040.00
2024/03/20,2.28,2.35,2.28,2.34,38941390,89966864.00
2024/03/21,2.34,2.54,2.34,2.45,98497011,240925344.00
2024/03/22,2.39,2.52,2.37,2.45,84030368,205601808.00
2024/03/25,2.50,2.59,2.36,2.36,71671944,177222528.00
2024/03/26,2.34,2.36,2.25,2.28,53112095,121507552.00
2024/03/27,2.27,2.27,2.18,2.18,35994000,79662736.00
2024/03/28,2.20,2.39,2.20,2.29,46627784,106491216.00
2024/03/29,2.30,2.38,2.26,2.33,43836350,101554408.00
2024/04/01,2.35,2.45,2.34,2.36,40672800,96672400.00
2024/04/02,2.33,2.41,2.30,2.31,44175915,103554024.00
2024/04/03,2.29,2.31,2.24,2.29,31878531,72535440.00
2024/04/08,2.29,2.31,2.23,2.24,24695303,56057756.00
2024/04/09,2.26,2.33,2.24,2.26,25306622,57425096.00
2024/04/10,2.22,2.24,2.12,2.16,37637848,81653064.00
2024/04/11,2.13,2.17,2.11,2.12,18493044,39543080.00
2024/04/12,2.11,2.14,2.07,2.08,21020406,44092592.00
2024/04/15,2.08,2.09,1.87,1.94,44104805,86285384.00
2024/04/16,1.91,1.93,1.83,1.84,27165066,50769916.00
2024/04/17,1.86,1.99,1.86,1.99,28067700,54759020.00
2024/04/18,2.00,2.19,2.00,2.19,126373294,272995488.00
2024/04/19,2.12,2.18,2.09,2.10,92071133,195695408.00
2024/04/22,2.11,2.22,2.07,2.13,65115000,139880832.00
2024/04/23,2.10,2.15,2.09,2.12,35894600,76191504.00
2024/04/24,2.10,2.28,2.09,2.25,72697237,160116992.00
2024/04/25,2.23,2.28,2.17,2.18,51632400,114289688.00
2024/04/26,2.18,2.24,2.15,2.16,51385630,112464352.00
2024/04/29,2.13,2.21,2.11,2.20,51835550,112594776.00
2024/04/30,2.19,2.20,2.09,2.10,45745968,97461632.00
2024/05/06,2.13,2.15,2.10,2.11,26071751,55103768.00
2024/05/07,2.11,2.19,2.07,2.18,47477746,101245232.00
2024/05/08,2.15,2.16,2.10,2.11,27147006,57625968.00
2024/05/09,2.11,2.13,2.10,2.12,15512800,32917342.00
2024/05/10,2.12,2.14,2.08,2.14,22649300,47810032.00
2024/05/13,2.17,2.17,2.13,2.13,17613200,37759264.00
2024/05/14,2.12,2.14,2.10,2.11,13636607,28860356.00
2024/05/15,2.11,2.13,2.09,2.11,11722992,24712862.00
2024/05/16,2.11,2.16,2.10,2.14,22303593,47627028.00
2024/05/17,2.32,2.35,2.25,2.26,146950335,341276608.00
2024/05/20,2.26,2.27,2.15,2.15,102411549,224199456.00
2024/05/21,2.16,2.23,2.12,2.12,50252100,108597320.00
2024/05/22,2.11,2.17,2.10,2.14,29513800,63071400.00
2024/05/23,2.14,2.16,2.09,2.10,30238500,63837060.00
2024/05/24,2.09,2.10,2.03,2.04,27080000,55872112.00
2024/05/27,2.04,2.07,2.04,2.06,12909936,26485172.00
2024/05/28,2.06,2.09,2.05,2.08,13908400,28789334.00
2024/05/29,2.08,2.09,2.05,2.06,12234300,25276720.00
2024/05/30,2.05,2.06,2.01,2.02,15153700,30761680.00
2024/05/31,2.01,2.04,2.01,2.03,10023356,20304944.00
2024/06/03,2.03,2.03,1.94,1.96,19561110,38723764.00
2024/06/04,1.95,1.99,1.92,1.99,12758510,24966242.00
2024/06/05,2.00,2.00,1.93,1.94,9285700,18160344.00
2024/06/06,1.94,1.95,1.84,1.86,20365400,38256808.00
2024/06/07,1.86,1.90,1.86,1.90,8353350,15729820.00
2024/06/11,1.88,1.93,1.86,1.91,8921523,16857552.00
2024/06/12,1.90,1.93,1.90,1.91,6516850,12455582.00
2024/06/13,1.91,1.92,1.87,1.88,6384200,12049030.00
2024/06/14,2.01,2.02,1.93,1.94,25880500,51092340.00
2024/06/17,1.92,1.94,1.87,1.90,16525750,31383180.00
2024/06/18,1.89,1.92,1.88,1.91,8648300,16463966.00
2024/06/19,1.92,1.97,1.90,1.93,13230800,25694052.00
2024/06/20,1.94,1.96,1.86,1.87,15769100,29836844.00
2024/06/21,1.86,1.88,1.82,1.86,8280550,15367390.00
2024/06/24,1.85,1.86,1.78,1.80,15186300,27394964.00
2024/06/25,1.80,1.82,1.76,1.78,11249300,20112194.00
2024/06/26,1.78,1.80,1.74,1.79,13006528,22996196.00
2024/06/27,1.77,1.78,1.73,1.73,11343272,19908732.00
2024/06/28,1.69,1.70,1.56,1.56,21009400,33398944.00
2024/07/01,1.46,1.53,1.40,1.51,68922846,100104792.00
2024/07/02,1.50,1.57,1.48,1.52,42962800,65690624.00
2024/07/03,1.53,1.59,1.52,1.53,29640460,46042064.00
2024/07/04,1.52,1.55,1.45,1.46,22159571,32921628.00
2024/07/05,1.46,1.51,1.42,1.51,24253100,35757588.00
2024/07/08,1.54,1.55,1.45,1.46,21249357,31499554.00
2024/07/09,1.45,1.47,1.41,1.46,21244150,30583160.00
2024/07/10,1.41,1.43,1.32,1.36,34058025,46432648.00
2024/07/11,1.38,1.49,1.37,1.47,38797980,55789680.00
2024/07/12,1.47,1.49,1.44,1.46,18103050,26536238.00
2024/07/15,1.46,1.46,1.41,1.41,12613900,17945518.00
2024/07/16,1.41,1.41,1.38,1.41,9479600,13247662.00
2024/07/17,1.40,1.41,1.37,1.38,12270478,16962350.00
2024/07/18,1.37,1.38,1.34,1.38,11400765,15481153.00
2024/07/19,1.38,1.39,1.34,1.38,11146975,15247627.00
2024/07/22,1.40,1.43,1.37,1.41,14317500,20040060.00
2024/07/23,1.41,1.44,1.38,1.38,13502850,19059420.00
2024/07/24,1.39,1.42,1.35,1.36,11943082,16427955.00
2024/07/25,1.36,1.39,1.34,1.37,10333100,14104911.00
2024/07/26,1.37,1.43,1.36,1.41,12752556,17762262.00
2024/07/29,1.41,1.44,1.38,1.44,17970850,25498016.00
2024/07/30,1.57,1.58,1.45,1.47,48748456,73056976.00
2024/07/31,1.47,1.62,1.43,1.61,94079282,146742864.00
2024/08/01,1.57,1.58,1.54,1.54,57297299,89306712.00
2024/08/02,1.52,1.62,1.51,1.57,49143130,76945352.00
2024/08/05,1.56,1.59,1.50,1.50,44687000,69143888.00
2024/08/06,1.51,1.54,1.49,1.52,25703512,38873944.00
2024/08/07,1.53,1.54,1.51,1.52,18846200,28702260.00
2024/08/08,1.51,1.53,1.48,1.52,17641765,26520778.00
2024/08/09,1.52,1.56,1.50,1.51,21011900,32122690.00
2024/08/12,1.50,1.51,1.47,1.47,17537500,26088946.00
2024/08/13,1.45,1.49,1.45,1.49,15639550,23040782.00
2024/08/14,1.48,1.53,1.48,1.51,18158700,27482296.00
2024/08/15,1.50,1.57,1.49,1.56,29532206,45464344.00
2024/08/16,1.56,1.57,1.48,1.49,24536417,37123400.00
2024/08/19,1.49,1.50,1.45,1.48,15929271,23560772.00
2024/08/20,1.46,1.48,1.43,1.44,14466806,21016046.00
2024/08/21,1.43,1.46,1.42,1.43,10950682,15735506.00
2024/08/22,1.43,1.45,1.39,1.40,13276526,18713590.00
2024/08/23,1.39,1.41,1.37,1.41,12018100,16679534.00
2024/08/26,1.40,1.45,1.39,1.42,9675550,13791328.00
2024/08/27,1.43,1.44,1.39,1.39,7108950,10007094.00
2024/08/28,1.39,1.42,1.37,1.40,8681400,12134467.00
2024/08/29,1.39,1.43,1.39,1.41,9811800,13861471.00
2024/08/30,1.42,1.47,1.40,1.45,17329445,25070264.00
2024/09/02,1.45,1.48,1.43,1.43,9995400,14510600.00
2024/09/03,1.43,1.45,1.42,1.43,7216100,10336719.00
2024/09/04,1.42,1.43,1.41,1.41,6862850,9731356.00
2024/09/05,1.42,1.43,1.41,1.42,5798350,8239424.00
2024/09/06,1.43,1.50,1.42,1.44,27215300,39785428.00
2024/09/09,1.43,1.47,1.42,1.45,17476860,25223532.00
2024/09/10,1.45,1.47,1.43,1.45,13928300,20137792.00
2024/09/11,1.44,1.46,1.43,1.45,10888600,15791724.00
2024/09/12,1.45,1.50,1.45,1.46,11716960,17192456.00
2024/09/13,1.47,1.53,1.45,1.51,34431434,51756276.00
2024/09/18,1.50,1.50,1.43,1.47,22485300,32881978.00
2024/09/19,1.46,1.54,1.45,1.52,34712507,52266084.00
2024/09/20,1.52,1.54,1.50,1.52,24435600,37104636.00
2024/09/23,1.51,1.53,1.48,1.52,19864303,29967640.00
2024/09/24,1.53,1.58,1.52,1.58,35825171,55920436.00
2024/09/25,1.60,1.67,1.58,1.62,48050536,78385320.00
2024/09/26,1.62,1.69,1.61,1.69,45847450,76082144.00
2024/09/27,1.73,1.78,1.70,1.76,56400926,98082016.00
2024/09/30,1.82,1.94,1.78,1.92,93314130,174479968.00
2024/10/08,2.11,2.11,1.85,2.06,145783427,295425664.00
2024/10/09,1.94,1.96,1.85,1.85,85233847,160831472.00
2024/10/10,1.84,1.89,1.72,1.82,65026078,117780264.00
2024/10/11,1.78,1.83,1.70,1.73,42708853,75188264.00
2024/10/14,1.77,1.84,1.76,1.82,47382881,85312712.00
2024/10/15,1.81,1.85,1.78,1.78,41645677,75485584.00
2024/10/16,1.82,1.96,1.82,1.96,78695238,151927984.00
2024/10/17,2.01,2.08,1.88,1.89,131361065,260140528.00
2024/10/18,1.86,2.08,1.86,2.08,106420577,214235312.00
2024/10/21,2.23,2.29,2.15,2.29,189314089,427155520.00
2024/10/22,2.52,2.52,2.41,2.52,76948509,192741888.00
2024/10/23,2.77,2.77,2.39,2.39,336566973,880036928.00
2024/10/24,2.32,2.63,2.32,2.63,215480129,540597248.00
2024/10/25,2.68,2.89,2.65,2.89,173277333,493034656.00
2024/10/28,3.17,3.18,3.03,3.18,79216302,250587584.00
2024/10/29,3.50,3.50,3.50,3.50,14909848,52184468.00
2024/10/30,3.85,3.85,3.50,3.85,222666623,846973376.00
2024/10/31,4.24,4.24,4.24,4.24,24166240,102464856.00
2024/11/01,4.66,4.66,4.29,4.66,456328707,2099487232.00
2024/11/04,4.72,5.13,4.19,5.13,418863938,1969050496.00
2024/11/05,5.46,5.64,4.70,5.64,330620491,1822793600.00
2024/11/06,6.20,6.20,6.20,6.20,52338493,324498656.00
2024/11/07,6.82,6.82,5.76,6.82,475429956,3152712960.00
2024/11/08,6.15,7.33,6.15,6.19,502207393,3307865600.00
2024/11/11,5.57,5.57,5.57,5.57,31186300,173707696.00
2024/11/12,5.01,5.01,5.01,5.01,19296400,96674960.00
2024/11/13,4.51,5.37,4.51,5.12,394570157,1930584320.00
2024/11/14,4.65,4.86,4.61,4.61,247828143,1158035072.00
2024/11/15,4.40,4.53,4.15,4.16,270761118,1154849280.00
2024/11/18,4.10,4.26,3.80,4.01,256075664,1017994624.00
2024/11/19,3.98,4.38,3.87,4.29,249555245,1028448896.00
2024/11/20,4.25,4.72,4.11,4.72,288287685,1279725824.00
2024/11/21,4.78,5.19,4.70,4.88,354312210,1756190720.00
2024/11/22,4.69,5.22,4.40,4.77,287326382,1345783936.00
2024/11/25,4.59,4.87,4.35,4.52,187696150,849953280.00
2024/11/26,4.42,4.61,4.16,4.19,142074197,624104256.00
2024/11/27,4.14,4.61,4.02,4.61,300089396,1339369856.00
2024/11/28,4.69,4.89,4.60,4.62,306841994,1453363200.00
2024/11/29,4.56,4.76,4.36,4.56,222643477,1006820672.00
2024/12/02,4.62,4.94,4.62,4.87,243029268,1164982656.00
2024/12/03,4.91,5.36,4.79,5.36,255305631,1316924544.00
2024/12/04,5.64,5.90,5.01,5.29,412146450,2279447040.00
2024/12/05,5.11,5.50,5.05,5.39,238806496,1271698816.00
2024/12/06,5.31,5.39,5.11,5.19,209896820,1096088576.00
2024/12/09,5.14,5.60,4.91,5.35,260682705,1347985408.00
2024/12/10,5.61,5.65,5.20,5.32,237780724,1296603648.00
2024/12/11,5.20,5.46,5.14,5.30,156933621,824613312.00
2024/12/12,5.23,5.28,5.07,5.16,141155524,728133504.00
2024/12/13,5.10,5.14,4.92,4.94,115167150,579480704.00
2024/12/16,4.90,5.15,4.84,5.05,110743481,556372288.00
2024/12/17,5.01,5.02,4.60,4.61,112396103,535793440.00
2024/12/18,4.59,4.84,4.58,4.67,78992436,371064928.00
2024/12/19,4.65,4.72,4.51,4.62,71476218,329472896.00
2024/12/20,4.62,4.74,4.56,4.62,68450400,318212960.00
2024/12/23,4.60,4.60,4.28,4.30,92455856,406540960.00
2024/12/24,4.29,4.38,4.24,4.28,63654974,273696768.00
2024/12/25,4.24,4.47,4.03,4.37,135705295,574372096.00
2024/12/26,4.33,4.33,4.15,4.17,91874150,387005440.00
2024/12/27,4.12,4.29,4.12,4.14,74932742,315099616.00
2024/12/30,4.15,4.19,4.03,4.07,59310150,241699632.00
2024/12/31,4.06,4.09,3.91,3.92,67515831,268817152.00
2025/01/02,3.87,3.99,3.76,3.80,69277553,268644512.00
2025/01/03,3.80,3.84,3.50,3.50,84059389,303086048.00
2025/01/06,3.47,3.52,3.36,3.42,62174454,213839984.00
2025/01/07,3.41,3.60,3.41,3.60,67485823,237318192.00
2025/01/08,3.68,3.80,3.46,3.62,99787853,360545216.00
2025/01/09,3.59,3.72,3.56,3.67,71997823,264065792.00
2025/01/10,3.66,3.70,3.49,3.49,53300400,191463248.00
2025/01/13,3.41,3.52,3.32,3.48,41966400,144335312.00
2025/01/14,3.51,3.70,3.50,3.69,63393823,229763520.00
2025/01/15,3.71,3.78,3.61,3.69,75071371,277521696.00
2025/01/16,3.71,3.82,3.66,3.72,60950825,228140832.00
2025/01/17,3.70,3.72,3.64,3.69,37143300,136670848.00
2025/01/20,3.72,3.76,3.64,3.68,39695900,146795152.00
2025/01/21,3.49,3.62,3.41,3.45,95394400,330456480.00
2025/01/22,3.47,3.48,3.30,3.32,55572200,185532640.00
2025/01/23,3.38,3.49,3.27,3.28,77822890,263733040.00
2025/01/24,3.25,3.32,3.22,3.30,45442290,148926944.00
2025/01/27,3.33,3.37,3.22,3.22,34008200,111101992.00
2025/02/05,3.28,3.36,3.26,3.30,55687800,184867072.00
2025/02/06,3.34,3.39,3.26,3.39,61352503,205586560.00
2025/02/07,3.43,3.73,3.41,3.73,102526990,368130016.00
2025/02/10,3.97,4.10,3.83,4.10,167669618,667613248.00
2025/02/11,4.30,4.32,4.03,4.06,253293019,1059640832.00
2025/02/12,4.04,4.30,3.98,4.20,172274880,721053952.00
2025/02/13,4.26,4.49,4.17,4.21,178257248,763301632.00
2025/02/14,4.03,4.63,3.97,4.40,235475936,991659904.00
2025/02/17,4.39,4.59,4.25,4.46,204259100,903369472.00
2025/02/18,4.40,4.41,4.08,4.10,149981326,631546176.00
2025/02/19,4.03,4.17,4.01,4.14,78140371,321344288.00
2025/02/20,4.13,4.17,4.05,4.08,68392850,279926464.00
2025/02/21,4.04,4.18,3.98,4.11,100681094,410337760.00
2025/02/24,4.15,4.38,4.13,4.21,136162324,578275456.00
2025/02/25,4.12,4.35,4.07,4.21,120914623,513791456.00
2025/02/26,4.18,4.24,4.14,4.19,88904247,370908288.00
2025/02/27,4.18,4.26,4.07,4.12,69589700,288663712.00
2025/02/28,4.12,4.13,3.98,3.99,60998200,246192768.00
2025/03/03,3.94,4.13,3.86,4.05,74488922,298524672.00
2025/03/04,3.97,3.99,3.92,3.96,51713000,204113536.00
2025/03/05,3.96,4.01,3.92,3.99,45079800,178477904.00
2025/03/06,4.00,4.14,4.00,4.09,89426730,365623904.00
2025/03/07,4.09,4.20,4.01,4.05,90575353,372472576.00
2025/03/10,4.01,4.04,3.96,4.00,41922750,167181200.00
2025/03/11,3.95,4.02,3.92,3.98,36359400,144047968.00
2025/03/12,3.98,4.07,3.98,4.00,47221350,190127568.00
2025/03/13,3.98,3.99,3.82,3.87,59238735,229852064.00
2025/03/14,3.86,3.93,3.83,3.91,38086302,148021328.00
2025/03/17,3.91,4.01,3.89,3.92,40775648,160924000.00
2025/03/18,3.93,3.95,3.86,3.88,35906608,139344560.00
2025/03/19,3.86,3.86,3.77,3.77,50881350,193261200.00
2025/03/20,3.76,3.82,3.73,3.76,33416600,126162856.00
2025/03/21,3.76,3.77,3.65,3.68,39643626,146652288.00
2025/03/24,3.68,3.70,3.48,3.59,50949453,181265792.00
2025/03/25,3.62,3.63,3.53,3.55,25766600,91833088.00
2025/03/26,3.53,3.59,3.51,3.57,23819503,84868584.00
2025/03/27,3.55,3.56,3.49,3.53,22048694,77842816.00
2025/03/28,3.51,3.53,3.45,3.46,26429769,91823768.00
2025/03/31,3.43,3.54,3.36,3.40,37499800,128505552.00
2025/04/01,3.40,3.45,3.39,3.39,24001000,81962736.00
2025/04/02,3.37,3.44,3.36,3.39,20695600,70358672.00
2025/04/03,3.36,3.44,3.33,3.40,27849450,94795200.00
2025/04/07,3.24,3.25,3.06,3.06,29479739,91097952.00
2025/04/08,2.81,3.00,2.81,2.89,63326652,182152304.00
2025/04/09,2.87,3.07,2.60,3.03,68286499,196923424.00
2025/04/10,3.08,3.16,3.06,3.11,49585950,154859088.00
2025/04/11,3.13,3.20,3.10,3.13,34571050,108749584.00
2025/04/14,3.20,3.28,3.17,3.24,40361356,130848744.00
2025/04/15,3.21,3.23,3.18,3.19,27200706,86975368.00
2025/04/16,3.18,3.21,3.07,3.12,27417600,86117072.00
2025/04/17,3.10,3.17,3.07,3.11,21441700,67223800.00
2025/04/18,3.12,3.28,3.08,3.15,47109600,149026208.00
2025/04/21,3.13,3.20,3.10,3.19,32253450,102170384.00
2025/04/22,3.20,3.27,3.14,3.15,29136850,92762496.00
2025/04/23,3.16,3.47,3.15,3.35,89205483,292768096.00
2025/04/24,3.26,3.27,3.10,3.13,88823233,281282400.00
2025/04/25,3.09,3.17,3.03,3.10,47411576,146293232.00
2025/04/28,3.07,3.09,2.98,2.99,34274200,103217272.00
2025/04/29,3.00,3.06,2.97,3.01,22196156,67150984.00
2025/04/30,3.00,3.08,2.99,3.04,26950100,82169376.00
2025/05/06,3.08,3.19,3.06,3.19,51146795,161246864.00
2025/05/07,3.23,3.30,3.19,3.23,56680150,183141216.00
2025/05/08,3.21,3.35,3.20,3.33,59262182,195445584.00
2025/05/09,3.34,3.36,3.24,3.26,39679000,129859384.00
2025/05/12,3.26,3.28,3.23,3.27,28549250,93143696.00
2025/05/13,3.31,3.32,3.23,3.24,29521700,96313560.00
2025/05/14,3.22,3.33,3.21,3.29,52177200,171246320.00
2025/05/15,3.30,3.30,3.19,3.19,30556300,98361472.00
2025/05/16,3.29,3.51,3.27,3.44,206470647,715558080.00
2025/05/19,3.36,3.38,3.23,3.31,138852317,457269248.00
2025/05/20,3.31,3.50,3.24,3.37,124767876,420285024.00
2025/05/21,3.35,3.41,3.31,3.31,70705300,236346816.00
2025/05/22,3.32,3.33,3.22,3.22,51405000,167572384.00
2025/05/23,3.20,3.22,3.11,3.11,45320112,143277424.00
2025/05/26,3.10,3.18,3.06,3.16,26232900,82479432.00
2025/05/27,3.15,3.18,3.12,3.18,25622600,80749720.00
2025/05/28,3.17,3.18,3.12,3.13,23457200,73594560.00
2025/05/29,3.12,3.26,3.12,3.24,52414478,168545424.00
2025/05/30,3.22,3.24,3.16,3.21,31352500,100154368.00
2025/06/03,3.18,3.24,3.14,3.18,31305417,99681400.00
2025/06/04,3.19,3.21,3.18,3.19,21024100,67082484.00
2025/06/05,3.20,3.21,3.17,3.19,25999517,82884768.00
2025/06/06,3.18,3.20,3.16,3.18,19188600,60913232.00
2025/06/09,3.18,3.26,3.18,3.25,38616183,124899440.00
2025/06/10,3.25,3.25,3.12,3.18,41905217,133068848.00
2025/06/11,3.17,3.22,3.15,3.19,19066200,60774420.00
2025/06/12,3.18,3.20,3.16,3.17,18720750,59342600.00
2025/06/13,3.16,3.16,3.11,3.14,25961400,81333896.00
2025/06/16,3.13,3.17,3.12,3.14,22417652,70332736.00
2025/06/17,3.16,3.23,3.13,3.17,40698100,129244680.00
2025/06/18,3.15,3.22,3.12,3.18,35453750,112366440.00
2025/06/19,3.18,3.20,3.11,3.12,31517603,98865792.00
2025/06/20,3.11,3.12,3.07,3.09,20493281,63380284.00
2025/06/23,3.08,3.10,3.04,3.10,19647100,60396904.00
2025/06/24,3.11,3.41,3.11,3.41,151286951,505190816.00
2025/06/25,3.41,3.45,3.30,3.38,168943125,568851840.00
2025/06/26,3.37,3.54,3.37,3.41,151280450,522663424.00
2025/06/27,3.43,3.46,3.38,3.40,81426440,277949536.00
2025/06/30,3.43,3.44,3.38,3.42,56606415,193143376.00
2025/07/01,3.43,3.43,3.35,3.38,49360703,167249168.00
2025/07/02,3.38,3.43,3.33,3.39,55995600,189575392.00
2025/07/03,3.39,3.72,3.37,3.53,171197000,609257792.00
2025/07/04,3.49,3.71,3.45,3.51,121118176,431417024.00
2025/07/07,3.52,3.75,3.43,3.70,144757825,525967520.00
2025/07/08,3.70,3.70,3.57,3.61,103106331,371818112.00
2025/07/09,3.60,3.65,3.51,3.54,86257243,307891872.00
2025/07/10,3.50,3.55,3.46,3.53,70028176,245218144.00
2025/07/11,3.53,3.61,3.48,3.53,49652127,174671920.00
2025/07/14,3.49,3.50,3.41,3.42,51516929,177110736.00
2025/07/15,3.40,3.42,3.31,3.33,50637343,169464112.00
2025/07/16,3.36,3.37,3.32,3.35,32266538,107958840.00
2025/07/17,3.48,3.69,3.47,3.69,130499500,478591552.00
2025/07/18,3.75,4.05,3.70,3.81,304817043,1176064000.00
2025/07/21,4.10,4.19,4.00,4.19,105773300,440235616.00
2025/07/22,4.61,4.61,4.61,4.61,18305860,84390016.00
2025/07/23,5.07,5.07,4.40,4.55,313867282,1489277056.00
2025/07/24,4.57,5.01,4.30,5.01,425929506,2051269504.00
2025/07/25,5.02,5.18,4.51,4.51,455896392,2174073088.00
2025/07/28,4.21,4.34,4.07,4.09,291611703,1213109120.00
2025/07/29,4.14,4.16,3.94,4.06,243284900,983756800.00
2025/07/30,4.00,4.09,3.91,3.95,146037650,581215168.00
2025/07/31,3.97,4.03,3.90,3.91,119630250,473403616.00
2025/08/01,3.88,3.93,3.85,3.93,93868400,365241536.00
2025/08/04,3.91,3.92,3.82,3.86,78117130,300905024.00
2025/08/05,3.84,3.90,3.82,3.84,68795150,264931280.00
2025/08/06,3.83,3.86,3.80,3.85,68596700,262899808.00
2025/08/07,3.84,3.85,3.79,3.82,64970647,247828512.00
2025/08/08,3.83,4.05,3.79,3.98,182184053,717164416.00
2025/08/11,4.00,4.01,3.90,3.96,99930800,394703392.00
2025/08/12,3.96,3.96,3.88,3.89,61459100,239712576.00
2025/08/13,3.90,3.92,3.86,3.87,56063053,217460080.00
2025/08/14,3.88,3.88,3.73,3.73,81041550,308262560.00
2025/08/15,3.72,3.79,3.71,3.78,45114100,169386976.00
2025/08/18,3.78,3.91,3.75,3.89,83348850,322084864.00
2025/08/19,3.89,3.93,3.84,3.90,70603450,274259424.00
2025/08/20,3.87,3.91,3.82,3.91,63064850,243807456.00
2025/08/21,3.91,3.98,3.89,3.92,87568278,343944832.00
2025/08/22,3.89,4.02,3.88,3.95,98633960,388952672.00
2025/08/25,3.95,4.08,3.93,4.04,129122179,518826560.00
2025/08/26,4.04,4.09,3.94,4.05,119218850,479791680.00
2025/08/27,4.02,4.02,3.86,3.87,117972000,464952032.00
2025/08/28,3.84,3.90,3.70,3.85,87098700,331302304.00
2025/08/29,3.82,3.85,3.77,3.78,44992850,170981328.00
2025/09/01,3.79,3.87,3.77,3.83,50899150,195084032.00
2025/09/02,3.83,3.87,3.76,3.82,59521950,226940672.00
2025/09/03,3.82,3.89,3.69,3.71,61773350,233714496.00
2025/09/04,3.70,3.74,3.61,3.67,47917440,177249840.00
2025/09/05,3.67,3.77,3.64,3.77,39975574,148373552.00
2025/09/08,3.77,3.78,3.71,3.74,32458224,121317592.00
2025/09/09,3.73,3.74,3.66,3.67,35954600,132729432.00
2025/09/10,3.66,3.70,3.63,3.67,26669400,97845424.00
2025/09/11,3.68,3.74,3.63,3.74,42905200,158349472.00
2025/09/12,3.73,3.91,3.71,3.84,94616477,363118688.00
2025/09/15,3.84,3.91,3.78,3.90,70762800,272315584.00
2025/09/16,3.90,3.92,3.86,3.92,75030400,292106272.00
2025/09/17,3.87,3.99,3.83,3.92,90078400,351678400.00
2025/09/18,3.97,4.30,3.95,4.10,227217679,927078464.00
2025/09/19,4.05,4.18,3.98,4.00,121641035,494166240.00
2025/09/22,3.95,3.95,3.75,3.78,99895850,379390944.00
2025/09/23,3.74,3.77,3.54,3.59,76201269,275546080.00
2025/09/24,3.58,3.78,3.53,3.74,64151800,234860496.00
2025/09/25,3.70,3.73,3.63,3.64,40290800,147806416.00
2025/09/26,3.64,3.65,3.58,3.59,30437237,109956008.00
2025/09/29,3.58,3.59,3.50,3.57,30503150,108468832.00
2025/09/30,3.57,3.61,3.57,3.59,21472100,77176616.00
2025/10/09,3.69,3.69,3.63,3.67,33544850,122736616.00
2025/10/10,3.65,3.71,3.62,3.68,35822756,131788736.00
2025/10/13,3.56,3.63,3.49,3.62,30798600,110254776.00
2025/10/14,3.63,3.72,3.62,3.65,43673656,160277536.00
2025/10/15,3.64,3.68,3.60,3.65,32064700,116550736.00
2025/10/16,3.64,3.65,3.56,3.57,32285850,115671472.00
2025/10/17,3.56,3.58,3.50,3.51,24734150,87352440.00
2025/10/20,3.50,3.70,3.49,3.68,38713100,137877056.00
2025/10/21,3.83,4.05,3.81,4.05,85341197,341561920.00
2025/10/22,4.40,4.46,4.32,4.46,199265064,884095744.00
2025/10/23,4.46,4.72,4.13,4.20,373882722,1653778176.00
2025/10/24,4.11,4.25,3.91,4.08,283131046,1148908416.00
2025/10/27,3.95,4.05,3.90,3.96,156289637,619164992.00
2025/10/28,3.91,3.93,3.84,3.85,132265182,512177952.00
2025/10/29,3.83,3.85,3.78,3.83,95882618,364933088.00
2025/10/30,3.80,3.83,3.75,3.75,79815800,301707520.00
2025/10/31,3.69,3.78,3.69,3.75,59621350,223573648.00
2025/11/03,3.73,3.78,3.73,3.78,54020498,203264704.00
2025/11/04,3.76,3.78,3.71,3.75,48476150,181310016.00
2025/11/05,3.71,3.79,3.70,3.78,53033679,199780880.00
2025/11/06,3.79,3.80,3.72,3.73,45686250,170710352.00
2025/11/07,3.72,3.75,3.69,3.69,46666712,173453344.00
2025/11/10,3.70,3.73,3.68,3.72,41784700,154672704.00
2025/11/11,3.73,3.75,3.70,3.74,40837198,152564512.00
2025/11/12,3.73,3.74,3.67,3.71,39955400,148079024.00
2025/11/13,3.69,3.74,3.68,3.74,37172400,138184480.00
2025/11/14,3.72,3.81,3.71,3.77,60794500,229735376.00
2025/11/17,3.77,3.89,3.74,3.85,80554899,308455648.00
2025/11/18,3.84,3.84,3.68,3.72,70678000,263517520.00
2025/11/19,3.70,3.71,3.62,3.65,39698958,144917648.00
2025/11/20,3.66,3.69,3.62,3.67,27815990,101718952.00
2025/11/21,3.62,3.64,3.51,3.52,46028992,163962880.00
2025/11/24,3.53,3.61,3.53,3.59,30922680,110381184.00
2025/11/25,3.59,3.62,3.57,3.60,25660603,92372456.00
2025/11/26,3.61,3.66,3.56,3.58,30328603,109613992.00
2025/11/27,3.57,3.58,3.54,3.55,21698800,77279592.00
2025/11/28,3.54,3.60,3.51,3.59,21774700,77531296.00
2025/12/01,3.58,3.60,3.57,3.59,20721130,74291808.00
2025/12/02,3.58,3.60,3.53,3.57,23601180,84085824.00
2025/12/03,3.56,3.57,3.50,3.52,27649359,97504864.00
2025/12/04,3.51,3.54,3.46,3.48,22792200,79643760.00
2025/12/05,3.47,3.54,3.45,3.53,23815606,83418520.00
2025/12/08,3.52,3.55,3.51,3.52,20320700,71597000.00
2025/12/09,3.50,3.52,3.46,3.47,21974260,76576152.00
2025/12/10,3.46,3.47,3.42,3.47,23504012,81021904.00
2025/12/11,3.46,3.47,3.37,3.37,29496830,100412744.00
2025/12/12,3.37,3.40,3.35,3.38,16841709,56955568.00
2025/12/15,3.35,3.40,3.32,3.37,17757727,59857756.00
2025/12/16,3.36,3.36,3.31,3.31,21315100,70843288.00
2025/12/17,3.30,3.32,3.23,3.31,25531769,83618496.00
2025/12/18,3.28,3.34,3.28,3.29,19335000,64065076.00
2025/12/19,3.29,3.40,3.28,3.38,29705025,99732440.00
2025/12/22,3.40,3.42,3.37,3.39,20593200,69835576.00
2025/12/23,3.38,3.39,3.31,3.32,20895550,69838560.00
2025/12/24,3.32,3.34,3.30,3.34,15472953,51478984.00
2025/12/25,3.36,3.42,3.34,3.41,28962500,98232080.00
2025/12/26,3.43,3.44,3.36,3.38,21330100,72189096.00
2025/12/29,3.37,3.40,3.35,3.38,19612200,66183196.00
2025/12/30,3.38,3.38,3.32,3.33,23671212,79098304.00
2025/12/31,3.33,3.35,3.30,3.34,15984370,53134176.00
2026/01/05,3.34,3.36,3.32,3.36,21398650,71503920.00
2026/01/06,3.35,3.43,3.34,3.43,36335850,123699840.00
2026/01/07,3.43,3.44,3.36,3.38,31991895,108279992.00
2026/01/08,3.37,3.72,3.36,3.72,126129045,463204896.00
2026/01/09,3.72,3.73,3.61,3.61,158874753,580230080.00
2026/01/12,3.63,3.73,3.60,3.68,107737700,395628000.00
2026/01/13,3.69,3.91,3.61,3.86,162448891,611490048.00
2026/01/14,3.79,3.98,3.75,3.83,146947356,565031232.00
2026/01/15,3.76,3.77,3.62,3.63,83771956,307479424.00
2026/01/16,3.66,3.73,3.66,3.66,46473400,171142272.00
2026/01/19,3.63,3.66,3.56,3.57,49157950,175673584.00
2026/01/20,3.56,3.60,3.53,3.55,34098700,121251984.00
2026/01/21,3.52,3.58,3.48,3.55,31435262,111081880.00
2026/01/22,3.55,3.69,3.53,3.64,47252100,171632320.00
2026/01/23,3.61,3.65,3.57,3.64,43252262,156443568.00
2026/01/26,3.64,3.64,3.51,3.54,40878600,145616656.00
2026/01/27,3.52,3.53,3.43,3.50,33206050,115572288.00
2026/01/28,3.49,3.54,3.47,3.51,26957756,94644368.00
2026/01/29,3.48,3.50,3.43,3.44,35185906,121734840.00
2026/01/30,3.45,3.46,3.39,3.41,26826556,91622784.00
2026/02/02,3.38,3.41,3.34,3.34,27900550,94105712.00
2026/02/03,3.38,3.43,3.36,3.40,20802700,70547512.00
2026/02/04,3.38,3.43,3.37,3.42,25810200,87847696.00
2026/02/05,3.41,3.42,3.39,3.39,16787864,57132160.00
2026/02/06,3.38,3.41,3.36,3.39,18634000,63105288.00
2026/02/09,3.39,3.43,3.39,3.43,16700400,57071548.00
2026/02/10,3.43,3.47,3.41,3.46,23136406,79743792.00
2026/02/11,3.44,3.46,3.39,3.40,24497100,83891480.00
2026/02/12,3.39,3.40,3.34,3.34,22060450,74043464.00
2026/02/13,3.36,3.42,3.35,3.36,19815300,66983784.00
2026/02/24,3.39,3.42,3.37,3.40,19259300,65473296.00
2026/02/25,3.41,3.44,3.39,3.42,21026700,72051352.00
2026/02/26,3.42,3.43,3.36,3.39,22984193,77867552.00
2026/02/27,3.38,3.43,3.37,3.42,18831950,64095208.00
2026/03/02,3.37,3.38,3.28,3.33,40180500,133477632.00
2026/03/03,3.32,3.32,3.23,3.24,26512213,86468528.00
2026/03/04,3.21,3.24,3.17,3.21,15452399,49593256.00
2026/03/05,3.25,3.29,3.24,3.27,16063600,52440564.00
2026/03/06,3.26,3.32,3.24,3.32,18968750,62547316.00
2026/03/09,3.30,3.34,3.25,3.30,19568800,64284296.00
2026/03/10,3.30,3.33,3.30,3.31,13900650,46067432.00
2026/03/11,3.32,3.32,3.27,3.29,15250316,50168208.00
2026/03/12,3.29,3.31,3.27,3.27,15390834,50596588.00
2026/03/13,3.26,3.31,3.25,3.28,18823650,61832016.00
2026/03/16,3.28,3.31,3.24,3.26,18103000,59106752.00
2026/03/17,3.28,3.37,3.28,3.29,30075300,99884960.00
2026/03/18,3.28,3.29,3.22,3.25,18816000,60905076.00
2026/03/19,3.22,3.24,3.18,3.19,15827900,50667928.00
2026/03/20,3.18,3.20,3.10,3.10,19264650,60246636.00
2026/03/23,3.07,3.07,2.83,2.87,30087576,88570816.00
2026/03/24,2.95,2.96,2.85,2.93,20040400,58183992.00
2026/03/25,2.94,3.02,2.92,3.01,20381150,60848164.00
2026/03/26,2.99,3.04,2.93,2.94,17582150,52266048.00
2026/03/27,2.90,2.97,2.89,2.95,14010800,41232448.00
2026/03/30,2.92,3.04,2.89,2.98,20232091,59737536.00
2026/03/31,2.97,3.28,2.95,3.28,37159105,120705072.00
2026/04/01,3.45,3.60,3.30,3.32,130794817,447076096.00
2026/04/02,3.18,3.21,3.07,3.10,80512200,251768832.00
2026/04/03,3.08,3.10,2.88,2.88,51298900,151096128.00
2026/04/07,2.89,2.92,2.86,2.90,24263017,70285712.00
2026/04/08,2.95,3.00,2.92,3.00,33517930,99504832.00
2026/04/09,2.70,2.70,2.70,2.70,27907700,75350792.00
2026/04/10,2.43,2.43,2.43,2.43,18682800,45399204.00
2026/04/13,2.19,2.43,2.19,2.36,234502662,531144160.00
2026/04/14,2.26,2.28,2.12,2.16,263772311,569550016.00
2026/04/15,2.18,2.20,2.07,2.09,173412962,371888416.00
2026/04/16,2.04,2.07,1.93,2.03,159060763,316776256.00
2026/04/17,2.08,2.10,1.98,2.05,131892386,269023360.00
2026/04/21,2.15,2.15,1.95,1.96,206226701,421543040.00
2026/04/22,1.89,1.90,1.86,1.86,64125300,120073296.00
2026/04/23,1.85,1.91,1.78,1.88,140966004,260928848.00
2026/04/24,1.83,1.85,1.79,1.79,117650000,212315168.00
2026/04/27,1.77,1.87,1.71,1.82,111409670,198604416.00
2026/04/28,1.79,1.83,1.76,1.78,79409770,141878432.00
2026/04/29,1.76,1.87,1.74,1.80,85820650,155911744.00
2026/04/30,1.78,1.79,1.73,1.75,80816774,141968720.00
2026/05/06,1.75,1.81,1.75,1.77,60940680,108113568.00
2026/05/07,1.78,1.85,1.75,1.82,77393109,138965232.00
2026/05/08,1.81,1.91,1.80,1.88,104615949,196386784.00
2026/05/11,1.87,1.90,1.83,1.84,80103156,149019408.00
2026/05/12,1.84,1.90,1.83,1.86,59684900,111151752.00
2026/05/13,1.84,1.86,1.78,1.81,59248331,107320320.00
2026/05/14,1.80,1.81,1.75,1.75,42564156,75401808.00
2026/05/15,1.75,1.77,1.72,1.74,29597850,51613752.00
2026/05/18,1.73,1.79,1.71,1.77,30695811,53849784.00
2026/05/19,1.77,1.82,1.76,1.81,34202870,61519260.00
2026/05/20,1.81,1.81,1.74,1.76,29262400,51641796.00
2026/05/21,1.75,1.76,1.67,1.67,34429600,59201368.00
2026/05/22,1.66,1.68,1.63,1.66,22372700,37135920.00
2026/05/25,1.65,1.66,1.58,1.60,40784170,65603124.00
2026/05/26,1.58,1.59,1.52,1.52,40780700,62672176.00
2026/05/27,1.52,1.55,1.48,1.53,36837500,55972676.00
2026/05/28,1.52,1.61,1.51,1.61,51467420,81961952.00
2026/05/29,1.63,1.69,1.62,1.66,54751312,91198104.00
2026/06/01,1.65,1.72,1.61,1.70,43377705,72842240.00
2026/06/02,1.70,1.71,1.65,1.67,35317050,59199316.00
2026/06/03,1.67,1.72,1.59,1.62,43648850,71889896.00
2026/06/04,1.60,1.62,1.57,1.59,25716056,40835204.00
2026/06/05,1.59,1.63,1.58,1.61,25806100,41425076.00
2026/06/08,1.57,1.61,1.54,1.58,26732750,42112112.00
2026/06/09,1.58,1.63,1.56,1.60,25495653,40558868.00
2026/06/10,1.59,1.59,1.52,1.52,29229100,44828520.00
2026/06/11,1.49,1.53,1.44,1.46,24498360,36053128.00
2026/06/12,1.48,1.51,1.47,1.49,22529360,33643620.00
2026/06/15,1.50,1.52,1.47,1.49,18792999,28023718.00
2026/06/16,1.48,1.53,1.45,1.52,25855809,38575876.00
2026/06/17,1.51,1.55,1.47,1.47,24756800,37423184.00
2026/06/18,1.48,1.48,1.40,1.40,26183362,37470036.00
2026/06/22,1.39,1.39,1.33,1.35,35470975,47541576.00
2026/06/23,1.35,1.40,1.34,1.37,29378800,40388600.00
2026/06/24,1.36,1.37,1.30,1.30,24954275,32790920.00
2026/06/25,1.27,1.28,1.24,1.24,12374600,15417258.00
2026/06/26,1.18,1.25,1.18,1.19,53497249,64029392.00
2026/06/29,1.19,1.22,1.13,1.13,51945213,59655556.00
2026/06/30,1.10,1.16,1.08,1.13,49341465,54928216.00
2026/07/01,1.14,1.19,1.13,1.19,26497914,31120412.00
2026/07/02,1.24,1.25,1.22,1.25,11960659,14866426.00
2026/07/03,1.31,1.31,1.26,1.31,67296965,87342632.00
2026/07/06,1.32,1.39,1.27,1.32,54350486,72048832.00
2026/07/07,1.30,1.31,1.21,1.21,42962800,53637724.00
2026/07/08,1.22,1.33,1.21,1.33,48311836,61810372.00
2026/07/09,1.33,1.46,1.32,1.38,81051836,113914984.00
2026/07/10,1.34,1.41,1.30,1.39,46780900,63905204.00
2026/07/13,1.41,1.45,1.37,1.38,40811508,57290528.00
2026/07/14,1.37,1.43,1.33,1.42,34191700,47524360.00
2026/07/15,1.39,1.43,1.35,1.36,32169100,44529752.00
2026/07/16,1.35,1.43,1.34,1.40,23980100,33527974.00
2026/07/17,1.39,1.43,1.32,1.32,27949300,38112584.00
2026/07/20,1.45,1.45,1.45,1.45,8806850,12769932.00
2026/07/21,1.45,1.59,1.42,1.54,106430748,159815808.00
2026/07/22,1.47,1.55,1.43,1.55,66205200,98271328.00
2026/07/23,1.56,1.67,1.54,1.65,66421800,107218320.00
2026/07/24,1.60,1.65,1.58,1.60,52280700,83956224.00
2026/07/27,1.59,1.64,1.56,1.62,34907350,56115808.00
2026/07/28,1.60,1.63,1.59,1.60,29173400,46919092.00
2026/07/29,1.61,1.67,1.60,1.64,34363500,56370452.00
2026/07/30,1.62,1.65,1.57,1.60,32019600,51441828.00
2026/07/31,1.61,1.69,1.60,1.67,35023800,57904152.00
2026/08/03,1.69,1.82,1.68,1.81,51766875,91344008.00
2026/08/04,1.79,1.80,1.74,1.79,38708350,68527416.00
2026/08/05,1.82,1.83,1.76,1.77,36309250,64857652.00
2026/08/06,1.77,1.78,1.69,1.72,37071700,64012988.00
2026/08/07,1.74,1.74,1.62,1.65,34274700,56795908.00
2026/08/10,1.65,1.73,1.63,1.71,31258300,53001928.00
2026/08/11,1.70,1.77,1.67,1.76,30832600,53428848.00
2026/08/12,1.76,1.78,1.72,1.76,23458800,40996148.00
2026/08/13,1.76,1.77,1.71,1.72,23361000,40543244.00
2026/08/14,1.71,1.78,1.70,1.76,24702900,43145392.00
2026/08/17,1.75,1.76,1.71,1.74,22917354,39748344.00
2026/08/18,1.73,1.76,1.69,1.75,23570304,40609128.00
2026/08/19,1.72,1.80,1.71,1.74,25451250,44511456.00
2026/08/20,1.74,1.82,1.72,1.82,40514500,71902584.00
2026/08/21,1.80,1.92,1.77,1.90,52574322,98424672.00
2026/08/24,1.89,1.94,1.86,1.89,35231168,66794224.00
2026/08/25,1.85,1.90,1.82,1.82,31991500,59441992.00
2026/08/26,1.80,1.83,1.79,1.80,21862000,39449108.00
2026/08/27,1.80,1.82,1.78,1.79,19215600,34581980.00
2026/08/28,1.80,1.80,1.78,1.79,22667700,40495784.00
2026/08/31,1.77,1.78,1.65,1.67,42634136,72040400.00
2026/09/01,1.67,1.71,1.65,1.69,24021880,40415000.00
2026/09/02,1.67,1.69,1.63,1.64,21830500,36126832.00
2026/09/03,1.66,1.69,1.65,1.68,17132200,28707568.00
2026/09/04,1.68,1.74,1.68,1.70,18322972,31470680.00
2026/09/07,1.71,1.71,1.68,1.71,11784232,20007550.00
2026/09/08,1.70,1.76,1.70,1.72,14400400,24927008.00
2026/09/09,1.71,1.73,1.68,1.68,12013300,20377506.00
2026/09/10,1.67,1.78,1.64,1.78,33481632,58018960.00
2026/09/11,1.76,1.83,1.75,1.79,29763732,53109156.00
2026/09/14,1.77,1.79,1.73,1.74,18229700,31937060.00
#数据来源:通达信
