002692 远程股份 日线 前复权
      日期	    开盘	    最高	    最低	    收盘	    成交量	    成交额
2021/08/02,2.67,2.71,2.64,2.70,1441343,3941879.50
2021/08/03,2.70,2.71,2.67,2.70,967988,2666758.00
2021/08/04,2.69,2.73,2.68,2.70,1497680,4143707.75
2021/08/05,2.69,2.71,2.64,2.65,2452698,6688506.50
2021/08/06,2.66,2.78,2.64,2.73,2378044,6610218.00
2021/08/09,2.73,2.79,2.71,2.76,2033200,5743939.00
2021/08/10,2.77,2.77,2.72,2.76,3628340,10148272.00
2021/08/11,2.74,2.75,2.70,2.74,2705800,7543972.00
2021/08/12,2.74,2.74,2.70,2.73,3755200,10418680.00
2021/08/13,2.72,2.76,2.71,2.75,2985302,8333951.50
2021/08/16,2.75,2.89,2.75,2.89,9379231,27457368.00
2021/08/17,2.94,3.04,2.88,2.92,11821662,35739816.00
2021/08/18,2.88,2.90,2.77,2.79,13636480,38938516.00
2021/08/19,2.78,2.81,2.72,2.79,5907221,16636319.00
2021/08/20,2.76,2.78,2.72,2.75,4028223,11290591.00
2021/08/23,2.75,2.79,2.74,2.78,3588283,10145002.00
2021/08/24,2.77,2.79,2.76,2.76,2930512,8297856.00
2021/08/25,2.76,2.82,2.76,2.79,3768100,10735447.00
2021/08/26,2.80,2.81,2.76,2.79,3626280,10298776.00
2021/08/27,2.77,2.78,2.75,2.78,3272920,9237709.00
2021/08/30,2.78,2.81,2.76,2.79,3512862,9986734.00
2021/08/31,2.77,2.79,2.75,2.78,3021120,8551880.00
2021/09/01,2.77,2.80,2.76,2.78,5035824,14260426.00
2021/09/02,2.78,2.83,2.77,2.83,6018894,17179110.00
2021/09/03,2.84,2.96,2.81,2.86,9134954,26757786.00
2021/09/06,2.86,2.86,2.83,2.84,3790600,10988019.00
2021/09/07,2.84,2.90,2.81,2.87,6138184,17897396.00
2021/09/08,2.87,2.94,2.86,2.93,8720776,25867704.00
2021/09/09,2.88,2.91,2.85,2.90,7011398,20562806.00
2021/09/10,2.89,2.91,2.84,2.85,4818160,14112397.00
2021/09/13,2.86,2.86,2.81,2.85,5375500,15584340.00
2021/09/14,2.84,2.89,2.84,2.86,4003000,11710834.00
2021/09/15,2.84,2.89,2.84,2.88,3980800,11653969.00
2021/09/16,2.88,2.89,2.84,2.85,3889858,11379174.00
2021/09/17,2.84,2.99,2.84,2.95,8504640,25274332.00
2021/09/22,2.92,3.10,2.90,3.10,14621025,45846044.00
2021/09/23,3.18,3.24,2.99,3.01,15124625,47749040.00
2021/09/24,2.98,3.16,2.96,3.16,16395986,52091892.00
2021/09/27,3.20,3.32,3.10,3.23,21835520,72051008.00
2021/09/28,3.11,3.22,3.10,3.13,11691237,37477712.00
2021/09/29,3.12,3.12,2.97,2.99,9412765,28970686.00
2021/09/30,2.98,3.07,2.98,3.05,4462500,13855538.00
2021/10/08,3.02,3.11,3.02,3.05,5478149,17062554.00
2021/10/11,3.04,3.04,2.95,2.99,5074100,15504762.00
2021/10/12,2.98,3.04,2.95,2.98,3668500,11167078.00
2021/10/13,2.99,3.00,2.91,2.93,4311960,12927380.00
2021/10/14,2.95,2.95,2.88,2.89,3458560,10234109.00
2021/10/15,2.88,2.90,2.85,2.89,2889680,8476578.00
2021/10/18,2.89,2.93,2.89,2.91,2691600,7975131.00
2021/10/19,2.92,2.93,2.89,2.89,2798300,8286516.00
2021/10/20,2.89,2.90,2.83,2.84,3527742,10311731.00
2021/10/21,2.84,2.99,2.83,2.92,5643220,16776703.00
2021/10/22,2.91,2.93,2.86,2.89,3176820,9376641.00
2021/10/25,2.89,2.98,2.86,2.96,3870700,11579824.00
2021/10/26,2.95,2.99,2.90,2.92,3593200,10779395.00
2021/10/27,2.91,2.93,2.87,2.87,1977400,5828966.00
2021/10/28,2.88,2.89,2.77,2.78,2834280,8224833.50
2021/10/29,2.79,2.83,2.78,2.83,1883520,5395989.50
2021/11/01,2.82,2.87,2.80,2.84,1678420,4873425.00
2021/11/02,2.86,2.86,2.75,2.80,3459320,9889550.00
2021/11/03,2.78,2.82,2.78,2.80,1913480,5464077.00
2021/11/04,2.82,2.84,2.79,2.83,3238540,9327438.00
2021/11/05,2.82,2.82,2.78,2.81,3024240,8646941.00
2021/11/08,2.80,2.88,2.79,2.85,3059633,8876496.00
2021/11/09,2.85,2.91,2.82,2.88,3376033,9866162.00
2021/11/10,2.88,2.90,2.84,2.89,3321633,9722216.00
2021/11/11,2.89,2.92,2.87,2.91,2940400,8704562.00
2021/11/12,2.92,2.96,2.88,2.91,3019157,8976064.00
2021/11/15,2.90,2.93,2.87,2.91,3161661,9336288.00
2021/11/16,2.92,2.96,2.90,2.92,3692439,11041757.00
2021/11/17,2.92,2.97,2.91,2.95,3675759,11037204.00
2021/11/18,2.95,2.96,2.91,2.91,3687500,11041155.00
2021/11/19,2.91,2.96,2.90,2.95,4315773,12937272.00
2021/11/22,2.93,2.95,2.89,2.91,4329960,12880309.00
2021/11/23,2.91,2.94,2.88,2.91,3925820,11658315.00
2021/11/24,2.90,2.91,2.88,2.89,4724961,13932280.00
2021/11/25,2.89,2.91,2.88,2.90,4131116,12191291.00
2021/11/26,2.90,2.90,2.88,2.89,2508631,7405530.00
2021/11/29,2.88,3.04,2.86,3.04,11532657,35338104.00
2021/11/30,3.03,3.07,3.00,3.02,8142470,25164556.00
2021/12/01,3.00,3.16,2.99,3.10,8723261,27343170.00
2021/12/02,3.13,3.24,3.06,3.07,9900150,31699372.00
2021/12/03,3.06,3.11,3.06,3.08,4637200,14563801.00
2021/12/06,3.05,3.15,3.00,3.09,7750396,24194980.00
2021/12/07,3.09,3.25,3.08,3.25,19138441,62900284.00
2021/12/08,3.26,3.28,3.13,3.14,14667258,47619676.00
2021/12/09,3.12,3.17,3.05,3.06,7844340,24669138.00
2021/12/10,3.05,3.12,3.04,3.09,5024500,15821258.00
2021/12/13,3.07,3.09,3.03,3.05,4424873,13740626.00
2021/12/14,3.05,3.08,3.04,3.05,2928400,9135431.00
2021/12/15,3.04,3.11,3.02,3.08,4509500,14091885.00
2021/12/16,3.08,3.11,3.05,3.08,2866627,8990460.00
2021/12/17,3.09,3.23,3.09,3.14,6682576,21488454.00
2021/12/20,3.12,3.30,3.11,3.23,9722216,31980706.00
2021/12/21,3.27,3.39,3.19,3.39,14820644,49983500.00
2021/12/22,3.42,3.50,3.34,3.43,13041484,45346896.00
2021/12/23,3.40,3.48,3.30,3.30,8927275,30544422.00
2021/12/24,3.30,3.47,3.24,3.47,14901100,51568204.00
2021/12/27,3.47,3.65,3.40,3.41,16488702,59266520.00
2021/12/28,3.39,3.40,3.30,3.32,9805126,33304542.00
2021/12/29,3.32,3.46,3.30,3.41,5716020,19811404.00
2021/12/30,3.40,3.46,3.36,3.40,4120200,14260740.00
2021/12/31,3.37,3.40,3.32,3.34,4472211,15226193.00
2022/01/04,3.34,3.39,3.25,3.31,8855720,29831002.00
2022/01/05,3.32,3.42,3.28,3.35,7925220,27049230.00
2022/01/06,3.35,3.41,3.30,3.39,4453240,15220127.00
2022/01/07,3.39,3.41,3.28,3.31,5366238,18183984.00
2022/01/10,3.32,3.35,3.28,3.35,4245539,14316793.00
2022/01/11,3.35,3.40,3.31,3.31,4502119,15358149.00
2022/01/12,3.31,3.37,3.31,3.34,4142619,14090961.00
2022/01/13,3.33,3.48,3.32,3.42,6833553,23612072.00
2022/01/14,3.39,3.47,3.32,3.33,6627840,22863398.00
2022/01/17,3.30,3.30,3.16,3.16,9687119,31368026.00
2022/01/18,3.16,3.19,3.12,3.17,3198900,10284582.00
2022/01/19,3.16,3.24,3.14,3.20,3084540,10059374.00
2022/01/20,3.17,3.26,3.17,3.17,1726500,5621429.50
2022/01/21,3.15,3.21,3.15,3.17,1793802,5795182.50
2022/01/24,3.19,3.21,3.14,3.15,1535800,4946876.50
2022/01/25,3.14,3.16,3.02,3.03,4355500,13643441.00
2022/01/26,3.03,3.09,3.03,3.07,1588925,4952886.50
2022/01/27,3.06,3.06,2.99,3.02,2395023,7384322.50
2022/01/28,3.05,3.16,3.05,3.15,2900239,9224008.00
2022/02/07,3.21,3.26,3.16,3.23,3583925,11760200.00
2022/02/08,3.22,3.31,3.22,3.31,3251279,10862761.00
2022/02/09,3.31,3.35,3.28,3.32,2261898,7652102.00
2022/02/10,3.32,3.33,3.28,3.32,2390102,8042902.50
2022/02/11,3.31,3.31,3.23,3.24,2996160,9957331.00
2022/02/14,3.24,3.30,3.21,3.26,1547240,5136425.00
2022/02/15,3.28,3.30,3.23,3.27,1663100,5537307.00
2022/02/16,3.28,3.36,3.28,3.32,2788882,9441758.00
2022/02/17,3.32,3.37,3.30,3.37,2691700,9144400.00
2022/02/18,3.38,3.49,3.37,3.44,3893280,13631225.00
2022/02/21,3.42,3.45,3.39,3.42,3299800,11462241.00
2022/02/22,3.40,3.42,3.35,3.36,3032700,10433380.00
2022/02/23,3.34,3.45,3.33,3.41,3196500,11054972.00
2022/02/24,3.41,3.44,3.28,3.32,5234660,17871374.00
2022/02/25,3.32,3.39,3.32,3.34,2828840,9654436.00
2022/02/28,3.36,3.36,3.25,3.27,3131543,10478494.00
2022/03/01,3.27,3.31,3.25,3.29,2291400,7646885.00
2022/03/02,3.29,3.29,3.17,3.25,5006100,16511553.00
2022/03/03,3.26,3.29,3.25,3.26,2636782,8771063.00
2022/03/04,3.26,3.28,3.23,3.24,2321300,7686637.00
2022/03/07,3.24,3.25,3.20,3.22,2400682,7876057.00
2022/03/08,3.19,3.22,3.14,3.14,3321400,10751789.00
2022/03/09,3.12,3.18,3.01,3.16,3784225,11991803.00
2022/03/10,3.19,3.25,3.17,3.21,2438700,7991199.00
2022/03/11,3.16,3.23,3.15,3.22,1626140,5297613.00
2022/03/14,3.21,3.21,3.15,3.15,2173300,7037892.00
2022/03/15,3.17,3.18,3.06,3.09,3580200,11409757.00
2022/03/16,3.09,3.22,3.05,3.22,5181640,16445254.00
2022/03/17,3.27,3.27,3.20,3.22,3106860,10251193.00
2022/03/18,3.24,3.26,3.20,3.24,1733200,5704326.00
2022/03/21,3.28,3.30,3.22,3.29,2671220,8853749.00
2022/03/22,3.29,3.45,3.27,3.40,5671140,19491054.00
2022/03/23,3.40,3.41,3.35,3.37,2474400,8507151.00
2022/03/24,3.35,3.45,3.33,3.44,2585540,8896362.00
2022/03/25,3.44,3.62,3.43,3.62,15203660,55515076.00
2022/03/28,3.62,3.80,3.56,3.80,16827598,64243136.00
2022/03/29,3.74,3.74,3.61,3.61,16242200,60180384.00
2022/03/30,3.65,3.77,3.54,3.59,9056460,33408050.00
2022/03/31,3.58,3.67,3.46,3.62,5727100,20930616.00
2022/04/01,3.59,3.64,3.54,3.60,3417160,12484863.00
2022/04/06,3.57,3.59,3.50,3.56,4582687,16504038.00
2022/04/07,3.56,3.68,3.52,3.60,5415907,19739450.00
2022/04/08,3.60,3.67,3.58,3.58,4148400,15254095.00
2022/04/11,3.53,3.76,3.45,3.66,9425340,34695500.00
2022/04/12,3.68,3.84,3.62,3.84,6561274,24869568.00
2022/04/13,3.92,4.03,3.69,3.70,12392800,49153976.00
2022/04/14,3.69,3.84,3.69,3.83,6234722,23938694.00
2022/04/15,3.81,4.02,3.81,4.02,10261000,41103652.00
2022/04/18,4.04,4.10,3.82,4.02,9886900,39877268.00
2022/04/19,3.95,3.99,3.89,3.91,5002900,19930840.00
2022/04/20,3.89,4.02,3.80,4.02,5946440,23492776.00
2022/04/21,4.02,4.19,3.88,3.89,12170871,49731288.00
2022/04/22,3.70,3.83,3.69,3.69,9081420,34332804.00
2022/04/25,3.59,3.67,3.50,3.50,6426400,23036276.00
2022/04/26,3.47,3.48,3.32,3.32,6178900,20993664.00
2022/04/27,3.16,3.49,3.15,3.42,9332600,30997994.00
2022/04/28,3.39,3.51,3.34,3.41,4436020,15517284.00
2022/04/29,3.43,3.50,3.42,3.47,3544600,12492435.00
2022/05/05,3.51,3.52,3.44,3.45,2592702,9136137.00
2022/05/06,3.40,3.40,3.27,3.29,3611400,12164701.00
2022/05/09,3.32,3.46,3.27,3.46,3112380,10688492.00
2022/05/10,3.49,3.63,3.41,3.54,5097100,18335632.00
2022/05/11,3.49,3.69,3.49,3.61,4558934,16640996.00
2022/05/12,3.61,3.65,3.56,3.61,2451140,8982374.00
2022/05/13,3.61,3.63,3.53,3.54,2888800,10477656.00
2022/05/16,3.55,3.58,3.47,3.52,2612020,9328914.00
2022/05/17,3.52,3.58,3.44,3.57,3339620,11902652.00
2022/05/18,3.56,3.60,3.53,3.55,1886200,6830305.00
2022/05/19,3.54,3.67,3.49,3.60,3207100,11717662.00
2022/05/20,3.64,3.75,3.60,3.75,6055974,22720454.00
2022/05/23,3.78,3.80,3.70,3.74,4129980,15722658.00
2022/05/24,3.74,3.77,3.61,3.63,3682000,13781293.00
2022/05/25,3.63,3.81,3.63,3.80,5616100,21436672.00
2022/05/26,3.81,3.82,3.72,3.78,3497100,13373693.00
2022/05/27,3.78,3.81,3.71,3.73,3155420,11999002.00
2022/05/30,3.72,3.78,3.70,3.77,2738080,10424008.00
2022/05/31,3.77,3.77,3.72,3.75,2556180,9706776.00
2022/06/01,3.75,3.75,3.66,3.66,3263800,12262592.00
2022/06/02,3.65,3.70,3.63,3.63,2540500,9437014.00
2022/06/06,3.59,3.71,3.58,3.69,4103100,15204315.00
2022/06/07,3.73,3.73,3.61,3.62,2702005,9980933.00
2022/06/08,3.60,3.79,3.60,3.74,5235869,19641672.00
2022/06/09,3.75,3.77,3.69,3.70,2427600,9169708.00
2022/06/10,3.68,3.75,3.67,3.72,3726262,14070252.00
2022/06/13,3.72,3.77,3.65,3.72,2417920,9104702.00
2022/06/14,3.72,3.78,3.67,3.76,4990500,18985320.00
2022/06/15,3.74,3.76,3.70,3.71,3060000,11589250.00
2022/06/16,3.69,3.74,3.66,3.69,2930060,11005702.00
2022/06/17,3.70,3.72,3.67,3.71,1600400,6005667.00
2022/06/20,3.74,3.76,3.70,3.73,2613480,9888984.00
2022/06/21,3.72,3.73,3.65,3.67,2042520,7648844.50
2022/06/22,3.67,3.69,3.59,3.59,2230100,8250270.00
2022/06/23,3.59,3.64,3.57,3.60,2952420,10796741.00
2022/06/24,3.56,3.59,3.48,3.49,5146700,18436780.00
2022/06/27,3.49,3.55,3.45,3.53,3811300,13548567.00
2022/06/28,3.52,3.55,3.50,3.53,2588060,9283736.00
2022/06/29,3.52,3.54,3.49,3.50,3083200,11019444.00
2022/06/30,3.53,3.55,3.49,3.51,2824100,10122424.00
2022/07/01,3.51,3.67,3.50,3.62,3831165,13999277.00
2022/07/04,3.59,3.62,3.57,3.58,2411800,8822026.00
2022/07/05,3.58,3.69,3.57,3.65,3771280,13950829.00
2022/07/06,3.60,3.65,3.58,3.62,2560000,9399895.00
2022/07/07,3.64,3.64,3.60,3.62,1335300,4904388.00
2022/07/08,3.61,3.65,3.59,3.61,2077100,7657656.00
2022/07/11,3.61,3.61,3.54,3.56,2150300,7813471.00
2022/07/12,3.55,3.59,3.53,3.53,1795200,6493283.00
2022/07/13,3.57,3.60,3.53,3.58,1565791,5677803.50
2022/07/14,3.56,3.59,3.54,3.55,1421100,5158823.00
2022/07/15,3.57,3.57,3.51,3.53,1815400,6526023.00
2022/07/18,3.50,3.56,3.50,3.54,1893102,6804629.00
2022/07/19,3.53,3.56,3.51,3.55,2461026,8825338.00
2022/07/20,3.55,3.67,3.53,3.64,3087631,11256549.00
2022/07/21,3.62,3.66,3.61,3.63,1608411,5932108.00
2022/07/22,3.62,3.76,3.54,3.74,5700980,21189322.00
2022/07/25,3.71,3.75,3.67,3.68,2526400,9494651.00
2022/07/26,3.67,3.79,3.64,3.76,4007020,15189937.00
2022/07/27,3.76,3.78,3.72,3.76,1837182,6995191.50
2022/07/28,3.79,3.95,3.76,3.90,5911120,23218166.00
2022/07/29,3.90,4.03,3.82,3.83,5379380,21338850.00
2022/08/01,3.80,3.91,3.77,3.82,2813760,10969873.00
2022/08/02,3.78,3.80,3.63,3.63,5136400,19129736.00
2022/08/03,3.63,3.70,3.61,3.61,3023620,11223515.00
2022/08/04,3.59,3.70,3.59,3.69,2035700,7569325.00
2022/08/05,3.69,3.78,3.67,3.73,2202705,8293982.00
2022/08/08,3.73,3.82,3.72,3.81,1955925,7492223.00
2022/08/09,3.81,3.87,3.74,3.77,3425500,13172575.00
2022/08/10,3.77,3.89,3.74,3.86,3201220,12445706.00
2022/08/11,3.86,3.92,3.81,3.83,2278000,8936597.00
2022/08/12,3.81,3.86,3.78,3.82,1878800,7271746.00
2022/08/15,3.81,3.85,3.80,3.83,1643760,6400234.50
2022/08/16,3.84,3.95,3.81,3.90,3179020,12552712.00
2022/08/17,3.92,4.04,3.88,3.96,5205127,20977316.00
2022/08/18,3.98,3.99,3.90,3.94,3790127,15146542.00
2022/08/19,3.93,3.94,3.82,3.87,3793780,14883336.00
2022/08/22,3.87,3.90,3.86,3.88,1846580,7272542.50
2022/08/23,3.88,4.03,3.88,4.00,4542900,18234082.00
2022/08/24,3.97,4.00,3.88,3.91,4071900,16220772.00
2022/08/25,4.04,4.11,3.99,4.11,5696322,23698148.00
2022/08/26,4.24,4.28,4.06,4.12,12223420,51844056.00
2022/08/29,4.06,4.33,3.97,4.31,13277522,57131784.00
2022/08/30,4.22,4.36,4.18,4.26,8151562,35239896.00
2022/08/31,4.21,4.44,4.20,4.29,8897822,38879416.00
2022/09/01,4.23,4.29,4.08,4.12,7242800,30882468.00
2022/09/02,4.16,4.25,4.12,4.19,3732020,15853849.00
2022/09/05,4.14,4.21,4.04,4.07,5151047,21419826.00
2022/09/06,4.07,4.15,4.03,4.13,2778380,11519833.00
2022/09/07,4.11,4.21,4.09,4.13,3710520,15678710.00
2022/09/08,4.14,4.17,4.07,4.08,2333602,9715142.00
2022/09/09,4.06,4.17,4.06,4.10,2330282,9724287.00
2022/09/13,4.10,4.14,3.98,4.02,4489540,18437880.00
2022/09/14,3.96,4.04,3.94,3.99,3286600,13274526.00
2022/09/15,4.03,4.04,3.87,3.93,2974100,11914741.00
2022/09/16,3.92,3.97,3.82,3.82,3601700,14181207.00
2022/09/19,3.79,3.85,3.76,3.79,2787222,10736835.00
2022/09/20,3.83,3.87,3.79,3.83,3578480,13908037.00
2022/09/21,3.82,3.97,3.81,3.93,4788200,19000248.00
2022/09/22,3.91,3.95,3.87,3.89,1995100,7918412.00
2022/09/23,3.87,3.93,3.87,3.89,1800100,7119895.00
2022/09/26,3.88,3.90,3.69,3.72,4304700,16534934.00
2022/09/27,3.71,3.76,3.63,3.74,2201725,8270341.00
2022/09/28,3.77,3.80,3.69,3.69,2008800,7647851.00
2022/09/29,3.71,3.74,3.63,3.67,1687700,6308505.00
2022/09/30,3.66,3.76,3.66,3.69,1686360,6347987.50
2022/10/10,3.70,3.70,3.63,3.64,1695922,6317267.50
2022/10/11,3.63,3.64,3.54,3.58,2927405,10665586.00
2022/10/12,3.56,3.70,3.55,3.68,3182930,11649146.00
2022/10/13,3.67,3.73,3.65,3.70,2037252,7657219.00
2022/10/14,3.70,3.75,3.70,3.72,3596480,13645592.00
2022/10/17,3.73,3.84,3.70,3.81,3103032,11898853.00
2022/10/18,3.83,3.87,3.79,3.81,2588228,10035948.00
2022/10/19,3.80,3.82,3.75,3.75,1857000,7141549.00
2022/10/20,3.77,3.86,3.70,3.82,3511640,13498126.00
2022/10/21,3.86,3.88,3.80,3.81,1901900,7403405.00
2022/10/24,3.83,3.85,3.74,3.77,2518040,9703622.00
2022/10/25,3.75,3.92,3.64,3.91,3982784,15408691.00
2022/10/26,3.85,3.90,3.81,3.87,3535240,13827125.00
2022/10/27,3.84,3.91,3.84,3.86,1825900,7191750.00
2022/10/28,3.84,3.86,3.74,3.74,2904600,11167899.00
2022/10/31,3.74,3.79,3.69,3.76,2247880,8552147.00
2022/11/01,3.76,3.88,3.76,3.85,2880520,11213659.00
2022/11/02,3.84,3.88,3.81,3.87,3879138,15136627.00
2022/11/03,3.86,3.89,3.82,3.88,2078520,8151470.50
2022/11/04,3.87,3.94,3.86,3.92,3101800,12309256.00
2022/11/07,3.90,3.93,3.87,3.90,2441987,9655214.00
2022/11/08,3.90,4.06,3.89,3.97,4793914,19397884.00
2022/11/09,3.97,4.07,3.96,4.04,4290800,17533664.00
2022/11/10,4.04,4.20,4.01,4.14,7846580,32840814.00
2022/11/11,4.17,4.20,4.10,4.10,5260100,22121384.00
2022/11/14,4.09,4.16,4.06,4.08,3387960,14104525.00
2022/11/15,4.10,4.14,4.08,4.11,2675554,11164079.00
2022/11/16,4.13,4.15,4.08,4.13,3588460,14961044.00
2022/11/17,4.11,4.28,4.10,4.19,5488305,23386826.00
2022/11/18,4.20,4.24,4.16,4.20,3919517,16684938.00
2022/11/21,4.19,4.25,4.15,4.22,3939560,16825824.00
2022/11/22,4.22,4.32,4.20,4.28,6283205,27317204.00
2022/11/23,4.29,4.29,4.06,4.08,6699320,28206096.00
2022/11/24,4.08,4.16,4.08,4.11,3669300,15329410.00
2022/11/25,4.11,4.12,4.05,4.10,2390900,9915709.00
2022/11/28,4.07,4.13,4.07,4.10,2253040,9353038.00
2022/11/29,4.13,4.14,4.07,4.09,4183100,17388214.00
2022/11/30,4.08,4.19,4.07,4.14,4950980,20759220.00
2022/12/01,4.18,4.18,4.04,4.04,7028000,29164918.00
2022/12/02,4.04,4.07,4.01,4.05,4443004,18205690.00
2022/12/05,4.04,4.09,4.04,4.06,3432760,14133227.00
2022/12/06,4.06,4.11,4.05,4.09,2920420,12098428.00
2022/12/07,4.10,4.11,4.07,4.09,2261740,9382804.00
2022/12/08,4.08,4.11,3.97,4.01,6354440,26031070.00
2022/12/09,4.08,4.13,4.02,4.10,3939840,16294664.00
2022/12/12,4.09,4.09,4.02,4.03,2684400,11021339.00
2022/12/13,4.03,4.09,4.02,4.08,1851920,7640263.50
2022/12/14,4.09,4.09,4.06,4.07,1353422,5589069.50
2022/12/15,4.07,4.10,4.05,4.08,1705720,7051658.50
2022/12/16,4.05,4.05,3.97,3.99,2730100,11108546.00
2022/12/19,3.99,4.00,3.84,3.89,3131339,12396887.00
2022/12/20,3.90,3.95,3.87,3.91,851820,3377591.50
2022/12/21,3.89,3.97,3.88,3.93,1360680,5426863.00
2022/12/22,3.93,3.95,3.86,3.87,2022300,8009682.00
2022/12/23,3.84,3.90,3.84,3.86,1138600,4480664.00
2022/12/26,3.86,3.90,3.84,3.86,1459280,5727316.00
2022/12/27,3.86,3.93,3.86,3.91,1500100,5941009.00
2022/12/28,3.89,3.91,3.87,3.88,872900,3449092.00
2022/12/29,3.87,3.91,3.87,3.87,1059600,4185868.00
2022/12/30,3.84,3.85,3.67,3.76,7231420,27586220.00
2023/01/03,3.75,3.82,3.71,3.77,2788800,10707798.00
2023/01/04,3.76,3.83,3.76,3.81,2353300,9093030.00
2023/01/05,3.81,3.87,3.81,3.82,1602659,6242691.50
2023/01/06,3.82,3.84,3.80,3.81,1139900,4421586.00
2023/01/09,3.79,3.83,3.79,3.80,1461094,5650984.00
2023/01/10,3.81,3.81,3.76,3.77,1487880,5699291.50
2023/01/11,3.77,3.77,3.69,3.70,2292825,8679540.00
2023/01/12,3.67,3.69,3.58,3.68,3039904,11278327.00
2023/01/13,3.68,3.76,3.68,3.70,2050200,7739534.00
2023/01/16,3.73,3.73,3.65,3.68,3189304,11953529.00
2023/01/17,3.67,3.81,3.66,3.75,1988824,7535259.00
2023/01/18,3.75,3.78,3.71,3.77,1245604,4748462.50
2023/01/19,3.74,3.81,3.74,3.80,1565300,6012728.00
2023/01/20,3.82,3.89,3.80,3.86,1307014,5124170.50
2023/01/30,3.88,3.91,3.85,3.87,1680900,6608954.00
2023/01/31,3.87,3.89,3.85,3.85,1575400,6186924.00
2023/02/01,3.86,3.88,3.84,3.88,2296804,8992374.00
2023/02/02,3.87,3.87,3.84,3.85,1256740,4917782.50
2023/02/03,3.86,3.86,3.81,3.83,1985122,7704178.50
2023/02/06,3.83,3.96,3.82,3.93,3671536,14569153.00
2023/02/07,3.94,3.94,3.90,3.93,1868904,7447133.00
2023/02/08,3.92,3.93,3.90,3.92,1369211,5437993.50
2023/02/09,3.92,3.93,3.89,3.92,1911224,7581554.50
2023/02/10,3.92,3.93,3.90,3.90,1171640,4649352.50
2023/02/13,3.92,3.94,3.90,3.92,1728564,6875749.50
2023/02/14,3.92,3.92,3.88,3.89,1480200,5848293.00
2023/02/15,3.90,3.90,3.84,3.85,2296900,8980394.00
2023/02/16,3.86,3.86,3.78,3.81,1876000,7278471.00
2023/02/17,3.81,3.82,3.74,3.77,2258520,8668816.00
2023/02/20,3.77,3.79,3.74,3.79,1186500,4552127.00
2023/02/21,3.79,3.87,3.77,3.84,1730600,6736058.00
2023/02/22,3.84,3.85,3.80,3.83,1009360,3922902.75
2023/02/23,3.84,3.84,3.81,3.83,881100,3420790.00
2023/02/24,3.81,3.82,3.80,3.82,680700,2633645.00
2023/02/27,3.80,3.83,3.79,3.82,1434168,5550254.00
2023/02/28,3.84,3.86,3.82,3.85,1655644,6454384.50
2023/03/01,3.85,3.86,3.82,3.83,1710800,6669974.00
2023/03/02,3.84,3.84,3.78,3.79,1872400,7228361.00
2023/03/03,3.80,3.80,3.76,3.78,1294198,4969287.50
2023/03/06,3.79,3.80,3.77,3.77,846822,3249631.25
2023/03/07,3.77,3.79,3.74,3.76,1312880,5021731.00
2023/03/08,3.76,3.79,3.75,3.79,1072800,4113009.00
2023/03/09,3.77,3.80,3.76,3.77,1144300,4396193.00
2023/03/10,3.76,3.84,3.71,3.79,1902100,7286051.00
2023/03/13,3.77,3.79,3.74,3.76,1027998,3929130.25
2023/03/14,3.77,3.78,3.73,3.76,1351798,5146284.50
2023/03/15,3.75,3.82,3.74,3.79,938100,3602925.00
2023/03/16,3.78,3.80,3.72,3.72,1568398,5978050.50
2023/03/17,3.74,3.75,3.72,3.74,1442600,5475945.00
2023/03/20,3.75,3.75,3.65,3.66,2335500,8800854.00
2023/03/21,3.64,3.70,3.64,3.70,993100,3718638.00
2023/03/22,3.70,3.72,3.68,3.68,1068400,4012082.00
2023/03/23,3.66,3.69,3.66,3.68,1299400,4848425.00
2023/03/24,3.68,3.68,3.63,3.65,1800400,6673897.00
2023/03/27,3.65,3.65,3.62,3.64,1151040,4253255.50
2023/03/28,3.64,3.70,3.62,3.66,1551400,5770053.00
2023/03/29,3.66,3.68,3.65,3.66,1371040,5102722.50
2023/03/30,3.67,3.68,3.60,3.66,1461740,5407122.00
2023/03/31,3.68,3.70,3.65,3.70,1229796,4588676.00
2023/04/03,3.71,3.72,3.67,3.71,1501900,5643868.00
2023/04/04,3.71,3.71,3.65,3.66,2097700,7822453.00
2023/04/06,3.66,3.69,3.63,3.65,1412127,5222183.50
2023/04/07,3.63,3.84,3.63,3.79,5387023,20716296.00
2023/04/10,3.78,3.82,3.74,3.79,2505580,9634884.00
2023/04/11,3.77,3.80,3.76,3.77,1472600,5654776.00
2023/04/12,3.76,3.80,3.76,3.80,1033000,3970238.00
2023/04/13,3.79,3.86,3.77,3.83,2666900,10363340.00
2023/04/14,3.84,3.84,3.80,3.81,1265400,4915078.00
2023/04/17,3.80,3.84,3.80,3.82,1955000,7581124.00
2023/04/18,3.80,3.83,3.80,3.81,1190700,4611868.00
2023/04/19,3.81,3.81,3.77,3.80,1573740,6063024.00
2023/04/20,3.81,3.81,3.75,3.78,1526300,5836559.00
2023/04/21,3.79,3.82,3.77,3.79,2242300,8638742.00
2023/04/24,3.80,3.92,3.80,3.88,3686760,14469840.00
2023/04/25,3.84,3.85,3.73,3.74,3545660,13603803.00
2023/04/26,3.67,3.80,3.67,3.73,2307600,8785177.00
2023/04/27,3.75,3.75,3.69,3.71,1320400,4997589.00
2023/04/28,3.72,3.73,3.69,3.73,1851725,6993314.50
2023/05/04,3.72,3.74,3.70,3.73,1567220,5920313.00
2023/05/05,3.72,3.73,3.68,3.70,1907800,7159373.00
2023/05/08,3.69,3.72,3.68,3.69,1551378,5827191.50
2023/05/09,3.70,3.71,3.64,3.66,2174600,8139228.00
2023/05/10,3.65,3.70,3.64,3.68,1115800,4167639.75
2023/05/11,3.66,3.69,3.66,3.69,763443,2856499.75
2023/05/12,3.75,3.87,3.72,3.83,4298100,16511765.00
2023/05/15,3.83,3.85,3.77,3.81,1307067,5058366.50
2023/05/16,3.83,3.83,3.78,3.79,1214020,4689896.00
2023/05/17,3.81,3.83,3.79,3.82,1365500,5284035.00
2023/05/18,3.81,3.84,3.80,3.83,1631680,6342820.50
2023/05/19,3.83,3.91,3.81,3.86,2369900,9289980.00
2023/05/22,3.86,3.87,3.78,3.81,2399763,9330090.00
2023/05/23,3.81,3.88,3.81,3.83,1627000,6344310.00
2023/05/24,3.82,3.84,3.80,3.84,1766900,6846019.00
2023/05/25,3.82,3.85,3.81,3.84,2446100,9523710.00
2023/05/26,3.82,3.89,3.82,3.84,2910600,11392869.00
2023/05/29,3.87,3.87,3.81,3.83,2848800,11114375.00
2023/05/30,3.83,3.86,3.81,3.83,3045500,11864403.00
2023/05/31,3.84,3.89,3.83,3.85,3733740,14622235.00
2023/06/01,3.83,3.88,3.83,3.84,1947380,7617711.50
2023/06/02,3.84,3.85,3.82,3.85,2335700,9110092.00
2023/06/05,3.85,3.85,3.72,3.74,5460515,20978806.00
2023/06/06,3.71,3.75,3.68,3.72,3076515,11638860.00
2023/06/07,3.72,3.76,3.71,3.73,1614758,6132609.00
2023/06/08,3.74,3.74,3.68,3.69,1850000,6966449.00
2023/06/09,3.68,3.70,3.66,3.67,1533100,5726901.00
2023/06/12,3.68,3.69,3.65,3.69,1401940,5228989.00
2023/06/13,3.69,3.74,3.68,3.73,1440140,5440367.00
2023/06/14,3.72,3.75,3.71,3.74,1168200,4433353.50
2023/06/15,3.74,3.75,3.72,3.73,888500,3370982.00
2023/06/16,3.72,3.75,3.71,3.75,1662900,6310250.00
2023/06/19,3.74,3.75,3.72,3.73,1985300,7528827.00
2023/06/20,3.73,3.73,3.66,3.67,2002200,7498104.00
2023/06/21,3.67,3.69,3.66,3.67,1332500,4967540.00
2023/06/26,3.68,3.69,3.63,3.66,1355560,5028478.00
2023/06/27,3.66,3.68,3.65,3.67,1550700,5771611.00
2023/06/28,3.69,3.69,3.63,3.66,1657000,6146705.00
2023/06/29,3.67,3.67,3.63,3.65,2009800,7455318.00
2023/06/30,3.65,3.68,3.64,3.66,2066058,7681370.00
2023/07/03,3.67,3.68,3.66,3.67,1987100,7409726.00
2023/07/04,3.67,3.67,3.65,3.65,1131100,4204077.00
2023/07/05,3.66,3.69,3.63,3.68,2284358,8491028.00
2023/07/06,3.69,3.69,3.64,3.66,1334618,4960506.00
2023/07/07,3.64,3.66,3.62,3.65,1034800,3832193.00
2023/07/10,3.65,3.65,3.62,3.63,1211600,4473522.00
2023/07/11,3.63,3.65,3.62,3.64,783174,2895805.75
2023/07/12,3.65,3.68,3.64,3.67,1708974,6362590.50
2023/07/13,3.67,3.67,3.64,3.65,1033020,3835582.25
2023/07/14,3.68,3.68,3.65,3.67,691035,2569814.25
2023/07/17,3.66,3.68,3.65,3.66,699800,2605080.00
2023/07/18,3.66,3.67,3.63,3.66,1194800,4423735.00
2023/07/19,3.66,3.66,3.64,3.65,852700,3159620.00
2023/07/20,3.65,3.66,3.63,3.65,860274,3186312.75
2023/07/21,3.65,3.65,3.62,3.63,1687500,6231299.00
2023/07/24,3.62,3.68,3.62,3.67,1340474,4984110.50
2023/07/25,3.68,3.69,3.65,3.67,1783374,6644626.50
2023/07/26,3.67,3.68,3.65,3.66,959000,3568825.00
2023/07/27,3.66,3.68,3.65,3.67,1218960,4535118.50
2023/07/28,3.65,3.66,3.63,3.65,1661900,6158248.00
2023/07/31,3.66,3.70,3.65,3.69,2237074,8357804.00
2023/08/01,3.68,3.72,3.66,3.72,2234900,8394672.00
2023/08/02,3.72,3.76,3.71,3.72,1867800,7086140.00
2023/08/03,3.70,3.72,3.70,3.71,838500,3159533.00
2023/08/04,3.72,3.73,3.70,3.73,1141600,4308789.00
2023/08/07,3.73,3.74,3.70,3.71,863900,3265311.00
2023/08/08,3.71,3.71,3.67,3.69,858800,3212975.00
2023/08/09,3.69,3.69,3.64,3.66,1000400,3719170.00
2023/08/10,3.66,3.70,3.65,3.67,1124100,4192054.00
2023/08/11,3.67,3.67,3.65,3.66,570402,2120985.50
2023/08/14,3.65,3.67,3.63,3.67,706400,2616199.00
2023/08/15,3.67,3.69,3.65,3.69,772100,2886499.00
2023/08/16,3.69,3.69,3.66,3.69,653320,2438530.50
2023/08/17,3.69,3.69,3.66,3.67,1142800,4258992.00
2023/08/18,3.66,3.68,3.63,3.66,1609900,5981584.00
2023/08/21,3.66,3.66,3.63,3.65,870100,3226040.00
2023/08/22,3.66,3.69,3.60,3.69,2607156,9637453.00
2023/08/23,3.69,3.69,3.64,3.64,1095456,4062872.25
2023/08/24,3.64,3.64,3.60,3.63,699980,2581641.50
2023/08/25,3.61,3.63,3.58,3.59,1311434,4805731.50
2023/08/28,3.73,3.73,3.60,3.60,1717300,6327018.00
2023/08/29,3.60,3.62,3.58,3.60,1592300,5837968.00
2023/08/30,3.60,3.63,3.60,3.62,1578100,5804414.00
2023/08/31,3.62,3.62,3.57,3.59,1232200,4497153.00
2023/09/01,3.57,3.59,3.55,3.55,1525600,5542686.00
2023/09/04,3.55,3.59,3.55,3.59,1624302,5895094.00
2023/09/05,3.59,3.59,3.55,3.55,1134200,4106057.00
2023/09/06,3.55,3.56,3.54,3.55,1214822,4383656.00
2023/09/07,3.55,3.55,3.48,3.49,1367800,4886377.00
2023/09/08,3.48,3.52,3.45,3.50,1315900,4656720.00
2023/09/11,3.50,3.52,3.48,3.50,924400,3291179.00
2023/09/12,3.48,3.49,3.46,3.47,1044300,3688287.00
2023/09/13,3.46,3.46,3.39,3.40,2203300,7662759.00
2023/09/14,3.40,3.40,3.27,3.32,3180459,10741298.00
2023/09/15,3.32,3.40,3.28,3.40,2575294,8789674.00
2023/09/18,3.39,3.42,3.36,3.40,1140000,3929162.00
2023/09/19,3.37,3.40,3.35,3.40,1015105,3488995.75
2023/09/20,3.40,3.57,3.38,3.52,7004080,25164046.00
2023/09/21,3.45,3.51,3.41,3.50,4524000,15924333.00
2023/09/22,3.49,3.62,3.49,3.61,4495558,16359166.00
2023/09/25,3.59,3.59,3.52,3.52,2865500,10312141.00
2023/09/26,3.50,3.54,3.45,3.49,1580305,5619475.00
2023/09/27,3.46,3.52,3.45,3.48,1047709,3717324.00
2023/09/28,3.49,3.55,3.48,3.52,989280,3535425.00
2023/10/09,3.52,3.52,3.44,3.46,1457500,5157841.00
2023/10/10,3.48,3.48,3.41,3.42,1292180,4524728.50
2023/10/11,3.42,3.46,3.41,3.43,1261100,4405721.00
2023/10/12,3.44,3.46,3.42,3.45,1569280,5491389.00
2023/10/13,3.48,3.48,3.42,3.44,1079100,3772384.00
2023/10/16,3.44,3.48,3.44,3.44,1425400,5020025.00
2023/10/17,3.44,3.50,3.42,3.49,1597800,5630281.00
2023/10/18,3.47,3.48,3.42,3.44,1091700,3827010.00
2023/10/19,3.43,3.46,3.41,3.42,704700,2464078.00
2023/10/20,3.40,3.43,3.39,3.43,600200,2087938.00
2023/10/23,3.46,3.50,3.41,3.43,1542500,5411222.00
2023/10/24,3.40,3.43,3.37,3.43,1609084,5567726.50
2023/10/25,3.44,3.47,3.41,3.45,2267220,7927170.00
2023/10/26,3.44,3.45,3.38,3.43,1107900,3848901.00
2023/10/27,3.43,3.45,3.41,3.45,1833200,6396404.00
2023/10/30,3.45,3.46,3.44,3.46,1348100,4729350.00
2023/10/31,3.46,3.47,3.43,3.47,1822400,6397688.00
2023/11/01,3.65,3.65,3.65,3.65,389100,1443561.00
2023/11/02,3.84,3.84,3.84,3.84,406600,1585740.00
2023/11/03,4.04,4.04,4.03,4.04,28683520,117598712.00
2023/11/07,4.02,4.45,3.95,4.45,59968550,257704800.00
2023/11/08,4.33,4.90,4.33,4.90,32519761,157241600.00
2023/11/09,5.14,5.40,4.46,4.52,83081837,414801376.00
2023/11/10,4.25,4.98,4.25,4.98,45215859,218530048.00
2023/11/13,5.27,5.48,5.09,5.14,110386786,596208896.00
2023/11/14,4.93,5.25,4.93,5.00,49995952,255395216.00
2023/11/15,5.00,5.10,4.76,4.81,40729729,200666736.00
2023/11/16,4.74,4.80,4.54,4.56,35520241,166982768.00
2023/11/17,4.56,4.59,4.24,4.42,48571490,215106912.00
2023/11/20,4.43,4.51,4.37,4.49,31023928,140380880.00
2023/11/21,4.46,4.62,4.40,4.41,25784288,117330632.00
2023/11/22,4.41,4.44,4.33,4.35,15775910,70081928.00
2023/11/23,4.33,4.42,4.31,4.41,14154300,62799540.00
2023/11/24,4.44,4.62,4.35,4.51,27316710,123549128.00
2023/11/27,4.54,4.56,4.38,4.44,17428622,78681656.00
2023/11/28,4.44,4.53,4.40,4.44,13040700,58895492.00
2023/11/29,4.47,4.48,4.31,4.34,16153928,71528136.00
2023/11/30,4.35,4.43,4.28,4.35,13722822,60232956.00
2023/12/01,4.36,4.75,4.36,4.47,27088040,123364496.00
2023/12/04,4.45,4.92,4.42,4.92,50312075,242833872.00
2023/12/05,4.81,4.93,4.74,4.77,48108591,234614480.00
2023/12/06,4.74,4.87,4.70,4.78,26110544,126244336.00
2023/12/07,4.75,4.82,4.68,4.70,19081600,91662384.00
2023/12/08,4.69,4.73,4.55,4.57,18030800,84503752.00
2023/12/11,4.54,4.60,4.44,4.59,11756344,54243844.00
2023/12/12,4.60,4.65,4.52,4.61,11210900,52111152.00
2023/12/13,4.59,4.66,4.55,4.61,8959500,41798160.00
2023/12/14,4.61,4.88,4.56,4.77,32303538,154032544.00
2023/12/15,4.72,4.75,4.55,4.58,21549082,100847808.00
2023/12/18,4.54,4.60,4.42,4.48,15362900,70188464.00
2023/12/19,4.51,4.53,4.36,4.44,14220198,63632212.00
2023/12/20,4.47,4.48,4.36,4.37,8452749,37669976.00
2023/12/21,4.36,4.44,4.31,4.43,8495300,37745316.00
2023/12/22,4.43,4.44,4.32,4.36,9295600,41329680.00
2023/12/25,4.37,4.37,4.24,4.33,7323982,32082644.00
2023/12/26,4.32,4.35,4.26,4.26,6069700,26423572.00
2023/12/27,4.28,4.39,4.28,4.38,7083900,31116032.00
2023/12/28,4.35,4.47,4.29,4.46,9098460,40666044.00
2023/12/29,4.41,4.54,4.41,4.52,6494048,29634080.00
2024/01/02,4.59,4.98,4.54,4.84,55275640,271117664.00
2024/01/03,4.74,4.84,4.69,4.81,36333109,176079488.00
2024/01/04,4.79,5.27,4.71,5.00,48685988,243682880.00
2024/01/05,4.85,4.96,4.69,4.74,30718148,149423040.00
2024/01/08,4.72,4.79,4.68,4.71,17589440,84306384.00
2024/01/09,4.73,4.96,4.70,4.77,15400400,74651344.00
2024/01/10,4.71,4.89,4.67,4.68,12131700,58117704.00
2024/01/11,4.66,4.75,4.64,4.72,9460400,45102840.00
2024/01/12,4.69,4.77,4.65,4.65,10129600,48259160.00
2024/01/15,4.62,4.74,4.62,4.67,9481640,44991408.00
2024/01/16,4.68,4.71,4.52,4.63,10246700,47624780.00
2024/01/17,4.63,4.65,4.50,4.51,7145900,33133920.00
2024/01/18,4.49,4.51,4.32,4.45,10573380,47173032.00
2024/01/19,4.45,4.48,4.36,4.37,5518004,24650316.00
2024/01/22,4.38,4.39,4.02,4.08,9174000,39196000.00
2024/01/23,4.04,4.09,3.97,4.08,7449256,30512526.00
2024/01/24,4.06,4.17,3.93,4.10,8006407,32902778.00
2024/01/25,4.11,4.23,4.06,4.23,7641100,32180360.00
2024/01/26,4.22,4.33,4.20,4.26,7459300,32253676.00
2024/01/29,4.26,4.32,4.04,4.07,6277400,26309182.00
2024/01/30,4.03,4.09,3.92,3.92,6192405,25121206.00
2024/01/31,3.95,3.98,3.64,3.69,11084249,42731632.00
2024/02/01,3.74,3.74,3.54,3.61,7656900,28242168.00
2024/02/02,3.64,3.70,3.33,3.42,8188468,29162088.00
2024/02/05,3.34,3.42,3.07,3.07,10477049,33336464.00
2024/02/06,3.04,3.17,2.76,2.99,14858953,43825908.00
2024/02/07,2.98,3.01,2.75,2.84,18592800,53861324.00
2024/02/08,2.85,2.98,2.57,2.96,24890000,69753768.00
2024/02/19,2.97,3.17,2.97,3.11,15452900,48692692.00
2024/02/20,3.13,3.18,3.06,3.17,9091200,29065008.00
2024/02/21,3.15,3.32,3.10,3.24,9919720,32808062.00
2024/02/22,3.26,3.33,3.23,3.33,7318700,24510192.00
2024/02/23,3.32,3.50,3.32,3.48,8881120,30734194.00
2024/02/26,3.49,3.63,3.45,3.54,10091220,36328704.00
2024/02/27,3.54,3.71,3.49,3.70,7640960,28157948.00
2024/02/28,3.72,3.81,3.34,3.36,15499700,56051400.00
2024/02/29,3.36,3.54,3.33,3.50,11861300,41673160.00
2024/03/01,3.52,3.57,3.47,3.49,7348860,26238302.00
2024/03/04,3.49,3.54,3.40,3.47,6626700,23324496.00
2024/03/05,3.46,3.46,3.33,3.35,7902760,27099476.00
2024/03/06,3.34,3.47,3.32,3.43,4979500,17296836.00
2024/03/07,3.48,3.59,3.47,3.50,9181300,32935282.00
2024/03/08,3.53,3.59,3.47,3.51,5907070,21117548.00
2024/03/11,3.54,3.87,3.47,3.87,14076440,53941132.00
2024/03/12,4.19,4.26,3.90,3.90,53805660,224414880.00
2024/03/13,3.89,4.01,3.75,3.83,32184440,124580096.00
2024/03/14,3.85,3.87,3.70,3.75,15391765,58829300.00
2024/03/15,3.75,4.04,3.73,3.94,27927130,110922920.00
2024/03/18,3.92,4.01,3.88,3.96,17960383,71904448.00
2024/03/19,3.92,4.04,3.92,3.99,13981867,56610232.00
2024/03/20,3.99,4.02,3.96,3.99,9620865,38941808.00
2024/03/21,4.02,4.16,3.97,4.09,19465600,79953072.00
2024/03/22,4.06,4.07,3.92,3.97,14324100,57630348.00
2024/03/25,3.92,3.99,3.87,3.87,8655100,34588704.00
2024/03/26,3.87,3.94,3.82,3.92,8014700,31495524.00
2024/03/27,3.91,3.92,3.72,3.72,7963900,30920868.00
2024/03/28,3.72,3.88,3.71,3.84,7969687,30926652.00
2024/03/29,3.84,3.92,3.79,3.92,6332420,24833976.00
2024/04/01,3.95,3.98,3.90,3.96,6472757,25885456.00
2024/04/02,3.96,4.21,3.94,4.07,16872820,69897624.00
2024/04/03,4.04,4.14,3.97,4.14,12575580,51903000.00
2024/04/08,4.14,4.15,3.95,3.97,10336700,42168116.00
2024/04/09,3.92,4.06,3.90,4.05,6966000,28412600.00
2024/04/10,4.03,4.08,3.91,3.94,6713000,27104204.00
2024/04/11,3.95,4.05,3.89,3.99,5573280,22563384.00
2024/04/12,4.01,4.16,3.96,4.07,10988400,45235384.00
2024/04/15,4.06,4.07,3.70,3.79,16509640,64200000.00
2024/04/16,3.79,3.79,3.41,3.41,14968400,53063244.00
2024/04/17,3.35,3.63,3.35,3.61,9459600,34300840.00
2024/04/18,3.62,3.67,3.55,3.60,7836000,28818484.00
2024/04/19,3.61,3.69,3.55,3.58,6273800,22999896.00
2024/04/22,3.74,3.94,3.51,3.69,19462460,74113904.00
2024/04/23,3.61,3.82,3.61,3.69,12668300,47512476.00
2024/04/24,3.65,3.76,3.62,3.72,9506900,35562192.00
2024/04/25,3.68,3.76,3.68,3.70,6834094,25863574.00
2024/04/26,3.68,3.77,3.67,3.77,7353139,27882158.00
2024/04/29,3.74,3.86,3.74,3.85,7277574,28308692.00
2024/04/30,3.85,3.97,3.83,3.94,9350634,37033112.00
2024/05/06,3.94,4.02,3.92,3.96,8194180,32928234.00
2024/05/07,3.98,3.99,3.92,3.97,6841800,27477524.00
2024/05/08,4.00,4.02,3.93,3.96,5948200,23967644.00
2024/05/09,3.95,4.02,3.94,3.96,6973776,28165426.00
2024/05/10,3.96,4.03,3.94,3.99,9183694,37145812.00
2024/05/13,3.99,4.09,3.91,4.03,11804400,48049120.00
2024/05/14,4.04,4.20,4.02,4.07,14057600,58465636.00
2024/05/15,4.07,4.09,3.94,3.96,10000000,40589952.00
2024/05/16,3.96,4.02,3.96,3.98,6538400,26508076.00
2024/05/17,4.01,4.02,3.95,4.02,5892800,23857472.00
2024/05/20,4.00,4.03,3.96,3.98,6935500,28096372.00
2024/05/21,3.95,3.97,3.88,3.90,6965500,27676188.00
2024/05/22,3.92,3.98,3.89,3.91,6078500,24273644.00
2024/05/23,3.95,3.96,3.82,3.83,6113800,23951904.00
2024/05/24,3.84,3.91,3.81,3.85,5804460,22852284.00
2024/05/27,3.90,3.91,3.82,3.89,5705100,22378088.00
2024/05/28,3.89,3.95,3.86,3.91,5535900,22037402.00
2024/05/29,3.91,3.94,3.79,3.87,6802220,26787476.00
2024/05/30,3.88,3.93,3.80,3.83,6860920,26886854.00
2024/05/31,3.83,3.94,3.82,3.92,5544500,21911206.00
2024/06/03,3.91,3.91,3.64,3.71,11294800,42788644.00
2024/06/04,3.69,3.69,3.58,3.65,7713494,28405016.00
2024/06/05,3.65,3.69,3.50,3.51,6478500,23446030.00
2024/06/06,3.51,3.55,3.34,3.38,10785965,37590892.00
2024/06/07,3.40,3.55,3.40,3.53,7834700,27736372.00
2024/06/11,3.53,3.53,3.40,3.44,7637300,26662072.00
2024/06/12,3.43,3.47,3.41,3.46,5319900,18643736.00
2024/06/13,3.46,3.51,3.42,3.45,3627500,12740754.00
2024/06/14,3.46,3.51,3.37,3.47,4436900,15653878.00
2024/06/17,3.49,3.50,3.42,3.45,5109400,17988544.00
2024/06/18,3.45,3.49,3.41,3.49,4432100,15562611.00
2024/06/19,3.50,3.53,3.43,3.43,4993140,17452296.00
2024/06/20,3.44,3.45,3.36,3.37,4529400,15555830.00
2024/06/21,3.39,3.41,3.33,3.37,3554660,12137055.00
2024/06/24,3.37,3.37,3.21,3.24,5018406,16598737.00
2024/06/25,3.23,3.31,3.23,3.26,3935600,13023406.00
2024/06/26,3.26,3.33,3.21,3.33,3844580,12798637.00
2024/06/27,3.35,3.36,3.27,3.27,3187400,10676868.00
2024/06/28,3.33,3.37,3.26,3.31,4966800,16735011.00
2024/07/01,3.32,3.39,3.30,3.36,4217800,14259660.00
2024/07/02,3.36,3.46,3.33,3.43,5010200,17326464.00
2024/07/03,3.42,3.43,3.31,3.33,6654625,22634844.00
2024/07/04,3.35,3.35,3.21,3.23,4295700,14197788.00
2024/07/05,3.22,3.29,3.20,3.27,3424900,11271777.00
2024/07/08,3.28,3.28,3.19,3.21,4346678,14188714.00
2024/07/09,3.21,3.25,3.11,3.23,4529740,14607810.00
2024/07/10,3.23,3.24,3.13,3.14,4211182,13553311.00
2024/07/11,3.20,3.31,3.17,3.30,5297900,17467004.00
2024/07/12,3.31,3.33,3.25,3.27,4295600,14325692.00
2024/07/15,3.44,3.54,3.29,3.31,11429467,38887216.00
2024/07/16,3.30,3.34,3.22,3.27,7818720,25881306.00
2024/07/17,3.26,3.29,3.20,3.21,3965852,12958240.00
2024/07/18,3.22,3.29,3.15,3.24,6137178,20055120.00
2024/07/19,3.25,3.29,3.21,3.28,3897651,12858846.00
2024/07/22,3.28,3.35,3.26,3.33,4147680,13935865.00
2024/07/23,3.34,3.43,3.31,3.32,5078100,17353924.00
2024/07/24,3.36,3.37,3.28,3.33,4274322,14359374.00
2024/07/25,3.30,3.32,3.22,3.26,6123120,20240034.00
2024/07/26,3.28,3.34,3.26,3.34,4630000,15536349.00
2024/07/29,3.34,3.38,3.32,3.35,3502400,11882012.00
2024/07/30,3.32,3.36,3.31,3.33,3212620,10824681.00
2024/07/31,3.32,3.44,3.32,3.42,7105100,24468556.00
2024/08/01,3.43,3.49,3.42,3.47,6390160,22355542.00
2024/08/02,3.46,3.47,3.37,3.38,4981480,17231952.00
2024/08/05,3.39,3.42,3.31,3.32,4777020,16236966.00
2024/08/06,3.34,3.39,3.33,3.37,3732660,12676386.00
2024/08/07,3.37,3.45,3.37,3.44,4423960,15328533.00
2024/08/08,3.45,3.45,3.38,3.42,2650250,9140962.00
2024/08/09,3.42,3.46,3.40,3.41,3241900,11248011.00
2024/08/12,3.40,3.43,3.36,3.38,3263400,11189279.00
2024/08/13,3.35,3.44,3.34,3.42,3528120,12130318.00
2024/08/14,3.44,3.45,3.40,3.40,2215420,7664857.00
2024/08/15,3.38,3.43,3.36,3.42,3006400,10337786.00
2024/08/16,3.42,3.44,3.38,3.38,2209301,7596911.50
2024/08/19,3.38,3.40,3.33,3.35,3005800,10219384.00
2024/08/20,3.37,3.37,3.27,3.28,3172780,10597119.00
2024/08/21,3.28,3.29,3.24,3.27,2014845,6670242.50
2024/08/22,3.27,3.32,3.25,3.25,2856325,9466124.00
2024/08/23,3.25,3.27,3.19,3.21,3014020,9824860.00
2024/08/26,3.21,3.26,3.18,3.26,3110110,10195208.00
2024/08/27,3.26,3.28,3.19,3.21,2622650,8574602.00
2024/08/28,3.19,3.29,3.17,3.25,4290451,14094795.00
2024/08/29,3.24,3.33,3.23,3.31,3307300,11020995.00
2024/08/30,3.29,3.40,3.29,3.35,4273380,14545774.00
2024/09/02,3.38,3.48,3.36,3.40,6765142,23449220.00
2024/09/03,3.40,3.43,3.36,3.42,2951600,10158595.00
2024/09/04,3.42,3.44,3.38,3.40,2961800,10220607.00
2024/09/05,3.42,3.44,3.39,3.40,2592900,8949639.00
2024/09/06,3.40,3.41,3.33,3.34,3390500,11559203.00
2024/09/09,3.32,3.36,3.30,3.32,2752505,9266792.00
2024/09/10,3.33,3.41,3.33,3.39,3191200,10859918.00
2024/09/11,3.40,3.41,3.33,3.35,2843200,9713845.00
2024/09/12,3.35,3.41,3.33,3.33,2745000,9364149.00
2024/09/13,3.35,3.35,3.25,3.27,2959100,9882891.00
2024/09/18,3.26,3.29,3.18,3.23,3994480,13041601.00
2024/09/19,3.22,3.56,3.22,3.56,9214451,32529980.00
2024/09/20,3.71,3.71,3.48,3.55,31688631,113583672.00
2024/09/23,3.53,3.57,3.49,3.55,15368677,54808380.00
2024/09/24,3.55,3.59,3.52,3.58,13834920,49881952.00
2024/09/25,3.63,3.67,3.54,3.56,15117320,55047160.00
2024/09/26,3.58,3.61,3.54,3.60,10392916,37662640.00
2024/09/27,3.63,3.79,3.58,3.71,17869820,66131124.00
2024/09/30,3.84,4.03,3.71,4.00,32288625,126464144.00
2024/10/08,4.33,4.37,3.90,4.14,36407188,152350624.00
2024/10/09,4.02,4.06,3.74,3.74,21064740,82710880.00
2024/10/10,3.72,3.94,3.72,3.84,17158920,67030368.00
2024/10/11,3.81,4.16,3.77,3.92,29342340,117745584.00
2024/10/14,3.92,4.12,3.86,4.01,23948752,96656720.00
2024/10/15,3.92,4.00,3.87,3.87,15274618,60743068.00
2024/10/16,3.82,3.90,3.80,3.83,8619900,33492278.00
2024/10/17,3.87,3.90,3.78,3.79,8363460,32408152.00
2024/10/18,3.77,3.87,3.76,3.81,10145425,39109052.00
2024/10/21,3.83,3.91,3.80,3.84,9938185,38628528.00
2024/10/22,3.84,3.99,3.81,3.96,12513545,49626660.00
2024/10/23,3.96,4.00,3.91,3.94,9830341,39298036.00
2024/10/24,3.95,3.98,3.91,3.98,8471265,33848372.00
2024/10/25,4.03,4.12,3.99,4.08,15337302,62911216.00
2024/10/28,4.13,4.35,4.08,4.32,19784700,83627112.00
2024/10/29,4.33,4.76,4.33,4.76,16588860,78314880.00
2024/10/30,4.88,4.88,4.55,4.63,58123812,274547264.00
2024/10/31,4.61,5.10,4.61,5.10,78874642,393694912.00
2024/11/01,4.96,5.16,4.61,4.74,51892572,251689776.00
2024/11/04,4.61,4.71,4.49,4.58,27706724,127480512.00
2024/11/05,4.57,4.64,4.52,4.60,29294204,135184096.00
2024/11/06,4.58,4.60,4.41,4.48,26630214,120657808.00
2024/11/07,4.46,4.61,4.40,4.58,21302498,97712376.00
2024/11/08,4.61,4.70,4.49,4.62,21007564,97182640.00
2024/11/11,4.58,4.71,4.56,4.65,16163904,75351728.00
2024/11/12,4.65,4.71,4.50,4.55,19017200,88539272.00
2024/11/13,4.52,4.56,4.36,4.49,14073110,63146996.00
2024/11/14,4.49,4.50,4.32,4.35,10316560,45883640.00
2024/11/15,4.32,4.38,4.16,4.18,12022400,52004024.00
2024/11/18,4.20,4.28,4.06,4.11,10220215,42964484.00
2024/11/19,4.11,4.18,4.07,4.17,9253064,38518840.00
2024/11/20,4.16,4.30,4.16,4.29,10060571,43172684.00
2024/11/21,4.33,4.45,4.26,4.37,11197225,49063108.00
2024/11/22,4.37,4.47,4.22,4.24,11077300,48589672.00
2024/11/25,4.24,4.30,4.18,4.27,7121500,30405048.00
2024/11/26,4.27,4.31,4.20,4.22,5887328,25266692.00
2024/11/27,4.21,4.24,4.09,4.24,7470380,31344820.00
2024/11/28,4.28,4.37,4.27,4.32,8527560,37274184.00
2024/11/29,4.29,4.46,4.29,4.41,9633700,42737064.00
2024/12/02,4.41,4.49,4.40,4.49,14384440,64531704.00
2024/12/03,4.48,4.53,4.43,4.48,9188300,41562532.00
2024/12/04,4.48,4.50,4.39,4.42,9495104,42565300.00
2024/12/05,4.45,4.53,4.42,4.52,12807173,57886440.00
2024/12/06,4.53,4.56,4.47,4.55,10985540,50162056.00
2024/12/09,4.60,4.60,4.48,4.53,9717428,44481836.00
2024/12/10,4.62,4.66,4.45,4.46,13074148,59692364.00
2024/12/11,4.46,4.51,4.44,4.49,9663920,43681308.00
2024/12/12,4.53,4.56,4.47,4.54,10602269,48259756.00
2024/12/13,4.52,4.55,4.44,4.45,10098449,45707232.00
2024/12/16,4.44,4.50,4.42,4.44,8002600,36020484.00
2024/12/17,4.41,4.43,4.16,4.19,12130680,52169880.00
2024/12/18,4.18,4.25,4.11,4.16,7971020,33714948.00
2024/12/19,4.13,4.18,4.08,4.17,8609500,35912784.00
2024/12/20,4.17,4.25,4.16,4.19,6471220,27432034.00
2024/12/23,4.25,4.25,3.88,3.90,16648800,67241376.00
2024/12/24,3.94,4.01,3.90,3.95,10261160,40949424.00
2024/12/25,3.96,3.96,3.75,3.81,10581300,40811788.00
2024/12/26,3.81,3.92,3.81,3.86,7842804,30606002.00
2024/12/27,3.88,4.06,3.86,4.02,11250300,45421100.00
2024/12/30,3.97,4.05,3.89,4.02,10531385,42455900.00
2024/12/31,4.02,4.04,3.87,3.88,8719900,34774256.00
2025/01/02,3.89,3.94,3.77,3.81,8774140,34240208.00
2025/01/03,3.85,3.85,3.66,3.67,8612200,32459628.00
2025/01/06,3.66,3.78,3.49,3.71,9825100,36333236.00
2025/01/07,3.71,3.83,3.70,3.82,6967800,26519688.00
2025/01/08,3.83,4.21,3.71,4.21,18971100,78103984.00
2025/01/09,4.20,4.64,4.17,4.64,31388540,143923824.00
2025/01/10,4.70,4.91,4.19,4.23,71724653,325252288.00
2025/01/13,4.17,4.66,4.07,4.66,36007004,160975776.00
2025/01/14,4.74,4.90,4.56,4.76,87035497,418199808.00
2025/01/15,4.56,5.05,4.47,4.75,68683511,323306176.00
2025/01/16,4.55,4.68,4.46,4.53,44304763,203338464.00
2025/01/17,4.49,4.99,4.39,4.99,52485631,261534304.00
2025/01/20,5.49,5.49,5.49,5.49,10968094,60653560.00
2025/01/21,6.04,6.04,6.04,6.04,6656464,40471300.00
2025/01/22,6.65,6.65,5.43,5.46,166295869,1013960192.00
2025/01/23,5.18,5.29,4.91,4.91,106385286,536414816.00
2025/01/24,4.64,4.72,4.46,4.49,79797683,365303552.00
2025/01/27,4.52,4.54,4.42,4.48,35776480,161964976.00
2025/02/05,4.50,4.53,4.35,4.49,32071470,144606880.00
2025/02/06,4.49,4.68,4.45,4.64,53112458,244175424.00
2025/02/07,4.57,4.70,4.56,4.65,52021960,243469120.00
2025/02/10,4.66,4.73,4.64,4.71,38053638,179530448.00
2025/02/11,4.70,4.73,4.64,4.68,28955100,136443056.00
2025/02/12,4.68,4.80,4.68,4.77,35937112,171963456.00
2025/02/13,4.80,4.80,4.64,4.65,29239000,138647008.00
2025/02/14,4.63,4.67,4.55,4.56,29202405,135334064.00
2025/02/17,4.56,4.71,4.55,4.71,31618854,148342288.00
2025/02/18,4.71,4.76,4.56,4.60,24103100,113344080.00
2025/02/19,4.58,4.69,4.58,4.67,20727700,97308704.00
2025/02/20,4.70,4.71,4.65,4.70,20972582,99033848.00
2025/02/21,4.72,4.83,4.69,4.81,37471300,180392240.00
2025/02/24,4.77,4.92,4.70,4.88,38313523,186639328.00
2025/02/25,4.80,4.97,4.77,4.91,40865834,201871600.00
2025/02/26,4.93,4.96,4.87,4.93,32198513,159284320.00
2025/02/27,4.93,5.09,4.90,5.00,40085956,201475792.00
2025/02/28,5.01,5.50,4.94,5.50,80813045,430818272.00
2025/03/03,5.37,5.69,5.14,5.25,110605108,599284032.00
2025/03/04,5.16,5.41,5.16,5.29,63733068,339083808.00
2025/03/05,5.28,5.40,5.15,5.38,57186386,303057856.00
2025/03/06,5.35,5.58,5.29,5.51,66719551,367707712.00
2025/03/07,5.48,5.76,5.40,5.44,69941382,392034240.00
2025/03/10,5.37,5.47,5.24,5.27,47727060,255420992.00
2025/03/11,5.18,5.28,5.11,5.27,28977420,152314448.00
2025/03/12,5.30,5.43,5.27,5.39,38656402,208506272.00
2025/03/13,5.47,5.93,5.46,5.65,107397092,621162496.00
2025/03/14,5.65,5.70,5.38,5.52,63399680,350225440.00
2025/03/17,5.52,5.61,5.48,5.53,39327584,218706112.00
2025/03/18,5.53,5.64,5.46,5.52,36560800,203738464.00
2025/03/19,5.47,5.73,5.46,5.58,45070690,254173232.00
2025/03/20,5.54,5.78,5.53,5.59,44088072,251444496.00
2025/03/21,5.55,5.68,5.32,5.35,45369572,248677792.00
2025/03/24,5.35,5.49,5.13,5.28,40915864,218133488.00
2025/03/25,5.29,5.44,5.21,5.36,29609022,159332784.00
2025/03/26,5.44,5.84,5.35,5.65,56565392,319007872.00
2025/03/27,5.63,6.22,5.50,5.92,88143891,515599648.00
2025/03/28,5.87,5.88,5.72,5.78,49443242,288478912.00
2025/03/31,5.75,6.03,5.55,5.92,51125040,297581952.00
2025/04/01,5.92,5.94,5.75,5.84,38519872,226655040.00
2025/04/02,5.68,5.80,5.28,5.54,43247600,241339472.00
2025/04/03,5.41,5.58,5.14,5.17,46100760,246393968.00
2025/04/07,4.71,4.84,4.65,4.65,11027200,52058984.00
2025/04/08,4.33,4.53,4.18,4.29,45665540,198760384.00
2025/04/09,4.21,4.47,3.86,4.40,36587520,154118352.00
2025/04/10,4.54,4.64,4.49,4.54,29338180,135131776.00
2025/04/11,4.49,4.70,4.41,4.65,22513705,104759144.00
2025/04/14,4.72,4.84,4.71,4.76,19026402,91522840.00
2025/04/15,4.75,4.77,4.66,4.70,14140000,67184216.00
2025/04/16,4.69,4.73,4.50,4.53,18262800,84383984.00
2025/04/17,4.52,4.60,4.48,4.54,10265502,47230044.00
2025/04/18,4.54,4.62,4.51,4.58,11752200,54225464.00
2025/04/21,4.58,4.67,4.53,4.66,10306628,47788800.00
2025/04/22,4.65,4.67,4.58,4.61,10037000,46484628.00
2025/04/23,4.61,4.71,4.61,4.69,13740900,64580600.00
2025/04/24,4.69,4.71,4.57,4.60,12800300,59524148.00
2025/04/25,4.60,4.70,4.57,4.64,10620540,49552928.00
2025/04/28,4.68,4.75,4.59,4.62,15242500,71351704.00
2025/04/29,4.64,4.73,4.61,4.67,17177900,80628824.00
2025/04/30,4.68,4.78,4.66,4.74,17820600,84695520.00
2025/05/06,4.79,4.94,4.79,4.91,18193200,88964808.00
2025/05/07,4.94,5.03,4.87,4.93,18312502,90682112.00
2025/05/08,4.90,5.08,4.88,5.06,17162237,86816904.00
2025/05/09,5.06,5.07,4.96,4.98,13053000,65518936.00
2025/05/12,5.01,5.04,4.96,5.01,12207937,61252756.00
2025/05/13,5.04,5.08,4.94,4.94,10684837,53546152.00
2025/05/14,4.94,4.98,4.90,4.92,11430203,56595264.00
2025/05/15,4.93,4.94,4.83,4.88,9833940,48202664.00
2025/05/16,4.85,4.98,4.81,4.88,10274020,50798588.00
2025/05/19,4.89,4.98,4.87,4.97,9807000,48632876.00
2025/05/20,4.97,5.03,4.92,5.00,9823300,49143568.00
2025/05/21,4.99,5.00,4.87,4.91,10800300,53323580.00
2025/05/22,4.88,4.99,4.85,4.85,11787100,58117236.00
2025/05/23,4.85,4.99,4.82,4.86,21350502,105254232.00
2025/05/26,4.89,5.24,4.88,5.05,31362502,158615504.00
2025/05/27,5.10,5.23,4.99,5.18,39796623,204769808.00
2025/05/28,5.17,5.41,5.13,5.27,40839220,215951312.00
2025/05/29,5.26,5.43,5.20,5.32,37143620,199088816.00
2025/05/30,5.28,5.30,5.09,5.11,28786700,148946080.00
2025/06/03,5.06,5.10,5.01,5.08,19737100,100044536.00
2025/06/04,5.10,5.29,5.09,5.13,17179880,88867304.00
2025/06/05,5.14,5.23,5.11,5.19,17418260,90424896.00
2025/06/06,5.19,5.20,5.10,5.13,12728900,65641936.00
2025/06/09,5.14,5.17,5.12,5.17,12220100,63096228.00
2025/06/10,5.14,5.20,5.03,5.07,15235120,77971936.00
2025/06/11,5.09,5.10,5.05,5.06,9107620,46433556.00
2025/06/12,5.04,5.08,4.99,5.02,10618100,53627600.00
2025/06/13,4.98,5.00,4.88,4.89,14271800,70456400.00
2025/06/16,4.89,4.94,4.87,4.88,8241800,40559744.00
2025/06/17,4.90,4.91,4.82,4.85,8978000,43666012.00
2025/06/18,4.83,4.85,4.74,4.79,11600460,55747400.00
2025/06/19,4.78,4.82,4.62,4.64,12989120,61329520.00
2025/06/20,4.68,4.71,4.61,4.63,9432940,44081980.00
2025/06/23,4.61,4.73,4.57,4.71,8869420,41591196.00
2025/06/24,4.73,4.85,4.71,4.83,12234300,58976040.00
2025/06/25,4.84,4.90,4.77,4.85,11808305,57303200.00
2025/06/26,4.85,4.89,4.81,4.81,9792000,47672160.00
2025/06/27,4.82,4.87,4.80,4.86,8876444,43205876.00
2025/06/30,4.89,4.93,4.86,4.92,9971400,49067096.00
2025/07/01,4.94,4.94,4.82,4.89,10750000,52720944.00
2025/07/02,4.91,4.98,4.90,4.93,14196260,70316976.00
2025/07/03,4.92,4.96,4.89,4.93,9552020,47190476.00
2025/07/04,4.92,4.93,4.84,4.85,7642960,37383224.00
2025/07/07,4.82,4.95,4.78,4.94,11497605,56442276.00
2025/07/08,4.94,5.04,4.91,5.03,15300304,76570040.00
2025/07/09,5.01,5.06,4.99,5.01,11385499,57425908.00
2025/07/10,5.00,5.08,4.92,4.97,22185000,111371752.00
2025/07/11,4.96,4.99,4.87,4.95,16744100,82648224.00
2025/07/14,4.95,5.00,4.93,4.99,10137200,50671180.00
2025/07/15,4.96,4.98,4.86,4.89,10129500,49869860.00
2025/07/16,4.90,4.98,4.88,4.93,8107500,40264568.00
2025/07/17,4.93,4.97,4.91,4.96,7639000,37948664.00
2025/07/18,4.97,4.98,4.91,4.95,8566900,42509284.00
2025/07/21,5.00,5.33,4.98,5.18,33024100,170326096.00
2025/07/22,5.19,5.24,5.10,5.21,25783400,133700904.00
2025/07/23,5.23,5.26,5.10,5.23,22014140,114186712.00
2025/07/24,5.19,5.37,5.10,5.22,47073500,246866384.00
2025/07/25,5.17,5.20,5.05,5.06,28149199,144175632.00
2025/07/28,5.10,5.13,5.07,5.09,12585376,64423732.00
2025/07/29,5.07,5.10,5.00,5.04,10430300,52655260.00
2025/07/30,5.06,5.07,4.95,4.97,12683900,63492004.00
2025/07/31,4.97,4.99,4.83,4.84,15606200,76746960.00
2025/08/01,4.84,4.90,4.84,4.89,8752700,42871964.00
2025/08/04,4.84,4.95,4.83,4.95,7190900,35464352.00
2025/08/05,4.93,4.99,4.93,4.99,7390500,36892208.00
2025/08/06,4.98,5.05,4.95,5.04,11990200,60281668.00
2025/08/07,5.06,5.06,4.98,5.01,8047900,40432640.00
2025/08/08,5.01,5.05,4.98,5.04,9408900,47438560.00
2025/08/11,5.06,5.10,5.05,5.09,11878600,60600168.00
2025/08/12,5.10,5.11,5.03,5.08,8947786,45518756.00
2025/08/13,5.10,5.12,5.05,5.06,10152000,51687672.00
2025/08/14,5.07,5.08,4.91,4.92,13064427,65366820.00
2025/08/15,4.92,5.04,4.91,5.00,13312000,66779868.00
2025/08/18,5.00,5.09,5.00,5.05,13182027,66950172.00
2025/08/19,5.07,5.11,5.04,5.10,14381800,73491144.00
2025/08/20,5.10,5.15,5.08,5.15,13277200,68235264.00
2025/08/21,5.15,5.16,5.08,5.11,11441296,58764924.00
2025/08/22,5.10,5.62,5.10,5.62,66997307,365951392.00
2025/08/25,5.68,6.18,5.58,5.80,144798902,860752192.00
2025/08/26,5.63,6.01,5.53,5.87,100581728,576255680.00
2025/08/27,5.80,5.84,5.61,5.61,62081800,356414144.00
2025/08/28,5.65,5.71,5.38,5.56,49454605,274661760.00
2025/08/29,5.63,6.12,5.58,6.12,69095880,407872896.00
2025/09/01,6.07,6.16,5.87,5.97,85086032,512059360.00
2025/09/02,5.94,6.04,5.81,5.89,56477248,335469216.00
2025/09/03,5.92,5.99,5.74,5.81,50440448,297288800.00
2025/09/04,5.98,6.24,5.69,5.85,65827812,395016928.00
2025/09/05,5.69,6.20,5.60,6.00,63416567,370571936.00
2025/09/08,5.98,5.98,5.75,5.85,43999401,257257184.00
2025/09/09,5.83,6.27,5.72,6.03,61346185,370398368.00
2025/09/10,5.99,6.28,5.93,6.07,71518050,438022720.00
2025/09/11,6.01,6.63,5.83,6.37,82269691,521513408.00
2025/09/12,6.33,6.41,6.11,6.18,62687524,391663424.00
2025/09/15,6.13,6.13,5.88,5.90,48880672,291488096.00
2025/09/16,5.88,6.18,5.75,6.01,45416726,270054944.00
2025/09/17,5.94,5.98,5.85,5.85,28325254,167162608.00
2025/09/18,5.83,5.84,5.53,5.58,42827821,244310736.00
2025/09/19,5.56,5.62,5.43,5.45,23668100,130175120.00
2025/09/22,5.47,5.53,5.40,5.44,14791800,80835184.00
2025/09/23,5.45,5.46,5.21,5.36,22348171,118831424.00
2025/09/24,5.33,5.40,5.28,5.40,14333600,77064656.00
2025/09/25,5.38,5.44,5.31,5.32,15039300,81178792.00
2025/09/26,5.31,5.37,5.26,5.30,11168822,59652492.00
2025/09/29,5.31,5.38,5.20,5.32,11524400,61298080.00
2025/09/30,5.33,5.35,5.27,5.28,10322440,54960036.00
2025/10/09,5.30,5.43,5.29,5.42,16133970,87211320.00
2025/10/10,5.45,5.53,5.38,5.47,19407702,106230312.00
2025/10/13,5.26,5.45,5.14,5.44,15275605,81829928.00
2025/10/14,5.49,5.52,5.34,5.35,15122700,82352136.00
2025/10/15,5.42,5.48,5.34,5.48,15506900,84294776.00
2025/10/16,5.54,5.57,5.36,5.38,13559600,73975152.00
2025/10/17,5.37,5.39,5.18,5.18,14235100,75165632.00
2025/10/20,5.24,5.31,5.19,5.29,11616996,61539048.00
2025/10/21,5.29,5.40,5.24,5.39,11493600,61617824.00
2025/10/22,5.40,5.42,5.32,5.41,9309900,50356352.00
2025/10/23,5.39,5.43,5.31,5.42,8914620,48014832.00
2025/10/24,5.43,5.47,5.39,5.45,10076720,55003956.00
2025/10/27,5.48,5.48,5.42,5.45,11706520,64125696.00
2025/10/28,5.44,5.51,5.38,5.45,11721900,64186312.00
2025/10/29,5.41,5.41,5.22,5.33,17850480,94935664.00
2025/10/30,5.32,5.33,5.18,5.18,14017900,73622288.00
2025/10/31,5.20,5.24,5.15,5.18,10253100,53457984.00
2025/11/03,5.20,5.28,5.19,5.27,13290560,69978920.00
2025/11/04,5.28,5.41,5.27,5.32,12187070,65197528.00
2025/11/05,5.24,5.57,5.24,5.56,32226717,176804704.00
2025/11/06,5.56,5.61,5.50,5.55,19649745,109294264.00
2025/11/07,5.55,5.60,5.51,5.58,14522540,81156320.00
2025/11/10,5.62,5.63,5.53,5.60,13645840,76336320.00
2025/11/11,5.60,5.70,5.59,5.61,15199600,85967136.00
2025/11/12,5.58,5.61,5.46,5.50,14775800,81783576.00
2025/11/13,5.48,5.59,5.45,5.57,11846616,65940952.00
2025/11/14,5.54,5.62,5.50,5.57,10222400,57214868.00
2025/11/17,5.57,5.68,5.53,5.66,17079900,96402304.00
2025/11/18,5.66,5.68,5.46,5.50,14344345,79488952.00
2025/11/19,5.49,5.52,5.32,5.35,11275040,60954844.00
2025/11/20,5.38,5.39,5.23,5.27,12169900,64624308.00
2025/11/21,5.21,5.27,4.93,4.94,19477462,98451872.00
2025/11/24,4.99,5.08,4.96,5.04,9708000,48944232.00
2025/11/25,5.06,5.16,5.04,5.12,8801185,45277680.00
2025/11/26,5.12,5.17,5.03,5.05,8368845,42829336.00
2025/11/27,5.08,5.13,5.04,5.07,6352945,32497056.00
2025/11/28,5.07,5.15,5.03,5.14,6499800,33266244.00
2025/12/01,5.18,5.19,5.12,5.14,7507476,38851484.00
2025/12/02,5.14,5.15,5.05,5.14,6993400,35865368.00
2025/12/03,5.13,5.18,5.10,5.13,7883500,40582180.00
2025/12/04,5.13,5.13,5.03,5.06,6854840,34924332.00
2025/12/05,5.07,5.21,5.03,5.20,11197600,57899712.00
2025/12/08,5.21,5.28,5.19,5.21,9197100,48294100.00
2025/12/09,5.21,5.25,5.17,5.23,9202400,48160736.00
2025/12/10,5.21,5.23,5.14,5.15,9963644,51754580.00
2025/12/11,5.15,5.25,5.12,5.13,8979900,46580900.00
2025/12/12,5.12,5.38,5.09,5.29,21274022,112434344.00
2025/12/15,5.31,5.35,5.22,5.24,12752200,67436352.00
2025/12/16,5.22,5.32,5.08,5.23,15713656,81887056.00
2025/12/17,5.22,5.22,4.96,5.05,19834300,100557768.00
2025/12/18,5.05,5.12,5.00,5.04,9301800,47319348.00
2025/12/19,5.05,5.22,5.04,5.19,15080120,78203816.00
2025/12/22,5.19,5.24,5.14,5.15,8953800,46524284.00
2025/12/23,5.14,5.16,5.08,5.09,8459800,43364900.00
2025/12/24,5.09,5.20,5.06,5.19,8413500,43596944.00
2025/12/25,5.16,5.25,5.16,5.23,7771100,40707296.00
2025/12/26,5.23,5.25,5.15,5.17,8317100,43345484.00
2025/12/29,5.18,5.20,5.11,5.15,7520800,38894632.00
2025/12/30,5.13,5.19,5.10,5.11,8020200,41357128.00
2025/12/31,5.12,5.14,5.01,5.06,11096740,56240240.00
2026/01/05,5.08,5.15,5.05,5.08,10019000,51270812.00
2026/01/06,5.08,5.15,5.07,5.13,9087600,46657412.00
2026/01/07,5.13,5.34,5.10,5.21,18200120,95486248.00
2026/01/08,5.18,5.34,5.17,5.31,16150300,85757968.00
2026/01/09,5.30,5.34,5.24,5.29,13944840,73927392.00
2026/01/12,5.29,5.35,5.27,5.35,14290474,76286536.00
2026/01/13,5.34,5.39,5.26,5.30,16629414,88737392.00
2026/01/14,5.29,5.37,5.23,5.30,16459900,87731904.00
2026/01/15,5.29,5.33,5.24,5.31,10124700,53702628.00
2026/01/16,5.46,5.62,5.40,5.52,42351196,234500496.00
2026/01/19,5.53,5.83,5.53,5.76,46304270,265160432.00
2026/01/20,5.68,5.83,5.58,5.73,36209296,207630224.00
2026/01/21,5.66,5.72,5.52,5.65,25878400,145967744.00
2026/01/22,5.68,5.69,5.60,5.66,15465000,87562720.00
2026/01/23,5.66,5.82,5.60,5.79,27199000,156660896.00
2026/01/26,5.77,5.78,5.62,5.68,19506700,111322192.00
2026/01/27,5.64,5.67,5.45,5.63,17992900,100451896.00
2026/01/28,5.63,5.66,5.54,5.59,14925060,83668736.00
2026/01/29,5.59,5.59,5.43,5.46,13831200,76500768.00
2026/01/30,5.44,5.56,5.38,5.52,15062900,82784592.00
2026/02/02,5.48,5.62,5.39,5.49,18794022,104580096.00
2026/02/03,5.49,5.58,5.44,5.56,13244900,73409504.00
2026/02/04,5.55,5.67,5.51,5.61,11991120,67423488.00
2026/02/05,5.58,5.61,5.45,5.46,12020124,66433420.00
2026/02/06,5.41,5.60,5.41,5.53,14025600,78215392.00
2026/02/09,5.58,5.63,5.53,5.61,11451646,64238908.00
2026/02/10,5.61,5.68,5.58,5.63,12005400,68077664.00
2026/02/11,5.63,5.64,5.54,5.55,11734200,65797780.00
2026/02/12,5.56,5.63,5.46,5.52,11847040,66011980.00
2026/02/13,5.49,5.52,5.42,5.43,9547840,52477540.00
2026/02/24,5.46,5.66,5.46,5.64,15146600,85245120.00
2026/02/25,5.64,5.67,5.60,5.64,12590300,71235488.00
2026/02/26,5.66,5.76,5.64,5.75,17750269,101855984.00
2026/02/27,5.71,5.77,5.68,5.75,11917900,68412792.00
2026/03/02,5.68,5.73,5.48,5.59,17207400,96706976.00
2026/03/03,5.60,5.67,5.38,5.40,15550800,86206584.00
2026/03/04,5.33,5.66,5.30,5.63,21636470,120950024.00
2026/03/05,5.71,5.91,5.68,5.81,28596488,166779088.00
2026/03/06,5.82,5.92,5.79,5.85,26604568,156531392.00
2026/03/09,5.79,5.94,5.72,5.91,32125839,189485168.00
2026/03/10,5.92,5.99,5.86,5.94,24904148,148047552.00
2026/03/11,5.93,5.99,5.87,5.91,26283160,156095120.00
2026/03/12,5.88,5.90,5.75,5.85,27893020,163023664.00
2026/03/13,5.84,6.44,5.71,6.21,119003049,753144768.00
2026/03/16,6.12,6.19,5.98,6.07,96660895,587480768.00
2026/03/17,6.00,6.04,5.85,5.87,51043116,303899968.00
2026/03/18,5.89,6.07,5.74,5.83,46967380,275868160.00
2026/03/19,5.75,5.86,5.62,5.68,37577163,215979504.00
2026/03/20,5.68,5.86,5.44,5.45,39510460,221619376.00
2026/03/23,5.33,5.35,4.99,5.02,32997340,171402704.00
2026/03/24,5.16,5.34,5.08,5.33,31550300,164970624.00
2026/03/25,5.32,5.49,5.32,5.42,24018000,130906776.00
2026/03/26,5.40,5.96,5.39,5.96,32044822,187970224.00
2026/03/27,5.86,5.96,5.66,5.89,76323200,447732544.00
2026/03/30,5.81,5.90,5.70,5.86,37226800,216731504.00
2026/03/31,5.86,6.14,5.79,6.05,65039810,390932224.00
2026/04/01,6.08,6.14,5.92,5.96,50528511,303500128.00
2026/04/02,5.94,6.06,5.87,5.95,41284500,246981648.00
2026/04/03,6.01,6.02,5.61,5.64,35281100,202542912.00
2026/04/07,5.65,5.85,5.63,5.71,23882644,137247008.00
2026/04/08,5.83,6.28,5.78,6.13,69625064,426779744.00
2026/04/09,6.23,6.60,6.09,6.26,92406604,586681344.00
2026/04/10,6.31,6.56,6.16,6.36,69269262,442345760.00
2026/04/13,6.34,6.35,6.13,6.29,45923060,287196800.00
2026/04/14,6.31,6.92,6.28,6.92,64070080,437439584.00
2026/04/15,6.89,6.89,6.49,6.59,116601530,774466688.00
2026/04/16,6.41,6.44,6.23,6.43,78899484,501458560.00
2026/04/17,6.28,6.90,6.27,6.58,82178306,542766016.00
2026/04/20,6.61,7.24,6.54,7.24,82166248,581880896.00
2026/04/21,7.05,7.05,6.83,6.90,100179130,693770944.00
2026/04/22,6.89,7.07,6.81,7.00,80568400,563181696.00
2026/04/23,6.93,7.17,6.65,6.67,66711698,454400224.00
2026/04/24,6.52,6.54,6.07,6.14,69224900,430997536.00
2026/04/27,6.14,6.14,5.74,6.01,43989900,261163504.00
2026/04/28,5.99,6.01,5.75,5.78,31565700,184415648.00
2026/04/29,5.73,5.85,5.72,5.79,23079300,134497520.00
2026/04/30,5.75,5.81,5.46,5.59,35050044,196205904.00
2026/05/06,5.62,5.70,5.54,5.68,25426244,143616304.00
2026/05/07,5.69,5.84,5.67,5.84,29791740,172997408.00
2026/05/08,5.83,5.83,5.73,5.77,21010120,121421320.00
2026/05/11,5.79,5.81,5.59,5.62,28015540,158849200.00
2026/05/12,5.59,5.69,5.47,5.62,27277400,152834752.00
2026/05/13,5.61,5.77,5.54,5.70,26727740,152956656.00
2026/05/14,5.73,5.76,5.45,5.45,24053618,134827920.00
2026/05/15,5.44,5.57,5.28,5.49,23391360,126972048.00
2026/05/18,5.47,5.47,5.30,5.37,19887200,107113112.00
2026/05/19,5.39,5.51,5.33,5.42,12149900,65850576.00
2026/05/20,5.43,5.43,5.20,5.34,14299504,76076792.00
2026/05/21,5.35,5.39,5.03,5.03,19345660,101025584.00
2026/05/22,5.13,5.19,5.04,5.18,13922600,71590320.00
2026/05/25,5.22,5.26,5.04,5.11,12737400,65407272.00
2026/05/26,5.05,5.09,4.84,4.88,24168900,119175904.00
2026/05/27,4.86,4.89,4.68,4.70,20211600,96186368.00
2026/05/28,4.71,4.85,4.68,4.82,17212200,82452624.00
2026/05/29,4.84,4.84,4.50,4.54,23868260,111095328.00
2026/06/01,4.52,4.74,4.52,4.67,15438000,72147024.00
2026/06/02,4.71,4.72,4.52,4.61,11511900,53158592.00
2026/06/03,4.60,4.62,4.47,4.53,14099800,64316272.00
2026/06/04,4.48,4.56,4.40,4.46,13413300,60137608.00
2026/06/05,4.49,4.59,4.35,4.49,20826140,94029856.00
2026/06/08,4.45,4.69,4.26,4.31,22453760,99221064.00
2026/06/09,4.31,4.38,4.22,4.34,13522300,58508624.00
2026/06/10,4.29,4.35,4.11,4.19,16182247,67869016.00
2026/06/11,4.13,4.22,4.07,4.11,11661600,48009836.00
2026/06/12,4.15,4.24,4.07,4.15,15922840,66269724.00
2026/06/15,4.17,4.32,4.15,4.21,13766200,58185912.00
2026/06/16,4.20,4.32,4.13,4.29,15968535,67732888.00
2026/06/17,4.29,4.29,4.10,4.14,15726800,65602544.00
2026/06/18,4.12,4.12,3.98,4.05,16705120,67601456.00
2026/06/22,4.02,4.11,3.89,4.10,16166300,64433212.00
2026/06/23,4.11,4.20,4.07,4.10,16752100,69368672.00
2026/06/24,4.06,4.08,3.88,3.94,16416400,64889184.00
2026/06/25,3.95,3.95,3.79,3.82,15751440,60392500.00
2026/06/26,3.79,3.82,3.69,3.70,14110600,52732796.00
2026/06/29,3.74,3.75,3.55,3.71,16529805,60738420.00
2026/06/30,3.74,3.79,3.65,3.77,14407800,54028132.00
2026/07/01,3.76,3.93,3.73,3.85,17395000,66695856.00
2026/07/02,3.84,3.95,3.79,3.81,15561500,60194688.00
2026/07/03,3.84,3.94,3.78,3.90,17565400,67763600.00
2026/07/06,3.90,3.94,3.75,3.79,15139900,57950936.00
2026/07/07,3.80,3.91,3.69,3.72,13656308,51404204.00
2026/07/08,3.78,3.78,3.61,3.64,11501420,42065736.00
2026/07/09,3.61,3.70,3.52,3.64,12390900,44722088.00
2026/07/10,3.64,3.89,3.55,3.78,18544700,70040864.00
2026/07/13,3.78,3.80,3.57,3.58,13691600,49984048.00
2026/07/14,3.57,3.67,3.52,3.64,13636600,49027632.00
2026/07/15,3.62,3.80,3.60,3.71,15752700,58684648.00
2026/07/16,3.71,3.81,3.66,3.76,11497200,43232420.00
2026/07/17,3.76,3.82,3.56,3.61,15569500,57295316.00
2026/07/20,3.64,3.75,3.45,3.54,18721200,67717208.00
2026/07/21,3.52,3.54,3.33,3.49,20458200,70421464.00
2026/07/22,3.45,3.55,3.39,3.42,13571400,46927080.00
2026/07/23,3.41,3.68,3.40,3.66,26349729,94544824.00
2026/07/24,3.67,3.69,3.57,3.58,15911800,57658464.00
2026/07/27,3.58,3.77,3.55,3.76,17464000,64729288.00
2026/07/28,3.76,3.80,3.72,3.78,11310800,42655388.00
2026/07/29,3.79,3.91,3.75,3.84,12265900,46963504.00
2026/07/30,3.81,3.93,3.72,3.74,15407399,58753072.00
2026/07/31,3.78,4.09,3.75,3.90,25357099,98894024.00
2026/08/03,3.91,4.07,3.90,4.06,20286600,81377176.00
2026/08/04,4.10,4.13,4.04,4.07,13922200,56845500.00
2026/08/05,4.09,4.18,3.98,4.05,15637800,63142536.00
2026/08/06,4.05,4.07,3.97,4.07,11919200,47860688.00
2026/08/07,4.07,4.07,3.96,4.04,11471600,45926904.00
2026/08/10,4.07,4.20,4.02,4.19,13710220,56733980.00
2026/08/11,4.20,4.20,4.06,4.15,9321599,38429720.00
2026/08/12,4.14,4.33,4.13,4.28,12063605,51180636.00
2026/08/13,4.28,4.32,4.22,4.24,11083800,47231540.00
2026/08/14,4.23,4.25,4.14,4.20,9091700,38024388.00
2026/08/17,4.21,4.24,4.12,4.22,8831400,37110076.00
2026/08/18,4.20,4.23,4.10,4.14,14960400,61885108.00
2026/08/19,4.12,4.20,4.07,4.08,17117800,70757248.00
2026/08/20,4.12,4.18,4.07,4.17,9810540,40622688.00
2026/08/21,4.14,4.30,4.08,4.29,15867294,67189952.00
2026/08/24,4.22,4.32,4.13,4.18,13912300,58524008.00
2026/08/25,4.15,4.30,4.14,4.26,10853600,46119712.00
2026/08/26,4.25,4.35,4.23,4.31,10467100,45029896.00
2026/08/27,4.31,4.31,4.24,4.28,7165100,30638892.00
2026/08/28,4.28,4.34,4.25,4.30,8833450,37978748.00
2026/08/31,4.28,4.34,4.26,4.33,6990900,30110400.00
2026/09/01,4.33,4.36,4.26,4.30,8813300,37934592.00
2026/09/02,4.28,4.33,4.25,4.29,9603950,41197132.00
2026/09/03,4.31,4.34,4.22,4.25,8061520,34403628.00
2026/09/04,4.27,4.32,4.21,4.25,8839820,37745092.00
2026/09/07,4.22,4.33,4.21,4.31,9140600,39059848.00
2026/09/08,4.32,4.45,4.28,4.42,12450500,54460748.00
2026/09/09,4.42,4.59,4.40,4.47,20504300,92347768.00
2026/09/10,4.48,4.70,4.38,4.53,27541800,125247616.00
2026/09/11,4.53,4.64,4.44,4.47,19540400,87918080.00
2026/09/14,4.47,4.56,4.40,4.43,11553940,51550196.00
#数据来源:通达信
