000752 *ST西发 日线 前复权
      日期	    开盘	    最高	    最低	    收盘	    成交量	    成交额
2021/08/02,5.47,5.74,5.38,5.74,1659000,9426762.00
2021/08/03,5.94,6.03,5.80,6.03,4562311,27419600.00
2021/08/04,5.83,6.30,5.83,6.20,5215323,32099886.00
2021/08/05,6.20,6.34,6.09,6.09,4843684,30000348.00
2021/08/06,6.03,6.22,6.03,6.20,2689108,16554798.00
2021/08/09,6.32,6.51,6.18,6.51,3694813,23378294.00
2021/08/10,6.70,6.84,6.55,6.82,7441995,50238220.00
2021/08/11,6.73,6.84,6.48,6.49,6063395,39928872.00
2021/08/12,6.33,6.49,6.17,6.17,5328301,33076108.00
2021/08/13,6.10,6.35,5.98,6.28,3397301,21116692.00
2021/08/16,6.59,6.59,6.51,6.59,2120201,13969287.00
2021/08/17,6.82,6.82,6.35,6.35,5788705,37735728.00
2021/08/18,6.32,6.67,6.18,6.55,4850798,31451790.00
2021/08/19,6.48,6.65,6.28,6.35,3285011,21122494.00
2021/08/20,6.30,6.39,6.10,6.14,3246000,20055860.00
2021/08/23,6.12,6.16,5.95,6.11,3359705,20400408.00
2021/08/24,6.13,6.28,6.02,6.20,3752301,23122598.00
2021/08/25,6.13,6.27,6.11,6.19,2120001,13129554.00
2021/08/26,6.18,6.19,5.88,5.95,3523200,21150036.00
2021/08/27,5.94,6.12,5.78,6.00,2293302,13717846.00
2021/08/30,5.96,5.96,5.79,5.82,3189741,18604822.00
2021/08/31,5.85,5.89,5.75,5.84,2407440,13966405.00
2021/09/01,5.85,6.00,5.66,5.92,2935909,17085732.00
2021/09/02,5.84,5.97,5.76,5.94,2208600,12932649.00
2021/09/03,6.10,6.21,5.89,5.91,2589510,15578620.00
2021/09/06,5.90,6.12,5.80,5.99,2693921,16072052.00
2021/09/07,5.99,6.04,5.71,5.81,6318900,37024728.00
2021/09/08,5.78,5.80,5.69,5.76,2408402,13827884.00
2021/09/09,5.87,5.87,5.71,5.74,2317900,13360959.00
2021/09/10,5.76,5.77,5.67,5.75,2432382,13881991.00
2021/09/13,5.76,5.80,5.68,5.76,1863912,10689693.00
2021/09/14,5.76,5.78,5.64,5.65,1816491,10327087.00
2021/09/15,5.68,5.75,5.42,5.66,2407413,13382035.00
2021/09/16,5.64,5.64,5.51,5.52,1763501,9818712.00
2021/09/17,5.55,5.55,5.40,5.42,1868501,10172108.00
2021/09/22,5.26,5.38,5.23,5.28,2064935,10945257.00
2021/09/23,5.30,5.38,5.24,5.25,2739200,14483352.00
2021/09/24,5.21,5.25,5.00,5.02,3948402,20076872.00
2021/09/27,5.01,5.27,4.95,5.27,4611871,24059452.00
2021/09/28,5.25,5.25,5.01,5.03,4717402,23706584.00
2021/09/29,5.00,5.28,5.00,5.28,5765691,30309218.00
2021/09/30,5.35,5.38,5.21,5.32,4181340,22132314.00
2021/10/08,5.25,5.57,5.25,5.43,2196622,11881730.00
2021/10/11,5.43,5.43,5.28,5.37,1688175,9056756.00
2021/10/12,5.42,5.42,5.15,5.16,2253215,11804521.00
2021/10/13,5.42,5.42,5.42,5.42,681710,3694868.25
2021/10/14,5.59,5.69,5.53,5.69,3858422,21826360.00
2021/10/15,5.81,5.97,5.62,5.97,6165336,36066492.00
2021/10/18,6.10,6.16,5.80,5.90,7050201,42155372.00
2021/10/19,5.90,6.20,5.85,6.20,2690023,16411345.00
2021/10/20,6.25,6.51,6.08,6.27,8760829,55636940.00
2021/10/21,6.19,6.26,5.96,5.99,5530237,33352992.00
2021/10/22,6.00,6.06,5.74,5.85,3317400,19482868.00
2021/10/25,5.85,6.04,5.85,5.89,1946500,11509245.00
2021/10/26,5.90,5.90,5.77,5.81,1768714,10287280.00
2021/10/27,5.81,5.81,5.62,5.70,1861300,10586703.00
2021/10/28,5.70,5.90,5.57,5.64,1829500,10415864.00
2021/10/29,5.68,5.92,5.64,5.92,4453803,26280124.00
2021/11/01,5.82,5.87,5.73,5.85,3326102,19307684.00
2021/11/02,5.83,5.91,5.64,5.64,2082801,12008564.00
2021/11/03,5.61,5.75,5.60,5.67,1224300,6919519.00
2021/11/04,5.70,5.84,5.62,5.67,1720100,9815184.00
2021/11/05,5.70,5.77,5.60,5.63,1549502,8765190.00
2021/11/08,5.63,5.66,5.46,5.66,1678301,9384184.00
2021/11/09,5.70,5.94,5.66,5.94,2379403,13797070.00
2021/11/10,6.00,6.03,5.80,5.90,2887602,17143244.00
2021/11/11,5.91,6.00,5.85,5.88,1519718,8988249.00
2021/11/12,5.84,5.93,5.82,5.89,1424800,8384894.00
2021/11/15,5.92,6.15,5.90,6.07,2775114,16781744.00
2021/11/16,6.02,6.19,6.02,6.08,2213815,13475751.00
2021/11/17,6.09,6.18,5.96,6.05,1772100,10699815.00
2021/11/18,6.05,6.08,5.91,5.92,2108100,12583486.00
2021/11/19,5.90,6.07,5.90,6.00,1317101,7883964.00
2021/11/22,6.00,6.02,5.89,5.95,1841300,10966480.00
2021/11/23,5.95,6.02,5.94,5.97,1355920,8108223.50
2021/11/24,5.95,6.06,5.95,5.99,1701201,10199546.00
2021/11/25,5.98,5.98,5.69,5.83,5029603,28935490.00
2021/11/26,5.77,5.84,5.69,5.70,1785101,10256039.00
2021/11/29,5.61,5.67,5.53,5.61,2062416,11519632.00
2021/11/30,5.62,5.74,5.60,5.63,1552614,8754081.00
2021/12/01,5.65,5.79,5.59,5.70,2260924,12854152.00
2021/12/02,5.69,5.85,5.64,5.74,2596516,14905134.00
2021/12/03,5.73,5.86,5.70,5.83,1913224,11046641.00
2021/12/06,5.82,5.89,5.68,5.75,2550505,14647050.00
2021/12/07,5.75,5.85,5.70,5.83,2295820,13209685.00
2021/12/08,5.79,5.89,5.75,5.83,2418600,14096670.00
2021/12/09,5.80,5.82,5.58,5.71,3729822,21237058.00
2021/12/10,5.75,5.85,5.63,5.70,1454246,8329914.50
2021/12/13,5.68,5.68,5.55,5.60,2332768,13051788.00
2021/12/14,5.56,5.64,5.56,5.61,1397968,7831679.50
2021/12/15,5.63,5.70,5.52,5.64,2306919,12914557.00
2021/12/16,5.60,5.63,5.53,5.56,1710000,9530514.00
2021/12/17,5.56,5.63,5.54,5.62,1616846,9044545.00
2021/12/20,5.58,5.64,5.49,5.50,1566300,8675799.00
2021/12/21,5.61,5.61,5.48,5.58,999613,5545526.00
2021/12/22,5.56,5.60,5.53,5.55,1339601,7441994.50
2021/12/23,5.54,5.56,5.48,5.48,2258200,12442260.00
2021/12/24,5.46,5.53,5.42,5.50,2165803,11841820.00
2021/12/27,5.47,5.50,5.38,5.42,2102962,11407473.00
2021/12/28,5.42,5.52,5.37,5.38,2222800,12021192.00
2021/12/29,5.38,5.42,5.26,5.26,2344100,12433942.00
2021/12/30,5.26,5.26,5.16,5.21,2027868,10546887.00
2021/12/31,5.20,5.28,5.18,5.21,1285300,6701521.50
2022/01/04,5.21,5.46,5.10,5.33,2924417,15438558.00
2022/01/05,5.31,5.59,5.28,5.48,4774966,26161050.00
2022/01/06,5.42,5.71,5.42,5.53,2721363,15101216.00
2022/01/07,5.52,5.59,5.47,5.54,2079900,11526817.00
2022/01/10,5.54,5.55,5.45,5.49,1412802,7751583.00
2022/01/11,5.49,5.51,5.45,5.47,903000,4944765.00
2022/01/12,5.47,5.65,5.42,5.59,2404912,13319866.00
2022/01/13,5.62,5.62,5.50,5.50,1297400,7197727.00
2022/01/14,5.50,5.56,5.31,5.34,2255712,12272385.00
2022/01/17,5.32,5.40,5.20,5.25,2175613,11464001.00
2022/01/18,5.23,5.41,5.16,5.28,2352002,12451331.00
2022/01/19,5.26,5.33,5.24,5.29,1086702,5736110.50
2022/01/20,5.27,5.30,5.20,5.23,1387212,7266421.50
2022/01/21,5.20,5.36,5.17,5.28,1110800,5854948.00
2022/01/24,5.25,5.28,5.10,5.24,1445100,7503652.00
2022/01/25,5.21,5.21,4.98,4.98,2726400,13689138.00
2022/01/26,4.88,4.89,4.73,4.78,2260702,10818413.00
2022/01/27,4.61,4.78,4.54,4.54,2512300,11604532.00
2022/01/28,4.55,4.65,4.46,4.60,2152629,9782061.00
2022/02/07,4.52,4.60,4.37,4.46,3065171,13571702.00
2022/02/08,4.44,4.61,4.44,4.58,1554306,7073989.00
2022/02/09,4.55,4.65,4.55,4.62,1020402,4696095.00
2022/02/10,4.60,4.62,4.48,4.51,1634700,7393873.00
2022/02/11,4.53,4.53,4.38,4.39,1676701,7440022.50
2022/02/14,4.31,4.44,4.26,4.30,1288200,5598874.00
2022/02/15,4.29,4.44,4.24,4.40,1785100,7788824.00
2022/02/16,4.45,4.45,4.37,4.41,752412,3311750.75
2022/02/17,4.42,4.44,4.37,4.39,1071200,4719436.00
2022/02/18,4.38,4.61,4.34,4.61,2951401,13499817.00
2022/02/21,4.66,4.84,4.57,4.84,3205302,15155736.00
2022/02/22,4.98,5.07,4.86,4.97,4549705,22703412.00
2022/02/23,4.97,5.02,4.86,4.89,2892900,14212380.00
2022/02/24,4.90,5.13,4.83,5.00,5401905,27283872.00
2022/02/25,4.95,5.13,4.90,4.98,2527587,12616452.00
2022/02/28,4.95,4.99,4.80,4.99,1748848,8547459.00
2022/03/01,4.99,5.24,4.96,5.24,4931649,25697962.00
2022/03/02,5.05,5.41,5.05,5.26,4190900,22021088.00
2022/03/03,5.24,5.36,5.13,5.16,2319000,12138840.00
2022/03/04,5.09,5.20,5.04,5.08,2228100,11365308.00
2022/03/07,5.05,5.05,4.95,4.98,1929114,9629978.00
2022/03/08,4.95,5.11,4.93,4.95,2390302,11945809.00
2022/03/09,4.89,4.94,4.70,4.76,2874521,13723566.00
2022/03/10,4.77,4.95,4.77,4.91,1332000,6462015.00
2022/03/11,4.91,4.99,4.82,4.91,1507300,7388923.00
2022/03/14,4.86,4.89,4.66,4.84,1613001,7691487.50
2022/03/15,4.80,4.80,4.60,4.60,1903201,8805487.00
2022/03/16,4.60,4.60,4.37,4.56,2276403,10163711.00
2022/03/17,4.55,4.65,4.53,4.57,1565900,7188439.00
2022/03/18,4.58,4.69,4.52,4.67,2016500,9312660.00
2022/03/21,4.67,4.69,4.59,4.61,1911700,8830892.00
2022/03/22,4.45,4.70,4.43,4.63,1996412,9040368.00
2022/03/23,4.60,4.64,4.56,4.58,1516710,6973721.00
2022/03/24,4.56,4.60,4.48,4.55,1258471,5709071.00
2022/03/25,4.58,4.60,4.52,4.58,1483000,6754181.00
2022/03/28,4.56,4.63,4.51,4.58,1035200,4728218.00
2022/03/29,4.57,4.61,4.47,4.51,1203002,5431988.00
2022/03/30,4.48,4.57,4.44,4.54,1259001,5667215.50
2022/03/31,4.57,4.73,4.53,4.64,1737371,8009068.00
2022/04/01,4.65,4.87,4.59,4.87,3652070,17643084.00
2022/04/06,4.90,4.95,4.81,4.91,2499900,12204710.00
2022/04/07,4.91,5.15,4.89,5.04,3097800,15627851.00
2022/04/08,5.03,5.08,4.95,5.00,1747701,8765647.00
2022/04/11,5.00,5.00,4.80,4.90,1534501,7530279.00
2022/04/12,4.86,5.14,4.83,5.09,3408400,17235794.00
2022/04/13,5.09,5.20,5.07,5.13,2430500,12499594.00
2022/04/14,5.10,5.17,5.01,5.08,2813070,14331058.00
2022/04/15,5.08,5.08,4.84,4.93,2287372,11264598.00
2022/04/18,4.68,4.76,4.68,4.68,862700,4039254.00
2022/04/19,4.45,4.45,4.45,4.45,1195500,5319975.00
2022/04/20,4.23,4.53,4.23,4.36,4477700,19481468.00
2022/04/21,4.29,4.36,4.14,4.14,2892005,12176293.00
2022/04/22,3.93,3.93,3.93,3.93,766200,3011166.00
2022/04/25,3.73,3.73,3.73,3.73,414800,1547204.00
2022/04/26,3.54,3.54,3.54,3.54,387600,1372104.00
2022/04/27,3.36,3.36,3.36,3.36,649500,2182320.00
2022/04/28,3.19,3.35,3.19,3.23,7979403,25713566.00
2022/04/29,3.39,3.39,3.38,3.39,917422,3110007.50
2022/05/05,3.56,3.56,3.56,3.56,369372,1314964.38
2022/05/06,3.63,3.74,3.44,3.74,2259683,8249362.50
2022/05/09,3.93,3.93,3.68,3.88,4543703,17638256.00
2022/05/10,3.83,3.95,3.69,3.85,3759171,14219671.00
2022/05/11,3.82,3.89,3.74,3.76,1822602,6943270.50
2022/05/12,3.72,3.83,3.65,3.69,1370501,5105250.50
2022/05/13,3.70,3.74,3.64,3.73,1102300,4075145.00
2022/05/16,3.72,3.76,3.67,3.73,1264452,4686164.50
2022/05/17,3.74,3.92,3.68,3.92,3342254,12964950.00
2022/05/18,4.12,4.12,4.12,4.12,197302,812884.25
2022/05/19,4.33,4.33,4.16,4.33,4898808,21095768.00
2022/05/20,4.33,4.52,4.20,4.34,4808829,20995314.00
2022/05/23,4.33,4.56,4.25,4.56,2193600,9739465.00
2022/05/24,4.70,4.79,4.52,4.71,5083907,23963572.00
2022/05/25,4.61,4.77,4.51,4.61,2744203,12682350.00
2022/05/26,4.58,4.71,4.52,4.59,1851315,8518381.00
2022/05/27,4.67,4.67,4.37,4.38,2328220,10428081.00
2022/05/30,4.40,4.60,4.40,4.59,2795303,12752624.00
2022/05/31,4.54,4.55,4.42,4.47,2215117,9922927.00
2022/06/01,4.46,4.68,4.43,4.59,1987510,9074977.00
2022/06/02,4.60,4.60,4.49,4.54,1395770,6323053.00
2022/06/06,4.77,4.77,4.65,4.70,3413201,16199808.00
2022/06/07,4.60,4.65,4.47,4.50,3215602,14521801.00
2022/06/08,4.46,4.63,4.40,4.47,1893800,8528651.00
2022/06/09,4.47,4.52,4.25,4.27,1801402,7790788.00
2022/06/10,4.23,4.31,4.18,4.28,1491417,6325968.50
2022/06/13,4.27,4.28,4.19,4.26,1020970,4319330.50
2022/06/14,4.22,4.27,4.19,4.27,1010900,4283847.00
2022/06/15,4.26,4.31,4.20,4.22,1477700,6248460.00
2022/06/16,4.22,4.43,4.18,4.32,1881169,8172625.50
2022/06/17,4.27,4.40,4.25,4.28,1080101,4659710.50
2022/06/20,4.28,4.35,4.21,4.27,1402900,5990833.00
2022/06/21,4.27,4.29,4.22,4.27,790301,3354620.25
2022/06/22,4.24,4.37,4.22,4.31,1457203,6248981.50
2022/06/23,4.35,4.39,4.29,4.30,1175516,5082132.50
2022/06/24,4.28,4.33,4.18,4.31,1375503,5864998.50
2022/06/27,4.44,4.53,4.34,4.53,2677867,11966802.00
2022/06/28,4.69,4.76,4.58,4.58,3475101,16306748.00
2022/06/29,4.53,4.60,4.46,4.47,1319200,5977660.00
2022/06/30,4.47,4.65,4.44,4.54,2101469,9603631.00
2022/07/01,4.54,4.74,4.51,4.59,2024511,9287895.00
2022/07/04,4.61,4.82,4.61,4.82,2766601,13095854.00
2022/07/05,4.76,4.76,4.62,4.65,2342101,10940122.00
2022/07/06,4.60,4.79,4.53,4.65,1844492,8609318.00
2022/07/07,4.66,4.69,4.58,4.58,814300,3760446.00
2022/07/08,4.61,4.67,4.60,4.63,921213,4261394.00
2022/07/11,4.62,4.63,4.41,4.48,1094633,4934777.00
2022/07/12,4.46,4.52,4.41,4.43,517600,2302991.00
2022/07/13,4.42,4.46,4.34,4.41,697800,3072164.00
2022/07/14,4.42,4.48,4.31,4.38,1380701,6045024.50
2022/07/15,4.37,4.49,4.28,4.38,1838501,8103538.50
2022/07/18,4.37,4.47,4.28,4.37,2326600,10148572.00
2022/07/19,4.35,4.42,4.32,4.37,1132101,4947380.50
2022/07/20,4.38,4.48,4.36,4.43,1314130,5795459.50
2022/07/21,4.40,4.42,4.25,4.33,2189354,9444581.00
2022/07/22,4.27,4.32,4.23,4.29,1644002,7003633.50
2022/07/25,4.29,4.38,4.27,4.32,1870501,8085310.50
2022/07/26,4.32,4.54,4.32,4.54,2755313,12372009.00
2022/07/27,4.63,4.64,4.47,4.50,2753510,12497493.00
2022/07/28,4.51,4.71,4.48,4.66,3171700,14647148.00
2022/07/29,4.88,4.89,4.66,4.69,5646669,27202754.00
2022/08/01,4.57,4.62,4.49,4.52,3921301,17832422.00
2022/08/02,4.45,4.56,4.29,4.34,2799900,12169049.00
2022/08/03,4.34,4.45,4.27,4.28,1688602,7360791.50
2022/08/04,4.34,4.49,4.28,4.48,2494510,11033033.00
2022/08/05,4.44,4.55,4.34,4.40,1976501,8721766.00
2022/08/08,4.37,4.48,4.30,4.45,1063601,4698437.50
2022/08/09,4.44,4.48,4.42,4.44,852920,3789875.75
2022/08/10,4.41,4.55,4.39,4.52,1911100,8531765.00
2022/08/11,4.47,4.56,4.46,4.49,1478700,6663130.00
2022/08/12,4.47,4.55,4.45,4.50,1704700,7666859.00
2022/08/15,4.51,4.54,4.45,4.54,1902500,8569286.00
2022/08/16,4.55,4.58,4.50,4.57,1576503,7149332.50
2022/08/17,4.56,4.60,4.52,4.57,1544700,7050158.00
2022/08/18,4.56,4.57,4.42,4.43,2042200,9120682.00
2022/08/19,4.36,4.47,4.36,4.40,1795773,7925090.50
2022/08/22,4.40,4.43,4.29,4.38,2613000,11394639.00
2022/08/23,4.38,4.43,4.33,4.39,2118800,9300368.00
2022/08/24,4.40,4.40,4.29,4.29,2004500,8663481.00
2022/08/25,4.30,4.33,4.27,4.29,1443900,6209582.00
2022/08/26,4.28,4.33,4.26,4.27,1671200,7172331.00
2022/08/29,4.26,4.43,4.12,4.42,3010862,12854656.00
2022/08/30,4.37,4.47,4.31,4.34,2402762,10517382.00
2022/08/31,4.32,4.36,4.15,4.17,1930362,8165718.50
2022/09/01,4.15,4.21,4.08,4.11,2543000,10495070.00
2022/09/02,4.09,4.12,4.02,4.10,1823044,7448351.00
2022/09/05,4.10,4.10,4.02,4.06,1672300,6779765.00
2022/09/06,4.07,4.10,4.04,4.09,1858401,7552111.00
2022/09/07,4.09,4.11,4.03,4.11,1829962,7432936.00
2022/09/08,4.08,4.12,4.06,4.07,1215401,4960480.00
2022/09/09,4.07,4.27,4.05,4.21,2838701,11901194.00
2022/09/13,4.19,4.36,4.17,4.29,2559562,10839441.00
2022/09/14,4.24,4.33,4.23,4.30,1355001,5795979.50
2022/09/15,4.30,4.32,4.15,4.20,1755300,7434366.00
2022/09/16,4.18,4.26,3.99,4.01,2344500,9539319.00
2022/09/19,4.01,4.01,3.82,3.91,1362762,5329870.00
2022/09/20,3.91,4.00,3.90,3.94,789002,3101184.75
2022/09/21,3.94,4.07,3.89,3.96,1239802,4929942.00
2022/09/22,3.95,4.00,3.94,3.95,705100,2792222.00
2022/09/23,3.96,3.99,3.83,3.86,867100,3373637.00
2022/09/26,3.82,3.83,3.67,3.68,2543403,9442025.00
2022/09/27,3.63,3.75,3.63,3.74,1970401,7293070.50
2022/09/28,3.75,3.89,3.70,3.78,2118700,8058448.00
2022/09/29,3.78,3.84,3.59,3.62,1973700,7293794.00
2022/09/30,3.61,3.63,3.46,3.54,1414100,5054502.00
2022/10/10,3.54,3.55,3.36,3.41,2230900,7680598.00
2022/10/11,3.36,3.45,3.33,3.41,1285831,4336544.50
2022/10/12,3.39,3.54,3.38,3.51,1950100,6771018.00
2022/10/13,3.48,3.59,3.47,3.55,1284601,4548084.50
2022/10/14,3.56,3.67,3.55,3.64,1402601,5067530.50
2022/10/17,3.64,3.82,3.61,3.74,1742300,6531952.00
2022/10/18,3.74,3.78,3.67,3.74,990000,3700273.00
2022/10/19,3.73,3.83,3.69,3.76,1497500,5621048.00
2022/10/20,3.74,3.75,3.64,3.66,875900,3242066.00
2022/10/21,3.65,3.72,3.63,3.66,1088425,3993770.25
2022/10/24,3.67,3.67,3.51,3.54,1463502,5214567.00
2022/10/25,3.61,3.61,3.48,3.54,923501,3266466.50
2022/10/26,3.54,3.62,3.50,3.55,1117300,3990897.00
2022/10/27,3.56,3.73,3.56,3.67,1426500,5216503.00
2022/10/28,3.63,3.67,3.49,3.50,1691900,5986053.00
2022/10/31,3.46,3.50,3.40,3.44,873700,3015584.00
2022/11/01,3.43,3.53,3.42,3.50,1153600,4005830.50
2022/11/02,3.50,3.57,3.46,3.53,1654926,5815209.50
2022/11/03,3.53,3.53,3.44,3.45,2232900,7739645.00
2022/11/04,3.43,3.61,3.43,3.59,2996076,10587890.00
2022/11/07,3.59,3.77,3.59,3.71,2470901,9126776.00
2022/11/08,3.69,3.75,3.66,3.72,1194780,4416676.00
2022/11/09,3.79,3.80,3.71,3.72,1271100,4744980.00
2022/11/10,3.70,3.81,3.69,3.77,1775227,6648314.00
2022/11/11,3.82,3.95,3.79,3.82,3247125,12590632.00
2022/11/14,3.80,3.91,3.76,3.84,1837929,7011686.50
2022/11/15,3.84,3.87,3.76,3.80,1907678,7282240.50
2022/11/16,3.80,3.83,3.76,3.82,1685806,6395205.00
2022/11/17,3.82,3.99,3.79,3.92,2420025,9368556.00
2022/11/18,3.90,3.95,3.80,3.82,1895104,7301946.00
2022/11/21,3.82,3.82,3.71,3.77,1205201,4518564.50
2022/11/22,3.75,3.82,3.74,3.76,1005301,3799258.75
2022/11/23,3.73,3.80,3.67,3.74,2049300,7635417.00
2022/11/24,3.71,3.80,3.70,3.70,1390700,5199991.00
2022/11/25,3.71,3.75,3.65,3.67,2240600,8246747.00
2022/11/28,3.67,3.72,3.63,3.67,2851910,10477371.00
2022/11/29,3.65,3.85,3.65,3.80,3363074,12754163.00
2022/11/30,3.80,3.86,3.77,3.81,2353700,8987068.00
2022/12/01,3.83,3.98,3.83,3.88,2653002,10352330.00
2022/12/02,3.89,3.93,3.86,3.92,1849100,7201727.00
2022/12/05,4.10,4.12,4.07,4.12,1507881,6205238.50
2022/12/06,4.33,4.33,4.31,4.33,2749411,11902417.00
2022/12/07,4.55,4.55,4.55,4.55,1731092,7876468.50
2022/12/08,4.74,4.74,4.49,4.66,14612326,67638104.00
2022/12/09,4.66,4.89,4.66,4.89,4808600,23206732.00
2022/12/12,5.10,5.13,4.66,4.76,12918702,63602292.00
2022/12/13,4.63,5.00,4.63,5.00,13167933,65058796.00
2022/12/14,4.91,4.97,4.75,4.80,10435132,50506804.00
2022/12/15,4.69,4.88,4.56,4.59,8322542,38807956.00
2022/12/16,4.41,4.62,4.41,4.58,3574484,16192537.00
2022/12/19,4.49,4.51,4.35,4.35,3173700,13903510.00
2022/12/20,4.22,4.32,4.13,4.29,4854104,20438970.00
2022/12/21,4.24,4.49,4.21,4.31,4239403,18512224.00
2022/12/22,4.19,4.44,4.19,4.29,4087400,17719872.00
2022/12/23,4.19,4.26,4.08,4.08,4421626,18244792.00
2022/12/26,3.97,4.06,3.93,3.99,4152118,16540728.00
2022/12/27,3.99,4.19,3.99,4.14,3807314,15677666.00
2022/12/28,4.09,4.16,3.93,3.94,3250708,13064975.00
2022/12/29,3.93,4.04,3.93,3.96,1698156,6760978.50
2022/12/30,3.97,4.10,3.93,4.06,2152400,8660421.00
2023/01/03,4.04,4.06,3.95,4.03,2301147,9223791.00
2023/01/04,4.03,4.13,4.03,4.06,2041098,8317022.50
2023/01/05,4.06,4.18,4.05,4.10,3294000,13553515.00
2023/01/06,4.10,4.14,3.97,4.00,2748400,11098149.00
2023/01/09,3.98,4.06,3.96,4.01,1747500,7000943.00
2023/01/10,4.04,4.04,3.90,3.91,2787700,10997443.00
2023/01/11,3.91,3.94,3.78,3.79,1925400,7418088.00
2023/01/12,3.77,3.83,3.75,3.77,1514800,5740659.00
2023/01/13,3.77,3.82,3.76,3.80,1053601,4000943.75
2023/01/16,3.80,3.93,3.78,3.86,1825800,7096754.00
2023/01/17,3.85,3.85,3.78,3.79,1653201,6292815.00
2023/01/18,3.80,3.83,3.75,3.80,1163951,4409894.00
2023/01/19,3.80,3.85,3.76,3.83,1926700,7323566.00
2023/01/20,3.85,3.97,3.81,3.91,1852000,7248731.00
2023/01/30,3.73,3.79,3.71,3.71,8118002,30171326.00
2023/01/31,3.68,3.90,3.66,3.90,6030202,22903788.00
2023/02/01,3.93,4.00,3.85,3.91,5571702,21839428.00
2023/02/02,3.88,4.05,3.86,3.99,4550900,17966652.00
2023/02/03,3.95,4.09,3.95,3.99,4166001,16711842.00
2023/02/06,3.96,4.02,3.94,3.95,2489800,9882060.00
2023/02/07,3.96,3.99,3.92,3.95,1882401,7419414.00
2023/02/08,3.95,3.97,3.84,3.89,2798100,10903310.00
2023/02/09,3.88,3.96,3.85,3.94,2169302,8520630.00
2023/02/10,3.94,4.13,3.93,4.08,4226410,17044656.00
2023/02/13,4.05,4.28,4.05,4.28,3402902,14374222.00
2023/02/14,4.49,4.49,4.49,4.49,460261,2066571.88
2023/02/15,4.71,4.71,4.55,4.69,16098281,74987176.00
2023/02/16,4.64,4.84,4.58,4.65,12143448,57199612.00
2023/02/17,4.69,4.88,4.69,4.88,12248648,59342588.00
2023/02/20,4.76,4.78,4.64,4.64,4900200,22950464.00
2023/02/21,4.41,4.52,4.41,4.43,11151839,49469448.00
2023/02/22,4.41,4.55,4.33,4.36,5483252,24283628.00
2023/02/23,4.38,4.43,4.34,4.36,2895946,12706785.00
2023/02/24,4.39,4.44,4.28,4.37,2982744,12974741.00
2023/02/27,4.36,4.40,4.27,4.28,2371100,10271946.00
2023/02/28,4.30,4.46,4.27,4.39,3019200,13188819.00
2023/03/01,4.35,4.38,4.17,4.23,5519490,23219358.00
2023/03/02,4.23,4.29,4.19,4.24,3103852,13160193.00
2023/03/03,4.24,4.26,4.18,4.22,2034801,8583036.00
2023/03/06,4.23,4.39,4.21,4.25,2660401,11363119.00
2023/03/07,4.25,4.29,4.20,4.21,2012100,8529210.00
2023/03/08,4.21,4.31,4.18,4.28,2862874,12183358.00
2023/03/09,4.28,4.36,4.23,4.34,2543901,10940809.00
2023/03/10,4.35,4.41,4.29,4.35,3416873,14854129.00
2023/03/13,4.37,4.37,4.18,4.23,3223700,13750275.00
2023/03/14,4.25,4.25,4.02,4.02,5830100,23772612.00
2023/03/15,4.03,4.12,4.02,4.05,1949900,7936267.00
2023/03/16,4.04,4.09,4.03,4.04,1298300,5270241.00
2023/03/17,4.05,4.12,4.04,4.06,1755000,7156882.00
2023/03/20,4.05,4.05,3.90,3.93,2773901,10967424.00
2023/03/21,3.95,4.01,3.93,4.00,1237268,4923637.00
2023/03/22,4.02,4.05,3.96,3.99,1281468,5114927.50
2023/03/23,4.00,4.04,3.99,4.03,1467700,5889038.00
2023/03/24,4.04,4.23,4.00,4.14,3677233,15245207.00
2023/03/27,4.09,4.09,3.99,4.01,2520500,10161780.00
2023/03/28,4.02,4.05,3.98,4.00,1287603,5168655.00
2023/03/29,4.00,4.05,3.99,4.02,1368210,5490938.00
2023/03/30,4.02,4.04,3.93,3.97,1480703,5887119.00
2023/03/31,3.98,4.00,3.94,3.98,1069001,4243937.00
2023/04/03,3.95,4.11,3.95,4.04,2489800,10076060.00
2023/04/04,4.02,4.24,4.02,4.10,2916400,11961115.00
2023/04/06,4.10,4.10,4.00,4.03,1706100,6883114.00
2023/04/07,4.02,4.06,4.01,4.03,1047711,4212344.00
2023/04/10,4.05,4.06,3.83,3.83,4588600,17803368.00
2023/04/11,3.81,3.87,3.79,3.83,1532502,5858331.50
2023/04/12,3.85,3.89,3.81,3.85,1728300,6664564.00
2023/04/13,3.83,3.87,3.82,3.83,1383900,5306864.00
2023/04/14,3.81,3.87,3.80,3.85,1899900,7322325.00
2023/04/17,3.84,4.01,3.82,3.97,2296810,8984183.00
2023/04/18,3.94,3.96,3.85,3.86,1655618,6448204.00
2023/04/19,3.86,3.90,3.82,3.85,1568312,6027069.00
2023/04/20,3.85,3.85,3.74,3.76,1755041,6631788.00
2023/04/21,3.75,3.79,3.66,3.72,1686593,6268553.00
2023/04/24,3.70,3.77,3.60,3.77,1660320,6103535.00
2023/04/25,3.78,3.90,3.78,3.79,2552106,9809090.00
2023/04/26,3.76,3.94,3.74,3.85,1350000,5172604.00
2023/04/27,3.85,3.90,3.82,3.83,1048200,4047683.00
2023/04/28,3.83,3.96,3.83,3.94,1483446,5811436.00
2023/05/04,4.13,4.13,3.95,3.98,3577447,14447865.00
2023/05/05,3.98,3.98,3.90,3.94,1962674,7724266.00
2023/05/08,3.96,3.97,3.89,3.96,2009802,7878205.00
2023/05/09,3.95,3.96,3.89,3.92,1434100,5615668.00
2023/05/10,3.93,3.96,3.88,3.93,1713800,6723784.00
2023/05/11,3.93,4.10,3.91,4.05,2556200,10263651.00
2023/05/12,4.10,4.22,3.98,4.21,3694025,15281767.00
2023/05/15,4.23,4.38,4.16,4.32,4324139,18621864.00
2023/05/16,4.30,4.39,4.24,4.25,2905811,12497781.00
2023/05/17,4.23,4.35,4.22,4.28,1507429,6441262.00
2023/05/18,4.27,4.32,4.07,4.07,5021300,20799566.00
2023/05/19,3.89,4.14,3.89,4.08,2707150,10949082.00
2023/05/22,4.06,4.09,3.99,4.00,1358900,5487215.00
2023/05/23,4.03,4.07,3.98,4.04,806800,3255232.00
2023/05/24,3.98,4.09,3.98,4.02,839000,3384458.00
2023/05/25,4.01,4.04,3.90,3.94,1515700,6007532.00
2023/05/26,3.91,3.99,3.88,3.94,1072100,4203341.00
2023/05/29,3.95,3.95,3.89,3.92,686320,2690273.25
2023/05/30,3.94,3.94,3.82,3.88,1388600,5374342.00
2023/05/31,3.89,4.06,3.89,4.02,1275302,5065522.00
2023/06/01,3.95,4.07,3.94,4.04,1197610,4812766.00
2023/06/02,4.05,4.05,3.98,4.04,917500,3692325.00
2023/06/05,4.02,4.05,4.00,4.04,570300,2300569.00
2023/06/06,4.05,4.24,4.05,4.17,2650201,11089021.00
2023/06/07,4.18,4.22,4.12,4.15,977600,4064443.00
2023/06/08,4.15,4.23,4.12,4.15,1047000,4362911.00
2023/06/09,4.15,4.21,4.07,4.13,956600,3939969.00
2023/06/12,4.09,4.15,4.05,4.07,1791200,7292600.00
2023/06/13,4.07,4.10,4.02,4.09,1158205,4706180.00
2023/06/14,4.14,4.17,4.07,4.14,1894810,7840526.50
2023/06/15,4.15,4.18,4.02,4.16,1583201,6496979.00
2023/06/16,4.17,4.21,4.12,4.16,1157913,4818926.50
2023/06/19,4.13,4.19,4.07,4.09,1213401,5007871.00
2023/06/20,4.07,4.09,4.01,4.07,1045601,4230888.00
2023/06/21,4.06,4.08,4.02,4.02,640600,2586389.00
2023/06/26,4.01,4.05,3.99,4.00,708500,2843415.00
2023/06/27,3.96,4.10,3.96,4.05,1000710,4048902.00
2023/06/28,4.03,4.06,3.94,3.99,1054701,4195318.00
2023/06/29,4.02,4.02,3.98,3.98,548411,2190132.00
2023/06/30,4.00,4.04,3.98,4.00,1124800,4512566.00
2023/07/03,4.03,4.10,4.01,4.07,1671110,6778265.50
2023/07/04,4.07,4.08,4.04,4.07,720501,2926102.00
2023/07/05,4.07,4.08,4.03,4.05,1148900,4661644.00
2023/07/06,4.07,4.25,4.04,4.25,4880000,20657824.00
2023/07/07,4.25,4.31,4.12,4.19,3435000,14441787.00
2023/07/10,4.20,4.22,4.10,4.22,1728100,7204476.00
2023/07/11,4.22,4.24,4.13,4.14,1230200,5114695.00
2023/07/12,4.18,4.18,4.12,4.16,1149401,4767162.00
2023/07/13,4.20,4.20,4.14,4.18,1196800,4989338.00
2023/07/14,4.15,4.20,4.14,4.17,950200,3948191.00
2023/07/17,4.16,4.29,4.16,4.23,2178900,9238756.00
2023/07/18,4.24,4.28,4.13,4.18,1783920,7448889.00
2023/07/19,4.15,4.21,4.13,4.18,868000,3616195.00
2023/07/20,4.19,4.28,4.14,4.27,3181200,13433811.00
2023/07/21,4.48,4.48,4.48,4.48,1176700,5271616.00
2023/07/24,4.70,4.70,4.70,4.70,2211559,10394327.00
2023/07/25,4.94,4.94,4.92,4.94,18658792,92172144.00
2023/07/26,5.19,5.19,5.12,5.19,5734662,29755694.00
2023/07/27,5.32,5.45,5.09,5.42,23620581,124835232.00
2023/07/28,5.36,5.53,5.26,5.52,14016257,75856976.00
2023/07/31,5.58,5.80,5.52,5.59,15190862,87169816.00
2023/08/01,5.58,5.83,5.49,5.82,13007699,73950984.00
2023/08/02,5.76,6.11,5.76,6.11,14892104,89698248.00
2023/08/03,6.16,6.40,5.96,6.09,17271096,107172736.00
2023/08/04,6.09,6.39,6.07,6.39,14006516,88060656.00
2023/08/07,6.56,6.71,6.40,6.71,18523222,122579088.00
2023/08/08,6.78,6.88,6.47,6.82,14503814,96846768.00
2023/08/09,6.83,7.16,6.76,7.16,19333534,137222704.00
2023/08/10,7.26,7.52,7.16,7.52,9238203,68312144.00
2023/08/11,7.90,7.90,7.83,7.90,3612801,28524734.00
2023/08/14,8.30,8.30,8.30,8.30,1187302,9854607.00
2023/08/15,8.72,8.72,8.22,8.72,31360482,271161184.00
2023/08/16,9.00,9.16,8.89,9.16,13927440,127120912.00
2023/08/17,9.16,9.62,8.96,9.62,16822664,157926928.00
2023/08/18,10.08,10.10,9.14,9.14,16078140,156000784.00
2023/08/21,8.80,9.60,8.75,9.60,33992733,316101696.00
2023/08/22,9.12,9.50,9.12,9.12,25168606,231852992.00
2023/08/23,8.66,8.72,8.66,8.66,4345100,37637016.00
2023/08/24,8.23,9.07,8.23,8.23,33701216,285765792.00
2023/08/25,7.82,8.27,7.82,7.82,25246114,199302736.00
2023/08/28,7.70,7.70,7.43,7.43,18541100,138780048.00
2023/08/29,7.29,7.80,7.06,7.80,31085373,227671600.00
2023/08/30,7.69,8.09,7.50,7.82,28492080,222457040.00
2023/08/31,7.72,7.72,7.43,7.43,24007905,179684992.00
2023/09/01,7.09,7.80,7.06,7.80,29295929,217087328.00
2023/09/04,7.90,8.19,7.90,8.19,7202901,58087044.00
2023/09/05,8.21,8.60,8.01,8.25,38133285,319133952.00
2023/09/06,7.98,8.25,7.84,7.84,30915096,245249168.00
2023/09/07,7.94,8.19,7.65,8.12,21069526,168486528.00
2023/09/08,8.12,8.12,7.75,7.93,18300601,145463488.00
2023/09/11,8.33,8.33,8.33,8.33,2190700,18248532.00
2023/09/12,8.75,8.75,8.70,8.75,15068373,131839888.00
2023/09/13,9.00,9.19,8.88,9.19,15410274,140651728.00
2023/09/14,9.65,9.65,9.65,9.65,544601,5255399.50
2023/09/15,10.13,10.13,10.13,10.13,767800,7777814.00
2023/09/18,10.64,10.64,10.00,10.64,41961824,443960224.00
2023/09/19,10.94,11.17,10.87,11.17,7765844,85930480.00
2023/09/20,11.73,11.73,11.40,11.73,13227206,154878112.00
2023/09/21,12.22,12.32,12.15,12.32,5484410,67192784.00
2023/09/22,12.94,12.94,11.70,12.88,48940772,604316736.00
2023/09/25,12.24,12.34,12.24,12.24,9649600,118124216.00
2023/09/26,11.63,11.63,11.63,11.63,698400,8122392.00
2023/09/27,11.05,11.05,11.05,11.05,468000,5171400.00
2023/09/28,10.50,10.50,10.50,10.50,461300,4843650.00
2023/10/09,9.98,10.30,9.98,9.98,28518793,284849952.00
2023/10/10,9.49,10.48,9.48,9.48,55787691,548264960.00
2023/10/11,9.01,9.01,9.01,9.01,3319200,29905992.00
2023/10/12,8.56,8.56,8.56,8.56,1835100,15708456.00
2023/10/13,8.13,8.78,8.13,8.13,47297941,390186048.00
2023/10/16,8.54,8.54,8.38,8.54,17484800,149086960.00
2023/10/17,8.68,8.75,8.11,8.11,30766601,254573840.00
2023/10/18,7.78,7.87,7.70,7.70,15713800,121404480.00
2023/10/19,7.35,8.09,7.32,8.09,31915413,245204432.00
2023/10/20,7.99,8.40,7.73,8.05,28963701,232525744.00
2023/10/23,7.73,7.84,7.65,7.65,9842201,75759528.00
2023/10/24,7.34,7.73,7.27,7.41,26020702,191695360.00
2023/10/25,7.28,7.40,7.04,7.05,21822301,156428592.00
2023/10/26,7.20,7.40,7.20,7.40,14359768,105999936.00
2023/10/27,7.68,7.69,7.03,7.03,25359502,183217840.00
2023/10/30,6.77,6.95,6.68,6.83,21188325,142811040.00
2023/10/31,7.03,7.16,6.88,6.89,13653533,95467168.00
2023/11/01,6.83,6.86,6.55,6.76,16124340,107865320.00
2023/11/02,6.70,7.10,6.66,7.10,20410391,142222176.00
2023/11/03,7.09,7.46,6.98,7.46,19838401,145019264.00
2023/11/06,7.60,7.82,7.09,7.14,25525703,186558720.00
2023/11/07,7.00,7.39,7.00,7.21,17430713,125254656.00
2023/11/08,7.13,7.21,6.90,6.92,16357837,114972216.00
2023/11/09,6.91,7.15,6.90,6.99,11867212,83490896.00
2023/11/10,7.06,7.34,6.95,7.34,15958329,115315256.00
2023/11/13,7.45,7.62,7.18,7.55,16920628,125537112.00
2023/11/14,7.50,7.93,7.43,7.93,11755339,90638256.00
2023/11/15,7.91,8.33,7.70,7.71,26371901,212334256.00
2023/11/16,7.40,7.64,7.33,7.33,18056404,134170112.00
2023/11/17,6.96,7.00,6.96,6.96,10546200,73423328.00
2023/11/20,6.61,7.16,6.61,6.99,18391842,125400568.00
2023/11/21,6.91,7.33,6.91,7.32,13255502,96045864.00
2023/11/22,7.30,7.58,7.21,7.36,10632800,78531248.00
2023/11/23,7.25,7.43,7.03,7.12,7771801,55614692.00
2023/11/24,7.07,7.43,7.07,7.33,8773302,64048788.00
2023/11/27,6.96,7.65,6.96,7.33,12915900,92945400.00
2023/11/28,7.39,7.43,7.05,7.32,7704750,56145580.00
2023/11/29,7.22,7.30,7.10,7.12,5464200,39248600.00
2023/11/30,7.13,7.19,6.95,7.12,7230673,51253928.00
2023/12/01,7.13,7.19,7.04,7.04,7195800,50959196.00
2023/12/04,7.06,7.34,7.06,7.32,8897608,64674988.00
2023/12/05,7.31,7.40,7.21,7.32,7263300,53152164.00
2023/12/06,7.39,7.69,7.34,7.57,14711600,111369616.00
2023/12/07,7.50,7.52,7.19,7.21,10859813,79482856.00
2023/12/08,7.48,7.48,7.23,7.23,6820863,49975536.00
2023/12/11,7.24,7.24,7.00,7.18,6294264,44860068.00
2023/12/12,7.16,7.25,7.07,7.13,5066426,36155080.00
2023/12/13,7.15,7.22,7.09,7.14,4044900,28904764.00
2023/12/14,7.18,7.19,7.02,7.02,4312101,30525310.00
2023/12/15,6.93,7.20,6.93,7.18,6546200,46307632.00
2023/12/18,7.12,7.18,6.98,7.00,4416200,31029224.00
2023/12/19,7.26,7.30,7.04,7.15,5929900,42490196.00
2023/12/20,7.07,7.14,6.96,6.96,4402700,30942044.00
2023/12/21,7.00,7.10,6.94,6.97,4779760,33399288.00
2023/12/22,6.95,6.96,6.62,6.62,9268013,61983500.00
2023/12/25,6.50,6.94,6.46,6.87,6573560,44063944.00
2023/12/26,6.81,7.16,6.79,6.97,4908001,34202808.00
2023/12/27,6.90,6.93,6.67,6.70,4768000,32139664.00
2023/12/28,6.68,6.88,6.60,6.78,4098300,27782336.00
2023/12/29,6.85,7.10,6.81,7.06,5622800,39147344.00
2024/01/02,7.11,7.32,7.03,7.22,6430400,46354144.00
2024/01/03,7.10,7.30,7.10,7.14,4885210,35184440.00
2024/01/04,7.24,7.49,7.18,7.33,6925100,51029768.00
2024/01/05,7.29,7.55,7.27,7.37,5495000,40602504.00
2024/01/08,7.40,7.46,7.04,7.22,5935601,42686956.00
2024/01/09,7.21,7.30,7.04,7.07,3489301,24966302.00
2024/01/10,7.02,7.19,7.01,7.17,4154702,29524202.00
2024/01/11,7.16,7.20,7.04,7.15,3711603,26414950.00
2024/01/12,7.12,7.36,7.11,7.29,4600900,33245658.00
2024/01/15,7.26,7.38,7.20,7.34,3689401,26930470.00
2024/01/16,7.29,7.33,7.15,7.21,3469203,25072518.00
2024/01/17,7.10,7.17,6.97,7.00,4715100,33155976.00
2024/01/18,7.04,7.11,6.95,7.04,2609322,18301038.00
2024/01/19,7.04,7.10,6.97,7.06,2112102,14872430.00
2024/01/22,7.04,7.04,6.85,6.90,2916625,20263744.00
2024/01/23,6.82,7.04,6.77,7.03,2562601,17693036.00
2024/01/24,7.36,7.36,7.16,7.19,4722601,34264664.00
2024/01/25,6.99,7.14,6.99,7.07,3858721,27247576.00
2024/01/26,7.06,7.09,6.90,6.91,4084601,28516940.00
2024/01/29,6.91,7.10,6.86,6.92,3957801,27659114.00
2024/01/30,6.92,6.97,6.83,6.88,1954500,13458306.00
2024/01/31,6.56,6.87,6.56,6.68,4311216,28848006.00
2024/02/01,6.80,6.97,6.76,6.77,3044101,20838512.00
2024/02/02,6.71,6.77,6.43,6.47,4492100,29308274.00
2024/02/05,6.43,6.43,6.15,6.15,2372700,14624895.00
2024/02/06,5.84,6.00,5.84,5.84,5051300,29601996.00
2024/02/07,5.55,5.87,5.55,5.55,5708813,32105986.00
2024/02/08,5.38,5.59,5.27,5.39,6314802,33636060.00
2024/02/19,5.40,5.66,5.40,5.66,1542886,8658401.00
2024/02/20,5.94,5.94,5.94,5.94,380800,2261952.00
2024/02/21,6.24,6.24,6.24,6.24,160200,999648.00
2024/02/22,6.55,6.55,6.55,6.55,291701,1910641.50
2024/02/23,6.87,6.88,6.68,6.88,9089102,62110940.00
2024/02/26,6.70,6.99,6.70,6.82,6149578,42066848.00
2024/02/27,6.90,7.16,6.80,6.84,6722400,46876992.00
2024/02/28,6.60,6.87,6.50,6.50,6204900,41277856.00
2024/02/29,6.46,6.67,6.45,6.58,3502401,22899114.00
2024/03/01,6.57,6.60,6.45,6.51,2361504,15365735.00
2024/03/04,6.49,6.60,6.25,6.48,3486323,22456354.00
2024/03/05,6.45,6.48,6.26,6.26,3695700,23449704.00
2024/03/06,6.27,6.56,6.27,6.48,3235602,20826394.00
2024/03/07,6.40,6.48,6.27,6.29,3638010,23158498.00
2024/03/08,6.30,6.44,6.28,6.29,1871503,11856590.00
2024/03/11,6.21,6.34,6.08,6.18,2965810,18286138.00
2024/03/12,6.19,6.37,6.18,6.32,3097911,19499978.00
2024/03/13,6.35,6.38,6.25,6.32,2189500,13796383.00
2024/03/14,6.31,6.64,6.24,6.64,4750211,31019632.00
2024/03/15,6.68,6.95,6.53,6.73,5207210,35429616.00
2024/03/18,6.39,6.73,6.39,6.39,7100000,45932864.00
2024/03/19,6.43,6.62,6.39,6.39,3066113,19812952.00
2024/03/20,6.43,6.53,6.40,6.44,2568500,16592923.00
2024/03/21,6.41,6.59,6.39,6.54,3618213,23481418.00
2024/03/22,6.54,6.65,6.39,6.50,3842911,25132516.00
2024/03/25,6.54,6.60,6.39,6.42,1971110,12736732.00
2024/03/26,6.41,6.41,6.13,6.32,3182900,19953298.00
2024/03/27,6.32,6.32,6.16,6.20,1524000,9489185.00
2024/03/28,6.21,6.31,6.19,6.27,2154000,13465034.00
2024/03/29,6.38,6.38,6.24,6.28,1657600,10432947.00
2024/04/01,6.33,6.33,6.22,6.27,1794610,11225712.00
2024/04/02,6.27,6.32,6.15,6.23,1882200,11761041.00
2024/04/03,6.22,6.40,6.14,6.31,2446310,15308773.00
2024/04/08,6.28,6.29,6.12,6.16,2463100,15229631.00
2024/04/09,6.13,6.19,6.11,6.14,1020811,6271997.50
2024/04/10,6.10,6.13,5.83,5.84,3696610,21808510.00
2024/04/11,5.81,6.12,5.66,6.11,3035727,18063650.00
2024/04/12,6.03,6.14,6.03,6.05,1556500,9474065.00
2024/04/15,5.89,6.06,5.75,5.75,2821014,16354765.00
2024/04/16,5.66,5.84,5.46,5.65,3276910,18202780.00
2024/04/17,5.64,5.79,5.54,5.70,1486200,8485394.00
2024/04/18,5.67,5.70,5.43,5.50,2289700,12602349.00
2024/04/19,5.45,5.61,5.45,5.53,1460200,8088913.00
2024/04/22,5.51,5.53,5.25,5.25,2720301,14603043.00
2024/04/23,5.24,5.51,5.24,5.51,2948500,16123796.00
2024/04/24,5.51,5.79,5.51,5.79,1052900,6017133.00
2024/04/25,6.05,6.08,5.84,5.99,3741314,22468158.00
2024/04/26,5.97,6.29,5.94,6.29,3523214,21922788.00
2024/04/29,6.60,6.60,6.60,6.60,413500,2729100.00
2024/04/30,6.93,6.93,6.60,6.69,6576946,44567280.00
2024/05/06,6.69,6.81,6.36,6.38,5705341,37073940.00
2024/05/07,6.40,6.47,6.19,6.32,2728505,17164300.00
2024/05/08,6.20,6.28,6.02,6.06,2761402,16983822.00
2024/05/09,6.01,6.36,6.01,6.31,3108916,19567976.00
2024/05/10,6.30,6.32,6.14,6.22,1411202,8794372.00
2024/05/13,6.20,6.52,6.20,6.44,2241701,14369182.00
2024/05/14,6.41,6.59,6.33,6.43,1834200,11942013.00
2024/05/15,6.50,6.68,6.40,6.47,2072114,13488031.00
2024/05/16,6.45,6.50,6.35,6.35,1888413,12100014.00
2024/05/17,6.36,6.46,6.28,6.29,1565100,9922806.00
2024/05/20,6.30,6.53,6.13,6.40,3231000,20245434.00
2024/05/21,6.39,6.45,6.26,6.33,1801700,11428878.00
2024/05/22,6.36,6.39,6.22,6.25,1552400,9744792.00
2024/05/23,6.15,6.23,5.96,6.01,2914910,17687078.00
2024/05/24,6.00,6.25,5.92,6.23,2190700,13407631.00
2024/05/27,6.24,6.54,6.22,6.54,5115727,33249672.00
2024/05/28,6.59,6.87,6.58,6.86,5442376,36982040.00
2024/05/29,6.68,6.74,6.52,6.56,3960201,26154182.00
2024/05/30,6.88,6.89,6.70,6.75,3355891,22838730.00
2024/05/31,6.73,6.78,6.57,6.70,1924101,12814959.00
2024/06/03,6.60,6.71,6.48,6.48,1614201,10597906.00
2024/06/04,6.48,6.65,6.28,6.47,1598800,10431824.00
2024/06/05,6.41,6.53,6.28,6.36,1726302,10994207.00
2024/06/06,6.34,6.39,6.04,6.20,2465102,15234375.00
2024/06/07,6.16,6.35,6.16,6.33,1448000,9122374.00
2024/06/11,6.35,6.65,6.02,6.62,3994704,25965382.00
2024/06/12,6.55,6.90,6.55,6.57,2771300,18575768.00
2024/06/13,6.57,6.70,6.51,6.62,1392900,9216951.00
2024/06/14,6.63,6.88,6.60,6.69,1899677,12711373.00
2024/06/17,6.63,6.77,6.57,6.57,1652676,10982415.00
2024/06/18,6.51,6.59,6.32,6.46,2536296,16456784.00
2024/06/19,6.46,6.57,6.38,6.49,1931794,12532945.00
2024/06/20,6.51,6.76,6.45,6.61,3006818,19922466.00
2024/06/21,6.62,6.76,6.57,6.69,2561711,17145956.00
2024/06/24,6.74,6.93,6.63,6.87,4662912,31877812.00
2024/06/25,6.94,6.94,6.67,6.76,3423776,23242230.00
2024/06/26,6.56,6.62,6.45,6.56,2360901,15427951.00
2024/06/27,6.57,6.66,6.48,6.62,1692201,11118751.00
2024/06/28,6.62,6.68,6.57,6.63,1217701,8055547.50
2024/07/01,6.76,6.78,6.62,6.71,1366900,9144622.00
2024/07/02,6.70,6.76,6.65,6.72,1059001,7116859.50
2024/07/03,6.66,6.82,6.60,6.72,1807605,12106952.00
2024/07/04,6.72,6.77,6.59,6.65,1258300,8360143.00
2024/07/05,6.62,6.98,6.62,6.98,2451400,16735076.00
2024/07/08,6.81,7.33,6.81,7.19,5567001,40201696.00
2024/07/09,7.15,7.32,7.15,7.24,2907400,20955640.00
2024/07/10,7.20,7.24,7.10,7.15,2059900,14743760.00
2024/07/11,7.24,7.51,7.24,7.35,3315500,24575364.00
2024/07/12,7.33,7.42,7.09,7.17,3791209,27342588.00
2024/07/15,7.33,7.42,7.17,7.20,1989817,14440319.00
2024/07/16,7.16,7.20,7.02,7.06,1927501,13693697.00
2024/07/17,7.06,7.18,7.02,7.13,1439801,10256338.00
2024/07/19,7.46,7.46,7.12,7.14,6689428,49058212.00
2024/07/22,7.01,7.17,7.01,7.13,2026700,14367739.00
2024/07/23,7.15,7.35,7.06,7.26,2511582,18099830.00
2024/07/24,7.27,7.27,7.09,7.10,1770900,12663027.00
2024/07/25,7.02,7.02,6.80,6.83,3070809,21101104.00
2024/07/26,6.85,7.16,6.85,7.15,2320000,16300503.00
2024/07/29,7.07,7.32,7.05,7.17,1536800,11072014.00
2024/07/30,7.25,7.25,7.07,7.12,1509500,10756349.00
2024/07/31,7.08,7.23,7.08,7.15,1227301,8775288.00
2024/08/01,7.14,7.21,7.10,7.12,1074603,7683256.50
2024/08/02,7.12,7.18,7.08,7.11,1154900,8228362.00
2024/08/05,7.08,7.13,6.94,6.99,1774400,12494433.00
2024/08/06,6.99,7.12,6.96,7.00,1516879,10649030.00
2024/08/07,7.01,7.07,6.97,7.00,1154200,8109939.00
2024/08/08,7.07,7.07,6.95,6.97,1214481,8480355.00
2024/08/09,7.00,7.09,6.95,7.05,1379077,9696695.00
2024/08/12,7.00,7.07,6.97,7.01,961601,6740102.00
2024/08/13,7.01,7.34,6.99,7.21,2338800,16792958.00
2024/08/14,7.15,7.24,7.12,7.20,1062301,7626169.00
2024/08/15,7.18,7.22,7.12,7.18,950445,6829391.00
2024/08/16,7.15,7.26,7.15,7.17,1137600,8182640.00
2024/08/19,7.15,7.21,7.03,7.06,1636881,11684198.00
2024/08/20,7.06,7.11,7.02,7.07,841800,5937862.00
2024/08/21,7.06,7.16,7.04,7.06,664541,4701508.50
2024/08/22,7.09,7.13,7.06,7.13,835445,5934247.50
2024/08/23,7.11,7.17,7.00,7.10,1311151,9291873.00
2024/08/26,7.10,7.16,7.04,7.06,956400,6767297.00
2024/08/27,7.06,7.06,6.80,6.86,1857500,12873744.00
2024/08/28,6.86,7.04,6.83,6.96,1172300,8150078.00
2024/08/29,6.96,7.07,6.94,6.95,1512100,10565771.00
2024/08/30,6.70,6.87,6.70,6.76,3081300,20857346.00
2024/09/02,6.74,6.82,6.63,6.67,1839200,12346830.00
2024/09/03,6.71,6.71,6.60,6.66,1637961,10886621.00
2024/09/04,6.60,6.62,6.45,6.54,2211601,14424640.00
2024/09/05,6.53,6.70,6.53,6.63,1518102,10055603.00
2024/09/06,6.64,6.84,6.61,6.74,1812601,12268079.00
2024/09/09,6.75,6.99,6.73,6.90,2195300,15063925.00
2024/09/10,6.91,7.00,6.76,6.79,1794000,12342874.00
2024/09/11,6.78,6.91,6.71,6.78,1092902,7456945.50
2024/09/12,6.79,6.92,6.79,6.83,1205200,8253020.00
2024/09/13,6.83,6.88,6.63,6.67,1510201,10202312.00
2024/09/18,6.68,6.69,6.49,6.52,1158000,7581780.00
2024/09/19,6.58,6.85,6.57,6.74,1766502,11893424.00
2024/09/20,6.75,6.77,6.62,6.65,1229200,8197360.00
2024/09/23,6.71,6.72,6.62,6.68,1247651,8330122.50
2024/09/24,6.68,6.86,6.61,6.74,1919300,12955643.00
2024/09/25,6.73,6.75,6.60,6.66,3728601,24779322.00
2024/09/26,6.65,6.75,6.61,6.67,2764024,18442342.00
2024/09/27,6.68,6.79,6.65,6.73,6044812,40507936.00
2024/09/30,6.73,7.05,6.40,6.88,14189382,94187880.00
2024/10/08,7.15,7.19,6.58,6.69,15282706,104980552.00
2024/10/09,6.60,6.60,6.36,6.36,7801200,49896316.00
2024/10/10,6.23,6.36,6.04,6.24,5710803,35335216.00
2024/10/11,6.19,6.55,6.19,6.55,6675834,43283924.00
2024/10/14,6.50,6.68,6.48,6.56,4979408,32771502.00
2024/10/15,6.57,6.57,6.32,6.40,3828303,24586930.00
2024/10/16,6.36,6.45,6.30,6.37,2153800,13738299.00
2024/10/17,6.24,6.35,6.18,6.21,3753202,23422356.00
2024/10/18,6.23,6.29,6.11,6.23,3882361,24098052.00
2024/10/21,6.23,6.25,6.15,6.18,3404848,21053890.00
2024/10/22,6.18,6.28,6.14,6.21,3251448,20164680.00
2024/10/23,6.18,6.36,6.17,6.32,4492703,28166318.00
2024/10/24,6.30,6.64,6.25,6.64,8224765,53283760.00
2024/10/25,6.46,6.61,6.45,6.57,6481206,42274848.00
2024/10/28,6.79,6.82,6.57,6.59,6566096,43761332.00
2024/10/29,6.60,6.92,6.60,6.76,8462080,57333912.00
2024/10/30,6.71,6.83,6.68,6.78,4024923,27216600.00
2024/10/31,6.73,6.82,6.66,6.66,4512700,30424514.00
2024/11/01,6.64,6.64,6.47,6.47,4860759,31750882.00
2024/11/04,6.44,6.58,6.38,6.57,3467558,22566314.00
2024/11/05,6.55,6.90,6.53,6.75,6886965,46147336.00
2024/11/06,6.78,7.05,6.72,6.92,7352949,50409532.00
2024/11/07,6.88,7.26,6.86,7.13,7563309,53992496.00
2024/11/08,7.13,7.17,7.05,7.17,4672102,33202724.00
2024/11/11,7.20,7.53,7.20,7.53,7478615,55780544.00
2024/11/12,7.91,7.91,7.91,7.91,836082,6613408.50
2024/11/13,8.30,8.30,7.69,7.92,17029742,137472400.00
2024/11/14,7.85,8.12,7.76,8.01,7829203,62422852.00
2024/11/15,7.82,7.97,7.61,7.61,6296802,48698188.00
2024/11/18,7.55,7.65,7.30,7.36,4883860,36745044.00
2024/11/19,7.45,7.73,7.39,7.73,5896649,45209744.00
2024/11/20,7.73,8.12,7.73,8.12,7208754,57690072.00
2024/11/21,8.15,8.53,8.15,8.28,10788655,90747848.00
2024/11/22,8.16,8.60,8.13,8.28,7356054,61721408.00
2024/11/25,8.30,8.59,7.99,8.04,8906902,74216408.00
2024/11/26,7.64,7.92,7.64,7.64,9545007,73799576.00
2024/11/27,7.59,7.84,7.50,7.72,5015901,38456352.00
2024/11/28,7.71,7.96,7.55,7.85,4052900,31649260.00
2024/11/29,7.81,7.99,7.73,7.82,4062400,31820190.00
2024/12/02,7.82,8.12,7.82,7.88,4501001,35665132.00
2024/12/03,7.84,7.96,7.80,7.95,2565200,20240916.00
2024/12/04,7.96,7.99,7.87,7.96,2800413,22206768.00
2024/12/05,7.91,8.06,7.89,7.97,2096000,16734193.00
2024/12/06,7.93,7.97,7.87,7.92,2370201,18747632.00
2024/12/09,7.92,7.92,7.66,7.74,3388300,26311570.00
2024/12/10,7.98,8.13,7.85,8.13,5516102,44271940.00
2024/12/11,8.28,8.54,8.16,8.46,7646501,64697836.00
2024/12/12,8.31,8.52,8.31,8.43,3828800,32214518.00
2024/12/13,8.48,8.55,8.28,8.46,4408400,37125516.00
2024/12/16,8.46,8.88,8.46,8.88,5209463,45879260.00
2024/12/17,9.11,9.32,9.00,9.07,8384108,76893016.00
2024/12/18,8.90,9.16,8.80,8.99,5352910,48087172.00
2024/12/19,8.79,9.44,8.79,9.43,8725895,81328680.00
2024/12/20,9.33,9.49,9.03,9.18,7763009,72013240.00
2024/12/23,9.22,9.48,8.85,8.90,5764332,52515532.00
2024/12/24,8.76,8.88,8.51,8.69,5762800,49745472.00
2024/12/25,8.72,8.84,8.53,8.68,3328201,29020728.00
2024/12/26,8.57,8.80,8.55,8.55,3400400,29457624.00
2024/12/27,8.56,8.75,8.51,8.54,3073700,26343560.00
2024/12/30,8.56,8.58,8.20,8.52,3326200,27955986.00
2024/12/31,8.52,8.66,8.48,8.57,2123000,18235316.00
2025/01/02,8.55,8.99,8.55,8.59,4434701,38679516.00
2025/01/03,8.62,8.62,8.16,8.18,3489821,29102862.00
2025/01/06,8.09,8.43,7.96,8.00,4100001,33568676.00
2025/01/07,8.14,8.14,7.65,8.00,3943801,30994178.00
2025/01/08,8.04,8.13,7.90,8.04,2681901,21508396.00
2025/01/09,8.02,8.10,7.87,7.88,2036300,16207722.00
2025/01/10,7.91,7.92,7.59,7.66,3307200,25571292.00
2025/01/13,7.66,7.72,7.44,7.54,2590300,19625212.00
2025/01/14,7.58,7.81,7.55,7.75,2462410,18951212.00
2025/01/15,7.77,7.87,7.68,7.78,2023401,15767084.00
2025/01/16,8.17,8.17,8.17,8.17,257500,2103775.00
2025/01/17,8.58,8.58,8.31,8.58,6810600,58335096.00
2025/01/20,8.50,8.86,8.37,8.58,4805200,41558356.00
2025/01/21,8.59,8.77,8.36,8.37,2808219,23866044.00
2025/01/22,8.48,8.50,8.30,8.32,2806400,23508244.00
2025/01/23,8.19,8.40,8.16,8.25,3423500,28388832.00
2025/01/24,8.17,8.22,8.07,8.14,3709800,30257850.00
2025/01/27,8.14,8.40,8.13,8.16,3042800,24912450.00
2025/02/05,8.25,8.46,8.13,8.32,3019602,25013166.00
2025/02/06,8.28,8.33,8.22,8.26,1827400,15103974.00
2025/02/07,8.25,8.29,8.21,8.27,2347100,19357404.00
2025/02/10,8.27,8.38,8.22,8.33,2373000,19692270.00
2025/02/11,8.30,8.50,8.13,8.16,3363700,27760028.00
2025/02/12,8.10,8.17,8.01,8.04,2947401,23773512.00
2025/02/13,8.04,8.09,7.97,8.03,1911901,15336716.00
2025/02/14,8.02,8.14,7.92,8.08,2128801,17083270.00
2025/02/17,8.05,8.20,8.00,8.09,2282300,18461466.00
2025/02/18,8.07,8.15,7.96,7.96,2281600,18345820.00
2025/02/19,7.95,8.02,7.91,7.98,1875700,14931720.00
2025/02/20,7.98,7.98,7.72,7.82,4131400,32357572.00
2025/02/21,7.79,8.21,7.75,8.21,3454502,27612688.00
2025/02/24,8.30,8.41,8.08,8.14,3652901,30056106.00
2025/02/25,8.01,8.01,7.79,7.90,4903200,38643980.00
2025/02/26,7.93,7.94,7.86,7.91,1832301,14458458.00
2025/02/27,7.91,7.91,7.84,7.89,1751101,13795347.00
2025/02/28,7.90,8.13,7.87,7.96,2969300,23779594.00
2025/03/03,7.93,7.96,7.82,7.85,1973200,15544109.00
2025/03/04,7.85,7.89,7.82,7.88,962101,7557067.00
2025/03/05,7.86,8.27,7.84,8.14,4310900,35179884.00
2025/03/06,8.10,8.17,8.02,8.11,2405000,19474522.00
2025/03/07,8.07,8.13,7.91,7.93,2103801,16814132.00
2025/03/10,7.93,8.05,7.91,7.95,1485100,11812404.00
2025/03/11,7.92,8.00,7.89,7.98,1553668,12352532.00
2025/03/12,7.98,8.10,7.96,8.00,1873302,15004366.00
2025/03/13,8.00,8.04,7.91,7.98,1719801,13689924.00
2025/03/14,7.97,8.15,7.97,8.08,2981726,24079842.00
2025/03/17,8.06,8.25,8.02,8.10,3083000,24963806.00
2025/03/18,8.10,8.26,8.06,8.23,2649302,21661172.00
2025/03/19,8.23,8.24,8.11,8.15,2130602,17403026.00
2025/03/20,8.10,8.15,8.02,8.06,2285709,18452816.00
2025/03/21,8.08,8.18,8.04,8.09,2858703,23150934.00
2025/03/24,8.08,8.15,7.94,8.03,2238300,17960792.00
2025/03/25,7.95,7.96,7.85,7.93,2446900,19339476.00
2025/03/26,7.92,8.05,7.91,7.96,1022100,8135493.00
2025/03/27,7.96,7.96,7.88,7.92,1432212,11325942.00
2025/03/28,7.95,8.01,7.82,7.85,1680600,13243538.00
2025/03/31,7.81,7.87,7.74,7.87,1334400,10407225.00
2025/04/01,7.87,7.96,7.84,7.92,1196413,9458591.00
2025/04/02,7.91,7.98,7.88,7.96,1208700,9594936.00
2025/04/03,7.95,8.06,7.90,8.03,1276100,10195335.00
2025/04/07,7.72,7.82,7.63,7.63,2635200,20231220.00
2025/04/08,7.38,7.56,7.25,7.47,3537810,26075634.00
2025/04/09,7.41,7.55,7.13,7.45,2384200,17470126.00
2025/04/10,7.52,7.64,7.50,7.59,1942600,14713141.00
2025/04/11,7.55,7.71,7.53,7.64,1383702,10541530.00
2025/04/14,7.69,7.98,7.65,7.88,2762203,21737122.00
2025/04/15,7.88,8.11,7.81,8.00,2760649,22028472.00
2025/04/16,8.00,8.18,7.93,8.06,2761611,22346236.00
2025/04/17,8.05,8.14,7.99,8.05,1422610,11448278.00
2025/04/18,8.07,8.07,7.92,7.96,1357711,10829788.00
2025/04/21,7.95,8.12,7.92,8.08,2163900,17399580.00
2025/04/22,8.03,8.20,8.03,8.14,2633401,21457052.00
2025/04/23,8.04,8.25,7.95,8.10,2992100,24120656.00
2025/04/24,8.13,8.50,8.10,8.40,5259302,43734804.00
2025/04/25,8.43,8.50,8.22,8.22,3855110,31976946.00
2025/04/28,8.20,8.53,8.18,8.44,5223010,43780156.00
2025/04/29,8.44,8.53,8.25,8.25,3125904,26221104.00
2025/04/30,8.20,8.32,8.10,8.22,2502102,20544856.00
2025/05/06,8.23,8.27,8.16,8.26,2867249,23534476.00
2025/05/07,8.28,8.45,8.28,8.45,3368199,28198052.00
2025/05/08,8.45,8.79,8.40,8.66,3946101,34124644.00
2025/05/09,8.70,8.79,8.52,8.69,4110683,35578700.00
2025/05/12,8.67,8.76,8.54,8.64,2923801,25295404.00
2025/05/13,8.64,8.76,8.59,8.69,2900750,25169540.00
2025/05/14,8.69,8.74,8.59,8.66,2838900,24553944.00
2025/05/15,8.68,8.68,8.42,8.48,2776503,23732470.00
2025/05/16,8.45,8.49,8.35,8.43,2384103,20091458.00
2025/05/19,8.49,8.64,8.39,8.43,2242401,19017900.00
2025/05/20,8.40,8.63,8.40,8.60,3599401,30723620.00
2025/05/21,8.66,8.66,8.47,8.52,2257501,19254950.00
2025/05/22,8.55,8.55,8.42,8.42,1763801,14984166.00
2025/05/23,8.42,8.55,8.40,8.55,2142101,18210556.00
2025/05/26,8.55,8.80,8.50,8.50,3978801,34405500.00
2025/05/27,8.49,8.58,8.46,8.50,1516102,12888188.00
2025/05/28,8.50,8.53,8.40,8.41,2026400,17139668.00
2025/05/29,8.43,8.53,8.42,8.51,1864382,15819264.00
2025/05/30,8.50,8.66,8.47,8.56,2091500,17931220.00
2025/06/03,8.57,8.68,8.56,8.66,1965500,16981928.00
2025/06/04,8.66,8.85,8.62,8.78,3111410,27200980.00
2025/06/05,8.78,8.84,8.67,8.73,2360800,20597008.00
2025/06/06,8.70,8.84,8.70,8.80,1888900,16593894.00
2025/06/09,8.80,8.85,8.75,8.80,1869709,16459318.00
2025/06/10,8.73,8.79,8.41,8.53,4155682,35834920.00
2025/06/11,8.55,8.60,8.46,8.53,1538482,13136091.00
2025/06/12,8.53,8.60,8.41,8.45,1839310,15594611.00
2025/06/13,8.44,8.58,8.38,8.42,1839200,15537972.00
2025/06/16,8.42,8.45,8.28,8.43,1571401,13165697.00
2025/06/17,8.42,8.45,8.30,8.30,1845900,15422657.00
2025/06/18,8.30,8.40,8.28,8.32,1553133,12941640.00
2025/06/19,8.33,8.33,8.12,8.15,2216900,18222684.00
2025/06/20,8.11,8.25,8.11,8.11,1787500,14598413.00
2025/06/23,8.15,8.18,8.05,8.17,1257900,10230881.00
2025/06/24,8.19,8.48,8.19,8.42,2396402,19995256.00
2025/06/25,8.34,8.34,8.15,8.15,3699731,30362010.00
2025/06/26,8.20,8.20,8.13,8.15,1252200,10225542.00
2025/06/27,8.16,8.26,8.08,8.16,2561200,20884020.00
2025/06/30,8.22,8.57,8.18,8.57,5996301,50697116.00
2025/07/01,8.57,8.57,8.41,8.49,4089000,34717296.00
2025/07/02,8.49,8.69,8.40,8.44,2130731,18106788.00
2025/07/03,8.44,8.52,8.42,8.48,1671800,14141044.00
2025/07/04,8.47,8.51,8.42,8.43,1387400,11737068.00
2025/07/07,8.44,8.47,8.28,8.32,2030800,16982376.00
2025/07/08,8.35,8.40,8.30,8.36,1691301,14116018.00
2025/07/09,8.37,8.37,8.33,8.35,1382612,11543191.00
2025/07/10,8.35,8.52,8.32,8.38,2125902,17870744.00
2025/07/11,8.37,8.44,8.35,8.39,1664406,13967545.00
2025/07/14,8.41,8.50,8.36,8.39,2583201,21726480.00
2025/07/15,8.42,8.45,8.32,8.39,1978700,16561850.00
2025/07/16,8.38,8.45,8.36,8.42,1440701,12122721.00
2025/07/17,8.39,8.44,8.39,8.42,1116400,9385521.00
2025/07/18,8.42,8.42,8.36,8.39,1663000,13944280.00
2025/07/21,8.75,8.81,8.64,8.81,13078121,114810104.00
2025/07/22,9.25,9.25,9.25,9.25,2389441,22102330.00
2025/07/23,9.71,9.71,9.71,9.71,617460,5995536.50
2025/07/24,9.60,10.20,9.31,9.71,24979563,243626048.00
2025/07/25,9.50,9.88,9.22,9.22,14224300,133913664.00
2025/07/28,9.15,9.36,8.91,9.07,9000147,82070584.00
2025/07/29,9.20,9.36,9.06,9.27,7491201,68943208.00
2025/07/30,9.24,9.47,9.10,9.18,7385902,68478680.00
2025/07/31,9.19,9.39,9.13,9.25,7280015,67369688.00
2025/08/01,9.35,9.35,9.13,9.15,4775601,44049644.00
2025/08/04,9.12,9.29,9.10,9.19,3645402,33482896.00
2025/08/05,9.19,9.23,9.16,9.19,3020900,27753876.00
2025/08/06,9.22,9.65,9.18,9.65,7374939,69546968.00
2025/08/07,10.11,10.13,9.74,10.13,12515661,125161600.00
2025/08/08,10.35,10.64,10.11,10.64,5219060,54371496.00
2025/08/11,11.17,11.17,10.68,10.85,17443280,192093904.00
2025/08/12,10.74,11.10,10.74,10.86,8426121,91909264.00
2025/08/13,10.94,10.94,10.41,10.42,9394123,99773536.00
2025/08/14,10.40,10.80,10.36,10.46,5620701,59158356.00
2025/08/15,10.50,10.98,10.48,10.98,8225164,89106656.00
2025/08/18,11.09,11.47,11.00,11.14,8951224,100895112.00
2025/08/19,11.18,11.41,11.04,11.41,4704820,52704904.00
2025/08/20,11.31,11.48,11.17,11.23,4241000,47982420.00
2025/08/21,11.38,11.66,11.01,11.22,6651202,75619096.00
2025/08/22,11.15,11.34,11.10,11.22,4464812,50032580.00
2025/08/25,11.15,11.22,10.70,11.06,8082709,88456216.00
2025/08/26,11.10,11.34,11.06,11.23,3647513,40879688.00
2025/08/27,11.00,11.06,10.77,10.77,5750802,62704572.00
2025/08/28,10.83,10.98,10.46,10.74,5053402,54134388.00
2025/08/29,10.99,11.02,10.57,10.61,4755501,51134800.00
2025/09/01,10.63,10.85,10.51,10.81,3485571,37177988.00
2025/09/02,10.81,11.09,10.75,10.93,5602402,61379532.00
2025/09/03,10.94,10.97,10.52,10.63,5364000,57075100.00
2025/09/04,11.16,11.16,10.68,10.78,10888200,119634848.00
2025/09/05,10.68,10.96,10.55,10.93,6727201,72641760.00
2025/09/08,10.98,11.34,10.91,11.30,6751302,75189200.00
2025/09/09,11.45,11.66,11.25,11.37,6507913,74084472.00
2025/09/10,11.43,11.66,11.31,11.57,5671400,65405016.00
2025/09/11,11.58,12.15,11.58,12.15,9260402,111822016.00
2025/09/12,12.41,12.41,11.91,12.14,8443390,102294984.00
2025/09/15,12.28,12.33,11.95,11.96,4441600,53723344.00
2025/09/16,12.25,12.56,12.11,12.56,6362318,78856344.00
2025/09/17,12.49,12.66,12.17,12.20,7321502,90646648.00
2025/09/18,12.15,12.27,11.59,11.71,8580426,101622616.00
2025/09/19,11.78,12.05,11.61,11.90,4086390,48486356.00
2025/09/22,11.90,12.00,11.50,11.56,4868004,56945064.00
2025/09/23,11.57,11.57,10.98,11.19,6314211,70362968.00
2025/09/24,11.25,11.46,11.23,11.40,3195695,36203748.00
2025/09/25,11.44,11.49,11.08,11.19,2888301,32430142.00
2025/09/26,10.90,10.99,10.76,10.83,5507200,59775816.00
2025/09/29,10.86,11.02,10.84,10.90,2822600,30794120.00
2025/09/30,10.98,11.20,10.90,11.12,3085000,34214668.00
2025/10/09,11.13,11.27,10.67,10.70,5742200,62203032.00
2025/10/10,10.81,11.08,10.79,10.90,3107400,33955468.00
2025/10/13,10.54,11.00,10.54,10.91,2964403,32161150.00
2025/10/14,11.00,11.25,10.87,11.04,3255500,36049108.00
2025/10/15,11.01,11.59,10.95,11.59,3999700,45235080.00
2025/10/16,11.74,11.88,11.32,11.34,5884400,68530504.00
2025/10/17,11.23,11.49,11.08,11.22,3154500,35332680.00
2025/10/20,11.28,11.35,11.09,11.13,2173200,24327460.00
2025/10/21,11.13,11.21,11.04,11.09,2359851,26256322.00
2025/10/22,11.11,11.21,11.04,11.08,1742400,19349348.00
2025/10/23,11.00,11.00,10.75,10.87,3743313,40601072.00
2025/10/24,10.91,11.28,10.82,11.14,3385600,37419984.00
2025/10/27,11.10,11.30,10.93,11.20,3286201,36614164.00
2025/10/28,11.76,11.76,11.76,11.76,1602001,18839532.00
2025/10/29,12.00,12.01,11.45,11.55,10421700,122297936.00
2025/10/30,11.50,11.60,11.13,11.16,6451406,72846544.00
2025/10/31,11.16,11.30,11.10,11.25,3505501,39327032.00
2025/11/03,11.26,11.52,11.24,11.39,4108417,46740648.00
2025/11/04,11.45,11.47,11.33,11.47,2953416,33670744.00
2025/11/05,11.47,11.79,11.39,11.68,4470902,51971300.00
2025/11/06,11.70,11.70,11.41,11.63,3540900,40929324.00
2025/11/07,11.55,11.76,11.53,11.59,2697301,31372246.00
2025/11/10,11.67,11.68,11.50,11.59,2828021,32761150.00
2025/11/11,11.58,11.64,11.40,11.54,3139000,36123408.00
2025/11/12,11.55,12.01,11.53,11.93,7134202,84278888.00
2025/11/13,11.88,12.47,11.70,12.22,5835868,70295816.00
2025/11/14,12.21,12.49,12.10,12.22,5213168,63956256.00
2025/11/17,12.15,12.30,12.09,12.26,3091101,37669980.00
2025/11/18,12.15,12.57,12.12,12.32,3852001,47481380.00
2025/11/19,12.25,12.57,12.25,12.47,4294203,53550688.00
2025/11/20,12.45,12.52,12.13,12.22,4451000,54536284.00
2025/11/21,12.13,12.19,11.61,11.61,6353200,74959840.00
2025/11/24,11.55,11.97,11.48,11.84,3180200,37187340.00
2025/11/25,11.89,11.98,11.67,11.71,3762200,44297168.00
2025/11/26,11.61,11.95,11.61,11.94,4553402,53973248.00
2025/11/27,11.94,12.06,11.76,11.77,3379200,40159480.00
2025/11/28,11.78,11.90,11.63,11.88,2074000,24441676.00
2025/12/01,11.90,12.47,11.90,12.44,6844513,83761408.00
2025/12/02,12.44,12.77,12.35,12.59,5760505,72336480.00
2025/12/03,12.65,12.65,12.05,12.15,5259700,64294080.00
2025/12/04,12.11,12.21,12.03,12.11,2601900,31476700.00
2025/12/05,11.99,12.28,11.97,12.28,2571700,31200508.00
2025/12/08,12.28,12.31,12.11,12.22,2815200,34359920.00
2025/12/09,12.27,12.44,12.20,12.35,3501425,43277988.00
2025/12/10,12.31,12.35,12.13,12.21,2454002,29928816.00
2025/12/11,12.17,12.19,11.85,11.92,4314900,51590896.00
2025/12/12,11.80,12.01,11.76,11.99,2002911,23778820.00
2025/12/15,11.84,11.87,11.39,11.39,6661401,77069968.00
2025/12/16,10.82,11.19,10.82,10.82,4539400,49243688.00
2025/12/17,10.28,10.82,10.28,10.51,8644382,90116488.00
2025/12/18,10.62,10.64,10.25,10.39,4204582,44026852.00
2025/12/19,10.39,10.49,10.32,10.44,3405700,35393616.00
2025/12/22,10.50,10.96,10.49,10.96,2329271,25263792.00
2025/12/23,11.19,11.51,11.12,11.42,7289210,82751184.00
2025/12/24,11.42,11.62,11.37,11.38,4474211,51284692.00
2025/12/25,11.38,11.45,11.08,11.19,5401400,60432468.00
2025/12/26,11.18,11.39,11.03,11.14,3998800,44758056.00
2025/12/29,11.14,11.15,10.82,10.88,3893700,42446076.00
2025/12/30,10.89,10.97,10.77,10.82,2506515,27248618.00
2025/12/31,10.83,11.02,10.63,10.99,2639900,28569052.00
2026/01/05,11.04,11.06,10.80,10.83,3394700,36901848.00
2026/01/06,10.85,10.90,10.78,10.83,3808001,41254684.00
2026/01/07,10.77,10.89,10.73,10.84,2488600,26924648.00
2026/01/08,10.84,10.84,10.60,10.64,4043813,43096756.00
2026/01/09,10.63,11.07,10.40,10.96,7902626,84379096.00
2026/01/12,10.97,10.98,10.68,10.70,4511208,48488448.00
2026/01/13,10.71,10.71,10.41,10.58,3673200,38785644.00
2026/01/14,10.58,10.82,10.50,10.54,4011661,42623276.00
2026/01/15,10.54,10.99,10.51,10.83,5471712,58888188.00
2026/01/16,10.80,11.14,10.70,10.99,4559621,50015908.00
2026/01/19,11.00,11.48,10.99,11.34,5555702,62746348.00
2026/01/20,11.36,11.62,11.28,11.34,3687060,42074624.00
2026/01/21,11.27,11.36,11.06,11.11,3843111,42943072.00
2026/01/22,11.05,11.24,11.05,11.17,2626868,29349850.00
2026/01/23,11.09,11.19,10.90,10.96,3891100,42858716.00
2026/01/26,10.97,11.50,10.76,11.35,6526913,72447168.00
2026/01/27,11.06,11.06,10.80,10.85,4954610,54020936.00
2026/01/28,10.85,10.94,10.73,10.87,2949502,31986372.00
2026/01/29,10.86,11.20,10.76,11.03,4951000,54213632.00
2026/01/30,11.58,11.58,11.10,11.11,12040804,136845440.00
2026/02/02,10.66,11.05,10.58,10.90,4979803,53732748.00
2026/02/03,10.89,11.09,10.85,10.88,3463900,37868696.00
2026/02/04,10.82,11.10,10.78,10.96,3249501,35522476.00
2026/02/05,11.06,11.09,10.92,10.93,2353500,25874104.00
2026/02/06,10.82,10.95,10.82,10.88,2356001,25639820.00
2026/02/09,10.86,10.95,10.82,10.86,2229712,24225208.00
2026/02/10,10.86,10.92,10.82,10.86,1654600,17963506.00
2026/02/11,10.90,10.93,10.83,10.84,2038602,22154262.00
2026/02/12,10.85,10.86,10.65,10.65,3082184,33141378.00
2026/02/13,10.71,10.98,10.70,10.86,2750700,29819092.00
2026/02/24,10.88,11.05,10.83,10.87,3763702,41096088.00
2026/02/25,10.90,10.99,10.84,10.96,3442059,37638808.00
2026/02/26,10.93,10.93,10.73,10.78,4362300,47142240.00
2026/02/27,10.73,10.75,10.50,10.60,4586001,48600184.00
2026/03/02,10.50,10.63,10.36,10.39,4506000,47062204.00
2026/03/03,10.39,10.45,9.92,9.93,4355682,44172560.00
2026/03/04,9.88,10.15,9.81,9.87,3248400,32248278.00
2026/03/05,10.01,10.04,9.89,9.97,2527401,25206808.00
2026/03/06,10.02,10.47,9.97,10.47,3830472,39378828.00
2026/03/09,10.47,10.58,10.32,10.46,5140102,53568024.00
2026/03/10,10.45,10.50,10.36,10.45,2416500,25172780.00
2026/03/11,10.47,10.49,10.21,10.28,2507536,25909970.00
2026/03/12,10.26,10.29,10.07,10.10,2581500,26162964.00
2026/03/13,10.20,10.49,10.10,10.33,3654484,37772540.00
2026/03/16,10.28,10.47,10.26,10.43,3285601,34137376.00
2026/03/17,10.42,10.85,10.42,10.52,5036183,53708700.00
2026/03/18,10.50,10.68,10.41,10.57,2555800,27035548.00
2026/03/19,10.48,10.54,10.33,10.40,2423648,25261646.00
2026/03/20,10.35,10.48,10.30,10.39,1819300,18913302.00
2026/03/23,10.37,10.40,9.98,10.03,3340301,33876596.00
2026/03/24,10.18,10.40,10.03,10.40,2946101,30170276.00
2026/03/25,10.57,10.86,10.41,10.85,6799301,72896656.00
2026/03/26,10.61,10.69,10.31,10.32,6558500,68542040.00
2026/03/27,10.24,10.66,10.19,10.63,3864000,40712812.00
2026/03/30,10.63,11.13,10.63,10.72,6617835,72078944.00
2026/03/31,10.81,11.04,10.69,10.72,4073934,44151224.00
2026/04/01,10.66,10.79,10.18,10.18,12938210,133885400.00
2026/04/02,9.67,9.67,9.67,9.67,1700200,16440934.00
2026/04/03,9.19,9.19,9.19,9.19,696200,6398078.00
2026/04/07,8.90,9.15,8.73,8.73,16916106,149330464.00
2026/04/08,8.80,9.15,8.36,9.09,17567708,153730032.00
2026/04/09,8.87,8.90,8.64,8.65,10609386,92458784.00
2026/04/10,8.56,9.01,8.56,8.84,8597787,76089136.00
2026/04/13,8.89,9.28,8.89,9.28,3770973,34612500.00
2026/04/14,9.71,9.74,9.52,9.74,10740525,103611704.00
2026/04/15,9.87,10.08,9.64,9.70,7785624,76764168.00
2026/04/16,9.70,9.94,9.27,9.53,8227740,79160048.00
2026/04/17,9.53,9.64,9.40,9.46,3333101,31607282.00
2026/04/20,9.66,9.93,9.66,9.93,1913101,18920520.00
2026/04/21,10.43,10.43,9.88,9.95,8486801,85546672.00
2026/04/22,9.99,10.18,9.81,9.97,5451102,54343480.00
2026/04/23,10.15,10.18,9.86,9.86,4103101,40970536.00
2026/04/24,9.99,10.32,9.91,10.14,6572400,66325904.00
2026/04/28,10.65,10.65,10.51,10.65,4442902,47281908.00
2026/04/29,11.10,11.13,10.12,10.12,12537255,130453304.00
2026/04/30,9.80,10.06,9.80,10.00,5588201,55442740.00
2026/05/06,10.00,10.02,9.50,9.63,7753020,74261592.00
2026/05/07,9.62,9.62,9.15,9.15,8226700,75824488.00
2026/05/08,9.00,9.46,9.00,9.21,6171702,57471652.00
2026/05/11,9.18,9.60,9.12,9.44,6144202,57777680.00
2026/05/12,9.42,9.56,9.20,9.20,4706501,43966268.00
2026/05/13,9.21,9.35,9.12,9.19,3864861,35702216.00
2026/05/14,9.19,9.26,9.10,9.13,3305864,30266032.00
2026/05/15,9.13,9.15,8.92,9.04,3610601,32611828.00
2026/05/18,8.98,9.13,8.88,8.90,2626502,23555872.00
2026/05/19,8.92,9.35,8.84,9.35,7735700,71455240.00
2026/05/20,9.23,9.48,9.23,9.29,4036101,37711080.00
2026/05/21,9.29,9.32,8.91,8.91,5185700,47100220.00
2026/05/22,8.92,9.08,8.86,9.03,2466635,22155134.00
2026/05/25,8.98,9.04,8.83,8.83,3556900,31681788.00
2026/05/26,8.84,8.84,8.50,8.68,3774216,32463940.00
2026/05/27,8.64,8.90,8.46,8.79,4429148,38304736.00
2026/05/28,8.91,9.14,8.88,9.03,4496000,40602320.00
2026/05/29,8.88,9.20,8.84,9.07,4109322,37174176.00
2026/06/01,9.08,9.12,8.99,9.11,2451922,22198468.00
2026/06/02,9.11,9.49,9.05,9.20,3686801,34224708.00
2026/06/03,9.10,9.20,9.10,9.12,2082621,19010910.00
2026/06/04,9.03,9.17,9.01,9.03,1384400,12526368.00
2026/06/05,9.06,9.10,8.97,9.01,2417001,21817356.00
2026/06/08,8.85,9.02,8.81,8.89,2050703,18267994.00
2026/06/09,8.89,9.27,8.89,9.15,4936524,45246812.00
2026/06/10,9.15,9.28,9.13,9.25,3335701,30710692.00
2026/06/11,9.25,9.35,8.92,8.94,3825300,34575648.00
2026/06/12,8.99,9.22,8.87,9.20,2997653,27105920.00
2026/06/15,9.10,9.17,8.96,9.00,3377400,30457688.00
2026/06/16,9.00,9.00,8.70,8.72,4681204,41151708.00
2026/06/17,8.72,8.84,8.53,8.61,2839300,24601496.00
2026/06/18,8.62,8.80,8.46,8.79,3189912,27630986.00
2026/06/22,8.78,8.89,8.48,8.71,3860400,33423532.00
2026/06/23,8.98,9.09,8.85,8.91,3680601,32905086.00
2026/06/24,8.92,8.92,8.63,8.68,2859612,24896908.00
2026/06/25,8.63,8.68,8.39,8.42,3466801,29310238.00
2026/06/26,8.20,8.42,8.00,8.00,4088902,32848408.00
2026/06/29,7.60,7.90,7.60,7.62,3307901,25165950.00
2026/06/30,7.66,7.99,7.52,7.92,4458301,34577736.00
2026/07/01,7.92,7.97,7.54,7.76,3606600,27808760.00
2026/07/02,7.75,8.14,7.65,8.03,4619065,36672260.00
2026/07/03,8.03,8.13,7.94,7.95,2679987,21526392.00
2026/07/06,7.97,8.03,7.66,7.67,2571201,20102882.00
2026/07/07,7.70,7.75,7.19,7.35,3952604,29136948.00
2026/07/08,7.33,7.43,7.10,7.33,1845400,13476650.00
2026/07/09,7.38,7.89,7.22,7.70,4114400,31272084.00
2026/07/10,7.64,7.99,7.60,7.82,3417001,26689012.00
2026/07/13,7.88,8.27,7.88,8.20,4633100,37557032.00
2026/07/14,8.20,8.20,7.73,7.84,4197201,33185356.00
2026/07/15,7.73,8.17,7.73,8.02,2413007,19247588.00
2026/07/16,8.14,8.55,8.02,8.12,3920128,32356214.00
2026/07/17,8.18,8.18,7.85,7.98,2704002,21629760.00
2026/07/20,7.98,8.33,7.98,8.14,4127586,33896792.00
2026/07/21,8.13,8.19,7.96,8.11,2815300,22622268.00
2026/07/22,8.10,8.11,7.93,7.95,1924800,15408678.00
2026/07/23,7.96,8.15,7.95,8.07,1817101,14657193.00
2026/07/24,8.04,8.09,8.00,8.02,1446101,11605707.00
2026/07/27,8.05,8.08,7.97,8.02,1075400,8648911.00
2026/07/28,8.02,8.07,7.89,7.92,1630400,13006075.00
2026/07/29,7.93,8.08,7.92,8.01,1922000,15367694.00
2026/07/30,8.02,8.20,7.94,7.98,2826301,22728148.00
2026/07/31,7.98,8.08,7.93,8.08,1709300,13711498.00
2026/08/03,8.08,8.08,7.99,8.04,1214300,9756924.00
2026/08/04,8.04,8.25,8.00,8.23,2817300,22910660.00
2026/08/05,8.38,9.03,8.28,8.83,5735928,50118336.00
2026/08/06,8.83,9.35,8.83,8.86,4526300,41006336.00
2026/08/07,8.92,9.08,8.86,8.91,2649807,23736268.00
2026/08/10,8.92,9.25,8.83,9.18,4216100,38446968.00
2026/08/11,9.18,9.23,9.11,9.15,2055500,18807344.00
2026/08/12,9.25,9.40,9.13,9.16,2782300,25636222.00
2026/08/13,9.12,9.16,8.98,8.98,2371600,21425368.00
2026/08/14,8.98,9.15,8.90,9.14,1781702,16091779.00
2026/08/17,9.13,9.25,9.10,9.15,1316500,12046188.00
2026/08/18,9.15,9.15,8.99,9.01,1566402,14164780.00
2026/08/19,9.01,9.05,8.78,8.89,1925901,17144958.00
2026/08/20,9.08,9.08,8.92,8.97,1210300,10878231.00
2026/08/21,9.01,9.01,8.91,8.98,861500,7723696.00
2026/08/24,8.97,8.97,8.83,8.87,1482600,13160634.00
2026/08/25,8.82,8.95,8.81,8.82,1727600,15290835.00
2026/08/26,8.82,8.86,8.73,8.76,1424000,12541190.00
2026/08/27,8.82,8.90,8.74,8.82,1194171,10517038.00
2026/08/28,8.68,8.82,8.67,8.71,1355900,11816485.00
2026/08/31,8.69,8.69,8.49,8.52,1761500,15080154.00
2026/09/01,8.55,8.56,8.38,8.42,2377300,20074676.00
2026/09/02,8.41,8.47,8.28,8.43,2108806,17688676.00
2026/09/03,8.43,8.46,8.38,8.43,1192900,10035757.00
2026/09/04,8.47,9.01,8.44,8.95,5480300,48303636.00
2026/09/07,8.98,9.08,8.81,8.88,3282000,29247740.00
2026/09/08,8.89,8.90,8.78,8.85,1977100,17449996.00
2026/09/09,8.85,8.85,8.69,8.69,1639900,14383525.00
2026/09/10,8.66,8.78,8.51,8.69,1260800,10930193.00
2026/09/11,8.68,8.87,8.56,8.84,1898205,16524086.00
2026/09/14,8.85,9.08,8.77,8.82,2767700,24643148.00
#数据来源:通达信
