000021 深科技 日线 前复权
      日期	    开盘	    最高	    最低	    收盘	    成交量	    成交额
2021/08/02,17.58,17.98,17.34,17.65,44245662,816606784.00
2021/08/03,17.48,17.55,16.93,16.94,39264982,707114112.00
2021/08/04,16.92,17.24,16.88,17.09,25750645,460215424.00
2021/08/05,16.96,16.96,16.52,16.60,27543160,483546880.00
2021/08/06,16.69,16.97,16.48,16.82,21140539,370914880.00
2021/08/09,16.57,16.78,16.39,16.60,16698629,290316032.00
2021/08/10,16.63,16.87,16.49,16.68,17644535,308970848.00
2021/08/11,16.58,16.66,16.43,16.48,18008150,311998176.00
2021/08/12,16.37,16.64,16.34,16.56,15605509,270671552.00
2021/08/13,16.52,16.52,16.26,16.28,17477332,299936320.00
2021/08/16,16.29,16.45,16.16,16.36,11860017,203429472.00
2021/08/17,16.36,16.40,15.97,16.01,18089773,306736224.00
2021/08/18,15.93,16.12,15.88,16.07,10402514,175200832.00
2021/08/19,16.03,16.32,15.94,16.14,10179874,172716592.00
2021/08/20,16.12,16.49,15.98,16.48,17303255,295865088.00
2021/08/23,16.57,16.57,16.33,16.44,15174533,261866128.00
2021/08/24,16.37,16.45,16.23,16.31,16738150,286836576.00
2021/08/25,16.29,16.43,16.26,16.28,13025881,223225344.00
2021/08/26,15.92,16.15,15.77,15.85,27813413,464900352.00
2021/08/27,15.92,15.92,15.31,15.38,25510599,415583072.00
2021/08/30,15.28,15.66,15.24,15.41,16377013,266572192.00
2021/08/31,15.34,15.47,14.97,15.13,18461501,295248032.00
2021/09/01,15.08,15.37,14.86,15.28,18549687,294740352.00
2021/09/02,15.23,15.27,14.96,15.07,15578321,247193616.00
2021/09/03,15.06,15.50,14.99,15.30,16526024,265884736.00
2021/09/06,15.40,15.61,15.20,15.53,15161295,247108864.00
2021/09/07,15.56,15.58,15.44,15.54,10625610,173397616.00
2021/09/08,15.54,15.57,15.42,15.49,11925639,194363968.00
2021/09/09,15.46,15.46,15.22,15.30,13456462,217042608.00
2021/09/10,15.23,15.62,15.23,15.51,17848106,290679872.00
2021/09/13,15.45,15.47,15.14,15.24,16557841,265771424.00
2021/09/14,15.24,15.40,15.13,15.16,13398331,215419824.00
2021/09/15,15.13,15.14,14.98,15.01,10029087,158857216.00
2021/09/16,14.95,15.08,14.68,14.68,13456798,210594400.00
2021/09/17,14.68,14.73,14.20,14.30,16161153,245148736.00
2021/09/22,14.18,14.21,14.00,14.06,10006843,149148080.00
2021/09/23,14.09,14.44,14.09,14.30,9911161,149843024.00
2021/09/24,14.26,14.32,13.74,13.83,15235469,225883808.00
2021/09/27,13.86,14.09,13.64,13.72,11148613,163578752.00
2021/09/28,13.69,13.81,13.65,13.75,7737517,112474672.00
2021/09/29,13.66,13.66,12.98,13.24,18838165,264649792.00
2021/09/30,13.21,13.40,13.16,13.23,8432309,118734328.00
2021/10/08,13.41,14.31,13.30,13.90,16819237,247732416.00
2021/10/11,13.88,14.13,13.78,14.08,11551973,171695728.00
2021/10/12,14.10,14.11,13.89,13.98,7945531,117628960.00
2021/10/13,14.08,14.28,13.96,14.15,8421794,126255424.00
2021/10/14,14.19,14.23,13.91,13.97,7476859,110683264.00
2021/10/15,13.97,14.12,13.81,13.96,7821196,115823272.00
2021/10/18,13.88,13.95,13.62,13.68,9098204,132232840.00
2021/10/19,13.64,13.82,13.63,13.73,6290399,91618520.00
2021/10/20,13.75,13.93,13.70,13.73,5755323,84066528.00
2021/10/21,13.75,13.75,13.52,13.55,6170755,88888912.00
2021/10/22,13.54,13.90,13.52,13.72,8520611,124265392.00
2021/10/25,13.72,13.79,13.49,13.57,7694204,110582664.00
2021/10/26,13.58,13.91,13.51,13.88,11695362,170977872.00
2021/10/27,13.86,13.87,13.33,13.35,10670830,152843904.00
2021/10/28,13.36,13.66,13.36,13.44,7165574,102606008.00
2021/10/29,13.44,14.06,13.40,13.98,16160554,237878864.00
2021/11/01,13.88,13.98,13.69,13.91,11146495,163400816.00
2021/11/02,13.91,14.33,13.91,14.23,20960089,313549600.00
2021/11/03,14.18,14.43,14.04,14.27,14677860,221297872.00
2021/11/04,14.27,14.50,14.19,14.41,13771334,209626096.00
2021/11/05,14.44,15.93,14.44,15.93,83924105,1386008576.00
2021/11/08,15.68,15.83,14.84,15.17,69699993,1118111488.00
2021/11/09,14.98,15.40,14.93,15.26,35248040,563519296.00
2021/11/10,15.10,15.26,14.87,15.12,24361744,386542560.00
2021/11/11,14.98,15.33,14.84,15.10,26883765,428111232.00
2021/11/12,15.03,15.23,14.94,15.20,18916491,301366368.00
2021/11/15,15.21,15.46,15.03,15.09,19016822,304255648.00
2021/11/16,15.07,15.20,14.58,14.60,22143056,347535968.00
2021/11/17,14.57,14.85,14.55,14.73,12457407,193619584.00
2021/11/18,14.72,15.03,14.67,14.79,14949648,234274800.00
2021/11/19,14.69,14.91,14.62,14.86,14347173,223723536.00
2021/11/22,14.80,15.17,14.80,15.13,19327078,307164480.00
2021/11/23,15.12,15.38,14.91,15.03,21745185,347268992.00
2021/11/24,15.03,15.10,14.85,14.93,14003301,220694880.00
2021/11/25,14.90,15.23,14.83,15.07,16177923,257022720.00
2021/11/26,14.98,15.11,14.78,14.79,12840602,201142608.00
2021/11/29,14.63,14.85,14.47,14.49,12763865,197128848.00
2021/11/30,14.58,14.77,14.56,14.63,11799945,182644608.00
2021/12/01,14.61,14.94,14.57,14.80,10912613,170140512.00
2021/12/02,14.72,14.84,14.57,14.61,10463392,161983776.00
2021/12/03,14.61,14.87,14.61,14.74,10624443,165386064.00
2021/12/06,14.73,15.26,14.66,15.13,29483341,467725440.00
2021/12/07,15.13,15.43,15.03,15.18,22840164,366578016.00
2021/12/08,15.13,15.48,15.13,15.43,23673187,383807968.00
2021/12/09,15.46,15.57,15.24,15.34,23047857,372970048.00
2021/12/10,15.28,15.42,15.28,15.38,17079485,276277152.00
2021/12/13,15.43,15.52,15.21,15.31,16718185,270379200.00
2021/12/14,15.31,15.37,15.08,15.34,15900995,255109744.00
2021/12/15,15.28,15.91,15.26,15.69,31867485,525594848.00
2021/12/16,15.74,15.91,15.58,15.68,16851383,278614752.00
2021/12/17,15.69,16.35,15.68,15.99,30222695,510231360.00
2021/12/20,15.98,16.01,15.18,15.22,28556452,463454656.00
2021/12/21,15.17,15.95,15.17,15.71,24026265,396260544.00
2021/12/22,15.83,15.85,15.52,15.54,15781214,259326848.00
2021/12/23,15.54,15.78,15.38,15.43,13891682,227287440.00
2021/12/24,15.44,15.51,15.09,15.16,18174648,291703680.00
2021/12/27,15.22,15.26,14.96,15.03,11934288,190288624.00
2021/12/28,15.03,15.33,15.02,15.24,10675882,171047872.00
2021/12/29,15.20,15.20,14.94,14.99,9496315,150238752.00
2021/12/30,14.90,15.13,14.90,15.02,9156191,145203936.00
2021/12/31,15.12,15.13,14.97,15.02,9840915,156008848.00
2022/01/04,14.98,15.47,14.97,15.31,18009540,290064768.00
2022/01/05,15.38,15.38,14.96,15.00,15464693,246043872.00
2022/01/06,14.93,15.12,14.83,14.95,10231169,161154592.00
2022/01/07,14.98,15.12,14.68,14.75,10718058,168538576.00
2022/01/10,14.76,14.78,14.31,14.65,11836533,181900320.00
2022/01/11,14.59,14.73,14.26,14.32,11877740,181129328.00
2022/01/12,14.33,14.48,14.30,14.44,7721067,117323200.00
2022/01/13,14.43,14.46,14.19,14.20,8748587,132041920.00
2022/01/14,14.11,14.30,14.05,14.08,7512703,112622352.00
2022/01/17,14.08,14.40,14.06,14.33,10249061,154974064.00
2022/01/18,14.37,14.43,14.26,14.31,8071512,122341424.00
2022/01/19,14.27,14.39,13.89,13.98,13575781,202116112.00
2022/01/20,13.95,14.09,13.70,14.02,10378409,152773008.00
2022/01/21,13.96,14.06,13.91,14.06,6562859,97259984.00
2022/01/24,14.06,14.09,13.54,13.64,10540417,152837936.00
2022/01/25,13.61,13.66,12.97,12.98,11812619,166272912.00
2022/01/26,13.07,13.16,12.87,12.94,6456099,89267976.00
2022/01/27,13.09,13.10,12.37,12.40,11592649,155912000.00
2022/01/28,12.48,12.67,12.39,12.47,8325268,111157632.00
2022/02/07,12.63,12.84,12.61,12.69,8065434,109221104.00
2022/02/08,12.73,13.05,12.66,12.96,7445188,101628816.00
2022/02/09,12.95,13.08,12.90,13.03,6714226,92892016.00
2022/02/10,13.03,13.05,12.91,12.99,5069030,69958152.00
2022/02/11,12.94,13.01,12.78,12.82,6211845,84973136.00
2022/02/14,12.78,12.89,12.53,12.81,5257386,71364888.00
2022/02/15,12.78,12.91,12.71,12.82,5346266,72899384.00
2022/02/16,12.93,13.01,12.82,12.87,5083786,69672992.00
2022/02/17,12.86,12.89,12.72,12.74,7027585,95602048.00
2022/02/18,12.69,12.83,12.63,12.82,5448233,73951616.00
2022/02/21,12.81,13.13,12.78,13.06,10884274,150752160.00
2022/02/22,12.93,12.96,12.70,12.79,8400255,114428088.00
2022/02/23,12.79,13.20,12.78,13.11,12333613,170887312.00
2022/02/24,13.00,13.13,12.59,12.78,13430164,183929600.00
2022/02/25,12.87,13.08,12.86,12.87,7834208,107989968.00
2022/02/28,12.92,12.98,12.69,12.80,6931770,94162576.00
2022/03/01,12.78,12.88,12.71,12.78,6247082,84927360.00
2022/03/02,12.71,12.73,12.54,12.58,9401811,126085248.00
2022/03/03,12.65,12.67,12.37,12.42,9344893,124293568.00
2022/03/04,12.37,12.48,12.24,12.29,8859769,116491936.00
2022/03/07,12.30,12.31,11.56,11.69,14414352,182703984.00
2022/03/08,11.68,11.73,11.26,11.30,11389881,139857072.00
2022/03/09,11.36,11.46,10.53,10.99,15214526,179599712.00
2022/03/10,11.38,11.41,10.81,10.98,14548732,173214400.00
2022/03/11,10.78,11.11,10.65,11.06,10848313,126905936.00
2022/03/14,11.04,11.17,10.70,10.71,8424870,99008328.00
2022/03/15,10.70,10.70,9.87,9.91,16649910,184504480.00
2022/03/16,10.06,10.43,9.76,10.36,19738067,216867808.00
2022/03/17,10.54,10.74,10.41,10.56,14322048,163708112.00
2022/03/18,10.53,10.74,10.49,10.69,9110170,104466512.00
2022/03/21,10.73,10.93,10.69,10.84,10375978,120731424.00
2022/03/22,10.79,10.87,10.64,10.77,6951334,80321920.00
2022/03/23,10.76,10.92,10.73,10.87,7786384,90799616.00
2022/03/24,10.77,10.80,10.61,10.65,6790697,78097280.00
2022/03/25,10.75,10.78,10.49,10.50,6168800,70657048.00
2022/03/28,10.41,10.68,10.30,10.59,6135334,69639728.00
2022/03/29,10.63,10.64,10.28,10.33,6653697,74622824.00
2022/03/30,10.45,10.68,10.38,10.63,9377988,106648240.00
2022/03/31,10.63,10.65,10.48,10.52,5714351,64932820.00
2022/04/01,10.51,10.54,10.32,10.47,5030398,56621856.00
2022/04/06,10.46,10.47,10.30,10.39,6531074,73066480.00
2022/04/07,10.31,10.50,10.11,10.13,8612961,95626896.00
2022/04/08,10.11,10.18,9.84,9.99,7139284,77072648.00
2022/04/11,9.99,10.07,9.40,9.44,9063732,94787376.00
2022/04/12,9.60,9.94,9.48,9.90,9898827,104449576.00
2022/04/13,9.82,9.96,9.66,9.82,7007917,74562232.00
2022/04/14,9.90,9.96,9.72,9.85,6403727,68376424.00
2022/04/15,9.76,9.82,9.57,9.70,6053362,63694124.00
2022/04/18,9.68,9.91,9.56,9.81,7751025,82085280.00
2022/04/19,9.78,9.93,9.70,9.77,4324003,45882864.00
2022/04/20,9.87,10.10,9.80,9.86,11041710,119018720.00
2022/04/21,9.79,10.05,9.54,9.59,11034734,117290016.00
2022/04/22,9.58,9.58,9.08,9.29,13641326,137654176.00
2022/04/25,9.18,9.19,8.29,8.31,16252530,153806000.00
2022/04/26,8.38,8.53,7.98,8.00,13518233,122766056.00
2022/04/27,7.87,8.55,7.85,8.54,14355136,130162512.00
2022/04/28,8.49,8.61,8.19,8.36,10676468,97920272.00
2022/04/29,8.47,9.01,8.44,8.93,14979176,143856912.00
2022/05/05,8.90,9.23,8.87,9.02,12839908,126834168.00
2022/05/06,8.78,9.53,8.74,9.20,20708266,207444480.00
2022/05/09,9.17,9.49,9.03,9.23,13739420,138513424.00
2022/05/10,9.06,9.44,9.05,9.35,16393098,166113536.00
2022/05/11,9.38,9.94,9.38,9.62,25294063,266712512.00
2022/05/12,9.56,10.01,9.53,9.86,17948089,190870816.00
2022/05/13,9.93,9.95,9.64,9.75,13152600,138903648.00
2022/05/16,9.82,9.82,9.51,9.57,12021629,125780888.00
2022/05/17,9.61,9.72,9.48,9.69,11381831,118970920.00
2022/05/18,9.74,9.92,9.71,9.76,11775029,125167680.00
2022/05/19,9.59,9.81,9.56,9.80,9993863,105447816.00
2022/05/20,9.90,9.93,9.78,9.92,11365162,121546816.00
2022/05/23,9.93,10.02,9.81,9.98,9568356,102745776.00
2022/05/24,9.96,10.05,9.53,9.53,13022062,138446912.00
2022/05/25,9.49,9.69,9.49,9.67,7899177,82308336.00
2022/05/26,9.67,9.97,9.53,9.82,11639575,123152008.00
2022/05/27,9.98,10.00,9.59,9.66,10722633,113515168.00
2022/05/30,9.66,9.90,9.59,9.88,10692520,113279376.00
2022/05/31,9.96,10.38,9.74,10.15,29065238,317763648.00
2022/06/01,10.21,10.36,10.09,10.28,21942309,242611312.00
2022/06/02,10.23,10.34,10.11,10.31,15789697,174794320.00
2022/06/06,10.30,10.56,10.28,10.50,22940706,258561888.00
2022/06/07,10.66,10.99,10.36,10.47,26098919,298988512.00
2022/06/08,10.41,10.58,10.16,10.32,20553952,230013408.00
2022/06/09,10.29,10.39,9.96,10.05,16848079,185007296.00
2022/06/10,9.96,10.31,9.96,10.29,16956146,186278192.00
2022/06/13,10.17,10.34,10.10,10.28,15684705,173072928.00
2022/06/14,10.14,10.22,9.78,10.20,15605309,168999200.00
2022/06/15,10.22,10.90,10.20,10.54,33344376,378607296.00
2022/06/16,10.60,10.76,10.51,10.52,19764722,225705728.00
2022/06/17,10.52,10.56,10.18,10.44,18368364,203010368.00
2022/06/20,10.52,10.71,10.41,10.53,16203763,181754288.00
2022/06/21,10.53,10.70,10.39,10.54,14986013,167988048.00
2022/06/22,10.48,10.54,10.22,10.24,13548702,149430304.00
2022/06/23,10.23,10.58,10.21,10.58,15687829,174406656.00
2022/06/24,10.61,10.95,10.58,10.82,24455446,280906272.00
2022/06/27,10.82,11.02,10.68,10.78,19026098,218293216.00
2022/06/28,10.78,11.24,10.67,11.24,27453513,320375168.00
2022/06/29,11.15,11.61,10.99,11.01,31391336,373846688.00
2022/06/30,11.01,11.11,10.81,10.97,20887597,242737664.00
2022/07/01,10.96,10.99,10.70,10.76,14950555,171931136.00
2022/07/04,10.71,10.71,10.49,10.63,15684989,176611904.00
2022/07/05,10.65,10.74,10.37,10.50,15433298,172834704.00
2022/07/06,10.51,10.63,10.35,10.45,11945869,133397752.00
2022/07/07,10.45,10.58,10.37,10.48,9836826,109914624.00
2022/07/08,10.52,10.69,10.44,10.49,14102213,158675296.00
2022/07/11,10.49,10.49,10.16,10.21,12560513,137122288.00
2022/07/12,10.24,10.25,10.03,10.03,11376386,122867144.00
2022/07/13,10.09,10.14,9.99,10.08,8146083,87343192.00
2022/07/14,10.09,10.16,9.98,10.05,8064647,86655768.00
2022/07/15,10.20,11.12,10.16,10.99,68518936,787499712.00
2022/07/18,10.93,11.08,10.79,10.88,43507333,503235104.00
2022/07/19,10.93,11.51,10.86,11.46,43614127,520058784.00
2022/07/20,11.44,11.75,11.35,11.49,41431392,506278912.00
2022/07/21,11.49,11.85,11.41,11.57,34760427,429151520.00
2022/07/22,11.55,11.72,11.27,11.34,30728792,371854400.00
2022/07/25,11.36,11.38,10.96,11.06,19411658,228481056.00
2022/07/26,11.07,11.14,11.00,11.09,14209459,166722432.00
2022/07/27,11.05,11.11,10.93,10.98,15918870,185892848.00
2022/07/28,11.08,11.52,11.05,11.33,26293492,316043424.00
2022/07/29,11.32,11.37,11.07,11.08,15142712,179352288.00
2022/08/01,11.07,11.48,10.92,11.44,22097068,264947520.00
2022/08/02,11.31,11.31,10.72,10.93,30306354,351846432.00
2022/08/03,11.03,11.46,11.03,11.18,32953104,394436064.00
2022/08/04,11.28,11.63,11.19,11.52,33342589,403944928.00
2022/08/05,11.52,12.23,11.41,12.18,61512145,776090112.00
2022/08/08,12.03,12.13,11.77,12.06,39555979,499214592.00
2022/08/09,11.98,12.09,11.73,12.08,35194488,440866400.00
2022/08/10,12.09,12.63,11.96,12.33,50704690,660414656.00
2022/08/11,12.28,12.60,12.19,12.50,46475921,608918464.00
2022/08/12,12.34,13.72,12.28,12.96,82775064,1140400768.00
2022/08/15,12.84,13.36,12.64,13.19,57917229,792761024.00
2022/08/16,13.01,13.28,12.89,13.02,36132205,493975360.00
2022/08/17,12.94,13.04,12.61,12.73,33832494,454537984.00
2022/08/18,12.64,13.11,12.63,13.05,35656773,483379648.00
2022/08/19,13.08,13.21,12.69,12.69,26081856,353571904.00
2022/08/22,12.48,12.79,12.28,12.58,19907340,263655584.00
2022/08/23,12.57,12.87,12.44,12.79,18598518,249146288.00
2022/08/24,12.73,12.77,12.06,12.09,28187054,366096256.00
2022/08/25,12.23,12.26,11.90,12.23,18771966,239570736.00
2022/08/26,12.21,12.31,11.55,11.78,22814162,289013632.00
2022/08/29,11.53,11.81,11.43,11.65,13624578,167970544.00
2022/08/30,11.65,12.00,11.64,11.80,16038418,200432432.00
2022/08/31,11.73,11.88,11.45,11.52,13327047,163430528.00
2022/09/01,11.58,11.69,11.38,11.47,11041745,135059296.00
2022/09/02,11.58,11.75,11.48,11.72,14760805,182053552.00
2022/09/05,11.66,11.76,11.46,11.66,11555863,141882768.00
2022/09/06,11.70,11.71,11.48,11.67,16071641,197017216.00
2022/09/07,11.63,11.89,11.58,11.74,16359443,203115408.00
2022/09/08,11.75,11.79,11.47,11.48,11385682,139321824.00
2022/09/09,11.48,11.60,11.43,11.55,8336057,101639736.00
2022/09/13,11.54,11.71,11.49,11.53,8167626,100035008.00
2022/09/14,11.23,11.27,10.96,11.02,16698333,196730464.00
2022/09/15,11.13,11.15,10.63,10.80,12977648,149753104.00
2022/09/16,10.75,10.93,10.58,10.59,9110685,104232112.00
2022/09/19,10.56,10.63,10.36,10.44,7215885,80528336.00
2022/09/20,10.58,10.63,10.45,10.51,6001682,67168424.00
2022/09/21,10.45,10.62,10.28,10.56,6754609,75167264.00
2022/09/22,10.44,10.63,10.41,10.48,6285774,70423784.00
2022/09/23,10.45,10.51,10.11,10.20,9790353,107247240.00
2022/09/26,10.20,10.26,10.01,10.03,6619995,71452632.00
2022/09/27,9.99,10.32,9.98,10.30,7571277,82219592.00
2022/09/28,10.29,10.29,9.94,9.94,8364889,89992104.00
2022/09/29,10.06,10.12,9.88,9.94,5858067,62527900.00
2022/09/30,9.94,10.04,9.82,9.83,6045677,64120312.00
2022/10/10,9.85,9.93,9.48,9.51,7447185,76856296.00
2022/10/11,9.51,9.67,9.50,9.63,6163551,63317160.00
2022/10/12,9.64,10.22,9.63,10.15,11990515,127173560.00
2022/10/13,10.09,10.41,10.08,10.28,11629881,127671920.00
2022/10/14,10.35,10.51,10.27,10.48,10781112,119637304.00
2022/10/17,10.43,10.79,10.40,10.74,11135055,126073000.00
2022/10/18,10.83,10.83,10.53,10.67,9644459,109078576.00
2022/10/19,10.68,10.76,10.53,10.55,8398993,95075168.00
2022/10/20,10.55,10.98,10.35,10.77,19531442,222373200.00
2022/10/21,10.74,10.78,10.54,10.59,9930527,112291864.00
2022/10/24,10.65,10.90,10.48,10.59,13011000,148136704.00
2022/10/25,10.48,10.65,10.37,10.43,9642644,107554888.00
2022/10/26,10.44,10.95,10.43,10.93,17011509,194866080.00
2022/10/27,10.79,11.09,10.77,10.91,14884459,172845088.00
2022/10/28,10.78,10.91,10.40,10.43,14622949,165685104.00
2022/10/31,10.53,10.93,10.46,10.77,14920883,170566288.00
2022/11/01,10.78,11.03,10.70,11.03,15740886,181986576.00
2022/11/02,10.98,11.24,10.93,11.01,18150444,213134032.00
2022/11/03,10.90,11.05,10.75,10.96,14141973,163850768.00
2022/11/04,11.03,11.20,10.93,11.14,15800519,185939136.00
2022/11/07,11.14,11.21,10.97,11.02,11982472,140565312.00
2022/11/08,11.06,11.06,10.86,10.99,8562076,99265400.00
2022/11/09,10.97,11.00,10.86,10.91,7033250,81473752.00
2022/11/10,10.80,10.92,10.68,10.71,9845346,112762096.00
2022/11/11,10.96,10.99,10.75,10.76,11814372,136322848.00
2022/11/14,10.71,11.24,10.65,10.98,20979738,245551120.00
2022/11/15,10.95,11.39,10.89,11.38,28740168,341622880.00
2022/11/16,11.36,11.36,11.10,11.19,17591716,208860416.00
2022/11/17,11.13,11.60,11.00,11.56,27935805,336064928.00
2022/11/18,11.49,12.13,11.48,11.66,44728047,559195904.00
2022/11/21,11.61,11.75,11.35,11.53,18244714,221903808.00
2022/11/22,11.45,11.67,11.29,11.37,18184956,220423840.00
2022/11/23,11.38,11.60,11.30,11.40,14812821,179280064.00
2022/11/24,11.47,11.51,11.13,11.17,14589068,173978592.00
2022/11/25,11.14,11.22,10.98,11.00,9788150,114700328.00
2022/11/28,10.91,10.91,10.69,10.82,8944416,102548776.00
2022/11/29,10.80,11.07,10.80,11.01,10007658,116702904.00
2022/11/30,11.02,11.11,10.98,11.03,7113129,83308888.00
2022/12/01,11.22,11.23,11.02,11.13,9684029,114365008.00
2022/12/02,11.13,11.18,11.02,11.05,8640098,101717280.00
2022/12/05,11.14,11.40,11.14,11.33,17555346,210107072.00
2022/12/06,11.28,11.53,11.21,11.25,17944461,215664176.00
2022/12/07,11.18,11.25,11.00,11.03,15700768,184905232.00
2022/12/08,11.03,11.04,10.81,10.85,16160117,186523424.00
2022/12/09,10.85,10.90,10.56,10.62,23266092,264229136.00
2022/12/12,10.63,10.96,10.60,10.89,20314549,233381824.00
2022/12/13,10.82,10.89,10.59,10.63,13410800,152222592.00
2022/12/14,10.89,10.93,10.62,10.65,13001034,148938704.00
2022/12/15,10.55,10.97,10.49,10.77,15669102,179912016.00
2022/12/16,10.64,10.76,10.53,10.56,9435150,106318864.00
2022/12/19,10.51,10.59,10.14,10.24,11317332,124271224.00
2022/12/20,10.23,10.33,10.12,10.25,5668439,61796092.00
2022/12/21,10.14,10.24,9.95,10.03,7159990,76921072.00
2022/12/22,10.05,10.14,9.87,9.89,7095326,75763216.00
2022/12/23,9.91,9.98,9.82,9.90,5074501,53689024.00
2022/12/26,9.94,10.22,9.92,10.13,6690783,72120896.00
2022/12/27,10.13,10.22,10.06,10.20,5434204,58762732.00
2022/12/28,10.17,10.17,10.00,10.03,5121125,54982624.00
2022/12/29,9.99,10.11,9.96,9.98,4340403,46443784.00
2022/12/30,10.08,10.15,10.02,10.02,5285483,56777564.00
2023/01/03,10.00,10.34,9.97,10.32,9479836,103324080.00
2023/01/04,10.32,10.66,10.32,10.55,14240261,159745664.00
2023/01/05,10.56,10.65,10.45,10.59,7123890,80086776.00
2023/01/06,10.59,10.68,10.53,10.58,7642743,86175896.00
2023/01/09,10.68,10.70,10.56,10.58,7167266,80935616.00
2023/01/10,10.59,10.70,10.57,10.63,6397002,72313136.00
2023/01/11,10.62,10.75,10.49,10.51,9531356,107723008.00
2023/01/12,10.47,10.62,10.45,10.55,5531000,61942260.00
2023/01/13,10.58,10.63,10.55,10.62,5165200,58168792.00
2023/01/16,10.41,10.65,10.27,10.55,16179176,180183536.00
2023/01/17,10.61,10.71,10.54,10.67,8412793,95187568.00
2023/01/18,10.67,10.76,10.66,10.74,6843426,77943792.00
2023/01/19,10.69,10.91,10.64,10.90,9400172,108044704.00
2023/01/20,10.96,11.03,10.86,10.97,9665249,112325712.00
2023/01/30,11.09,11.19,11.01,11.04,14464350,170079392.00
2023/01/31,11.06,11.09,10.91,10.95,8439926,98290616.00
2023/02/01,10.98,11.25,10.97,11.21,12924020,152657184.00
2023/02/02,11.24,11.69,11.23,11.44,28087990,341651040.00
2023/02/03,11.43,11.56,11.25,11.52,18191994,219757520.00
2023/02/06,11.45,11.65,11.35,11.43,13466841,163552208.00
2023/02/07,11.43,11.54,11.39,11.48,10283962,124681448.00
2023/02/08,11.49,11.58,11.29,11.31,11681000,140838368.00
2023/02/09,11.31,11.96,11.26,11.84,32576530,403142016.00
2023/02/10,11.78,12.16,11.74,12.14,36025671,457433056.00
2023/02/13,12.08,12.31,12.01,12.07,28091801,358917920.00
2023/02/14,12.04,12.38,11.93,12.06,22360606,286400736.00
2023/02/15,12.06,12.25,11.93,12.22,20718475,264978080.00
2023/02/16,12.18,12.26,11.63,11.82,29376990,372342912.00
2023/02/17,11.89,11.90,11.51,11.54,20636683,254549760.00
2023/02/20,11.53,11.84,11.48,11.82,14792689,182504384.00
2023/02/21,11.75,11.93,11.68,11.82,13379494,167045936.00
2023/02/22,11.78,11.91,11.60,11.80,12641591,156945712.00
2023/02/23,11.82,11.86,11.58,11.69,10623850,131586656.00
2023/02/24,11.73,11.85,11.67,11.78,9856854,122498776.00
2023/02/27,11.69,11.86,11.55,11.60,10418361,128691816.00
2023/02/28,11.75,12.00,11.63,11.83,17139222,213678000.00
2023/03/01,11.79,12.40,11.77,12.24,41289218,532025056.00
2023/03/02,12.22,12.43,12.18,12.22,21998518,285096512.00
2023/03/03,12.34,12.59,12.14,12.32,26618912,346025824.00
2023/03/06,12.33,12.60,12.26,12.52,32266445,422917088.00
2023/03/07,12.52,12.52,11.86,11.88,34144808,436433472.00
2023/03/08,11.87,12.21,11.84,12.17,16964634,216529888.00
2023/03/09,12.22,12.30,12.07,12.17,13269513,170491328.00
2023/03/10,12.07,12.36,12.02,12.11,18991551,244361808.00
2023/03/13,12.11,12.39,11.94,12.38,28208160,363659200.00
2023/03/14,12.33,12.33,11.94,12.20,23554562,301824032.00
2023/03/15,12.24,12.35,12.16,12.31,19982468,258481984.00
2023/03/16,12.24,12.42,12.00,12.06,21971162,282133216.00
2023/03/17,12.22,12.49,12.18,12.41,35795681,467223872.00
2023/03/20,12.43,12.62,12.27,12.30,32451408,425313440.00
2023/03/21,12.24,12.61,12.23,12.61,31489597,414179872.00
2023/03/22,12.60,12.88,12.44,12.81,37233853,497008128.00
2023/03/23,12.76,13.69,12.71,13.52,70811879,980798080.00
2023/03/24,13.39,14.94,13.34,14.67,171575227,2613007104.00
2023/03/27,14.58,14.99,13.91,14.18,103767792,1553581696.00
2023/03/28,14.02,14.05,13.44,13.47,61394185,881802496.00
2023/03/29,13.61,13.88,13.15,13.55,64116608,909685504.00
2023/03/30,13.54,14.97,13.54,14.97,134820780,2086106880.00
2023/03/31,15.63,16.23,14.97,16.05,175931465,2840625152.00
2023/04/03,17.72,17.72,17.49,17.72,76859200,1413093248.00
2023/04/04,18.62,19.12,17.67,18.15,268893515,5136532992.00
2023/04/06,18.14,20.03,18.14,20.03,289132460,5858168832.00
2023/04/07,19.02,20.01,18.53,19.76,202021776,4045389568.00
2023/04/10,20.38,20.82,19.03,19.99,208532783,4303590400.00
2023/04/11,19.63,21.57,19.33,19.78,254780584,5368045568.00
2023/04/12,18.73,19.51,18.25,19.14,173354809,3404898560.00
2023/04/13,18.84,19.43,18.16,18.33,141672167,2757738752.00
2023/04/14,18.33,18.98,16.99,18.73,188530160,3532903424.00
2023/04/17,18.71,19.70,18.47,19.47,173597147,3446072832.00
2023/04/18,19.04,19.43,18.16,19.13,114379827,2240233728.00
2023/04/19,19.32,19.62,18.58,18.70,140657617,2770437120.00
2023/04/20,18.80,20.64,18.69,20.42,212653705,4361173504.00
2023/04/21,20.38,21.32,19.53,19.73,163003727,3427753216.00
2023/04/24,19.49,20.20,19.01,19.25,104508472,2099106560.00
2023/04/25,19.33,19.61,18.21,18.28,101642648,1974335232.00
2023/04/26,17.53,17.88,16.39,16.39,138938230,2433854208.00
2023/04/27,15.89,17.61,15.85,16.79,119341260,2116061440.00
2023/04/28,16.49,17.46,16.49,17.14,72430052,1286674176.00
2023/05/04,16.94,17.27,16.10,16.13,86171557,1477998080.00
2023/05/05,16.26,16.74,15.81,15.93,58545119,988610816.00
2023/05/08,15.89,16.44,15.57,16.04,50467190,846279616.00
2023/05/09,15.95,16.66,15.84,16.07,76244658,1292601600.00
2023/05/10,15.76,16.18,15.30,15.57,62212556,1012431296.00
2023/05/11,16.18,17.19,16.08,17.19,110748641,1915938432.00
2023/05/12,17.64,17.83,16.71,16.74,128728163,2302543360.00
2023/05/15,16.39,17.10,16.11,16.61,87159160,1497950080.00
2023/05/16,17.03,18.34,16.81,18.34,115446757,2102270464.00
2023/05/17,18.53,19.86,18.53,18.99,189090233,3735178496.00
2023/05/18,18.56,19.28,18.52,18.77,126027441,2460108032.00
2023/05/19,19.04,20.03,18.87,19.21,144942516,2910451968.00
2023/05/22,20.11,20.56,18.83,19.47,150389117,3065449472.00
2023/05/23,18.75,18.98,17.63,17.73,131529485,2483770624.00
2023/05/24,17.67,18.22,17.11,17.63,95675624,1757456384.00
2023/05/25,17.88,18.73,17.80,18.49,108967775,2062860032.00
2023/05/26,17.98,20.41,17.86,20.03,197882186,4051163136.00
2023/05/29,20.44,20.45,19.23,19.38,134986600,2753641216.00
2023/05/30,19.11,20.56,18.95,20.56,150933337,3123156224.00
2023/05/31,20.33,22.66,19.78,22.22,192629986,4151371264.00
2023/06/01,21.33,22.85,21.19,21.54,155083696,3492314624.00
2023/06/02,21.55,21.78,20.96,21.25,93972235,2063467264.00
2023/06/05,20.93,21.51,20.68,20.75,80071396,1728894464.00
2023/06/06,20.44,21.13,20.13,20.53,89685385,1916823296.00
2023/06/07,20.63,20.99,20.07,20.89,85269555,1822227072.00
2023/06/08,20.58,20.58,19.39,19.80,87683215,1801159040.00
2023/06/09,19.95,21.76,19.55,21.22,129734813,2755349504.00
2023/06/12,20.95,21.19,20.35,20.54,87514908,1882717568.00
2023/06/13,20.43,21.73,20.33,21.30,124024979,2710098688.00
2023/06/14,20.96,22.13,20.67,21.53,116166654,2563724544.00
2023/06/15,21.39,21.66,20.61,20.69,90640160,1965886080.00
2023/06/16,20.44,21.11,20.15,20.93,86021326,1835876096.00
2023/06/19,20.33,21.66,19.88,21.31,128999280,2784531456.00
2023/06/20,21.03,21.19,20.28,20.55,98665032,2101083776.00
2023/06/21,20.35,20.37,18.63,18.67,112921296,2254905600.00
2023/06/26,18.33,18.53,17.03,17.20,91307363,1672558720.00
2023/06/27,17.41,18.21,17.40,17.88,73944766,1372527104.00
2023/06/28,17.92,18.46,17.05,18.08,90064493,1667692416.00
2023/06/29,18.87,19.69,18.83,19.28,118659133,2368518144.00
2023/06/30,19.09,19.43,18.84,19.32,70161317,1391483776.00
2023/07/03,19.40,19.45,18.21,18.88,80071107,1555347584.00
2023/07/04,18.81,19.39,18.46,19.22,64003706,1257300736.00
2023/07/05,19.06,19.76,18.90,19.13,71289430,1428725760.00
2023/07/06,19.08,20.01,19.01,19.78,95651120,1951521664.00
2023/07/07,19.41,19.73,18.83,19.04,64312572,1277513216.00
2023/07/10,18.94,19.18,18.49,18.61,37356712,724329536.00
2023/07/11,18.69,20.41,18.68,20.22,114300233,2339177984.00
2023/07/12,20.21,20.58,19.56,19.76,78614688,1631631104.00
2023/07/13,20.08,21.50,19.73,21.33,135592527,2920711680.00
2023/07/14,21.44,21.67,21.13,21.22,102617121,2257950976.00
2023/07/17,21.04,21.41,20.81,21.22,69765059,1520221312.00
2023/07/18,21.17,22.01,20.68,20.68,102553595,2257799680.00
2023/07/19,20.49,20.99,20.23,20.49,57732044,1226661248.00
2023/07/20,20.32,20.34,19.03,19.13,75433227,1524608640.00
2023/07/21,19.06,19.44,18.71,18.83,43077178,847961792.00
2023/07/24,18.72,19.32,18.72,18.83,41550946,818388032.00
2023/07/25,19.13,19.24,18.39,19.02,56983374,1112635264.00
2023/07/26,18.98,18.98,18.16,18.84,43162843,827497536.00
2023/07/27,18.81,19.38,18.59,19.04,46398689,907116224.00
2023/07/28,19.24,19.62,19.06,19.24,51693935,1027079744.00
2023/07/31,18.76,19.31,18.21,18.92,48866252,949309248.00
2023/08/01,18.89,19.42,18.52,19.15,48698855,951823488.00
2023/08/02,18.80,18.93,18.26,18.37,61000266,1164707200.00
2023/08/03,18.17,18.45,17.87,18.02,35877647,669472320.00
2023/08/04,17.87,18.31,17.84,18.17,43424713,807626816.00
2023/08/07,18.10,18.42,18.06,18.28,29182933,549038848.00
2023/08/08,18.36,18.46,18.12,18.26,23918510,451231936.00
2023/08/09,18.08,18.17,17.45,17.47,41343857,753202752.00
2023/08/10,17.39,17.74,17.31,17.52,20806755,376452768.00
2023/08/11,17.54,17.61,16.98,17.04,29901709,530616768.00
2023/08/14,16.66,17.05,16.51,17.02,23190536,401916544.00
2023/08/15,17.19,17.34,16.71,16.80,24283813,426055552.00
2023/08/16,16.74,16.81,16.31,16.33,30733533,523167520.00
2023/08/17,16.20,16.53,16.07,16.37,25396950,428529280.00
2023/08/18,16.34,16.94,16.19,16.19,33996922,582548416.00
2023/08/21,16.14,16.41,16.05,16.07,20501235,343455744.00
2023/08/22,16.20,16.39,15.82,16.37,29058144,483837504.00
2023/08/23,16.26,16.26,15.79,15.81,22467226,370076960.00
2023/08/24,16.03,16.86,15.83,16.47,46225421,782067264.00
2023/08/25,16.16,16.16,15.50,15.61,37160196,605059712.00
2023/08/28,16.52,16.66,15.68,15.75,35114579,584531264.00
2023/08/29,15.76,16.63,15.60,16.59,49629523,835973120.00
2023/08/30,16.80,17.74,16.80,17.38,72096094,1288865024.00
2023/08/31,17.16,17.68,17.13,17.32,44987373,807377600.00
2023/09/01,17.64,17.89,17.36,17.42,42018593,763568064.00
2023/09/04,17.44,17.93,17.36,17.93,44222932,804336512.00
2023/09/05,17.82,18.34,17.71,17.87,52455064,973151296.00
2023/09/06,17.86,18.15,17.76,18.07,37088994,685668096.00
2023/09/07,17.91,18.28,17.67,17.69,49578279,916416960.00
2023/09/08,17.46,17.88,17.44,17.72,26387724,482105856.00
2023/09/11,17.81,18.11,17.46,17.86,27632564,506707040.00
2023/09/12,17.94,18.18,17.81,17.85,21959745,406164128.00
2023/09/13,17.85,18.06,17.37,17.59,27123092,494811488.00
2023/09/14,17.56,17.63,17.23,17.38,20409665,366117888.00
2023/09/15,17.44,17.70,17.16,17.36,23686694,424952992.00
2023/09/18,17.06,17.34,16.95,17.07,19614756,346563008.00
2023/09/19,17.08,17.31,16.70,17.12,25168014,442767648.00
2023/09/20,16.92,17.63,16.91,16.99,30183933,537594432.00
2023/09/21,16.84,17.19,16.76,16.99,21110530,370402304.00
2023/09/22,16.91,17.42,16.91,17.41,32471658,578074368.00
2023/09/25,17.38,17.44,16.67,16.74,36321239,630840640.00
2023/09/26,16.71,16.96,16.59,16.74,22773050,394249248.00
2023/09/27,16.64,16.75,16.37,16.40,28736473,490161024.00
2023/09/28,16.52,16.90,16.48,16.67,24373908,419449600.00
2023/10/09,16.67,17.51,16.67,17.23,38754313,686363648.00
2023/10/10,17.17,17.51,17.08,17.35,33695140,600857152.00
2023/10/11,17.46,17.64,17.18,17.34,27567982,494356416.00
2023/10/12,17.44,17.46,17.11,17.19,24167242,429425472.00
2023/10/13,17.13,18.12,17.02,17.68,57221346,1045884672.00
2023/10/16,17.55,17.66,16.68,16.82,36120739,632522240.00
2023/10/17,16.83,16.93,16.38,16.66,19964041,342456960.00
2023/10/18,16.50,16.61,16.06,16.17,18343744,308799424.00
2023/10/19,16.07,16.63,16.06,16.12,20448252,345744736.00
2023/10/20,16.03,16.25,15.50,15.54,20340208,331589472.00
2023/10/23,15.51,15.51,14.74,14.84,22444081,348598976.00
2023/10/24,14.94,15.64,14.91,15.43,24183368,383157664.00
2023/10/25,15.50,15.56,15.16,15.19,21615478,342153920.00
2023/10/26,15.01,15.09,14.66,14.91,29034100,446755360.00
2023/10/27,14.92,15.06,14.36,14.65,44730742,676568960.00
2023/10/30,14.62,15.12,14.26,15.08,51907911,791301824.00
2023/10/31,16.64,16.64,16.64,16.64,20222733,347426560.00
2023/11/01,16.91,17.14,16.11,16.23,118071797,2018540160.00
2023/11/02,16.09,16.26,15.40,15.57,74799910,1218919296.00
2023/11/03,15.37,16.31,15.33,16.22,73804288,1213152384.00
2023/11/06,16.28,16.79,16.08,16.68,75071137,1280722688.00
2023/11/07,16.47,17.30,16.42,17.16,71795763,1255516160.00
2023/11/08,17.06,17.30,16.87,16.95,52486938,923545984.00
2023/11/09,16.88,17.17,16.62,16.75,34197870,595372416.00
2023/11/10,16.69,17.44,16.62,16.93,49338626,866295232.00
2023/11/13,17.07,17.24,16.89,17.02,39203374,689315456.00
2023/11/14,16.96,17.66,16.94,17.22,53180800,951361408.00
2023/11/15,17.57,18.06,17.28,17.50,75366832,1374841856.00
2023/11/16,17.11,17.44,16.97,16.97,41350273,731391168.00
2023/11/17,16.86,17.41,16.84,17.34,41760209,740450368.00
2023/11/20,17.74,18.03,17.34,17.65,74792965,1362797952.00
2023/11/21,17.46,17.54,16.78,16.85,60312982,1064621824.00
2023/11/22,16.74,17.08,16.58,16.64,37534663,650034688.00
2023/11/23,16.56,16.66,16.20,16.64,31162766,528989504.00
2023/11/24,16.58,16.58,15.96,16.01,30449725,507139808.00
2023/11/27,15.86,16.29,15.86,16.18,24792075,412980320.00
2023/11/28,16.16,16.37,16.07,16.23,21565261,361452480.00
2023/11/29,16.96,17.91,16.93,17.04,111623477,1999641088.00
2023/11/30,16.85,16.93,16.21,16.56,58355921,995350912.00
2023/12/01,16.46,16.62,16.02,16.51,41429079,697622016.00
2023/12/04,16.45,17.26,16.26,17.00,56584815,984819840.00
2023/12/05,16.82,16.83,16.16,16.17,38890028,658795712.00
2023/12/06,16.10,16.23,15.87,16.11,27548634,457075264.00
2023/12/07,16.06,16.29,15.96,16.19,22362933,373082496.00
2023/12/08,16.15,16.89,16.12,16.58,49939113,856637952.00
2023/12/11,16.44,16.74,16.18,16.66,36551593,619509248.00
2023/12/12,16.62,16.93,16.42,16.62,32875242,565837056.00
2023/12/13,16.56,16.56,16.33,16.36,21292345,361289696.00
2023/12/14,16.53,16.60,16.11,16.17,24505631,413293856.00
2023/12/15,16.21,16.39,16.02,16.22,21762239,364493984.00
2023/12/18,16.06,16.11,15.38,15.53,35411881,576661248.00
2023/12/19,15.41,15.73,15.38,15.58,20578803,330760896.00
2023/12/20,15.67,15.68,15.31,15.34,17035488,272089056.00
2023/12/21,15.32,15.62,15.23,15.46,20338625,325234208.00
2023/12/22,15.56,15.61,15.02,15.13,23253006,368705184.00
2023/12/25,15.05,15.35,14.99,15.29,13835066,218728192.00
2023/12/26,15.30,15.30,14.69,14.76,18716005,288633408.00
2023/12/27,14.76,15.21,14.76,15.18,20238618,315864896.00
2023/12/28,15.12,15.49,15.01,15.38,24012802,380257248.00
2023/12/29,15.38,15.68,15.32,15.67,22903798,369572928.00
2024/01/02,15.62,15.63,15.17,15.27,21544498,341978144.00
2024/01/03,15.16,15.17,14.81,14.99,20487106,318004320.00
2024/01/04,14.99,14.99,14.67,14.73,14877593,227655984.00
2024/01/05,14.69,14.75,14.24,14.32,19527907,292884832.00
2024/01/08,14.24,14.24,13.66,13.67,24909180,358319040.00
2024/01/09,13.71,13.84,13.47,13.57,25144859,357048608.00
2024/01/10,13.51,13.81,13.23,13.59,24291742,342166176.00
2024/01/11,13.57,13.81,13.51,13.72,22297079,317341952.00
2024/01/12,13.71,13.71,13.26,13.30,23832863,333478624.00
2024/01/15,13.22,13.53,13.12,13.32,20013139,277887776.00
2024/01/16,12.86,13.02,12.37,12.67,52221766,687442432.00
2024/01/17,12.69,12.86,12.38,12.38,28464029,375645632.00
2024/01/18,12.37,12.46,11.99,12.40,25261204,321628032.00
2024/01/19,12.49,12.65,12.34,12.35,19386099,252209312.00
2024/01/22,12.36,12.39,11.56,11.66,24990621,313764928.00
2024/01/23,11.72,12.10,11.54,11.98,25971827,322352320.00
2024/01/24,12.02,12.20,11.57,12.09,23688701,294766176.00
2024/01/25,12.11,12.83,11.97,12.81,38582555,505248160.00
2024/01/26,12.72,12.89,12.62,12.66,24857898,329658752.00
2024/01/29,12.65,12.78,12.20,12.28,21912184,283395648.00
2024/01/30,12.28,12.51,11.96,12.01,21002245,268706912.00
2024/01/31,11.89,12.09,11.32,11.34,25976305,315819552.00
2024/02/01,11.26,11.69,11.10,11.33,23381005,278978272.00
2024/02/02,11.36,11.57,10.38,10.76,25883312,297522880.00
2024/02/05,10.63,10.71,9.64,9.93,38400202,409347584.00
2024/02/06,9.74,10.95,9.74,10.86,40774496,447890208.00
2024/02/07,10.90,11.66,10.81,11.50,44874978,534777856.00
2024/02/08,11.71,12.38,11.66,11.97,48200707,607469760.00
2024/02/19,12.48,12.55,12.12,12.40,39627385,510477504.00
2024/02/20,12.25,12.75,12.01,12.64,40848351,529474080.00
2024/02/21,12.39,12.84,12.27,12.48,44896426,588859904.00
2024/02/22,12.47,13.03,12.42,12.97,47051617,629305408.00
2024/02/23,13.14,13.57,13.06,13.33,54169506,750553344.00
2024/02/26,13.26,13.54,13.13,13.23,48820596,675367808.00
2024/02/27,13.14,13.96,13.10,13.94,54723680,775265728.00
2024/02/28,13.92,14.04,12.88,12.92,59334587,835379840.00
2024/02/29,12.84,13.83,12.84,13.74,57621257,811255488.00
2024/03/01,13.68,14.41,13.67,14.40,67964989,1001621824.00
2024/03/04,14.56,14.91,14.13,14.60,77263218,1165697792.00
2024/03/05,14.26,14.51,14.05,14.14,61182186,908301184.00
2024/03/06,13.96,14.48,13.90,14.24,47713919,702215808.00
2024/03/07,14.49,14.56,13.91,13.91,44992333,664351808.00
2024/03/08,13.91,14.45,13.81,14.41,51558988,761534464.00
2024/03/11,14.17,14.76,14.07,14.60,53541636,804312896.00
2024/03/12,14.56,14.94,14.36,14.55,52114543,789317376.00
2024/03/13,14.77,14.89,14.48,14.61,54528420,828826432.00
2024/03/14,14.47,14.58,14.09,14.29,39022060,580856960.00
2024/03/15,14.30,14.49,14.07,14.45,35709492,530483200.00
2024/03/18,14.48,14.64,14.37,14.63,40282194,606358144.00
2024/03/19,14.57,14.65,14.38,14.39,34885216,524609344.00
2024/03/20,14.36,14.76,14.32,14.54,33180166,500383136.00
2024/03/21,14.84,15.14,14.55,14.60,57469121,882222592.00
2024/03/22,14.54,15.10,14.29,14.38,49123228,743811136.00
2024/03/25,14.34,14.41,13.71,13.73,44372350,648718528.00
2024/03/26,13.70,14.19,13.62,13.73,36759281,530537024.00
2024/03/27,13.66,13.69,12.81,12.85,35509549,487217696.00
2024/03/28,12.74,13.39,12.72,13.19,33693063,460757600.00
2024/03/29,13.13,13.24,12.84,13.24,23924005,324936672.00
2024/04/01,13.25,13.58,13.25,13.49,25589980,357835552.00
2024/04/02,13.56,13.61,12.96,13.07,38644815,529123968.00
2024/04/03,13.04,13.06,12.65,12.86,26738999,358343744.00
2024/04/08,12.75,12.93,12.59,12.62,23132164,307884928.00
2024/04/09,12.61,12.72,12.46,12.72,20480996,269330560.00
2024/04/10,12.66,12.68,12.22,12.36,24029574,310826048.00
2024/04/11,12.56,13.22,12.51,12.89,60288761,815319040.00
2024/04/12,12.94,13.21,12.89,12.92,39182668,532759392.00
2024/04/15,12.82,13.15,12.64,12.94,40147339,538892800.00
2024/04/16,12.75,12.90,12.14,12.16,36324986,472785120.00
2024/04/17,12.37,13.13,12.36,13.13,43355372,580293696.00
2024/04/18,12.97,13.12,12.82,12.91,33898641,457599488.00
2024/04/19,12.79,12.88,12.42,12.52,29420065,386587424.00
2024/04/22,12.19,12.52,11.99,12.40,25516475,328058912.00
2024/04/23,12.48,12.63,12.34,12.42,21025515,273338144.00
2024/04/24,12.52,12.98,12.47,12.97,33240458,441943616.00
2024/04/25,12.87,13.20,12.81,12.94,24275160,328114560.00
2024/04/26,12.88,13.31,12.88,13.28,35645710,489661408.00
2024/04/29,13.35,13.63,13.26,13.57,36089887,505475104.00
2024/04/30,13.50,13.54,13.18,13.32,33536611,465162272.00
2024/05/06,13.55,13.68,13.40,13.50,33372079,468613600.00
2024/05/07,13.45,13.61,13.33,13.42,26753598,374266688.00
2024/05/08,13.35,13.40,12.99,13.03,24433725,334639744.00
2024/05/09,13.02,13.38,13.01,13.27,24499022,337043264.00
2024/05/10,13.32,13.35,13.09,13.15,20134470,276183392.00
2024/05/13,13.04,13.15,12.77,12.97,23006901,311206784.00
2024/05/14,13.01,13.23,12.86,12.86,19891363,268523072.00
2024/05/15,12.86,12.97,12.64,12.66,20432100,271763872.00
2024/05/16,12.78,13.14,12.66,12.69,28483734,381485088.00
2024/05/17,12.66,12.83,12.52,12.82,19663112,259890064.00
2024/05/20,12.77,13.04,12.69,12.98,23222897,313014560.00
2024/05/21,12.96,13.16,12.92,12.99,22908948,310918272.00
2024/05/22,12.98,13.00,12.82,12.98,20858100,280441856.00
2024/05/23,12.99,13.01,12.52,12.56,27588785,364939040.00
2024/05/24,12.49,12.62,12.21,12.22,23451918,303128384.00
2024/05/27,12.30,12.47,11.92,12.47,26091000,331169664.00
2024/05/28,12.53,12.81,12.34,12.51,29432806,386805408.00
2024/05/29,12.43,12.58,12.35,12.40,17431202,226424992.00
2024/05/30,12.31,12.78,12.19,12.65,29022067,381146784.00
2024/05/31,12.59,12.91,12.59,12.66,34867550,463213312.00
2024/06/03,12.75,13.03,12.66,12.81,43420336,581932288.00
2024/06/04,12.75,12.75,12.41,12.69,34085354,446047552.00
2024/06/05,12.61,13.52,12.58,13.06,78953727,1081888000.00
2024/06/06,13.18,13.56,13.02,13.32,101512276,1404186624.00
2024/06/07,13.21,14.21,13.10,14.17,136281905,1946307200.00
2024/06/11,14.66,15.56,14.17,14.96,190721402,2918867968.00
2024/06/12,14.57,15.41,14.51,15.31,158806110,2467248640.00
2024/06/13,15.26,15.34,14.82,14.89,128226269,2001999232.00
2024/06/14,14.77,15.11,14.50,14.93,96360125,1477558784.00
2024/06/17,14.74,15.77,14.66,15.77,133422684,2107254144.00
2024/06/18,15.61,15.81,15.36,15.51,106760121,1716583424.00
2024/06/19,15.64,15.76,15.19,15.59,116780021,1877207168.00
2024/06/20,15.46,15.55,14.87,15.06,86676205,1369144320.00
2024/06/21,14.69,14.89,14.51,14.74,64313795,980379072.00
2024/06/24,14.57,14.84,14.19,14.26,65323401,983979584.00
2024/06/25,14.28,14.38,13.60,13.75,68793300,994702208.00
2024/06/26,13.76,14.25,13.60,14.18,59299518,858693312.00
2024/06/27,14.00,14.75,13.97,14.22,85255666,1264101504.00
2024/06/28,14.08,15.02,14.07,14.71,94542693,1434130816.00
2024/07/01,14.59,14.73,14.17,14.57,64370284,957456384.00
2024/07/02,14.53,14.59,14.16,14.24,42646880,629645760.00
2024/07/03,14.23,14.50,13.98,14.34,49533218,728169216.00
2024/07/04,14.25,14.35,13.80,13.80,45523495,657856960.00
2024/07/05,13.86,13.96,13.55,13.84,37354618,529353568.00
2024/07/08,13.79,14.13,13.62,13.73,42063610,603092736.00
2024/07/09,13.64,14.66,13.61,14.60,78288346,1149457152.00
2024/07/10,14.50,14.66,14.41,14.47,49329414,737296256.00
2024/07/11,14.71,14.94,14.41,14.90,76484781,1156838016.00
2024/07/12,14.64,14.81,14.47,14.70,44787301,674037888.00
2024/07/15,14.71,14.80,14.42,14.50,38925600,583150592.00
2024/07/16,14.39,14.84,14.19,14.77,57086200,854331968.00
2024/07/17,14.72,14.78,14.19,14.19,46984731,699647104.00
2024/07/18,13.85,14.18,13.57,14.17,57055484,815034816.00
2024/07/19,14.08,14.76,14.01,14.57,62992670,939180032.00
2024/07/22,14.56,14.71,14.46,14.60,44381159,665659904.00
2024/07/23,14.54,14.58,13.89,13.89,44885319,655238400.00
2024/07/24,13.87,14.19,13.80,13.86,35504800,511046432.00
2024/07/25,13.68,13.76,13.26,13.29,46229861,642920064.00
2024/07/26,13.30,13.53,13.09,13.39,33872574,465267072.00
2024/07/29,13.44,13.59,13.29,13.40,24233800,335735200.00
2024/07/30,13.30,13.42,13.03,13.41,26807873,365678816.00
2024/07/31,13.34,14.01,13.31,13.98,44408451,630540224.00
2024/08/01,14.05,14.29,13.95,14.14,40315928,586201088.00
2024/08/02,13.90,14.05,13.52,13.55,35802490,508592576.00
2024/08/05,13.34,13.56,12.72,12.72,45746671,617795520.00
2024/08/06,12.95,13.04,12.76,12.93,24356409,323689952.00
2024/08/07,12.89,13.14,12.80,12.94,21784597,292255392.00
2024/08/08,12.84,13.09,12.65,12.92,24925590,330952576.00
2024/08/09,13.08,13.17,12.91,12.91,21012900,282644416.00
2024/08/12,12.84,12.98,12.71,12.78,15076800,199572032.00
2024/08/13,12.78,13.03,12.78,13.03,17594170,233939088.00
2024/08/14,13.06,13.09,12.83,12.86,16100900,214679136.00
2024/08/15,12.79,13.17,12.74,13.01,23693631,317977184.00
2024/08/16,12.99,13.16,12.97,13.02,20705833,279146656.00
2024/08/19,12.98,13.22,12.89,13.04,20235423,272996864.00
2024/08/20,12.96,13.02,12.62,12.67,22872280,301465664.00
2024/08/21,12.58,12.87,12.56,12.67,17908863,235538688.00
2024/08/22,12.65,12.70,12.27,12.34,24235765,311361280.00
2024/08/23,12.21,12.48,12.18,12.40,15675976,199937296.00
2024/08/26,12.43,12.49,12.31,12.38,13923499,178313168.00
2024/08/27,12.29,12.29,11.89,11.91,18833500,234246544.00
2024/08/28,11.89,11.99,11.79,11.86,12392115,152111584.00
2024/08/29,11.77,12.17,11.72,12.07,16935000,209944976.00
2024/08/30,12.37,13.32,12.29,13.32,46535635,627698048.00
2024/09/02,13.58,13.61,13.28,13.28,81678851,1130737408.00
2024/09/03,13.05,13.43,13.04,13.40,43776847,599834688.00
2024/09/04,13.23,13.30,13.00,13.12,28713712,389016032.00
2024/09/05,13.17,13.24,12.95,13.09,22815500,308016928.00
2024/09/06,13.10,13.10,12.71,12.74,24115600,320772448.00
2024/09/09,12.62,12.96,12.59,12.69,20304617,267772960.00
2024/09/10,12.69,13.04,12.52,12.96,28355351,374726784.00
2024/09/11,12.87,12.96,12.69,12.80,17467600,230875008.00
2024/09/12,12.89,12.95,12.65,12.69,17526855,231771424.00
2024/09/13,12.64,12.76,12.46,12.47,17539340,228281536.00
2024/09/18,12.45,12.61,12.28,12.54,16308700,209808864.00
2024/09/19,12.57,12.87,12.44,12.71,26439747,346245664.00
2024/09/20,12.72,12.84,12.60,12.77,21730390,285797216.00
2024/09/23,12.79,13.00,12.66,12.75,25121901,332915488.00
2024/09/24,12.81,13.25,12.68,13.25,46011815,618536640.00
2024/09/25,13.32,13.66,13.19,13.21,52269959,722871232.00
2024/09/26,13.19,13.73,13.15,13.72,47373616,657856704.00
2024/09/27,13.94,14.71,13.86,14.64,74144691,1090594560.00
2024/09/30,15.29,16.14,14.99,16.12,106300522,1708921088.00
2024/10/08,17.77,17.77,16.81,17.77,124970876,2249598464.00
2024/10/09,17.59,18.08,16.49,16.74,128522075,2277730560.00
2024/10/10,16.84,17.34,16.01,16.42,89995669,1531423616.00
2024/10/11,16.19,16.48,15.01,15.28,73749671,1179931520.00
2024/10/14,15.32,15.87,15.01,15.86,59549365,946992896.00
2024/10/15,15.79,16.16,15.37,15.40,64077021,1038487296.00
2024/10/16,15.05,15.47,14.99,15.19,42130541,658020672.00
2024/10/17,15.56,15.73,15.34,15.36,53036354,845655616.00
2024/10/18,15.34,16.65,15.34,16.21,91876789,1506421632.00
2024/10/21,16.60,17.37,16.29,17.11,118652867,2066909952.00
2024/10/22,17.59,17.59,16.85,17.04,96225830,1692681216.00
2024/10/23,16.85,17.87,16.81,17.12,89630017,1591406208.00
2024/10/24,16.85,17.09,16.59,16.85,52812170,909067008.00
2024/10/25,17.54,18.58,17.31,18.58,170169202,3130605056.00
2024/10/28,19.59,20.48,19.39,20.48,280424294,5749532160.00
2024/10/29,20.59,21.67,19.78,20.17,313395562,6614054912.00
2024/10/30,20.11,22.23,19.74,22.23,272452164,5879447552.00
2024/10/31,22.54,24.49,21.67,23.21,307327499,7305305088.00
2024/11/01,22.73,23.19,20.85,20.85,183222556,4018399744.00
2024/11/04,19.15,20.20,19.15,19.79,168299467,3389815808.00
2024/11/05,19.63,20.71,19.63,20.32,158620942,3269730560.00
2024/11/06,20.32,20.74,20.00,20.24,144187194,2993448192.00
2024/11/07,19.89,20.66,19.79,20.44,104815067,2167944192.00
2024/11/08,20.60,21.67,20.60,20.87,144517087,3115172352.00
2024/11/11,21.14,23.00,21.00,23.00,167806212,3738158336.00
2024/11/12,23.09,23.09,21.69,22.06,147720547,3340108032.00
2024/11/13,21.85,22.27,21.06,21.53,92183978,2017898240.00
2024/11/14,21.28,21.79,20.47,20.59,87716770,1890349696.00
2024/11/15,20.39,21.08,19.91,19.94,77462167,1623702528.00
2024/11/18,20.31,20.46,19.29,19.52,79806914,1610372736.00
2024/11/19,19.41,19.95,19.11,19.91,71815629,1432655488.00
2024/11/20,19.79,20.17,19.52,19.92,64299129,1301123712.00
2024/11/21,19.81,21.36,19.61,20.74,108928511,2270259456.00
2024/11/22,20.55,20.58,19.21,19.31,83593020,1702889728.00
2024/11/25,19.09,19.44,18.29,18.73,68133034,1300500096.00
2024/11/26,18.59,18.92,18.52,18.52,40373437,772127872.00
2024/11/27,18.35,18.98,18.07,18.96,51401616,973604352.00
2024/11/28,19.29,20.52,19.15,19.70,109242546,2222854400.00
2024/11/29,19.34,20.04,19.01,19.75,87659606,1745187712.00
2024/12/02,19.77,20.47,19.59,20.28,82796312,1695308160.00
2024/12/03,20.32,20.44,19.61,19.82,60361610,1225945600.00
2024/12/04,20.06,20.24,19.49,19.60,56134443,1140395520.00
2024/12/05,19.39,19.79,19.30,19.67,38568390,772866624.00
2024/12/06,19.57,20.04,19.35,19.79,48938000,984081728.00
2024/12/09,19.85,20.01,19.34,19.50,39902200,798466368.00
2024/12/10,20.09,20.19,19.59,19.62,60665097,1233536512.00
2024/12/11,19.48,19.83,19.44,19.59,38277994,766793216.00
2024/12/12,19.59,19.89,19.24,19.68,50967870,1016898240.00
2024/12/13,19.49,19.64,19.13,19.30,45886292,908393344.00
2024/12/16,19.27,19.34,18.72,18.83,35159565,680629056.00
2024/12/17,18.72,18.99,18.51,18.53,30883078,591543616.00
2024/12/18,18.60,19.23,18.45,19.03,43338183,838621440.00
2024/12/19,18.75,19.66,18.67,19.59,60559548,1195437568.00
2024/12/20,19.49,20.14,19.29,19.82,77934005,1575558400.00
2024/12/23,20.47,21.27,19.79,19.86,119985436,2509185536.00
2024/12/24,19.90,20.09,19.25,19.87,73533552,1473577216.00
2024/12/25,19.85,20.01,19.25,19.35,49677566,992959296.00
2024/12/26,19.21,20.23,19.18,20.11,80617525,1640727424.00
2024/12/27,19.99,20.67,19.90,20.25,95600939,1985322752.00
2024/12/30,20.12,20.38,19.77,20.07,52467072,1074829568.00
2024/12/31,20.06,20.07,18.59,18.65,74111263,1455103616.00
2025/01/02,18.62,18.66,17.46,17.74,60318610,1113287936.00
2025/01/03,17.79,17.90,17.09,17.10,46006347,822879680.00
2025/01/06,17.06,17.30,16.80,17.01,30090966,524541376.00
2025/01/07,17.10,17.44,16.97,17.42,37186445,655502336.00
2025/01/08,17.25,17.51,16.52,17.21,44330600,773814464.00
2025/01/09,17.09,17.77,17.09,17.46,42315366,758428544.00
2025/01/10,17.39,17.92,17.08,17.08,41871400,751719680.00
2025/01/13,16.69,17.14,16.53,16.97,27391847,473193088.00
2025/01/14,17.10,18.02,16.93,17.99,48855138,881103360.00
2025/01/15,17.91,18.05,17.69,17.73,31419000,572728896.00
2025/01/16,17.93,18.16,17.49,17.69,33532828,610259456.00
2025/01/17,17.60,18.06,17.50,17.88,39192662,714994880.00
2025/01/20,18.19,19.71,18.01,19.37,151232708,2952619008.00
2025/01/21,19.24,19.38,18.82,19.31,104939826,2045921152.00
2025/01/22,19.32,19.64,19.19,19.45,80956073,1606094848.00
2025/01/23,19.62,20.01,19.07,19.07,72589232,1446954368.00
2025/01/24,18.92,19.34,18.89,19.29,50756454,992845120.00
2025/01/27,19.34,19.38,18.69,18.69,41679251,809174400.00
2025/02/05,19.04,19.32,18.82,18.99,43287928,842465792.00
2025/02/06,18.88,19.79,18.84,19.77,72501377,1444804096.00
2025/02/07,19.68,20.14,19.39,19.74,94420368,1906566016.00
2025/02/10,19.72,20.22,19.71,20.12,80359293,1638525184.00
2025/02/11,19.97,19.99,19.62,19.69,53642364,1082734080.00
2025/02/12,19.60,20.17,19.58,20.17,68764308,1399206784.00
2025/02/13,20.09,20.09,19.49,19.57,57527658,1157043968.00
2025/02/14,19.50,19.80,19.25,19.72,45805297,915433216.00
2025/02/17,19.84,20.33,19.69,20.14,86683051,1772317952.00
2025/02/18,19.97,20.12,19.25,19.31,62292400,1250641408.00
2025/02/19,19.34,20.56,19.34,20.50,127337064,2626035456.00
2025/02/20,20.46,20.68,20.12,20.38,77146272,1600984576.00
2025/02/21,20.35,21.01,20.09,20.94,125000086,2627686656.00
2025/02/24,21.11,21.14,20.52,20.81,94618249,2013115776.00
2025/02/25,20.12,20.66,20.10,20.24,72403748,1501868032.00
2025/02/26,20.29,20.86,19.95,20.72,85013110,1774155520.00
2025/02/27,20.95,21.74,20.21,20.84,105032588,2236320256.00
2025/02/28,20.54,20.79,19.61,19.63,88877373,1821579648.00
2025/03/03,19.90,20.84,19.39,19.89,81244755,1659072512.00
2025/03/04,19.60,20.68,19.49,20.28,77338282,1582972544.00
2025/03/05,20.19,20.35,19.73,19.86,54640496,1112910848.00
2025/03/06,20.09,20.43,20.02,20.19,71520726,1477011840.00
2025/03/07,20.00,20.12,19.55,19.67,62115182,1255779712.00
2025/03/10,19.65,19.74,19.33,19.48,41070056,817323712.00
2025/03/11,19.11,19.46,19.07,19.36,33133398,652324160.00
2025/03/12,19.44,20.36,19.41,19.81,67909836,1377303296.00
2025/03/13,19.82,19.82,19.01,19.26,50125870,990983488.00
2025/03/14,19.21,19.71,19.14,19.69,44638185,891812992.00
2025/03/17,19.87,20.34,19.76,20.08,58725797,1206108928.00
2025/03/18,20.17,20.46,19.99,20.24,53339125,1101680256.00
2025/03/19,20.06,20.14,19.71,19.78,38966973,789639872.00
2025/03/20,19.76,19.90,19.46,19.48,35739409,717939008.00
2025/03/21,19.42,19.55,19.05,19.13,35613249,700950016.00
2025/03/24,19.18,19.22,18.62,19.13,29896254,578897344.00
2025/03/25,19.06,19.14,18.79,18.86,17765581,343542048.00
2025/03/26,18.99,19.67,18.99,19.10,24179959,474246112.00
2025/03/27,19.06,19.46,18.82,19.31,28349659,555683840.00
2025/03/28,19.29,19.29,18.66,18.66,31345900,604784960.00
2025/03/31,18.47,18.57,17.99,18.22,29489929,549344064.00
2025/04/01,18.29,18.43,18.21,18.21,16884700,315885280.00
2025/04/02,18.21,18.42,18.20,18.25,11282156,210957472.00
2025/04/03,18.06,18.39,17.99,18.09,16982743,315266624.00
2025/04/07,16.69,17.00,16.24,16.24,28390579,478428672.00
2025/04/08,15.79,16.22,14.90,15.54,47231906,753513792.00
2025/04/09,15.16,16.29,14.52,16.14,51499984,828019520.00
2025/04/10,16.45,16.81,16.27,16.29,44686215,758246464.00
2025/04/11,15.96,17.07,15.92,16.76,50125935,857130368.00
2025/04/14,17.11,17.33,16.89,17.14,39293260,688577472.00
2025/04/15,17.03,17.09,16.79,16.88,20093555,347525920.00
2025/04/16,16.77,16.87,16.41,16.63,22233282,378880320.00
2025/04/17,16.51,16.86,16.49,16.58,16379511,280529088.00
2025/04/18,16.51,16.73,16.50,16.66,12767750,217258144.00
2025/04/21,16.67,17.11,16.52,17.06,19826153,343072224.00
2025/04/22,16.97,17.08,16.89,16.95,14681164,255249008.00
2025/04/23,16.99,17.26,16.99,17.18,22081100,387616032.00
2025/04/24,17.12,17.22,16.83,16.92,17352590,302394720.00
2025/04/25,17.09,17.31,16.94,17.09,21447343,376174656.00
2025/04/28,17.09,17.17,16.91,16.93,14014276,244344256.00
2025/04/29,16.87,17.16,16.79,17.11,14851200,259487680.00
2025/04/30,17.23,17.64,17.13,17.46,27402187,489599328.00
2025/05/06,17.62,18.16,17.60,18.09,35913666,659628608.00
2025/05/07,18.31,18.39,17.84,18.00,28704555,530501088.00
2025/05/08,17.89,18.12,17.89,18.06,20347900,375562336.00
2025/05/09,17.98,17.98,17.66,17.77,16562627,301738400.00
2025/05/12,17.94,18.06,17.91,18.04,16665175,306751392.00
2025/05/13,18.23,18.28,17.86,17.89,16615431,306275104.00
2025/05/14,17.87,18.04,17.75,17.93,16819908,307992576.00
2025/05/15,17.85,17.91,17.45,17.49,17302900,311513664.00
2025/05/16,17.50,17.62,17.46,17.47,10804600,193906784.00
2025/05/19,17.48,17.57,17.27,17.49,11679019,208556160.00
2025/05/20,17.50,17.74,17.39,17.63,14674949,264399648.00
2025/05/21,17.54,17.58,17.42,17.49,11239863,201202880.00
2025/05/22,17.44,17.59,17.23,17.23,12422300,220812608.00
2025/05/23,17.21,17.37,16.97,16.98,13904991,244370272.00
2025/05/26,17.01,17.22,16.99,17.15,11156800,195642432.00
2025/05/27,17.09,17.14,16.88,16.93,10405428,180709440.00
2025/05/28,16.94,17.04,16.76,16.82,9705177,167733760.00
2025/05/29,16.84,17.33,16.84,17.30,20430533,359194880.00
2025/05/30,17.19,17.19,16.81,16.87,14885270,258081424.00
2025/06/03,16.79,16.98,16.75,16.82,10445300,180410352.00
2025/06/04,16.86,17.06,16.84,17.01,11641504,202555872.00
2025/06/05,17.02,17.34,16.85,17.28,19338256,340058240.00
2025/06/06,17.26,17.56,17.18,17.31,17423906,309004672.00
2025/06/09,17.28,17.47,17.26,17.39,15032382,267470016.00
2025/06/10,17.37,17.44,16.94,17.07,16142844,283494624.00
2025/06/11,17.30,17.37,17.11,17.12,17500289,305233440.00
2025/06/12,17.06,17.21,16.99,17.07,13180261,228118064.00
2025/06/13,16.94,17.07,16.64,16.81,20798470,354694464.00
2025/06/16,16.78,17.10,16.75,16.93,13350792,229665520.00
2025/06/17,16.94,17.04,16.87,16.96,11216468,192571072.00
2025/06/18,16.89,17.19,16.77,17.11,17328838,298523808.00
2025/06/19,17.03,17.19,16.76,16.82,16729314,288026592.00
2025/06/20,16.79,17.01,16.58,16.58,16398295,277925568.00
2025/06/23,16.47,17.08,16.40,16.98,20952240,357649504.00
2025/06/24,17.00,17.32,17.00,17.32,22370737,390470240.00
2025/06/25,17.33,18.04,17.32,17.88,51912328,929978624.00
2025/06/26,17.97,18.58,17.73,18.04,67191763,1234888064.00
2025/06/27,18.08,18.59,17.78,18.28,58739106,1084318464.00
2025/06/30,18.45,18.81,18.37,18.52,53573928,1006095808.00
2025/07/01,18.45,19.02,18.43,18.51,42898334,808868416.00
2025/07/02,18.45,18.45,17.97,18.07,33219814,609485184.00
2025/07/03,18.08,18.39,18.07,18.31,29944928,553700288.00
2025/07/04,18.24,18.28,17.76,17.93,37174550,675449472.00
2025/07/07,17.86,17.99,17.76,17.79,18652100,336506048.00
2025/07/08,18.49,19.14,18.08,18.64,91906825,1733795584.00
2025/07/09,18.47,18.56,18.19,18.27,48428823,899400128.00
2025/07/10,18.19,18.27,18.06,18.19,24913220,457797504.00
2025/07/11,18.19,18.43,18.04,18.28,32413002,599247744.00
2025/07/14,18.30,18.33,18.13,18.16,19733613,363536832.00
2025/07/15,18.18,18.42,18.08,18.36,36218419,669894912.00
2025/07/16,18.35,18.51,18.16,18.26,27972150,518808736.00
2025/07/17,18.17,18.65,18.11,18.64,41991266,784676672.00
2025/07/18,18.64,18.65,18.36,18.50,31410545,587308096.00
2025/07/21,18.39,18.53,18.36,18.51,26142271,487874048.00
2025/07/22,18.47,18.48,18.29,18.36,25979393,482784576.00
2025/07/23,18.34,18.44,18.21,18.21,22796302,422520960.00
2025/07/24,18.19,18.47,18.17,18.47,28274365,525574720.00
2025/07/25,18.47,18.60,18.32,18.58,31255239,584305728.00
2025/07/28,18.63,18.81,18.52,18.74,40122137,758431616.00
2025/07/29,18.64,18.86,18.54,18.86,33392179,631917824.00
2025/07/30,18.78,18.93,18.41,18.58,35349016,668203136.00
2025/07/31,18.49,18.88,18.26,18.36,42972357,810100288.00
2025/08/01,18.36,18.50,17.93,18.13,28442898,523204864.00
2025/08/04,18.03,18.29,17.98,18.29,18148221,333987392.00
2025/08/05,18.31,18.41,18.26,18.38,18458924,342777600.00
2025/08/06,18.31,18.52,18.23,18.49,25413631,472771392.00
2025/08/07,18.48,18.73,18.40,18.53,32640952,613307776.00
2025/08/08,18.44,18.46,18.24,18.27,22815792,422790272.00
2025/08/11,18.27,18.88,18.26,18.73,45465480,857917632.00
2025/08/12,18.88,19.28,18.77,19.18,68887837,1329349504.00
2025/08/13,19.18,19.19,18.99,19.15,45280816,874776512.00
2025/08/14,19.16,19.27,18.82,18.88,42315217,816318784.00
2025/08/15,18.83,19.16,18.82,19.06,37135899,716240896.00
2025/08/18,19.06,19.76,19.05,19.62,74913347,1476824960.00
2025/08/19,20.30,21.08,19.91,20.81,155870682,3220043520.00
2025/08/20,20.45,20.45,19.88,20.44,93612337,1909830144.00
2025/08/21,20.38,20.84,20.18,20.33,84186695,1740192512.00
2025/08/22,20.26,21.23,20.23,21.22,125142271,2638184960.00
2025/08/25,21.66,21.66,20.57,20.88,141979956,3006759168.00
2025/08/26,21.06,21.76,20.99,21.55,134728930,2908617216.00
2025/08/27,21.49,21.93,20.98,20.98,122754196,2671132928.00
2025/08/28,20.97,22.04,20.96,21.86,146007180,3189354496.00
2025/08/29,21.86,22.28,21.24,21.62,98844032,2159783424.00
2025/09/01,22.03,22.26,21.42,21.73,88762118,1952640512.00
2025/09/02,21.59,21.68,20.53,20.65,94756193,2004903936.00
2025/09/03,20.68,20.81,19.94,20.01,62875202,1294395008.00
2025/09/04,20.13,20.32,18.84,19.18,68479849,1353786368.00
2025/09/05,19.31,20.31,19.16,20.16,62978019,1257962240.00
2025/09/08,20.03,20.38,19.84,20.26,47906115,975266112.00
2025/09/09,20.13,20.23,19.63,19.77,41346277,830984576.00
2025/09/10,19.77,20.01,19.53,19.54,45442278,905811008.00
2025/09/11,19.66,20.58,19.53,20.55,89318119,1824420864.00
2025/09/12,20.39,22.45,20.31,21.58,141151163,3051629056.00
2025/09/15,22.00,22.12,21.35,21.66,98171929,2151853568.00
2025/09/16,21.61,21.84,21.30,21.72,60420368,1319252992.00
2025/09/17,21.73,21.88,21.35,21.47,59193997,1289681024.00
2025/09/18,21.48,22.67,21.38,21.70,143932254,3198960640.00
2025/09/19,21.78,22.54,21.60,21.99,106884086,2383690752.00
2025/09/22,22.33,23.45,22.16,23.10,137607693,3172562432.00
2025/09/23,23.06,23.06,21.91,22.51,112862362,2551410432.00
2025/09/24,22.37,24.78,22.18,24.78,136687425,3268717056.00
2025/09/25,24.78,25.36,24.40,24.63,225380539,5662116352.00
2025/09/26,24.59,25.38,24.17,24.24,153579395,3843019008.00
2025/09/29,24.89,25.76,24.89,25.12,145683134,3714161920.00
2025/09/30,26.53,27.65,26.51,27.65,71482870,1974743424.00
2025/10/09,30.44,30.44,29.58,30.44,176350941,5383959040.00
2025/10/10,29.67,32.72,27.99,31.50,385886082,11769973760.00
2025/10/13,29.83,32.97,29.83,31.17,308974793,9747026944.00
2025/10/14,31.28,32.12,28.38,28.63,271820585,8322068992.00
2025/10/15,29.28,29.72,27.78,29.28,182058455,5295809024.00
2025/10/16,29.26,30.71,28.70,30.22,216099262,6478169088.00
2025/10/17,29.23,29.70,27.18,27.18,201614632,5681892864.00
2025/10/20,27.76,27.90,26.68,27.02,143337569,3935454720.00
2025/10/21,27.22,28.74,26.98,28.11,152729372,4321763840.00
2025/10/22,27.74,28.02,27.08,27.61,87764965,2434166528.00
2025/10/23,28.28,28.28,27.05,27.74,125043543,3485301248.00
2025/10/24,28.28,29.88,28.23,29.42,173818663,5098227712.00
2025/10/27,30.28,30.66,29.01,29.88,193694722,5832238080.00
2025/10/28,29.08,29.98,28.88,29.24,125736096,3720362496.00
2025/10/29,29.12,29.94,28.94,29.59,127812274,3798508544.00
2025/10/30,30.18,30.45,28.88,28.94,131828819,3911793664.00
2025/10/31,28.38,28.51,26.98,27.08,140676363,3891878656.00
2025/11/03,26.78,27.21,25.49,26.93,135500095,3588340480.00
2025/11/04,27.25,27.71,26.54,26.75,87851621,2400095232.00
2025/11/05,25.79,26.32,25.38,26.18,92825530,2419538432.00
2025/11/06,26.69,26.86,26.10,26.72,81496838,2182833408.00
2025/11/07,26.29,26.70,26.08,26.36,55199047,1465201408.00
2025/11/10,26.59,27.95,26.46,27.62,137690539,3764640768.00
2025/11/11,27.60,27.73,26.19,26.27,111027253,3002996224.00
2025/11/12,26.01,26.37,25.22,25.78,76101461,1970944768.00
2025/11/13,25.78,26.79,25.61,25.94,100359255,2663587840.00
2025/11/14,25.28,25.38,24.50,24.52,95390811,2385875456.00
2025/11/17,24.58,25.06,24.19,24.34,59779652,1477465344.00
2025/11/18,24.20,24.47,23.94,24.11,47950047,1170209408.00
2025/11/19,24.02,24.14,23.50,23.68,48290675,1159088896.00
2025/11/20,24.05,24.17,23.37,23.38,39946314,953633600.00
2025/11/21,22.88,23.18,22.27,22.30,58816339,1343169920.00
2025/11/24,22.62,22.91,22.37,22.78,43717570,999463680.00
2025/11/25,23.17,23.53,23.06,23.16,58365501,1371691136.00
2025/11/26,22.93,23.49,22.88,23.18,42408040,994391488.00
2025/11/27,23.18,23.98,23.11,23.20,63466528,1508209792.00
2025/11/28,23.04,23.72,23.01,23.67,48238922,1143389056.00
2025/12/01,23.85,24.44,23.79,24.39,75087297,1835097856.00
2025/12/02,24.15,24.16,23.68,23.76,47828081,1151785856.00
2025/12/03,23.74,23.94,23.48,23.58,37134017,887924160.00
2025/12/04,23.45,23.77,23.19,23.70,32013438,759945216.00
2025/12/05,23.67,23.74,23.28,23.66,37321066,887342208.00
2025/12/08,23.81,24.57,23.81,24.37,63889550,1563063424.00
2025/12/09,24.27,24.60,24.09,24.27,48455232,1189927680.00
2025/12/10,24.09,24.13,23.46,24.02,54716609,1309824512.00
2025/12/11,24.18,24.21,23.55,23.56,35812557,860710080.00
2025/12/12,23.59,24.42,23.38,24.13,53754510,1302114432.00
2025/12/15,23.78,23.88,23.38,23.47,38660835,919987840.00
2025/12/16,23.39,23.45,22.59,22.78,35083577,810503104.00
2025/12/17,22.80,23.54,22.54,23.42,39012017,907413888.00
2025/12/18,23.20,24.14,23.18,23.64,50841696,1221247104.00
2025/12/19,24.06,24.13,23.40,23.49,49952361,1193559808.00
2025/12/22,23.75,24.37,23.68,24.16,68571184,1672339072.00
2025/12/23,24.15,24.31,23.95,24.17,47482318,1156415232.00
2025/12/24,24.28,24.71,24.12,24.71,75983288,1876044416.00
2025/12/25,24.77,25.17,24.46,24.58,74365405,1855340416.00
2025/12/26,24.48,24.88,24.34,24.54,57406880,1425629952.00
2025/12/29,24.53,24.77,24.15,24.24,46863500,1156250880.00
2025/12/30,24.18,24.64,24.05,24.26,42425467,1042328128.00
2025/12/31,25.29,26.21,24.74,25.06,157524352,4029835520.00
2026/01/05,25.54,26.64,25.49,26.13,131262034,3460095232.00
2026/01/06,26.36,26.98,26.23,26.67,123872568,3331095296.00
2026/01/07,27.69,27.85,26.29,26.53,143854927,3908702976.00
2026/01/08,26.38,27.08,26.30,26.54,96442177,2598211840.00
2026/01/09,26.18,27.13,25.99,26.57,99819539,2682850304.00
2026/01/12,26.68,27.51,26.68,27.28,116080511,3183046400.00
2026/01/13,27.28,27.74,26.37,26.48,105128863,2850989824.00
2026/01/14,26.77,27.26,26.19,26.68,105225466,2848904192.00
2026/01/15,26.38,28.21,26.13,27.88,156456923,4301155840.00
2026/01/16,28.58,29.97,27.79,29.57,224057377,6550968320.00
2026/01/19,29.78,32.44,29.63,31.12,240270808,7503371776.00
2026/01/20,30.78,31.78,30.26,31.27,168084160,5231629824.00
2026/01/21,31.16,33.52,31.08,32.42,187071728,6105699840.00
2026/01/22,33.32,33.32,30.78,31.29,195946379,6234333184.00
2026/01/23,30.88,31.14,30.01,30.35,143656616,4395005952.00
2026/01/26,30.30,30.83,29.04,29.22,110169428,3286321920.00
2026/01/27,28.94,30.33,28.28,30.06,119682915,3550166784.00
2026/01/28,30.48,32.96,30.48,31.60,165680487,5281069056.00
2026/01/29,32.43,32.91,30.57,30.87,123348435,3931015680.00
2026/01/30,30.87,33.16,30.46,32.27,173560169,5566794752.00
2026/02/02,30.85,30.92,29.02,29.02,141152812,4242313216.00
2026/02/03,29.61,29.74,28.88,29.65,86888028,2571311872.00
2026/02/04,28.99,29.08,27.68,28.13,98161818,2786760704.00
2026/02/05,27.12,27.46,26.68,27.18,72623054,1979919616.00
2026/02/06,26.80,27.49,26.53,26.97,54259742,1478305408.00
2026/02/09,27.75,28.83,27.23,28.62,94087077,2656293888.00
2026/02/10,28.25,28.87,28.12,28.47,55027287,1582554624.00
2026/02/11,28.18,28.55,27.86,27.90,38740419,1097117696.00
2026/02/12,28.38,29.44,28.21,29.13,72719833,2106731904.00
2026/02/13,28.80,32.07,28.73,32.07,242784634,7683213824.00
2026/02/24,32.28,34.36,32.08,33.55,227545960,7615961600.00
2026/02/25,33.44,33.54,32.13,33.06,149915801,4951441920.00
2026/02/26,33.12,35.75,32.48,34.47,186642084,6379396096.00
2026/02/27,33.78,34.39,33.16,34.18,106322450,3621583616.00
2026/03/02,32.69,34.26,32.68,33.23,113183684,3817458176.00
2026/03/03,33.66,34.00,30.36,30.46,140948071,4494164480.00
2026/03/04,30.46,32.04,30.46,30.98,104530967,3292600320.00
2026/03/05,32.20,32.48,31.08,31.37,98067313,3133020416.00
2026/03/06,30.97,32.85,30.97,32.16,119711011,3862706688.00
2026/03/09,30.23,31.13,29.26,30.92,127363414,3841160192.00
2026/03/10,31.78,32.78,31.44,32.19,115916460,3744849408.00
2026/03/11,32.38,32.86,31.68,31.85,100939201,3278988800.00
2026/03/12,31.78,32.34,30.68,31.03,79668642,2518803200.00
2026/03/13,30.38,31.98,30.04,30.70,83108364,2588350208.00
2026/03/16,30.68,32.90,30.33,32.88,159565769,5131252224.00
2026/03/17,32.25,32.96,31.90,32.04,121260591,3947794176.00
2026/03/18,32.55,33.57,32.29,33.41,172325904,5730902528.00
2026/03/19,32.28,33.48,31.58,32.21,143548820,4664584704.00
2026/03/20,32.30,32.48,30.19,30.27,125232978,3938990336.00
2026/03/23,28.99,29.77,27.95,28.24,99032273,2872876288.00
2026/03/24,28.40,28.56,27.03,28.52,94220133,2644338688.00
2026/03/25,28.98,30.16,28.92,29.21,103714000,3086383360.00
2026/03/26,28.61,28.71,27.50,27.64,87309229,2469192448.00
2026/03/27,26.76,27.73,26.31,27.27,78333739,2128125184.00
2026/03/30,26.45,26.99,26.10,26.87,63191888,1694347648.00
2026/03/31,26.46,26.48,25.48,25.57,83822345,2188053760.00
2026/04/01,26.64,26.99,26.18,26.45,73413696,1962714624.00
2026/04/02,26.79,26.87,25.28,25.43,63096389,1647996544.00
2026/04/03,25.69,25.87,25.26,25.43,44821881,1156082560.00
2026/04/07,25.85,26.23,25.60,25.79,49209192,1286912128.00
2026/04/08,26.77,27.62,26.60,27.61,95468026,2603367168.00
2026/04/09,26.98,27.86,26.85,27.48,69104766,1909601280.00
2026/04/10,27.99,28.44,27.79,27.88,78072100,2210166272.00
2026/04/13,27.57,28.24,27.57,28.03,60808745,1713444352.00
2026/04/14,28.58,29.28,28.37,28.91,88715091,2578006016.00
2026/04/15,29.09,29.21,27.88,28.06,75675820,2170528768.00
2026/04/16,28.06,28.63,27.73,28.55,62099464,1770077952.00
2026/04/17,28.24,28.99,28.16,28.78,61891671,1787344128.00
2026/04/20,28.78,29.34,28.63,28.88,63254269,1847003008.00
2026/04/21,28.66,28.83,28.02,28.63,49542425,1423686784.00
2026/04/22,28.63,29.27,28.36,29.24,67595124,1970575488.00
2026/04/23,29.58,29.66,28.08,28.51,72193772,2091306496.00
2026/04/24,28.28,29.03,27.94,28.63,65410195,1883179264.00
2026/04/27,29.10,29.38,28.78,29.07,72859094,2136163200.00
2026/04/28,28.98,29.36,28.28,28.38,65732974,1900301568.00
2026/04/29,27.93,29.12,27.78,29.01,84617955,2436914432.00
2026/04/30,29.36,29.45,28.56,29.00,73146615,2127039232.00
2026/05/06,29.98,31.16,29.98,30.50,126080481,3896584960.00
2026/05/07,30.64,31.71,30.43,31.32,123625948,3871674624.00
2026/05/08,30.66,30.94,30.24,30.80,90221055,2783560960.00
2026/05/11,31.90,32.97,31.59,32.75,151341036,4935044096.00
2026/05/12,32.52,32.52,31.63,32.09,107527970,3460024320.00
2026/05/13,31.27,34.77,31.16,34.39,166410732,5575765504.00
2026/05/14,34.58,35.78,33.98,34.12,181367963,6362548736.00
2026/05/15,34.47,34.97,32.66,33.44,158559615,5388093952.00
2026/05/18,35.58,36.81,35.18,36.81,94694402,3455884544.00
2026/05/19,36.81,38.16,35.73,37.45,301378097,11224393728.00
2026/05/20,38.16,39.77,37.54,37.63,300977995,11645151232.00
2026/05/21,38.22,39.07,35.86,36.15,251097253,9493368832.00
2026/05/22,37.00,37.76,35.68,37.51,191239592,7072333312.00
2026/05/25,37.99,41.28,37.58,40.93,237939794,9437023232.00
2026/05/26,41.28,44.91,38.49,42.53,268453632,10973871104.00
2026/05/27,46.81,46.81,41.68,43.76,305992246,13957987328.00
2026/05/28,41.89,43.66,41.28,42.43,221539473,9412125696.00
2026/05/29,42.15,43.63,38.37,39.57,228456906,9409421312.00
2026/06/01,38.79,39.48,36.06,36.21,181575323,6862487552.00
2026/06/02,36.33,37.62,34.95,36.96,156844261,5743976448.00
2026/06/03,37.13,39.57,37.09,38.08,188073221,7290738688.00
2026/06/04,37.29,40.13,37.28,39.46,166280467,6550356992.00
2026/06/05,38.46,39.08,37.46,37.91,136265339,5246076928.00
2026/06/08,35.48,36.81,34.63,35.15,118688332,4271846400.00
2026/06/09,36.03,37.36,35.57,37.32,112173062,4120489728.00
2026/06/10,36.48,39.10,36.06,38.34,144776827,5488297472.00
2026/06/11,37.78,39.48,37.38,39.08,129823664,5018748416.00
2026/06/12,40.42,40.55,36.80,37.09,144514088,5599872512.00
2026/06/15,37.88,39.50,36.46,39.47,132792573,5102805504.00
2026/06/16,39.75,41.34,39.74,40.77,156335984,6337496064.00
2026/06/17,39.85,42.96,39.85,42.91,165493146,6952080384.00
2026/06/18,42.85,46.18,42.31,44.04,188609924,8236410880.00
2026/06/22,45.36,47.00,44.08,46.68,192525853,8791270400.00
2026/06/23,46.05,48.65,44.10,45.70,177339153,8211136512.00
2026/06/24,44.36,50.27,44.36,50.27,190999341,9165517824.00
2026/06/25,52.80,54.27,52.00,53.20,224494556,11922397184.00
2026/06/26,53.00,57.63,52.22,53.51,227289153,12463271936.00
2026/06/29,56.00,58.86,55.55,58.86,239636582,13770298368.00
2026/06/30,59.45,64.75,57.60,64.27,266114655,16372523008.00
2026/07/01,63.53,66.20,59.59,62.26,310196452,19585847296.00
2026/07/02,56.65,58.00,56.03,56.03,176159324,9940688896.00
2026/07/03,53.00,57.69,51.09,55.91,235131083,12654340096.00
2026/07/06,55.90,57.01,52.54,53.30,164491043,8981156864.00
2026/07/07,52.50,56.15,51.50,54.07,169988426,9214178304.00
2026/07/08,54.10,55.00,49.33,51.13,163063200,8436490240.00
2026/07/09,52.93,56.24,52.82,56.24,184538109,10109407232.00
2026/07/10,59.88,61.86,57.90,57.91,303101637,18369597440.00
2026/07/13,56.88,58.60,52.12,52.12,210313808,11596949504.00
2026/07/14,52.12,53.99,48.88,52.51,206958421,10711843840.00
2026/07/15,53.76,53.90,47.26,47.26,183502282,9081246720.00
2026/07/16,45.44,46.96,42.71,43.34,176995616,7901730304.00
2026/07/17,43.00,43.30,39.01,39.01,160162027,6514397184.00
2026/07/20,39.95,40.50,35.11,35.14,160205096,5975483392.00
2026/07/21,35.78,38.65,31.82,38.65,185161146,6584954880.00
2026/07/22,39.43,42.48,39.43,40.22,220930340,9090711552.00
2026/07/23,40.26,40.86,38.58,39.09,133140491,5261035520.00
2026/07/24,38.50,42.80,38.29,41.99,209695662,8593147904.00
2026/07/27,41.16,44.08,38.95,43.95,233249209,9773369344.00
2026/07/28,41.60,42.75,39.56,39.56,172765439,7082910720.00
2026/07/29,39.44,41.59,36.04,40.15,190782078,7329667584.00
2026/07/30,38.65,39.58,36.27,36.42,159265784,5981223936.00
2026/07/31,39.50,39.51,37.21,37.23,157402853,6071401472.00
2026/08/03,36.06,36.70,34.40,34.51,126979161,4469804544.00
2026/08/04,34.88,36.91,34.51,36.54,130571790,4686872064.00
2026/08/05,36.58,39.31,36.37,38.70,162070457,6181916672.00
2026/08/06,37.56,40.78,37.56,39.91,167100380,6575241728.00
2026/08/07,39.39,41.29,39.07,40.85,154936962,6278235648.00
2026/08/10,41.10,41.20,39.28,40.20,109151222,4366483968.00
2026/08/11,39.91,41.25,39.31,39.81,112135831,4525310976.00
2026/08/12,40.27,40.90,39.75,40.35,96628050,3899564544.00
2026/08/13,41.00,41.78,39.53,39.55,129693144,5305427968.00
2026/08/14,40.31,40.90,39.02,40.23,97360398,3892748288.00
2026/08/17,40.26,42.77,40.26,42.60,159992203,6688369152.00
2026/08/18,42.50,43.15,41.25,41.60,138432511,5836895232.00
2026/08/19,39.75,40.23,37.44,37.44,143119347,5516440064.00
2026/08/20,38.03,38.48,37.09,37.53,77132456,2909156864.00
2026/08/21,37.16,38.20,36.83,37.90,61852891,2332260096.00
2026/08/24,37.93,38.16,35.82,36.79,69581575,2552424960.00
2026/08/25,36.04,37.33,35.09,36.82,62633591,2278034176.00
2026/08/26,37.15,37.29,35.90,36.23,56203142,2045580288.00
2026/08/27,36.39,37.88,36.33,37.85,87016546,3246175488.00
2026/08/28,37.68,38.47,37.15,37.17,72864863,2750360064.00
2026/08/31,36.28,37.75,36.27,37.74,64046191,2373271552.00
2026/09/01,37.70,37.95,36.50,36.53,55165995,2029070208.00
2026/09/02,35.96,35.99,35.35,35.54,45614743,1626172416.00
2026/09/03,35.95,36.01,34.88,35.30,47971221,1696706944.00
2026/09/04,35.71,35.93,34.01,34.52,57119680,1999443840.00
2026/09/07,34.95,35.59,34.75,35.29,54014897,1900677120.00
2026/09/08,35.17,35.88,34.75,34.99,57003705,2010156160.00
2026/09/09,35.28,35.63,34.76,34.99,44394104,1561825536.00
2026/09/10,35.63,36.85,35.63,36.50,114723405,4174930432.00
2026/09/11,35.21,35.28,34.08,35.03,83864978,2908246272.00
2026/09/14,34.18,34.44,33.45,33.77,51878684,1759236992.00
#数据来源:通达信
