002523 天桥起重 日线 前复权
      日期	    开盘	    最高	    最低	    收盘	    成交量	    成交额
2021/08/02,2.03,2.14,2.02,2.13,8690246,18869990.00
2021/08/03,2.13,2.19,2.11,2.16,8609343,19270964.00
2021/08/04,2.19,2.23,2.16,2.17,10191142,23177256.00
2021/08/05,2.16,2.27,2.15,2.26,15854096,36344680.00
2021/08/06,2.26,2.27,2.18,2.19,13310572,30558328.00
2021/08/09,2.17,2.26,2.16,2.25,11856147,27414420.00
2021/08/10,2.25,2.27,2.24,2.25,7423089,17324088.00
2021/08/11,2.25,2.26,2.22,2.24,6859604,15888464.00
2021/08/12,2.23,2.26,2.21,2.24,6926284,16042424.00
2021/08/13,2.23,2.24,2.20,2.23,6202233,14264709.00
2021/08/16,2.22,2.30,2.21,2.28,9310665,21805572.00
2021/08/17,2.27,2.30,2.20,2.22,8892094,20701844.00
2021/08/18,2.22,2.29,2.20,2.28,10799162,25252412.00
2021/08/19,2.27,2.30,2.24,2.27,6925464,16262617.00
2021/08/20,2.27,2.27,2.22,2.24,6560296,15194869.00
2021/08/23,2.25,2.37,2.24,2.31,18426428,43964012.00
2021/08/24,2.32,2.42,2.31,2.37,24183160,59289692.00
2021/08/25,2.36,2.40,2.34,2.35,11238832,27498932.00
2021/08/26,2.38,2.42,2.36,2.40,14301683,35493312.00
2021/08/27,2.39,2.39,2.33,2.36,10665525,25953554.00
2021/08/30,2.36,2.36,2.30,2.31,12597123,30277066.00
2021/08/31,2.32,2.34,2.29,2.32,8550182,20501306.00
2021/09/01,2.31,2.42,2.30,2.40,19130326,46890820.00
2021/09/02,2.39,2.41,2.36,2.41,13157328,32452130.00
2021/09/03,2.40,2.46,2.38,2.44,19749408,49483308.00
2021/09/06,2.43,2.50,2.41,2.44,16505451,41674852.00
2021/09/07,2.44,2.44,2.41,2.43,11948897,29952678.00
2021/09/08,2.43,2.50,2.42,2.49,20499619,52356748.00
2021/09/09,2.49,2.52,2.46,2.49,13222484,34063568.00
2021/09/10,2.49,2.51,2.43,2.45,13237738,33673344.00
2021/09/13,2.45,2.52,2.43,2.52,15858907,40695900.00
2021/09/14,2.53,2.54,2.46,2.49,20638812,53250616.00
2021/09/15,2.48,2.71,2.48,2.64,39399159,106143624.00
2021/09/16,2.61,2.66,2.56,2.57,24481687,65869952.00
2021/09/17,2.57,2.66,2.50,2.58,21210151,56437752.00
2021/09/22,2.53,2.63,2.51,2.62,15030421,40070252.00
2021/09/23,2.65,2.65,2.58,2.60,14462380,38826708.00
2021/09/24,2.60,2.61,2.48,2.50,17326644,45278976.00
2021/09/27,2.51,2.57,2.32,2.37,22044205,55143280.00
2021/09/28,2.37,2.41,2.33,2.40,11757692,28822508.00
2021/09/29,2.37,2.44,2.32,2.33,13491630,33083304.00
2021/09/30,2.34,2.36,2.29,2.35,14334023,34420020.00
2021/10/08,2.34,2.49,2.34,2.47,17127328,42852480.00
2021/10/11,2.46,2.48,2.40,2.41,10526944,26342948.00
2021/10/12,2.40,2.42,2.29,2.34,12119188,29416144.00
2021/10/13,2.36,2.36,2.28,2.32,9390416,22433606.00
2021/10/14,2.33,2.36,2.28,2.35,8061799,19385752.00
2021/10/15,2.34,2.35,2.29,2.31,8359025,20039626.00
2021/10/18,2.30,2.39,2.29,2.38,11467860,27825086.00
2021/10/19,2.38,2.40,2.33,2.34,8640398,21113542.00
2021/10/20,2.35,2.35,2.30,2.31,6686400,16037844.00
2021/10/21,2.30,2.31,2.27,2.28,8135468,19283304.00
2021/10/22,2.28,2.29,2.23,2.24,7789736,18229212.00
2021/10/25,2.25,2.35,2.21,2.29,11109644,26209206.00
2021/10/26,2.27,2.28,2.23,2.25,9435101,22013872.00
2021/10/27,2.25,2.26,2.21,2.23,6510008,15046824.00
2021/10/28,2.23,2.23,2.17,2.18,7727751,17546488.00
2021/10/29,2.18,2.23,2.16,2.22,6349180,14474224.00
2021/11/01,2.22,2.25,2.18,2.23,5621852,12959647.00
2021/11/02,2.23,2.26,2.17,2.19,7619600,17475192.00
2021/11/03,2.20,2.24,2.17,2.23,6975500,16073442.00
2021/11/04,2.24,2.46,2.23,2.39,39360302,96552456.00
2021/11/05,2.40,2.64,2.37,2.58,56458230,148345664.00
2021/11/08,2.57,2.65,2.52,2.61,37582502,100402824.00
2021/11/09,2.57,2.70,2.56,2.63,44499240,120581048.00
2021/11/10,2.62,2.65,2.57,2.64,24146023,64975420.00
2021/11/11,2.64,2.82,2.62,2.69,38965495,109904624.00
2021/11/12,2.73,2.80,2.69,2.75,28475023,80754800.00
2021/11/15,2.75,2.78,2.68,2.69,26777634,74836360.00
2021/11/16,2.67,2.71,2.59,2.63,33476239,90922432.00
2021/11/17,2.62,2.67,2.60,2.65,17910546,48885988.00
2021/11/18,2.66,2.80,2.64,2.65,23683220,66292764.00
2021/11/19,2.63,2.68,2.61,2.64,19555192,53158604.00
2021/11/22,2.67,2.67,2.58,2.58,13758023,36891028.00
2021/11/23,2.63,2.75,2.61,2.67,27353396,75456880.00
2021/11/24,2.67,2.70,2.61,2.66,13486912,36889428.00
2021/11/25,2.67,2.69,2.63,2.67,9729018,26594562.00
2021/11/26,2.66,2.68,2.56,2.59,16081499,43109132.00
2021/11/29,2.59,2.62,2.54,2.61,9598968,25673718.00
2021/11/30,2.62,2.65,2.55,2.57,13658340,36505436.00
2021/12/01,2.55,2.64,2.55,2.63,9134744,24554210.00
2021/12/02,2.63,2.64,2.55,2.56,11908305,31704222.00
2021/12/03,2.58,2.59,2.56,2.57,7532631,19987836.00
2021/12/06,2.57,2.57,2.47,2.48,13623200,35413880.00
2021/12/07,2.49,2.50,2.43,2.49,9359680,23816932.00
2021/12/08,2.49,2.50,2.44,2.46,10476324,26665190.00
2021/12/09,2.46,2.71,2.46,2.71,22220816,60642076.00
2021/12/10,2.85,2.87,2.61,2.64,59188707,165140448.00
2021/12/13,2.64,2.70,2.60,2.67,30681524,83653000.00
2021/12/14,2.67,2.95,2.62,2.95,87672545,257593280.00
2021/12/15,3.13,3.17,2.83,2.84,126662738,387977344.00
2021/12/16,2.82,2.93,2.79,2.87,64640108,189239088.00
2021/12/17,2.84,2.91,2.80,2.82,48944092,142603904.00
2021/12/20,2.80,2.88,2.77,2.82,35350676,102317248.00
2021/12/21,2.81,3.02,2.75,3.01,74921020,224145568.00
2021/12/22,2.98,3.01,2.90,2.97,40215378,121777192.00
2021/12/23,2.96,2.97,2.88,2.89,23874280,71594800.00
2021/12/24,2.89,2.91,2.81,2.82,19920385,58256216.00
2021/12/27,2.84,2.84,2.78,2.79,17984880,51836108.00
2021/12/28,2.78,2.84,2.77,2.79,14042438,40503308.00
2021/12/29,2.80,2.91,2.78,2.87,23530717,69377416.00
2021/12/30,2.86,2.88,2.81,2.82,21320548,62185020.00
2021/12/31,2.84,2.89,2.81,2.84,15017526,43970500.00
2022/01/04,2.84,2.94,2.83,2.92,25880048,77199032.00
2022/01/05,2.93,3.14,2.91,2.95,49793531,153269408.00
2022/01/06,2.97,3.08,2.95,3.01,43792451,135235520.00
2022/01/07,2.98,3.04,2.86,2.87,42938115,129433088.00
2022/01/10,2.85,2.87,2.79,2.82,23062796,66848232.00
2022/01/11,2.82,2.88,2.81,2.81,15162266,44202612.00
2022/01/12,2.82,2.86,2.80,2.83,13629841,39612100.00
2022/01/13,2.84,3.00,2.82,2.91,29337224,88226640.00
2022/01/14,2.88,2.90,2.80,2.83,18230928,53329868.00
2022/01/17,2.80,2.84,2.78,2.81,10694828,30986750.00
2022/01/18,2.80,2.83,2.76,2.77,16751384,48007716.00
2022/01/19,2.77,2.81,2.76,2.78,11297632,32322748.00
2022/01/20,2.77,2.79,2.69,2.70,14152487,39710936.00
2022/01/21,2.71,2.72,2.64,2.66,10600429,29167884.00
2022/01/24,2.63,2.69,2.62,2.67,6421452,17534878.00
2022/01/25,2.67,2.68,2.53,2.53,12932352,34498724.00
2022/01/26,2.54,2.59,2.53,2.57,10851066,28652700.00
2022/01/27,2.57,2.58,2.50,2.51,9312912,24348492.00
2022/01/28,2.53,2.59,2.50,2.57,10396616,27351870.00
2022/02/07,2.60,2.67,2.58,2.64,11860888,32139980.00
2022/02/08,2.65,2.74,2.63,2.74,16823473,46669040.00
2022/02/09,2.72,2.74,2.71,2.72,10377330,29045530.00
2022/02/10,2.73,2.77,2.68,2.76,14041460,39340300.00
2022/02/11,2.91,3.04,2.91,3.04,65972443,205455456.00
2022/02/14,3.22,3.35,3.17,3.35,130270427,444005216.00
2022/02/15,3.30,3.30,3.01,3.01,157969476,499738080.00
2022/02/16,2.89,2.99,2.87,2.93,86819235,261023568.00
2022/02/17,2.91,2.97,2.80,2.83,65496255,192592976.00
2022/02/18,2.78,2.85,2.77,2.83,39127576,113516032.00
2022/02/21,2.83,2.87,2.80,2.85,30405367,88711544.00
2022/02/22,2.83,2.92,2.80,2.87,47403558,139698464.00
2022/02/23,2.85,2.87,2.81,2.84,31299340,91122736.00
2022/02/24,2.83,2.84,2.62,2.69,58097986,163329536.00
2022/02/25,2.70,2.76,2.69,2.72,24796944,69797160.00
2022/02/28,2.75,2.77,2.67,2.77,22100332,61969056.00
2022/03/01,2.78,2.81,2.75,2.79,18327484,52549176.00
2022/03/02,2.76,2.82,2.75,2.80,17577511,50617676.00
2022/03/03,2.86,2.86,2.80,2.83,25994076,75701040.00
2022/03/04,2.82,2.82,2.75,2.75,20285760,57923580.00
2022/03/07,2.77,2.78,2.72,2.75,14629515,41417404.00
2022/03/08,2.75,2.76,2.65,2.67,19668907,54642916.00
2022/03/09,2.69,2.70,2.53,2.65,21671151,58768888.00
2022/03/10,2.69,2.71,2.66,2.67,14625467,40507388.00
2022/03/11,2.65,2.73,2.60,2.72,14775100,40569148.00
2022/03/14,2.72,2.72,2.61,2.61,16037760,43946968.00
2022/03/15,2.62,2.62,2.46,2.47,22910667,60295496.00
2022/03/16,2.54,2.58,2.47,2.57,19006568,49733464.00
2022/03/17,2.60,2.65,2.59,2.63,14177044,38339640.00
2022/03/18,2.61,2.68,2.60,2.67,11425132,31266532.00
2022/03/21,2.68,2.69,2.63,2.67,9789500,26834040.00
2022/03/22,2.67,2.72,2.64,2.70,12058673,33269132.00
2022/03/23,2.70,2.72,2.66,2.68,10466228,28946982.00
2022/03/24,2.66,2.68,2.64,2.65,10573640,28912768.00
2022/03/25,2.66,2.71,2.63,2.68,13926980,38450188.00
2022/03/28,2.66,2.75,2.63,2.70,15767236,43740896.00
2022/03/29,2.71,2.72,2.64,2.66,10733248,29501232.00
2022/03/30,2.65,2.69,2.65,2.68,9530432,26270964.00
2022/03/31,2.67,2.71,2.65,2.69,9664476,26763896.00
2022/04/01,2.67,2.70,2.65,2.70,10772575,29627280.00
2022/04/06,2.69,2.79,2.69,2.77,19351299,54803352.00
2022/04/07,2.79,2.79,2.68,2.69,17577900,49320632.00
2022/04/08,2.68,2.82,2.68,2.80,29700916,84455992.00
2022/04/11,2.78,2.88,2.74,2.78,41047040,118897472.00
2022/04/12,2.77,2.84,2.72,2.83,26555916,76524328.00
2022/04/13,2.81,2.87,2.79,2.82,24125939,70019832.00
2022/04/14,2.83,2.85,2.77,2.81,17355396,50060460.00
2022/04/15,2.79,2.83,2.72,2.75,22376750,63656908.00
2022/04/18,2.73,2.77,2.69,2.76,15978892,45090196.00
2022/04/19,2.75,2.81,2.75,2.81,15285500,43750528.00
2022/04/20,2.80,2.81,2.70,2.72,14916200,42282860.00
2022/04/21,2.72,2.73,2.54,2.57,24053696,64746092.00
2022/04/22,2.54,2.60,2.49,2.56,11483580,30119302.00
2022/04/25,2.52,2.54,2.37,2.37,21120717,53807700.00
2022/04/26,2.38,2.40,2.25,2.26,14240081,34325684.00
2022/04/27,2.24,2.35,2.19,2.33,15921995,37178196.00
2022/04/28,2.32,2.33,2.21,2.24,14244576,33377518.00
2022/04/29,2.25,2.33,2.25,2.32,11979800,28530206.00
2022/05/05,2.32,2.38,2.30,2.38,13140774,31998954.00
2022/05/06,2.33,2.36,2.30,2.33,8553176,20596956.00
2022/05/09,2.35,2.40,2.32,2.38,8274552,20243962.00
2022/05/10,2.35,2.40,2.33,2.39,11487800,28157060.00
2022/05/11,2.39,2.41,2.32,2.34,15786942,38879940.00
2022/05/12,2.32,2.37,2.31,2.37,9090721,22033244.00
2022/05/13,2.37,2.40,2.34,2.40,11309563,27788728.00
2022/05/16,2.41,2.41,2.37,2.39,7958700,19648108.00
2022/05/17,2.38,2.40,2.33,2.35,8949103,21760608.00
2022/05/18,2.36,2.41,2.34,2.38,11042116,27177722.00
2022/05/19,2.35,2.46,2.34,2.41,23070021,57307532.00
2022/05/20,2.41,2.43,2.38,2.42,17048922,42422256.00
2022/05/23,2.42,2.48,2.40,2.47,13962240,35274620.00
2022/05/24,2.47,2.48,2.34,2.35,14727148,36699928.00
2022/05/25,2.34,2.41,2.33,2.41,9356128,23083236.00
2022/05/26,2.42,2.46,2.38,2.45,11346610,28458666.00
2022/05/27,2.48,2.70,2.44,2.62,60710978,161270192.00
2022/05/30,2.60,2.75,2.50,2.68,63513125,170279808.00
2022/05/31,2.63,2.65,2.58,2.61,29342117,79195224.00
2022/06/01,2.65,2.70,2.60,2.65,24955473,67920128.00
2022/06/02,2.62,2.69,2.61,2.66,20759415,56723336.00
2022/06/06,2.65,2.69,2.63,2.65,18780196,51260232.00
2022/06/07,2.65,2.65,2.58,2.61,15972420,42863084.00
2022/06/08,2.62,2.62,2.53,2.59,16291715,43311484.00
2022/06/09,2.58,2.59,2.53,2.53,11641237,30623990.00
2022/06/10,2.53,2.60,2.51,2.60,13068666,34655124.00
2022/06/13,2.57,2.59,2.51,2.54,13084544,34367384.00
2022/06/14,2.52,2.59,2.47,2.58,14376504,37413744.00
2022/06/15,2.60,2.61,2.54,2.54,13226208,35001884.00
2022/06/16,2.56,2.58,2.52,2.54,9174405,23927756.00
2022/06/17,2.52,2.55,2.49,2.55,11895753,30635382.00
2022/06/20,2.54,2.57,2.54,2.56,8782641,22930302.00
2022/06/21,2.55,2.62,2.54,2.59,15654920,41399136.00
2022/06/22,2.58,2.59,2.54,2.55,12006645,31502724.00
2022/06/23,2.55,2.81,2.55,2.81,51675128,146290752.00
2022/06/24,2.86,2.86,2.71,2.72,79893538,224458128.00
2022/06/27,2.71,2.87,2.70,2.85,52114366,146590048.00
2022/06/28,2.84,3.14,2.80,3.14,101711057,318994080.00
2022/06/29,3.39,3.46,2.99,2.99,241259143,826640128.00
2022/06/30,2.78,2.86,2.69,2.71,174050457,488306592.00
2022/07/01,2.70,2.72,2.63,2.70,70578272,192982960.00
2022/07/04,2.74,2.77,2.69,2.70,52112194,145041776.00
2022/07/05,2.68,2.70,2.61,2.63,47416839,128452120.00
2022/07/06,2.65,2.75,2.61,2.68,54545336,149906496.00
2022/07/07,2.67,2.95,2.66,2.95,101705495,293969792.00
2022/07/08,3.04,3.25,2.98,3.25,219595361,708195072.00
2022/07/11,3.54,3.58,3.01,3.01,315142218,1107456512.00
2022/07/12,2.92,3.12,2.81,2.94,223543775,680778816.00
2022/07/13,2.90,3.24,2.84,3.24,79050633,246995456.00
2022/07/14,3.41,3.50,2.95,2.99,210307955,675493120.00
2022/07/15,3.02,3.09,2.96,2.98,109695758,338347808.00
2022/07/18,2.99,3.28,2.95,3.28,142099209,453186464.00
2022/07/19,3.34,3.61,3.33,3.61,262875877,945608640.00
2022/07/20,3.49,3.98,3.34,3.98,263705131,984171456.00
2022/07/21,4.34,4.38,3.76,3.83,340526208,1442123264.00
2022/07/22,3.70,4.15,3.69,3.97,315688249,1239335552.00
2022/07/25,3.85,3.96,3.57,3.57,214059868,805488832.00
2022/07/26,3.48,3.56,3.33,3.45,136690011,479778400.00
2022/07/27,3.46,3.60,3.40,3.58,133509939,475021024.00
2022/07/28,3.61,3.77,3.57,3.62,145332794,540931840.00
2022/07/29,3.61,3.64,3.46,3.46,99139044,356141696.00
2022/08/01,3.48,3.64,3.46,3.61,111438296,401823328.00
2022/08/02,3.51,3.55,3.28,3.32,100727092,347889696.00
2022/08/03,3.38,3.47,3.19,3.25,89581484,305039040.00
2022/08/04,3.23,3.34,3.19,3.33,64643867,215375376.00
2022/08/05,3.32,3.44,3.25,3.38,74778684,253580960.00
2022/08/08,3.34,3.43,3.29,3.38,46259400,158612688.00
2022/08/09,3.34,3.43,3.27,3.28,50085420,170299872.00
2022/08/10,3.27,3.33,3.20,3.28,54871570,181564976.00
2022/08/11,3.25,3.32,3.24,3.24,41253572,137061296.00
2022/08/12,3.24,3.40,3.21,3.32,67085064,227856592.00
2022/08/15,3.30,3.49,3.24,3.43,75794239,258868800.00
2022/08/16,3.41,3.74,3.38,3.58,117891290,428722208.00
2022/08/17,3.55,3.56,3.45,3.50,65009442,231209312.00
2022/08/18,3.50,3.55,3.41,3.55,64290658,227781392.00
2022/08/19,3.52,3.58,3.40,3.41,42858152,151652384.00
2022/08/22,3.40,3.40,3.30,3.36,37002801,125895264.00
2022/08/23,3.34,3.36,3.30,3.32,26984564,91418472.00
2022/08/24,3.31,3.34,3.16,3.20,41291953,135974720.00
2022/08/25,3.19,3.22,3.10,3.13,30224275,96801264.00
2022/08/26,3.12,3.17,3.03,3.05,29494800,93370824.00
2022/08/29,3.01,3.13,2.97,3.13,24472593,76784232.00
2022/08/30,3.13,3.14,3.03,3.07,18962660,59355488.00
2022/08/31,3.05,3.06,2.95,2.96,24789032,75508576.00
2022/09/01,2.96,3.01,2.93,2.95,17626960,53437816.00
2022/09/02,2.96,3.05,2.95,3.02,17977553,55007744.00
2022/09/05,3.03,3.33,3.00,3.33,66874955,217797008.00
2022/09/06,3.32,3.46,3.24,3.34,88630984,300298592.00
2022/09/07,3.31,3.38,3.27,3.36,49311486,166715648.00
2022/09/08,3.35,3.37,3.30,3.30,30741900,103900528.00
2022/09/09,3.32,3.33,3.22,3.23,29063166,96359984.00
2022/09/13,3.29,3.29,3.21,3.24,17710616,58497616.00
2022/09/14,3.15,3.22,3.12,3.15,21114356,68166584.00
2022/09/15,3.24,3.38,3.18,3.27,64478868,215870960.00
2022/09/16,3.17,3.20,3.01,3.03,44561954,139816896.00
2022/09/19,2.99,3.16,2.95,3.05,32152818,100284512.00
2022/09/20,3.06,3.26,3.05,3.17,40377496,130152888.00
2022/09/21,3.13,3.20,3.11,3.17,24700573,79271280.00
2022/09/22,3.17,3.19,3.08,3.08,20967712,67011936.00
2022/09/23,3.12,3.15,3.02,3.04,17794400,55673200.00
2022/09/26,3.02,3.06,2.96,2.98,16490600,50672584.00
2022/09/27,2.99,3.07,2.96,3.07,18166502,55929724.00
2022/09/28,3.03,3.06,2.90,2.91,24135080,72986264.00
2022/09/29,2.93,2.97,2.83,2.85,16365799,48121096.00
2022/09/30,2.83,2.87,2.77,2.83,14669980,42307636.00
2022/10/10,2.83,2.85,2.70,2.71,16783464,47429816.00
2022/10/11,2.74,2.86,2.68,2.79,16345734,46059544.00
2022/10/12,2.79,2.89,2.74,2.86,19448364,55728620.00
2022/10/13,2.86,2.88,2.82,2.83,15071372,43782320.00
2022/10/14,2.85,2.89,2.83,2.86,15954700,46580040.00
2022/10/17,2.84,2.93,2.83,2.92,17036926,50348860.00
2022/10/18,2.92,2.93,2.85,2.87,15174000,44743248.00
2022/10/19,2.85,2.91,2.84,2.84,11907220,34933504.00
2022/10/20,2.85,2.88,2.78,2.82,15522241,44796892.00
2022/10/21,2.83,2.90,2.81,2.84,13050371,38041520.00
2022/10/24,2.86,2.88,2.74,2.78,15868386,45835296.00
2022/10/25,2.78,2.88,2.73,2.88,25506397,73848568.00
2022/10/26,2.87,2.91,2.85,2.89,20495014,60297408.00
2022/10/27,2.90,2.92,2.86,2.87,18738094,55325936.00
2022/10/28,2.85,2.88,2.75,2.77,19655528,56451072.00
2022/10/31,2.77,2.83,2.76,2.81,13754560,39316560.00
2022/11/01,2.81,2.87,2.79,2.87,17432948,50465324.00
2022/11/02,2.87,2.94,2.87,2.90,26046861,77211024.00
2022/11/03,2.89,2.94,2.87,2.91,16974928,50362000.00
2022/11/04,2.92,2.95,2.89,2.94,20483263,61258960.00
2022/11/07,2.95,2.99,2.92,2.97,18012839,54377484.00
2022/11/08,2.98,2.99,2.93,2.95,12631396,37967664.00
2022/11/09,2.96,3.05,2.95,2.98,24619081,75120216.00
2022/11/10,2.96,2.98,2.94,2.96,17337767,52251004.00
2022/11/11,3.00,3.02,2.95,3.01,24606693,75054176.00
2022/11/14,3.00,3.01,2.91,2.91,22617268,68229936.00
2022/11/15,2.91,2.97,2.91,2.96,17622203,52884656.00
2022/11/16,2.97,3.07,2.96,3.01,30764584,94798648.00
2022/11/17,3.02,3.03,2.98,3.01,13108911,40122820.00
2022/11/18,3.00,3.02,2.94,2.94,16575200,50280304.00
2022/11/21,2.93,2.95,2.89,2.94,12532524,37410912.00
2022/11/22,2.94,3.11,2.91,3.09,51759252,159820720.00
2022/11/23,3.06,3.11,2.96,2.98,43119969,132842696.00
2022/11/24,2.99,3.03,2.98,3.00,18098293,55375540.00
2022/11/25,3.00,3.01,2.93,2.96,16266940,49104276.00
2022/11/28,2.92,2.94,2.89,2.94,13771292,40976052.00
2022/11/29,2.98,3.05,2.97,3.05,24517224,75315856.00
2022/11/30,3.10,3.36,3.07,3.36,56419103,187976336.00
2022/12/01,3.35,3.42,3.22,3.23,102643488,342457408.00
2022/12/02,3.22,3.27,3.18,3.20,44201368,144802640.00
2022/12/05,3.23,3.35,3.19,3.27,58505714,194359536.00
2022/12/06,3.23,3.24,3.17,3.20,30173596,98252808.00
2022/12/07,3.17,3.25,3.16,3.20,23214600,75519488.00
2022/12/08,3.18,3.20,3.14,3.15,21130196,68170296.00
2022/12/09,3.17,3.20,3.14,3.19,17962483,58096560.00
2022/12/12,3.16,3.18,3.10,3.11,18544100,59189920.00
2022/12/13,3.11,3.16,3.10,3.16,19618146,62636636.00
2022/12/14,3.16,3.20,3.12,3.14,20515398,66081728.00
2022/12/15,3.14,3.20,3.11,3.18,22501743,72529824.00
2022/12/16,3.15,3.19,3.09,3.11,24102952,76799056.00
2022/12/19,3.13,3.17,3.01,3.04,21987692,69009984.00
2022/12/20,3.04,3.10,3.01,3.07,14547048,45502816.00
2022/12/21,3.09,3.11,3.04,3.06,12761874,39972248.00
2022/12/22,3.09,3.09,2.97,2.99,14256800,43894428.00
2022/12/23,2.98,3.02,2.95,2.97,10860626,33090158.00
2022/12/26,2.97,2.99,2.94,2.98,16390582,49593932.00
2022/12/27,2.98,2.99,2.94,2.98,12110406,36637712.00
2022/12/28,2.97,2.97,2.92,2.93,11651881,35000636.00
2022/12/29,2.92,2.94,2.90,2.92,10718754,31946822.00
2022/12/30,2.92,3.00,2.91,2.99,13802204,41766332.00
2023/01/03,2.99,3.01,2.95,3.00,10480900,31950710.00
2023/01/04,2.99,3.04,2.98,3.03,11479052,35258272.00
2023/01/05,3.04,3.05,3.00,3.00,10089280,30960326.00
2023/01/06,3.01,3.03,2.97,2.98,11696400,35823456.00
2023/01/09,3.01,3.02,2.99,3.01,9257475,28392900.00
2023/01/10,3.01,3.02,2.98,2.98,7376396,22497398.00
2023/01/11,2.98,3.00,2.94,2.95,10877700,32875936.00
2023/01/12,2.95,2.97,2.93,2.94,8772052,26395168.00
2023/01/13,2.93,2.96,2.92,2.93,9018880,26988592.00
2023/01/16,2.94,2.97,2.93,2.96,10136472,30518534.00
2023/01/17,2.96,2.97,2.94,2.96,7125158,21452680.00
2023/01/18,2.96,3.01,2.95,3.00,12396836,37817520.00
2023/01/19,3.00,3.01,2.97,3.00,10580268,32256268.00
2023/01/20,3.02,3.09,3.00,3.09,20127011,62997372.00
2023/01/30,3.12,3.17,3.10,3.13,28500206,90712664.00
2023/01/31,3.13,3.21,3.11,3.19,22755535,73507664.00
2023/02/01,3.19,3.23,3.16,3.21,24957902,81231592.00
2023/02/02,3.21,3.23,3.19,3.20,20954382,68572080.00
2023/02/03,3.20,3.28,3.17,3.22,27462035,90071976.00
2023/02/06,3.20,3.23,3.17,3.19,18710291,60879944.00
2023/02/07,3.28,3.36,3.21,3.32,56052125,187905712.00
2023/02/08,3.29,3.37,3.27,3.29,26928269,90432656.00
2023/02/09,3.27,3.30,3.25,3.27,19942994,66358072.00
2023/02/10,3.26,3.31,3.26,3.29,18006099,60260188.00
2023/02/13,3.30,3.39,3.28,3.34,28089364,95255824.00
2023/02/14,3.34,3.35,3.27,3.28,19986116,67128504.00
2023/02/15,3.28,3.30,3.26,3.29,14855980,49656048.00
2023/02/16,3.31,3.31,3.17,3.19,27864840,91954632.00
2023/02/17,3.19,3.29,3.18,3.19,16808711,55194592.00
2023/02/20,3.19,3.32,3.18,3.29,25004730,83401160.00
2023/02/21,3.29,3.32,3.26,3.30,15545912,52088928.00
2023/02/22,3.29,3.29,3.24,3.26,11732971,38925536.00
2023/02/23,3.28,3.29,3.22,3.25,9791284,32439618.00
2023/02/24,3.25,3.27,3.21,3.24,8856736,29168356.00
2023/02/27,3.23,3.25,3.18,3.20,11533978,37785644.00
2023/02/28,3.21,3.23,3.18,3.22,8855504,28895124.00
2023/03/01,3.22,3.24,3.19,3.23,15137390,49490384.00
2023/03/02,3.23,3.24,3.20,3.20,8678596,28429424.00
2023/03/03,3.20,3.22,3.18,3.21,7748901,25320074.00
2023/03/06,3.21,3.26,3.21,3.24,12616660,41644952.00
2023/03/07,3.25,3.26,3.13,3.13,17212756,55849812.00
2023/03/08,3.14,3.17,3.13,3.16,8043314,25833816.00
2023/03/09,3.18,3.18,3.14,3.15,9421996,30327072.00
2023/03/10,3.14,3.17,3.08,3.10,10538652,33463258.00
2023/03/13,3.12,3.14,3.09,3.11,9977317,31656110.00
2023/03/14,3.13,3.13,3.03,3.05,12743992,39843156.00
2023/03/15,3.08,3.14,3.07,3.13,10785526,34234856.00
2023/03/16,3.12,3.14,3.05,3.07,11614852,36646044.00
2023/03/17,3.09,3.12,3.07,3.08,10727492,33809440.00
2023/03/20,3.09,3.11,3.05,3.06,15010496,47144312.00
2023/03/21,3.08,3.12,3.05,3.11,11202300,35241004.00
2023/03/22,3.12,3.13,3.09,3.10,8934968,28279146.00
2023/03/23,3.09,3.11,3.05,3.07,10927145,34216920.00
2023/03/24,3.07,3.07,3.02,3.05,13450304,41730940.00
2023/03/27,3.05,3.08,3.03,3.07,14501544,45156904.00
2023/03/28,3.08,3.10,3.06,3.06,10517415,32981580.00
2023/03/29,3.07,3.08,3.01,3.02,9601668,29729572.00
2023/03/30,3.03,3.04,2.97,2.99,12296087,37573892.00
2023/03/31,2.99,3.04,2.98,3.03,8529835,26313164.00
2023/04/03,3.03,3.03,2.98,3.00,13046688,39920716.00
2023/04/04,3.01,3.01,2.96,2.97,11860641,36021912.00
2023/04/06,2.96,2.98,2.94,2.96,10633528,32107904.00
2023/04/07,2.96,2.99,2.95,2.97,9762872,29586502.00
2023/04/10,2.97,2.97,2.91,2.92,15562724,46621556.00
2023/04/11,2.93,2.93,2.85,2.88,14196887,41735312.00
2023/04/12,2.89,2.93,2.88,2.92,11635103,34549220.00
2023/04/13,2.92,2.93,2.87,2.88,10015656,29551172.00
2023/04/14,2.89,2.91,2.87,2.90,8116626,23902754.00
2023/04/17,2.87,2.88,2.82,2.82,21749700,62915840.00
2023/04/18,2.83,2.83,2.77,2.80,15104899,43102100.00
2023/04/19,2.79,2.82,2.76,2.78,10833405,30759736.00
2023/04/20,2.78,2.78,2.72,2.76,9851809,27631740.00
2023/04/21,2.75,2.78,2.70,2.70,11731729,32832858.00
2023/04/24,2.71,2.72,2.64,2.69,10091992,27680676.00
2023/04/25,2.69,2.70,2.60,2.63,11497967,31014948.00
2023/04/26,2.62,2.70,2.60,2.69,9848836,26790370.00
2023/04/27,2.70,2.70,2.65,2.66,6826340,18698524.00
2023/04/28,2.66,2.75,2.65,2.74,10760762,29896858.00
2023/05/04,2.74,2.79,2.72,2.77,9791744,27719472.00
2023/05/05,2.78,2.79,2.75,2.76,8616460,24365742.00
2023/05/08,2.79,2.80,2.77,2.80,10441422,29687150.00
2023/05/09,2.80,2.82,2.74,2.75,11812536,33467998.00
2023/05/10,2.76,2.78,2.74,2.77,7241259,20431420.00
2023/05/11,2.77,2.81,2.76,2.80,7305940,20812994.00
2023/05/12,2.79,2.80,2.76,2.76,7160680,20268600.00
2023/05/15,2.75,2.78,2.71,2.77,8499100,23817278.00
2023/05/16,2.78,2.78,2.73,2.74,6784100,19105872.00
2023/05/17,2.74,2.81,2.73,2.81,11052595,31435188.00
2023/05/18,2.80,2.92,2.79,2.88,22314697,65481492.00
2023/05/19,2.87,2.88,2.83,2.83,9865272,28652182.00
2023/05/22,2.83,2.87,2.82,2.83,10997312,31846064.00
2023/05/23,2.83,2.84,2.79,2.79,8574241,24629048.00
2023/05/24,2.79,2.84,2.77,2.81,7787352,22393326.00
2023/05/25,2.80,2.88,2.78,2.86,16048283,46334364.00
2023/05/26,2.84,2.84,2.77,2.81,12241704,35005816.00
2023/05/29,2.81,2.81,2.74,2.76,9732954,27599134.00
2023/05/30,2.78,2.79,2.74,2.78,6744828,19049066.00
2023/05/31,2.76,2.79,2.74,2.75,6103712,17214324.00
2023/06/01,2.74,2.78,2.73,2.74,7325160,20667302.00
2023/06/02,2.74,2.78,2.74,2.76,6310326,17803944.00
2023/06/05,2.76,2.76,2.72,2.72,7657928,21368820.00
2023/06/06,2.72,2.73,2.64,2.65,11544800,31551248.00
2023/06/07,2.64,2.67,2.62,2.65,7579655,20502468.00
2023/06/08,2.66,2.66,2.62,2.63,7376875,19903896.00
2023/06/09,2.64,2.66,2.63,2.65,7203800,19477092.00
2023/06/12,2.64,2.69,2.61,2.68,9233300,24997480.00
2023/06/13,2.67,2.69,2.65,2.67,5162200,14060508.00
2023/06/14,2.67,2.67,2.63,2.64,8641815,23381274.00
2023/06/15,2.65,2.91,2.62,2.81,61776847,179225936.00
2023/06/16,2.75,2.87,2.75,2.79,43403593,124522880.00
2023/06/19,2.79,2.82,2.75,2.75,18693846,53043276.00
2023/06/20,2.76,2.82,2.72,2.79,23367157,66238244.00
2023/06/21,2.79,2.84,2.77,2.80,23319405,66969152.00
2023/06/26,2.79,2.82,2.71,2.72,22126433,62190008.00
2023/06/27,2.72,2.82,2.72,2.82,15709098,44662004.00
2023/06/28,2.82,2.83,2.75,2.81,14290269,40712680.00
2023/06/29,2.80,2.91,2.80,2.86,32595300,95189248.00
2023/06/30,2.86,2.89,2.82,2.86,24068020,69889104.00
2023/07/03,2.85,2.88,2.82,2.84,15856000,45927788.00
2023/07/04,2.83,2.90,2.83,2.87,17128977,49987520.00
2023/07/05,2.86,2.90,2.84,2.85,12142800,35442044.00
2023/07/06,2.86,2.88,2.84,2.88,16284055,47363924.00
2023/07/07,2.87,2.93,2.84,2.89,21224752,62344908.00
2023/07/10,2.90,2.92,2.85,2.88,17657398,51712576.00
2023/07/11,2.88,2.89,2.85,2.85,13635920,39721948.00
2023/07/12,2.86,2.91,2.83,2.85,23246490,67694096.00
2023/07/13,2.86,2.89,2.84,2.86,16947889,49327068.00
2023/07/14,2.87,2.88,2.84,2.85,11868853,34451664.00
2023/07/17,2.83,2.88,2.73,2.88,31518849,91067168.00
2023/07/18,2.90,2.91,2.85,2.90,16475966,48348556.00
2023/07/19,2.90,2.91,2.84,2.87,17488272,51129324.00
2023/07/20,2.88,2.90,2.83,2.85,17916600,52180512.00
2023/07/21,2.85,2.86,2.80,2.85,17083915,49282980.00
2023/07/24,2.85,2.89,2.82,2.85,11904627,34562216.00
2023/07/25,2.87,2.88,2.84,2.86,15742504,45813880.00
2023/07/26,2.87,2.92,2.84,2.91,22848339,67116472.00
2023/07/27,2.92,3.02,2.90,2.92,37722492,113082432.00
2023/07/28,2.95,2.98,2.88,2.96,22501030,67053868.00
2023/07/31,2.96,3.11,2.96,3.04,41144956,126561992.00
2023/08/01,3.03,3.04,2.93,2.97,39126758,118050936.00
2023/08/02,2.98,3.00,2.94,2.95,20829324,62787928.00
2023/08/03,2.95,2.95,2.91,2.93,15603792,46404796.00
2023/08/04,2.92,2.95,2.89,2.89,19542852,57965096.00
2023/08/07,2.88,2.89,2.84,2.86,12294600,35797680.00
2023/08/08,2.86,2.87,2.83,2.85,11122328,32222810.00
2023/08/09,2.86,2.86,2.81,2.82,11298580,32536732.00
2023/08/10,2.82,2.85,2.81,2.83,6016068,17328808.00
2023/08/11,2.83,2.84,2.76,2.77,10648340,30300722.00
2023/08/14,2.77,2.79,2.74,2.78,9472834,26693128.00
2023/08/15,2.78,2.78,2.72,2.75,7990000,22368164.00
2023/08/16,2.74,2.78,2.73,2.76,6685348,18752724.00
2023/08/17,2.75,2.85,2.73,2.84,17376313,49637144.00
2023/08/18,2.83,2.90,2.82,2.82,16630322,48285916.00
2023/08/21,2.82,2.86,2.78,2.79,12950191,37080576.00
2023/08/22,2.79,2.80,2.72,2.78,12084496,33892048.00
2023/08/23,2.78,2.78,2.71,2.72,12173000,33926396.00
2023/08/24,2.73,2.74,2.68,2.70,8261000,22768636.00
2023/08/25,2.69,2.75,2.64,2.66,12418568,34084532.00
2023/08/28,2.76,2.81,2.73,2.76,25319753,71399464.00
2023/08/29,2.75,2.86,2.74,2.84,21023356,60333592.00
2023/08/30,2.83,2.87,2.81,2.82,14196504,40996536.00
2023/08/31,2.82,2.84,2.77,2.79,9077160,25811376.00
2023/09/01,2.79,2.80,2.75,2.76,7343652,20693522.00
2023/09/04,2.76,2.84,2.76,2.83,12311825,35139668.00
2023/09/05,2.82,2.83,2.76,2.79,9542700,27056712.00
2023/09/06,2.77,2.82,2.76,2.80,9051032,25740476.00
2023/09/07,2.80,2.80,2.73,2.74,9780800,27487644.00
2023/09/08,2.73,2.74,2.71,2.73,5472820,15203769.00
2023/09/11,2.73,2.77,2.69,2.72,14994408,41549808.00
2023/09/12,2.72,2.74,2.70,2.72,8557888,23699652.00
2023/09/13,2.73,2.73,2.66,2.69,10451760,28676172.00
2023/09/14,2.69,2.69,2.64,2.66,9587405,25961046.00
2023/09/15,2.67,2.68,2.64,2.65,8064400,21855634.00
2023/09/18,2.65,2.72,2.65,2.70,9575253,26250980.00
2023/09/19,2.70,2.73,2.68,2.70,7157800,19682844.00
2023/09/20,2.70,2.71,2.67,2.68,6365436,17425988.00
2023/09/21,2.67,2.68,2.65,2.67,4900312,13313673.00
2023/09/22,2.66,2.76,2.66,2.74,15178903,41937448.00
2023/09/25,2.72,2.75,2.67,2.69,15020778,41423768.00
2023/09/26,2.69,2.96,2.67,2.82,57558650,166579984.00
2023/09/27,2.78,2.90,2.74,2.84,59136757,170348384.00
2023/09/28,2.83,2.90,2.81,2.84,34544921,100132704.00
2023/10/09,2.83,2.83,2.77,2.77,18053511,51255884.00
2023/10/10,2.78,2.79,2.73,2.76,16677917,46842516.00
2023/10/11,2.76,2.77,2.70,2.71,17613105,48888852.00
2023/10/12,2.72,2.74,2.71,2.73,9168400,25442440.00
2023/10/13,2.72,2.72,2.68,2.70,10837200,29801382.00
2023/10/16,2.70,2.73,2.67,2.71,8459360,23234196.00
2023/10/17,2.70,2.71,2.67,2.69,8445776,23120546.00
2023/10/18,2.68,2.70,2.65,2.65,10056363,27331636.00
2023/10/19,2.65,2.68,2.63,2.64,9514300,25674732.00
2023/10/20,2.63,2.66,2.61,2.63,7845176,21072280.00
2023/10/23,2.63,2.63,2.50,2.51,13722376,35711652.00
2023/10/24,2.52,2.58,2.52,2.58,8633958,22533832.00
2023/10/25,2.60,2.67,2.59,2.64,11465440,30835870.00
2023/10/26,2.63,2.68,2.60,2.67,10904308,29350778.00
2023/10/27,2.67,2.69,2.65,2.67,11119020,30238748.00
2023/10/30,2.66,2.68,2.65,2.66,10699466,29034382.00
2023/10/31,2.66,2.67,2.63,2.66,9125932,24665796.00
2023/11/01,2.65,2.67,2.64,2.66,5901348,15985227.00
2023/11/02,2.66,2.67,2.63,2.64,8057632,21775196.00
2023/11/03,2.65,2.75,2.64,2.70,18290244,50408648.00
2023/11/06,2.71,2.74,2.70,2.73,11565506,32015534.00
2023/11/07,2.72,2.75,2.71,2.74,12036040,33453764.00
2023/11/08,2.74,2.78,2.70,2.74,16414476,45705828.00
2023/11/09,2.73,2.74,2.70,2.71,8171870,22595860.00
2023/11/10,2.70,2.70,2.67,2.69,7478981,20465048.00
2023/11/13,2.69,2.72,2.68,2.72,7350990,20227738.00
2023/11/14,2.72,2.75,2.71,2.74,8587025,23951556.00
2023/11/15,2.75,2.76,2.73,2.74,7991196,22316082.00
2023/11/16,2.75,2.75,2.72,2.74,9335500,26012304.00
2023/11/17,2.73,2.74,2.71,2.73,9148276,25368626.00
2023/11/20,2.74,2.77,2.72,2.76,12981460,36357064.00
2023/11/21,2.77,2.78,2.74,2.76,12243767,34409328.00
2023/11/22,2.75,2.78,2.73,2.74,14266071,39999896.00
2023/11/23,2.75,2.78,2.73,2.75,12213444,34189660.00
2023/11/24,2.75,2.75,2.71,2.72,10996157,30603350.00
2023/11/27,2.72,2.76,2.71,2.74,13156262,36660436.00
2023/11/28,2.74,2.78,2.73,2.77,13305915,37446236.00
2023/11/29,2.78,2.79,2.73,2.74,13378560,37509796.00
2023/11/30,2.75,2.76,2.71,2.73,12672044,35262240.00
2023/12/01,2.73,2.77,2.72,2.76,13910887,38906300.00
2023/12/04,2.76,2.79,2.74,2.77,16667865,46937572.00
2023/12/05,2.77,2.77,2.69,2.70,12038713,33428020.00
2023/12/06,2.71,2.75,2.68,2.71,10650770,29474354.00
2023/12/07,2.71,2.72,2.67,2.68,10368900,28362096.00
2023/12/08,2.70,2.70,2.60,2.60,14134535,38050432.00
2023/12/11,2.60,2.66,2.58,2.63,12311348,32938260.00
2023/12/12,2.64,2.69,2.63,2.69,10619936,28865408.00
2023/12/13,2.68,2.74,2.66,2.71,12833432,35475964.00
2023/12/14,2.72,2.76,2.71,2.73,15411688,43005948.00
2023/12/15,2.74,2.77,2.71,2.75,15342427,42756504.00
2023/12/18,2.75,2.75,2.65,2.66,13883036,38030064.00
2023/12/19,2.67,2.83,2.65,2.76,34329982,96056168.00
2023/12/20,2.76,2.82,2.73,2.74,31709616,89566112.00
2023/12/21,2.71,2.79,2.70,2.78,23058140,64606280.00
2023/12/22,2.79,2.79,2.70,2.72,22648348,63068552.00
2023/12/25,2.73,2.73,2.65,2.68,13185600,36015652.00
2023/12/26,2.67,2.67,2.61,2.63,9270364,24887164.00
2023/12/27,2.63,2.67,2.61,2.65,8826884,23754734.00
2023/12/28,2.66,2.71,2.62,2.70,12227484,33417662.00
2023/12/29,2.71,2.74,2.69,2.73,9111700,25269560.00
2024/01/02,2.74,2.77,2.73,2.76,12488120,35043144.00
2024/01/03,2.76,2.77,2.73,2.75,13681812,38306372.00
2024/01/04,2.75,2.79,2.74,2.78,14487012,40801248.00
2024/01/05,2.79,2.79,2.71,2.73,15208144,42596660.00
2024/01/08,2.75,2.87,2.72,2.76,34064108,96705040.00
2024/01/09,2.78,3.04,2.76,3.04,161645820,489836256.00
2024/01/10,2.95,3.03,2.85,2.90,137609702,408406464.00
2024/01/11,2.88,3.20,2.88,3.20,136369409,424445792.00
2024/01/12,3.22,3.32,3.05,3.07,170965498,550049792.00
2024/01/15,3.06,3.13,2.98,3.01,86581942,267115488.00
2024/01/16,3.00,3.04,2.86,2.92,76432616,227221824.00
2024/01/17,2.91,3.22,2.89,3.13,169486536,544772608.00
2024/01/18,3.05,3.11,2.93,3.02,129509525,393999456.00
2024/01/19,2.99,3.02,2.88,2.89,65910360,195701872.00
2024/01/22,2.88,3.18,2.87,2.99,164735816,521198368.00
2024/01/23,2.93,3.04,2.80,2.84,144017731,426476800.00
2024/01/24,2.80,3.13,2.79,3.00,153617668,471270336.00
2024/01/25,2.99,3.20,2.97,3.09,130220514,407388352.00
2024/01/26,3.05,3.17,3.02,3.06,76476030,239273072.00
2024/01/29,3.08,3.17,2.99,3.01,95204500,298928160.00
2024/01/30,3.02,3.32,2.89,3.32,174160448,566044608.00
2024/01/31,3.40,3.57,3.06,3.18,207242860,698930816.00
2024/02/01,3.09,3.36,3.03,3.22,158936610,515938112.00
2024/02/02,3.17,3.20,2.89,2.90,152024772,459910496.00
2024/02/05,2.78,2.80,2.61,2.61,75024168,200809888.00
2024/02/06,2.49,2.68,2.34,2.58,69503874,176339712.00
2024/02/07,2.55,2.63,2.45,2.47,49969248,128936048.00
2024/02/08,2.47,2.63,2.43,2.61,49394096,128001984.00
2024/02/19,2.64,2.71,2.59,2.66,51815176,139888016.00
2024/02/20,2.63,2.74,2.58,2.69,44326429,121019096.00
2024/02/21,2.66,2.77,2.63,2.70,50409665,139460704.00
2024/02/22,2.68,2.74,2.67,2.72,43448281,119474592.00
2024/02/23,2.72,2.77,2.69,2.75,44919656,124708736.00
2024/02/26,2.79,3.03,2.79,3.03,81665306,247670896.00
2024/02/27,3.12,3.21,3.05,3.14,153323156,487023040.00
2024/02/28,3.13,3.36,2.99,3.00,144809282,467036544.00
2024/02/29,2.96,3.17,2.96,3.09,92898483,289621312.00
2024/03/01,3.09,3.12,3.01,3.05,60546264,187352464.00
2024/03/04,3.05,3.17,3.03,3.09,75096193,236353552.00
2024/03/05,3.07,3.09,3.01,3.03,49261395,152005040.00
2024/03/06,3.01,3.12,3.01,3.09,53440821,167509680.00
2024/03/07,3.13,3.29,3.11,3.15,93678211,302782432.00
2024/03/08,3.14,3.17,3.07,3.13,50015949,157940512.00
2024/03/11,3.13,3.16,3.09,3.14,36647220,115940792.00
2024/03/12,3.12,3.18,3.10,3.11,43657079,138861232.00
2024/03/13,3.10,3.14,3.08,3.10,37574885,118735864.00
2024/03/14,3.11,3.19,3.05,3.12,55027293,173948224.00
2024/03/15,3.11,3.19,3.09,3.19,59320646,190435664.00
2024/03/18,3.21,3.23,3.16,3.21,49207205,159537600.00
2024/03/19,3.21,3.22,3.13,3.14,49553039,159178192.00
2024/03/20,3.15,3.29,3.14,3.27,83262623,273787168.00
2024/03/21,3.24,3.36,3.21,3.32,65925793,219199856.00
2024/03/22,3.31,3.37,3.25,3.26,56657036,189522048.00
2024/03/25,3.23,3.28,3.10,3.11,51688882,167332304.00
2024/03/26,3.13,3.14,3.01,3.08,40517781,126035304.00
2024/03/27,3.08,3.10,2.95,2.95,35169840,107706224.00
2024/03/28,2.93,3.12,2.92,3.08,40932544,126839776.00
2024/03/29,3.08,3.12,3.06,3.10,25840649,81260336.00
2024/04/01,3.12,3.19,3.10,3.19,35900391,115098616.00
2024/04/02,3.21,3.23,3.18,3.20,27744580,90151448.00
2024/04/03,3.20,3.21,3.12,3.13,21675186,69267744.00
2024/04/08,3.11,3.13,3.00,3.02,32224448,99951832.00
2024/04/09,3.02,3.05,2.99,3.04,19416027,59591452.00
2024/04/10,3.03,3.07,2.96,3.00,25928467,79291304.00
2024/04/11,2.97,3.26,2.92,3.17,64367018,204271680.00
2024/04/12,3.17,3.22,3.10,3.13,41028534,131385056.00
2024/04/15,3.14,3.23,3.05,3.22,76934664,248115792.00
2024/04/16,3.20,3.20,2.89,2.89,67411821,203574816.00
2024/04/17,2.83,2.99,2.79,2.98,59203608,176629328.00
2024/04/18,2.98,3.04,2.92,2.93,41887759,126533512.00
2024/04/19,2.90,3.03,2.89,2.92,33907787,101826712.00
2024/04/22,2.89,2.92,2.76,2.77,37494536,107489232.00
2024/04/23,2.82,2.85,2.77,2.81,23927000,68448216.00
2024/04/24,2.81,2.89,2.80,2.86,18657286,54222012.00
2024/04/25,2.84,2.88,2.81,2.82,20506406,59334716.00
2024/04/26,2.80,2.93,2.80,2.90,27537368,80717496.00
2024/04/29,2.87,2.96,2.87,2.94,26959045,80168800.00
2024/04/30,2.94,2.95,2.85,2.85,27781564,81575680.00
2024/05/06,2.89,2.91,2.86,2.89,20029214,58717780.00
2024/05/07,2.89,2.89,2.83,2.86,18525778,53910800.00
2024/05/08,2.86,2.87,2.81,2.81,17059000,49094944.00
2024/05/09,2.81,2.89,2.80,2.86,19335935,56185168.00
2024/05/10,2.85,2.86,2.80,2.84,21739160,62610072.00
2024/05/13,2.84,2.84,2.78,2.81,18180601,51822880.00
2024/05/14,2.81,2.92,2.81,2.85,26425040,77036136.00
2024/05/15,2.85,2.87,2.80,2.82,14854600,42675552.00
2024/05/16,2.82,2.86,2.81,2.83,13436581,38744024.00
2024/05/17,2.82,2.84,2.80,2.83,13584800,38957120.00
2024/05/20,2.84,2.85,2.81,2.82,13510316,38878044.00
2024/05/21,2.82,2.82,2.73,2.74,22264220,62633864.00
2024/05/22,2.72,2.76,2.72,2.74,9595300,26765200.00
2024/05/23,2.73,2.74,2.68,2.68,14077757,38717336.00
2024/05/24,2.68,2.72,2.68,2.69,10509901,28890328.00
2024/05/27,2.69,2.72,2.66,2.71,9807424,26864560.00
2024/05/28,2.71,2.71,2.68,2.68,5893408,16154038.00
2024/05/29,2.68,2.71,2.66,2.68,7531300,20581048.00
2024/05/30,2.66,2.69,2.65,2.67,6676943,18169252.00
2024/05/31,2.68,2.69,2.66,2.69,6210728,16959072.00
2024/06/03,2.70,2.70,2.55,2.58,21900300,58216524.00
2024/06/04,2.58,2.59,2.50,2.58,12762508,33101028.00
2024/06/05,2.58,2.58,2.51,2.51,9903141,25523242.00
2024/06/06,2.50,2.52,2.38,2.40,23360196,57974096.00
2024/06/07,2.42,2.49,2.42,2.48,15609193,39191976.00
2024/06/11,2.47,2.47,2.42,2.45,10597808,26409776.00
2024/06/12,2.45,2.49,2.44,2.47,11947533,30062282.00
2024/06/13,2.48,2.50,2.44,2.45,9636217,24205274.00
2024/06/14,2.45,2.47,2.42,2.46,9141613,22818390.00
2024/06/17,2.44,2.46,2.40,2.41,9222000,22820828.00
2024/06/18,2.28,2.33,2.17,2.30,53865171,123636168.00
2024/06/19,2.31,2.38,2.26,2.26,28514054,67211104.00
2024/06/20,2.26,2.27,2.18,2.19,18147417,41110032.00
2024/06/21,2.18,2.21,2.13,2.17,13556889,30234524.00
2024/06/24,2.17,2.17,2.08,2.10,16930183,36600340.00
2024/06/25,2.11,2.15,2.09,2.11,20795423,45066320.00
2024/06/26,2.12,2.16,2.08,2.15,23766397,51029932.00
2024/06/27,2.15,2.17,2.11,2.11,17489012,37949632.00
2024/06/28,2.12,2.17,2.10,2.12,14475948,31435802.00
2024/07/01,2.12,2.15,2.09,2.14,14229840,30638844.00
2024/07/02,2.14,2.18,2.13,2.17,16990128,37264772.00
2024/07/03,2.18,2.19,2.16,2.17,14539668,32034640.00
2024/07/04,2.18,2.19,2.08,2.09,18791988,40550592.00
2024/07/05,2.08,2.14,2.06,2.13,15145721,32388666.00
2024/07/08,2.12,2.12,2.03,2.04,13557104,28389630.00
2024/07/09,2.04,2.07,1.98,2.04,21208625,43480616.00
2024/07/10,2.02,2.03,1.97,1.98,15748192,31856274.00
2024/07/11,2.01,2.09,2.01,2.09,25124377,52528308.00
2024/07/12,2.08,2.11,2.05,2.07,14227977,29971934.00
2024/07/15,2.15,2.20,2.11,2.12,33801165,73521296.00
2024/07/16,2.10,2.17,2.07,2.13,22666345,49059300.00
2024/07/17,2.13,2.13,2.10,2.11,9938625,21311440.00
2024/07/18,2.10,2.13,2.06,2.12,16968569,36189988.00
2024/07/19,2.11,2.19,2.10,2.15,16257783,35357856.00
2024/07/22,2.15,2.17,2.13,2.16,15543336,33875096.00
2024/07/23,2.15,2.21,2.15,2.15,20736919,45894580.00
2024/07/24,2.14,2.17,2.11,2.12,14422284,31151702.00
2024/07/25,2.11,2.15,2.09,2.12,12128400,26039272.00
2024/07/26,2.13,2.20,2.12,2.19,20250284,44530880.00
2024/07/29,2.19,2.22,2.18,2.21,15802140,35314984.00
2024/07/30,2.20,2.23,2.18,2.22,13153566,29468876.00
2024/07/31,2.21,2.31,2.21,2.31,24005846,55425916.00
2024/08/01,2.30,2.34,2.30,2.32,15391672,36112444.00
2024/08/02,2.31,2.34,2.28,2.29,13156519,30749956.00
2024/08/05,2.28,2.31,2.22,2.23,16782506,38526964.00
2024/08/06,2.24,2.29,2.24,2.29,15375600,35329124.00
2024/08/07,2.29,2.33,2.28,2.28,12570954,29248990.00
2024/08/08,2.28,2.29,2.24,2.27,12893000,29569840.00
2024/08/09,2.28,2.29,2.23,2.24,12091600,27677004.00
2024/08/12,2.24,2.26,2.22,2.22,9798880,22232378.00
2024/08/13,2.22,2.27,2.21,2.27,10350036,23509284.00
2024/08/14,2.27,2.28,2.24,2.25,7246400,16579528.00
2024/08/15,2.24,2.28,2.22,2.26,9441098,21554520.00
2024/08/16,2.27,2.27,2.20,2.21,16787030,37975056.00
2024/08/19,2.22,2.25,2.19,2.23,13388049,30202602.00
2024/08/20,2.25,2.25,2.17,2.19,12820900,28502524.00
2024/08/21,2.18,2.20,2.16,2.18,9204608,20352816.00
2024/08/22,2.20,2.20,2.14,2.15,10297600,22621100.00
2024/08/23,2.15,2.16,2.10,2.14,11985052,25870682.00
2024/08/26,2.14,2.18,2.13,2.15,15735092,34408756.00
2024/08/27,2.16,2.18,2.13,2.13,12151692,26485576.00
2024/08/28,2.13,2.20,2.12,2.17,16258768,35760476.00
2024/08/29,2.18,2.22,2.14,2.21,15540892,34475260.00
2024/08/30,2.22,2.26,2.20,2.24,16217608,36793680.00
2024/09/02,2.24,2.28,2.22,2.22,14708200,33517172.00
2024/09/03,2.22,2.24,2.21,2.22,8390900,18911228.00
2024/09/04,2.21,2.24,2.20,2.22,9933026,22376682.00
2024/09/05,2.22,2.25,2.20,2.22,10788600,24315630.00
2024/09/06,2.21,2.23,2.17,2.18,12725304,28345238.00
2024/09/09,2.16,2.19,2.15,2.18,8383184,18454110.00
2024/09/10,2.18,2.19,2.13,2.18,8602608,18846398.00
2024/09/11,2.19,2.19,2.14,2.16,8901000,19519856.00
2024/09/12,2.17,2.20,2.16,2.17,10571200,23373328.00
2024/09/13,2.18,2.19,2.13,2.14,10895500,23742176.00
2024/09/18,2.14,2.17,2.10,2.17,12030540,26035814.00
2024/09/19,2.17,2.23,2.15,2.22,19776928,44122100.00
2024/09/20,2.23,2.27,2.19,2.24,26715400,60186960.00
2024/09/23,2.24,2.26,2.21,2.26,20438654,46250800.00
2024/09/24,2.27,2.30,2.25,2.30,26769596,61770392.00
2024/09/25,2.32,2.38,2.31,2.32,33741992,80073112.00
2024/09/26,2.32,2.46,2.31,2.44,43088752,103901992.00
2024/09/27,2.46,2.52,2.43,2.50,39235776,98080344.00
2024/09/30,2.62,2.73,2.51,2.70,73166773,194322448.00
2024/10/08,2.97,2.97,2.70,2.81,80175695,229176496.00
2024/10/09,2.79,2.79,2.57,2.57,55855452,150888720.00
2024/10/10,2.61,2.68,2.55,2.62,33383469,88544296.00
2024/10/11,2.62,2.62,2.47,2.49,27428872,70513576.00
2024/10/14,2.54,2.58,2.50,2.58,23830279,61424952.00
2024/10/15,2.57,2.59,2.52,2.53,23889208,61749104.00
2024/10/16,2.48,2.58,2.48,2.56,21670980,55814944.00
2024/10/17,2.58,2.59,2.49,2.50,23566959,60521348.00
2024/10/18,2.51,2.58,2.49,2.56,33899880,87246920.00
2024/10/21,2.56,2.58,2.52,2.55,39472308,101645840.00
2024/10/22,2.54,2.62,2.53,2.61,37162176,97484184.00
2024/10/23,2.62,2.70,2.61,2.65,41603048,111931776.00
2024/10/24,2.63,2.68,2.62,2.67,26186743,70208760.00
2024/10/25,2.66,2.77,2.66,2.77,45281196,125444920.00
2024/10/28,2.83,3.03,2.78,2.95,124661913,371164288.00
2024/10/29,3.03,3.05,2.87,2.88,96526099,288267808.00
2024/10/30,2.86,2.92,2.83,2.90,49351798,143581552.00
2024/10/31,2.91,3.17,2.91,3.03,100522033,311594432.00
2024/11/01,3.01,3.11,2.95,2.96,72171860,219498960.00
2024/11/04,2.95,3.04,2.88,3.02,52837678,158721440.00
2024/11/05,3.07,3.10,3.01,3.07,62290436,191565952.00
2024/11/06,3.06,3.20,3.03,3.12,78184654,245180000.00
2024/11/07,3.10,3.23,3.08,3.20,62336592,199162800.00
2024/11/08,3.25,3.25,3.09,3.11,62516138,198521680.00
2024/11/11,3.11,3.14,3.04,3.12,51890021,161334144.00
2024/11/12,3.15,3.16,2.99,3.03,43434708,134325520.00
2024/11/13,3.03,3.05,2.92,2.98,47586928,142619952.00
2024/11/14,2.98,2.99,2.85,2.87,36233816,106296576.00
2024/11/15,2.87,2.90,2.81,2.82,30978577,89529736.00
2024/11/18,2.84,2.87,2.76,2.78,33797497,96124688.00
2024/11/19,2.79,2.85,2.76,2.84,25696308,72734760.00
2024/11/20,2.82,2.93,2.82,2.92,26368966,77097872.00
2024/11/21,2.94,2.96,2.90,2.94,23299723,68885936.00
2024/11/22,2.94,2.96,2.83,2.84,25991452,76321112.00
2024/11/25,2.87,2.95,2.84,2.91,30674606,89414856.00
2024/11/26,2.92,3.05,2.89,2.97,58459716,175908320.00
2024/11/27,2.96,3.10,2.87,3.05,68832768,207709424.00
2024/11/28,3.05,3.14,3.01,3.09,61286401,190792720.00
2024/11/29,3.10,3.11,3.01,3.09,46490655,143880816.00
2024/12/02,3.09,3.40,3.09,3.31,173873896,583819456.00
2024/12/03,3.30,3.34,3.19,3.24,137535837,450532224.00
2024/12/04,3.26,3.57,3.22,3.57,236329225,831649216.00
2024/12/05,3.52,3.93,3.43,3.93,289285951,1087593728.00
2024/12/06,4.27,4.27,3.69,3.79,371352301,1525739264.00
2024/12/09,3.67,4.17,3.67,4.17,129086324,523779968.00
2024/12/10,4.59,4.59,4.30,4.59,197071642,899636416.00
2024/12/11,4.57,4.77,4.19,4.28,358556195,1587965952.00
2024/12/12,4.22,4.27,3.93,4.09,237660062,974656192.00
2024/12/13,4.07,4.50,4.04,4.50,202949894,903369984.00
2024/12/16,4.56,4.95,4.35,4.75,434595639,2034002944.00
2024/12/17,4.46,4.52,4.27,4.27,140201397,607490304.00
2024/12/18,3.86,4.19,3.84,3.97,214181044,852243008.00
2024/12/19,3.90,3.94,3.65,3.69,142190717,539630656.00
2024/12/20,3.78,3.85,3.71,3.73,109100219,414096768.00
2024/12/23,3.79,3.82,3.41,3.45,122019738,435117824.00
2024/12/24,3.50,3.54,3.35,3.42,91331119,313846784.00
2024/12/25,3.39,3.41,3.17,3.23,85634092,280460320.00
2024/12/26,3.24,3.37,3.19,3.29,74006953,246837712.00
2024/12/27,3.32,3.46,3.31,3.35,80000272,272991168.00
2024/12/30,3.34,3.34,3.22,3.27,60507500,199097792.00
2024/12/31,3.29,3.37,3.23,3.24,71963708,239211232.00
2025/01/02,3.22,3.29,3.13,3.16,71346248,231091488.00
2025/01/03,3.22,3.23,2.95,2.97,76995864,236914448.00
2025/01/06,2.95,2.98,2.78,2.92,59805631,176032320.00
2025/01/07,2.94,3.04,2.90,3.03,53617622,160913392.00
2025/01/08,3.03,3.10,2.92,3.07,68503770,209039312.00
2025/01/09,3.20,3.22,3.10,3.12,91817221,291798400.00
2025/01/10,3.17,3.44,3.06,3.36,215381985,729614784.00
2025/01/13,3.18,3.24,3.06,3.16,142134895,452582528.00
2025/01/14,3.22,3.38,3.18,3.37,134158590,446858304.00
2025/01/15,3.38,3.52,3.27,3.44,152156641,520294496.00
2025/01/16,3.41,3.52,3.33,3.37,113307253,390981152.00
2025/01/17,3.37,3.43,3.28,3.29,80791924,272476576.00
2025/01/20,3.33,3.39,3.27,3.35,72218585,243877344.00
2025/01/21,3.36,3.38,3.27,3.30,58878784,196676880.00
2025/01/22,3.27,3.32,3.21,3.22,50304060,164600448.00
2025/01/23,3.27,3.35,3.20,3.21,53409500,176471504.00
2025/01/24,3.21,3.22,3.13,3.20,54668976,175002048.00
2025/01/27,3.21,3.25,3.10,3.10,45472273,144902768.00
2025/02/05,3.14,3.27,3.13,3.24,61131707,197863056.00
2025/02/06,3.24,3.41,3.21,3.40,85583100,289066176.00
2025/02/07,3.39,3.45,3.33,3.39,106052683,363254752.00
2025/02/10,3.39,3.45,3.37,3.44,67747287,233690112.00
2025/02/11,3.44,3.45,3.36,3.40,49316971,168551936.00
2025/02/12,3.42,3.49,3.37,3.47,82713892,287754944.00
2025/02/13,3.47,3.52,3.41,3.41,63567958,220919392.00
2025/02/14,3.40,3.41,3.30,3.32,56833831,191896688.00
2025/02/17,3.32,3.49,3.30,3.47,80447912,278044096.00
2025/02/18,3.47,3.51,3.37,3.39,76928151,266846224.00
2025/02/19,3.39,3.59,3.35,3.56,136451635,484873760.00
2025/02/20,3.57,3.57,3.48,3.52,87777092,311109792.00
2025/02/21,3.52,3.58,3.45,3.54,85963976,305333152.00
2025/02/24,3.56,3.58,3.47,3.50,68634628,243092016.00
2025/02/25,3.45,3.54,3.42,3.48,54209407,191240624.00
2025/02/26,3.48,3.83,3.48,3.83,167384233,624463744.00
2025/02/27,3.83,3.86,3.66,3.71,177587749,668863680.00
2025/02/28,3.71,3.74,3.50,3.53,95062004,345792448.00
2025/03/03,3.59,3.72,3.55,3.59,113835522,415675488.00
2025/03/04,3.59,3.70,3.55,3.67,91433120,335795104.00
2025/03/05,3.65,3.85,3.56,3.75,141730035,531435616.00
2025/03/06,3.73,3.81,3.70,3.76,119423852,453382784.00
2025/03/07,3.76,3.93,3.72,3.81,139904381,540241088.00
2025/03/10,3.81,4.18,3.81,4.01,176232232,708618560.00
2025/03/11,3.97,4.15,3.90,4.03,132221314,531725024.00
2025/03/12,4.02,4.02,3.93,3.93,90377376,359887936.00
2025/03/13,3.89,3.89,3.73,3.78,92533431,354133824.00
2025/03/14,3.75,3.81,3.72,3.80,58853904,223594032.00
2025/03/17,3.82,3.84,3.77,3.78,54676462,209564048.00
2025/03/18,3.78,3.81,3.74,3.77,45742621,173838192.00
2025/03/19,3.74,4.09,3.73,3.97,134934846,534022144.00
2025/03/20,3.92,4.07,3.87,4.01,116461450,468155232.00
2025/03/21,3.97,4.36,3.96,4.20,183696442,765045888.00
2025/03/24,4.14,4.43,3.98,4.31,191927026,815706560.00
2025/03/25,4.21,4.28,3.98,3.99,119384951,496059936.00
2025/03/26,3.94,4.34,3.93,4.15,114953083,481592288.00
2025/03/27,4.08,4.26,3.98,4.04,105645647,436333056.00
2025/03/28,4.00,4.04,3.80,3.81,94708578,371167520.00
2025/03/31,3.73,3.74,3.53,3.60,69238956,251541296.00
2025/04/01,3.63,3.75,3.59,3.69,51293581,189109232.00
2025/04/02,3.69,3.73,3.59,3.61,38100488,139943648.00
2025/04/03,3.55,3.62,3.49,3.52,40028614,143135168.00
2025/04/07,3.17,3.30,3.17,3.17,33480100,107630968.00
2025/04/08,3.05,3.20,2.96,3.04,57154905,176281200.00
2025/04/09,3.02,3.20,2.73,3.15,65650471,198884320.00
2025/04/10,3.22,3.29,3.19,3.22,52368812,171557424.00
2025/04/11,3.18,3.25,3.17,3.22,35982356,117258800.00
2025/04/14,3.27,3.36,3.27,3.32,43411400,145404224.00
2025/04/15,3.34,3.35,3.25,3.33,32566766,108623080.00
2025/04/16,3.30,3.33,3.18,3.21,33831600,110437464.00
2025/04/17,3.20,3.27,3.18,3.21,22698680,74169768.00
2025/04/18,3.21,3.25,3.19,3.23,23805500,77333640.00
2025/04/21,3.25,3.33,3.21,3.33,30179220,100072384.00
2025/04/22,3.33,3.35,3.26,3.29,24059952,79987128.00
2025/04/23,3.31,3.39,3.31,3.34,35764728,120825424.00
2025/04/24,3.34,3.35,3.25,3.28,29780772,98848952.00
2025/04/25,3.28,3.32,3.25,3.30,20960240,69645888.00
2025/04/28,3.40,3.52,3.35,3.37,58136984,200393072.00
2025/04/29,3.32,3.44,3.32,3.44,35860556,123087896.00
2025/04/30,3.43,3.50,3.41,3.45,35244712,123416704.00
2025/05/06,3.51,3.59,3.49,3.58,42659684,153033776.00
2025/05/07,3.65,3.65,3.55,3.60,51245664,185308272.00
2025/05/08,3.61,3.68,3.58,3.66,41507121,152863440.00
2025/05/09,3.65,3.65,3.56,3.59,35959784,130400632.00
2025/05/12,3.61,3.69,3.61,3.68,39580056,145570192.00
2025/05/13,3.77,4.05,3.72,3.86,167308356,663447232.00
2025/05/14,3.75,3.79,3.69,3.73,108535281,408060128.00
2025/05/15,3.72,3.72,3.62,3.66,59955767,221330160.00
2025/05/16,3.64,3.73,3.64,3.65,38089835,141366960.00
2025/05/19,3.64,3.71,3.63,3.69,33044564,122459400.00
2025/05/20,3.70,3.72,3.65,3.71,32783831,122167448.00
2025/05/21,3.69,3.71,3.64,3.67,27023328,99773856.00
2025/05/22,3.67,3.69,3.59,3.60,30555304,111778176.00
2025/05/23,3.61,3.65,3.53,3.54,30459600,110444472.00
2025/05/26,3.52,3.60,3.52,3.59,26219047,94590608.00
2025/05/27,3.59,3.60,3.55,3.59,22075708,79545584.00
2025/05/28,3.59,3.71,3.57,3.71,60090468,221374816.00
2025/05/29,3.70,3.75,3.67,3.72,48831400,182976384.00
2025/05/30,3.70,3.71,3.60,3.61,34614459,126827096.00
2025/06/03,3.61,3.64,3.59,3.63,18420560,67251200.00
2025/06/04,3.61,3.65,3.61,3.64,20640764,75650704.00
2025/06/05,3.63,3.71,3.62,3.69,36663970,135713152.00
2025/06/06,3.70,3.70,3.64,3.66,20858520,76883992.00
2025/06/09,3.66,3.73,3.66,3.71,32497489,121156536.00
2025/06/10,3.71,3.72,3.60,3.67,34355752,126673360.00
2025/06/11,3.66,3.71,3.64,3.68,23183992,86101168.00
2025/06/12,3.67,3.68,3.62,3.63,23571772,86498832.00
2025/06/13,3.63,3.63,3.53,3.54,30874659,111003824.00
2025/06/16,3.52,3.56,3.50,3.54,15061608,53743328.00
2025/06/17,3.54,3.56,3.52,3.55,14600118,52082004.00
2025/06/18,3.54,3.55,3.48,3.49,19483893,68709840.00
2025/06/19,3.47,3.49,3.36,3.37,28647852,98577664.00
2025/06/20,3.39,3.43,3.35,3.36,18400636,62830588.00
2025/06/23,3.31,3.41,3.30,3.41,17303532,58901272.00
2025/06/24,3.42,3.51,3.41,3.51,21896460,76912504.00
2025/06/25,3.51,3.56,3.50,3.55,26714051,95161936.00
2025/06/26,3.54,3.60,3.54,3.55,27700636,99719432.00
2025/06/27,3.56,3.59,3.54,3.57,20691253,74534672.00
2025/06/30,3.58,3.63,3.56,3.62,22161835,80677152.00
2025/07/01,3.62,3.64,3.60,3.63,19774664,72145568.00
2025/07/02,3.63,3.69,3.59,3.66,33522634,123323376.00
2025/07/03,3.66,3.69,3.62,3.64,22971903,84358904.00
2025/07/04,3.63,3.66,3.60,3.61,23147554,84328920.00
2025/07/07,3.61,3.69,3.59,3.66,25652900,94335768.00
2025/07/08,3.66,3.69,3.65,3.68,25775333,95188960.00
2025/07/09,3.70,3.73,3.66,3.67,26474048,98455984.00
2025/07/10,3.66,3.70,3.65,3.68,19538725,72212936.00
2025/07/11,3.70,3.71,3.65,3.70,25075419,92837912.00
2025/07/14,3.69,3.76,3.68,3.74,33701764,126442544.00
2025/07/15,3.75,3.76,3.65,3.70,28928220,107429528.00
2025/07/16,3.70,3.73,3.67,3.72,26596180,99228360.00
2025/07/17,3.70,3.76,3.69,3.75,30177467,113089504.00
2025/07/18,3.76,3.77,3.71,3.75,26506466,99658696.00
2025/07/21,3.79,3.91,3.78,3.88,57184024,221045456.00
2025/07/22,3.88,4.02,3.85,4.00,91993353,367348160.00
2025/07/23,4.02,4.04,3.86,3.88,77909508,307921152.00
2025/07/24,3.86,4.13,3.85,4.09,101126126,406506624.00
2025/07/25,4.12,4.12,3.98,4.00,107498489,434972512.00
2025/07/28,4.04,4.13,3.98,4.04,60708710,246050144.00
2025/07/29,4.00,4.03,3.92,3.98,52510998,208997984.00
2025/07/30,3.98,3.98,3.88,3.92,38367520,151424048.00
2025/07/31,3.90,3.93,3.84,3.85,43224087,168431408.00
2025/08/01,3.85,3.89,3.83,3.88,28280999,110123720.00
2025/08/04,3.85,3.94,3.85,3.94,29671573,116625256.00
2025/08/05,3.94,3.96,3.91,3.94,23991782,94818408.00
2025/08/06,3.95,4.01,3.94,4.00,37281630,149237536.00
2025/08/07,4.01,4.01,3.93,3.94,32461400,128807848.00
2025/08/08,3.93,3.98,3.92,3.97,30049384,119721984.00
2025/08/11,3.98,4.04,3.97,4.02,37226743,150260384.00
2025/08/12,4.02,4.04,3.98,4.00,23379331,94004800.00
2025/08/13,4.01,4.03,3.96,4.02,35288075,141923696.00
2025/08/14,4.03,4.04,3.89,3.91,37785016,149793888.00
2025/08/15,3.93,3.97,3.91,3.93,25076614,99146584.00
2025/08/18,3.95,3.96,3.90,3.91,51324782,202880288.00
2025/08/19,3.92,4.01,3.88,3.99,53987400,214306048.00
2025/08/20,3.97,4.01,3.95,4.00,32862652,131471520.00
2025/08/21,4.00,4.00,3.93,3.96,34001021,135434240.00
2025/08/22,3.95,3.97,3.91,3.94,32981166,130143272.00
2025/08/25,3.96,4.00,3.91,3.94,46044543,182886944.00
2025/08/26,3.92,3.96,3.89,3.94,36628170,144640304.00
2025/08/27,3.95,3.97,3.82,3.82,51401196,201487056.00
2025/08/28,3.81,3.86,3.68,3.83,51657841,196544176.00
2025/08/29,3.83,3.84,3.76,3.77,29050122,110740024.00
2025/09/01,3.76,3.81,3.75,3.77,23020243,87374968.00
2025/09/02,3.77,3.81,3.69,3.77,34550837,130034872.00
2025/09/03,3.78,3.84,3.70,3.73,35039177,132987840.00
2025/09/04,3.71,3.77,3.66,3.73,34185694,128088768.00
2025/09/05,3.75,3.79,3.73,3.79,33060722,125341080.00
2025/09/08,3.79,3.86,3.78,3.82,27885661,107260312.00
2025/09/09,3.80,3.82,3.75,3.76,23287500,88341072.00
2025/09/10,3.77,3.80,3.74,3.76,16783917,63445684.00
2025/09/11,3.76,3.83,3.70,3.81,30268345,115055208.00
2025/09/12,3.82,3.82,3.78,3.80,20531764,78460400.00
2025/09/15,3.81,3.81,3.75,3.78,16886248,64117248.00
2025/09/16,3.78,3.88,3.77,3.88,47880741,185069712.00
2025/09/17,3.88,3.88,3.82,3.84,30096453,116167976.00
2025/09/18,3.82,3.90,3.75,3.79,46036153,177716592.00
2025/09/19,3.77,3.80,3.72,3.78,32012673,120849600.00
2025/09/22,3.77,3.83,3.71,3.80,27785357,105341928.00
2025/09/23,3.86,3.88,3.73,3.82,44046370,168045808.00
2025/09/24,3.79,3.93,3.75,3.90,45676430,176478960.00
2025/09/25,3.91,3.97,3.84,3.85,47970782,188576816.00
2025/09/26,3.82,3.85,3.76,3.76,27589982,105178264.00
2025/09/29,3.76,3.80,3.67,3.77,27786520,104213760.00
2025/09/30,3.78,4.03,3.75,3.86,53655032,209016512.00
2025/10/09,3.86,4.08,3.84,4.00,72815514,290594240.00
2025/10/10,3.98,4.03,3.94,3.99,40610386,162598768.00
2025/10/13,3.87,4.07,3.81,4.06,61338300,246255408.00
2025/10/14,4.05,4.10,3.99,4.01,47759907,193969152.00
2025/10/15,3.99,4.07,3.98,4.05,38543576,156133808.00
2025/10/16,4.06,4.06,3.96,3.97,30522876,122575976.00
2025/10/17,3.98,3.98,3.83,3.84,31700700,124073400.00
2025/10/20,3.88,3.91,3.84,3.88,24555707,95493288.00
2025/10/21,3.88,4.27,3.88,4.27,110066339,464236576.00
2025/10/22,4.27,4.57,4.18,4.37,217245945,948831360.00
2025/10/23,4.33,4.37,4.20,4.27,115126250,492308704.00
2025/10/24,4.29,4.32,4.13,4.15,85758589,360256736.00
2025/10/27,4.19,4.33,4.13,4.32,118411460,504946304.00
2025/10/28,4.28,4.39,4.25,4.33,96927861,421004608.00
2025/10/29,4.39,4.51,4.33,4.41,134025914,594334720.00
2025/10/30,4.39,4.46,4.31,4.33,88188464,386774208.00
2025/10/31,4.32,4.38,4.29,4.34,61803236,269353824.00
2025/11/03,4.32,4.44,4.30,4.43,72352155,319682240.00
2025/11/04,4.38,4.51,4.37,4.49,78704186,352041920.00
2025/11/05,4.44,4.68,4.40,4.54,102138371,468776096.00
2025/11/06,4.57,4.58,4.41,4.45,78598212,351665504.00
2025/11/07,4.43,4.44,4.36,4.37,62808050,276968032.00
2025/11/10,4.39,4.40,4.28,4.31,55165286,238990848.00
2025/11/11,4.30,4.35,4.30,4.33,38579437,167656480.00
2025/11/12,4.34,4.34,4.21,4.23,44481361,189971120.00
2025/11/13,4.23,4.28,4.17,4.25,33934608,144711520.00
2025/11/14,4.23,4.30,4.20,4.25,32020755,137076384.00
2025/11/17,4.25,4.37,4.24,4.33,43933104,190382480.00
2025/11/18,4.31,4.33,4.20,4.24,39334315,167435296.00
2025/11/19,4.22,4.26,4.11,4.14,41103471,171617856.00
2025/11/20,4.15,4.18,4.10,4.11,26137607,108539632.00
2025/11/21,4.06,4.12,3.88,3.93,51682979,206416816.00
2025/11/24,3.95,4.00,3.89,3.98,34737908,137717952.00
2025/11/25,3.99,4.03,3.97,4.00,26977430,108540544.00
2025/11/26,3.99,4.07,3.98,3.99,28054008,113634488.00
2025/11/27,4.00,4.02,3.92,3.93,21806469,86768816.00
2025/11/28,3.94,4.02,3.92,4.02,27126260,108507048.00
2025/12/01,4.00,4.08,4.00,4.04,34647611,140457520.00
2025/12/02,4.01,4.09,3.96,4.05,32835860,132971224.00
2025/12/03,4.03,4.10,4.00,4.06,28500415,116108736.00
2025/12/04,4.03,4.16,4.03,4.10,40744137,168360864.00
2025/12/05,4.08,4.20,4.05,4.20,37897379,158274496.00
2025/12/08,4.22,4.32,4.19,4.27,51430576,219987552.00
2025/12/09,4.23,4.26,4.11,4.13,38033887,159239392.00
2025/12/10,4.13,4.18,4.08,4.13,27221741,112964632.00
2025/12/11,4.16,4.21,4.06,4.07,35622860,147914992.00
2025/12/12,4.07,4.14,4.02,4.03,36609915,150372352.00
2025/12/15,4.00,4.07,3.99,4.04,27074253,109811624.00
2025/12/16,4.05,4.05,3.81,3.82,51432928,200786544.00
2025/12/17,3.85,3.87,3.70,3.79,39224975,148674208.00
2025/12/18,3.79,3.85,3.78,3.80,30083425,115416472.00
2025/12/19,3.80,3.93,3.80,3.93,33618054,131646904.00
2025/12/22,3.95,4.33,3.95,4.33,53396921,228382592.00
2025/12/23,4.33,4.37,4.20,4.30,148939850,639719488.00
2025/12/24,4.23,4.30,4.21,4.25,63979764,272987264.00
2025/12/25,4.25,4.38,4.24,4.36,71035239,309125152.00
2025/12/26,4.34,4.36,4.27,4.33,47617347,206833872.00
2025/12/29,4.33,4.33,4.26,4.28,41097717,177053104.00
2025/12/30,4.25,4.32,4.21,4.27,38179336,163983328.00
2025/12/31,4.27,4.30,4.22,4.27,33361600,142894000.00
2026/01/05,4.28,4.31,4.22,4.24,37325209,158960576.00
2026/01/06,4.23,4.34,4.21,4.31,41328454,178205088.00
2026/01/07,4.29,4.38,4.25,4.36,50060852,218181408.00
2026/01/08,4.34,4.47,4.31,4.42,56247036,248911728.00
2026/01/09,4.53,4.56,4.42,4.45,98558676,443955008.00
2026/01/12,4.54,4.90,4.54,4.90,64186297,309985376.00
2026/01/13,4.90,5.00,4.68,4.74,186813918,898851776.00
2026/01/14,4.72,4.77,4.56,4.64,116790705,548366528.00
2026/01/15,4.57,4.64,4.47,4.52,66437178,301693088.00
2026/01/16,4.53,4.60,4.45,4.45,49912091,225851296.00
2026/01/19,4.51,4.60,4.50,4.57,46691106,213149888.00
2026/01/20,4.56,4.57,4.44,4.48,42237438,190166496.00
2026/01/21,4.44,4.48,4.39,4.46,30499711,136331120.00
2026/01/22,4.48,4.60,4.47,4.58,43149525,197441968.00
2026/01/23,4.60,4.65,4.60,4.63,44712834,207516608.00
2026/01/26,4.62,4.64,4.50,4.54,42912009,196915408.00
2026/01/27,4.56,4.59,4.42,4.55,34789954,157298400.00
2026/01/28,4.63,4.64,4.48,4.60,49982387,229572640.00
2026/01/29,4.57,4.60,4.48,4.48,43370423,197693248.00
2026/01/30,4.48,4.57,4.43,4.50,36099141,163106752.00
2026/02/02,4.51,4.54,4.33,4.33,36817129,164153584.00
2026/02/03,4.39,4.46,4.38,4.46,33514231,148921584.00
2026/02/04,4.45,4.63,4.44,4.57,39472843,180484384.00
2026/02/05,4.56,4.56,4.44,4.44,32018212,144398720.00
2026/02/06,4.43,4.49,4.41,4.44,23712328,106228216.00
2026/02/09,4.47,4.54,4.47,4.53,27536946,125071496.00
2026/02/10,4.54,4.66,4.52,4.58,38428127,177203632.00
2026/02/11,4.56,4.59,4.53,4.53,21200609,97146976.00
2026/02/12,4.53,4.60,4.45,4.55,25733557,117376640.00
2026/02/13,4.55,4.56,4.45,4.45,24710910,111483576.00
2026/02/24,4.52,4.61,4.51,4.58,35996106,165476240.00
2026/02/25,4.58,4.62,4.55,4.58,29804374,137326128.00
2026/02/26,4.58,4.65,4.56,4.65,40762428,189121024.00
2026/02/27,4.64,4.67,4.59,4.64,25038364,116235768.00
2026/03/02,4.58,4.65,4.48,4.53,37547576,171926528.00
2026/03/03,4.54,4.56,4.22,4.23,54952600,241076416.00
2026/03/04,4.17,4.32,4.15,4.27,34684633,148302960.00
2026/03/05,4.33,4.45,4.33,4.41,39775879,176321696.00
2026/03/06,4.38,4.57,4.37,4.54,39815909,179998576.00
2026/03/09,4.44,4.50,4.38,4.44,34382973,152869600.00
2026/03/10,4.48,4.55,4.47,4.50,25519056,115569792.00
2026/03/11,4.52,4.54,4.44,4.46,24512958,110203616.00
2026/03/12,4.46,4.46,4.30,4.33,38875782,170319472.00
2026/03/13,4.32,4.44,4.29,4.34,25755963,113137928.00
2026/03/16,4.34,4.39,4.28,4.34,24183825,105207832.00
2026/03/17,4.34,4.40,4.27,4.27,27233831,118416056.00
2026/03/18,4.27,4.29,4.20,4.29,21122601,90237744.00
2026/03/19,4.24,4.26,4.14,4.16,28118651,118575680.00
2026/03/20,4.19,4.21,4.03,4.04,23832532,98327688.00
2026/03/23,3.96,4.00,3.78,3.80,38180153,149153440.00
2026/03/24,3.91,3.96,3.81,3.96,28880495,112671408.00
2026/03/25,3.98,4.02,3.98,4.01,21831648,87710872.00
2026/03/26,4.01,4.08,3.95,3.97,21675640,87192264.00
2026/03/27,3.92,4.04,3.91,4.03,16118632,64731620.00
2026/03/30,3.97,4.05,3.94,4.04,16843936,67727928.00
2026/03/31,4.06,4.15,4.04,4.06,22932383,94243896.00
2026/04/01,4.14,4.15,4.05,4.09,18648758,76608352.00
2026/04/02,4.09,4.10,3.99,4.02,16293280,66253436.00
2026/04/03,4.04,4.04,3.89,3.90,15378240,60849196.00
2026/04/07,3.91,3.98,3.90,3.98,12820924,50946988.00
2026/04/08,4.05,4.10,4.03,4.09,17823132,72925296.00
2026/04/09,4.06,4.08,3.99,4.01,16599964,67159520.00
2026/04/10,4.05,4.09,4.02,4.02,16583128,67557312.00
2026/04/13,4.02,4.02,3.98,4.01,14772413,59379528.00
2026/04/14,4.05,4.06,3.98,4.05,17584163,70926152.00
2026/04/15,4.06,4.08,4.00,4.01,14816472,60134892.00
2026/04/16,4.01,4.07,3.99,4.06,16997512,68992328.00
2026/04/17,4.06,4.06,4.00,4.05,16062700,64961880.00
2026/04/20,4.05,4.11,4.02,4.10,20933709,85826480.00
2026/04/21,4.08,4.09,4.04,4.07,16625959,67833992.00
2026/04/22,4.06,4.10,4.03,4.09,15225696,62213240.00
2026/04/23,4.09,4.10,4.00,4.01,21540112,87210544.00
2026/04/24,3.98,3.98,3.79,3.81,42266322,162407920.00
2026/04/27,3.80,3.84,3.70,3.83,26631880,101052240.00
2026/04/28,3.81,3.82,3.73,3.77,20940286,79452920.00
2026/04/29,3.74,3.84,3.68,3.82,17274322,66171816.00
2026/04/30,3.81,3.87,3.81,3.86,14641905,56565736.00
2026/05/06,3.86,3.89,3.82,3.85,21242521,82248584.00
2026/05/07,3.85,3.87,3.81,3.85,20751686,80145496.00
2026/05/08,3.83,3.90,3.81,3.88,21642911,83891368.00
2026/05/11,3.88,3.91,3.82,3.87,21360772,82942520.00
2026/05/12,3.87,3.87,3.79,3.79,17520760,67255632.00
2026/05/13,3.79,3.86,3.76,3.84,14836865,57051776.00
2026/05/14,3.85,3.86,3.74,3.74,18041512,68649136.00
2026/05/15,3.76,3.80,3.70,3.73,15596751,58750432.00
2026/05/18,3.74,3.74,3.62,3.70,23638489,87097928.00
2026/05/19,3.70,3.75,3.66,3.74,16940118,63071000.00
2026/05/20,3.73,3.73,3.63,3.64,19898649,73006688.00
2026/05/21,3.66,3.70,3.54,3.54,20743344,75857504.00
2026/05/22,3.57,3.65,3.52,3.64,16509756,59651116.00
2026/05/25,3.65,3.73,3.62,3.68,16803510,61847480.00
2026/05/26,3.67,3.68,3.54,3.58,18456172,66759136.00
2026/05/27,3.59,3.60,3.46,3.48,19591475,69258584.00
2026/05/28,3.48,3.57,3.44,3.54,16034324,56515224.00
2026/05/29,3.53,3.54,3.40,3.42,17698128,61753908.00
2026/06/01,3.40,3.51,3.38,3.48,17276771,60380408.00
2026/06/02,3.48,3.50,3.40,3.48,16340944,56707264.00
2026/06/03,3.47,3.54,3.44,3.48,17316613,60920380.00
2026/06/04,3.48,3.51,3.41,3.47,17330641,60097304.00
2026/06/05,3.46,3.55,3.43,3.50,23984797,84511888.00
2026/06/08,3.46,3.54,3.38,3.40,25564264,88642360.00
2026/06/09,3.41,3.44,3.35,3.42,17108366,58457736.00
2026/06/10,3.39,3.41,3.27,3.31,20935971,69822000.00
2026/06/11,3.28,3.31,3.18,3.25,21761366,70648352.00
2026/06/12,3.28,3.32,3.20,3.28,19475484,64134284.00
2026/06/15,3.29,3.36,3.27,3.31,18499556,61580292.00
2026/06/16,3.30,3.31,3.25,3.28,15234030,50231792.00
2026/06/17,3.28,3.28,3.17,3.18,17824076,57415544.00
2026/06/18,3.18,3.32,3.13,3.24,29496992,95705256.00
2026/06/22,3.24,3.26,3.09,3.22,29598036,93869776.00
2026/06/23,3.19,3.30,3.18,3.24,22001158,72254000.00
2026/06/24,3.23,3.26,3.06,3.11,22430005,70528952.00
2026/06/25,3.10,3.14,3.04,3.05,18126432,56047624.00
2026/06/26,3.01,3.05,2.95,2.99,21009739,63477056.00
2026/06/29,3.00,3.00,2.87,2.95,23321712,68932880.00
2026/06/30,2.95,2.99,2.90,2.96,16090736,47695864.00
2026/07/01,2.96,3.04,2.93,3.01,20702672,62489936.00
2026/07/02,3.01,3.09,3.00,3.02,21752740,66708444.00
2026/07/03,3.05,3.15,3.01,3.13,23705642,73435656.00
2026/07/06,3.13,3.15,3.04,3.05,17516277,53868208.00
2026/07/07,3.03,3.06,2.97,2.97,13365641,40075380.00
2026/07/08,2.96,2.98,2.90,2.91,15312005,44809084.00
2026/07/09,2.91,2.97,2.87,2.94,17250354,50312020.00
2026/07/10,2.94,3.05,2.88,2.99,18119316,54065228.00
2026/07/13,2.99,2.99,2.86,2.86,18423510,53572756.00
2026/07/14,2.99,3.15,2.94,3.15,59327654,183604960.00
2026/07/15,3.18,3.25,3.13,3.21,57677176,184072992.00
2026/07/16,3.20,3.25,3.17,3.21,34488924,110956880.00
2026/07/17,3.23,3.34,3.22,3.24,44992677,147514560.00
2026/07/20,3.23,3.25,3.14,3.20,39719902,126980472.00
2026/07/21,3.18,3.23,3.09,3.23,33523183,106041616.00
2026/07/22,3.19,3.20,3.14,3.15,21272404,67384944.00
2026/07/23,3.16,3.34,3.16,3.34,37737571,123259136.00
2026/07/24,3.27,3.29,3.16,3.16,30497600,97769416.00
2026/07/27,3.16,3.26,3.13,3.23,20466464,65762960.00
2026/07/28,3.20,3.25,3.18,3.24,17784927,57402644.00
2026/07/29,3.24,3.32,3.22,3.32,23857873,78568320.00
2026/07/30,3.30,3.35,3.27,3.27,21624548,71484872.00
2026/07/31,3.29,3.31,3.24,3.26,22001879,71974368.00
2026/08/03,3.30,3.39,3.27,3.36,26159414,87033472.00
2026/08/04,3.37,3.39,3.30,3.33,22807782,76090040.00
2026/08/05,3.34,3.34,3.28,3.32,22454300,74371992.00
2026/08/06,3.32,3.33,3.23,3.29,20740739,67865408.00
2026/08/07,3.29,3.30,3.23,3.28,17577116,57321100.00
2026/08/10,3.27,3.39,3.26,3.38,26789961,89834560.00
2026/08/11,3.37,3.38,3.31,3.34,19547607,65387424.00
2026/08/12,3.35,3.43,3.34,3.40,23948825,81083672.00
2026/08/13,3.41,3.42,3.32,3.32,20714772,69493864.00
2026/08/14,3.31,3.34,3.27,3.31,13914456,45886336.00
2026/08/17,3.31,3.49,3.28,3.42,26958109,91642680.00
2026/08/18,3.41,3.45,3.38,3.44,18328480,62674860.00
2026/08/19,3.42,3.43,3.27,3.28,24266502,80720528.00
2026/08/20,3.31,3.36,3.30,3.34,16524448,55089748.00
2026/08/21,3.32,3.35,3.27,3.34,16779836,55536708.00
2026/08/24,3.39,3.44,3.36,3.39,28373300,96402288.00
2026/08/25,3.40,3.46,3.38,3.45,25353307,87045632.00
2026/08/26,3.46,3.47,3.42,3.45,21322684,73609984.00
2026/08/27,3.43,3.46,3.40,3.45,17101000,58735032.00
2026/08/28,3.46,3.53,3.44,3.52,25330733,88674368.00
2026/08/31,3.49,3.53,3.44,3.53,20430816,71263480.00
2026/09/01,3.55,3.77,3.54,3.64,39666358,144439056.00
2026/09/02,3.66,3.66,3.59,3.61,22834112,82705936.00
2026/09/03,3.62,3.68,3.59,3.61,18960363,68555152.00
2026/09/04,3.64,3.66,3.59,3.61,15431520,55966220.00
2026/09/07,3.64,3.66,3.55,3.57,17715458,63378208.00
2026/09/08,3.58,3.59,3.54,3.59,15906209,56753284.00
2026/09/09,3.59,3.59,3.54,3.56,15176300,54000628.00
2026/09/10,3.54,3.56,3.51,3.54,14691080,51979580.00
2026/09/11,3.52,3.53,3.44,3.47,16990159,58931672.00
2026/09/14,3.46,3.49,3.41,3.46,11067526,38208464.00
#数据来源:通达信
