000402 金 融 街 日线 前复权
      日期	    开盘	    最高	    最低	    收盘	    成交量	    成交额
2021/08/02,5.62,5.71,5.53,5.68,10437970,59167668.00
2021/08/03,5.65,5.72,5.63,5.70,9211467,52654952.00
2021/08/04,5.69,5.70,5.64,5.66,7096752,40477612.00
2021/08/05,5.66,5.79,5.61,5.68,11407776,65746620.00
2021/08/06,5.68,5.68,5.56,5.64,7029109,39765244.00
2021/08/09,5.66,5.84,5.64,5.80,12608555,73252216.00
2021/08/10,5.77,5.92,5.71,5.84,13440734,78806024.00
2021/08/11,5.86,6.04,5.86,5.94,19008873,114463648.00
2021/08/12,5.91,5.96,5.87,5.88,9182874,54514440.00
2021/08/13,5.89,5.94,5.78,5.89,12564226,73977032.00
2021/08/16,5.86,5.97,5.84,5.90,8632801,51318768.00
2021/08/17,5.91,5.96,5.80,5.81,9974193,59064924.00
2021/08/18,5.81,5.90,5.77,5.89,10385261,61000048.00
2021/08/19,5.85,5.87,5.79,5.79,6924458,40523788.00
2021/08/20,5.79,5.82,5.73,5.79,6756692,39243140.00
2021/08/23,5.75,5.85,5.71,5.77,7938823,46244624.00
2021/08/24,5.77,5.82,5.75,5.79,7695841,44819852.00
2021/08/25,5.80,5.80,5.74,5.79,5830603,33860220.00
2021/08/26,5.78,5.81,5.73,5.77,7459314,43303812.00
2021/08/27,5.76,5.99,5.71,5.89,24151007,142580592.00
2021/08/30,5.85,6.21,5.85,6.10,39367958,239928336.00
2021/08/31,6.09,6.59,6.01,6.45,63566824,404129120.00
2021/09/01,6.32,6.32,6.11,6.21,43540805,271750752.00
2021/09/02,6.22,6.46,6.18,6.27,40560911,257216096.00
2021/09/03,6.90,6.90,6.71,6.90,68051144,471348096.00
2021/09/06,6.81,7.15,6.56,6.67,106687783,727285248.00
2021/09/07,6.61,6.64,6.34,6.45,77500005,501732160.00
2021/09/08,6.42,6.45,6.37,6.38,35026854,225598800.00
2021/09/09,6.39,6.49,6.38,6.43,32395351,209034544.00
2021/09/10,6.42,6.42,6.29,6.30,29815709,190318896.00
2021/09/13,6.33,6.42,6.25,6.36,23078722,147678320.00
2021/09/14,6.34,6.36,6.17,6.17,22385950,140968032.00
2021/09/15,6.15,6.21,6.12,6.15,12851920,79753080.00
2021/09/16,6.15,6.31,6.13,6.19,20164846,126151088.00
2021/09/17,6.16,6.19,6.05,6.07,17518934,107712760.00
2021/09/22,5.96,6.11,5.93,6.05,19374324,117406384.00
2021/09/23,6.07,6.20,6.05,6.08,23185732,142609104.00
2021/09/24,6.08,6.12,6.00,6.02,14679957,89341488.00
2021/09/27,6.00,6.02,5.90,5.93,14067230,83993328.00
2021/09/28,5.92,6.07,5.92,6.04,11931101,72348080.00
2021/09/29,6.00,6.02,5.93,5.97,10260926,61616400.00
2021/09/30,5.97,6.03,5.96,5.96,9082438,54716220.00
2021/10/08,6.01,6.07,5.99,6.05,10228146,62101892.00
2021/10/11,6.06,6.10,6.02,6.03,10606866,64653476.00
2021/10/12,6.02,6.05,5.94,5.97,11024041,66478820.00
2021/10/13,5.98,6.00,5.94,5.98,5161950,31039692.00
2021/10/14,6.01,6.01,5.95,5.96,5864236,35190204.00
2021/10/15,5.94,5.96,5.88,5.89,8406003,50022756.00
2021/10/18,5.89,5.94,5.85,5.88,8140993,48226600.00
2021/10/19,5.86,5.87,5.81,5.82,8988423,52777260.00
2021/10/20,5.82,5.86,5.80,5.84,6227856,36598760.00
2021/10/21,5.83,5.95,5.82,5.90,9892284,58753896.00
2021/10/22,5.93,6.09,5.91,6.02,16224564,98116720.00
2021/10/25,5.98,6.00,5.87,5.91,9517326,56548640.00
2021/10/26,5.90,5.91,5.83,5.85,6701225,39545632.00
2021/10/27,5.85,5.86,5.71,5.72,8659993,50198176.00
2021/10/28,5.72,5.74,5.64,5.74,7326364,41937112.00
2021/10/29,5.73,5.80,5.71,5.80,5438090,31591356.00
2021/11/01,5.83,5.95,5.77,5.92,8835143,52365004.00
2021/11/02,5.90,5.91,5.81,5.88,8585718,50579600.00
2021/11/03,5.88,5.94,5.84,5.90,6325605,37618032.00
2021/11/04,5.89,5.91,5.86,5.89,3981885,23581788.00
2021/11/05,5.91,5.91,5.83,5.88,5280828,31180984.00
2021/11/08,5.90,5.93,5.84,5.90,4929002,29247924.00
2021/11/09,5.92,5.95,5.88,5.89,4632361,27561048.00
2021/11/10,5.88,5.91,5.78,5.91,7749148,45619984.00
2021/11/11,5.91,6.12,5.89,6.10,23235155,141449696.00
2021/11/12,6.09,6.10,5.98,6.02,15672497,95082264.00
2021/11/15,6.02,6.04,5.71,5.74,37058665,215093568.00
2021/11/16,5.78,5.78,5.71,5.73,10788361,62348808.00
2021/11/17,5.73,5.73,5.69,5.70,9424765,54137920.00
2021/11/18,5.70,5.70,5.57,5.60,18334153,103844144.00
2021/11/19,5.61,5.67,5.58,5.65,11382676,64488672.00
2021/11/22,5.65,5.66,5.59,5.60,9368813,52941004.00
2021/11/23,5.60,5.71,5.59,5.65,12335649,70302448.00
2021/11/24,5.64,5.68,5.64,5.67,10935505,62352668.00
2021/11/25,5.68,5.68,5.62,5.64,6934102,39462896.00
2021/11/26,5.63,5.79,5.58,5.68,13136517,74969656.00
2021/11/29,5.57,5.60,5.53,5.55,11388268,63835936.00
2021/11/30,5.54,5.58,5.47,5.47,20599172,114296128.00
2021/12/01,5.50,5.55,5.49,5.52,11171969,62101356.00
2021/12/02,5.52,5.56,5.50,5.52,10632984,59257084.00
2021/12/03,5.54,5.60,5.51,5.58,11182961,62573864.00
2021/12/06,5.61,5.65,5.53,5.54,13028563,73377224.00
2021/12/07,5.59,5.66,5.56,5.62,18014980,101738336.00
2021/12/08,5.61,5.62,5.57,5.62,10610926,59766612.00
2021/12/09,5.60,5.69,5.59,5.67,18148770,103498896.00
2021/12/10,5.65,5.68,5.60,5.60,15217973,86446792.00
2021/12/13,5.63,5.66,5.58,5.59,14974565,84625048.00
2021/12/14,5.57,5.60,5.54,5.56,9557877,53556104.00
2021/12/15,5.54,5.65,5.54,5.61,14522225,82190472.00
2021/12/16,5.60,5.72,5.58,5.69,25617116,146450176.00
2021/12/17,5.68,5.73,5.66,5.70,19432877,111410840.00
2021/12/20,5.67,5.78,5.66,5.70,22745520,131188376.00
2021/12/21,5.73,5.95,5.71,5.94,53835362,318460768.00
2021/12/22,5.93,5.98,5.81,5.83,34875879,206077888.00
2021/12/23,5.81,5.83,5.63,5.64,52265849,299228000.00
2021/12/24,5.64,5.68,5.58,5.61,17061872,96486040.00
2021/12/27,5.63,5.69,5.62,5.63,16221855,92335936.00
2021/12/28,5.64,5.64,5.59,5.62,11070069,62606904.00
2021/12/29,5.62,5.64,5.59,5.59,10086809,56987104.00
2021/12/30,5.62,5.63,5.59,5.60,12256317,69185792.00
2021/12/31,5.60,5.65,5.60,5.62,13349095,75588568.00
2022/01/04,5.61,5.69,5.60,5.68,18966569,108007408.00
2022/01/05,5.68,5.76,5.67,5.69,20241463,116346072.00
2022/01/06,5.68,5.76,5.67,5.71,18890097,108735688.00
2022/01/07,5.70,5.86,5.70,5.80,38736367,226558384.00
2022/01/10,5.80,5.89,5.73,5.88,29154567,171429504.00
2022/01/11,5.85,5.97,5.84,5.92,35600476,211941536.00
2022/01/12,5.89,5.92,5.82,5.89,21759183,128773672.00
2022/01/13,5.88,5.99,5.87,5.90,20114335,120136192.00
2022/01/14,5.91,5.91,5.77,5.79,20607908,120709200.00
2022/01/17,5.77,5.84,5.76,5.79,11023271,64380052.00
2022/01/18,5.80,5.86,5.74,5.82,17419139,101797216.00
2022/01/19,5.81,5.90,5.79,5.84,15454161,90997936.00
2022/01/20,5.86,5.94,5.84,5.91,24638971,146667280.00
2022/01/21,5.88,5.91,5.83,5.88,16222654,95838144.00
2022/01/24,5.87,5.91,5.79,5.89,12430643,73366016.00
2022/01/25,5.87,5.91,5.71,5.72,15860361,92764856.00
2022/01/26,5.72,5.81,5.69,5.77,11352234,65908384.00
2022/01/27,5.76,5.81,5.56,5.60,23031448,131869256.00
2022/01/28,5.67,5.69,5.62,5.64,11716551,66728248.00
2022/02/07,5.66,5.74,5.61,5.72,12885001,73753456.00
2022/02/08,5.72,5.89,5.70,5.88,19156606,112321048.00
2022/02/09,5.86,5.95,5.84,5.84,15388890,91218624.00
2022/02/10,5.85,5.91,5.79,5.89,14143406,83538264.00
2022/02/11,5.88,5.98,5.87,5.89,20809187,124061608.00
2022/02/14,5.84,5.89,5.74,5.76,19468965,113499280.00
2022/02/15,5.76,5.78,5.66,5.69,14712787,84571360.00
2022/02/16,5.71,5.74,5.69,5.73,11387172,65557540.00
2022/02/17,5.73,5.74,5.66,5.67,13090190,74901328.00
2022/02/18,5.66,5.85,5.64,5.83,22738838,131844760.00
2022/02/21,5.82,5.94,5.75,5.91,20867160,122863280.00
2022/02/22,5.89,5.93,5.81,5.84,13848335,81858240.00
2022/02/23,5.84,5.86,5.76,5.77,14433112,84103184.00
2022/02/24,5.76,5.84,5.63,5.68,20658204,119008264.00
2022/02/25,5.69,5.73,5.64,5.65,15428731,88269496.00
2022/02/28,5.65,5.65,5.56,5.59,14924677,84061168.00
2022/03/01,5.59,5.65,5.58,5.63,10698649,60513312.00
2022/03/02,5.62,5.70,5.61,5.68,10079699,57563756.00
2022/03/03,5.72,5.82,5.70,5.79,23564020,136925280.00
2022/03/04,5.78,5.78,5.69,5.73,13948165,80351480.00
2022/03/07,5.70,5.77,5.65,5.67,12570491,72199504.00
2022/03/08,5.70,5.70,5.52,5.54,16376550,92106976.00
2022/03/09,5.56,5.58,5.23,5.35,23063631,125756840.00
2022/03/10,5.42,5.43,5.35,5.37,12021326,65246668.00
2022/03/11,5.33,5.40,5.24,5.39,10420715,55664256.00
2022/03/14,5.34,5.42,5.28,5.28,8337623,44984160.00
2022/03/15,5.27,5.28,4.94,4.94,15996813,82444176.00
2022/03/16,5.05,5.23,4.89,5.20,15399057,78562096.00
2022/03/17,5.27,5.37,5.25,5.28,14165175,75808400.00
2022/03/18,5.24,5.46,5.21,5.45,15403210,83123656.00
2022/03/21,5.41,5.49,5.37,5.39,12985614,70716008.00
2022/03/22,5.39,5.68,5.36,5.61,31140488,174793760.00
2022/03/23,5.56,5.81,5.52,5.76,37034144,211906736.00
2022/03/24,5.68,5.98,5.68,5.74,47653843,279725184.00
2022/03/25,5.70,5.89,5.63,5.81,32541050,189569888.00
2022/03/28,5.77,5.95,5.72,5.91,34847330,205525840.00
2022/03/29,5.85,5.90,5.75,5.80,25536042,149167840.00
2022/03/30,5.77,6.09,5.76,6.02,55216463,332305632.00
2022/03/31,5.92,6.28,5.89,6.09,82445965,506249088.00
2022/04/01,6.05,6.30,5.99,6.24,72533285,448128352.00
2022/04/06,6.29,6.64,6.19,6.50,104824135,674886976.00
2022/04/07,6.33,6.55,6.17,6.19,70608405,449233472.00
2022/04/08,6.11,6.76,6.10,6.71,124827905,815493376.00
2022/04/11,6.61,6.99,6.44,6.63,124853202,842346304.00
2022/04/12,6.56,6.71,6.34,6.41,70626484,463742976.00
2022/04/13,6.42,6.47,6.18,6.31,51512853,328050848.00
2022/04/14,6.27,6.95,6.27,6.91,110100312,744035520.00
2022/04/15,6.76,7.61,6.67,7.21,169491265,1225757056.00
2022/04/18,7.16,7.30,6.67,6.76,91013514,640374144.00
2022/04/19,6.79,6.86,6.41,6.68,70168963,466170560.00
2022/04/20,6.61,6.66,6.09,6.12,75983294,481091968.00
2022/04/21,6.06,6.13,5.84,5.87,50473602,303507328.00
2022/04/22,5.84,6.09,5.79,6.01,37528568,225384448.00
2022/04/25,5.96,5.98,5.51,5.54,57980791,334198912.00
2022/04/26,5.52,5.75,5.47,5.53,40728035,229820288.00
2022/04/27,5.46,5.57,5.26,5.47,46901119,254856128.00
2022/04/28,5.55,6.02,5.46,6.02,102875748,608539968.00
2022/04/29,6.06,6.55,6.00,6.40,101108429,632132928.00
2022/05/05,6.41,6.55,6.10,6.40,94998602,603554624.00
2022/05/06,6.06,6.26,6.00,6.02,63177076,389297120.00
2022/05/09,6.13,6.17,5.94,6.15,49064010,300783584.00
2022/05/10,6.01,6.25,5.97,6.21,47141322,291349856.00
2022/05/11,6.20,6.36,6.07,6.10,50244598,312653344.00
2022/05/12,6.02,6.11,5.96,6.05,34662735,210587952.00
2022/05/13,6.10,6.48,5.95,6.38,65773807,412488032.00
2022/05/16,6.48,6.59,6.29,6.40,69046054,445966080.00
2022/05/17,6.35,6.42,6.19,6.27,39331130,248597824.00
2022/05/18,6.24,6.28,6.14,6.18,28843899,180157520.00
2022/05/19,6.07,6.35,6.06,6.28,36091735,227091456.00
2022/05/20,6.27,6.33,6.19,6.23,37216818,233801296.00
2022/05/23,6.19,6.23,6.01,6.08,42958715,263513632.00
2022/05/24,6.08,6.09,5.80,5.81,45984046,275480672.00
2022/05/25,5.80,5.88,5.74,5.85,32355688,189499568.00
2022/05/26,5.85,5.92,5.80,5.87,34553450,203827840.00
2022/05/27,5.87,5.88,5.79,5.82,20955206,122932184.00
2022/05/30,5.83,5.86,5.64,5.69,44413580,256764352.00
2022/05/31,5.71,5.73,5.63,5.71,27550612,157626976.00
2022/06/01,5.70,5.77,5.65,5.70,22768463,130887240.00
2022/06/02,5.69,5.73,5.57,5.70,32355929,184490656.00
2022/06/06,5.67,5.80,5.64,5.78,31296781,180347680.00
2022/06/07,5.78,5.85,5.75,5.83,23380493,136663936.00
2022/06/08,5.81,5.84,5.68,5.75,23271990,134710320.00
2022/06/09,5.74,5.80,5.70,5.74,23623700,137167248.00
2022/06/10,5.70,5.77,5.68,5.73,17800603,102673112.00
2022/06/13,5.70,5.71,5.55,5.60,25233604,142272976.00
2022/06/14,5.56,5.68,5.51,5.67,20754976,117137624.00
2022/06/15,5.67,5.87,5.66,5.80,39534230,230890048.00
2022/06/16,5.80,5.89,5.72,5.73,24024651,139315280.00
2022/06/17,5.69,5.71,5.58,5.66,29070886,165048448.00
2022/06/20,5.66,5.80,5.64,5.75,23289582,134645488.00
2022/06/21,5.76,5.84,5.69,5.73,19286930,112276376.00
2022/06/22,5.73,5.78,5.67,5.68,17687774,102123960.00
2022/06/23,5.69,5.72,5.62,5.72,16284024,93140688.00
2022/06/24,5.73,5.78,5.71,5.73,16734720,96842872.00
2022/06/27,5.74,5.81,5.72,5.73,23078474,134113216.00
2022/06/28,5.73,5.80,5.71,5.74,22237968,128515792.00
2022/06/29,5.74,5.91,5.73,5.85,44878623,264141360.00
2022/06/30,5.87,6.00,5.81,5.91,43235681,257837536.00
2022/07/01,5.91,6.04,5.90,5.92,27003345,161898080.00
2022/07/04,5.91,5.94,5.82,5.88,19632041,115997392.00
2022/07/05,5.89,5.90,5.83,5.90,18914303,111758080.00
2022/07/06,5.88,5.90,5.69,5.72,20014063,116105856.00
2022/07/07,5.71,5.75,5.61,5.63,23585242,134763648.00
2022/07/08,5.65,5.68,5.62,5.64,12334820,69799504.00
2022/07/11,5.64,5.67,5.55,5.57,17814871,99898136.00
2022/07/12,5.58,5.59,5.50,5.52,28520428,158145856.00
2022/07/13,5.53,5.61,5.51,5.60,19861075,110914168.00
2022/07/14,5.59,5.59,5.46,5.49,20514224,113044576.00
2022/07/15,5.54,5.55,5.29,5.31,30311598,163889168.00
2022/07/18,5.34,5.52,5.27,5.51,24020534,130408128.00
2022/07/19,5.53,5.63,5.49,5.60,23224689,129815688.00
2022/07/20,5.64,5.67,5.55,5.56,13544898,75992896.00
2022/07/21,5.56,5.67,5.55,5.60,18783534,105806336.00
2022/07/22,5.59,5.67,5.56,5.61,12969804,72969896.00
2022/07/25,5.61,5.74,5.59,5.65,16839286,95651656.00
2022/07/26,5.65,5.81,5.63,5.80,24442919,141082128.00
2022/07/27,5.80,5.82,5.73,5.79,16464129,95291760.00
2022/07/28,5.80,5.84,5.74,5.76,17970946,104150704.00
2022/07/29,5.79,5.80,5.70,5.72,21129785,121576432.00
2022/08/01,5.76,5.76,5.57,5.61,17598352,99168192.00
2022/08/02,5.56,5.57,5.35,5.41,18355741,99786160.00
2022/08/03,5.44,5.50,5.31,5.33,14307501,77537368.00
2022/08/04,5.36,5.42,5.33,5.41,13771511,74224824.00
2022/08/05,5.42,5.52,5.38,5.50,10974720,59968376.00
2022/08/08,5.54,5.59,5.49,5.57,13803839,76817560.00
2022/08/09,5.54,5.58,5.48,5.50,10774647,59579880.00
2022/08/10,5.51,5.52,5.44,5.45,7385818,40557508.00
2022/08/11,5.49,5.59,5.47,5.58,13151274,73223440.00
2022/08/12,5.55,5.61,5.53,5.58,11311043,63224688.00
2022/08/15,5.57,5.62,5.54,5.55,11233002,62773204.00
2022/08/16,5.59,5.68,5.57,5.65,13130371,74125040.00
2022/08/17,5.64,5.72,5.61,5.69,11898652,67670480.00
2022/08/18,5.68,5.68,5.60,5.64,10911498,61596960.00
2022/08/19,5.62,5.72,5.60,5.67,20188804,114642128.00
2022/08/22,5.64,5.64,5.50,5.54,36858890,205076720.00
2022/08/23,5.50,5.53,5.39,5.41,31027724,168551760.00
2022/08/24,5.44,5.46,5.31,5.31,25635314,137969648.00
2022/08/25,5.33,5.36,5.30,5.35,17098270,91322480.00
2022/08/26,5.37,5.40,5.33,5.35,14455773,77662976.00
2022/08/29,5.32,5.37,5.26,5.36,15933531,84687528.00
2022/08/30,5.35,5.45,5.33,5.44,18845017,102021216.00
2022/08/31,5.43,5.46,5.38,5.41,14930007,81026856.00
2022/09/01,5.40,5.55,5.37,5.48,22893918,125763920.00
2022/09/02,5.46,5.48,5.35,5.38,20412857,110192696.00
2022/09/05,5.37,5.52,5.36,5.51,28877405,158019216.00
2022/09/06,5.51,5.61,5.49,5.59,25620123,143082416.00
2022/09/07,5.59,5.61,5.51,5.58,18669226,104191688.00
2022/09/08,5.60,5.63,5.51,5.60,14768029,82442080.00
2022/09/09,5.61,5.76,5.57,5.74,29652632,169185488.00
2022/09/13,5.72,5.73,5.59,5.61,23685727,134053832.00
2022/09/14,5.55,5.65,5.54,5.58,16560735,93039272.00
2022/09/15,5.64,5.76,5.54,5.67,27899607,158301248.00
2022/09/16,5.62,5.71,5.44,5.44,26532213,147915808.00
2022/09/19,5.44,5.48,5.32,5.44,17581389,95419000.00
2022/09/20,5.48,5.59,5.37,5.39,20470336,111655184.00
2022/09/21,5.36,5.56,5.27,5.51,21663329,118082432.00
2022/09/22,5.49,5.53,5.34,5.36,21354485,115378704.00
2022/09/23,5.37,5.56,5.35,5.37,33814784,184190528.00
2022/09/26,5.37,5.40,5.21,5.22,32528156,172134128.00
2022/09/27,5.24,5.29,5.10,5.22,25435637,132316456.00
2022/09/28,5.20,5.21,5.08,5.10,23903567,122815816.00
2022/09/29,5.14,5.17,5.00,5.02,21793807,110568304.00
2022/09/30,5.05,5.14,4.99,5.07,19835792,100680176.00
2022/10/10,5.10,5.20,5.01,5.02,27548885,140890384.00
2022/10/11,5.03,5.04,4.95,5.03,13804663,69201320.00
2022/10/12,5.01,5.11,4.98,5.10,14254192,72238808.00
2022/10/13,5.09,5.10,5.01,5.03,13574914,68509864.00
2022/10/14,5.06,5.12,5.05,5.11,17560326,89727800.00
2022/10/17,5.08,5.16,5.03,5.14,17920634,91598312.00
2022/10/18,5.16,5.17,5.08,5.09,13271084,68129536.00
2022/10/19,5.09,5.12,5.03,5.04,14558002,73877808.00
2022/10/20,5.03,5.05,4.97,4.99,14643107,73350744.00
2022/10/21,5.02,5.04,4.95,4.97,12523973,62735096.00
2022/10/24,4.98,5.01,4.82,4.88,18116580,89233472.00
2022/10/25,4.85,4.87,4.76,4.79,11995781,57718036.00
2022/10/26,4.80,4.87,4.80,4.81,8783206,42556236.00
2022/10/27,4.83,4.91,4.80,4.88,12911275,63081668.00
2022/10/28,4.85,4.89,4.66,4.69,22757112,108624056.00
2022/10/31,4.68,4.69,4.55,4.62,22431473,103884840.00
2022/11/01,4.63,4.71,4.62,4.71,15695997,73424992.00
2022/11/02,4.71,4.81,4.67,4.79,16110450,76909304.00
2022/11/03,4.76,4.80,4.74,4.77,9352753,44726840.00
2022/11/04,4.77,4.84,4.77,4.82,12352521,59540176.00
2022/11/07,4.83,4.88,4.80,4.86,14623109,70930112.00
2022/11/08,4.86,4.90,4.83,4.85,9274746,45118308.00
2022/11/09,4.87,5.00,4.86,4.95,18677060,92726672.00
2022/11/10,4.94,4.99,4.87,4.96,12584851,62284092.00
2022/11/11,5.01,5.24,5.01,5.18,41008286,211124944.00
2022/11/14,5.34,5.35,5.20,5.23,42636636,224469504.00
2022/11/15,5.20,5.32,5.18,5.25,26169659,138045600.00
2022/11/16,5.23,5.27,5.15,5.17,18276283,95215752.00
2022/11/17,5.15,5.23,5.15,5.19,11975124,62264088.00
2022/11/18,5.19,5.21,5.13,5.15,11572801,59841040.00
2022/11/21,5.14,5.15,5.01,5.07,13338204,67594504.00
2022/11/22,5.08,5.19,5.04,5.10,15452074,79198680.00
2022/11/23,5.08,5.14,5.07,5.12,10692736,54665888.00
2022/11/24,5.19,5.29,5.14,5.17,23804341,124055680.00
2022/11/25,5.14,5.35,5.14,5.32,35852987,190009344.00
2022/11/28,5.22,5.33,5.15,5.31,28119790,148024048.00
2022/11/29,5.59,5.84,5.54,5.84,79177085,451784416.00
2022/11/30,5.85,6.39,5.78,6.14,160643708,986207296.00
2022/12/01,6.02,6.46,5.98,6.18,112132599,693566144.00
2022/12/02,6.11,6.12,5.87,6.01,68764525,411293728.00
2022/12/05,6.04,6.18,6.01,6.01,51692561,313600928.00
2022/12/06,6.01,6.22,5.94,6.04,50640925,308777920.00
2022/12/07,5.99,6.00,5.83,5.88,44003914,259818496.00
2022/12/08,5.88,6.12,5.85,5.99,44055425,264129424.00
2022/12/09,6.03,6.12,5.91,6.04,39116215,235393344.00
2022/12/12,5.98,5.98,5.77,5.80,33394950,195584128.00
2022/12/13,5.83,5.87,5.72,5.83,21781288,126612552.00
2022/12/14,5.79,5.84,5.70,5.74,20668131,119017424.00
2022/12/15,5.76,5.76,5.62,5.70,19220923,109325456.00
2022/12/16,5.72,5.84,5.70,5.76,26167169,151284224.00
2022/12/19,5.72,5.86,5.59,5.63,21720414,123882120.00
2022/12/20,5.69,5.69,5.44,5.49,26202066,145100528.00
2022/12/21,5.50,5.55,5.43,5.48,15460250,84936496.00
2022/12/22,5.55,5.58,5.47,5.48,19020212,105254816.00
2022/12/23,5.44,5.56,5.44,5.51,10730501,59366464.00
2022/12/26,5.51,5.51,5.35,5.38,17847535,96548440.00
2022/12/27,5.40,5.45,5.34,5.40,17232372,93084792.00
2022/12/28,5.35,5.45,5.30,5.42,15440549,83476336.00
2022/12/29,5.44,5.47,5.22,5.26,29779646,158035296.00
2022/12/30,5.32,5.33,5.22,5.24,19642566,103686024.00
2023/01/03,5.23,5.29,5.18,5.27,19343528,101774432.00
2023/01/04,5.34,5.54,5.30,5.44,43866432,238751152.00
2023/01/05,5.42,5.42,5.31,5.38,35593139,191186448.00
2023/01/06,5.48,5.49,5.28,5.30,27502450,147241664.00
2023/01/09,5.30,5.32,5.18,5.19,31518305,165418992.00
2023/01/10,5.19,5.21,5.13,5.15,17662500,91367344.00
2023/01/11,5.16,5.22,5.08,5.12,31388038,161980864.00
2023/01/12,5.11,5.11,5.01,5.03,27784334,140302512.00
2023/01/13,5.03,5.07,5.02,5.07,22685287,114576960.00
2023/01/16,5.07,5.13,5.02,5.11,22707336,115679160.00
2023/01/17,5.11,5.13,5.07,5.08,17787334,90663832.00
2023/01/18,5.10,5.14,5.08,5.09,15541290,79438360.00
2023/01/19,5.08,5.13,5.05,5.12,21994822,112272512.00
2023/01/20,5.13,5.20,5.11,5.19,24275106,125402896.00
2023/01/30,5.25,5.28,5.17,5.18,30837122,160768432.00
2023/01/31,5.17,5.24,5.14,5.23,23929579,124541360.00
2023/02/01,5.23,5.28,5.19,5.27,26611484,139576080.00
2023/02/02,5.28,5.31,5.23,5.29,22630957,119340640.00
2023/02/03,5.28,5.28,5.19,5.22,19799406,103569232.00
2023/02/06,5.22,5.25,5.17,5.23,19175153,100210152.00
2023/02/07,5.22,5.31,5.22,5.28,24066481,127072096.00
2023/02/08,5.26,5.31,5.23,5.24,16588161,87509440.00
2023/02/09,5.24,5.28,5.21,5.26,18360392,96585688.00
2023/02/10,5.23,5.30,5.23,5.27,18619076,98166592.00
2023/02/13,5.27,5.29,5.24,5.27,23211845,122423208.00
2023/02/14,5.27,5.32,5.26,5.29,23026730,122067224.00
2023/02/15,5.29,5.29,5.22,5.23,20791098,109203888.00
2023/02/16,5.23,5.31,5.14,5.18,36889352,194014096.00
2023/02/17,5.19,5.22,5.16,5.17,15527946,80745688.00
2023/02/20,5.18,5.27,5.15,5.26,19725066,103056704.00
2023/02/21,5.31,5.35,5.25,5.29,29304540,155530352.00
2023/02/22,5.26,5.30,5.25,5.28,14630647,77370424.00
2023/02/23,5.29,5.37,5.29,5.34,36529281,195149520.00
2023/02/24,5.33,5.34,5.24,5.26,23620999,124847984.00
2023/02/27,5.27,5.29,5.24,5.26,15585444,82196688.00
2023/02/28,5.26,5.28,5.21,5.28,18088269,94991808.00
2023/03/01,5.28,5.32,5.26,5.31,20512456,108804032.00
2023/03/02,5.31,5.34,5.29,5.31,21676438,115327560.00
2023/03/03,5.31,5.35,5.28,5.35,22344479,119244208.00
2023/03/06,5.35,5.36,5.26,5.27,26405267,140091808.00
2023/03/07,5.27,5.29,5.20,5.21,22355391,117465568.00
2023/03/08,5.20,5.23,5.18,5.22,14101076,73543000.00
2023/03/09,5.23,5.23,5.18,5.21,10403577,54239052.00
2023/03/10,5.18,5.19,5.07,5.08,23873520,122628960.00
2023/03/13,5.06,5.11,5.03,5.07,14942811,75756104.00
2023/03/14,5.07,5.09,5.00,5.03,17517979,88440712.00
2023/03/15,5.04,5.11,5.04,5.10,13023373,66259388.00
2023/03/16,5.08,5.11,5.05,5.05,14849821,75530200.00
2023/03/17,5.08,5.13,5.07,5.08,12266013,62658088.00
2023/03/20,5.10,5.13,5.04,5.04,14932008,75989128.00
2023/03/21,5.07,5.08,5.04,5.07,9853131,49917876.00
2023/03/22,5.06,5.10,5.04,5.09,11768425,59918816.00
2023/03/23,5.08,5.09,5.05,5.08,9856232,50087708.00
2023/03/24,5.08,5.14,5.05,5.12,21303535,108816296.00
2023/03/27,5.12,5.16,5.04,5.06,24210112,123652232.00
2023/03/28,5.07,5.08,5.03,5.05,10025200,50735328.00
2023/03/29,5.06,5.06,5.00,5.02,15079789,75893568.00
2023/03/30,5.01,5.02,4.95,5.01,14851121,74120696.00
2023/03/31,5.01,5.07,5.00,5.01,13799500,69577392.00
2023/04/03,5.02,5.07,4.99,5.06,14386969,72840856.00
2023/04/04,5.07,5.09,5.03,5.04,12058219,61027760.00
2023/04/06,5.04,5.07,5.01,5.03,9526456,48073592.00
2023/04/07,5.04,5.13,5.02,5.12,21782278,111407128.00
2023/04/10,5.11,5.13,5.07,5.10,11440456,58382300.00
2023/04/11,5.09,5.14,5.06,5.14,15235477,78070016.00
2023/04/12,5.15,5.18,5.12,5.17,14526658,75002472.00
2023/04/13,5.16,5.18,5.14,5.15,14112211,72939000.00
2023/04/14,5.17,5.18,5.12,5.14,9745316,50222536.00
2023/04/17,5.14,5.16,5.10,5.16,13903101,71428992.00
2023/04/18,5.15,5.17,5.13,5.14,13004065,67053048.00
2023/04/19,5.14,5.14,5.08,5.09,13645182,69932568.00
2023/04/20,5.08,5.10,5.05,5.07,11831908,60052216.00
2023/04/21,5.08,5.12,5.01,5.02,12646408,64167548.00
2023/04/24,5.05,5.05,4.95,4.98,13929715,69656584.00
2023/04/25,4.99,4.99,4.93,4.97,12001622,59660000.00
2023/04/26,4.96,5.00,4.91,4.98,8079724,40200248.00
2023/04/27,4.96,5.00,4.92,4.98,10482883,52044940.00
2023/04/28,4.96,5.04,4.95,5.03,11271688,56583392.00
2023/05/04,4.87,4.88,4.71,4.83,31328176,151238928.00
2023/05/05,4.82,4.95,4.80,4.92,23263047,113566976.00
2023/05/08,4.93,5.01,4.84,4.97,26749382,131777920.00
2023/05/09,4.95,5.12,4.94,5.06,37369726,189343552.00
2023/05/10,5.06,5.06,4.94,4.97,21262989,106209248.00
2023/05/11,4.98,5.00,4.93,4.98,15091231,75256568.00
2023/05/12,4.97,5.00,4.91,4.92,9933373,49286172.00
2023/05/15,4.92,4.93,4.80,4.87,22920445,111364648.00
2023/05/16,4.86,4.87,4.79,4.80,13279890,64123484.00
2023/05/17,4.79,4.82,4.76,4.77,13644685,65300464.00
2023/05/18,4.78,4.79,4.74,4.75,8946696,42716072.00
2023/05/19,4.75,4.77,4.72,4.74,8195523,38909096.00
2023/05/22,4.73,4.74,4.68,4.71,9842242,46369956.00
2023/05/23,4.70,4.73,4.62,4.63,21928116,102554816.00
2023/05/24,4.61,4.63,4.56,4.58,12050825,55334928.00
2023/05/25,4.56,4.60,4.54,4.59,7707820,35256728.00
2023/05/26,4.57,4.63,4.55,4.62,6258915,28790890.00
2023/05/29,4.61,4.64,4.56,4.57,5851106,26891602.00
2023/05/30,4.56,4.62,4.49,4.62,12062551,54851140.00
2023/05/31,4.59,4.63,4.55,4.56,7115561,32685294.00
2023/06/01,4.55,4.58,4.52,4.52,6422320,29263094.00
2023/06/02,4.52,4.67,4.52,4.66,14855893,68868304.00
2023/06/05,4.66,4.69,4.62,4.67,8822122,41179932.00
2023/06/06,4.65,4.77,4.64,4.65,13097932,61792364.00
2023/06/07,4.66,4.79,4.65,4.77,22065094,105114448.00
2023/06/08,4.74,4.84,4.72,4.83,18421114,88657288.00
2023/06/09,4.83,4.86,4.78,4.82,18347968,88752664.00
2023/06/12,4.81,4.83,4.73,4.79,12079381,57851868.00
2023/06/13,4.78,4.85,4.76,4.76,7649443,36766852.00
2023/06/14,4.79,4.83,4.73,4.74,9223286,44023268.00
2023/06/15,4.73,4.77,4.72,4.76,6260051,29772212.00
2023/06/16,4.74,4.82,4.74,4.76,11488682,54885680.00
2023/06/19,4.75,4.76,4.61,4.62,12827088,59840044.00
2023/06/20,4.62,4.64,4.54,4.56,11495178,52659776.00
2023/06/21,4.54,4.57,4.50,4.50,11995473,54438580.00
2023/06/26,4.50,4.50,4.40,4.42,11804900,52654936.00
2023/06/27,4.42,4.56,4.42,4.52,8677123,39161260.00
2023/06/28,4.54,4.54,4.47,4.52,5984122,27007512.00
2023/06/29,4.52,4.52,4.46,4.47,5670888,25493460.00
2023/06/30,4.48,4.57,4.48,4.51,7390305,33554644.00
2023/07/03,4.53,4.58,4.52,4.56,7366375,33673440.00
2023/07/04,4.57,4.57,4.49,4.55,6336803,28775748.00
2023/07/05,4.53,4.58,4.51,4.54,5267686,24007096.00
2023/07/06,4.52,4.58,4.50,4.55,7697692,34996828.00
2023/07/07,4.53,4.58,4.53,4.55,6448693,29449346.00
2023/07/10,4.56,4.57,4.52,4.54,6282473,28635670.00
2023/07/11,4.57,4.59,4.55,4.57,6394902,29260414.00
2023/07/12,4.57,4.58,4.51,4.52,6303000,28612192.00
2023/07/13,4.52,4.57,4.52,4.56,5317739,24205130.00
2023/07/14,4.57,4.58,4.54,4.56,4932632,22472538.00
2023/07/17,4.49,4.50,4.40,4.49,9110171,40683132.00
2023/07/18,4.49,4.53,4.45,4.51,7394403,33223610.00
2023/07/19,4.50,4.57,4.49,4.57,8499045,38650416.00
2023/07/20,4.58,4.66,4.55,4.62,15462563,71344912.00
2023/07/21,4.59,4.68,4.58,4.65,12280985,57082504.00
2023/07/24,4.67,4.69,4.60,4.67,11375542,52972800.00
2023/07/25,4.70,4.86,4.69,4.84,28089175,135299328.00
2023/07/26,4.82,4.95,4.80,4.92,31571936,154884048.00
2023/07/27,4.86,5.05,4.82,4.95,33225409,164642240.00
2023/07/28,4.95,5.06,4.93,5.04,29331224,146882944.00
2023/07/31,5.05,5.21,5.05,5.16,43979930,227094496.00
2023/08/01,5.15,5.18,5.06,5.09,31565818,161706448.00
2023/08/02,5.10,5.22,5.09,5.16,31195120,161454064.00
2023/08/03,5.16,5.21,5.08,5.19,22544395,116147464.00
2023/08/04,5.25,5.27,5.15,5.17,21699168,112691464.00
2023/08/07,5.15,5.15,5.05,5.10,24363535,124022976.00
2023/08/08,5.09,5.12,5.01,5.03,14724938,74276752.00
2023/08/09,5.03,5.08,5.00,5.01,10283579,51738740.00
2023/08/10,5.02,5.06,4.98,5.01,8829659,44265900.00
2023/08/11,5.05,5.07,4.94,4.97,12542120,62667908.00
2023/08/14,4.94,4.94,4.84,4.91,12271966,60143876.00
2023/08/15,4.91,4.93,4.83,4.88,9595903,46842340.00
2023/08/16,4.85,5.03,4.83,4.97,15772773,77895048.00
2023/08/17,4.93,4.99,4.90,4.92,11071240,54571896.00
2023/08/18,4.94,4.99,4.85,4.85,13992584,68728152.00
2023/08/21,4.84,4.91,4.75,4.76,14551300,70101736.00
2023/08/22,4.77,4.80,4.71,4.75,10284864,48817080.00
2023/08/23,4.74,4.78,4.69,4.69,9209605,43553476.00
2023/08/24,4.70,4.73,4.63,4.64,10566484,49325192.00
2023/08/25,4.66,4.75,4.64,4.69,10912999,51285920.00
2023/08/28,5.13,5.13,4.86,4.90,36881713,183141520.00
2023/08/29,4.87,5.01,4.83,4.99,29611371,145900864.00
2023/08/30,4.97,5.00,4.87,4.87,14753196,72521064.00
2023/08/31,4.88,4.91,4.60,4.60,27656853,129894184.00
2023/09/01,4.65,4.68,4.58,4.59,15340442,70852512.00
2023/09/04,4.64,4.68,4.62,4.64,15597729,72538600.00
2023/09/05,4.64,4.64,4.53,4.54,16401163,74836392.00
2023/09/06,4.55,4.61,4.51,4.58,15307337,69825416.00
2023/09/07,4.58,4.63,4.51,4.52,16042700,73311464.00
2023/09/08,4.52,4.55,4.46,4.48,12533581,56258140.00
2023/09/11,4.52,4.53,4.46,4.50,18593252,83525912.00
2023/09/12,4.50,4.51,4.46,4.47,13466084,60341336.00
2023/09/13,4.48,4.51,4.41,4.43,23683466,105361736.00
2023/09/14,4.44,4.45,4.40,4.43,14533596,64237264.00
2023/09/15,4.45,4.48,4.43,4.43,13067490,58117460.00
2023/09/18,4.43,4.45,4.37,4.43,18363137,80985464.00
2023/09/19,4.43,4.45,4.41,4.43,10851021,48049264.00
2023/09/20,4.43,4.47,4.39,4.44,13331069,59158740.00
2023/09/21,4.43,4.50,4.42,4.46,15126137,67602480.00
2023/09/22,4.45,4.51,4.43,4.50,13600062,60935660.00
2023/09/25,4.50,4.50,4.39,4.42,18399004,81312168.00
2023/09/26,4.41,4.43,4.39,4.40,8577954,37815056.00
2023/09/27,4.40,4.41,4.36,4.36,14651065,64158988.00
2023/09/28,4.36,4.38,4.35,4.36,8837700,38588332.00
2023/10/09,4.36,4.36,4.15,4.17,28325196,119495720.00
2023/10/10,4.18,4.21,4.15,4.16,11398240,47630640.00
2023/10/11,4.16,4.18,4.12,4.13,11699021,48542896.00
2023/10/12,4.15,4.26,4.13,4.23,17312409,72683096.00
2023/10/13,4.21,4.24,4.19,4.21,8474335,35690064.00
2023/10/16,4.21,4.24,4.12,4.16,14695856,61146672.00
2023/10/17,4.17,4.17,4.12,4.14,7230614,29922806.00
2023/10/18,4.12,4.14,4.03,4.04,10995070,44860300.00
2023/10/19,4.06,4.09,4.00,4.00,9356854,37823844.00
2023/10/20,4.03,4.11,4.00,4.07,12707808,51628484.00
2023/10/23,4.06,4.06,3.94,3.95,13195940,52600968.00
2023/10/24,3.97,4.05,3.96,4.04,14342300,57575168.00
2023/10/25,4.07,4.11,4.06,4.06,11148711,45478472.00
2023/10/26,4.05,4.06,4.01,4.03,8659101,34923488.00
2023/10/27,4.03,4.09,4.02,4.08,11013685,44820012.00
2023/10/30,4.06,4.11,4.04,4.09,11456374,46799588.00
2023/10/31,4.08,4.13,4.03,4.12,14062728,57458048.00
2023/11/01,4.11,4.12,4.07,4.08,8619608,35253576.00
2023/11/02,4.08,4.14,4.08,4.11,9912386,40700300.00
2023/11/03,4.10,4.13,4.03,4.04,12337000,50195184.00
2023/11/06,4.05,4.14,4.04,4.11,13095601,53656456.00
2023/11/07,4.11,4.15,4.09,4.12,11192747,46153812.00
2023/11/08,4.12,4.18,4.11,4.13,10886182,45100844.00
2023/11/09,4.13,4.18,4.11,4.12,10390959,42982844.00
2023/11/10,4.10,4.12,4.03,4.05,10238808,41561964.00
2023/11/13,4.06,4.10,4.03,4.09,9928707,40377480.00
2023/11/14,4.08,4.15,4.08,4.14,10090398,41677116.00
2023/11/15,4.17,4.17,4.11,4.12,8633800,35720064.00
2023/11/16,4.11,4.14,4.07,4.11,10514617,43211876.00
2023/11/17,4.10,4.12,4.06,4.08,9062171,36947340.00
2023/11/20,4.08,4.11,4.05,4.10,9703755,39615460.00
2023/11/21,4.11,4.20,4.10,4.17,18692171,77995568.00
2023/11/22,4.16,4.24,4.15,4.15,17612478,73951064.00
2023/11/23,4.17,4.24,4.10,4.22,20012700,83837064.00
2023/11/24,4.23,4.26,4.19,4.21,13049603,55107204.00
2023/11/27,4.19,4.22,4.09,4.10,16604175,68463624.00
2023/11/28,4.10,4.11,4.06,4.07,12373053,50514556.00
2023/11/29,4.08,4.09,3.97,3.98,15812000,63451072.00
2023/11/30,3.99,4.01,3.95,3.97,15422059,61261128.00
2023/12/01,3.97,4.02,3.94,3.97,17598149,69996360.00
2023/12/04,3.98,4.00,3.91,3.93,20066700,79004696.00
2023/12/05,3.93,3.93,3.86,3.86,12998504,50709240.00
2023/12/06,3.87,3.89,3.83,3.85,14730493,56910300.00
2023/12/07,3.87,3.93,3.85,3.91,18005177,70027648.00
2023/12/08,3.90,3.92,3.81,3.83,30418535,117492776.00
2023/12/11,3.81,3.81,3.69,3.77,26476443,99025168.00
2023/12/12,3.77,3.88,3.76,3.87,24379966,93346704.00
2023/12/13,3.84,3.86,3.80,3.80,13042217,49881528.00
2023/12/14,3.81,3.85,3.79,3.80,13508831,51559664.00
2023/12/15,3.82,3.89,3.81,3.84,17857951,68867840.00
2023/12/18,3.82,3.88,3.76,3.77,16617861,63193880.00
2023/12/19,3.75,3.77,3.66,3.69,15972687,59241588.00
2023/12/20,3.69,3.71,3.62,3.62,12217264,44672472.00
2023/12/21,3.62,3.68,3.58,3.66,13152222,47833096.00
2023/12/22,3.68,3.69,3.60,3.62,15028352,54606988.00
2023/12/25,3.63,3.64,3.58,3.60,11257433,40637048.00
2023/12/26,3.59,3.61,3.54,3.55,10413567,37224660.00
2023/12/27,3.55,3.59,3.54,3.58,8475269,30241060.00
2023/12/28,3.57,3.68,3.54,3.67,15455700,56113880.00
2023/12/29,3.65,3.68,3.61,3.63,13629171,49581704.00
2024/01/02,3.62,3.63,3.56,3.57,15920372,57036300.00
2024/01/03,3.56,3.61,3.56,3.60,12519420,44960228.00
2024/01/04,3.60,3.60,3.53,3.56,11510400,40958676.00
2024/01/05,3.56,3.63,3.54,3.57,20449118,73394208.00
2024/01/08,3.58,3.59,3.46,3.47,17901700,62911928.00
2024/01/09,3.46,3.53,3.45,3.49,11832462,41279716.00
2024/01/10,3.48,3.53,3.45,3.49,10408206,36332424.00
2024/01/11,3.49,3.55,3.47,3.54,11277464,39591984.00
2024/01/12,3.52,3.59,3.51,3.54,12846517,45761416.00
2024/01/15,3.54,3.58,3.47,3.55,12474901,44101288.00
2024/01/16,3.55,3.58,3.45,3.49,18792300,65831488.00
2024/01/17,3.47,3.48,3.38,3.38,14005573,48035588.00
2024/01/18,3.37,3.38,3.27,3.36,18075322,59991884.00
2024/01/19,3.37,3.43,3.36,3.37,12365858,41955868.00
2024/01/22,3.36,3.36,3.18,3.18,16407850,53781776.00
2024/01/23,3.18,3.24,3.12,3.22,16477074,52533328.00
2024/01/24,3.24,3.39,3.22,3.39,23284912,76913368.00
2024/01/25,3.41,3.58,3.40,3.57,24639064,86203688.00
2024/01/26,3.59,3.75,3.58,3.67,32555393,120093128.00
2024/01/29,3.72,3.73,3.57,3.58,22430292,82001448.00
2024/01/30,3.57,3.60,3.46,3.47,20568500,72830360.00
2024/01/31,3.45,3.50,3.30,3.32,22294400,75467424.00
2024/02/01,3.29,3.33,3.20,3.24,23958167,78063400.00
2024/02/02,3.24,3.38,3.10,3.18,25936778,84259536.00
2024/02/05,3.20,3.20,2.88,2.94,33306682,99397384.00
2024/02/06,2.90,3.15,2.82,3.12,36629744,108656424.00
2024/02/07,3.10,3.32,3.10,3.29,41347655,134092648.00
2024/02/08,3.28,3.62,3.27,3.62,36376112,127951712.00
2024/02/19,3.69,3.69,3.37,3.43,45795736,158250688.00
2024/02/20,3.42,3.45,3.36,3.40,27521359,93351952.00
2024/02/21,3.36,3.58,3.33,3.47,34666374,120241144.00
2024/02/22,3.44,3.48,3.40,3.44,22441721,76956120.00
2024/02/23,3.44,3.46,3.38,3.45,22965396,78561056.00
2024/02/26,3.43,3.46,3.37,3.41,22382495,76359728.00
2024/02/27,3.39,3.46,3.38,3.46,20041221,68692232.00
2024/02/28,3.45,3.52,3.38,3.40,33630136,116697640.00
2024/02/29,3.38,3.44,3.37,3.43,22144032,75541224.00
2024/03/01,3.43,3.47,3.38,3.41,20279221,69302448.00
2024/03/04,3.40,3.41,3.32,3.35,18639845,62462448.00
2024/03/05,3.33,3.34,3.26,3.33,19581697,64674596.00
2024/03/06,3.30,3.33,3.27,3.29,11802005,38969844.00
2024/03/07,3.28,3.32,3.24,3.25,17439084,57239276.00
2024/03/08,3.25,3.27,3.19,3.23,14236118,45790116.00
2024/03/11,3.23,3.31,3.23,3.30,13174220,43025484.00
2024/03/12,3.30,3.45,3.28,3.41,26061869,87817528.00
2024/03/13,3.40,3.40,3.31,3.34,17712021,59229240.00
2024/03/14,3.34,3.40,3.32,3.37,15242532,51361772.00
2024/03/15,3.35,3.38,3.33,3.37,10559337,35397016.00
2024/03/18,3.36,3.38,3.33,3.38,12807092,42932660.00
2024/03/19,3.37,3.38,3.32,3.33,12694567,42484940.00
2024/03/20,3.32,3.35,3.30,3.33,14198847,47099024.00
2024/03/21,3.32,3.37,3.30,3.31,16715116,55696776.00
2024/03/22,3.31,3.32,3.18,3.21,21612582,69842472.00
2024/03/25,3.21,3.29,3.17,3.20,21700908,70084008.00
2024/03/26,3.19,3.26,3.19,3.24,22039947,70992408.00
2024/03/27,3.24,3.25,3.16,3.16,19753973,63080564.00
2024/03/28,3.17,3.19,3.13,3.15,16726981,52923868.00
2024/03/29,3.14,3.14,3.08,3.11,16786379,52081036.00
2024/04/01,3.10,3.17,3.09,3.15,14885397,46785944.00
2024/04/02,3.15,3.19,3.12,3.16,17670206,55750172.00
2024/04/03,3.14,3.15,3.10,3.11,13970015,43563328.00
2024/04/08,3.09,3.11,3.02,3.02,16065173,49251444.00
2024/04/09,3.02,3.08,3.01,3.07,13016816,39736588.00
2024/04/10,3.06,3.07,2.98,3.01,14974456,45112192.00
2024/04/11,2.99,3.04,2.96,3.00,12820244,38616952.00
2024/04/12,3.03,3.05,2.94,2.97,19216855,57360036.00
2024/04/15,2.93,2.97,2.82,2.89,25190945,72794200.00
2024/04/16,2.87,2.89,2.80,2.81,19188197,54342384.00
2024/04/17,2.82,2.91,2.82,2.89,19894697,57244260.00
2024/04/18,2.89,2.90,2.82,2.83,22327429,63459436.00
2024/04/19,2.81,2.83,2.76,2.77,21289066,59368740.00
2024/04/22,2.78,2.84,2.77,2.79,18656092,52201384.00
2024/04/23,2.78,2.80,2.73,2.74,18541938,51166432.00
2024/04/24,2.74,2.75,2.69,2.72,16173827,43779956.00
2024/04/25,2.70,2.76,2.68,2.73,18350361,50082364.00
2024/04/26,2.71,2.85,2.69,2.84,34496909,95725544.00
2024/04/29,2.86,3.11,2.83,3.07,53771911,161899776.00
2024/04/30,3.05,3.11,3.02,3.09,50800846,155904992.00
2024/05/06,3.16,3.21,3.05,3.06,48233064,150648432.00
2024/05/07,3.05,3.12,2.99,3.06,42645514,129526808.00
2024/05/08,3.03,3.04,2.93,2.94,25828200,76707952.00
2024/05/09,2.97,3.00,2.91,2.95,32525709,96038344.00
2024/05/10,2.95,3.09,2.92,3.05,50966549,152995728.00
2024/05/13,3.02,3.02,2.95,2.99,28030468,83805096.00
2024/05/14,3.00,3.05,2.96,2.99,25518447,76398320.00
2024/05/15,2.97,3.07,2.97,3.02,37895870,114692344.00
2024/05/16,2.99,3.17,2.99,3.13,75997578,236005728.00
2024/05/17,3.16,3.42,3.11,3.42,122234223,397322272.00
2024/05/20,3.38,3.39,3.24,3.26,113711785,374575552.00
2024/05/21,3.24,3.32,3.23,3.28,50529788,165618016.00
2024/05/22,3.26,3.50,3.25,3.39,117804141,399915392.00
2024/05/23,3.34,3.36,3.24,3.28,64313211,212362672.00
2024/05/24,3.29,3.30,3.18,3.19,35626402,114655352.00
2024/05/27,3.17,3.19,3.07,3.15,36956547,115017736.00
2024/05/28,3.17,3.21,3.06,3.07,31915996,99538256.00
2024/05/29,3.06,3.14,3.05,3.08,26914520,83317248.00
2024/05/30,3.05,3.06,2.98,3.00,27131789,81885760.00
2024/05/31,3.00,3.02,2.95,2.96,22550311,67266184.00
2024/06/03,2.94,2.95,2.79,2.82,48322968,137295344.00
2024/06/04,2.82,2.89,2.77,2.87,40912541,116073448.00
2024/06/05,2.84,2.85,2.78,2.78,24760600,69480200.00
2024/06/06,2.77,2.81,2.67,2.71,34048869,92644080.00
2024/06/07,2.75,2.80,2.72,2.79,32082542,88600808.00
2024/06/11,2.80,2.80,2.72,2.74,26170400,71979088.00
2024/06/12,2.74,2.75,2.69,2.71,25464479,68945776.00
2024/06/13,2.72,2.74,2.61,2.63,38129696,100766272.00
2024/06/14,2.63,2.68,2.59,2.65,48135275,127111728.00
2024/06/17,2.62,2.63,2.56,2.58,42171743,109057776.00
2024/06/18,2.59,2.61,2.54,2.55,32566170,83795504.00
2024/06/19,2.54,2.56,2.51,2.52,24792897,62660196.00
2024/06/20,2.50,2.51,2.43,2.43,28052176,69236608.00
2024/06/21,2.46,2.48,2.44,2.45,24316108,59832932.00
2024/06/24,2.45,2.45,2.35,2.35,28073128,66928296.00
2024/06/25,2.35,2.43,2.33,2.39,28926556,68939744.00
2024/06/26,2.39,2.45,2.37,2.44,25813604,62422996.00
2024/06/27,2.47,2.48,2.38,2.39,21555230,52192756.00
2024/06/28,2.38,2.41,2.33,2.35,23928041,56973248.00
2024/07/01,2.34,2.45,2.33,2.44,33008501,79362872.00
2024/07/02,2.42,2.51,2.41,2.45,31420517,77620952.00
2024/07/03,2.46,2.51,2.43,2.48,26067672,64865112.00
2024/07/04,2.48,2.49,2.37,2.38,26271148,63381168.00
2024/07/05,2.37,2.40,2.34,2.38,21782520,51710012.00
2024/07/08,2.28,2.29,2.19,2.21,50364550,112089336.00
2024/07/09,2.20,2.23,2.15,2.20,34689660,76046936.00
2024/07/10,2.20,2.24,2.14,2.19,24850484,54729876.00
2024/07/11,2.23,2.29,2.21,2.28,25355703,57193396.00
2024/07/12,2.27,2.40,2.27,2.34,34618890,81233016.00
2024/07/15,2.33,2.34,2.24,2.27,22061087,50314412.00
2024/07/16,2.26,2.30,2.25,2.27,16992080,38571784.00
2024/07/17,2.27,2.34,2.27,2.30,22464088,51984060.00
2024/07/18,2.30,2.32,2.26,2.32,18484544,42253892.00
2024/07/19,2.30,2.31,2.23,2.26,19837671,44769420.00
2024/07/22,2.26,2.28,2.23,2.26,12430441,28055454.00
2024/07/23,2.25,2.31,2.22,2.22,17002144,38549012.00
2024/07/24,2.23,2.23,2.15,2.15,23100404,50424788.00
2024/07/25,2.14,2.18,2.12,2.15,17479666,37642032.00
2024/07/26,2.16,2.21,2.15,2.18,18089913,39430816.00
2024/07/29,2.18,2.19,2.10,2.16,24265920,51962060.00
2024/07/30,2.17,2.22,2.15,2.21,26935557,58918072.00
2024/07/31,2.20,2.29,2.19,2.29,36486097,82384304.00
2024/08/01,2.30,2.31,2.24,2.24,23582188,53267220.00
2024/08/02,2.23,2.28,2.22,2.23,26877315,60290500.00
2024/08/05,2.23,2.29,2.20,2.21,31340000,70522176.00
2024/08/06,2.24,2.28,2.22,2.27,25063001,56250992.00
2024/08/07,2.26,2.27,2.21,2.23,24842386,55457072.00
2024/08/08,2.24,2.35,2.22,2.29,40027421,91204832.00
2024/08/09,2.29,2.52,2.28,2.39,124030108,300408192.00
2024/08/12,2.38,2.42,2.27,2.29,64097341,148320928.00
2024/08/13,2.29,2.29,2.23,2.26,33082543,74589856.00
2024/08/14,2.27,2.28,2.24,2.24,25583400,57769484.00
2024/08/15,2.24,2.31,2.21,2.31,48752675,110752664.00
2024/08/16,2.29,2.32,2.22,2.23,44225658,99812024.00
2024/08/19,2.21,2.23,2.16,2.19,37476992,82307080.00
2024/08/20,2.20,2.21,2.16,2.17,26318753,57301808.00
2024/08/21,2.16,2.18,2.13,2.15,18869900,40680040.00
2024/08/22,2.16,2.19,2.11,2.13,23689256,51120208.00
2024/08/23,2.11,2.13,2.06,2.08,26888872,56271732.00
2024/08/26,2.07,2.13,2.06,2.10,22100481,46391680.00
2024/08/27,2.10,2.11,1.99,2.00,40487351,82078104.00
2024/08/28,2.00,2.01,1.97,1.98,25242106,50153472.00
2024/08/29,1.97,2.01,1.95,1.99,19105500,37913884.00
2024/08/30,1.99,2.18,1.97,2.12,63068806,132392488.00
2024/09/02,2.10,2.13,2.06,2.07,30301404,63326696.00
2024/09/03,2.06,2.14,2.06,2.11,25841054,54260428.00
2024/09/04,2.09,2.16,2.06,2.07,21330052,44874416.00
2024/09/05,2.11,2.18,2.09,2.16,42617910,91566360.00
2024/09/06,2.14,2.18,2.13,2.14,27041812,58193332.00
2024/09/09,2.13,2.17,2.10,2.13,18659241,39741456.00
2024/09/10,2.14,2.14,2.06,2.09,21559632,45020944.00
2024/09/11,2.08,2.10,2.05,2.07,14550619,30157272.00
2024/09/12,2.08,2.11,2.06,2.09,12724329,26545684.00
2024/09/13,2.08,2.13,2.07,2.10,18765200,39521904.00
2024/09/18,2.09,2.17,2.06,2.14,23907026,50546776.00
2024/09/19,2.16,2.26,2.14,2.23,41349415,91421712.00
2024/09/20,2.21,2.28,2.19,2.27,42504900,95534408.00
2024/09/23,2.25,2.29,2.22,2.26,25468874,57460688.00
2024/09/24,2.30,2.42,2.25,2.39,74483627,174741472.00
2024/09/25,2.55,2.63,2.55,2.63,55816046,146307376.00
2024/09/26,2.70,2.89,2.63,2.89,184329221,512056352.00
2024/09/27,3.18,3.18,3.18,3.18,23701462,75370648.00
2024/09/30,3.50,3.50,3.50,3.50,12899893,45149624.00
2024/10/08,3.85,3.85,3.51,3.85,229514220,875900992.00
2024/10/09,3.60,3.85,3.47,3.47,343291829,1249955328.00
2024/10/10,3.40,3.47,3.13,3.21,206547301,671401856.00
2024/10/11,3.17,3.41,3.15,3.26,165471434,544719232.00
2024/10/14,3.34,3.40,3.14,3.27,172426919,564238784.00
2024/10/15,3.18,3.32,3.14,3.15,129479224,419031360.00
2024/10/16,3.23,3.47,3.22,3.47,211391996,721878528.00
2024/10/17,3.50,3.52,3.16,3.19,245880244,815589248.00
2024/10/18,3.13,3.31,3.07,3.24,156260946,495685216.00
2024/10/21,3.22,3.30,3.16,3.19,104955014,336206560.00
2024/10/22,3.17,3.24,3.16,3.20,71498420,229103200.00
2024/10/23,3.19,3.29,3.16,3.25,103585038,334200224.00
2024/10/24,3.22,3.41,3.20,3.23,105031368,344571136.00
2024/10/25,3.23,3.38,3.23,3.29,110819063,366959520.00
2024/10/28,3.27,3.41,3.27,3.39,123130737,412959072.00
2024/10/29,3.33,3.42,3.24,3.25,97371366,323929440.00
2024/10/30,3.24,3.47,3.23,3.37,126569715,425257056.00
2024/10/31,3.32,3.70,3.31,3.57,185231511,657186432.00
2024/11/01,3.51,3.65,3.43,3.50,128637022,454523264.00
2024/11/04,3.54,3.56,3.36,3.46,78639779,269478080.00
2024/11/05,3.44,3.80,3.40,3.72,146299883,537945792.00
2024/11/06,3.68,4.09,3.55,4.02,246605269,957512256.00
2024/11/07,3.91,4.42,3.89,4.42,207442746,875278272.00
2024/11/08,4.70,4.71,4.15,4.19,300389419,1330380800.00
2024/11/11,4.06,4.18,3.91,4.00,154089715,616610368.00
2024/11/12,3.97,4.11,3.86,3.91,99175909,395415040.00
2024/11/13,3.88,4.18,3.80,4.04,128430518,508472256.00
2024/11/14,4.14,4.15,3.77,3.78,106296809,417354656.00
2024/11/15,3.76,3.81,3.56,3.57,80776571,296612448.00
2024/11/18,3.72,3.93,3.71,3.93,157482441,615938688.00
2024/11/19,3.82,3.87,3.61,3.79,169537210,633855872.00
2024/11/20,3.73,3.92,3.67,3.87,113846653,436247936.00
2024/11/21,3.82,3.96,3.75,3.93,109775947,423008512.00
2024/11/22,3.88,4.05,3.82,3.88,122612727,482273216.00
2024/11/25,3.82,3.91,3.67,3.76,77211174,290745728.00
2024/11/26,3.73,3.82,3.71,3.76,55707673,209471472.00
2024/11/27,3.72,3.80,3.64,3.79,56620362,211112112.00
2024/11/28,3.79,4.17,3.76,4.05,186778311,747213824.00
2024/11/29,3.98,4.16,3.95,4.00,147110551,595875584.00
2024/12/02,4.00,4.20,3.93,4.07,127883257,519084832.00
2024/12/03,4.04,4.09,3.96,4.06,100595401,404978880.00
2024/12/04,4.04,4.05,3.88,3.89,78964276,312908864.00
2024/12/05,3.87,3.94,3.80,3.92,70781998,273956576.00
2024/12/06,3.91,4.17,3.90,4.04,135241720,547133824.00
2024/12/09,4.01,4.16,3.90,4.02,121137869,485337440.00
2024/12/10,4.42,4.42,4.08,4.09,228753110,981258944.00
2024/12/11,4.02,4.19,3.99,4.12,161584893,664416384.00
2024/12/12,4.11,4.22,4.07,4.16,114664724,476774496.00
2024/12/13,4.08,4.14,3.93,3.93,136029561,541400768.00
2024/12/16,3.90,3.93,3.77,3.80,80130860,308928160.00
2024/12/17,3.82,3.84,3.67,3.70,57887310,216441648.00
2024/12/18,3.79,3.79,3.70,3.72,41923800,156741824.00
2024/12/19,3.66,3.69,3.59,3.64,45383774,165005088.00
2024/12/20,3.62,3.67,3.61,3.66,33586938,122390800.00
2024/12/23,3.65,3.65,3.45,3.48,48628486,171346448.00
2024/12/24,3.45,3.60,3.42,3.54,40463792,142998000.00
2024/12/25,3.53,3.54,3.42,3.47,36944247,127828320.00
2024/12/26,3.47,3.53,3.46,3.48,23716906,82806328.00
2024/12/27,3.48,3.55,3.47,3.51,32675800,114877048.00
2024/12/30,3.56,3.59,3.39,3.40,37374059,128758960.00
2024/12/31,3.40,3.44,3.26,3.26,36505620,121622096.00
2025/01/02,3.26,3.36,3.17,3.27,45508466,149445760.00
2025/01/03,3.27,3.31,3.20,3.21,40434596,131414880.00
2025/01/06,3.18,3.20,3.12,3.17,30188014,95336240.00
2025/01/07,3.16,3.20,3.12,3.20,22304910,70591312.00
2025/01/08,3.18,3.20,3.05,3.13,30370500,94874520.00
2025/01/09,3.12,3.17,3.10,3.14,22274951,69917912.00
2025/01/10,3.15,3.17,3.00,3.00,26329800,80769752.00
2025/01/13,2.96,3.05,2.91,3.05,29491433,88310192.00
2025/01/14,3.04,3.14,3.03,3.13,34825639,107819960.00
2025/01/15,3.13,3.21,3.07,3.17,43614807,137350896.00
2025/01/16,3.18,3.25,3.13,3.15,26772708,85296464.00
2025/01/17,3.12,3.28,3.09,3.19,48814171,155987840.00
2025/01/20,3.19,3.27,3.11,3.22,40723354,130744440.00
2025/01/21,3.22,3.36,3.17,3.24,75648578,247161504.00
2025/01/22,3.21,3.23,3.10,3.17,53173225,168035664.00
2025/01/23,3.20,3.29,3.20,3.22,45231534,146762224.00
2025/01/24,3.04,3.12,2.96,2.99,76810301,232714944.00
2025/01/27,3.01,3.09,3.00,3.02,36586383,111397552.00
2025/02/05,3.05,3.06,3.00,3.05,22990538,69711280.00
2025/02/06,3.04,3.07,3.01,3.06,27078183,82522248.00
2025/02/07,3.06,3.17,3.03,3.13,42600923,132999952.00
2025/02/10,3.15,3.19,3.11,3.19,32142151,101749296.00
2025/02/11,3.20,3.23,3.08,3.10,33062308,103013088.00
2025/02/12,3.11,3.19,3.05,3.19,46827397,145598512.00
2025/02/13,3.15,3.33,3.12,3.26,84669671,276548096.00
2025/02/14,3.26,3.26,3.14,3.16,46037332,146230944.00
2025/02/17,3.17,3.24,3.12,3.20,43690364,139523184.00
2025/02/18,3.20,3.21,3.07,3.09,35914045,112534296.00
2025/02/19,3.08,3.11,3.07,3.09,26473795,81724480.00
2025/02/20,3.12,3.16,3.06,3.12,31516422,98293800.00
2025/02/21,3.13,3.14,3.04,3.08,35766482,110622672.00
2025/02/24,3.09,3.21,3.07,3.12,43889096,137977104.00
2025/02/25,3.10,3.14,3.07,3.08,35110343,108549240.00
2025/02/26,3.09,3.17,3.07,3.16,47352104,148637840.00
2025/02/27,3.14,3.22,3.12,3.17,36411000,115156744.00
2025/02/28,3.15,3.19,3.04,3.05,57477766,178088288.00
2025/03/03,3.05,3.12,3.05,3.07,35356734,109055472.00
2025/03/04,3.05,3.06,3.01,3.05,29889600,90630432.00
2025/03/05,3.05,3.05,2.97,3.02,30892010,92584072.00
2025/03/06,3.02,3.09,3.00,3.09,39227814,119707816.00
2025/03/07,3.07,3.08,2.99,3.00,31781511,95981520.00
2025/03/10,3.00,3.06,2.98,3.03,29717124,89595432.00
2025/03/11,3.01,3.01,2.97,3.01,16511037,49379752.00
2025/03/12,3.01,3.02,2.98,3.00,15170819,45497928.00
2025/03/13,2.99,3.01,2.96,2.97,19254488,57289020.00
2025/03/14,2.97,3.04,2.97,3.04,35877750,108188112.00
2025/03/17,3.04,3.10,3.04,3.07,38075300,117201192.00
2025/03/18,3.08,3.09,3.02,3.03,30082448,91280576.00
2025/03/19,3.03,3.03,3.00,3.01,15851477,47782044.00
2025/03/20,3.01,3.04,3.00,3.01,18244535,55058680.00
2025/03/21,3.01,3.03,2.97,2.97,26585566,79605000.00
2025/03/24,2.98,2.98,2.85,2.88,34974620,101211912.00
2025/03/25,2.87,2.92,2.84,2.89,19100237,54904564.00
2025/03/26,2.89,2.94,2.88,2.90,18894678,55139808.00
2025/03/27,2.90,2.91,2.86,2.89,13370800,38651160.00
2025/03/28,2.90,2.90,2.84,2.87,13037458,37385204.00
2025/03/31,2.86,2.87,2.75,2.78,26079244,72742088.00
2025/04/01,2.78,2.83,2.78,2.80,17275500,48456628.00
2025/04/02,2.81,2.82,2.79,2.80,8644400,24220692.00
2025/04/03,2.78,2.88,2.77,2.85,23379100,66460632.00
2025/04/07,2.71,2.73,2.57,2.57,29014400,75739968.00
2025/04/08,2.57,2.60,2.49,2.57,36172997,92309384.00
2025/04/09,2.54,2.77,2.42,2.71,51163127,133878312.00
2025/04/10,2.70,2.78,2.68,2.76,35424236,96932976.00
2025/04/11,2.74,2.75,2.69,2.70,25225814,68456104.00
2025/04/14,2.70,2.75,2.70,2.72,16918992,46095860.00
2025/04/15,2.72,2.73,2.67,2.68,16283921,43764316.00
2025/04/16,2.69,2.78,2.68,2.71,41314601,112920472.00
2025/04/17,2.70,2.83,2.69,2.76,48451035,134810912.00
2025/04/18,2.76,3.04,2.74,3.04,108688989,322599168.00
2025/04/21,2.99,3.03,2.87,2.96,106180410,313811104.00
2025/04/22,2.96,3.00,2.92,2.97,71888531,212560848.00
2025/04/23,2.97,2.98,2.91,2.92,43472092,127863392.00
2025/04/24,2.92,2.99,2.89,2.95,45903067,135110352.00
2025/04/25,2.93,3.08,2.92,2.94,92244002,277787552.00
2025/04/28,2.89,2.90,2.70,2.72,75119859,207802112.00
2025/04/29,2.70,2.74,2.68,2.72,27136700,73668672.00
2025/04/30,2.72,2.80,2.72,2.76,32243056,89048064.00
2025/05/06,2.78,2.79,2.74,2.78,27909408,77258824.00
2025/05/07,2.88,2.94,2.80,2.81,43648870,124828624.00
2025/05/08,2.82,2.84,2.77,2.82,22982406,64702488.00
2025/05/09,2.82,2.84,2.74,2.74,25859100,71631800.00
2025/05/12,2.75,2.78,2.72,2.77,16617478,45740088.00
2025/05/13,2.79,2.80,2.76,2.78,16502514,45851116.00
2025/05/14,2.77,2.82,2.74,2.82,23909024,66573032.00
2025/05/15,2.81,2.84,2.76,2.77,20072300,55976072.00
2025/05/16,2.77,2.79,2.74,2.75,13319900,36678160.00
2025/05/19,2.73,2.87,2.73,2.85,46882649,132304368.00
2025/05/20,2.85,2.88,2.81,2.84,22854132,64935732.00
2025/05/21,2.84,2.85,2.80,2.80,18385732,51763896.00
2025/05/22,2.80,2.81,2.71,2.73,30162000,82973504.00
2025/05/23,2.72,2.74,2.68,2.69,18038700,48905872.00
2025/05/26,2.69,2.73,2.67,2.71,9554396,25824908.00
2025/05/27,2.71,2.74,2.70,2.73,11578798,31533022.00
2025/05/28,2.73,2.75,2.69,2.70,9564940,25919718.00
2025/05/29,2.70,2.75,2.69,2.73,14680617,40109692.00
2025/05/30,2.73,2.78,2.71,2.74,17911900,49040068.00
2025/06/03,2.72,2.75,2.70,2.72,14202259,38768364.00
2025/06/04,2.73,2.78,2.72,2.77,17735312,48841584.00
2025/06/05,2.80,2.96,2.80,2.83,70616719,202958016.00
2025/06/06,2.82,2.84,2.80,2.82,28255599,79559536.00
2025/06/09,2.82,2.83,2.78,2.81,29648495,83004352.00
2025/06/10,2.81,2.84,2.77,2.81,24283980,68237488.00
2025/06/11,2.80,2.84,2.79,2.82,19976049,56417160.00
2025/06/12,2.82,2.82,2.77,2.79,19293659,53757272.00
2025/06/13,2.78,2.78,2.72,2.72,20278481,55548904.00
2025/06/16,2.72,2.81,2.72,2.78,27136253,75295232.00
2025/06/17,2.78,2.82,2.76,2.80,17983322,50116052.00
2025/06/18,2.79,2.81,2.74,2.80,24106260,66897228.00
2025/06/19,2.79,2.80,2.73,2.74,15861000,43720188.00
2025/06/20,2.75,2.76,2.71,2.71,10053600,27446256.00
2025/06/23,2.70,2.75,2.69,2.74,11165504,30444208.00
2025/06/24,2.74,2.81,2.74,2.80,22293098,62029944.00
2025/06/25,2.79,2.87,2.77,2.87,38777708,109762912.00
2025/06/26,2.88,2.88,2.81,2.83,34709777,98634360.00
2025/06/27,2.83,2.89,2.83,2.83,27840113,79615832.00
2025/06/30,2.84,2.85,2.81,2.82,21180951,59809736.00
2025/07/01,2.83,2.83,2.78,2.80,18874279,52817732.00
2025/07/02,2.79,2.85,2.79,2.84,24546382,69141056.00
2025/07/03,2.84,2.87,2.82,2.84,25839798,73437968.00
2025/07/04,2.84,2.86,2.82,2.83,22484499,63848784.00
2025/07/07,2.83,2.89,2.82,2.88,34887770,100301400.00
2025/07/08,2.87,2.90,2.86,2.90,25746004,74277624.00
2025/07/09,2.90,2.93,2.89,2.91,30616151,89018184.00
2025/07/10,2.90,3.18,2.90,3.15,131973296,403914784.00
2025/07/11,3.13,3.17,3.08,3.11,91147403,283938080.00
2025/07/14,3.09,3.10,3.00,3.02,49843869,151151024.00
2025/07/15,3.01,3.03,2.91,2.97,48878800,144407248.00
2025/07/16,2.96,2.99,2.93,2.95,33705549,99751160.00
2025/07/17,2.96,2.98,2.92,2.95,27547300,81205256.00
2025/07/18,2.96,2.96,2.92,2.95,24248441,71298920.00
2025/07/21,2.96,3.03,2.95,3.02,43109974,129654944.00
2025/07/22,3.03,3.06,2.98,3.06,41128449,124418960.00
2025/07/23,3.05,3.12,3.04,3.04,39784328,122197864.00
2025/07/24,3.04,3.13,3.02,3.11,53735023,166311568.00
2025/07/25,3.12,3.12,3.05,3.07,31765461,97804144.00
2025/07/28,3.08,3.09,3.02,3.06,21999370,67210144.00
2025/07/29,3.07,3.07,3.02,3.07,21477032,65430472.00
2025/07/30,3.06,3.10,3.01,3.03,32721442,100020072.00
2025/07/31,3.02,3.02,2.91,2.93,37981525,112429160.00
2025/08/01,2.94,2.97,2.92,2.94,22163167,65237768.00
2025/08/04,2.94,2.98,2.91,2.94,21350940,62785892.00
2025/08/05,2.96,2.97,2.93,2.96,18550953,54825184.00
2025/08/06,2.96,2.96,2.92,2.94,18375026,53992672.00
2025/08/07,2.94,2.96,2.92,2.95,22309488,65629156.00
2025/08/08,2.94,2.96,2.92,2.95,17037186,50014112.00
2025/08/11,2.98,3.04,2.98,3.01,43027820,129537792.00
2025/08/12,3.00,3.07,2.98,3.04,33785068,102089104.00
2025/08/13,3.05,3.08,3.02,3.03,29790044,90636752.00
2025/08/14,3.03,3.06,2.95,2.95,35582608,106773136.00
2025/08/15,2.97,3.05,2.95,3.02,40906469,123546520.00
2025/08/18,3.06,3.07,3.00,3.02,29206955,88149856.00
2025/08/19,3.02,3.08,3.01,3.04,50604682,154670208.00
2025/08/20,3.03,3.05,3.00,3.05,26810312,81154480.00
2025/08/21,3.05,3.06,3.02,3.04,30151387,91686192.00
2025/08/22,3.03,3.04,2.99,3.03,32445347,97864800.00
2025/08/25,3.04,3.21,3.04,3.16,95342224,299939712.00
2025/08/26,3.15,3.17,3.12,3.14,43724408,137273264.00
2025/08/27,3.12,3.13,3.00,3.01,48753926,149655856.00
2025/08/28,3.01,3.05,2.93,3.01,46889913,140420112.00
2025/08/29,3.04,3.07,2.97,2.98,38585573,116049592.00
2025/09/01,2.98,3.00,2.94,2.97,27427797,81497688.00
2025/09/02,2.96,3.00,2.93,2.96,29495084,87371960.00
2025/09/03,2.96,2.98,2.92,2.93,25439778,74910624.00
2025/09/04,2.93,2.98,2.88,2.90,41238912,120914912.00
2025/09/05,2.91,2.97,2.89,2.97,34664101,101776176.00
2025/09/08,2.97,3.04,2.96,3.03,37221110,112178624.00
2025/09/09,3.03,3.14,3.01,3.14,75555533,234240320.00
2025/09/10,3.13,3.21,3.10,3.21,79284976,252501200.00
2025/09/11,3.20,3.20,3.13,3.17,51998234,164137312.00
2025/09/12,3.17,3.45,3.16,3.33,116046038,383058784.00
2025/09/15,3.29,3.34,3.18,3.28,84268923,273031168.00
2025/09/16,3.27,3.35,3.25,3.34,92970322,306858688.00
2025/09/17,3.34,3.36,3.24,3.35,69001031,228334528.00
2025/09/18,3.35,3.37,3.17,3.21,75101388,245278128.00
2025/09/19,3.22,3.24,3.08,3.19,61983796,195053024.00
2025/09/22,3.16,3.17,3.04,3.15,51962154,161749296.00
2025/09/23,3.14,3.14,2.94,2.99,63998932,192283344.00
2025/09/24,3.00,3.09,2.96,3.04,48302669,146881248.00
2025/09/25,3.04,3.05,2.98,2.98,36565051,109760184.00
2025/09/26,2.98,3.09,2.96,3.00,40677320,122863328.00
2025/09/29,3.00,3.06,2.93,3.04,36724883,109998592.00
2025/09/30,3.04,3.09,3.00,3.07,42189364,129039872.00
2025/10/09,3.07,3.08,2.94,3.04,50349121,150810768.00
2025/10/10,3.02,3.10,3.01,3.06,49066761,150266208.00
2025/10/13,2.98,3.03,2.95,3.02,34292491,102590064.00
2025/10/14,3.04,3.16,3.04,3.05,60620617,187869776.00
2025/10/15,3.06,3.11,3.02,3.05,35801017,109543848.00
2025/10/16,3.05,3.06,2.98,3.00,36469402,109820752.00
2025/10/17,3.00,3.18,2.99,3.01,94932534,292870304.00
2025/10/20,3.02,3.07,2.99,3.04,53372223,161801648.00
2025/10/21,3.03,3.14,3.00,3.13,70881619,219939184.00
2025/10/22,3.11,3.25,3.11,3.22,80690354,258364336.00
2025/10/23,3.23,3.24,3.12,3.18,48027121,152100928.00
2025/10/24,3.18,3.19,3.08,3.08,58133832,180726352.00
2025/10/27,3.09,3.10,3.05,3.06,41619611,127691424.00
2025/10/28,3.06,3.08,3.03,3.04,34285766,104807984.00
2025/10/29,3.04,3.07,3.00,3.06,33721111,102125328.00
2025/10/30,3.05,3.06,3.00,3.00,36098998,109119264.00
2025/10/31,3.02,3.05,3.00,3.02,28783119,86965424.00
2025/11/03,3.02,3.03,2.99,3.02,31065836,93267176.00
2025/11/04,3.02,3.04,2.99,3.02,34059653,102587376.00
2025/11/05,3.01,3.05,2.99,3.04,26454440,80117160.00
2025/11/06,3.04,3.05,3.01,3.02,22109911,66758772.00
2025/11/07,3.02,3.04,3.00,3.00,24027121,72396240.00
2025/11/10,3.01,3.08,2.99,3.07,48925518,148995648.00
2025/11/11,3.07,3.15,3.06,3.13,50482037,157045376.00
2025/11/12,3.12,3.15,3.08,3.11,29431021,91418520.00
2025/11/13,3.10,3.17,3.06,3.17,45772164,143463312.00
2025/11/14,3.15,3.24,3.14,3.19,46422750,148961472.00
2025/11/17,3.18,3.23,3.16,3.22,34251165,109826296.00
2025/11/18,3.21,3.22,3.05,3.10,63731362,197633200.00
2025/11/19,3.09,3.11,3.01,3.02,39929786,121372928.00
2025/11/20,3.03,3.13,2.98,3.05,62577548,190290816.00
2025/11/21,3.03,3.08,2.96,2.96,49225289,148366272.00
2025/11/24,2.98,3.02,2.93,2.94,43607942,129623024.00
2025/11/25,2.95,2.96,2.91,2.93,47028210,137782400.00
2025/11/26,2.93,2.95,2.87,2.88,47558403,138526064.00
2025/11/27,2.87,2.87,2.79,2.84,38255751,108678680.00
2025/11/28,2.84,2.87,2.79,2.87,26696562,75613168.00
2025/12/01,2.86,2.88,2.84,2.85,20470621,58428420.00
2025/12/02,2.85,2.86,2.82,2.86,22869256,65058808.00
2025/12/03,2.85,2.86,2.80,2.80,28550002,80449640.00
2025/12/04,2.81,2.86,2.77,2.83,34308992,96697168.00
2025/12/05,2.82,2.84,2.79,2.84,20867268,58677260.00
2025/12/08,2.84,2.87,2.83,2.85,22711431,64847628.00
2025/12/09,2.84,2.84,2.77,2.77,24814431,69370408.00
2025/12/10,2.78,2.90,2.75,2.87,56084862,158959792.00
2025/12/11,2.86,2.86,2.78,2.78,32758813,91961032.00
2025/12/12,2.80,2.82,2.78,2.80,18951589,53112232.00
2025/12/15,2.78,2.80,2.77,2.77,16323766,45476984.00
2025/12/16,2.77,2.80,2.73,2.75,20659032,57054740.00
2025/12/17,2.74,2.76,2.71,2.74,17370566,47469508.00
2025/12/18,2.74,2.76,2.73,2.75,9472788,26043094.00
2025/12/19,2.74,2.80,2.74,2.78,16440392,45641524.00
2025/12/22,2.79,2.80,2.76,2.78,17656510,49070520.00
2025/12/23,2.78,2.78,2.72,2.74,17786925,48850512.00
2025/12/24,2.73,2.76,2.73,2.75,12594379,34614332.00
2025/12/25,2.80,2.83,2.77,2.79,21424877,59793024.00
2025/12/26,2.77,2.79,2.75,2.77,18774919,52036300.00
2025/12/29,2.76,2.78,2.75,2.75,13394238,36968492.00
2025/12/30,2.75,2.75,2.73,2.73,9670277,26489544.00
2025/12/31,2.75,2.76,2.73,2.75,13120357,36017516.00
2026/01/05,2.76,2.80,2.75,2.79,21455312,59704632.00
2026/01/06,2.79,2.84,2.78,2.82,31502053,88819128.00
2026/01/07,2.82,2.85,2.80,2.81,21916628,61870216.00
2026/01/08,2.80,2.87,2.79,2.85,29562829,83853216.00
2026/01/09,2.84,2.86,2.82,2.84,25576602,72524464.00
2026/01/12,2.83,2.85,2.81,2.82,27073084,76342952.00
2026/01/13,2.83,2.84,2.80,2.80,25867536,72953128.00
2026/01/14,2.80,2.83,2.77,2.80,33906096,95050136.00
2026/01/15,2.79,2.82,2.78,2.81,24235212,68006760.00
2026/01/16,2.83,2.83,2.76,2.76,21492798,59839488.00
2026/01/19,2.75,2.79,2.73,2.77,14734278,40764872.00
2026/01/20,2.76,2.84,2.76,2.83,42590526,120026816.00
2026/01/21,2.82,2.86,2.80,2.84,29070539,82256064.00
2026/01/22,2.83,2.87,2.82,2.87,28395653,80899872.00
2026/01/23,2.86,2.87,2.83,2.84,32100082,91271544.00
2026/01/26,2.84,2.86,2.80,2.82,30328766,85673464.00
2026/01/27,2.82,2.82,2.75,2.77,28809422,79900648.00
2026/01/28,2.77,2.81,2.76,2.80,26809902,74899568.00
2026/01/29,2.79,2.93,2.78,2.92,87543613,252295520.00
2026/01/30,2.90,2.91,2.80,2.83,45163498,128511976.00
2026/02/02,2.81,2.83,2.71,2.73,45262044,125663744.00
2026/02/03,2.80,2.86,2.78,2.81,35416576,99764120.00
2026/02/04,2.81,2.93,2.78,2.92,70027724,201505232.00
2026/02/05,2.91,2.96,2.89,2.92,43987002,128550536.00
2026/02/06,2.90,2.92,2.86,2.88,33328545,96393784.00
2026/02/09,2.90,2.98,2.89,2.94,37142182,109320248.00
2026/02/10,2.94,2.94,2.88,2.89,26295128,76327640.00
2026/02/11,2.90,2.90,2.87,2.89,21493200,62050896.00
2026/02/12,2.89,2.91,2.84,2.85,25943195,74334032.00
2026/02/13,2.84,2.86,2.81,2.81,20891118,59171604.00
2026/02/24,2.83,2.84,2.80,2.82,16716673,47207104.00
2026/02/25,2.82,2.92,2.82,2.90,45026751,130195656.00
2026/02/26,2.90,2.91,2.80,2.81,45434837,128404992.00
2026/02/27,2.81,2.83,2.80,2.83,17039059,47980060.00
2026/03/02,2.80,2.81,2.76,2.78,27831497,77477008.00
2026/03/03,2.78,2.79,2.73,2.73,24685656,68001776.00
2026/03/04,2.72,2.74,2.68,2.70,25729474,69733112.00
2026/03/05,2.72,2.74,2.70,2.72,13174500,35810352.00
2026/03/06,2.71,2.75,2.70,2.74,14746080,40194560.00
2026/03/09,2.73,2.73,2.69,2.72,16301437,44135040.00
2026/03/10,2.73,2.74,2.72,2.74,11638506,31773898.00
2026/03/11,2.74,2.74,2.71,2.73,13007863,35534128.00
2026/03/12,2.73,2.77,2.72,2.75,19906273,54699276.00
2026/03/13,2.75,2.79,2.74,2.74,21112922,58417040.00
2026/03/16,2.76,2.80,2.75,2.76,23986184,66503576.00
2026/03/17,2.77,2.85,2.76,2.80,48144859,135652336.00
2026/03/18,2.81,2.81,2.72,2.74,30971730,85176136.00
2026/03/19,2.73,2.75,2.69,2.70,20754191,56226716.00
2026/03/20,2.71,2.71,2.65,2.66,22418526,59920508.00
2026/03/23,2.64,2.64,2.46,2.47,27859857,70818064.00
2026/03/24,2.56,2.57,2.48,2.56,17503474,44176368.00
2026/03/25,2.55,2.60,2.54,2.58,17528871,45161884.00
2026/03/26,2.58,2.61,2.55,2.56,16220300,41820176.00
2026/03/27,2.54,2.58,2.53,2.58,12751600,32660380.00
2026/03/30,2.55,2.59,2.52,2.57,13988200,35822872.00
2026/03/31,2.58,2.62,2.55,2.56,14993020,38777004.00
2026/04/01,2.58,2.59,2.54,2.57,13061617,33556644.00
2026/04/02,2.56,2.57,2.49,2.51,13816401,34870880.00
2026/04/03,2.51,2.52,2.46,2.46,9544731,23628796.00
2026/04/07,2.46,2.50,2.45,2.49,10082294,24961378.00
2026/04/08,2.51,2.57,2.51,2.56,15630751,39651956.00
2026/04/09,2.55,2.56,2.51,2.53,10085659,25526064.00
2026/04/10,2.63,2.78,2.63,2.78,62890766,173696272.00
2026/04/13,2.78,3.06,2.76,3.06,146665925,437293632.00
2026/04/14,3.07,3.22,2.97,3.06,232682836,720712832.00
2026/04/15,3.00,3.05,2.84,2.88,158274318,461173312.00
2026/04/16,2.86,2.88,2.79,2.84,84487364,238323632.00
2026/04/17,2.82,2.94,2.79,2.81,89167004,253041824.00
2026/04/20,2.79,2.79,2.70,2.78,68267061,186927648.00
2026/04/21,2.77,2.78,2.71,2.73,40890474,111865424.00
2026/04/22,2.72,2.75,2.70,2.75,30856842,84221568.00
2026/04/23,2.74,2.74,2.66,2.68,37697552,101712240.00
2026/04/24,2.67,2.68,2.63,2.65,27579525,73173616.00
2026/04/27,2.64,2.66,2.58,2.64,31653000,82836376.00
2026/04/28,2.64,2.67,2.59,2.62,23262017,61096664.00
2026/04/29,2.88,2.88,2.88,2.88,23664772,68154544.00
2026/04/30,3.11,3.17,3.02,3.17,122536020,385229920.00
2026/05/06,3.17,3.49,3.08,3.49,215803708,725159296.00
2026/05/07,3.43,3.48,3.30,3.35,255756681,863410176.00
2026/05/08,3.33,3.44,3.23,3.27,178447367,591821312.00
2026/05/11,3.23,3.39,3.18,3.33,159547424,527248896.00
2026/05/12,3.31,3.33,3.19,3.24,130793358,425340224.00
2026/05/13,3.21,3.26,3.12,3.16,105908680,336129376.00
2026/05/14,3.19,3.20,3.02,3.04,85524425,263759680.00
2026/05/15,3.05,3.10,2.98,3.01,94846871,287514624.00
2026/05/18,2.99,3.00,2.93,2.96,64508334,190812448.00
2026/05/19,2.97,3.04,2.94,3.03,86814530,259471856.00
2026/05/20,3.06,3.09,2.94,3.04,92428861,278830464.00
2026/05/21,3.02,3.04,2.86,2.87,79651564,235532720.00
2026/05/22,2.89,2.95,2.86,2.93,58971456,171749376.00
2026/05/25,2.91,3.01,2.90,3.00,54643228,162326592.00
2026/05/26,2.98,2.99,2.91,2.98,53103095,156887712.00
2026/05/27,2.97,2.97,2.83,2.88,49597471,142849536.00
2026/05/28,2.86,2.97,2.85,2.93,45762965,133920336.00
2026/05/29,2.94,3.22,2.94,3.09,189193714,595000064.00
2026/06/01,3.11,3.17,3.02,3.13,151681623,471986880.00
2026/06/02,3.11,3.13,3.03,3.05,88866388,272144544.00
2026/06/03,3.04,3.05,2.91,2.98,90598618,267908512.00
2026/06/04,2.96,3.04,2.86,2.89,76623400,225125920.00
2026/06/05,2.90,3.07,2.90,2.93,86953838,256896832.00
2026/06/08,2.85,2.94,2.80,2.87,74175174,213031824.00
2026/06/09,2.87,2.89,2.74,2.79,58450051,162206576.00
2026/06/10,2.77,2.81,2.74,2.78,41369642,114655584.00
2026/06/11,2.77,2.78,2.71,2.75,39589232,108773088.00
2026/06/12,2.78,2.81,2.73,2.76,51018700,141402224.00
2026/06/15,2.77,2.85,2.75,2.78,50486854,140733136.00
2026/06/16,2.78,2.79,2.69,2.73,47150127,128085256.00
2026/06/17,2.71,2.72,2.68,2.71,36719187,99027472.00
2026/06/18,2.69,2.70,2.64,2.67,34306482,91537320.00
2026/06/22,2.65,2.71,2.57,2.70,47939056,126407568.00
2026/06/23,2.68,2.80,2.67,2.74,59220059,162961008.00
2026/06/24,2.73,2.74,2.58,2.62,52470848,138142672.00
2026/06/25,2.61,2.64,2.58,2.62,34289133,89442640.00
2026/06/26,2.63,2.66,2.56,2.56,49301710,128457024.00
2026/06/29,2.53,2.55,2.48,2.51,55663891,139917968.00
2026/06/30,2.49,2.50,2.39,2.41,58275976,141554272.00
2026/07/01,2.39,2.53,2.38,2.47,48829161,120430056.00
2026/07/02,2.47,2.53,2.42,2.44,42941440,105908592.00
2026/07/03,2.45,2.49,2.43,2.46,36694001,90224112.00
2026/07/06,2.47,2.50,2.44,2.48,36218205,89194304.00
2026/07/07,2.47,2.47,2.37,2.38,36792250,88428368.00
2026/07/08,2.38,2.44,2.35,2.42,31361328,75219872.00
2026/07/09,2.41,2.44,2.36,2.40,38582379,92286248.00
2026/07/10,2.38,2.53,2.36,2.48,57948614,142694000.00
2026/07/13,2.45,2.48,2.37,2.38,42590319,102541560.00
2026/07/14,2.38,2.45,2.35,2.44,34531887,82980552.00
2026/07/15,2.40,2.49,2.38,2.46,50346684,123227896.00
2026/07/16,2.48,2.51,2.42,2.48,49746892,122849432.00
2026/07/17,2.46,2.54,2.38,2.39,58102778,141936688.00
2026/07/20,2.39,2.44,2.38,2.42,36536643,88111920.00
2026/07/21,2.41,2.42,2.36,2.38,39161605,93117104.00
2026/07/22,2.37,2.40,2.35,2.39,29920687,71263800.00
2026/07/23,2.38,2.43,2.37,2.43,32649918,78462216.00
2026/07/24,2.41,2.43,2.36,2.36,30038188,71637760.00
2026/07/27,2.36,2.40,2.35,2.39,29453775,70268416.00
2026/07/28,2.38,2.43,2.37,2.39,36294039,87139760.00
2026/07/29,2.39,2.45,2.39,2.44,55009167,133363424.00
2026/07/30,2.42,2.49,2.42,2.46,51288219,125923544.00
2026/07/31,2.45,2.49,2.44,2.49,41882200,103466432.00
2026/08/03,2.49,2.53,2.48,2.52,37166518,93192296.00
2026/08/04,2.52,2.53,2.47,2.48,36776300,91389080.00
2026/08/05,2.48,2.50,2.45,2.49,31782980,78554608.00
2026/08/06,2.48,2.51,2.45,2.51,42832961,106434752.00
2026/08/07,2.50,2.51,2.43,2.46,41789785,102603800.00
2026/08/10,2.51,2.60,2.51,2.53,62816119,159581168.00
2026/08/11,2.51,2.59,2.50,2.54,58273507,148660544.00
2026/08/12,2.53,2.68,2.52,2.66,93374138,243649552.00
2026/08/13,2.65,2.66,2.55,2.56,69972902,181076704.00
2026/08/14,2.56,2.56,2.47,2.49,47039586,117437200.00
2026/08/17,2.49,2.49,2.43,2.48,36451292,89642896.00
2026/08/18,2.47,2.50,2.46,2.47,31923413,79057496.00
2026/08/19,2.46,2.49,2.42,2.43,37743314,92333072.00
2026/08/20,2.43,2.52,2.42,2.50,50346806,125005128.00
2026/08/21,2.49,2.51,2.43,2.46,29784342,73111408.00
2026/08/24,2.46,2.48,2.42,2.43,28764200,70108016.00
2026/08/25,2.42,2.49,2.42,2.48,37797468,93226608.00
2026/08/26,2.48,2.54,2.47,2.52,49856808,125208328.00
2026/08/27,2.51,2.53,2.48,2.50,26911194,67256808.00
2026/08/28,2.50,2.57,2.49,2.55,45903188,116528128.00
2026/08/31,2.81,2.81,2.59,2.61,153170468,416810880.00
2026/09/01,2.51,2.60,2.50,2.56,102497833,262084912.00
2026/09/02,2.55,2.57,2.47,2.53,65470276,164562544.00
2026/09/03,2.52,2.61,2.50,2.55,65995137,168705088.00
2026/09/04,2.54,2.65,2.53,2.60,82008809,214594736.00
2026/09/07,2.58,2.60,2.55,2.58,38371179,98821568.00
2026/09/08,2.57,2.66,2.57,2.64,52213198,136977936.00
2026/09/09,2.62,2.63,2.56,2.58,47384778,122487864.00
2026/09/10,2.57,2.58,2.52,2.55,38390111,97576072.00
2026/09/11,2.53,2.53,2.43,2.46,50395523,124127192.00
2026/09/14,2.45,2.48,2.44,2.47,22355056,54973968.00
#数据来源:通达信
