300847 中船汉光 日线 前复权
      日期	    开盘	    最高	    最低	    收盘	    成交量	    成交额
2021/08/02,14.44,15.08,14.36,14.84,5313500,81460840.00
2021/08/03,14.84,15.00,14.39,14.52,5130182,78066432.00
2021/08/04,14.51,14.75,14.40,14.73,4299150,65291248.00
2021/08/05,14.68,16.85,14.64,16.07,18533398,304003712.00
2021/08/06,15.62,15.90,15.12,15.58,12174160,194845280.00
2021/08/09,15.45,15.94,15.26,15.69,8474897,137215296.00
2021/08/10,15.61,16.26,15.54,16.07,12976832,215133376.00
2021/08/11,15.96,16.36,15.89,16.21,9819948,163568592.00
2021/08/12,16.06,16.18,15.66,15.91,7720599,126909784.00
2021/08/13,16.11,16.65,15.88,15.99,11203600,187591120.00
2021/08/16,15.77,16.08,15.59,15.63,7249767,118224512.00
2021/08/17,15.57,16.06,15.16,15.33,8884882,142557552.00
2021/08/18,15.20,15.64,14.89,15.23,5876108,92981032.00
2021/08/19,15.25,15.93,14.96,15.78,8913300,143582256.00
2021/08/20,15.79,16.56,15.26,16.25,14897856,247206464.00
2021/08/23,16.10,16.68,15.96,16.52,13687072,231857584.00
2021/08/24,16.24,16.39,15.94,16.27,9967553,166891760.00
2021/08/25,16.34,17.76,15.99,17.29,24021227,423967424.00
2021/08/26,16.98,17.24,16.51,16.60,15939190,277020480.00
2021/08/27,16.46,16.76,16.17,16.33,8977928,151745616.00
2021/08/30,16.46,16.98,16.18,16.52,10670254,182895552.00
2021/08/31,16.34,17.27,16.06,17.15,16133468,281953440.00
2021/09/01,16.99,17.96,16.64,17.55,20109606,360776192.00
2021/09/02,17.21,17.63,16.59,17.46,14305134,252526432.00
2021/09/03,16.96,17.42,16.49,16.50,11059780,192315216.00
2021/09/06,16.26,16.88,16.16,16.81,6661700,114184856.00
2021/09/07,16.64,17.01,16.47,16.66,5757812,98941616.00
2021/09/08,16.66,16.99,16.36,16.44,7655261,131347512.00
2021/09/09,16.26,17.23,15.98,17.22,14360524,248223024.00
2021/09/10,17.59,17.62,16.54,16.56,12387054,216297120.00
2021/09/13,16.16,16.63,16.14,16.41,5547350,93724432.00
2021/09/14,16.32,16.61,15.67,15.72,6366253,106302712.00
2021/09/15,15.72,15.81,15.21,15.32,6146700,98114080.00
2021/09/16,15.42,15.61,15.07,15.38,4750212,75605576.00
2021/09/17,15.46,15.64,14.99,15.13,4280883,67642800.00
2021/09/22,14.86,15.54,14.69,15.24,3436022,54374088.00
2021/09/23,15.24,15.77,15.21,15.61,4513144,72430480.00
2021/09/24,15.62,15.77,14.71,14.80,4949384,77896720.00
2021/09/27,14.86,14.93,13.50,13.84,5809716,84702256.00
2021/09/28,13.81,14.10,13.81,13.86,2184684,31598948.00
2021/09/29,13.84,13.86,13.20,13.21,2721524,38073780.00
2021/09/30,13.23,13.56,13.23,13.45,1477452,20644856.00
2021/10/08,13.66,13.79,13.56,13.68,1602100,22778524.00
2021/10/11,13.73,13.96,13.58,13.87,1825041,26213002.00
2021/10/12,13.62,13.78,13.48,13.55,1596382,22612720.00
2021/10/13,13.53,13.81,13.53,13.78,1180800,16802244.00
2021/10/14,13.81,14.12,13.69,13.97,1907050,27720718.00
2021/10/15,13.97,14.11,13.79,13.91,1342300,19468680.00
2021/10/18,13.91,14.15,13.84,13.97,1227550,17836216.00
2021/10/19,13.94,14.04,13.62,13.68,1938650,27695180.00
2021/10/20,13.74,13.74,13.48,13.50,1601133,22571776.00
2021/10/21,13.54,13.54,13.21,13.23,1869150,25883442.00
2021/10/22,13.23,13.41,13.23,13.26,1279900,17705612.00
2021/10/25,13.26,13.26,12.84,12.87,2379470,32121906.00
2021/10/26,12.88,13.00,12.74,12.93,1863100,25012182.00
2021/10/27,12.97,13.35,12.97,13.00,2406850,32910112.00
2021/10/28,12.76,12.83,12.31,12.35,2649244,34516288.00
2021/10/29,12.35,12.68,12.29,12.62,1834150,24018164.00
2021/11/01,12.59,13.14,12.58,12.95,2226250,29897150.00
2021/11/02,13.02,15.11,12.96,14.71,15413641,229274544.00
2021/11/03,14.20,14.48,13.78,14.04,9235624,134770240.00
2021/11/04,13.85,14.21,13.81,14.05,6275897,91137576.00
2021/11/05,13.84,14.60,13.80,14.15,8118620,120164312.00
2021/11/08,14.05,14.17,13.76,14.01,3289985,47598544.00
2021/11/09,13.91,14.38,13.91,14.21,3757150,55248620.00
2021/11/10,14.11,14.52,14.00,14.39,4078300,60429592.00
2021/11/11,14.32,14.53,14.23,14.38,3182100,47483140.00
2021/11/12,14.47,14.76,14.29,14.68,4812850,72881512.00
2021/11/15,14.48,15.01,14.48,14.75,4654401,71213176.00
2021/11/16,14.68,14.72,14.16,14.20,4317900,64484728.00
2021/11/17,14.21,14.52,14.21,14.42,2301600,34381456.00
2021/11/18,14.39,15.04,14.27,14.77,7465448,113852112.00
2021/11/19,14.69,14.74,14.32,14.54,4149400,62324236.00
2021/11/22,14.58,14.59,14.29,14.35,3331300,49783452.00
2021/11/23,14.37,15.31,14.28,15.02,8314380,127934160.00
2021/11/24,15.02,15.05,14.59,14.71,4437285,67998032.00
2021/11/25,14.91,14.95,14.59,14.71,3161885,48341860.00
2021/11/26,14.70,14.96,14.63,14.73,3142800,48160404.00
2021/11/29,14.56,14.84,14.28,14.60,2803817,42478556.00
2021/11/30,14.61,15.24,14.61,14.94,6955726,108410600.00
2021/12/01,15.29,16.34,15.09,15.60,13469421,217622864.00
2021/12/02,15.46,16.28,15.32,15.74,10313496,169317392.00
2021/12/03,15.71,16.19,15.41,15.69,7945867,129590824.00
2021/12/06,15.55,15.70,15.16,15.19,5833300,92808176.00
2021/12/07,15.19,15.34,14.63,14.86,4229396,65210132.00
2021/12/08,14.77,17.94,14.77,16.46,18030821,307136864.00
2021/12/09,16.47,16.76,15.89,16.21,11772034,197430032.00
2021/12/10,15.99,16.18,15.79,15.79,6239106,102597544.00
2021/12/13,15.71,15.96,15.56,15.91,5362570,87440824.00
2021/12/14,15.81,15.85,15.56,15.65,4435820,71948808.00
2021/12/15,15.71,15.86,15.48,15.53,3628223,58764836.00
2021/12/16,15.61,15.76,15.48,15.75,2975050,48146496.00
2021/12/17,15.74,16.31,15.51,15.51,4200450,68532032.00
2021/12/20,15.41,15.71,14.99,15.05,3097538,49338528.00
2021/12/21,15.04,15.37,15.01,15.27,2493569,39214672.00
2021/12/22,15.43,15.57,15.18,15.19,2085400,33067060.00
2021/12/23,15.16,15.65,14.83,15.46,3769400,59754712.00
2021/12/24,15.56,15.56,15.06,15.32,2938300,46387608.00
2021/12/27,15.31,15.49,15.09,15.40,1701188,26920460.00
2021/12/28,15.40,15.96,15.28,15.79,3966528,64445056.00
2021/12/29,16.96,19.06,16.96,17.75,30280798,574048256.00
2021/12/30,16.81,17.62,16.24,17.11,24197921,420715200.00
2021/12/31,16.92,16.99,16.46,16.68,13781460,237472544.00
2022/01/04,16.85,17.27,16.65,16.95,12197405,212498112.00
2022/01/05,16.66,16.89,16.26,16.55,8536086,145819536.00
2022/01/06,16.34,16.91,16.23,16.66,7294200,125182632.00
2022/01/07,16.57,17.72,16.48,17.30,13606010,240621104.00
2022/01/10,16.96,17.65,16.90,17.46,9985251,178064032.00
2022/01/11,17.12,18.73,17.10,17.92,14815530,271378176.00
2022/01/12,17.59,18.11,17.37,17.92,9303295,170227840.00
2022/01/13,18.06,18.42,16.36,16.65,13197450,231085056.00
2022/01/14,16.46,17.06,16.05,16.26,9078173,155765312.00
2022/01/17,16.26,16.80,15.84,16.73,9531602,160423760.00
2022/01/18,16.57,16.66,15.66,15.92,8837639,146775264.00
2022/01/19,15.81,16.12,15.71,16.04,4239500,69699224.00
2022/01/20,15.94,16.01,15.03,15.09,5773850,92160144.00
2022/01/21,15.05,15.25,14.84,14.94,2941582,45791308.00
2022/01/24,15.06,15.06,14.46,14.66,3300850,50383632.00
2022/01/25,14.72,15.11,14.07,14.16,4799682,72794632.00
2022/01/26,14.03,14.35,13.86,14.05,3517700,51513880.00
2022/01/27,14.05,14.18,13.46,13.46,2820085,40326572.00
2022/01/28,13.68,13.90,13.45,13.68,3036835,43235076.00
2022/02/07,13.76,14.28,13.76,13.97,3097778,45079612.00
2022/02/08,13.97,14.29,13.97,14.23,2752695,40432440.00
2022/02/09,14.21,14.43,14.11,14.36,3434550,50964600.00
2022/02/10,14.27,14.41,14.07,14.23,2758550,40659764.00
2022/02/11,14.19,14.19,13.66,13.70,2801850,40311532.00
2022/02/14,13.79,14.41,13.61,14.06,4566450,66795632.00
2022/02/15,13.96,14.08,13.71,13.91,2529845,36479836.00
2022/02/16,13.92,14.22,13.86,14.11,2307650,33653264.00
2022/02/17,14.04,14.33,13.98,14.21,3003950,44158608.00
2022/02/18,14.16,14.16,13.82,14.12,2134750,31022138.00
2022/02/21,14.12,14.39,13.99,14.36,3043700,45155048.00
2022/02/22,14.44,14.72,14.18,14.36,3949919,59112296.00
2022/02/23,14.26,14.58,14.20,14.55,3733700,55998412.00
2022/02/24,14.54,15.22,14.40,14.85,9436450,144659760.00
2022/02/25,14.65,14.70,14.36,14.53,5205502,78447520.00
2022/02/28,14.68,14.86,14.37,14.55,3229150,48933544.00
2022/03/01,14.53,14.96,14.44,14.73,3756350,57166696.00
2022/03/02,14.66,14.75,14.54,14.60,2805000,42512536.00
2022/03/03,14.66,14.66,14.36,14.38,3037900,45583108.00
2022/03/04,14.31,14.50,14.09,14.19,2575550,38208040.00
2022/03/07,14.24,14.39,13.86,13.94,2377612,34839880.00
2022/03/08,14.00,14.08,13.44,13.51,2747747,39082564.00
2022/03/09,13.51,13.64,12.49,12.99,3209593,43698488.00
2022/03/10,13.21,13.54,13.17,13.27,2370900,32917572.00
2022/03/11,13.16,13.45,12.85,13.41,1706750,23509786.00
2022/03/14,13.33,13.62,13.03,13.04,2736850,37846956.00
2022/03/15,13.01,13.02,12.24,12.25,2720447,35838828.00
2022/03/16,12.39,12.64,11.87,12.57,2572450,33059540.00
2022/03/17,12.61,12.98,12.57,12.79,2262050,30251860.00
2022/03/18,12.79,12.99,12.60,12.91,1745750,23446904.00
2022/03/21,12.92,13.16,12.86,13.13,1616200,21943572.00
2022/03/22,13.06,13.31,12.98,13.12,1802300,24656132.00
2022/03/23,13.16,13.32,13.11,13.28,1870197,25766328.00
2022/03/24,13.24,13.24,12.95,13.08,1422050,19359354.00
2022/03/25,13.11,13.31,12.91,13.01,1468658,20053002.00
2022/03/28,12.96,13.12,12.66,12.97,1254882,16869248.00
2022/03/29,12.93,13.10,12.64,12.70,1433450,19158684.00
2022/03/30,12.75,13.09,12.75,12.95,1631700,22027208.00
2022/03/31,13.04,13.06,12.79,12.84,1249850,16803002.00
2022/04/01,12.83,12.88,12.67,12.73,1322350,17551990.00
2022/04/06,12.60,12.91,12.60,12.77,1580450,21006616.00
2022/04/07,12.79,12.91,12.45,12.50,1803547,23906640.00
2022/04/08,12.58,12.60,12.19,12.34,1321833,17022882.00
2022/04/11,12.26,12.36,11.78,11.81,1407350,17648328.00
2022/04/12,11.82,12.53,11.71,12.31,3285300,41750992.00
2022/04/13,12.29,12.29,11.87,11.98,2191350,27439272.00
2022/04/14,11.98,12.39,11.89,12.17,1958150,24898674.00
2022/04/15,12.00,13.91,11.89,12.92,6826268,91628848.00
2022/04/18,12.56,12.84,12.37,12.77,5647145,74045160.00
2022/04/19,12.72,12.93,12.49,12.76,3808543,50314024.00
2022/04/20,12.76,12.89,12.51,12.58,3142040,41626652.00
2022/04/21,12.46,12.48,11.78,11.83,3471836,43939172.00
2022/04/22,11.83,12.29,11.54,11.95,2907047,36143164.00
2022/04/25,11.56,11.61,10.46,10.48,3586388,41208480.00
2022/04/26,10.94,10.94,10.04,10.12,3269688,35979908.00
2022/04/27,9.90,10.66,9.79,10.51,2956388,31870644.00
2022/04/28,10.54,10.69,10.20,10.54,2568493,28255726.00
2022/04/29,10.65,11.04,10.65,10.91,2622150,29906752.00
2022/05/05,10.88,11.30,10.78,11.19,2288900,26744274.00
2022/05/06,10.89,11.59,10.80,11.29,2646091,31404966.00
2022/05/09,11.54,11.86,11.16,11.62,1871700,22679938.00
2022/05/10,11.45,11.73,11.45,11.57,1851400,22466262.00
2022/05/11,11.52,11.82,11.36,11.40,3055240,37149340.00
2022/05/12,11.36,11.61,11.16,11.36,3067150,36396996.00
2022/05/13,11.54,11.54,11.13,11.19,2673950,31472118.00
2022/05/16,11.27,11.41,11.01,11.08,2871300,33674148.00
2022/05/17,11.01,11.11,10.77,10.94,2761500,31606440.00
2022/05/18,10.88,11.85,10.88,11.66,7618300,91686696.00
2022/05/19,11.35,11.78,11.31,11.70,5413900,65394220.00
2022/05/20,11.77,11.80,11.40,11.50,4791850,57813560.00
2022/05/23,11.53,11.96,11.39,11.95,7729300,94451880.00
2022/05/24,11.78,12.18,11.03,11.11,9960778,121309792.00
2022/05/25,10.99,11.41,10.99,11.30,4741150,55765020.00
2022/05/26,11.46,11.72,11.10,11.54,5361250,64509936.00
2022/05/27,11.77,11.95,11.51,11.72,5972900,73217000.00
2022/05/30,12.08,12.53,11.76,12.50,11401118,145636768.00
2022/05/31,12.25,12.39,12.06,12.36,7362100,94099656.00
2022/06/01,12.26,13.04,12.20,12.69,11670812,154507680.00
2022/06/02,12.64,12.81,12.36,12.54,7565700,98844120.00
2022/06/06,12.46,12.65,12.17,12.60,6162550,80287136.00
2022/06/07,12.68,12.69,12.29,12.49,5038550,65037840.00
2022/06/08,12.50,12.67,12.16,12.47,4821793,62068876.00
2022/06/09,12.51,12.51,12.09,12.22,3851300,48993112.00
2022/06/10,12.22,12.49,12.12,12.37,3134550,40254068.00
2022/06/13,12.23,12.74,12.23,12.61,5030000,65396660.00
2022/06/14,12.51,12.61,12.14,12.49,3499900,44825724.00
2022/06/15,12.49,13.22,12.46,12.64,8083648,107949424.00
2022/06/16,12.56,12.82,12.45,12.67,4662650,61067604.00
2022/06/17,12.51,12.74,12.34,12.54,4288950,55778524.00
2022/06/20,12.47,12.65,12.42,12.44,2978350,38626176.00
2022/06/21,12.37,12.51,12.11,12.21,3190250,40738608.00
2022/06/22,12.21,12.53,11.99,12.04,4067485,51608092.00
2022/06/23,12.06,12.34,11.99,12.34,2854548,36156612.00
2022/06/24,12.33,12.58,12.31,12.44,2943739,38018708.00
2022/06/27,12.48,12.60,12.39,12.46,2734607,35393540.00
2022/06/28,12.40,12.64,12.34,12.60,3831050,49829664.00
2022/06/29,12.53,12.67,12.26,12.27,3498400,45230652.00
2022/06/30,12.37,12.51,12.24,12.29,2813241,36127924.00
2022/07/01,12.29,12.44,12.13,12.17,2586883,32965956.00
2022/07/04,12.17,12.34,12.08,12.30,1995100,25331576.00
2022/07/05,12.29,12.36,11.80,12.02,3574100,44747728.00
2022/07/06,12.00,12.08,11.69,11.78,1957400,24129436.00
2022/07/07,11.83,11.98,11.73,11.89,1701650,21018994.00
2022/07/08,11.90,12.12,11.85,11.90,2049850,25475612.00
2022/07/11,11.83,11.85,11.54,11.72,1998082,24288642.00
2022/07/12,11.64,11.74,11.46,11.53,1969600,23751060.00
2022/07/13,11.53,11.71,11.44,11.66,2159200,26000372.00
2022/07/14,11.57,12.27,11.50,11.91,3552900,44013884.00
2022/07/15,11.86,11.92,11.54,11.54,2207150,26821218.00
2022/07/18,11.58,11.92,11.58,11.90,1999850,24543476.00
2022/07/19,11.93,12.20,11.84,12.15,2809850,35275240.00
2022/07/20,12.20,13.13,12.14,12.68,9711388,127744992.00
2022/07/21,12.49,12.70,12.32,12.36,5862988,75795272.00
2022/07/22,12.37,12.56,12.21,12.37,2843493,36495176.00
2022/07/25,12.21,12.48,12.14,12.24,2171395,27656416.00
2022/07/26,12.24,12.34,12.03,12.26,2182369,27638732.00
2022/07/27,12.31,12.74,12.17,12.57,5039731,65710352.00
2022/07/28,12.54,12.84,12.51,12.79,5816282,76533504.00
2022/07/29,12.79,12.82,12.57,12.61,3462372,45368352.00
2022/08/01,12.62,12.80,12.53,12.73,3669760,48171952.00
2022/08/02,13.04,13.74,12.58,13.08,20086612,272895360.00
2022/08/03,12.54,13.56,12.34,13.01,17571655,238377792.00
2022/08/04,12.94,13.03,12.62,12.82,8326519,110324080.00
2022/08/05,12.79,12.93,12.58,12.71,6012155,79352296.00
2022/08/08,12.68,12.89,12.54,12.86,4535950,60005608.00
2022/08/09,12.77,12.95,12.63,12.94,5027707,66672036.00
2022/08/10,12.80,13.12,12.70,13.01,5744338,77011848.00
2022/08/11,13.14,13.37,13.02,13.21,8261581,112941760.00
2022/08/12,13.15,13.38,12.95,12.96,5067269,68765736.00
2022/08/15,12.97,13.04,12.75,12.85,3642558,48569024.00
2022/08/16,12.85,13.16,12.80,13.12,3883652,52480768.00
2022/08/17,13.05,13.28,12.85,13.02,4799250,64706272.00
2022/08/18,12.98,13.16,12.84,13.06,4285088,57835284.00
2022/08/19,13.00,13.17,12.57,12.59,4596100,60967904.00
2022/08/22,12.59,13.03,12.54,12.91,4090858,54371764.00
2022/08/23,12.95,12.96,12.68,12.80,2434900,32208782.00
2022/08/24,12.86,12.90,12.20,12.24,3812758,49294524.00
2022/08/25,12.24,12.39,12.12,12.22,2870167,36396208.00
2022/08/26,12.23,12.34,11.94,11.99,2020950,25477834.00
2022/08/29,11.84,12.38,11.76,12.23,2234774,28261576.00
2022/08/30,12.34,12.39,12.01,12.14,1693500,21337764.00
2022/08/31,12.10,12.13,11.76,11.76,2271469,27992228.00
2022/09/01,11.74,11.87,11.61,11.64,1557438,18974594.00
2022/09/02,11.65,11.94,11.61,11.85,1682378,20638166.00
2022/09/05,11.89,11.98,11.80,11.94,1207782,14929580.00
2022/09/06,11.95,12.10,11.87,12.01,1283482,16001652.00
2022/09/07,11.99,12.08,11.91,11.97,1586400,19745014.00
2022/09/08,11.92,12.06,11.86,11.90,1664650,20689308.00
2022/09/09,11.97,12.00,11.69,11.84,1289583,15804143.00
2022/09/13,11.96,11.99,11.79,11.93,1196163,14794260.00
2022/09/14,11.80,11.95,11.72,11.76,1338350,16412220.00
2022/09/15,11.84,11.84,11.19,11.36,2239907,26723086.00
2022/09/16,11.29,11.43,11.05,11.06,1353400,15840255.00
2022/09/19,11.12,11.12,10.70,10.89,1319739,14998761.00
2022/09/20,10.92,11.10,10.92,11.03,855391,9831092.00
2022/09/21,11.03,11.20,10.81,11.20,960000,11004484.00
2022/09/22,11.05,11.38,11.03,11.24,1366711,16007143.00
2022/09/23,11.16,11.35,10.86,10.90,1409300,16217808.00
2022/09/26,10.74,10.83,10.43,10.44,1416764,15676211.00
2022/09/27,10.53,10.85,10.44,10.81,1439050,16070056.00
2022/09/28,10.83,10.94,10.56,10.56,1141900,12743312.00
2022/09/29,10.75,10.77,10.47,10.48,957500,10558127.00
2022/09/30,10.54,10.61,10.22,10.22,1162657,12589291.00
2022/10/10,10.26,10.41,9.95,10.01,1070030,11397477.00
2022/10/11,10.13,10.13,9.82,10.00,1076250,11204248.00
2022/10/12,9.95,10.42,9.91,10.37,1355465,14395078.00
2022/10/13,10.31,10.71,10.28,10.58,1822900,20089644.00
2022/10/14,10.60,10.83,10.60,10.76,1157850,12955558.00
2022/10/17,10.68,10.99,10.68,10.92,2157850,24496726.00
2022/10/18,10.96,10.99,10.87,10.91,1242230,14152934.00
2022/10/19,10.98,11.00,10.79,10.88,1277050,14517158.00
2022/10/20,10.84,11.01,10.77,10.86,1224900,13889053.00
2022/10/21,10.82,11.00,10.77,10.91,1159900,13196930.00
2022/10/24,11.01,11.41,10.77,10.93,1789400,20551174.00
2022/10/25,10.84,10.84,10.46,10.67,2172950,24169596.00
2022/10/26,10.73,11.03,10.67,10.98,1911600,21724174.00
2022/10/27,11.08,11.59,10.95,11.26,3969512,46782084.00
2022/10/28,11.09,11.29,10.65,10.65,3491800,39597584.00
2022/10/31,10.62,11.41,10.60,11.25,3041581,34998708.00
2022/11/01,11.16,11.34,11.06,11.28,2914281,33981892.00
2022/11/02,11.28,11.44,11.17,11.25,2945400,34650320.00
2022/11/03,11.05,11.34,11.05,11.25,2262060,26439556.00
2022/11/04,11.25,11.41,11.21,11.30,2518450,29636002.00
2022/11/07,11.33,11.37,11.21,11.24,2024550,23757902.00
2022/11/08,11.23,11.29,11.04,11.28,1804200,21009034.00
2022/11/09,11.27,11.68,11.23,11.63,4998812,59836864.00
2022/11/10,11.52,11.54,11.30,11.38,2605238,30867858.00
2022/11/11,11.54,11.62,11.34,11.37,2885950,34430544.00
2022/11/14,11.24,12.22,11.24,11.83,7601652,93459872.00
2022/11/15,11.98,12.97,11.79,12.84,12330454,159016768.00
2022/11/16,12.92,15.04,12.92,14.48,29183975,433259168.00
2022/11/17,14.30,16.15,14.14,15.93,25670331,395621184.00
2022/11/18,15.94,18.98,15.94,18.54,31668118,586698496.00
2022/11/21,18.85,19.24,17.59,18.58,26600900,504417376.00
2022/11/22,17.87,21.49,17.87,19.64,28638133,580432064.00
2022/11/23,20.01,20.14,18.78,19.72,21091447,421112448.00
2022/11/24,19.62,19.64,17.21,19.34,17516161,339453280.00
2022/11/25,19.04,19.47,17.94,18.21,15915116,301590656.00
2022/11/28,17.39,18.93,17.39,18.43,12847753,241739904.00
2022/11/29,17.90,18.52,17.10,17.24,17269310,311034848.00
2022/11/30,17.29,17.79,16.61,17.61,14404757,256285648.00
2022/12/01,17.44,19.28,17.35,19.04,20048832,381848992.00
2022/12/02,18.84,19.82,17.90,18.04,16708686,321554592.00
2022/12/05,18.36,19.04,17.33,18.45,20028600,372592256.00
2022/12/06,18.10,18.32,17.49,17.67,13104030,239870064.00
2022/12/07,17.83,18.15,17.40,17.59,9419441,171802912.00
2022/12/08,17.54,18.42,17.39,17.92,10239959,188320064.00
2022/12/09,17.84,18.39,17.23,18.24,8454908,154264784.00
2022/12/12,18.20,18.65,17.49,18.45,12128504,226133792.00
2022/12/13,18.45,19.84,16.37,16.93,24058421,451893216.00
2022/12/14,16.72,17.54,16.72,16.92,14230223,250710112.00
2022/12/15,16.78,18.29,16.70,17.75,11972212,218249856.00
2022/12/16,17.44,17.64,16.82,17.16,7534700,133381960.00
2022/12/19,17.18,17.35,16.54,16.57,5517238,94972464.00
2022/12/20,16.64,16.98,16.34,16.71,5252808,89945184.00
2022/12/21,16.48,16.65,15.93,16.05,7658250,127487728.00
2022/12/22,16.05,16.21,15.29,15.43,4529050,72921808.00
2022/12/23,15.54,15.70,15.13,15.19,3307100,52232644.00
2022/12/26,15.56,15.82,15.07,15.74,3592109,57487316.00
2022/12/27,15.74,15.94,15.18,15.50,3691950,58640968.00
2022/12/28,15.34,15.79,15.00,15.13,2856938,44951860.00
2022/12/29,15.13,16.64,14.96,16.04,9160502,151293680.00
2022/12/30,15.88,16.04,15.26,15.34,6678238,107320456.00
2023/01/03,15.34,17.80,15.25,17.08,10466738,179479680.00
2023/01/04,17.63,17.63,16.24,16.71,9108750,155124624.00
2023/01/05,16.54,16.73,16.29,16.61,6422982,109242360.00
2023/01/06,16.54,16.83,16.04,16.12,6577000,110362096.00
2023/01/09,16.14,16.34,15.72,15.94,6182962,101348592.00
2023/01/10,15.94,16.83,15.43,16.14,10903850,180403792.00
2023/01/11,16.20,16.23,15.56,15.63,5220700,84895000.00
2023/01/12,15.93,16.33,15.43,15.98,6882140,112278352.00
2023/01/13,15.89,16.47,15.25,15.40,7440495,120128848.00
2023/01/16,15.30,16.78,15.30,16.37,11960231,199448192.00
2023/01/17,16.27,16.97,16.17,16.66,8210950,139541616.00
2023/01/18,16.74,17.77,16.40,17.39,10434228,184648880.00
2023/01/19,17.44,18.94,17.17,18.74,13322688,249297936.00
2023/01/20,18.55,18.97,17.95,18.54,11455109,216759376.00
2023/01/30,18.66,18.74,17.97,18.10,8157816,152626576.00
2023/01/31,17.92,18.10,17.50,17.57,7607100,138667856.00
2023/02/01,17.58,18.53,17.36,18.34,10356762,191041872.00
2023/02/02,18.00,18.64,17.89,17.99,6984213,129519336.00
2023/02/03,18.00,21.42,17.86,20.59,17192600,340054080.00
2023/02/06,19.95,22.90,19.95,21.84,19777735,435512352.00
2023/02/07,21.87,22.24,20.05,20.50,15085793,323803008.00
2023/02/08,20.15,20.44,19.54,19.88,9428850,191737344.00
2023/02/09,19.93,21.87,19.65,21.87,14173386,303657216.00
2023/02/10,21.29,21.39,20.18,20.60,10406824,220946240.00
2023/02/13,20.44,22.24,20.24,20.54,11657514,251272400.00
2023/02/14,20.92,21.08,20.34,20.69,7160471,151351632.00
2023/02/15,20.09,20.81,19.47,20.44,10488795,215064704.00
2023/02/16,20.20,21.69,19.35,19.86,12097567,253216096.00
2023/02/17,19.88,20.00,18.60,18.94,10574642,206014672.00
2023/02/20,18.88,19.02,18.54,18.89,5455100,104729104.00
2023/02/21,18.84,19.13,18.35,18.60,7644132,146164176.00
2023/02/22,18.60,19.32,18.34,19.00,7354300,142323904.00
2023/02/23,18.99,19.13,18.18,18.40,6386867,121246824.00
2023/02/24,18.41,18.76,18.37,18.53,4577391,87175792.00
2023/02/27,18.46,18.72,17.84,18.11,5713800,106382240.00
2023/02/28,18.03,18.64,17.84,18.30,7314841,136676736.00
2023/03/01,18.52,19.64,18.09,19.05,10495800,203853936.00
2023/03/02,19.18,20.60,18.84,20.15,17103878,345421824.00
2023/03/03,20.04,21.04,19.49,19.85,13638426,283341376.00
2023/03/06,20.24,21.11,19.32,20.17,12328243,254908320.00
2023/03/07,19.50,19.84,18.03,18.22,14561795,280457920.00
2023/03/08,18.24,19.13,17.95,18.81,8271878,157690736.00
2023/03/09,18.84,18.85,18.28,18.34,7061500,133564048.00
2023/03/10,18.04,18.28,17.60,17.64,8355076,152654752.00
2023/03/13,17.34,18.67,17.04,18.64,9360591,174533824.00
2023/03/14,18.47,18.59,17.99,18.39,5970267,111767096.00
2023/03/15,18.23,18.39,17.75,18.02,5133150,94779600.00
2023/03/16,17.69,17.71,16.57,16.75,10321924,180900608.00
2023/03/17,16.95,17.01,16.45,16.61,7009348,120065976.00
2023/03/20,16.62,16.78,16.11,16.31,7541610,126900016.00
2023/03/21,16.53,17.18,16.53,17.03,9574792,166282544.00
2023/03/22,16.84,17.21,16.61,16.85,7556098,131085272.00
2023/03/23,16.70,16.82,16.41,16.63,6775000,115488944.00
2023/03/24,16.73,16.73,16.14,16.24,6141450,103001936.00
2023/03/27,16.24,16.24,15.64,15.70,8413645,137296064.00
2023/03/28,15.82,16.24,15.55,15.67,8015600,130859800.00
2023/03/29,15.67,15.69,15.29,15.36,6084650,96588960.00
2023/03/30,15.38,15.41,14.64,14.77,9738093,149811712.00
2023/03/31,14.76,15.08,14.69,14.83,6192550,94824472.00
2023/04/03,14.84,15.19,14.84,15.03,7080350,109743776.00
2023/04/04,14.99,15.08,14.41,14.66,12188850,184755968.00
2023/04/06,14.66,16.00,14.43,15.88,19786450,314015008.00
2023/04/07,15.67,15.69,15.24,15.57,11193050,178168048.00
2023/04/10,15.97,16.07,14.94,15.10,11402643,181481200.00
2023/04/11,15.17,15.19,14.74,14.87,5500802,84199392.00
2023/04/12,14.89,15.06,14.80,14.94,4809100,74067600.00
2023/04/13,14.94,14.99,14.62,14.64,6069210,92173952.00
2023/04/14,14.62,14.79,14.50,14.50,5163700,77760648.00
2023/04/17,14.42,14.87,14.26,14.63,6817900,102340176.00
2023/04/18,14.85,14.85,14.42,14.59,6107132,92009640.00
2023/04/19,14.54,14.54,14.09,14.14,8369178,122930232.00
2023/04/20,14.14,14.36,13.93,14.18,4872328,70984696.00
2023/04/21,14.05,14.92,14.04,14.41,12553123,189691568.00
2023/04/24,14.29,14.41,13.50,14.15,9278830,133338368.00
2023/04/25,13.89,13.92,13.20,13.52,8924124,124643400.00
2023/04/26,13.52,14.09,13.42,13.81,6451650,92685904.00
2023/04/27,13.64,14.40,13.43,14.20,9222772,133472296.00
2023/04/28,14.14,14.14,13.56,14.02,9254076,132437080.00
2023/05/04,13.99,14.68,13.91,14.33,10852050,161500240.00
2023/05/05,14.24,14.53,13.77,13.93,8506350,123748176.00
2023/05/08,13.93,16.81,13.93,16.81,28492312,469996032.00
2023/05/09,18.20,20.26,17.72,20.12,55633548,1092461696.00
2023/05/10,18.89,19.87,18.59,19.44,38877991,765433280.00
2023/05/11,19.84,20.24,17.72,17.94,31962489,598439680.00
2023/05/12,17.59,19.30,16.77,18.92,41322879,759017472.00
2023/05/15,17.90,22.80,17.74,22.80,53031341,1092501632.00
2023/05/16,21.75,24.53,21.74,22.42,57866796,1371267328.00
2023/05/17,22.03,26.54,21.12,25.40,56808795,1395713664.00
2023/05/18,24.53,26.50,23.94,26.01,52219524,1330851840.00
2023/05/19,25.04,25.45,23.11,23.97,44919727,1116184960.00
2023/05/22,22.54,24.11,22.34,22.87,32450695,767628800.00
2023/05/23,22.83,23.37,19.96,20.93,43685532,942503616.00
2023/05/24,20.25,21.54,20.12,20.57,31877214,674670464.00
2023/05/25,20.40,22.73,20.40,21.96,41660673,916996416.00
2023/05/26,21.29,22.95,20.10,21.88,39902979,876759424.00
2023/05/29,21.88,24.10,21.56,22.85,41242127,953239936.00
2023/05/30,21.90,23.33,21.75,22.11,35095489,795340864.00
2023/05/31,21.61,25.17,21.35,23.55,49664611,1181178880.00
2023/06/01,22.76,25.31,22.35,24.37,48361114,1166692352.00
2023/06/02,23.77,25.49,22.54,22.56,43708550,1067774336.00
2023/06/05,22.27,24.43,22.27,23.58,35057586,835725568.00
2023/06/06,23.59,24.35,22.58,23.15,31946031,758032640.00
2023/06/07,22.66,22.90,21.35,22.19,29058479,651637696.00
2023/06/08,21.84,22.62,21.53,21.79,19583153,439570944.00
2023/06/09,21.83,22.43,20.79,22.06,23626888,521489568.00
2023/06/12,21.70,22.41,21.42,21.52,20081283,446666752.00
2023/06/13,21.58,22.12,20.91,22.07,20568824,450811328.00
2023/06/14,22.01,23.14,21.75,22.42,30102286,688190912.00
2023/06/15,22.07,22.41,21.24,21.29,24490133,540430976.00
2023/06/16,21.29,23.50,21.29,22.42,34772303,798798080.00
2023/06/19,22.13,23.79,22.10,23.33,34355178,808113408.00
2023/06/20,23.15,24.84,22.46,23.79,40868250,989519104.00
2023/06/21,23.60,24.03,22.65,22.66,24431078,576811264.00
2023/06/26,22.77,23.13,20.90,21.34,22762408,505805312.00
2023/06/27,21.40,23.01,20.66,22.72,28731430,647345472.00
2023/06/28,22.41,22.65,21.32,21.66,22746897,508336224.00
2023/06/29,21.65,23.78,21.23,23.33,34178532,796081728.00
2023/06/30,23.39,23.63,22.36,22.60,25120080,579871936.00
2023/07/03,22.59,23.73,22.18,23.49,31784134,747857408.00
2023/07/04,23.15,24.44,22.63,22.74,33550197,801682048.00
2023/07/05,22.28,22.67,21.50,21.58,25561550,569717568.00
2023/07/06,21.29,21.74,21.15,21.17,16420497,357394464.00
2023/07/07,20.87,21.04,19.88,19.96,19060682,396803360.00
2023/07/10,20.16,20.42,19.62,20.21,9742710,199070992.00
2023/07/11,20.22,20.44,19.86,19.87,9935540,203390992.00
2023/07/12,19.75,19.83,18.76,18.84,15328336,299178208.00
2023/07/13,18.92,19.14,18.82,18.92,8009895,154865680.00
2023/07/14,18.92,19.49,18.83,19.20,9302811,181848880.00
2023/07/17,18.95,19.53,18.87,19.14,7782850,152192976.00
2023/07/18,19.15,19.61,18.97,19.24,9487062,186689824.00
2023/07/19,19.15,19.40,18.45,18.66,10573117,202499056.00
2023/07/20,18.60,18.75,18.33,18.45,6341912,119522288.00
2023/07/21,18.55,18.55,18.01,18.04,5752002,106557312.00
2023/07/24,17.98,18.77,17.96,18.43,8003200,150870688.00
2023/07/25,18.75,19.09,18.43,18.98,9783390,187311056.00
2023/07/26,18.82,19.23,18.49,18.52,6885055,131711736.00
2023/07/27,18.46,19.50,18.45,19.22,15833131,308244096.00
2023/07/28,18.80,18.91,18.23,18.70,10467378,197879728.00
2023/07/31,18.70,19.05,18.53,19.02,8361580,160350944.00
2023/08/01,19.00,19.00,18.18,18.27,9658147,181027552.00
2023/08/02,18.25,18.31,17.78,17.92,6698450,122570776.00
2023/08/03,18.03,18.03,17.50,17.65,6734068,121198440.00
2023/08/04,17.72,18.07,17.55,17.84,5722935,104367048.00
2023/08/07,17.85,18.02,17.72,17.88,4450700,81338288.00
2023/08/08,17.97,18.00,17.49,17.60,6058150,108828976.00
2023/08/09,17.67,17.75,17.31,17.37,5486500,97737696.00
2023/08/10,17.37,17.69,17.37,17.39,3717864,66334336.00
2023/08/11,17.59,17.59,17.05,17.14,4523900,79740240.00
2023/08/14,16.95,17.75,16.80,17.68,6996800,124474928.00
2023/08/15,17.60,17.65,17.19,17.39,4359600,77487912.00
2023/08/16,17.27,17.42,16.95,16.95,3552500,62091200.00
2023/08/17,16.79,17.67,16.79,17.53,8729500,155349120.00
2023/08/18,17.33,17.65,17.08,17.08,6421400,113590128.00
2023/08/21,17.12,18.03,17.08,17.27,8530300,152954400.00
2023/08/22,17.33,18.81,17.33,18.21,19104683,353085344.00
2023/08/23,17.90,18.09,17.45,17.62,11446439,206840912.00
2023/08/24,17.70,17.76,16.14,16.55,12424765,211711968.00
2023/08/25,16.65,16.67,16.06,16.15,6887104,114433648.00
2023/08/28,17.45,17.46,16.02,16.12,6878348,116795016.00
2023/08/29,16.16,16.95,16.05,16.82,8744089,148930960.00
2023/08/30,16.66,17.45,16.66,17.10,7373289,128375472.00
2023/08/31,17.10,17.13,16.80,16.88,4720450,81381024.00
2023/09/01,16.95,17.36,16.83,17.10,5489750,95635136.00
2023/09/04,17.09,17.59,16.97,17.39,7576700,133947184.00
2023/09/05,17.32,17.52,17.10,17.23,6143450,108426312.00
2023/09/06,17.14,17.56,16.98,17.54,7752700,137166208.00
2023/09/07,17.64,17.64,16.90,16.90,6751739,118104960.00
2023/09/08,16.80,17.51,16.76,17.28,6709700,118025864.00
2023/09/11,17.54,18.40,16.99,17.84,16154061,292322592.00
2023/09/12,17.53,18.10,17.50,17.59,9675557,174105440.00
2023/09/13,17.65,17.65,16.83,16.96,7456748,130419336.00
2023/09/14,16.96,17.02,16.55,16.70,4994000,85432800.00
2023/09/15,16.93,17.05,16.45,16.55,5491100,93829728.00
2023/09/18,16.44,16.68,16.30,16.52,3899300,65700284.00
2023/09/19,16.51,16.57,16.05,16.15,4632300,76826432.00
2023/09/20,16.05,16.20,15.86,15.87,3343400,54622856.00
2023/09/21,15.88,16.17,15.75,15.78,3397800,55343768.00
2023/09/22,15.83,16.25,15.71,16.25,4738400,77888264.00
2023/09/25,16.30,16.42,15.97,16.04,4275453,70487784.00
2023/09/26,16.05,16.35,15.93,16.11,4561600,75187592.00
2023/09/27,16.03,16.24,15.89,15.90,5219800,85506168.00
2023/09/28,15.96,16.29,15.96,16.25,5052150,83566112.00
2023/10/09,16.25,16.67,16.11,16.48,5306600,89199192.00
2023/10/10,16.48,16.62,16.23,16.33,3680550,61456020.00
2023/10/11,16.33,16.53,16.12,16.38,4008249,66925352.00
2023/10/12,16.45,16.61,16.17,16.49,4968583,83107744.00
2023/10/13,16.34,16.43,16.11,16.21,3850400,63959308.00
2023/10/16,16.32,16.74,16.07,16.15,5681750,94956856.00
2023/10/17,16.04,16.10,15.82,16.06,4669400,76094520.00
2023/10/18,15.95,16.05,15.67,15.68,3272740,52718800.00
2023/10/19,15.60,16.00,15.55,15.56,3320050,53578456.00
2023/10/20,15.68,15.71,15.25,15.35,2970500,47104460.00
2023/10/23,15.36,15.44,15.02,15.07,3264850,50714316.00
2023/10/24,15.16,15.50,15.07,15.42,2813100,44165976.00
2023/10/25,15.50,15.78,15.33,15.43,3648431,57794340.00
2023/10/26,15.32,15.59,15.12,15.58,3688541,58007240.00
2023/10/27,15.55,15.80,15.34,15.72,3729916,59561040.00
2023/10/30,15.73,15.86,15.55,15.78,3608000,58042728.00
2023/10/31,15.79,15.97,15.50,15.63,3051450,48891692.00
2023/11/01,15.70,15.82,15.53,15.67,2306120,36879212.00
2023/11/02,15.58,15.76,15.35,15.36,2889405,45871000.00
2023/11/03,15.37,15.81,15.37,15.78,4121800,66276988.00
2023/11/06,15.88,16.17,15.73,16.15,4358865,71180104.00
2023/11/07,16.18,16.32,15.91,16.27,5162288,84912856.00
2023/11/08,16.23,16.30,16.05,16.20,4187000,69148672.00
2023/11/09,16.24,16.37,16.08,16.23,4062800,67399304.00
2023/11/10,16.14,16.25,15.98,16.20,2641861,43524560.00
2023/11/13,16.30,16.77,16.15,16.66,7075600,119304096.00
2023/11/14,16.55,16.94,16.51,16.69,5962231,101655800.00
2023/11/15,16.69,16.92,16.47,16.58,3915200,66349168.00
2023/11/16,16.55,16.73,16.33,16.35,3734800,63026860.00
2023/11/17,16.45,16.52,16.25,16.52,3298211,55244096.00
2023/11/20,16.50,16.89,16.47,16.86,5081261,86767168.00
2023/11/21,16.86,16.86,16.43,16.50,4451900,75525728.00
2023/11/22,16.51,16.61,16.18,16.20,3293400,55008992.00
2023/11/23,16.11,16.43,16.06,16.36,2478900,41291540.00
2023/11/24,16.33,16.45,15.90,16.05,3360500,55109384.00
2023/11/27,16.01,16.25,15.83,16.10,3319550,54720948.00
2023/11/28,16.12,16.29,15.97,16.13,3615750,59625268.00
2023/11/29,16.01,16.09,15.81,15.85,2876550,46759108.00
2023/11/30,15.85,17.03,15.76,16.38,16288816,274273312.00
2023/12/01,16.17,16.24,15.65,16.04,11292955,183416912.00
2023/12/04,15.91,17.49,15.90,16.94,20667913,356145376.00
2023/12/05,16.73,17.28,16.67,16.80,17673283,305363360.00
2023/12/06,16.65,17.46,16.60,17.07,16762695,293247712.00
2023/12/07,17.03,17.14,16.55,16.60,11669246,199676272.00
2023/12/08,16.57,17.39,16.36,17.37,17468710,304905120.00
2023/12/11,17.17,17.60,17.03,17.49,13827881,244001296.00
2023/12/12,17.34,19.00,17.34,18.35,24283076,455264352.00
2023/12/13,18.01,18.31,17.84,17.85,13621299,250173008.00
2023/12/14,17.84,18.45,17.56,17.81,10392790,190396416.00
2023/12/15,17.87,18.00,17.15,17.57,10206300,182669264.00
2023/12/18,17.48,17.70,17.07,17.15,7780833,137681024.00
2023/12/19,17.21,17.91,17.10,17.65,10311050,185140928.00
2023/12/20,17.65,17.81,16.85,16.88,8432950,148562176.00
2023/12/21,16.76,17.55,16.68,17.14,7178045,125807088.00
2023/12/22,17.11,17.83,16.93,17.27,9649400,171346736.00
2023/12/25,17.10,17.72,17.02,17.48,8798350,157622656.00
2023/12/26,17.36,17.48,16.10,16.45,10471983,176973792.00
2023/12/27,16.16,16.35,15.63,15.96,6636800,107972048.00
2023/12/28,15.87,16.64,15.87,16.59,7232150,121136072.00
2023/12/29,16.55,17.25,16.45,17.03,6110700,106027600.00
2024/01/02,17.03,17.59,17.01,17.13,7162400,126135416.00
2024/01/03,16.95,17.10,16.66,16.84,4919859,84699536.00
2024/01/04,16.75,16.84,16.31,16.43,4413600,74469288.00
2024/01/05,16.42,16.50,15.88,15.99,3980750,65626480.00
2024/01/08,15.98,16.34,15.49,15.51,4991896,80984120.00
2024/01/09,15.50,15.81,15.10,15.35,5274583,83297216.00
2024/01/10,15.25,15.33,14.66,14.75,5792450,88120240.00
2024/01/11,14.65,15.31,14.63,15.27,4295100,66160816.00
2024/01/12,15.18,15.55,15.16,15.27,3941300,61809552.00
2024/01/15,15.15,15.30,14.80,14.85,3707950,56895028.00
2024/01/16,14.85,14.95,14.42,14.71,3611250,54120608.00
2024/01/17,14.62,14.71,14.15,14.15,2947800,43401248.00
2024/01/18,14.06,14.23,13.51,13.83,6396550,90105864.00
2024/01/19,13.80,14.00,13.70,13.71,3704350,52481740.00
2024/01/22,13.66,13.85,12.68,12.79,4570450,61986732.00
2024/01/23,12.76,12.93,12.59,12.81,4641700,60880004.00
2024/01/24,12.87,14.67,12.71,14.04,14630465,206587088.00
2024/01/25,13.92,16.74,13.79,16.59,25559917,399739808.00
2024/01/26,15.99,16.50,15.60,15.95,21694110,354074048.00
2024/01/29,15.95,18.64,15.95,16.75,34816203,606325696.00
2024/01/30,16.40,18.15,16.28,17.09,28265450,497510112.00
2024/01/31,16.65,17.64,16.50,16.72,24600160,428242976.00
2024/02/01,16.15,16.61,15.49,15.71,21439740,351230624.00
2024/02/02,15.62,16.77,15.35,15.63,22112570,365433728.00
2024/02/05,14.75,15.03,13.45,13.48,19386684,281280512.00
2024/02/06,12.95,14.16,11.95,13.37,19206851,253230880.00
2024/02/07,13.26,13.92,12.65,12.86,17473000,240251360.00
2024/02/08,12.91,13.91,12.88,13.80,14959269,207486752.00
2024/02/19,13.81,14.59,13.76,14.36,14735104,214443968.00
2024/02/20,14.30,14.92,13.69,14.73,16462438,242032480.00
2024/02/21,14.45,16.43,14.20,15.27,20093853,314208000.00
2024/02/22,14.93,15.87,14.92,15.50,15186090,239668032.00
2024/02/23,15.47,15.98,15.41,15.81,15886448,254473168.00
2024/02/26,15.81,16.56,15.54,15.65,17256550,280367680.00
2024/02/27,15.50,16.17,15.37,16.17,15854499,254623056.00
2024/02/28,16.15,17.45,15.80,15.88,26118963,442672128.00
2024/02/29,15.25,16.85,15.25,16.55,21658957,359175360.00
2024/03/01,16.53,16.74,15.94,16.35,16136547,267994576.00
2024/03/04,16.26,16.57,16.08,16.29,13789230,229784816.00
2024/03/05,16.09,16.40,15.72,15.81,11959067,195760624.00
2024/03/06,15.62,15.80,15.35,15.65,10565750,168321984.00
2024/03/07,15.65,15.97,15.24,15.25,9244361,147362688.00
2024/03/08,16.05,16.05,15.34,15.58,9515691,151883760.00
2024/03/11,15.21,15.53,15.08,15.52,8762774,137131200.00
2024/03/12,15.47,15.71,15.33,15.60,7529452,119253664.00
2024/03/13,15.46,15.75,15.24,15.72,9652400,153309856.00
2024/03/14,15.63,15.64,14.88,15.07,9697228,151398592.00
2024/03/15,15.10,15.16,14.77,15.06,5273267,80712688.00
2024/03/18,15.07,15.47,15.05,15.40,7971644,125127728.00
2024/03/19,15.36,15.88,15.21,15.59,11318360,180400752.00
2024/03/20,15.42,15.77,15.42,15.59,6344736,101246984.00
2024/03/21,15.59,16.15,15.47,16.10,13369034,217167312.00
2024/03/22,16.00,16.05,15.35,15.67,9773704,156435984.00
2024/03/25,15.48,15.76,15.01,15.05,6478174,102296888.00
2024/03/26,15.07,15.20,14.53,14.74,6208500,93995120.00
2024/03/27,14.74,14.75,14.04,14.04,4309200,63516724.00
2024/03/28,14.06,14.70,14.06,14.44,5487300,81184144.00
2024/03/29,14.44,15.83,14.43,15.14,10689480,166337376.00
2024/04/01,15.09,15.34,14.95,15.28,6461050,99929640.00
2024/04/02,15.16,15.36,14.91,15.08,5430450,84260192.00
2024/04/03,14.97,15.23,14.73,14.83,5627793,86294352.00
2024/04/08,14.75,15.19,14.45,14.72,5235100,79554320.00
2024/04/09,14.70,15.11,14.38,15.10,5468900,82422296.00
2024/04/10,14.91,14.99,14.30,14.41,5928999,88594608.00
2024/04/11,14.25,14.74,14.17,14.42,3504350,52215028.00
2024/04/12,14.45,14.55,14.10,14.17,3159433,46399948.00
2024/04/15,14.21,16.65,14.12,15.89,24394495,390509120.00
2024/04/16,15.61,16.91,15.24,15.46,27092425,447427072.00
2024/04/17,14.73,16.36,14.73,16.13,20925829,336416416.00
2024/04/18,15.82,16.41,15.56,15.82,17212000,280847328.00
2024/04/19,15.58,16.92,15.47,16.36,22146989,370452384.00
2024/04/22,16.13,17.73,16.07,16.89,24863141,432003744.00
2024/04/23,16.46,16.55,15.65,15.87,17423635,284405984.00
2024/04/24,15.87,16.07,15.58,15.93,12561341,203358096.00
2024/04/25,15.92,16.95,15.75,16.74,19106164,320230080.00
2024/04/26,16.42,16.81,16.28,16.60,16811284,284131680.00
2024/04/29,16.36,17.08,16.12,16.60,16616207,281137888.00
2024/04/30,16.61,16.74,15.91,16.00,12312012,204628976.00
2024/05/06,16.15,16.51,16.07,16.42,9974750,166497120.00
2024/05/07,16.34,16.84,16.26,16.72,12338657,209731008.00
2024/05/08,16.58,16.70,16.11,16.25,9184700,153168320.00
2024/05/09,16.33,16.87,16.19,16.82,14091895,239522368.00
2024/05/10,16.65,17.15,16.50,17.06,16845696,290047744.00
2024/05/13,16.80,17.04,16.35,16.67,11402023,194512000.00
2024/05/14,16.54,16.92,16.32,16.36,10265225,173671488.00
2024/05/15,16.26,16.37,15.60,15.66,11168678,180681472.00
2024/05/16,15.66,15.88,15.58,15.62,6813150,109342832.00
2024/05/17,15.57,15.78,15.47,15.76,5360150,85668680.00
2024/05/20,15.72,17.14,15.66,16.47,14201995,239068160.00
2024/05/21,16.29,16.43,16.00,16.11,7923900,130904312.00
2024/05/22,16.04,16.24,15.94,16.07,6182700,101708888.00
2024/05/23,16.17,16.81,15.95,16.38,16188430,272174400.00
2024/05/24,16.25,16.29,15.50,15.58,12017930,194482640.00
2024/05/27,15.58,15.64,15.01,15.40,6938000,108319728.00
2024/05/28,15.34,15.51,15.23,15.23,4547952,71069888.00
2024/05/29,15.33,15.59,15.20,15.27,4177512,65144452.00
2024/05/30,15.10,15.72,15.08,15.27,6315300,98837248.00
2024/05/31,15.16,15.55,15.16,15.37,4863628,76032336.00
2024/06/03,15.30,15.60,15.08,15.38,5553350,86551584.00
2024/06/04,15.43,15.77,15.38,15.71,7196552,114127168.00
2024/06/05,15.50,15.82,15.27,15.29,6569150,103845392.00
2024/06/06,15.27,15.31,14.31,14.35,9224792,137198896.00
2024/06/07,14.48,15.27,14.46,14.70,6864150,103282728.00
2024/06/11,14.51,14.67,14.28,14.60,5104900,75016384.00
2024/06/12,14.50,14.87,14.50,14.73,4277300,64127788.00
2024/06/13,14.73,14.89,14.69,14.72,3899150,58582536.00
2024/06/14,14.70,14.85,14.60,14.79,3368134,50489476.00
2024/06/17,14.66,14.78,14.56,14.63,2994900,44733728.00
2024/06/18,14.69,14.93,14.65,14.86,4369232,65760024.00
2024/06/19,14.86,14.91,14.57,14.58,4244200,63358236.00
2024/06/20,14.60,14.69,14.19,14.22,4547700,66748612.00
2024/06/21,14.22,14.38,14.07,14.30,2744182,39775936.00
2024/06/24,14.21,14.27,13.59,13.63,4892650,68919136.00
2024/06/25,13.63,13.77,13.32,13.52,3340250,46082152.00
2024/06/26,13.52,13.98,13.35,13.94,4203200,58796000.00
2024/06/27,13.88,14.54,13.76,13.91,5884350,84295848.00
2024/06/28,13.70,14.55,13.65,14.24,7618550,110375352.00
2024/07/01,14.08,14.26,13.97,14.22,4296900,61718512.00
2024/07/02,14.14,14.34,14.08,14.15,3027250,43734184.00
2024/07/03,14.12,14.19,13.86,13.86,3059350,43431800.00
2024/07/04,13.86,14.00,13.44,13.50,3021000,42035040.00
2024/07/05,13.51,13.73,13.29,13.67,2301500,31709352.00
2024/07/08,13.65,13.70,13.22,13.26,2598000,35430728.00
2024/07/09,13.29,13.62,13.10,13.62,3560250,48550136.00
2024/07/10,13.49,13.80,13.46,13.53,2843300,39556296.00
2024/07/11,13.78,13.93,13.68,13.84,3288550,46324444.00
2024/07/12,13.89,13.89,13.62,13.70,2623950,36689524.00
2024/07/15,13.66,13.78,13.46,13.54,2100398,29018692.00
2024/07/16,13.46,13.66,13.38,13.66,2349000,32350208.00
2024/07/17,13.66,13.71,13.45,13.46,2145350,29617248.00
2024/07/18,13.35,13.70,13.18,13.66,3495790,48042164.00
2024/07/19,13.55,13.92,13.54,13.87,3360600,47170596.00
2024/07/22,13.86,14.12,13.76,13.94,3660400,52051508.00
2024/07/23,13.94,13.98,13.53,13.53,2940150,41191804.00
2024/07/24,13.43,13.87,13.39,13.43,3099700,42849024.00
2024/07/25,13.30,13.58,13.10,13.48,2880450,39115084.00
2024/07/26,13.43,13.84,13.43,13.82,3250150,45427760.00
2024/07/29,13.87,14.25,13.84,13.93,5275800,75481192.00
2024/07/30,13.79,14.04,13.69,13.96,3653000,51583252.00
2024/07/31,13.91,14.29,13.90,14.26,5227350,75206064.00
2024/08/01,14.24,14.46,14.16,14.28,4777750,69731776.00
2024/08/02,14.15,14.45,14.07,14.10,4138012,59985192.00
2024/08/05,14.00,14.25,13.55,13.56,5010650,70893808.00
2024/08/06,13.73,14.10,13.63,14.03,4446700,62870136.00
2024/08/07,14.07,14.23,13.94,14.05,3209900,46068344.00
2024/08/08,14.06,14.15,13.72,13.85,2781238,39224540.00
2024/08/09,13.90,13.97,13.59,13.60,2284980,32042574.00
2024/08/12,13.64,13.69,13.38,13.68,2267138,31313052.00
2024/08/13,13.65,13.86,13.61,13.78,2465000,34437832.00
2024/08/14,13.74,13.81,13.57,13.59,2341838,32697744.00
2024/08/15,13.70,14.01,13.70,13.94,4754500,67084356.00
2024/08/16,14.00,14.14,13.89,14.03,3916000,55859176.00
2024/08/19,14.02,14.95,13.98,14.65,11778809,174196912.00
2024/08/20,14.65,14.72,14.19,14.27,6342326,92528192.00
2024/08/21,14.17,14.30,14.02,14.10,3385650,48720468.00
2024/08/22,14.03,14.15,13.41,13.46,6643832,92717968.00
2024/08/23,13.47,13.67,13.27,13.49,4608400,63200920.00
2024/08/26,13.45,13.62,13.43,13.57,2218551,30579220.00
2024/08/27,13.52,13.54,13.01,13.08,3286150,44254252.00
2024/08/28,13.02,13.28,13.02,13.09,2192069,29346612.00
2024/08/29,13.10,13.35,12.96,13.25,2538500,34113452.00
2024/08/30,13.20,13.63,13.17,13.41,4156199,56984236.00
2024/09/02,13.37,13.52,12.95,12.95,4473618,59877912.00
2024/09/03,14.03,15.05,14.03,14.15,19294611,282695520.00
2024/09/04,13.56,14.67,13.56,14.13,14661332,209559440.00
2024/09/05,13.86,14.08,13.56,13.67,9766332,136457328.00
2024/09/06,13.60,14.05,13.58,13.68,8326800,116861712.00
2024/09/09,13.47,13.82,13.35,13.76,6619939,91993584.00
2024/09/10,13.99,15.73,13.93,14.61,17585415,264038544.00
2024/09/11,14.54,14.84,14.25,14.45,10813165,158965840.00
2024/09/12,14.60,14.93,14.46,14.63,12303900,183833968.00
2024/09/13,14.68,15.33,14.47,15.16,17471610,267024960.00
2024/09/18,14.66,15.04,14.13,14.92,11209388,166806480.00
2024/09/19,14.61,14.62,13.87,14.33,13234015,191297824.00
2024/09/20,14.18,14.38,13.65,13.80,11115783,157315424.00
2024/09/23,13.73,14.00,13.54,14.00,6570800,92497384.00
2024/09/24,13.94,14.26,13.70,14.24,10132450,144904224.00
2024/09/25,14.25,14.72,14.24,14.50,12808850,189581072.00
2024/09/26,14.44,14.72,14.25,14.72,10116000,149001504.00
2024/09/27,14.89,15.56,14.69,15.36,16110850,247355712.00
2024/09/30,16.11,17.75,15.53,17.40,25725539,433606144.00
2024/10/08,20.82,20.82,18.10,19.64,29036527,566933568.00
2024/10/09,18.75,18.75,16.75,16.76,19319482,348696192.00
2024/10/10,17.22,20.16,16.77,20.16,46819191,915892160.00
2024/10/11,18.75,19.85,17.37,17.76,37370175,705084416.00
2024/10/14,17.67,19.74,17.67,19.17,31869835,610327168.00
2024/10/15,18.48,21.25,18.37,19.55,37998034,748640576.00
2024/10/16,18.71,19.01,18.08,18.43,23181674,436140864.00
2024/10/17,18.45,19.02,18.23,18.50,18639905,351605472.00
2024/10/18,18.27,19.40,17.61,18.68,23438442,435924704.00
2024/10/21,18.93,20.00,18.67,19.50,25680413,503048736.00
2024/10/22,19.08,19.27,18.35,19.00,19381252,369885440.00
2024/10/23,18.81,20.25,18.75,19.49,23889706,471484128.00
2024/10/24,19.11,19.23,18.70,18.79,13631924,260476656.00
2024/10/25,18.89,19.23,18.79,18.91,12574729,241825728.00
2024/10/28,18.90,19.54,18.82,19.37,14229329,277215680.00
2024/10/29,19.33,19.83,18.55,18.63,15482511,300093216.00
2024/10/30,18.36,18.72,18.03,18.41,12153201,225959296.00
2024/10/31,18.25,18.55,18.13,18.33,10457200,194272864.00
2024/11/01,18.35,19.75,17.59,18.48,22658551,430123648.00
2024/11/04,18.47,19.33,17.82,18.79,14490200,272351296.00
2024/11/05,18.55,19.55,18.54,19.44,20080978,393161312.00
2024/11/06,19.33,20.71,19.18,20.52,30467132,614133376.00
2024/11/07,19.90,20.17,19.62,20.17,19028300,384641024.00
2024/11/08,20.33,20.74,19.72,19.80,18295200,374843680.00
2024/11/11,19.88,20.13,19.55,19.97,14669772,295338432.00
2024/11/12,20.08,20.10,19.03,19.27,15051900,297440480.00
2024/11/13,19.15,19.80,18.96,19.55,12058053,238516480.00
2024/11/14,19.25,19.73,18.85,18.91,8221400,160136928.00
2024/11/15,18.87,19.09,18.07,18.11,8848100,166566400.00
2024/11/18,18.17,18.54,17.45,17.89,8754500,159844752.00
2024/11/19,17.87,18.11,17.52,18.11,6570250,118935376.00
2024/11/20,18.06,18.35,17.96,18.26,6493550,119686616.00
2024/11/21,18.30,18.30,17.79,18.09,5907923,108379568.00
2024/11/22,18.00,18.23,17.40,17.42,8185253,148819920.00
2024/11/25,17.48,17.65,17.14,17.51,5289350,93060984.00
2024/11/26,17.46,17.66,17.20,17.23,4402038,77856888.00
2024/11/27,17.25,17.63,16.74,17.62,6122600,106791848.00
2024/11/28,17.58,17.73,17.42,17.47,4710723,84008728.00
2024/11/29,17.51,17.82,17.25,17.67,5561250,99271904.00
2024/12/02,17.72,18.10,17.67,18.02,6184158,112259192.00
2024/12/03,17.93,18.08,17.78,17.93,4783048,86984312.00
2024/12/04,17.93,17.99,17.56,17.67,4824300,86956664.00
2024/12/05,17.65,17.94,17.60,17.85,4127950,74605600.00
2024/12/06,18.39,19.07,18.25,18.58,15914658,301680096.00
2024/12/09,18.35,18.39,17.89,18.06,8640699,158651856.00
2024/12/10,18.44,18.59,18.15,18.19,7317899,136108752.00
2024/12/11,18.07,18.30,18.03,18.27,4578400,84336712.00
2024/12/12,18.27,18.40,18.09,18.24,5431550,100393536.00
2024/12/13,18.20,18.20,17.73,17.75,5972100,108237576.00
2024/12/16,17.72,17.79,17.44,17.62,3602240,64371736.00
2024/12/17,17.63,17.94,17.25,17.25,5592749,99747160.00
2024/12/18,17.53,18.68,17.45,17.87,12316013,227074368.00
2024/12/19,17.35,18.03,17.25,17.72,9113913,163227504.00
2024/12/20,17.67,18.08,17.67,17.88,6110595,110943416.00
2024/12/23,17.76,19.74,17.64,18.48,19790610,371861152.00
2024/12/24,18.20,19.10,18.10,18.95,19799361,377307808.00
2024/12/25,18.65,18.98,17.96,18.28,12857203,239742864.00
2024/12/26,18.07,18.72,18.01,18.71,10861224,203748768.00
2024/12/27,18.55,19.00,18.25,18.32,12279732,232069840.00
2024/12/30,18.14,18.61,17.58,17.69,10866274,197911840.00
2024/12/31,17.74,17.74,16.87,16.89,8252753,144741776.00
2025/01/02,16.91,17.01,16.03,16.28,7240853,121367696.00
2025/01/03,16.36,16.43,15.60,15.65,5784650,93812160.00
2025/01/06,15.82,15.88,15.45,15.84,4304850,68683912.00
2025/01/07,15.76,16.03,15.66,16.02,4010550,64721516.00
2025/01/08,16.01,16.20,15.53,16.06,5541350,89610592.00
2025/01/09,15.87,16.17,15.87,15.96,4259600,69278824.00
2025/01/10,15.87,16.03,15.38,15.40,4059200,65000948.00
2025/01/13,15.33,15.72,15.07,15.59,3534950,55576104.00
2025/01/14,15.63,16.31,15.56,16.30,5581250,91006616.00
2025/01/15,16.25,16.44,16.14,16.21,3621600,59922956.00
2025/01/16,16.25,16.50,16.05,16.35,5039250,83461152.00
2025/01/17,16.23,16.45,16.19,16.34,3215794,53285948.00
2025/01/20,16.53,16.59,16.39,16.49,3084650,51610116.00
2025/01/21,16.48,16.64,16.25,16.50,3092000,51408808.00
2025/01/22,16.48,16.50,16.30,16.38,2754450,45836208.00
2025/01/23,16.55,16.74,16.43,16.44,4424700,74581728.00
2025/01/24,16.54,16.55,16.37,16.55,3702650,62018980.00
2025/01/27,16.63,16.71,16.34,16.34,3128800,52486264.00
2025/02/05,16.40,16.58,16.40,16.47,2920400,48868756.00
2025/02/06,16.52,16.84,16.38,16.84,4188900,70835776.00
2025/02/07,16.93,17.08,16.68,16.88,5850200,100370264.00
2025/02/10,16.95,17.19,16.92,17.15,4910300,85112616.00
2025/02/11,17.15,17.17,16.92,17.05,3319383,57394448.00
2025/02/12,17.01,17.12,16.96,17.08,4179100,72247224.00
2025/02/13,17.10,17.20,16.86,16.88,3593200,62108408.00
2025/02/14,16.87,16.96,16.76,16.89,3313232,56696044.00
2025/02/17,16.90,17.04,16.85,16.96,3978695,68500176.00
2025/02/18,16.97,16.97,16.15,16.27,5283402,88901400.00
2025/02/19,16.29,16.74,16.28,16.72,4385821,73824936.00
2025/02/20,16.71,16.73,16.55,16.69,3365800,56889972.00
2025/02/21,16.66,16.80,16.51,16.75,4656693,78778792.00
2025/02/24,16.85,17.01,16.74,16.95,5001350,85806368.00
2025/02/25,16.75,17.08,16.64,16.89,5208710,89367880.00
2025/02/26,16.91,17.20,16.86,17.12,5170617,89371128.00
2025/02/27,17.00,17.28,16.81,17.15,6082317,105377448.00
2025/02/28,17.01,17.12,16.45,16.50,4440986,75505928.00
2025/03/03,16.56,16.99,16.49,16.71,4284745,73109696.00
2025/03/04,16.60,17.50,16.60,17.42,8916274,155746560.00
2025/03/05,17.37,17.60,17.15,17.38,6325883,111191000.00
2025/03/06,17.39,17.51,17.27,17.44,6517413,114944272.00
2025/03/07,17.40,17.72,17.21,17.31,6691550,118552096.00
2025/03/10,17.25,17.63,17.23,17.42,5604300,99125000.00
2025/03/11,17.19,17.75,17.11,17.65,7655850,135934096.00
2025/03/12,17.50,17.70,17.46,17.57,5798200,103236792.00
2025/03/13,17.52,17.88,17.24,17.79,8645716,153903168.00
2025/03/14,17.65,18.17,17.45,18.10,13142050,237777216.00
2025/03/17,18.00,18.47,17.90,17.92,11041802,203258704.00
2025/03/18,17.93,18.04,17.74,17.77,7304450,132209576.00
2025/03/19,17.75,17.86,17.57,17.63,4833366,86790400.00
2025/03/20,17.63,18.06,17.50,17.79,6472316,117016440.00
2025/03/21,17.61,18.52,17.56,18.04,13822800,254751872.00
2025/03/24,17.99,17.99,16.93,17.36,11089879,195201520.00
2025/03/25,17.21,17.70,17.06,17.42,6543227,115892312.00
2025/03/26,17.35,17.67,17.26,17.45,4502900,80036640.00
2025/03/27,17.36,17.52,16.90,17.31,5216800,91234832.00
2025/03/28,17.24,17.47,16.88,16.96,4619900,80045776.00
2025/03/31,16.92,16.92,16.28,16.62,3926150,65895420.00
2025/04/01,16.72,17.10,16.53,16.92,3692900,63524280.00
2025/04/02,16.90,17.03,16.77,16.88,2537400,43516440.00
2025/04/03,16.68,16.96,16.62,16.81,2329350,39676916.00
2025/04/07,15.75,16.10,13.40,13.56,9242364,135575760.00
2025/04/08,13.89,14.75,13.89,14.56,8965650,131377056.00
2025/04/09,14.75,17.41,14.58,16.70,21235630,350887616.00
2025/04/10,16.00,17.03,16.00,16.30,20168915,338443520.00
2025/04/11,16.02,16.25,15.81,15.87,10417215,169098928.00
2025/04/14,16.00,16.16,15.90,16.06,7091704,115534784.00
2025/04/15,16.01,16.03,15.67,15.74,4976050,79653952.00
2025/04/16,15.68,15.92,15.16,15.47,4773999,75237152.00
2025/04/17,15.37,15.72,15.34,15.47,4126649,65168340.00
2025/04/18,15.35,15.55,15.28,15.38,2904500,45434644.00
2025/04/21,15.29,15.63,15.29,15.58,3412400,53796572.00
2025/04/22,15.61,15.71,15.43,15.63,3745600,59261852.00
2025/04/23,15.88,15.88,15.58,15.67,3872800,61700536.00
2025/04/24,15.72,15.74,15.21,15.38,4352700,68201296.00
2025/04/25,15.40,15.51,15.19,15.38,3062100,47787932.00
2025/04/28,15.25,15.41,15.09,15.24,2539729,39269980.00
2025/04/29,15.16,15.46,15.08,15.37,2505801,39131200.00
2025/04/30,15.38,15.61,15.35,15.46,2588000,40682876.00
2025/05/06,15.55,15.91,15.50,15.81,4346500,69444312.00
2025/05/07,15.98,16.38,15.85,16.05,9495635,154966464.00
2025/05/08,15.93,16.38,15.91,16.32,6773769,111302288.00
2025/05/09,16.29,17.40,16.16,16.63,14885110,253049088.00
2025/05/12,16.47,17.96,16.33,17.33,20656802,362298464.00
2025/05/13,17.33,17.40,16.72,16.78,13188616,227276416.00
2025/05/14,16.66,16.78,16.46,16.60,7009602,118056864.00
2025/05/15,16.54,16.63,16.30,16.33,4682000,77921688.00
2025/05/16,16.35,16.61,16.21,16.26,4485750,74556936.00
2025/05/19,16.25,16.63,16.16,16.45,4963600,82602672.00
2025/05/20,16.45,16.54,16.32,16.47,3686376,61514076.00
2025/05/21,16.38,16.44,16.19,16.31,3076726,50889880.00
2025/05/22,16.30,16.35,16.03,16.10,3095650,50849064.00
2025/05/23,16.08,16.30,15.90,15.93,3593100,58815272.00
2025/05/26,15.93,16.22,15.86,16.21,2902150,47420152.00
2025/05/27,16.18,16.33,16.00,16.29,2785986,45750328.00
2025/05/28,16.28,16.41,16.13,16.17,2922000,48261616.00
2025/05/29,16.18,16.34,16.13,16.30,4334350,71603640.00
2025/05/30,16.29,16.31,16.11,16.16,3128300,51097388.00
2025/06/03,16.11,16.33,16.08,16.29,3840400,62807040.00
2025/06/04,16.28,16.42,16.22,16.36,3402051,55936156.00
2025/06/05,16.36,16.39,16.13,16.34,2974899,48773572.00
2025/06/06,16.34,16.45,16.20,16.29,2856100,46929228.00
2025/06/09,16.27,16.43,16.23,16.43,3415619,56360252.00
2025/06/10,16.45,16.46,15.94,16.16,4139765,67557624.00
2025/06/11,16.16,16.36,16.12,16.29,2851612,46785748.00
2025/06/12,16.28,16.34,16.09,16.19,2516136,41086284.00
2025/06/13,16.14,16.48,16.14,16.34,7120436,117391168.00
2025/06/16,16.42,16.56,16.19,16.49,5449323,90175480.00
2025/06/17,16.43,16.65,16.33,16.65,5672199,94475704.00
2025/06/18,16.60,16.75,16.51,16.61,5837736,97740600.00
2025/06/19,16.59,17.44,16.09,16.93,15725237,265623296.00
2025/06/20,16.66,17.44,16.36,17.33,20121324,346147616.00
2025/06/23,16.99,17.37,16.93,17.28,12948192,223733200.00
2025/06/24,16.91,17.24,16.65,17.03,12623358,214056304.00
2025/06/25,17.01,17.67,16.91,17.59,17353354,305044160.00
2025/06/26,17.39,18.35,17.35,17.50,22565639,405986784.00
2025/06/27,17.50,17.73,17.28,17.38,12492753,219595936.00
2025/06/30,17.38,17.80,17.34,17.69,11135774,198075392.00
2025/07/01,17.65,19.83,17.54,18.83,30342810,572348800.00
2025/07/02,18.83,19.83,18.08,18.42,31557628,601801344.00
2025/07/03,18.14,18.74,17.96,18.09,18728068,343216512.00
2025/07/04,17.98,18.12,17.39,17.46,13120100,232517936.00
2025/07/07,17.46,20.98,17.43,20.98,65207457,1351106816.00
2025/07/08,20.30,21.90,19.76,21.83,69122909,1447449216.00
2025/07/09,21.18,22.05,20.33,20.62,49430097,1047984064.00
2025/07/10,20.23,21.69,19.77,21.38,50282602,1057316160.00
2025/07/11,20.42,22.87,20.28,21.33,50722654,1097461888.00
2025/07/14,20.58,21.06,20.35,20.40,28144699,583540608.00
2025/07/15,20.14,20.68,19.16,19.43,27439653,542150592.00
2025/07/16,19.41,19.81,19.18,19.47,17184835,336505216.00
2025/07/17,19.33,19.62,19.20,19.54,16042337,313203712.00
2025/07/18,19.43,19.72,19.26,19.57,14504331,284612096.00
2025/07/21,19.59,19.87,19.50,19.82,15853236,314014048.00
2025/07/22,19.63,20.87,19.58,20.35,26573698,540014464.00
2025/07/23,20.02,20.03,19.08,19.19,20463000,401908160.00
2025/07/24,19.21,19.44,19.11,19.41,9963424,193198624.00
2025/07/25,19.29,19.48,19.08,19.30,9957018,192440928.00
2025/07/28,19.29,19.56,19.18,19.50,10012500,195922992.00
2025/07/29,19.41,20.26,19.39,20.19,23552989,474740320.00
2025/07/30,20.12,20.63,19.94,20.29,21335454,434171264.00
2025/07/31,19.88,20.10,19.47,19.48,16357450,324754240.00
2025/08/01,19.63,19.63,18.66,18.91,14943800,284951808.00
2025/08/04,18.79,19.56,18.78,19.54,12070218,235172880.00
2025/08/05,19.63,20.09,19.60,19.88,13956618,278160992.00
2025/08/06,19.85,20.85,19.84,20.44,25120319,517711776.00
2025/08/07,20.39,20.48,19.98,20.23,15005700,304428672.00
2025/08/08,20.09,20.83,20.09,20.50,19232223,397045280.00
2025/08/11,20.31,20.55,20.09,20.33,13235426,270200352.00
2025/08/12,20.32,21.04,20.03,20.51,16840232,346770880.00
2025/08/13,20.31,21.04,20.29,20.78,20698299,431402272.00
2025/08/14,20.42,20.58,19.73,19.73,19085250,383763328.00
2025/08/15,19.78,19.83,19.64,19.70,11593400,230036416.00
2025/08/18,19.70,20.37,19.69,20.25,16071577,325755392.00
2025/08/19,20.39,20.64,19.97,20.06,13065750,265499232.00
2025/08/20,19.89,19.95,19.49,19.90,11807000,234418960.00
2025/08/21,19.89,19.92,19.43,19.59,9739634,192999664.00
2025/08/22,19.62,19.73,19.37,19.72,8345510,164340752.00
2025/08/25,19.72,20.02,19.63,20.02,12690000,253836384.00
2025/08/26,19.98,19.98,19.60,19.76,8072010,160488400.00
2025/08/27,19.69,19.76,18.96,18.97,11361400,221719104.00
2025/08/28,18.98,19.17,18.16,19.02,10642050,200623424.00
2025/08/29,18.88,19.16,18.71,19.03,7518591,143327584.00
2025/09/01,19.03,19.16,18.78,18.98,6377482,121490816.00
2025/09/02,18.96,18.96,18.33,18.62,6389550,119291168.00
2025/09/03,18.67,18.74,17.68,17.72,7565141,137786528.00
2025/09/04,17.73,17.87,17.32,17.56,6212690,110379760.00
2025/09/05,17.66,17.87,17.51,17.86,4538565,81138848.00
2025/09/08,17.79,18.07,17.73,18.03,4744465,85637992.00
2025/09/09,18.03,18.03,17.60,17.73,4528790,81085176.00
2025/09/10,17.60,17.83,17.60,17.65,2795840,49849040.00
2025/09/11,17.76,18.00,17.55,17.95,4820200,86354680.00
2025/09/12,17.92,18.11,17.87,17.97,4763250,86298488.00
2025/09/15,17.94,18.23,17.83,18.14,5625150,102132192.00
2025/09/16,18.07,18.07,17.75,18.03,5552300,100222296.00
2025/09/17,18.03,18.13,17.86,17.95,4988750,90381256.00
2025/09/18,17.94,17.95,17.23,17.42,7086618,126278680.00
2025/09/19,17.38,17.66,17.32,17.37,3848350,67672400.00
2025/09/22,17.43,17.44,17.18,17.31,3444650,59965884.00
2025/09/23,17.38,17.48,16.72,17.10,5492800,93880720.00
2025/09/24,17.07,17.41,16.96,17.33,4052000,70477640.00
2025/09/25,17.36,17.40,17.12,17.12,3554050,61754304.00
2025/09/26,17.14,17.51,17.01,17.20,4299600,74835984.00
2025/09/29,17.13,17.34,16.92,17.25,3735300,64563896.00
2025/09/30,17.32,17.62,17.27,17.49,4750800,83560312.00
2025/10/09,17.49,17.57,17.30,17.57,4584798,80681168.00
2025/10/10,17.49,17.83,17.45,17.68,5483948,97889432.00
2025/10/13,17.05,17.64,16.84,17.51,4462000,78057760.00
2025/10/14,17.52,18.18,17.51,17.84,9039150,162342560.00
2025/10/15,17.68,17.78,17.38,17.74,5812500,102964880.00
2025/10/16,17.68,17.77,17.27,17.31,4779400,84125648.00
2025/10/17,17.27,17.43,16.95,16.96,3589598,62044228.00
2025/10/20,17.19,17.28,16.91,17.06,2980500,51259888.00
2025/10/21,17.10,17.62,17.08,17.57,5707201,100318656.00
2025/10/22,17.56,17.93,17.44,17.66,5817475,103625792.00
2025/10/23,17.52,17.79,17.41,17.76,3594200,63509100.00
2025/10/24,17.77,17.87,17.61,17.69,4800350,85586216.00
2025/10/27,17.68,17.86,17.63,17.83,4488100,80237728.00
2025/10/28,17.82,18.19,17.71,18.05,8448850,153167024.00
2025/10/29,17.91,17.94,17.70,17.92,5439900,97614232.00
2025/10/30,17.87,17.87,17.64,17.65,3870150,69096312.00
2025/10/31,17.65,17.74,17.59,17.70,3459721,61630176.00
2025/11/03,17.68,17.98,17.61,17.98,5384000,96594680.00
2025/11/04,17.89,18.19,17.84,18.10,7048250,128019208.00
2025/11/05,17.88,18.38,17.82,18.23,7238500,132104528.00
2025/11/06,18.33,18.36,18.03,18.07,6028050,109804952.00
2025/11/07,18.00,18.33,17.91,17.99,6053746,110451464.00
2025/11/10,17.97,17.98,17.74,17.87,4272100,76692808.00
2025/11/11,17.87,17.98,17.79,17.83,3365300,60526836.00
2025/11/12,17.78,17.82,17.46,17.60,4089400,72470288.00
2025/11/13,17.64,17.77,17.47,17.65,3184100,56561176.00
2025/11/14,17.66,17.92,17.59,17.63,3289400,58787164.00
2025/11/17,18.09,18.27,17.76,17.80,7473600,135410496.00
2025/11/18,17.75,17.87,17.26,17.37,6011750,105508168.00
2025/11/19,17.39,18.96,17.33,18.55,23732701,440237344.00
2025/11/20,18.45,18.66,18.09,18.29,12683834,234768816.00
2025/11/21,18.13,20.02,17.69,19.20,35758521,689561344.00
2025/11/24,19.18,20.88,18.91,20.47,45860294,920855360.00
2025/11/25,19.38,19.78,19.07,19.67,30363308,594747136.00
2025/11/26,19.29,19.29,18.45,18.49,22283242,418614208.00
2025/11/27,18.30,18.65,18.19,18.55,13453703,249630016.00
2025/11/28,18.40,18.63,18.31,18.59,10603650,197282736.00
2025/12/01,18.33,18.57,18.22,18.32,11722700,216634672.00
2025/12/02,18.24,18.52,17.96,18.00,12236050,224450080.00
2025/12/03,17.88,18.00,17.44,17.57,10964400,194754080.00
2025/12/04,17.48,17.60,17.04,17.08,10218600,176736976.00
2025/12/05,17.14,17.42,16.99,17.39,7514950,130523456.00
2025/12/08,17.46,17.90,17.34,17.57,8101000,143935616.00
2025/12/09,17.52,17.88,17.40,17.45,8101700,143894960.00
2025/12/10,17.35,17.60,17.15,17.33,6382501,111560936.00
2025/12/11,17.30,17.31,16.73,16.73,7613200,130221832.00
2025/12/12,16.74,17.09,16.70,16.91,5289500,90197752.00
2025/12/15,16.83,17.05,16.58,16.83,4565510,77396776.00
2025/12/16,16.82,16.83,16.39,16.45,5687850,94562304.00
2025/12/17,16.42,16.54,16.06,16.40,5285360,86563488.00
2025/12/18,16.30,16.63,16.23,16.51,4076500,67861672.00
2025/12/19,16.46,16.83,16.46,16.77,3832210,64448256.00
2025/12/22,16.73,16.93,16.73,16.80,3774024,64009196.00
2025/12/23,16.81,16.85,16.57,16.66,3206700,53909412.00
2025/12/24,16.68,16.93,16.63,16.90,3732400,63258220.00
2025/12/25,16.93,17.04,16.87,17.00,4038400,69039224.00
2025/12/26,16.96,17.11,16.81,16.91,4365037,74557296.00
2025/12/29,16.89,17.03,16.85,16.93,3801950,64865288.00
2025/12/30,16.93,17.04,16.82,16.84,4225050,72091504.00
2025/12/31,16.85,17.06,16.73,17.02,4787900,81627928.00
2026/01/05,17.06,17.46,17.00,17.23,7498822,130051624.00
2026/01/06,17.24,17.38,17.16,17.38,6609672,114991520.00
2026/01/07,17.38,17.43,17.16,17.20,5139400,89255104.00
2026/01/08,17.18,17.75,17.11,17.73,11516050,203662864.00
2026/01/09,17.71,18.24,17.71,18.04,14390324,260701872.00
2026/01/12,18.05,18.59,18.00,18.51,13625900,252418880.00
2026/01/13,18.51,18.51,17.79,17.83,10726114,194824416.00
2026/01/14,17.95,18.25,17.68,17.94,9485474,171746768.00
2026/01/15,17.94,18.08,17.75,17.89,6336490,114137576.00
2026/01/16,17.93,17.95,17.68,17.75,4813800,86218224.00
2026/01/19,17.71,18.04,17.66,18.01,5516100,99424944.00
2026/01/20,18.06,18.12,17.63,17.74,6429150,115396976.00
2026/01/21,17.73,17.81,17.59,17.77,4422250,78975808.00
2026/01/22,17.83,18.30,17.77,18.21,9917750,180778288.00
2026/01/23,18.18,18.21,18.05,18.15,7788122,141923536.00
2026/01/26,18.24,18.34,17.79,18.00,7382200,134260672.00
2026/01/27,17.89,17.97,17.33,17.92,6461250,114861584.00
2026/01/28,17.80,18.06,17.61,17.66,4615500,82639568.00
2026/01/29,17.62,17.75,17.30,17.44,5263350,92759480.00
2026/01/30,17.44,17.55,17.00,17.26,4201700,72817704.00
2026/02/02,17.19,17.62,17.09,17.09,5018096,87946680.00
2026/02/03,17.21,17.48,17.17,17.43,3631200,63411172.00
2026/02/04,17.38,18.17,17.34,17.86,10393349,187169168.00
2026/02/05,17.69,18.02,17.68,17.76,6787850,122101800.00
2026/02/06,17.65,17.86,17.51,17.63,4713800,84040760.00
2026/02/09,17.84,18.02,17.68,17.89,5429150,97681648.00
2026/02/10,17.89,18.50,17.81,18.25,11084000,203339264.00
2026/02/11,18.21,18.37,18.01,18.15,6543500,119841312.00
2026/02/12,18.10,18.33,17.78,18.07,5750748,104479272.00
2026/02/13,17.98,18.44,17.96,18.27,9164000,168919056.00
2026/02/24,18.32,18.82,18.21,18.61,9965985,186037728.00
2026/02/25,18.45,18.83,18.42,18.67,9032648,169469184.00
2026/02/26,18.66,18.82,18.48,18.71,7091650,133312776.00
2026/02/27,18.71,18.87,18.61,18.77,7305100,137726288.00
2026/03/02,18.67,18.70,18.06,18.33,7803074,144563136.00
2026/03/03,18.41,18.61,17.60,17.63,7321550,133274864.00
2026/03/04,17.48,17.93,17.21,17.78,6398150,113821048.00
2026/03/05,17.96,18.11,17.56,17.70,5029400,90163136.00
2026/03/06,17.60,18.19,17.56,18.06,5444568,98720192.00
2026/03/09,17.89,17.95,17.34,17.56,6172998,109172624.00
2026/03/10,17.58,17.93,17.58,17.88,4614748,82679320.00
2026/03/11,17.98,18.04,17.66,17.94,6253800,112461096.00
2026/03/12,18.00,18.00,17.20,17.38,10357400,182265296.00
2026/03/13,17.43,17.57,16.98,17.06,8236900,143690480.00
2026/03/16,16.88,17.11,16.79,17.00,4803150,81925744.00
2026/03/17,17.08,17.08,16.56,16.58,4823330,81673472.00
2026/03/18,16.66,16.70,16.45,16.69,3157431,52662412.00
2026/03/19,16.39,16.58,16.16,16.23,3614250,59482652.00
2026/03/20,16.31,16.36,15.88,15.90,4611250,74678512.00
2026/03/23,15.48,15.76,14.75,15.76,7224250,110736024.00
2026/03/24,15.61,15.61,15.13,15.56,8729471,135150864.00
2026/03/25,15.44,15.90,15.43,15.90,7280101,114597328.00
2026/03/26,15.68,15.84,15.30,15.33,4767218,74489232.00
2026/03/27,15.06,15.56,15.03,15.56,3664586,56748788.00
2026/03/30,15.26,15.55,15.22,15.54,2467490,38390740.00
2026/03/31,15.54,15.68,15.26,15.27,3792877,59218856.00
2026/04/01,15.47,15.54,15.35,15.52,2979200,46371552.00
2026/04/02,15.51,15.63,15.24,15.28,3063700,47494736.00
2026/04/03,15.38,15.43,15.08,15.09,2508981,38458400.00
2026/04/07,15.09,15.37,15.01,15.28,2383237,36613048.00
2026/04/08,15.58,15.72,15.49,15.71,4773850,75140288.00
2026/04/09,15.58,15.63,15.43,15.49,2875100,44960320.00
2026/04/10,15.57,15.77,15.53,15.67,4202150,66480500.00
2026/04/13,15.57,15.69,15.50,15.61,2685222,42163568.00
2026/04/14,15.73,15.80,15.54,15.72,2760772,43529672.00
2026/04/15,15.72,15.76,15.49,15.50,3273550,51491464.00
2026/04/16,15.55,15.72,15.45,15.70,3582090,56280872.00
2026/04/17,15.65,15.68,15.44,15.60,2840222,44490888.00
2026/04/20,15.54,16.07,15.54,15.88,4793442,76388704.00
2026/04/21,15.80,15.96,15.63,15.75,3501400,55556364.00
2026/04/22,15.63,15.75,15.56,15.73,2396676,37784848.00
2026/04/23,15.68,16.21,15.68,16.07,8491100,137203488.00
2026/04/24,15.91,15.94,15.47,15.68,6107400,96148424.00
2026/04/27,15.50,15.75,15.36,15.73,3280650,51492340.00
2026/04/28,15.65,16.08,15.63,15.73,4590100,73423480.00
2026/04/29,15.60,15.89,15.55,15.87,3150500,50055908.00
2026/04/30,15.87,16.18,15.83,15.96,3662129,58957344.00
2026/05/06,16.13,16.13,15.89,16.01,3473768,55978340.00
2026/05/07,16.05,16.18,15.95,16.13,3343350,54161784.00
2026/05/08,16.13,16.41,16.03,16.37,4278150,70179512.00
2026/05/11,16.34,16.46,16.22,16.46,3942657,64784260.00
2026/05/12,16.46,16.46,16.05,16.13,3652150,59513240.00
2026/05/13,16.17,16.28,16.06,16.26,2742850,44758036.00
2026/05/14,16.20,16.24,15.76,15.76,3860700,62053840.00
2026/05/15,15.78,16.08,15.75,15.81,2828100,45284136.00
2026/05/18,15.77,15.90,15.57,15.70,2853199,45069188.00
2026/05/19,15.67,15.85,15.57,15.78,2210750,35003120.00
2026/05/20,15.75,15.76,15.30,15.41,3281205,51053196.00
2026/05/21,15.44,15.65,14.99,15.09,3199029,49656344.00
2026/05/22,15.10,15.38,15.00,15.31,2804050,42913072.00
2026/05/25,15.41,15.43,15.00,15.18,1970050,30123372.00
2026/05/26,15.17,15.17,14.66,14.82,3102058,46049376.00
2026/05/27,14.89,14.97,14.30,14.46,3204994,46466040.00
2026/05/28,14.50,14.73,14.33,14.60,2613710,38086224.00
2026/05/29,14.55,14.81,14.28,14.30,2730329,39569276.00
2026/06/01,14.48,14.83,14.33,14.62,2463495,36107420.00
2026/06/02,14.71,14.82,14.42,14.59,2774600,40506860.00
2026/06/03,14.39,14.54,14.30,14.40,2367300,34105244.00
2026/06/04,14.31,15.45,14.31,15.12,7912754,119426616.00
2026/06/05,14.80,15.04,14.65,14.94,5027050,74534344.00
2026/06/08,14.70,14.75,14.17,14.32,3965050,57296940.00
2026/06/09,14.31,14.45,14.08,14.45,2421300,34441016.00
2026/06/10,14.22,14.49,14.10,14.18,1915500,27267718.00
2026/06/11,14.03,14.12,13.65,13.80,2793162,38561180.00
2026/06/12,13.90,14.39,13.90,14.16,2797816,39671512.00
2026/06/15,14.16,14.37,14.12,14.25,2009300,28594584.00
2026/06/16,14.28,14.29,14.10,14.19,1781750,25265820.00
2026/06/17,14.24,14.54,13.95,14.43,3869150,55097260.00
2026/06/18,14.35,14.35,13.97,14.03,2958850,41643588.00
2026/06/22,14.02,14.02,13.41,13.97,3464408,47381192.00
2026/06/23,13.92,14.22,13.85,14.00,2868400,40319352.00
2026/06/24,13.97,13.97,13.45,13.48,2790750,37918076.00
2026/06/25,13.48,13.64,13.06,13.15,3236850,43047128.00
2026/06/26,13.15,13.16,12.85,12.87,2381900,30892408.00
2026/06/29,12.87,12.94,12.50,12.79,2231900,28386126.00
2026/06/30,12.77,13.01,12.65,12.94,2274000,29308942.00
2026/07/01,12.94,13.34,12.87,13.23,2712200,35730736.00
2026/07/02,13.20,13.40,13.07,13.08,2162450,28591118.00
2026/07/03,13.08,13.51,13.08,13.40,2967500,39675256.00
2026/07/06,13.40,13.59,13.20,13.29,1838900,24549588.00
2026/07/07,13.17,13.40,12.90,13.24,3094050,40619856.00
2026/07/08,13.21,13.37,12.96,13.09,1974700,25888924.00
2026/07/09,12.92,13.10,12.76,13.10,2129550,27546836.00
2026/07/10,13.01,13.64,12.92,13.33,3670346,49137436.00
2026/07/13,13.20,13.29,12.83,12.83,2717496,35229784.00
2026/07/14,12.81,13.10,12.70,13.07,2116250,27341862.00
2026/07/15,13.05,13.27,12.90,13.23,2169500,28611612.00
2026/07/16,13.14,13.43,13.10,13.30,1960250,26105766.00
2026/07/17,13.27,13.55,13.02,13.10,2679504,35624948.00
2026/07/20,13.15,13.44,12.92,13.20,2711200,35956720.00
2026/07/21,13.16,13.29,12.94,13.26,2945452,38686228.00
2026/07/22,13.22,13.30,13.08,13.30,2186450,28874824.00
2026/07/23,13.24,13.58,13.21,13.56,3184800,42876592.00
2026/07/24,13.42,14.86,13.35,14.23,11834509,168280432.00
2026/07/27,13.80,15.38,13.75,15.19,13106344,191419088.00
2026/07/28,14.60,15.15,14.50,14.60,9741900,143211728.00
2026/07/29,14.50,15.06,14.46,14.60,7783696,114860824.00
2026/07/30,14.36,14.61,14.11,14.14,7290696,104651080.00
2026/07/31,14.05,14.48,14.05,14.37,5426550,77713384.00
2026/08/03,14.33,14.47,14.21,14.38,3531033,50741580.00
2026/08/04,14.39,14.52,14.30,14.49,5034973,72727392.00
2026/08/05,14.60,14.60,14.28,14.45,4307797,61986100.00
2026/08/06,17.00,17.18,16.02,16.06,28880497,476801216.00
2026/08/07,15.85,15.89,14.46,14.99,23917417,355944768.00
2026/08/10,14.85,15.08,14.65,15.02,12189266,181619456.00
2026/08/11,14.74,14.87,14.55,14.72,7895400,116258736.00
2026/08/12,14.70,14.73,14.56,14.68,5676000,83149176.00
2026/08/13,14.61,14.69,14.28,14.29,7340100,106053608.00
2026/08/14,14.17,14.40,14.12,14.37,5510599,78708040.00
2026/08/17,14.26,14.53,14.16,14.48,4123350,59134864.00
2026/08/18,14.48,14.48,14.15,14.29,3881000,55333816.00
2026/08/19,14.11,14.20,13.60,13.70,4798000,66477292.00
2026/08/20,13.79,13.92,13.72,13.82,2566650,35481692.00
2026/08/21,13.72,13.86,13.57,13.80,2298500,31520078.00
2026/08/24,13.78,13.86,13.60,13.76,2422502,33291674.00
2026/08/25,13.65,13.98,13.61,13.94,2418450,33524540.00
2026/08/26,13.92,14.10,13.90,14.00,2544450,35671912.00
2026/08/27,14.00,14.14,13.92,14.12,2624700,36884568.00
2026/08/28,14.12,14.25,14.06,14.12,2936452,41563688.00
2026/08/31,14.07,14.18,13.96,14.14,2916300,41087320.00
2026/09/01,14.11,14.28,14.08,14.21,2990200,42525236.00
2026/09/02,14.00,14.32,13.98,14.21,3818350,54330828.00
2026/09/03,14.23,14.30,14.02,14.04,3078600,43498140.00
2026/09/04,14.08,14.53,14.04,14.38,6591319,94560520.00
2026/09/07,14.24,14.36,14.08,14.17,4180722,59221540.00
2026/09/08,14.05,14.35,14.05,14.27,3103372,44174848.00
2026/09/09,14.21,14.48,14.15,14.35,3879027,55657316.00
2026/09/10,14.26,14.74,14.21,14.58,6794052,98843584.00
2026/09/11,14.36,14.53,14.03,14.50,5146298,73436928.00
2026/09/14,14.31,14.63,14.08,14.08,4254250,60647504.00
#数据来源:通达信
