300771 智莱科技 日线 前复权
      日期	    开盘	    最高	    最低	    收盘	    成交量	    成交额
2021/08/02,10.38,10.65,10.16,10.63,2026278,34760624.00
2021/08/03,10.62,10.80,10.58,10.70,2270440,39640920.00
2021/08/04,10.70,10.80,10.59,10.69,1806818,31533230.00
2021/08/05,10.68,10.68,10.42,10.45,1448832,24880280.00
2021/08/06,10.45,10.50,10.12,10.30,1599316,26857660.00
2021/08/09,10.26,11.03,10.21,10.81,2971982,52208016.00
2021/08/10,10.78,11.09,10.69,11.00,2091937,37202784.00
2021/08/11,11.00,11.06,10.82,10.93,1418760,25270128.00
2021/08/12,10.86,11.06,10.80,10.92,1271977,22617684.00
2021/08/13,10.91,11.02,10.62,10.81,1426100,25075200.00
2021/08/16,10.82,11.26,10.66,11.11,2239800,40297288.00
2021/08/17,11.06,11.20,10.46,10.56,2273152,39970856.00
2021/08/18,10.46,10.69,10.38,10.62,1143660,19709152.00
2021/08/19,10.65,10.79,10.51,10.74,1521240,26502504.00
2021/08/20,10.64,10.65,10.20,10.30,2013979,34031664.00
2021/08/23,10.28,11.12,10.28,11.06,3602336,63616920.00
2021/08/24,10.98,11.16,10.80,10.99,1728951,30750138.00
2021/08/25,11.00,11.11,10.86,11.04,1460600,26216442.00
2021/08/26,10.96,11.02,10.53,10.64,1756471,30858586.00
2021/08/27,10.62,10.63,10.16,10.36,2414500,40758980.00
2021/08/30,10.37,10.55,10.26,10.38,1293800,22062120.00
2021/08/31,10.39,10.71,10.26,10.68,1619400,27793824.00
2021/09/01,10.71,10.86,10.53,10.78,1912122,33437832.00
2021/09/02,10.77,11.60,10.66,11.45,5632407,104168040.00
2021/09/03,11.29,11.31,11.05,11.14,3770993,68371296.00
2021/09/06,11.08,11.40,10.95,11.34,2405435,43771292.00
2021/09/07,11.31,11.38,11.10,11.22,1946346,35525392.00
2021/09/08,11.19,11.28,11.10,11.22,1610500,29300580.00
2021/09/09,11.18,11.42,11.12,11.25,1888884,34660144.00
2021/09/10,11.21,11.30,11.02,11.04,1556300,28195702.00
2021/09/13,11.01,11.42,10.84,11.33,2395948,43435408.00
2021/09/14,11.32,11.51,11.04,11.08,2102772,38536916.00
2021/09/15,10.98,11.20,10.94,11.02,1268956,22893530.00
2021/09/16,10.98,11.46,10.96,11.17,2282385,41796820.00
2021/09/17,11.18,11.68,11.07,11.57,2822087,52459600.00
2021/09/22,11.32,11.52,11.18,11.26,2224139,40926400.00
2021/09/23,11.39,11.44,11.24,11.43,1695554,31252324.00
2021/09/24,11.38,11.43,11.08,11.17,1644360,30082440.00
2021/09/27,11.17,11.28,10.52,10.71,2040789,35901848.00
2021/09/28,10.64,11.04,10.54,10.86,846578,14933611.00
2021/09/29,10.76,10.88,10.46,10.46,1054726,18358508.00
2021/09/30,10.46,10.70,10.46,10.54,636315,10997087.00
2021/10/08,10.66,10.94,10.55,10.87,1020495,17966564.00
2021/10/11,10.89,10.96,10.74,10.76,631185,11124758.00
2021/10/12,10.76,10.79,10.50,10.57,692132,11999405.00
2021/10/13,10.55,10.68,10.40,10.61,730751,12570962.00
2021/10/14,10.62,10.90,10.48,10.83,932717,16348457.00
2021/10/15,10.78,11.05,10.50,10.50,1170187,20261090.00
2021/10/18,10.44,10.50,10.14,10.26,1057200,17724416.00
2021/10/19,10.24,10.34,10.21,10.27,509428,8568108.00
2021/10/20,10.29,10.33,10.13,10.14,668849,11187951.00
2021/10/21,10.21,10.33,10.06,10.10,512832,8548085.00
2021/10/22,10.10,10.14,9.95,9.95,645329,10619052.00
2021/10/25,9.87,10.02,9.87,9.98,401820,6575863.00
2021/10/26,9.95,10.05,9.95,10.02,471643,7745977.00
2021/10/27,10.07,10.07,9.73,9.74,742000,12041752.00
2021/10/28,9.74,9.75,9.26,9.30,947940,14750807.00
2021/10/29,9.35,9.95,9.35,9.74,921329,14711697.00
2021/11/01,9.72,9.84,9.62,9.75,558215,8967821.00
2021/11/02,9.75,9.86,9.50,9.70,639840,10196616.00
2021/11/03,9.64,9.91,9.64,9.90,579800,9374788.00
2021/11/04,9.92,9.96,9.86,9.95,552400,9004478.00
2021/11/05,9.97,10.20,9.92,10.10,719680,11908256.00
2021/11/08,10.11,10.12,9.95,10.08,492938,8112695.50
2021/11/09,10.08,10.34,10.05,10.16,594300,9914605.00
2021/11/10,10.18,10.52,10.16,10.44,1578957,26850702.00
2021/11/11,10.44,10.58,10.37,10.38,1106680,18945632.00
2021/11/12,10.34,10.59,10.32,10.55,933600,16021481.00
2021/11/15,10.50,10.95,10.38,10.94,1768880,31256652.00
2021/11/16,10.95,11.01,10.79,10.86,1052160,18677576.00
2021/11/17,10.86,11.08,10.78,10.96,1069383,19101726.00
2021/11/18,10.92,11.09,10.72,10.73,1077320,19088352.00
2021/11/19,10.73,11.16,10.72,11.06,1573129,28234668.00
2021/11/22,11.12,11.16,10.95,11.06,896800,16109056.00
2021/11/23,11.06,11.17,10.98,11.15,732480,13250462.00
2021/11/24,11.17,11.17,10.97,11.14,823980,14879943.00
2021/11/25,11.14,11.21,10.98,11.10,679040,12263796.00
2021/11/26,11.10,11.10,10.79,10.93,1028533,18316860.00
2021/11/29,10.73,11.04,10.73,10.94,869880,15461239.00
2021/11/30,11.17,11.45,11.10,11.38,2100075,38714464.00
2021/12/01,11.29,11.60,11.27,11.54,1870880,34901712.00
2021/12/02,11.54,11.57,11.20,11.25,1083275,19956054.00
2021/12/03,11.24,11.38,11.10,11.13,795700,14490094.00
2021/12/06,11.14,11.20,10.69,10.72,1223542,21644282.00
2021/12/07,10.83,10.84,10.55,10.60,862742,15003164.00
2021/12/08,10.59,10.72,10.56,10.56,788223,13677599.00
2021/12/09,10.56,10.88,10.56,10.67,803184,14035136.00
2021/12/10,10.66,10.84,10.57,10.77,849080,14849860.00
2021/12/13,10.98,13.12,10.95,13.12,8888493,180561072.00
2021/12/14,12.92,15.50,12.37,13.94,17857773,397079104.00
2021/12/15,13.28,13.52,13.06,13.26,10435234,222200320.00
2021/12/16,12.98,13.42,12.92,13.35,7489214,159071136.00
2021/12/17,13.24,13.44,12.58,12.70,6069200,125574680.00
2021/12/20,12.79,12.92,12.45,12.89,4685773,96174184.00
2021/12/21,12.84,12.91,12.48,12.84,3635400,74354928.00
2021/12/22,12.59,12.82,12.28,12.38,4337973,87654416.00
2021/12/23,12.27,12.46,12.13,12.32,2882149,57108120.00
2021/12/24,12.32,12.32,11.74,11.79,3384323,65528816.00
2021/12/27,11.81,11.94,11.74,11.93,1667940,32045834.00
2021/12/28,11.87,12.22,11.82,12.18,2446985,47929236.00
2021/12/29,12.18,12.30,11.79,12.04,2070145,40016292.00
2021/12/30,12.04,12.23,11.98,12.06,2093285,40973400.00
2021/12/31,12.04,12.18,11.92,12.04,1741267,33948724.00
2022/01/04,12.18,12.68,12.05,12.66,4851987,97883896.00
2022/01/05,12.58,12.84,12.44,12.77,4194963,85408624.00
2022/01/06,12.56,12.75,12.46,12.60,2475980,50290580.00
2022/01/07,12.52,12.70,11.85,11.85,3633850,71874808.00
2022/01/10,11.80,12.35,11.52,12.10,2501850,48557708.00
2022/01/11,11.99,12.57,11.99,12.23,2057207,40784048.00
2022/01/12,12.17,12.36,12.12,12.28,1569700,31054892.00
2022/01/13,12.38,12.66,12.16,12.44,2682600,53864808.00
2022/01/14,12.44,12.56,12.01,12.15,2155390,42683360.00
2022/01/17,12.05,12.80,12.05,12.71,3788817,77132384.00
2022/01/18,12.70,12.77,12.22,12.30,2451660,49218600.00
2022/01/19,12.12,12.60,12.12,12.58,2156305,43404104.00
2022/01/20,12.52,12.53,11.85,11.93,2549980,49899792.00
2022/01/21,12.06,12.15,11.68,11.78,1312380,25191774.00
2022/01/24,11.78,12.54,11.60,12.30,2774987,54735600.00
2022/01/25,12.28,12.28,11.05,11.05,3215320,59800988.00
2022/01/26,11.06,11.36,11.00,11.21,1062990,19367504.00
2022/01/27,11.21,11.25,10.43,10.49,1563600,27256054.00
2022/01/28,10.68,11.11,10.50,10.92,1393214,24753746.00
2022/02/07,11.29,11.29,10.84,11.03,778020,13927652.00
2022/02/08,10.91,11.34,10.87,11.32,1076900,19666934.00
2022/02/09,11.32,11.68,11.32,11.66,1222100,22949508.00
2022/02/10,12.17,12.17,11.52,11.64,1646423,31348000.00
2022/02/11,11.58,11.97,11.32,11.50,1615920,30498628.00
2022/02/14,11.42,11.66,11.04,11.58,1414280,26308242.00
2022/02/15,11.48,11.71,11.27,11.38,1084580,20182166.00
2022/02/16,11.45,11.58,11.26,11.34,1052170,19469048.00
2022/02/17,11.34,11.90,11.18,11.55,1995660,37602492.00
2022/02/18,11.60,11.86,11.50,11.83,1581200,30032600.00
2022/02/21,11.80,12.18,11.73,12.18,2356020,45859000.00
2022/02/22,12.10,12.13,11.86,11.97,1975204,38239660.00
2022/02/23,11.98,12.05,11.82,12.02,1463860,28282460.00
2022/02/24,11.92,11.98,11.34,11.58,2177500,41266352.00
2022/02/25,11.66,11.95,11.47,11.49,1161220,21995332.00
2022/02/28,11.49,11.60,11.12,11.26,1274800,23302334.00
2022/03/01,11.26,11.41,11.20,11.37,730680,13432285.00
2022/03/02,11.33,11.50,11.20,11.44,666140,12324093.00
2022/03/03,11.58,11.58,11.24,11.26,859280,15812609.00
2022/03/04,11.32,11.42,10.98,11.02,1246840,22738672.00
2022/03/07,11.01,11.13,10.78,10.92,886120,15838705.00
2022/03/08,11.06,11.21,10.46,10.48,1149680,20026262.00
2022/03/09,10.50,10.65,9.65,10.17,1501973,25072296.00
2022/03/10,10.45,10.60,10.22,10.26,1005060,17119006.00
2022/03/11,10.21,10.36,9.94,10.33,906060,15076804.00
2022/03/14,10.28,10.40,9.94,9.96,1006060,16684468.00
2022/03/15,10.04,10.04,9.24,9.26,1837629,29029506.00
2022/03/16,9.38,9.65,9.13,9.52,1593700,24682446.00
2022/03/17,9.72,9.96,9.64,9.78,1563580,25254784.00
2022/03/18,9.88,9.93,9.66,9.85,953060,15396755.00
2022/03/21,9.82,9.99,9.76,9.93,1045540,17005884.00
2022/03/22,9.90,10.03,9.78,9.96,834672,13594592.00
2022/03/23,9.96,10.06,9.85,9.99,685900,11221679.00
2022/03/24,9.99,9.99,9.70,9.70,794500,12780331.00
2022/03/25,9.86,9.98,9.75,9.84,861560,14001819.00
2022/03/28,9.73,10.04,9.53,9.91,773580,12481348.00
2022/03/29,9.95,9.96,9.56,9.62,695660,11110456.00
2022/03/30,9.70,9.82,9.59,9.81,602700,9632265.00
2022/03/31,11.96,11.96,11.96,11.96,2274697,44060880.00
2022/04/01,13.64,13.64,12.06,12.34,15541503,323495456.00
2022/04/06,11.64,12.98,11.64,12.62,9313545,181945872.00
2022/04/07,12.22,12.82,11.67,11.68,6218535,121731176.00
2022/04/08,11.81,12.10,11.27,11.85,4576285,86909168.00
2022/04/11,11.81,13.32,11.78,12.45,7138286,144704432.00
2022/04/12,11.84,13.22,11.78,12.88,7164893,144634272.00
2022/04/13,13.02,15.22,12.49,13.48,12457693,274394912.00
2022/04/14,12.81,13.56,12.64,13.04,7923480,165926432.00
2022/04/15,12.72,12.72,11.65,11.88,7782120,151466976.00
2022/04/18,11.69,12.68,11.69,12.22,4964700,97601880.00
2022/04/19,12.21,12.50,12.06,12.26,3754280,74581128.00
2022/04/20,12.35,13.32,12.06,12.86,6797100,141100384.00
2022/04/21,12.57,12.75,11.92,12.02,4605900,91571240.00
2022/04/22,11.92,12.43,11.64,11.65,4896676,95402016.00
2022/04/25,11.40,11.50,10.65,10.66,4125040,74421024.00
2022/04/26,10.78,11.11,10.54,10.60,2817483,49696708.00
2022/04/27,10.46,10.74,9.85,10.54,3780222,63354676.00
2022/04/28,10.40,10.54,9.68,9.75,4058817,66547832.00
2022/04/29,9.84,10.76,9.84,10.54,4030780,68730672.00
2022/05/05,10.83,10.98,10.12,10.77,3827212,66437092.00
2022/05/06,10.38,10.68,10.26,10.52,2782508,47803120.00
2022/05/09,10.59,10.82,10.44,10.71,2414320,42195352.00
2022/05/10,10.58,10.83,10.50,10.76,2320220,40553212.00
2022/05/11,10.77,11.18,10.72,10.83,3215560,57490436.00
2022/05/12,10.78,12.28,10.62,11.64,6931000,129521824.00
2022/05/13,11.72,12.85,11.55,12.34,10422420,205889312.00
2022/05/16,12.32,12.40,11.74,11.96,6366340,123507480.00
2022/05/17,11.92,12.30,11.58,11.92,4630960,88681160.00
2022/05/18,11.85,12.04,11.74,11.91,4295437,82664232.00
2022/05/19,11.63,11.93,11.53,11.83,3073538,58617104.00
2022/05/20,11.90,12.07,11.76,11.94,3962000,76414752.00
2022/05/23,12.00,12.22,11.94,12.06,3627500,70798160.00
2022/05/24,12.03,12.04,11.25,11.26,4238000,79874440.00
2022/05/25,11.38,11.62,11.26,11.60,2391443,44652848.00
2022/05/26,11.60,11.62,11.22,11.52,2280760,42315592.00
2022/05/27,11.52,11.78,11.48,11.68,2522943,47719496.00
2022/05/30,11.78,11.94,11.44,11.60,1805043,33842680.00
2022/05/31,11.60,11.96,11.20,11.96,3243020,61356584.00
2022/06/01,11.93,12.43,11.65,12.19,4928958,95968960.00
2022/06/02,12.06,12.24,11.81,12.16,3205540,62319792.00
2022/06/06,12.23,12.34,12.10,12.28,4106100,81187080.00
2022/06/07,12.25,12.27,11.92,12.10,3034337,59275340.00
2022/06/08,12.36,12.36,11.74,12.01,3676932,71589368.00
2022/06/09,12.01,12.52,12.01,12.19,5510238,109175840.00
2022/06/10,12.05,12.24,11.93,12.16,3164374,61997744.00
2022/06/13,12.10,12.11,11.76,11.89,3021009,58273476.00
2022/06/14,11.86,12.37,11.60,12.37,4926135,96183384.00
2022/06/15,12.29,12.32,11.96,11.96,4027652,79135136.00
2022/06/16,11.92,11.92,11.58,11.68,4695552,58570996.00
2022/06/17,11.50,11.68,11.27,11.57,3495101,42829308.00
2022/06/20,11.60,12.50,11.57,12.48,10077050,130318640.00
2022/06/21,12.42,12.61,12.07,12.36,7374011,96256080.00
2022/06/22,12.34,12.40,11.98,12.11,4810535,61878340.00
2022/06/23,12.05,12.30,12.00,12.14,4888565,63058480.00
2022/06/24,12.18,12.84,12.05,12.81,10935636,145471280.00
2022/06/27,12.96,14.11,12.83,13.33,15981788,227624464.00
2022/06/28,13.41,13.69,13.05,13.45,8343632,117651672.00
2022/06/29,13.45,13.47,12.68,12.72,8342730,114821616.00
2022/06/30,12.77,12.91,12.63,12.65,4745970,63993316.00
2022/07/01,12.75,12.90,12.41,12.46,5230700,69905608.00
2022/07/04,12.46,12.54,12.29,12.50,4334390,57215144.00
2022/07/05,12.54,12.62,11.80,11.99,6247454,80556112.00
2022/07/06,11.94,12.04,11.73,11.83,3422240,43150076.00
2022/07/07,11.89,11.95,11.64,11.65,3417650,42743132.00
2022/07/08,11.66,12.05,11.63,11.76,3927402,49377380.00
2022/07/11,11.70,11.84,11.38,11.61,3133927,38646724.00
2022/07/12,11.69,11.69,11.29,11.38,3708650,44930848.00
2022/07/13,11.38,11.50,11.35,11.48,2612010,31816042.00
2022/07/14,11.44,11.73,11.40,11.68,2955710,36485576.00
2022/07/15,12.65,14.17,12.63,14.17,30490983,444581248.00
2022/07/18,14.00,15.00,13.72,14.18,33069691,496514112.00
2022/07/19,14.36,15.51,14.08,15.03,25341602,392309184.00
2022/07/20,14.85,15.26,14.48,14.72,15333860,237406208.00
2022/07/21,14.74,14.94,14.57,14.66,11038245,171077120.00
2022/07/22,14.76,15.10,14.56,14.74,11140924,173449472.00
2022/07/25,14.75,15.40,14.60,14.87,10501610,164725664.00
2022/07/26,14.80,15.45,14.80,15.12,8611792,136407744.00
2022/07/27,15.03,15.16,14.78,14.86,8730240,136946208.00
2022/07/28,14.91,15.21,14.77,14.85,7965943,124807696.00
2022/07/29,14.85,15.02,14.58,14.79,6585278,102473320.00
2022/08/01,14.39,14.90,14.35,14.79,6250020,96103280.00
2022/08/02,14.56,14.63,13.73,13.90,8880969,131671008.00
2022/08/03,14.01,14.53,13.76,13.82,6070640,90617656.00
2022/08/04,13.96,14.23,13.65,14.01,4343670,63842396.00
2022/08/05,14.01,14.48,13.96,14.43,6055790,91235224.00
2022/08/08,14.63,15.27,14.16,15.09,7499604,116596904.00
2022/08/09,15.26,16.45,15.03,15.81,11296297,188258144.00
2022/08/10,15.60,16.03,15.46,15.57,6607897,108325416.00
2022/08/11,15.68,15.94,15.60,15.75,5433215,89526552.00
2022/08/12,15.75,15.86,15.38,15.46,3962471,64673748.00
2022/08/15,15.35,15.52,15.03,15.14,5285961,84185760.00
2022/08/16,15.22,15.52,15.05,15.52,4516949,72616632.00
2022/08/17,15.57,15.64,15.02,15.09,4165400,66417348.00
2022/08/18,14.95,15.39,14.95,15.34,3479810,55564964.00
2022/08/19,15.35,16.12,15.15,15.21,5562310,90798704.00
2022/08/22,15.14,15.45,14.91,14.97,4095950,64956012.00
2022/08/23,15.01,15.95,15.01,15.75,6757690,111036288.00
2022/08/24,15.64,15.64,14.26,14.44,9038730,139793056.00
2022/08/25,14.46,14.73,14.17,14.45,4322990,65436564.00
2022/08/26,14.55,14.99,14.32,14.49,4049470,62487940.00
2022/08/29,14.30,14.69,14.09,14.64,3282400,50071296.00
2022/08/30,14.49,14.81,14.18,14.41,4928747,74831224.00
2022/08/31,14.42,14.63,13.55,13.70,5593550,81744064.00
2022/09/01,13.78,14.16,13.69,13.85,3951422,57968044.00
2022/09/02,13.91,14.43,13.83,14.33,3307680,49556904.00
2022/09/05,14.35,14.43,14.02,14.15,2704940,40359392.00
2022/09/06,14.31,14.35,13.97,14.32,2796500,41787104.00
2022/09/07,14.33,14.73,14.19,14.44,3376200,51506176.00
2022/09/08,14.55,14.55,13.93,13.97,2849830,42344428.00
2022/09/09,13.97,14.12,13.61,13.72,3484150,50416468.00
2022/09/13,13.70,14.11,13.67,13.95,3693222,54067708.00
2022/09/14,13.91,13.91,13.56,13.84,1714681,24817744.00
2022/09/15,13.84,13.93,13.16,13.35,3097302,44017552.00
2022/09/16,13.48,13.84,13.25,13.43,2888520,41457776.00
2022/09/19,13.46,13.63,12.95,13.04,2490882,34588116.00
2022/09/20,13.24,13.37,13.09,13.32,1769859,24807974.00
2022/09/21,13.15,13.70,12.91,13.59,2185212,30862724.00
2022/09/22,13.43,13.64,13.36,13.40,1611560,22952272.00
2022/09/23,13.43,13.44,12.66,12.83,2489050,34178000.00
2022/09/26,12.75,12.86,12.45,12.58,2054230,27503318.00
2022/09/27,12.80,13.11,12.67,13.10,1805860,24661196.00
2022/09/28,13.05,13.05,12.59,12.60,2014230,27340770.00
2022/09/29,12.95,12.95,12.58,12.74,2226558,30045230.00
2022/09/30,12.75,12.90,12.41,12.54,1641383,21887452.00
2022/10/10,12.59,12.82,12.15,12.25,3712320,48990736.00
2022/10/11,12.24,12.64,12.13,12.55,2490300,32833722.00
2022/10/12,12.55,13.15,12.40,13.15,3261134,44372940.00
2022/10/13,13.06,13.63,13.01,13.13,7778571,109100848.00
2022/10/14,13.19,13.53,13.15,13.32,4334070,61023472.00
2022/10/17,13.12,13.58,13.06,13.56,5135048,72660064.00
2022/10/18,13.60,13.77,13.38,13.49,4510310,64709780.00
2022/10/19,13.41,13.60,13.30,13.45,3099020,44055672.00
2022/10/20,13.46,13.88,13.18,13.72,5192191,74605088.00
2022/10/21,13.66,14.00,13.45,13.77,4469690,64707868.00
2022/10/24,13.91,13.91,13.26,13.35,4138356,59383376.00
2022/10/25,13.34,13.55,12.95,13.38,3934540,55174364.00
2022/10/26,13.38,13.90,13.29,13.81,4214120,61051796.00
2022/10/27,13.83,14.14,13.68,14.13,4787450,70644264.00
2022/10/28,12.35,12.69,11.56,11.73,19543691,248772480.00
2022/10/31,11.43,11.58,11.11,11.15,12099429,145649808.00
2022/11/01,11.16,11.54,11.14,11.49,10909806,131966056.00
2022/11/02,11.49,11.71,11.43,11.68,7094641,87755816.00
2022/11/03,11.57,11.64,11.35,11.57,5722183,70138784.00
2022/11/04,11.56,11.85,11.43,11.85,6602740,81984824.00
2022/11/07,11.82,11.93,11.71,11.93,5729122,72018712.00
2022/11/08,11.89,12.13,11.66,12.05,8378754,106313608.00
2022/11/09,12.00,12.01,11.82,11.87,5212145,65957428.00
2022/11/10,11.79,11.93,11.75,11.81,4116140,51795852.00
2022/11/11,12.05,12.15,11.90,11.91,6526554,83392040.00
2022/11/14,11.82,11.99,11.76,11.90,4651726,58798392.00
2022/11/15,11.87,12.10,11.85,12.08,4547280,57967272.00
2022/11/16,12.10,12.20,11.90,11.97,4672763,59770988.00
2022/11/17,11.98,12.06,11.84,12.04,3575710,45353644.00
2022/11/18,12.06,12.23,11.99,12.02,6125717,78913400.00
2022/11/21,11.99,12.16,11.71,12.13,5188073,65603836.00
2022/11/22,12.06,12.25,11.95,12.00,4725258,60849180.00
2022/11/23,12.06,12.06,11.63,11.86,3744600,46973912.00
2022/11/24,11.95,11.96,11.77,11.84,2122630,26718390.00
2022/11/25,11.89,11.89,11.54,11.56,2741600,34021648.00
2022/11/28,11.55,11.55,11.21,11.31,3881880,46832416.00
2022/11/29,11.31,11.64,11.27,11.62,3236480,39699484.00
2022/11/30,11.60,11.71,11.51,11.59,2073650,25628564.00
2022/12/01,11.73,13.61,11.67,13.40,18293811,245067232.00
2022/12/02,13.40,13.65,13.09,13.44,13607911,191879520.00
2022/12/05,13.38,13.51,12.87,12.92,8171620,112492912.00
2022/12/06,13.00,13.23,12.76,12.91,5454670,74775520.00
2022/12/07,12.91,13.80,12.62,13.46,13032276,184249840.00
2022/12/08,13.26,13.97,13.02,13.62,9657975,137961952.00
2022/12/09,13.56,13.69,13.14,13.22,6471804,90828304.00
2022/12/12,13.24,14.13,13.24,13.82,9154204,132778568.00
2022/12/13,13.85,13.96,13.44,13.56,5329491,76527880.00
2022/12/14,13.55,13.62,13.22,13.28,4570119,64603864.00
2022/12/15,13.29,13.72,13.15,13.55,5067052,72070072.00
2022/12/16,13.31,13.44,12.95,12.99,4585590,63495224.00
2022/12/19,13.15,13.39,12.90,13.22,6060545,84286520.00
2022/12/20,13.22,13.27,12.70,12.75,4261670,58025832.00
2022/12/21,12.70,12.83,12.29,12.39,3750491,49802256.00
2022/12/22,12.45,12.65,12.05,12.10,3372104,44220644.00
2022/12/23,12.12,12.33,11.92,12.15,2608590,33545392.00
2022/12/26,12.15,12.50,11.97,12.40,2515100,32911892.00
2022/12/27,12.40,12.49,12.05,12.29,3148113,40767328.00
2022/12/28,12.27,12.29,11.68,11.86,5294099,66765800.00
2022/12/29,11.90,12.09,11.78,11.97,3013930,38273268.00
2022/12/30,12.07,12.59,11.87,12.59,7302919,95347600.00
2023/01/03,12.68,14.85,12.65,14.33,26826136,394363712.00
2023/01/04,14.85,15.17,14.43,14.81,25022775,389302336.00
2023/01/05,14.77,14.85,13.89,14.30,17034832,256888224.00
2023/01/06,14.32,14.84,14.18,14.57,18624665,284782176.00
2023/01/09,14.43,14.53,13.88,13.94,13665550,203596128.00
2023/01/10,13.85,13.95,13.49,13.60,9773100,140668176.00
2023/01/11,13.71,14.36,13.45,13.90,16519890,242585056.00
2023/01/12,13.85,14.11,13.40,13.50,8725000,125648792.00
2023/01/13,13.51,14.06,13.31,13.62,8444620,121977480.00
2023/01/16,13.61,13.79,13.47,13.61,6462550,92902768.00
2023/01/17,13.55,13.82,13.32,13.43,6605250,94180672.00
2023/01/18,13.47,13.75,13.33,13.65,7069880,101552904.00
2023/01/19,13.56,13.85,13.38,13.73,8384800,121077616.00
2023/01/20,13.89,14.03,13.68,13.78,8956763,130737576.00
2023/01/30,13.95,14.09,13.75,13.88,9006460,132037560.00
2023/01/31,13.92,13.98,13.72,13.83,6106960,89049272.00
2023/02/01,13.95,14.41,13.85,14.41,13480780,201909264.00
2023/02/02,14.28,14.35,14.05,14.20,10049501,150048032.00
2023/02/03,14.26,14.35,13.68,14.02,10496832,155187984.00
2023/02/06,14.01,14.13,13.78,13.85,6118700,89779872.00
2023/02/07,13.82,13.95,13.71,13.90,5426500,79204432.00
2023/02/08,13.90,13.91,13.59,13.67,6285880,90990008.00
2023/02/09,13.56,14.32,13.55,14.22,10298661,152656192.00
2023/02/10,14.30,14.41,13.97,14.13,6708040,100078040.00
2023/02/13,14.14,14.34,14.08,14.26,6015590,90097752.00
2023/02/14,14.26,14.54,14.15,14.22,7937352,119768160.00
2023/02/15,14.36,14.54,14.25,14.54,10362381,157036464.00
2023/02/16,14.63,14.73,13.88,14.02,15521052,234623136.00
2023/02/17,14.03,14.40,14.03,14.05,8533823,127484288.00
2023/02/20,14.03,14.27,13.71,14.24,8191485,120634016.00
2023/02/21,14.23,14.38,13.90,14.04,7081965,105469040.00
2023/02/22,14.08,14.37,14.01,14.32,8107000,121734264.00
2023/02/23,14.25,14.30,14.03,14.13,5544300,82615016.00
2023/02/24,14.20,14.45,14.15,14.31,6581593,99053320.00
2023/02/27,14.34,14.34,13.87,13.89,6003250,88853176.00
2023/02/28,13.90,14.21,13.84,14.03,5229341,77321040.00
2023/03/01,13.97,14.49,13.96,14.35,13344523,201441408.00
2023/03/02,14.37,14.58,14.25,14.47,10138582,153883360.00
2023/03/03,14.47,14.49,14.10,14.27,6520290,97813480.00
2023/03/06,14.32,14.40,14.11,14.15,5153215,77089528.00
2023/03/07,14.16,14.16,13.35,13.39,9945060,143789648.00
2023/03/08,13.34,13.80,13.28,13.78,5594647,80344072.00
2023/03/09,13.95,14.00,13.56,13.91,4266000,61897988.00
2023/03/10,13.80,13.87,13.53,13.57,4438450,64054672.00
2023/03/13,13.56,13.63,13.25,13.57,3983050,56427052.00
2023/03/14,13.55,13.56,12.75,12.89,9427400,129781448.00
2023/03/15,13.02,13.16,12.83,12.89,4988870,68462480.00
2023/03/16,12.88,12.95,12.66,12.76,3574550,48462892.00
2023/03/17,12.85,13.15,12.83,13.09,4919450,67765728.00
2023/03/20,13.05,13.16,12.81,12.96,3260079,44713056.00
2023/03/21,12.94,13.54,12.87,13.51,6704550,94372864.00
2023/03/22,13.54,13.79,13.43,13.75,5763367,82598776.00
2023/03/23,13.71,13.88,13.62,13.75,5180112,75153520.00
2023/03/24,13.75,13.92,13.72,13.86,4709910,68713360.00
2023/03/27,13.83,14.10,13.64,14.05,7468000,109531120.00
2023/03/28,13.99,14.02,13.67,13.75,4502800,65644728.00
2023/03/29,13.86,13.89,13.44,13.57,5802100,83464024.00
2023/03/30,13.60,13.66,13.23,13.33,4788350,67695912.00
2023/03/31,13.34,13.52,13.21,13.50,3679350,51955588.00
2023/04/03,13.47,13.81,13.24,13.75,6283500,89762704.00
2023/04/04,13.75,13.82,13.38,13.46,5382480,76990040.00
2023/04/06,13.37,13.43,13.11,13.18,5313780,74226232.00
2023/04/07,13.18,13.58,13.10,13.55,5392680,76227664.00
2023/04/10,13.54,13.71,12.99,13.01,6012030,84409256.00
2023/04/11,13.00,13.20,12.85,12.98,4385181,60239012.00
2023/04/12,12.98,13.39,12.96,13.39,4696597,65651252.00
2023/04/13,13.39,13.95,13.16,13.58,10001319,143807472.00
2023/04/14,13.56,13.76,13.42,13.56,5034082,72139944.00
2023/04/17,13.57,13.61,13.08,13.14,5704378,79670144.00
2023/04/18,13.13,13.22,12.90,13.14,5073162,70027944.00
2023/04/19,13.08,13.42,13.00,13.10,4267440,59396764.00
2023/04/20,13.07,13.16,12.92,13.02,3192142,43920436.00
2023/04/21,13.02,13.08,11.72,11.78,12708091,165364000.00
2023/04/24,11.79,11.93,11.61,11.71,5421045,67643792.00
2023/04/25,10.25,10.25,9.22,9.42,20988796,214745696.00
2023/04/26,9.34,9.78,9.34,9.59,9357742,96661504.00
2023/04/27,9.59,9.64,9.37,9.42,6252992,63958304.00
2023/04/28,9.49,9.97,9.43,9.87,7220030,75925848.00
2023/05/04,9.79,10.02,9.53,9.74,7095934,74369000.00
2023/05/05,9.95,9.96,9.65,9.77,4851500,50989652.00
2023/05/08,9.78,9.91,9.63,9.80,4136100,43585828.00
2023/05/09,9.74,9.82,9.57,9.59,4232170,44062744.00
2023/05/10,9.59,9.69,9.51,9.58,2995950,31022056.00
2023/05/11,9.64,9.83,9.57,9.75,2878045,30157054.00
2023/05/12,9.80,9.90,9.70,9.72,2848369,30011868.00
2023/05/15,9.86,9.88,9.58,9.77,2742509,28668666.00
2023/05/16,9.77,9.80,9.60,9.63,3006413,31255766.00
2023/05/17,9.63,9.83,9.59,9.82,3194840,33543746.00
2023/05/18,9.83,10.02,9.77,9.99,4122070,43985800.00
2023/05/19,9.99,10.20,9.87,10.10,3829403,41359120.00
2023/05/22,10.09,10.36,10.08,10.34,4178820,46049640.00
2023/05/23,10.32,10.52,10.20,10.28,3205150,35562136.00
2023/05/24,10.25,10.48,10.21,10.36,3032300,33764508.00
2023/05/25,10.41,10.47,10.04,10.21,5055070,55338364.00
2023/05/26,10.28,10.32,10.07,10.28,3312320,36356588.00
2023/05/29,10.34,10.47,10.14,10.17,3577663,39379472.00
2023/05/30,10.25,10.33,10.13,10.32,3137200,33504270.00
2023/05/31,10.32,10.39,10.22,10.30,3294360,35403140.00
2023/06/01,10.35,10.39,10.11,10.34,3347410,35972232.00
2023/06/02,10.44,10.44,10.30,10.36,2504971,27062318.00
2023/06/05,10.38,10.71,10.37,10.55,4711090,51967140.00
2023/06/06,10.55,10.58,10.18,10.20,3677644,39706632.00
2023/06/07,10.30,10.43,10.07,10.35,2914183,31424596.00
2023/06/08,10.41,10.41,10.10,10.18,2956863,31539194.00
2023/06/09,10.25,10.31,10.12,10.18,2094801,22303380.00
2023/06/12,10.15,10.41,10.13,10.37,3086140,33233534.00
2023/06/13,10.37,10.54,10.30,10.49,2265190,24724038.00
2023/06/14,10.50,10.55,10.36,10.39,2024550,21990996.00
2023/06/15,10.39,10.46,10.32,10.34,2314190,25056114.00
2023/06/16,10.35,10.59,10.28,10.47,2782340,30428152.00
2023/06/19,10.50,10.58,10.36,10.39,2175760,23672654.00
2023/06/20,10.38,10.41,10.10,10.32,2963800,31666236.00
2023/06/21,10.29,10.32,9.78,10.04,3359950,35456004.00
2023/06/26,9.94,10.08,9.78,9.79,3813220,39384912.00
2023/06/27,9.80,10.43,9.74,10.37,3803940,40134104.00
2023/06/28,10.32,10.33,9.72,10.12,7991900,83250296.00
2023/06/29,10.00,10.27,9.94,10.17,6892115,72894936.00
2023/06/30,10.21,10.46,10.12,10.44,5854293,63297936.00
2023/07/03,10.46,10.52,10.33,10.42,3188700,34679080.00
2023/07/04,10.44,10.59,10.36,10.54,2943222,32284728.00
2023/07/05,10.58,10.85,10.49,10.66,5861601,65152932.00
2023/07/06,10.60,10.89,10.46,10.60,4282400,47693336.00
2023/07/07,10.65,10.65,10.36,10.44,3733500,40740008.00
2023/07/10,10.49,10.52,10.32,10.35,2667690,28875168.00
2023/07/11,10.41,10.73,10.32,10.73,4065880,44467116.00
2023/07/12,10.70,10.90,10.58,10.90,9936570,111536152.00
2023/07/13,10.89,11.20,10.80,11.04,14710780,168728352.00
2023/07/14,10.93,11.24,10.84,10.91,10312712,117788488.00
2023/07/17,10.80,11.34,10.78,11.26,10563320,121563008.00
2023/07/18,11.38,11.43,11.02,11.14,6703952,77686776.00
2023/07/19,11.03,11.45,10.95,11.34,8055040,93972928.00
2023/07/20,11.29,11.47,11.15,11.15,4481969,52539368.00
2023/07/21,11.15,11.25,10.88,11.01,5500825,63282596.00
2023/07/24,11.05,11.05,10.80,10.87,3979592,45174696.00
2023/07/25,10.93,11.02,10.89,11.00,2474825,28244248.00
2023/07/26,11.00,11.00,10.75,10.76,2820150,31810996.00
2023/07/27,10.85,10.98,10.70,10.77,4611050,52181156.00
2023/07/28,10.72,11.30,10.55,11.24,7375600,83981384.00
2023/07/31,11.18,11.44,11.07,11.20,4883350,57164632.00
2023/08/01,11.19,11.27,11.02,11.08,3314780,38257368.00
2023/08/02,11.13,11.28,11.03,11.22,4556230,52958700.00
2023/08/03,11.18,11.31,10.91,11.17,4927620,57104688.00
2023/08/04,11.20,11.27,11.09,11.23,3393500,39447352.00
2023/08/07,11.24,11.25,11.07,11.21,2519814,29262558.00
2023/08/08,11.19,11.20,11.01,11.08,1951810,22493142.00
2023/08/09,11.07,11.65,10.97,11.53,15427123,182271472.00
2023/08/10,11.50,12.54,11.50,11.83,21967384,271018656.00
2023/08/11,11.60,12.22,11.21,11.71,16563064,203342176.00
2023/08/14,11.55,13.53,11.45,12.94,39620632,521845248.00
2023/08/15,12.57,13.16,11.90,12.25,35643135,458236736.00
2023/08/16,12.13,12.18,11.34,11.45,23215757,280610048.00
2023/08/17,11.46,11.74,11.10,11.68,17082090,203101552.00
2023/08/18,11.58,11.69,11.29,11.37,12275182,146261920.00
2023/08/21,11.30,11.50,11.01,11.45,10374700,120977064.00
2023/08/22,11.52,11.75,11.37,11.60,8499373,102113984.00
2023/08/23,11.55,11.65,11.17,11.44,7163814,84719016.00
2023/08/24,11.51,11.51,11.20,11.35,6518892,76677776.00
2023/08/25,11.32,11.44,10.30,10.50,8890620,101051512.00
2023/08/28,10.93,11.05,10.47,10.55,8205487,92297696.00
2023/08/29,10.42,10.79,10.42,10.64,9104415,101056272.00
2023/08/30,10.45,10.85,10.41,10.75,8098508,90306984.00
2023/08/31,10.70,10.70,10.28,10.35,8617890,93536768.00
2023/09/01,10.33,10.85,10.21,10.83,9738997,107029032.00
2023/09/04,10.80,10.93,10.58,10.71,6686277,74676008.00
2023/09/05,10.66,10.82,10.60,10.66,5577050,62038032.00
2023/09/06,10.62,10.72,10.50,10.71,4230152,46868036.00
2023/09/07,10.66,10.79,10.47,10.53,4686730,51756640.00
2023/09/08,10.49,10.64,10.39,10.55,3133198,34378884.00
2023/09/11,10.55,10.68,10.45,10.61,3120043,34449168.00
2023/09/12,10.58,10.69,10.53,10.65,2441270,27017638.00
2023/09/13,10.64,11.15,10.45,11.15,14141203,159714048.00
2023/09/14,11.15,11.20,10.73,10.78,8555220,97341472.00
2023/09/15,10.76,11.11,10.50,11.03,11257832,127969328.00
2023/09/18,10.98,11.15,10.87,10.93,8062515,92224640.00
2023/09/19,10.88,10.99,10.69,10.73,4956950,55986364.00
2023/09/20,10.77,10.83,10.52,10.78,4260300,47428772.00
2023/09/21,10.78,11.11,10.66,11.00,6983593,79988848.00
2023/09/22,10.93,11.00,10.85,10.88,6267913,71188696.00
2023/09/25,10.88,10.88,10.63,10.70,5652450,63187804.00
2023/09/26,10.71,10.95,10.56,10.77,6355140,71252328.00
2023/09/27,10.81,11.03,10.60,10.65,5624400,63281360.00
2023/09/28,10.65,10.70,10.59,10.62,3447450,38215228.00
2023/10/09,10.65,10.65,10.18,10.26,5974922,65053748.00
2023/10/10,10.27,10.56,10.27,10.40,5915600,64460060.00
2023/10/11,10.46,10.46,10.15,10.19,6416700,68630904.00
2023/10/12,10.24,10.26,10.07,10.12,3952944,41853396.00
2023/10/13,10.12,10.18,9.96,9.98,3374450,35428764.00
2023/10/16,9.96,10.03,9.82,9.98,2367130,24627176.00
2023/10/17,9.93,10.01,9.84,9.86,2064820,21355006.00
2023/10/18,9.89,9.89,9.65,9.69,2852646,29047342.00
2023/10/19,9.69,9.82,9.58,9.62,2427550,24625874.00
2023/10/20,9.60,9.69,9.51,9.55,2690750,26971444.00
2023/10/23,9.54,9.55,9.18,9.25,3041676,29768432.00
2023/10/24,9.30,9.45,9.17,9.41,3637400,35669116.00
2023/10/25,9.53,9.63,9.45,9.48,3447550,34427908.00
2023/10/26,9.54,9.54,9.34,9.54,3528026,34929772.00
2023/10/27,9.54,9.82,9.45,9.80,5251036,53023236.00
2023/10/30,9.77,9.99,9.67,9.98,3327730,34478044.00
2023/10/31,10.00,10.06,9.91,10.06,3585750,37528824.00
2023/11/01,10.06,10.20,9.99,10.12,3078146,32572332.00
2023/11/02,10.13,10.19,10.01,10.06,2774685,29248280.00
2023/11/03,10.14,10.26,10.07,10.17,2407250,25632760.00
2023/11/06,10.20,10.40,10.17,10.38,3023030,32566622.00
2023/11/07,10.38,10.43,10.23,10.37,3346000,36116540.00
2023/11/08,10.36,10.53,10.35,10.42,3189240,34689428.00
2023/11/09,10.42,10.56,10.35,10.39,2407630,26198472.00
2023/11/10,10.35,10.39,10.17,10.35,2486700,26827302.00
2023/11/13,10.36,10.59,10.34,10.55,3509850,38502924.00
2023/11/14,10.58,10.75,10.53,10.74,3024450,33716872.00
2023/11/15,10.81,10.82,10.63,10.67,2583170,28806944.00
2023/11/16,10.73,10.74,10.58,10.58,2065050,22897524.00
2023/11/17,10.58,10.73,10.57,10.71,2385020,26502624.00
2023/11/20,10.72,10.80,10.64,10.75,2269940,25363232.00
2023/11/21,10.81,10.82,10.69,10.69,2514600,28203110.00
2023/11/22,10.66,10.80,10.58,10.58,2224817,24791418.00
2023/11/23,10.58,10.71,10.52,10.68,2553158,28325662.00
2023/11/24,10.66,10.68,10.40,10.49,3256950,35733816.00
2023/11/27,10.52,10.73,10.45,10.48,3365337,36969748.00
2023/11/28,10.46,10.77,10.44,10.69,3757947,41696036.00
2023/11/29,10.69,10.78,10.59,10.69,2779690,30857558.00
2023/11/30,10.56,10.69,10.34,10.51,3504450,38297672.00
2023/12/01,10.53,10.62,10.44,10.58,2673550,29384826.00
2023/12/04,10.64,10.72,10.55,10.67,2705450,30097924.00
2023/12/05,10.67,10.67,10.39,10.39,2332750,25526856.00
2023/12/06,10.49,10.52,10.34,10.43,2248700,24479922.00
2023/12/07,10.40,10.57,10.40,10.52,2340800,25612878.00
2023/12/08,10.49,10.61,10.25,10.27,2897600,31393492.00
2023/12/11,10.43,10.49,10.16,10.46,3401770,36720484.00
2023/12/12,10.46,10.51,10.34,10.48,2178520,23687250.00
2023/12/13,10.48,10.62,10.42,10.44,2684550,29453024.00
2023/12/14,10.46,10.72,10.46,10.50,3308380,36615164.00
2023/12/15,10.51,10.56,10.35,10.39,2736640,29721450.00
2023/12/18,10.39,10.39,10.13,10.19,3117650,33333468.00
2023/12/19,10.15,10.34,10.14,10.29,2411690,25788922.00
2023/12/20,10.30,10.44,10.22,10.22,2696307,29060014.00
2023/12/21,10.32,10.34,10.01,10.20,3091350,32856060.00
2023/12/22,10.28,10.28,9.95,9.96,3289870,34569876.00
2023/12/25,10.02,10.12,9.80,9.86,3308150,34184556.00
2023/12/26,9.87,9.93,9.69,9.71,2312690,23588864.00
2023/12/27,9.87,9.88,9.71,9.87,2205650,22637760.00
2023/12/28,9.88,10.28,9.74,10.23,2818780,29719404.00
2023/12/29,10.23,10.51,10.15,10.42,3248100,35271372.00
2024/01/02,10.45,10.59,10.35,10.51,3588450,39260716.00
2024/01/03,10.47,10.60,10.44,10.54,3107600,34107268.00
2024/01/04,10.63,10.63,10.45,10.55,2343490,25721598.00
2024/01/05,10.57,10.61,10.31,10.39,1791101,19538666.00
2024/01/08,10.40,10.41,10.15,10.17,2279501,24419150.00
2024/01/09,10.33,10.38,10.17,10.24,3013200,32321956.00
2024/01/10,10.22,10.32,9.99,10.16,2669151,28379684.00
2024/01/11,10.09,10.35,10.09,10.23,2330390,24899064.00
2024/01/12,10.17,10.25,10.06,10.09,2248300,23838468.00
2024/01/15,10.07,10.17,10.01,10.06,2465390,25933608.00
2024/01/16,10.05,10.16,9.94,10.07,2788367,29216212.00
2024/01/17,10.06,10.15,9.86,9.88,2482259,26038488.00
2024/01/18,9.86,9.98,9.44,9.71,4024880,40562496.00
2024/01/19,9.76,9.82,9.55,9.57,2453267,24778814.00
2024/01/22,9.61,9.62,8.62,8.76,5691818,54311152.00
2024/01/23,8.72,8.76,8.33,8.39,5890795,52318460.00
2024/01/24,8.42,8.55,8.08,8.48,3952345,34776572.00
2024/01/25,8.54,9.09,8.39,9.07,3872490,35762092.00
2024/01/26,9.14,9.33,9.00,9.06,3478998,33387086.00
2024/01/29,9.13,9.23,8.67,8.70,3761880,34968752.00
2024/01/30,8.72,8.72,8.18,8.21,3190540,28220330.00
2024/01/31,8.47,8.49,7.77,7.78,5698890,48469456.00
2024/02/01,7.78,7.93,7.51,7.81,7313809,60021692.00
2024/02/02,7.78,8.05,6.90,7.22,6436868,50678072.00
2024/02/05,7.03,7.19,6.08,6.20,9102961,62327136.00
2024/02/06,5.97,6.27,5.78,6.11,8753882,56775448.00
2024/02/07,6.10,6.18,5.55,5.68,8230941,51754076.00
2024/02/08,5.68,6.37,5.50,6.27,10060358,64681856.00
2024/02/19,6.44,6.77,6.37,6.64,7838913,55411056.00
2024/02/20,6.63,6.90,6.53,6.85,5114486,36846596.00
2024/02/21,6.76,7.30,6.71,7.00,5457939,41094916.00
2024/02/22,7.05,7.53,7.01,7.43,5370790,41736192.00
2024/02/23,7.48,7.95,7.45,7.90,6198140,50819552.00
2024/02/26,7.90,8.40,7.87,8.12,5780650,50004080.00
2024/02/27,8.15,8.60,7.97,8.56,5365081,47343452.00
2024/02/28,8.57,8.61,7.32,7.37,9748771,82292744.00
2024/02/29,7.32,7.70,7.20,7.66,8011891,63855772.00
2024/03/01,7.67,7.77,7.46,7.66,7249700,58401656.00
2024/03/04,7.76,7.76,7.44,7.69,5505820,44449288.00
2024/03/05,7.70,7.80,7.38,7.41,4534850,36226820.00
2024/03/06,7.40,7.81,7.31,7.70,6592780,52803276.00
2024/03/07,7.69,7.89,7.51,7.56,4598450,37420112.00
2024/03/08,7.64,7.76,7.55,7.74,3794890,30825056.00
2024/03/11,7.73,8.35,7.73,8.15,8269210,70209832.00
2024/03/12,8.17,8.24,7.91,8.09,4312225,36655376.00
2024/03/13,8.13,8.30,8.10,8.21,4282464,37117264.00
2024/03/14,8.22,8.55,8.17,8.48,6414370,56632208.00
2024/03/15,8.58,10.27,8.58,10.27,11471970,120966784.00
2024/03/18,10.73,12.05,10.17,10.58,39790212,445877376.00
2024/03/19,10.56,11.63,10.48,11.38,41322678,477898272.00
2024/03/20,11.33,11.74,10.76,10.95,36453699,424932736.00
2024/03/21,10.81,10.93,10.03,10.32,32275632,351531264.00
2024/03/22,10.07,10.07,9.35,9.47,27235134,274340576.00
2024/03/25,9.47,10.03,9.43,9.55,20667973,209534448.00
2024/03/26,9.35,9.45,9.01,9.19,14227147,137081280.00
2024/03/27,9.24,10.10,8.97,9.40,22373764,223836224.00
2024/03/28,9.98,10.71,9.67,10.45,33518509,354097792.00
2024/03/29,10.03,10.06,9.45,9.59,26345368,267795792.00
2024/04/01,9.55,9.62,9.28,9.56,17357788,171547472.00
2024/04/02,9.64,9.83,9.29,9.35,13800016,137375632.00
2024/04/03,9.32,9.38,8.76,8.83,12717459,119298936.00
2024/04/08,8.80,8.85,8.32,8.35,9491750,85104472.00
2024/04/09,8.57,9.17,8.51,9.02,16884528,158972272.00
2024/04/10,8.91,9.00,8.59,8.80,10046071,92588312.00
2024/04/11,8.75,8.85,8.62,8.66,6577670,60397112.00
2024/04/12,8.59,8.90,8.59,8.64,6190390,56855576.00
2024/04/15,8.56,8.63,7.71,7.90,10592700,89968664.00
2024/04/16,7.90,7.90,6.99,7.04,11094122,85070848.00
2024/04/17,7.16,8.03,7.16,8.02,11410954,93268272.00
2024/04/18,8.15,8.20,7.69,7.80,8396650,69809224.00
2024/04/19,7.76,7.83,7.55,7.71,6196330,50318336.00
2024/04/22,7.69,7.75,7.32,7.55,6028900,48203472.00
2024/04/23,7.55,7.87,7.53,7.78,5534303,45381112.00
2024/04/24,7.78,8.75,7.72,8.40,12478762,108410456.00
2024/04/25,8.41,9.87,8.41,9.13,22076043,207503232.00
2024/04/26,9.14,9.22,8.60,8.65,20812310,192956688.00
2024/04/29,8.59,9.10,8.56,9.04,17826100,167146576.00
2024/04/30,9.55,10.94,9.35,9.95,36587263,389464224.00
2024/05/06,9.85,10.35,9.45,10.18,30580947,317168576.00
2024/05/07,9.87,9.97,9.66,9.79,19817902,202626112.00
2024/05/08,9.65,9.91,9.48,9.56,13575080,137309664.00
2024/05/09,9.52,9.65,9.38,9.57,10172921,101706128.00
2024/05/10,9.49,9.53,9.22,9.23,11392460,111300688.00
2024/05/13,9.15,9.17,8.98,9.02,7699593,73256208.00
2024/05/14,9.01,9.23,9.00,9.12,5246173,50236792.00
2024/05/15,9.05,9.49,9.01,9.17,8383830,81374208.00
2024/05/16,9.21,9.42,9.12,9.17,7766868,75535968.00
2024/05/17,9.21,9.40,9.13,9.39,7932097,77584768.00
2024/05/20,9.36,9.52,9.25,9.42,9535370,93902584.00
2024/05/21,9.42,9.42,9.20,9.27,6173500,60031088.00
2024/05/22,9.33,9.37,9.18,9.32,4968140,48481900.00
2024/05/23,9.33,9.51,9.10,9.12,8448900,82393008.00
2024/05/24,8.91,9.00,8.70,8.76,9892247,91777744.00
2024/05/27,8.79,8.93,8.68,8.91,5576940,51626364.00
2024/05/28,8.85,8.95,8.66,8.74,4428107,40920996.00
2024/05/29,8.80,8.91,8.72,8.78,3123280,28920380.00
2024/05/30,8.73,8.86,8.65,8.71,3386130,31115796.00
2024/05/31,8.76,8.87,8.61,8.81,4221130,39060116.00
2024/06/03,9.05,9.21,8.67,8.74,8339500,78178064.00
2024/06/04,8.41,8.53,8.15,8.29,8987045,78419216.00
2024/06/05,8.37,8.37,8.04,8.06,4717200,40658348.00
2024/06/06,8.06,8.16,7.40,7.57,6752900,55048984.00
2024/06/07,7.68,7.91,7.68,7.85,5128190,42409620.00
2024/06/11,7.84,8.12,7.57,8.09,5299330,44390584.00
2024/06/12,8.09,8.30,8.06,8.26,3217400,27988588.00
2024/06/13,8.31,8.37,8.17,8.22,3515700,30287776.00
2024/06/14,8.26,8.36,8.08,8.30,3109650,26804820.00
2024/06/17,8.25,8.37,8.18,8.22,3702090,31934638.00
2024/06/18,8.32,8.51,8.12,8.50,5436820,47678084.00
2024/06/19,8.50,8.70,8.50,8.62,5371600,48247272.00
2024/06/20,8.62,8.78,8.42,8.43,6792250,60454212.00
2024/06/21,8.35,8.55,8.07,8.39,4889500,42501092.00
2024/06/24,8.31,8.46,7.93,7.98,4500590,37855912.00
2024/06/25,8.15,8.18,7.86,7.95,3448250,28859148.00
2024/06/26,7.90,8.37,7.82,8.37,4136100,35119024.00
2024/06/27,8.36,8.58,8.31,8.31,4724600,41433036.00
2024/06/28,8.29,8.58,8.29,8.44,4494000,39665904.00
2024/07/01,8.54,8.57,8.31,8.50,3751650,32865170.00
2024/07/02,8.46,8.68,8.46,8.57,4009450,35906796.00
2024/07/03,8.63,8.63,8.39,8.40,3233650,28528182.00
2024/07/04,8.38,8.50,8.00,8.02,4529400,38670300.00
2024/07/05,8.03,8.13,7.79,8.06,4102489,34322592.00
2024/07/08,8.31,8.43,7.79,7.82,4079800,33735080.00
2024/07/09,7.86,8.10,7.66,8.09,4239340,35020668.00
2024/07/10,8.05,8.38,8.02,8.20,5993900,51373280.00
2024/07/11,8.33,8.73,8.27,8.68,6471471,57337588.00
2024/07/12,8.70,9.01,8.53,8.81,12946010,118102656.00
2024/07/15,8.64,8.79,8.46,8.60,9129909,81764248.00
2024/07/16,8.73,8.88,8.49,8.85,9833920,89246336.00
2024/07/17,9.15,9.33,8.72,8.81,20202290,188653168.00
2024/07/18,8.30,8.35,7.99,8.26,13865330,118474168.00
2024/07/19,8.21,8.37,8.08,8.19,7662340,65938404.00
2024/07/22,9.05,9.33,8.56,8.67,15209775,138971200.00
2024/07/23,8.92,10.47,8.79,10.47,43455863,453728736.00
2024/07/24,9.81,10.20,9.65,9.78,43368428,443558656.00
2024/07/25,9.70,10.41,9.33,10.02,38018963,385555776.00
2024/07/26,9.95,9.95,9.30,9.44,30460019,300465952.00
2024/07/29,9.28,9.63,9.26,9.45,20377190,199937184.00
2024/07/30,9.86,11.16,9.67,9.78,36452730,381284512.00
2024/07/31,9.12,10.01,9.12,9.95,32938559,325545536.00
2024/08/01,9.78,9.87,9.60,9.67,20982629,210981840.00
2024/08/02,9.51,9.54,9.18,9.21,16412719,159575200.00
2024/08/05,8.99,9.15,8.56,8.60,13950700,128509520.00
2024/08/06,8.70,8.75,8.55,8.73,8373249,75262984.00
2024/08/07,8.65,8.81,8.63,8.72,6246500,56733572.00
2024/08/08,8.66,8.67,8.40,8.50,7819909,69223528.00
2024/08/09,8.55,8.60,8.46,8.46,4906560,43563848.00
2024/08/12,8.46,8.46,8.24,8.30,5045910,43792176.00
2024/08/13,8.28,8.49,8.24,8.46,4376690,38275320.00
2024/08/14,8.47,8.64,8.45,8.51,4504750,40009720.00
2024/08/15,8.45,8.68,8.40,8.62,5046500,45047536.00
2024/08/16,8.61,8.81,8.60,8.73,7831100,70951056.00
2024/08/19,8.64,8.75,8.45,8.48,5830150,52076232.00
2024/08/20,8.45,8.53,8.26,8.33,4074900,35573000.00
2024/08/21,8.35,8.48,8.28,8.41,2954370,25873880.00
2024/08/22,8.40,8.44,8.13,8.14,3854100,33155434.00
2024/08/23,8.20,8.23,8.01,8.12,3785063,32081710.00
2024/08/26,8.19,8.29,8.06,8.21,3536500,30301428.00
2024/08/27,8.20,8.22,7.93,7.95,3826140,32084506.00
2024/08/28,7.89,8.06,7.85,7.99,3130900,26113932.00
2024/08/29,8.02,8.23,7.92,8.18,3865200,32693080.00
2024/08/30,8.20,8.58,8.16,8.45,6137050,54051000.00
2024/09/02,8.40,8.57,8.33,8.35,6397600,56382560.00
2024/09/03,8.36,8.46,8.29,8.41,3146080,27454950.00
2024/09/04,8.30,8.41,8.27,8.28,3209480,27882816.00
2024/09/05,8.30,8.50,8.30,8.44,3621900,31778258.00
2024/09/06,8.46,8.46,8.16,8.20,3767400,32581764.00
2024/09/09,8.15,8.23,8.03,8.14,2298221,19486336.00
2024/09/10,8.14,8.30,8.05,8.26,2703650,23044384.00
2024/09/11,8.23,8.26,8.13,8.15,2419700,20628988.00
2024/09/12,8.20,8.25,8.11,8.13,2385450,20385664.00
2024/09/13,8.13,8.17,7.93,7.94,2905740,24374252.00
2024/09/18,7.93,7.97,7.66,7.82,3652310,29688222.00
2024/09/19,7.89,8.14,7.83,8.09,4297000,35944580.00
2024/09/20,8.22,8.32,8.05,8.11,4439400,37786964.00
2024/09/23,8.04,8.22,8.04,8.19,3670643,31273234.00
2024/09/24,8.22,8.47,8.14,8.44,5502750,47746272.00
2024/09/25,8.54,8.64,8.42,8.52,6348039,56520440.00
2024/09/26,8.48,8.71,8.45,8.69,6513690,58200156.00
2024/09/27,8.80,9.27,8.73,9.15,10777791,100695208.00
2024/09/30,9.55,10.61,9.26,10.37,23007030,236635088.00
2024/10/08,12.15,12.15,10.55,11.57,25439024,298690592.00
2024/10/09,11.00,11.08,9.80,9.83,17744241,192061808.00
2024/10/10,10.08,10.55,9.93,10.15,14660941,155684832.00
2024/10/11,10.10,10.24,9.49,9.58,10584510,107260848.00
2024/10/14,9.64,10.08,9.61,10.07,9162010,93606056.00
2024/10/15,9.97,10.25,9.89,9.92,8274600,86372216.00
2024/10/16,9.80,10.01,9.76,9.89,6107600,62577760.00
2024/10/17,9.90,10.18,9.90,9.95,6590500,68593744.00
2024/10/18,9.86,10.49,9.86,10.27,9582370,100754512.00
2024/10/21,10.33,10.69,10.33,10.51,10579020,115091624.00
2024/10/22,10.51,10.61,10.29,10.51,8151200,88300448.00
2024/10/23,10.50,12.25,10.39,11.22,30225081,353047584.00
2024/10/24,10.88,10.90,10.35,10.45,22449400,243977280.00
2024/10/25,10.55,10.93,10.50,10.80,16687250,185071056.00
2024/10/28,10.90,11.13,10.71,11.10,13064910,147643584.00
2024/10/29,11.07,11.28,10.80,10.94,12281041,139099840.00
2024/10/30,11.05,11.34,10.90,11.06,13997391,160330752.00
2024/10/31,11.10,11.36,10.99,11.19,11799721,136122432.00
2024/11/01,11.12,11.18,10.46,10.47,12218599,134866128.00
2024/11/04,10.37,10.69,10.35,10.65,6456690,70579112.00
2024/11/05,10.71,10.95,10.63,10.90,9376340,104959456.00
2024/11/06,10.93,11.32,10.90,11.00,12165710,139368864.00
2024/11/07,10.90,11.17,10.72,11.17,10704800,122072640.00
2024/11/08,11.33,11.48,11.14,11.31,11447774,133325664.00
2024/11/11,11.32,11.64,11.25,11.59,12545030,147972912.00
2024/11/12,11.57,11.77,11.25,11.46,12838320,152300464.00
2024/11/13,11.46,11.68,11.16,11.47,9595300,112875600.00
2024/11/14,11.44,11.54,11.06,11.11,7423210,86298080.00
2024/11/15,11.01,11.30,10.80,10.82,8540660,97807984.00
2024/11/18,10.94,11.09,10.24,10.31,8416870,90735824.00
2024/11/19,10.35,10.69,10.28,10.69,5726360,61950064.00
2024/11/20,10.64,11.02,10.60,10.98,6236267,70065376.00
2024/11/21,11.04,11.15,10.90,11.12,5645698,64360652.00
2024/11/22,11.10,11.53,10.63,10.69,9476710,108436640.00
2024/11/25,10.66,11.00,10.47,10.97,7385812,82195280.00
2024/11/26,10.89,11.08,10.80,10.86,5549720,62613096.00
2024/11/27,10.75,11.03,10.33,11.03,7378920,81059800.00
2024/11/28,11.65,12.09,11.35,11.41,22612870,270342464.00
2024/11/29,11.37,11.55,11.02,11.37,16574680,192367776.00
2024/12/02,11.48,11.74,11.48,11.60,13419252,160436208.00
2024/12/03,11.57,12.13,11.52,11.94,16656280,203112576.00
2024/12/04,11.77,12.07,11.52,11.62,10395700,124738936.00
2024/12/05,11.52,11.70,11.48,11.57,9360500,111731720.00
2024/12/06,11.65,11.90,11.54,11.81,10560940,127546912.00
2024/12/09,11.72,11.95,11.65,11.75,8834900,107229976.00
2024/12/10,12.05,12.53,11.85,12.04,16326910,203651296.00
2024/12/11,12.03,12.31,11.91,12.12,11532820,143216592.00
2024/12/12,12.14,12.23,11.91,12.04,8186829,101454984.00
2024/12/13,11.95,12.07,11.66,11.72,8527710,104076112.00
2024/12/16,11.67,11.84,11.57,11.68,6648890,79995848.00
2024/12/17,11.64,11.69,10.95,11.00,8149030,94196712.00
2024/12/18,10.96,11.23,10.57,11.06,6461620,72906736.00
2024/12/19,10.85,11.17,10.76,11.12,5506200,62350508.00
2024/12/20,11.12,11.43,11.05,11.30,4820030,55990032.00
2024/12/23,11.24,11.44,10.47,10.55,7039500,78699072.00
2024/12/24,10.59,10.76,10.33,10.59,5509930,60079544.00
2024/12/25,10.56,10.62,10.06,10.32,6079681,64535852.00
2024/12/26,10.32,10.61,10.23,10.54,4014090,43622184.00
2024/12/27,10.55,10.76,10.47,10.60,4667370,51349408.00
2024/12/30,10.57,10.64,10.18,10.54,4382340,47401224.00
2024/12/31,10.53,10.65,10.15,10.17,4672540,49960732.00
2025/01/02,10.17,10.30,9.71,9.83,5624840,58221272.00
2025/01/03,9.92,9.98,9.25,9.29,6519331,64645672.00
2025/01/06,9.09,9.35,8.83,9.25,5629650,53521212.00
2025/01/07,9.22,9.71,9.21,9.71,6145910,60311800.00
2025/01/08,9.58,9.79,9.25,9.56,6026060,59649888.00
2025/01/09,9.48,9.72,9.43,9.52,4316420,42912704.00
2025/01/10,9.56,9.63,9.10,9.13,5018140,48862208.00
2025/01/13,8.93,9.23,8.69,9.23,4417670,41355184.00
2025/01/14,9.24,9.76,9.24,9.74,4923600,48847852.00
2025/01/15,9.81,9.87,9.65,9.72,4203600,42439064.00
2025/01/16,9.88,9.97,9.70,9.81,4261100,43413656.00
2025/01/17,9.75,9.82,9.66,9.79,3594220,36308792.00
2025/01/20,9.82,10.11,9.79,10.04,4195300,43337024.00
2025/01/21,10.04,10.17,9.85,10.04,3938100,40744668.00
2025/01/22,9.93,10.03,9.84,9.93,3272380,33615896.00
2025/01/23,10.05,10.22,9.96,9.96,4005010,41871744.00
2025/01/24,10.05,10.23,9.83,10.20,6014729,62517556.00
2025/01/27,10.25,10.34,10.07,10.12,6346160,66992076.00
2025/02/05,10.25,10.37,10.18,10.30,4855000,51571112.00
2025/02/06,10.27,10.55,10.20,10.55,5629850,60625028.00
2025/02/07,10.60,10.74,10.48,10.62,6288161,69051336.00
2025/02/10,10.78,10.92,10.60,10.91,5947080,66368556.00
2025/02/11,11.02,11.02,10.80,10.88,4512489,50617688.00
2025/02/12,10.87,10.99,10.80,10.93,5139450,57824752.00
2025/02/13,10.95,10.98,10.63,10.70,5000450,55513444.00
2025/02/14,10.70,10.85,10.66,10.81,5182890,57667688.00
2025/02/17,10.86,11.07,10.78,10.94,6363900,71855280.00
2025/02/18,10.93,11.02,10.47,10.55,5068510,56142276.00
2025/02/19,10.55,10.86,10.50,10.82,4844680,53784928.00
2025/02/20,10.82,11.07,10.81,11.03,5267250,59537080.00
2025/02/21,10.97,11.15,10.95,11.08,6025520,68624592.00
2025/02/24,11.03,11.20,10.90,11.09,5212160,59471756.00
2025/02/25,11.02,11.20,10.90,11.12,5400200,61881856.00
2025/02/26,11.13,11.44,11.08,11.32,8439190,98033136.00
2025/02/27,11.33,11.33,10.95,11.19,6408860,73537992.00
2025/02/28,11.11,11.49,10.85,10.89,10674740,122710320.00
2025/03/03,10.90,11.10,10.73,10.82,7965733,89907776.00
2025/03/04,10.72,11.13,10.72,11.10,6536050,74424336.00
2025/03/05,11.06,11.15,10.86,11.12,4912820,55849860.00
2025/03/06,11.16,11.32,11.14,11.26,7153660,83001504.00
2025/03/07,11.26,11.51,11.12,11.25,8883500,103796992.00
2025/03/10,11.15,11.34,11.12,11.22,4898960,56692844.00
2025/03/11,11.11,11.24,11.04,11.21,3828564,43959408.00
2025/03/12,11.27,11.46,11.23,11.37,6457093,75702368.00
2025/03/13,11.32,11.38,10.94,11.24,5915680,68050064.00
2025/03/14,11.21,11.54,11.10,11.49,10316721,120959848.00
2025/03/17,11.45,11.63,11.36,11.50,6471920,76580640.00
2025/03/18,11.50,11.60,11.39,11.57,8624498,102232488.00
2025/03/19,11.53,11.57,11.39,11.48,5120800,60544864.00
2025/03/20,11.48,11.58,11.37,11.41,4617360,54592780.00
2025/03/21,11.36,11.44,11.17,11.22,5215522,60722148.00
2025/03/24,11.23,11.28,10.28,10.53,8291900,91655384.00
2025/03/25,10.44,10.60,10.28,10.51,5623500,60767208.00
2025/03/26,10.42,10.81,10.36,10.72,5445490,60248960.00
2025/03/27,10.71,10.77,10.38,10.63,3875300,42459504.00
2025/03/28,10.63,10.69,10.33,10.35,4387050,47411088.00
2025/03/31,10.34,10.35,10.01,10.25,5586970,58745244.00
2025/04/01,10.24,10.48,10.24,10.33,5451000,58470736.00
2025/04/02,10.32,10.49,10.21,10.33,4672800,50085120.00
2025/04/03,10.30,10.45,10.06,10.31,4605376,48944636.00
2025/04/07,9.55,9.65,8.18,8.18,10978300,99077992.00
2025/04/08,8.36,8.76,8.28,8.51,8389182,73854624.00
2025/04/09,8.35,8.97,7.71,8.87,9124908,80262872.00
2025/04/10,9.09,9.32,9.05,9.06,5633398,53659536.00
2025/04/11,8.98,9.27,8.94,9.09,4453100,42223148.00
2025/04/14,9.24,9.58,9.21,9.41,5652740,55362472.00
2025/04/15,9.52,9.68,9.28,9.58,7241600,71101752.00
2025/04/16,9.46,9.49,8.99,9.25,6283538,60361056.00
2025/04/17,9.18,9.45,9.10,9.27,4855650,47059224.00
2025/04/18,9.28,9.37,9.16,9.27,3799050,36506808.00
2025/04/21,9.34,9.52,9.16,9.49,4015400,39188236.00
2025/04/22,9.48,9.61,9.47,9.57,3961900,39189472.00
2025/04/23,9.73,10.22,9.73,9.84,6978600,71513352.00
2025/04/24,9.85,9.94,9.54,9.62,4771600,48047192.00
2025/04/25,9.65,9.73,9.56,9.60,3229900,32251436.00
2025/04/28,9.54,9.62,9.35,9.57,3876940,38194460.00
2025/04/29,9.56,9.76,9.43,9.59,3651600,36517080.00
2025/04/30,9.68,9.90,9.61,9.81,5597250,56773656.00
2025/05/06,9.80,10.08,9.75,10.06,8773860,90497288.00
2025/05/07,10.20,10.26,9.99,10.18,6888800,72258032.00
2025/05/08,10.18,10.49,10.09,10.38,5569420,59336492.00
2025/05/09,10.38,10.61,10.18,10.23,7188320,76643640.00
2025/05/12,10.30,10.31,10.15,10.25,5039440,53345876.00
2025/05/13,10.32,10.40,10.12,10.14,5266450,55787060.00
2025/05/14,10.20,10.30,10.09,10.25,4926550,51228488.00
2025/05/15,10.26,11.30,10.10,10.38,14080880,150855328.00
2025/05/16,10.51,10.85,10.16,10.74,16259050,175461136.00
2025/05/19,10.56,10.83,10.56,10.68,10702760,116444480.00
2025/05/20,10.73,11.05,10.56,10.85,15230750,167077504.00
2025/05/21,10.79,12.80,10.51,11.83,44431397,526903424.00
2025/05/22,11.54,11.71,11.06,11.13,29438237,340900416.00
2025/05/23,11.05,11.14,10.50,10.55,21019230,229533264.00
2025/05/26,10.48,12.70,10.43,12.70,46754877,567662720.00
2025/05/27,13.40,13.68,12.15,12.49,66530079,860959040.00
2025/05/28,13.22,14.46,12.65,13.37,62559136,843563456.00
2025/05/29,13.27,15.96,13.27,14.70,69865131,1020311296.00
2025/05/30,14.18,14.20,12.93,12.97,53751172,734292480.00
2025/06/03,12.81,13.50,12.56,13.38,42959684,571450176.00
2025/06/04,13.10,13.20,12.30,12.88,38751205,497977568.00
2025/06/05,12.60,12.62,12.18,12.29,26850848,336292000.00
2025/06/06,12.22,12.36,12.06,12.26,16503097,204826816.00
2025/06/09,12.30,12.65,12.20,12.59,22089921,279061120.00
2025/06/10,12.55,12.69,12.08,12.30,20580660,258590144.00
2025/06/11,12.35,12.66,12.21,12.51,18392555,233094240.00
2025/06/12,12.72,13.25,12.72,13.03,32391212,426683296.00
2025/06/13,12.71,12.76,12.10,12.19,23945945,299292160.00
2025/06/16,11.92,12.28,11.83,12.17,12182008,149914304.00
2025/06/17,12.23,12.25,11.86,12.07,13124653,160295984.00
2025/06/18,12.13,12.16,11.95,12.14,10113899,123723096.00
2025/06/19,12.15,12.22,11.60,11.64,12894910,155305936.00
2025/06/20,11.60,11.74,11.42,11.62,8270660,97687392.00
2025/06/23,11.51,12.05,11.42,12.04,9371056,113463608.00
2025/06/24,12.23,12.73,12.23,12.49,21185795,269377216.00
2025/06/25,12.41,12.58,12.23,12.41,14489320,181666320.00
2025/06/26,12.41,12.48,12.29,12.34,9892140,124472664.00
2025/06/27,12.35,12.45,12.31,12.35,8353688,105026024.00
2025/06/30,12.37,12.57,12.37,12.53,9688550,122903840.00
2025/07/01,12.54,12.55,12.28,12.46,8704190,109771936.00
2025/07/02,12.49,12.49,12.26,12.35,6879150,86369968.00
2025/07/03,12.30,12.55,12.28,12.54,9379320,118540704.00
2025/07/04,12.57,12.57,12.30,12.32,8001250,100718896.00
2025/07/07,12.06,12.35,11.98,12.35,8824830,109311400.00
2025/07/08,12.28,12.45,12.25,12.30,7233200,90650520.00
2025/07/09,12.30,12.42,12.23,12.25,7744622,96838304.00
2025/07/10,12.23,12.33,12.12,12.16,6016910,74606056.00
2025/07/11,12.16,12.21,12.02,12.15,6127350,75555424.00
2025/07/14,12.20,12.20,12.06,12.16,4726390,58312724.00
2025/07/15,12.10,12.18,11.82,11.99,6689010,81397576.00
2025/07/16,11.93,12.12,11.92,11.99,5092640,62234976.00
2025/07/17,11.98,12.18,11.92,12.16,5539405,68213088.00
2025/07/18,12.23,12.24,12.06,12.11,4265000,52549032.00
2025/07/21,12.05,12.27,12.02,12.27,6172015,76585592.00
2025/07/22,12.33,12.52,12.11,12.18,7709050,95957392.00
2025/07/23,12.09,12.34,11.90,12.07,6355850,78303704.00
2025/07/24,12.08,13.27,12.07,13.10,31819330,410946912.00
2025/07/25,13.02,13.05,12.64,12.85,25378710,329301984.00
2025/07/28,12.87,12.92,12.68,12.81,12515230,162559376.00
2025/07/29,12.80,12.84,12.45,12.71,13060350,167056544.00
2025/07/30,12.67,12.75,12.43,12.59,9351850,119488640.00
2025/07/31,12.54,12.65,12.33,12.37,8660950,109873216.00
2025/08/01,12.37,12.68,12.37,12.64,10336455,132009224.00
2025/08/04,12.54,12.80,12.45,12.79,9432395,121746688.00
2025/08/05,12.77,12.96,12.72,12.95,10914655,142691168.00
2025/08/06,12.90,13.05,12.83,12.99,9419706,123765264.00
2025/08/07,12.99,13.24,12.86,13.18,14519423,192352768.00
2025/08/08,13.12,13.12,12.87,12.95,10068750,132394168.00
2025/08/11,12.87,13.48,12.87,13.32,14626325,195652064.00
2025/08/12,13.30,13.39,13.12,13.18,9869100,132612928.00
2025/08/13,13.35,13.35,13.03,13.13,10027705,133697040.00
2025/08/14,13.20,13.23,12.75,12.76,10307000,135546928.00
2025/08/15,12.78,13.64,12.70,13.64,23055495,311525568.00
2025/08/18,13.64,13.83,13.43,13.66,21312270,294140608.00
2025/08/19,13.66,13.83,13.41,13.56,12994370,179088048.00
2025/08/20,13.57,13.66,13.37,13.58,9770046,133672600.00
2025/08/21,13.99,14.28,13.60,13.63,23662680,334280384.00
2025/08/22,13.52,13.75,13.40,13.50,12163622,167071232.00
2025/08/25,13.59,13.60,13.21,13.49,14469182,196962304.00
2025/08/26,13.47,13.54,13.32,13.34,8372942,114272064.00
2025/08/27,13.34,13.46,12.84,12.85,10009242,134340384.00
2025/08/28,13.08,13.60,12.81,13.52,17794090,239146000.00
2025/08/29,13.46,13.51,13.12,13.15,10594500,142647152.00
2025/09/01,13.19,13.34,13.12,13.14,7896650,105941584.00
2025/09/02,13.13,13.19,12.56,12.80,10035960,130213672.00
2025/09/03,12.81,12.86,12.41,12.43,6223050,79825808.00
2025/09/04,12.42,12.63,12.14,12.29,6483250,81791024.00
2025/09/05,12.34,12.67,12.22,12.62,5739430,72864064.00
2025/09/08,12.63,12.87,12.56,12.81,5954900,77209320.00
2025/09/09,12.81,12.82,12.50,12.59,4325750,55483448.00
2025/09/10,12.56,12.77,12.52,12.70,4007260,51611620.00
2025/09/11,12.79,12.94,12.59,12.93,5749645,74845768.00
2025/09/12,13.00,13.18,12.91,12.93,6505595,86142200.00
2025/09/15,12.90,12.92,12.68,12.75,4402030,56986916.00
2025/09/16,12.70,12.95,12.65,12.94,4137400,54036608.00
2025/09/17,12.94,13.02,12.85,12.88,4652972,61087328.00
2025/09/18,12.88,12.95,12.44,12.58,7598407,98294024.00
2025/09/19,12.58,12.70,12.39,12.43,4586050,58259296.00
2025/09/22,12.47,12.57,12.35,12.50,3864400,48916120.00
2025/09/23,12.49,12.49,11.86,12.16,6780950,83183048.00
2025/09/24,12.17,12.41,12.01,12.40,4618130,57767784.00
2025/09/25,12.39,12.51,12.18,12.22,4365660,54657332.00
2025/09/26,12.22,12.32,12.04,12.10,3919320,48582316.00
2025/09/29,12.18,12.29,11.88,12.21,4157600,51373512.00
2025/09/30,12.33,12.35,12.19,12.19,3388700,42262448.00
2025/10/09,12.27,12.41,12.16,12.31,4904256,61257388.00
2025/10/10,12.30,12.39,12.18,12.27,3784600,47197452.00
2025/10/13,11.90,12.23,11.46,12.20,5865550,71426672.00
2025/10/14,12.35,12.38,11.96,12.08,5573850,68762824.00
2025/10/15,12.15,12.42,11.97,12.37,7173720,89204424.00
2025/10/16,12.45,12.55,12.03,12.12,8452080,105368136.00
2025/10/17,12.06,12.15,11.72,11.73,5348300,64842084.00
2025/10/20,11.92,12.25,11.92,12.20,5962300,73484352.00
2025/10/21,12.18,12.49,12.18,12.46,5559070,70062784.00
2025/10/22,12.42,12.57,12.36,12.45,3299534,41865088.00
2025/10/23,12.46,12.56,12.29,12.54,4307861,54347064.00
2025/10/24,12.52,12.85,12.44,12.77,5579900,72272232.00
2025/10/27,13.19,13.24,12.72,12.85,6486740,84785840.00
2025/10/28,13.43,14.48,13.43,13.71,36227787,509566400.00
2025/10/29,13.73,14.29,13.66,14.03,29103750,413555072.00
2025/10/30,13.84,14.01,13.50,13.53,17069383,236897584.00
2025/10/31,13.55,13.79,13.43,13.65,12019210,166362416.00
2025/11/03,13.58,13.72,13.50,13.62,9286060,128365160.00
2025/11/04,13.64,13.68,13.43,13.55,7690351,105632496.00
2025/11/05,13.40,13.64,13.40,13.59,5747500,79144952.00
2025/11/06,13.59,13.64,13.43,13.57,5444240,74761672.00
2025/11/07,13.65,13.71,13.43,13.63,5918450,81663232.00
2025/11/10,13.58,13.60,13.47,13.55,5291400,72595752.00
2025/11/11,13.67,14.00,13.51,13.78,9948430,139089600.00
2025/11/12,13.73,14.08,13.62,13.87,11569430,163289072.00
2025/11/13,13.87,13.99,13.65,13.89,8286932,116534512.00
2025/11/14,13.87,14.08,13.76,13.83,8728000,123655856.00
2025/11/17,13.83,13.83,13.61,13.68,7985350,111001504.00
2025/11/18,13.65,13.72,13.54,13.70,5732850,79382648.00
2025/11/19,13.69,13.77,13.30,13.38,7027250,95871096.00
2025/11/20,13.40,13.53,13.25,13.33,5067400,68860096.00
2025/11/21,13.19,13.43,12.55,12.64,8352450,109155104.00
2025/11/24,12.77,12.87,12.60,12.80,5661900,73403576.00
2025/11/25,12.87,13.22,12.86,13.14,5764450,76728600.00
2025/11/26,13.21,13.47,13.02,13.05,5724990,76941104.00
2025/11/27,13.01,13.22,12.99,13.02,3996009,52977300.00
2025/11/28,13.08,13.42,12.93,13.30,6198940,83161400.00
2025/12/01,13.36,13.51,13.19,13.36,4553600,61885400.00
2025/12/02,13.36,13.44,13.20,13.23,3531059,47491844.00
2025/12/03,13.24,13.28,12.96,13.04,3610400,47928724.00
2025/12/04,13.04,13.15,12.82,12.91,3275400,43067568.00
2025/12/05,12.92,13.16,12.79,13.15,3296250,43561932.00
2025/12/08,13.18,13.41,13.16,13.32,4144600,55956232.00
2025/12/09,13.34,13.40,13.18,13.22,3524400,47521804.00
2025/12/10,13.22,13.73,12.93,13.66,17434150,237152240.00
2025/12/11,13.59,14.45,13.58,13.89,27910483,393811104.00
2025/12/12,13.74,13.98,13.46,13.75,20072070,280266272.00
2025/12/15,13.89,14.45,13.65,14.25,25536940,366754976.00
2025/12/16,14.89,17.14,14.86,16.52,70668806,1147221888.00
2025/12/17,15.90,16.50,15.28,15.38,59047100,939232256.00
2025/12/18,15.65,16.83,15.65,15.91,53716460,877277312.00
2025/12/19,16.40,18.35,16.20,17.00,57430449,1001297792.00
2025/12/22,16.50,16.68,15.41,15.63,51103770,814397760.00
2025/12/23,15.30,15.80,14.90,15.02,35557289,547502528.00
2025/12/24,14.84,15.63,14.75,15.37,31056883,480270176.00
2025/12/25,15.10,15.56,14.92,15.41,26078570,404784640.00
2025/12/26,15.31,15.52,15.08,15.23,19989640,308871424.00
2025/12/29,15.15,15.44,15.02,15.13,14981500,230387056.00
2025/12/30,15.10,15.15,14.83,14.88,14961620,226906368.00
2025/12/31,14.92,15.47,14.72,15.30,20860519,320477664.00
2026/01/05,15.38,15.48,15.00,15.19,17054590,262057232.00
2026/01/06,15.13,15.99,15.09,15.82,35347269,563221504.00
2026/01/07,15.75,15.82,15.38,15.80,25616119,403871456.00
2026/01/08,15.64,15.73,15.38,15.68,22225030,350063104.00
2026/01/09,15.67,16.46,15.46,16.45,34630669,562945408.00
2026/01/12,16.46,16.93,16.15,16.87,31494780,523132832.00
2026/01/13,16.87,16.87,15.65,15.74,24126260,392070624.00
2026/01/14,15.60,16.10,15.21,15.59,21652950,344309952.00
2026/01/15,15.54,15.63,15.21,15.45,13264930,206711808.00
2026/01/16,15.49,15.75,15.24,15.61,11904633,186572016.00
2026/01/19,15.59,15.65,15.44,15.56,8222200,129507936.00
2026/01/20,15.56,15.62,15.18,15.35,9362450,145714592.00
2026/01/21,15.25,15.44,15.20,15.38,6286301,97814072.00
2026/01/22,15.45,15.78,15.41,15.77,10323943,163615552.00
2026/01/23,15.70,15.77,15.56,15.68,10392083,164424064.00
2026/01/26,15.66,15.73,15.09,15.23,10922873,169959568.00
2026/01/27,15.23,15.30,14.62,15.20,9638200,146277168.00
2026/01/28,15.14,15.27,14.88,14.95,6668790,101468648.00
2026/01/29,14.84,15.12,14.61,14.69,7642520,114961976.00
2026/01/30,14.64,14.88,14.52,14.81,7106330,106099640.00
2026/02/02,14.88,15.04,14.65,14.66,8174320,123034488.00
2026/02/03,14.79,15.06,14.77,15.01,6468869,97918184.00
2026/02/04,14.96,15.13,14.75,14.92,5231180,79072576.00
2026/02/05,14.90,15.12,14.83,14.91,5344670,81071544.00
2026/02/06,14.85,15.00,14.73,14.82,5098650,77014624.00
2026/02/09,15.03,15.08,14.94,15.07,5345200,81448272.00
2026/02/10,15.06,15.14,14.99,15.00,4934900,75327712.00
2026/02/11,15.00,15.09,14.88,14.90,5222940,79285304.00
2026/02/12,14.98,15.04,14.76,14.93,5141740,77866888.00
2026/02/13,14.92,15.13,14.91,15.01,5557000,84722864.00
2026/02/24,15.12,15.38,15.11,15.32,7323600,113262040.00
2026/02/25,15.28,15.34,15.17,15.24,5498000,84989032.00
2026/02/26,15.30,15.59,15.21,15.59,9468780,148297872.00
2026/02/27,15.53,15.53,15.38,15.50,6515730,101890504.00
2026/03/02,15.20,15.25,14.60,14.73,10308190,155184240.00
2026/03/03,14.78,14.88,14.06,14.07,8233619,120685496.00
2026/03/04,13.82,14.19,13.78,14.09,5530851,78883728.00
2026/03/05,14.38,14.55,14.21,14.38,5086050,74386960.00
2026/03/06,14.32,14.70,14.25,14.68,4436480,65576276.00
2026/03/09,14.48,14.76,14.33,14.70,5249380,77397168.00
2026/03/10,14.83,15.00,14.78,14.97,3902719,58947948.00
2026/03/11,15.00,15.10,14.88,14.92,3840808,58273432.00
2026/03/12,14.90,14.95,14.66,14.69,3653180,54786720.00
2026/03/13,14.68,14.73,14.33,14.40,3646480,53729996.00
2026/03/16,14.46,14.63,14.33,14.60,2987820,43816296.00
2026/03/17,14.61,14.65,14.08,14.14,3432630,49950500.00
2026/03/18,14.21,14.46,14.13,14.42,3452440,50057820.00
2026/03/19,14.25,14.38,14.02,14.07,2902450,41735228.00
2026/03/20,14.08,14.22,13.48,13.49,4830760,67446328.00
2026/03/23,13.25,13.47,12.50,12.66,6537300,86167464.00
2026/03/24,12.93,13.29,12.65,13.28,7258050,95703296.00
2026/03/25,13.30,13.49,13.29,13.40,3760100,51099012.00
2026/03/26,13.37,13.55,13.14,13.26,3793350,51340716.00
2026/03/27,13.07,13.35,13.02,13.30,3316100,44664668.00
2026/03/30,13.20,13.51,13.14,13.50,3794150,51448572.00
2026/03/31,13.50,13.85,13.37,13.39,3561040,49320820.00
2026/04/01,13.75,13.75,13.42,13.65,3930200,54136180.00
2026/04/02,13.61,13.70,13.33,13.40,3647600,49835996.00
2026/04/03,13.60,13.62,13.02,13.09,2856620,38259944.00
2026/04/07,13.09,13.47,13.09,13.36,3477190,47052252.00
2026/04/08,13.63,13.92,13.51,13.90,3924458,54983584.00
2026/04/09,13.82,13.88,13.46,13.56,4730227,65454400.00
2026/04/10,13.63,13.76,13.52,13.65,5320090,73733704.00
2026/04/13,13.52,13.70,13.43,13.53,5148400,70777800.00
2026/04/14,13.63,13.69,13.46,13.62,4013140,55196020.00
2026/04/15,13.65,13.69,13.54,13.67,4481750,61944592.00
2026/04/16,13.68,13.90,13.56,13.84,5192220,72377216.00
2026/04/17,13.80,13.80,13.62,13.79,4341700,60309624.00
2026/04/20,13.78,13.96,13.66,13.95,5645980,79377496.00
2026/04/21,13.88,14.00,13.68,13.77,3705617,51708952.00
2026/04/22,13.68,14.14,13.60,13.96,5339000,75368448.00
2026/04/23,13.92,13.95,13.64,13.77,3922450,54721580.00
2026/04/24,13.74,13.84,13.42,13.70,3829300,52858352.00
2026/04/27,13.72,13.90,13.39,13.87,5191600,72207528.00
2026/04/28,13.78,13.84,13.32,13.37,5317625,73010408.00
2026/04/29,13.62,13.90,13.58,13.83,6626200,92929280.00
2026/04/30,13.77,13.88,13.61,13.80,5788850,80808992.00
2026/05/06,13.83,14.17,13.80,14.10,10417899,148163072.00
2026/05/07,14.17,14.18,14.00,14.15,11408000,163049040.00
2026/05/08,14.12,14.18,14.01,14.10,6751650,96396472.00
2026/05/11,14.25,14.25,14.05,14.13,7870430,112715624.00
2026/05/12,14.10,14.10,13.88,14.02,6941860,98643648.00
2026/05/13,14.04,14.30,13.87,14.30,10226000,147093856.00
2026/05/14,14.24,14.33,13.61,13.68,9063320,127284848.00
2026/05/15,13.73,13.80,13.52,13.65,5709895,79118432.00
2026/05/18,13.50,13.64,13.26,13.45,5487010,74516184.00
2026/05/19,13.49,13.74,13.40,13.73,4811916,65595084.00
2026/05/20,13.73,13.73,13.30,13.46,4722500,63455216.00
2026/05/21,13.49,13.66,12.92,12.96,5291970,70695424.00
2026/05/22,13.01,13.30,12.81,13.20,3852032,50483024.00
2026/05/25,13.20,13.47,12.72,12.89,4499080,58298508.00
2026/05/26,12.77,12.87,12.26,12.51,5910140,73555136.00
2026/05/27,12.42,12.49,11.87,11.97,6948150,83742328.00
2026/05/28,11.96,12.28,11.86,12.11,4045960,48782004.00
2026/05/29,12.13,12.20,11.58,11.65,4804500,56715596.00
2026/06/01,11.61,12.16,11.55,12.02,5021781,60133432.00
2026/06/02,11.99,12.09,11.65,11.85,3426210,40531184.00
2026/06/03,11.85,12.00,11.70,11.78,3210610,38004064.00
2026/06/04,11.75,11.80,11.48,11.68,4151620,48181064.00
2026/06/05,11.69,11.97,11.35,11.87,5243440,61404952.00
2026/06/08,11.57,11.87,11.25,11.39,4743340,54690596.00
2026/06/09,11.51,11.86,11.27,11.58,4262440,49376056.00
2026/06/10,11.50,11.60,11.09,11.25,3929640,44271980.00
2026/06/11,11.20,11.26,10.82,10.98,4204780,46030080.00
2026/06/12,11.08,11.23,10.93,11.15,3875300,43130868.00
2026/06/15,11.20,11.46,11.20,11.46,4618240,52468516.00
2026/06/16,11.31,12.13,11.29,11.93,8264287,97471752.00
2026/06/17,11.77,11.87,11.36,11.54,6698599,77247648.00
2026/06/18,11.48,11.55,11.25,11.36,3172140,36142232.00
2026/06/22,11.25,11.51,10.90,11.30,4615250,51357424.00
2026/06/23,11.20,11.61,11.17,11.33,4625800,52833564.00
2026/06/24,11.30,11.39,10.85,11.04,4179850,46120576.00
2026/06/25,11.01,11.10,10.60,10.65,4359290,46837028.00
2026/06/26,10.50,10.59,10.26,10.30,4534600,47098568.00
2026/06/29,10.40,10.40,9.92,10.22,4623130,46955544.00
2026/06/30,10.20,10.47,10.08,10.32,3542241,36485080.00
2026/07/01,10.27,10.95,10.21,10.73,6287240,66891520.00
2026/07/02,10.67,11.10,10.61,10.82,5158700,56278420.00
2026/07/03,10.84,11.19,10.79,11.09,4949611,54593776.00
2026/07/06,11.08,11.22,10.79,10.85,4181762,45798296.00
2026/07/07,10.85,10.88,10.49,10.55,3072491,32627732.00
2026/07/08,10.57,10.58,10.30,10.44,2965150,30923114.00
2026/07/09,10.41,10.50,10.07,10.35,3040440,31179346.00
2026/07/10,10.30,10.74,10.21,10.52,3782700,39947116.00
2026/07/13,10.51,10.54,9.96,10.01,4574535,46388192.00
2026/07/14,10.15,10.38,9.91,10.33,3713730,37773084.00
2026/07/15,10.39,10.60,10.28,10.53,3943200,41372568.00
2026/07/16,10.51,11.10,10.43,10.97,6591630,71624736.00
2026/07/17,10.90,11.08,10.51,10.58,5366090,57781580.00
2026/07/20,10.50,10.95,10.15,10.32,4340800,45738080.00
2026/07/21,10.29,10.48,9.88,10.46,4704250,48006024.00
2026/07/22,10.35,10.94,9.98,10.80,9991743,104492912.00
2026/07/23,10.59,10.98,10.43,10.73,7544353,80265800.00
2026/07/24,10.52,10.58,10.20,10.32,4134747,42783420.00
2026/07/27,10.19,10.55,10.16,10.51,3428272,35928024.00
2026/07/28,10.43,10.72,10.39,10.57,3404005,36064664.00
2026/07/29,10.63,11.33,10.57,11.32,9118361,99922056.00
2026/07/30,11.16,11.62,11.06,11.45,9517683,108584600.00
2026/07/31,11.59,12.25,11.38,11.64,11345408,134626976.00
2026/08/03,11.70,11.70,11.23,11.32,6659040,75497168.00
2026/08/04,11.39,11.66,11.31,11.36,6308177,72293264.00
2026/08/05,11.36,12.15,11.30,12.12,10464410,122336728.00
2026/08/06,11.91,12.65,11.83,12.33,10306213,126539624.00
2026/08/07,12.21,12.28,11.81,12.06,7592121,91133008.00
2026/08/10,12.01,12.10,11.87,12.10,4057500,48797512.00
2026/08/11,12.08,12.08,11.80,11.94,3145200,37495836.00
2026/08/12,12.07,12.14,11.90,12.02,4284080,51431540.00
2026/08/13,11.98,12.05,11.80,11.83,3415750,40682556.00
2026/08/14,11.82,11.95,11.68,11.86,3082900,36373872.00
2026/08/17,11.76,11.89,11.59,11.88,3824300,44958112.00
2026/08/18,11.82,11.83,11.56,11.73,2940960,34330272.00
2026/08/19,11.53,11.75,11.19,11.25,4090874,46551936.00
2026/08/20,11.36,11.50,11.29,11.38,3288346,37476192.00
2026/08/21,11.28,11.35,11.13,11.27,2849794,32046548.00
2026/08/24,11.40,11.40,11.04,11.21,2241900,25034256.00
2026/08/25,11.10,11.56,11.10,11.47,3906680,44524432.00
2026/08/26,11.80,11.98,11.52,11.76,7092680,83620168.00
2026/08/27,11.73,12.08,11.73,11.93,6431280,76932976.00
2026/08/28,11.90,11.97,11.84,11.86,3754550,44659984.00
2026/08/31,11.86,11.97,11.75,11.88,4595600,54534348.00
2026/09/01,11.85,12.04,11.83,12.00,3987040,47723988.00
2026/09/02,11.88,11.99,11.75,11.83,3941660,46735396.00
2026/09/03,11.90,12.01,11.72,11.75,2546700,30143384.00
2026/09/04,11.85,11.97,11.63,11.71,3631500,42943624.00
2026/09/07,11.71,11.79,11.62,11.68,3355350,39266608.00
2026/09/08,11.65,11.77,11.65,11.72,2256050,26423360.00
2026/09/09,11.70,11.72,11.53,11.58,2415500,28044440.00
2026/09/10,11.52,11.52,11.35,11.36,2846303,32500732.00
2026/09/11,11.30,11.37,11.06,11.21,3293000,36765812.00
2026/09/14,11.12,11.39,11.12,11.27,2139500,24119804.00
#数据来源:通达信
