301269 华大九天 日线 前复权
      日期	    开盘	    最高	    最低	    收盘	    成交量	    成交额
2022/07/29,68.45,74.90,67.46,74.40,50798556,3672526848.00
2022/08/01,73.30,75.41,70.41,75.41,27599952,2032983424.00
2022/08/02,73.39,79.51,71.80,79.10,25538052,1951572096.00
2022/08/03,78.34,99.86,77.01,91.42,29398936,2585294848.00
2022/08/04,92.40,107.78,92.30,104.40,23401536,2331802624.00
2022/08/05,105.69,125.40,105.50,125.40,14250143,1650455552.00
2022/08/08,139.41,145.38,116.41,137.40,31166580,4085220608.00
2022/08/09,127.41,132.17,123.40,129.38,26607815,3408740352.00
2022/08/10,124.40,133.80,122.43,122.45,24812076,3195504896.00
2022/08/11,121.70,127.39,117.60,119.30,21672664,2665371904.00
2022/08/12,116.61,121.19,111.06,114.27,20540665,2402492672.00
2022/08/15,120.40,132.90,119.40,121.20,28002389,3521603840.00
2022/08/16,115.40,125.83,114.08,124.42,20921256,2535265536.00
2022/08/17,123.40,124.40,116.40,116.45,18883257,2260468224.00
2022/08/18,114.63,126.15,114.63,121.42,20334929,2464674304.00
2022/08/19,119.48,124.39,111.62,112.59,19922648,2334046464.00
2022/08/22,108.40,113.18,106.79,108.29,13476494,1478813312.00
2022/08/23,108.86,113.34,107.10,110.01,11400704,1261670656.00
2022/08/24,110.26,114.88,109.50,110.51,14232007,1601824896.00
2022/08/25,111.10,111.20,96.06,96.95,18210174,1836504576.00
2022/08/26,97.52,98.52,93.28,93.44,11959596,1152864256.00
2022/08/29,91.40,98.40,91.10,96.20,9985449,967452928.00
2022/08/30,96.20,99.09,94.24,94.51,7677394,745046720.00
2022/08/31,94.42,99.70,94.41,97.42,13304306,1307190912.00
2022/09/01,98.40,102.27,94.38,94.60,11240595,1107985792.00
2022/09/02,94.40,98.88,93.50,97.80,10554714,1031732352.00
2022/09/05,95.94,97.67,92.00,95.15,9806985,935262144.00
2022/09/06,95.09,96.70,93.20,95.24,7074466,673811584.00
2022/09/07,97.40,105.86,97.34,103.84,17519298,1792757632.00
2022/09/08,101.40,103.70,100.41,101.60,9496029,974285888.00
2022/09/09,102.90,106.90,100.90,105.90,11090923,1164973952.00
2022/09/13,105.40,111.98,103.21,103.63,12794124,1388791424.00
2022/09/14,101.90,110.70,101.80,109.34,12985400,1401552896.00
2022/09/15,108.10,110.57,106.39,110.57,11980414,1305064192.00
2022/09/16,109.18,117.80,108.40,114.79,15890477,1824340352.00
2022/09/19,114.33,117.28,104.58,104.70,14379341,1598605952.00
2022/09/20,104.40,106.96,102.28,105.52,9490940,1000825920.00
2022/09/21,103.40,105.01,98.52,100.78,10139363,1031523264.00
2022/09/22,100.90,106.20,100.14,103.91,9636782,1008780864.00
2022/09/23,103.19,104.88,100.70,100.73,7243930,744881664.00
2022/09/26,98.95,101.37,97.51,97.54,7544089,749440832.00
2022/09/27,97.40,102.37,97.36,101.45,9332528,943288896.00
2022/09/28,101.46,103.30,98.33,100.25,8826143,897212864.00
2022/09/29,101.55,102.23,97.45,98.25,7690500,765376896.00
2022/09/30,98.60,99.28,89.41,89.70,9581339,895186240.00
2022/10/10,89.39,92.00,87.06,88.42,6626744,595653312.00
2022/10/11,88.42,91.90,86.17,91.05,7299808,661696704.00
2022/10/12,90.28,96.38,88.30,96.34,9825645,926538752.00
2022/10/13,95.40,100.15,94.67,98.59,10060443,993281920.00
2022/10/14,98.55,99.88,96.20,98.50,8271790,815750528.00
2022/10/17,97.20,102.85,96.65,102.38,8504440,863034880.00
2022/10/18,103.40,103.74,98.71,99.40,6335577,637065088.00
2022/10/19,98.40,100.80,97.03,97.90,5005407,497953536.00
2022/10/20,96.61,107.33,96.40,103.90,11708800,1210300160.00
2022/10/21,101.81,103.20,99.59,102.37,6924531,706326464.00
2022/10/24,101.40,105.40,101.01,101.31,7667249,797637248.00
2022/10/25,100.60,104.99,99.43,101.57,6809185,704718016.00
2022/10/26,101.72,107.17,99.06,106.46,10313032,1081038848.00
2022/10/27,105.49,109.40,104.26,106.02,9600165,1030647744.00
2022/10/28,104.31,111.78,104.30,107.48,10051095,1104124672.00
2022/10/31,106.40,115.22,106.22,113.18,10049485,1131559808.00
2022/11/01,112.38,114.16,109.58,113.62,7417083,833387456.00
2022/11/02,113.27,115.38,104.41,104.93,11451578,1263395200.00
2022/11/03,102.84,108.66,102.43,107.77,8327657,887908352.00
2022/11/04,107.30,108.08,104.53,107.28,6097443,652069952.00
2022/11/07,107.03,109.21,104.90,105.60,4551355,487053120.00
2022/11/08,105.62,107.37,104.40,106.55,4380252,468929984.00
2022/11/09,106.20,106.47,102.59,103.00,5334107,559003008.00
2022/11/10,103.00,105.05,99.60,100.09,5239189,537732160.00
2022/11/11,103.06,104.50,100.41,100.45,5647852,582145920.00
2022/11/14,99.20,101.63,98.40,99.88,3771216,378377184.00
2022/11/15,100.01,104.44,99.68,103.43,6144537,635298496.00
2022/11/16,103.40,104.20,98.45,98.60,5606145,568876096.00
2022/11/17,98.42,100.63,97.20,100.46,4196085,419400224.00
2022/11/18,99.35,100.58,97.20,97.42,4779931,473607616.00
2022/11/21,95.40,97.86,93.00,95.36,5317870,505834240.00
2022/11/22,94.51,96.69,93.58,95.12,3112660,298372928.00
2022/11/23,94.40,95.98,90.97,95.94,4674246,439248160.00
2022/11/24,96.00,96.20,93.41,93.84,3078754,294051904.00
2022/11/25,93.70,95.57,92.59,93.91,2783608,263147808.00
2022/11/28,92.31,94.41,91.90,93.87,2348584,220463840.00
2022/11/29,94.03,95.96,93.42,95.73,3326755,318841280.00
2022/11/30,95.40,95.71,92.87,93.27,3304551,311875584.00
2022/12/01,94.40,96.72,94.00,95.75,4741928,456732256.00
2022/12/02,95.80,97.20,95.10,95.49,3339413,322900800.00
2022/12/05,95.49,96.58,93.84,94.77,3116788,297154880.00
2022/12/06,94.81,99.75,94.36,98.27,6073251,596406592.00
2022/12/07,97.30,97.49,95.90,97.01,3446643,335187168.00
2022/12/08,96.90,97.66,93.92,94.33,3874716,372769472.00
2022/12/09,93.87,98.90,93.60,96.13,6069769,591567552.00
2022/12/12,96.13,102.40,95.70,100.30,6649434,666840512.00
2022/12/13,98.90,101.40,98.40,99.32,3047946,305222368.00
2022/12/14,103.09,104.90,99.98,100.25,5734560,590580352.00
2022/12/15,99.48,103.75,98.58,101.70,4575214,470043616.00
2022/12/16,100.20,101.78,97.40,97.50,3627316,359167232.00
2022/12/19,96.63,98.37,93.41,93.61,2926603,281361440.00
2022/12/20,93.80,94.64,92.30,93.02,2407380,226406720.00
2022/12/21,92.91,93.34,88.95,90.77,3226370,294698944.00
2022/12/22,90.80,91.47,89.00,89.30,1720891,156134448.00
2022/12/23,88.07,89.38,86.48,87.25,2348282,207566864.00
2022/12/26,87.38,89.88,87.38,89.06,2682558,240225984.00
2022/12/27,89.17,90.40,87.98,90.13,2490906,223914848.00
2022/12/28,89.40,89.57,87.50,87.80,2326571,206742976.00
2022/12/29,87.52,90.18,87.40,89.33,2220523,199126016.00
2022/12/30,89.40,90.07,88.84,89.47,1555968,140062080.00
2023/01/03,89.62,93.18,89.40,92.90,3266849,301011520.00
2023/01/04,92.35,94.85,90.80,91.59,2878387,267197136.00
2023/01/05,91.55,91.88,90.50,91.35,2298924,210988048.00
2023/01/06,91.03,91.61,89.80,90.11,2675631,244170416.00
2023/01/09,90.36,91.56,89.08,89.22,2694561,244361824.00
2023/01/10,89.60,91.09,89.06,89.39,2544637,230906544.00
2023/01/11,89.40,92.05,89.40,89.83,2676175,244131072.00
2023/01/12,89.40,89.40,86.62,88.17,2486412,220243056.00
2023/01/13,88.40,88.70,87.04,87.50,1758417,155078608.00
2023/01/16,86.70,90.19,86.69,89.40,3479042,312440000.00
2023/01/17,89.28,91.26,89.27,90.55,2747222,250495456.00
2023/01/18,90.09,90.85,89.50,90.08,1785391,162149696.00
2023/01/19,89.79,93.89,89.70,92.09,3732640,346298560.00
2023/01/20,92.17,94.30,92.01,92.21,2860656,267288528.00
2023/01/30,92.55,93.84,91.42,92.55,5433552,504501696.00
2023/01/31,91.70,92.95,90.96,91.71,2951248,272204800.00
2023/02/01,91.91,95.40,91.45,95.30,5155491,486674272.00
2023/02/02,95.51,99.37,94.96,96.75,5935936,579018304.00
2023/02/03,95.60,100.88,95.28,98.90,6211644,612346944.00
2023/02/06,98.39,98.83,96.40,97.08,3691635,360634304.00
2023/02/07,97.18,100.84,95.66,99.28,5510253,544195456.00
2023/02/08,98.41,101.39,95.76,96.39,4394991,433530240.00
2023/02/09,95.72,99.40,94.60,99.19,5550199,546605824.00
2023/02/10,97.90,101.15,97.90,98.60,4872821,486719840.00
2023/02/13,97.42,99.62,97.37,98.98,3694710,365123072.00
2023/02/14,99.90,105.93,99.85,102.85,9389833,979501824.00
2023/02/15,102.41,103.87,100.26,103.15,5522587,567444672.00
2023/02/16,103.15,103.40,97.80,98.61,5631688,571086208.00
2023/02/17,98.61,99.61,95.32,95.40,3925110,382752608.00
2023/02/20,95.40,96.75,94.18,96.52,2948478,283657856.00
2023/02/21,96.40,96.85,92.65,93.62,4508763,428108320.00
2023/02/22,92.80,100.46,92.50,99.30,7053085,693121536.00
2023/02/23,98.87,99.73,96.81,97.55,3443553,339620480.00
2023/02/24,97.55,99.55,96.75,96.83,3303216,324852384.00
2023/02/27,96.17,96.48,94.00,94.18,2558911,244763264.00
2023/02/28,95.25,96.04,93.17,95.60,2442109,233127824.00
2023/03/01,95.00,97.58,94.70,97.32,3062838,297594656.00
2023/03/02,97.42,98.30,95.51,95.60,2999617,292157088.00
2023/03/03,99.20,105.40,98.98,103.45,11505582,1184440832.00
2023/03/06,104.60,104.70,100.40,102.87,6381623,657890880.00
2023/03/07,101.95,102.66,98.48,98.52,4886663,492574592.00
2023/03/08,98.50,102.40,98.40,101.37,5032447,507648544.00
2023/03/09,102.28,104.65,100.93,101.63,6149624,636991680.00
2023/03/10,100.41,111.08,99.58,106.39,9791853,1046716736.00
2023/03/13,105.70,109.00,104.51,107.49,7065231,761197312.00
2023/03/14,106.40,112.37,105.07,110.50,9391477,1037365312.00
2023/03/15,109.68,112.16,107.98,108.56,5833363,642259520.00
2023/03/16,107.10,109.99,105.50,105.99,4832109,521484256.00
2023/03/17,107.40,112.07,105.71,109.74,6569574,719285184.00
2023/03/20,109.20,116.02,108.67,113.42,8553805,977611200.00
2023/03/21,112.41,114.35,107.90,109.95,6866800,766714432.00
2023/03/22,109.95,113.97,109.22,112.37,6805111,764258560.00
2023/03/23,109.40,119.90,109.00,118.37,10714525,1229360128.00
2023/03/24,116.87,130.15,116.50,121.74,13033491,1609532672.00
2023/03/27,124.40,130.40,118.74,123.90,12743519,1593244416.00
2023/03/28,119.61,120.08,114.56,115.80,9586496,1130020608.00
2023/03/29,115.40,124.38,114.90,121.55,9289242,1119527552.00
2023/03/30,120.40,123.82,117.80,122.00,6519126,794874176.00
2023/03/31,122.43,124.90,119.60,122.72,5919646,728645632.00
2023/04/03,123.76,127.38,120.76,125.86,9243413,1152375168.00
2023/04/04,124.75,138.85,124.40,133.28,11940346,1595331840.00
2023/04/06,129.45,139.29,129.30,131.28,9865158,1332423424.00
2023/04/07,139.40,144.79,133.62,136.31,11012141,1530873600.00
2023/04/10,134.40,137.81,126.90,127.62,9206069,1222184192.00
2023/04/11,127.40,132.08,126.42,128.96,6878070,891740672.00
2023/04/12,127.40,130.63,123.43,128.68,6570712,839097216.00
2023/04/13,127.30,129.32,121.36,122.28,6636611,828243520.00
2023/04/14,123.70,131.38,121.40,129.89,8015275,1021057920.00
2023/04/17,128.90,131.60,125.50,126.40,5833855,750675904.00
2023/04/18,125.05,126.80,119.58,122.80,5763117,710108416.00
2023/04/19,122.80,126.27,121.89,122.40,5427745,676744896.00
2023/04/20,122.20,125.19,121.14,124.46,5062405,628884928.00
2023/04/21,124.40,124.89,114.48,114.70,7728053,918715968.00
2023/04/24,114.45,117.40,113.58,114.86,4218155,488563680.00
2023/04/25,114.84,120.34,113.10,116.42,5765756,682250880.00
2023/04/26,114.41,117.00,108.40,111.80,5124735,577425600.00
2023/04/27,110.90,115.00,109.90,111.50,3623826,409553088.00
2023/04/28,114.40,116.91,113.20,115.52,4744834,547579392.00
2023/05/04,114.40,115.70,111.60,114.20,2993349,341084128.00
2023/05/05,113.65,116.14,111.21,111.76,2704051,307925600.00
2023/05/08,111.90,116.00,110.07,114.52,3073613,351836832.00
2023/05/09,114.16,117.85,113.62,114.96,3303730,384403776.00
2023/05/10,113.40,115.93,110.05,112.55,3258696,367343584.00
2023/05/11,114.39,118.26,112.00,116.15,4008250,464212960.00
2023/05/12,115.08,118.39,113.41,113.50,3038607,354854912.00
2023/05/15,111.40,112.35,106.80,109.40,4587138,503291040.00
2023/05/16,109.14,112.73,107.90,110.45,3077615,341958976.00
2023/05/17,109.40,113.50,108.78,111.93,2413098,271630400.00
2023/05/18,112.10,114.50,109.48,110.04,3098365,347514016.00
2023/05/19,110.40,112.73,108.51,111.11,3050763,341061088.00
2023/05/22,111.75,112.20,108.64,109.34,2012391,221677984.00
2023/05/23,108.52,109.24,105.17,105.18,3331172,357415008.00
2023/05/24,105.24,107.60,103.90,106.30,2255643,240353232.00
2023/05/25,106.20,108.05,103.90,105.91,1819452,193149824.00
2023/05/26,105.85,108.50,105.85,108.41,2420641,261492688.00
2023/05/29,109.72,113.28,108.48,112.84,4844938,543396544.00
2023/05/30,111.55,113.83,110.17,113.55,3221913,362952416.00
2023/05/31,113.44,123.55,112.40,119.68,6626803,784434176.00
2023/06/01,118.30,124.03,117.45,123.39,4338445,525315040.00
2023/06/02,122.07,122.50,118.44,120.10,3215110,387195968.00
2023/06/05,118.90,122.52,118.06,121.10,2995565,362442816.00
2023/06/06,120.45,123.97,119.03,120.18,3513979,429863168.00
2023/06/07,120.12,122.44,119.18,120.73,2412927,292211328.00
2023/06/08,121.55,123.41,119.25,122.39,3398764,415384512.00
2023/06/09,121.53,129.55,120.05,125.80,6483391,815561664.00
2023/06/12,126.42,127.97,122.65,123.94,3820205,478954528.00
2023/06/13,123.31,125.81,123.31,124.05,1927165,240623424.00
2023/06/14,123.55,124.05,119.43,120.65,3567514,433271136.00
2023/06/15,120.65,121.95,118.55,119.55,2686071,322999616.00
2023/06/16,119.55,121.34,118.57,120.33,1888977,227756480.00
2023/06/19,120.35,121.53,117.97,120.86,2187922,263584368.00
2023/06/20,120.55,122.35,119.20,120.69,2468752,298735136.00
2023/06/21,119.60,120.15,115.10,115.50,3139944,368024288.00
2023/06/26,114.15,115.43,109.77,112.26,2138792,240540784.00
2023/06/27,112.26,115.23,111.55,114.09,1458575,167055120.00
2023/06/28,114.10,117.35,112.93,115.65,2280452,264863968.00
2023/06/29,115.21,118.12,113.35,114.71,1767756,204412160.00
2023/06/30,113.96,122.54,113.43,122.39,3999678,480605056.00
2023/07/03,122.45,123.05,119.83,120.32,2152499,261377456.00
2023/07/04,120.33,121.25,117.56,120.42,2050827,245926832.00
2023/07/05,119.65,123.11,118.62,120.72,2388670,290824448.00
2023/07/06,120.05,120.55,117.94,118.36,1942310,231833600.00
2023/07/07,118.05,118.05,114.65,116.17,1441115,168159216.00
2023/07/10,116.26,118.51,114.75,115.66,1011657,118271168.00
2023/07/11,115.74,117.38,114.76,115.05,1248473,144951952.00
2023/07/12,114.56,117.03,111.15,116.26,2342846,269370656.00
2023/07/13,115.82,117.96,113.43,116.42,1817503,211799856.00
2023/07/14,116.35,116.48,113.38,113.75,1802855,207119632.00
2023/07/17,113.05,114.49,110.41,110.90,1762657,198432736.00
2023/07/18,110.95,111.53,107.61,107.85,2412769,264350592.00
2023/07/19,107.46,108.29,105.81,108.20,2061362,221673392.00
2023/07/20,107.65,108.74,102.55,102.83,2673093,282360256.00
2023/07/21,101.55,102.55,100.72,100.92,1794441,182726944.00
2023/07/24,100.92,101.80,99.13,99.74,1433015,144388384.00
2023/07/25,100.94,103.24,99.48,102.13,2182173,222046400.00
2023/07/26,101.35,103.99,100.61,102.38,1599048,164884816.00
2023/07/27,102.00,103.98,101.36,102.33,1056796,109033856.00
2023/07/28,104.05,105.21,101.48,101.78,2127418,219618144.00
2023/07/31,99.45,102.21,97.35,102.20,4440459,444462272.00
2023/08/01,102.15,103.77,100.55,102.74,2956952,303636288.00
2023/08/02,101.68,110.20,101.10,108.69,8079657,869131136.00
2023/08/03,107.55,108.53,106.21,106.50,2983994,321183616.00
2023/08/04,106.48,108.37,105.20,106.54,3269640,350127808.00
2023/08/07,106.52,109.52,105.40,108.33,2661139,287393280.00
2023/08/08,104.94,107.73,102.88,105.55,3014895,319894272.00
2023/08/09,105.39,106.22,102.22,103.77,2003439,208675824.00
2023/08/10,103.30,106.16,103.05,104.17,1227652,129019664.00
2023/08/11,104.17,105.17,102.37,102.38,1165600,120548568.00
2023/08/14,101.05,107.84,101.00,106.17,2704273,285990240.00
2023/08/15,106.50,106.99,101.83,103.02,2282099,237604368.00
2023/08/16,102.77,104.93,101.35,101.63,1761401,182094864.00
2023/08/17,101.20,103.50,100.39,101.58,1546068,158039024.00
2023/08/18,102.15,102.35,100.05,100.05,1419505,143945392.00
2023/08/21,99.99,101.55,99.05,100.46,1095000,110615912.00
2023/08/22,101.55,104.93,100.31,104.25,2622726,271110976.00
2023/08/23,104.15,105.81,102.55,102.57,2139100,223171152.00
2023/08/24,102.65,105.45,101.55,104.80,2192793,228729696.00
2023/08/25,104.55,105.40,103.13,103.52,1516613,158269440.00
2023/08/28,110.05,110.45,102.10,102.73,1785877,189511280.00
2023/08/29,102.18,106.88,101.83,106.78,2115376,223690848.00
2023/08/30,112.75,116.09,107.10,108.36,7069762,795868160.00
2023/08/31,107.87,109.75,106.36,108.35,5257635,568971328.00
2023/09/01,107.55,110.35,104.37,104.43,4506013,486151648.00
2023/09/04,105.55,108.91,104.55,108.09,5329752,573750848.00
2023/09/05,109.75,113.55,107.21,107.23,9542462,1061102528.00
2023/09/06,106.55,116.88,106.40,113.58,15273020,1722324864.00
2023/09/07,115.80,115.88,107.44,108.16,10293026,1148539648.00
2023/09/08,106.63,112.05,106.60,109.70,7586111,838020032.00
2023/09/11,108.55,111.05,106.35,108.65,4846913,529520192.00
2023/09/12,108.61,108.61,105.88,107.65,3472605,373540096.00
2023/09/13,106.83,107.31,103.10,105.86,4433360,468184096.00
2023/09/14,105.55,107.20,104.08,107.14,2795795,296186432.00
2023/09/15,106.73,111.35,105.88,110.85,4654637,509508544.00
2023/09/18,108.63,110.88,108.15,108.65,2732095,300530080.00
2023/09/19,109.53,110.70,107.36,108.67,2419477,265458464.00
2023/09/20,107.09,108.45,102.33,102.73,3782513,398046720.00
2023/09/21,102.75,105.25,102.75,103.10,1565750,162865888.00
2023/09/22,102.45,104.83,100.55,104.50,2712080,280144672.00
2023/09/25,104.45,105.41,102.45,104.55,1964864,205282064.00
2023/09/26,103.80,105.75,103.05,103.10,1614226,169003936.00
2023/09/27,102.55,104.66,102.35,103.17,1377936,143394256.00
2023/09/28,103.88,105.15,102.43,104.47,2221541,231792576.00
2023/10/09,103.55,104.76,103.10,104.44,1325724,138604560.00
2023/10/10,104.42,105.95,104.05,105.37,2020027,213297728.00
2023/10/11,105.36,105.83,103.29,104.85,2500845,263197136.00
2023/10/12,105.53,108.55,104.29,106.94,3472631,370367392.00
2023/10/13,105.55,106.67,104.15,105.45,2067400,218731440.00
2023/10/16,104.55,104.95,103.15,104.14,1934600,201991568.00
2023/10/17,104.24,106.04,103.34,104.56,1912082,200871584.00
2023/10/18,104.25,105.81,100.13,102.05,2698841,276492544.00
2023/10/19,101.28,104.93,101.05,101.72,2408921,250080368.00
2023/10/20,101.57,102.72,98.67,98.98,2308540,232071072.00
2023/10/23,99.15,99.41,95.00,95.42,2028148,196135680.00
2023/10/24,96.12,96.45,92.55,94.81,2599178,246472416.00
2023/10/25,95.35,97.05,94.15,96.19,2224099,214636288.00
2023/10/26,95.30,98.30,95.17,97.91,2123596,207464528.00
2023/10/27,97.03,99.91,96.56,99.61,2246323,222057024.00
2023/10/30,98.62,103.38,98.62,102.41,3435178,348987360.00
2023/10/31,102.75,104.10,102.08,102.75,1799478,186034336.00
2023/11/01,101.60,104.04,100.75,102.01,2195905,225176880.00
2023/11/02,101.55,102.66,101.05,101.05,1555996,159008256.00
2023/11/03,101.08,102.88,100.45,102.42,1791516,183506816.00
2023/11/06,102.43,103.95,101.82,102.55,2776624,286036768.00
2023/11/07,101.94,101.97,96.98,101.10,4158544,416484032.00
2023/11/08,100.15,100.91,99.05,99.70,2597381,260428144.00
2023/11/09,99.70,100.80,98.55,98.62,1793071,178985520.00
2023/11/10,97.64,99.34,97.37,97.73,1839953,181483440.00
2023/11/13,98.42,101.96,98.24,101.55,3296523,332478624.00
2023/11/14,101.33,102.22,100.24,101.78,2076079,211086336.00
2023/11/15,102.73,102.75,99.57,100.15,2415600,244279456.00
2023/11/16,99.80,99.89,98.45,98.54,1596732,158717616.00
2023/11/17,99.12,99.34,97.32,98.62,1659638,163495248.00
2023/11/20,98.62,100.06,97.85,99.42,1418409,141032512.00
2023/11/21,99.67,100.53,97.55,97.86,2003894,199110912.00
2023/11/22,97.63,98.22,96.74,96.83,1318119,129104160.00
2023/11/23,96.62,97.74,96.07,97.29,1024675,99813616.00
2023/11/24,97.17,97.48,95.15,95.80,1638882,157777584.00
2023/11/27,95.28,99.83,95.15,98.95,2635576,260141824.00
2023/11/28,99.36,99.40,97.79,98.92,1495543,148143424.00
2023/11/29,98.85,100.05,98.55,99.10,1673037,167241664.00
2023/11/30,99.04,99.47,97.36,97.86,2607202,256695056.00
2023/12/01,97.85,98.87,96.85,98.84,1304199,128263496.00
2023/12/04,99.55,100.65,99.41,99.83,1844830,185478000.00
2023/12/05,99.55,100.91,98.75,99.93,2755845,277483744.00
2023/12/06,99.55,104.84,99.37,103.95,5124474,530502624.00
2023/12/07,104.50,107.55,103.55,106.03,6262931,664099520.00
2023/12/08,106.05,108.74,105.55,108.07,12888808,1395996800.00
2023/12/11,107.05,107.56,104.24,106.33,5194618,551860224.00
2023/12/12,106.33,107.44,102.92,103.54,3237449,339473664.00
2023/12/13,103.54,104.05,100.69,100.93,2727082,279827040.00
2023/12/14,101.55,103.05,100.45,100.46,2088369,212826064.00
2023/12/15,100.62,101.15,98.55,98.95,1760433,175837104.00
2023/12/18,98.96,99.72,97.76,98.85,1578029,156710208.00
2023/12/19,98.55,100.56,98.09,100.53,1927548,192910208.00
2023/12/20,100.25,102.05,99.30,100.74,1751785,177704688.00
2023/12/21,100.55,102.28,100.05,101.64,1354385,137837616.00
2023/12/22,101.44,101.64,98.35,101.05,2014480,202328720.00
2023/12/25,100.67,102.53,99.77,102.24,1306118,133157672.00
2023/12/26,102.23,103.75,100.95,102.88,1398825,144208096.00
2023/12/27,103.05,104.93,102.25,103.99,1710496,178485248.00
2023/12/28,103.55,104.85,102.85,104.74,2035357,212350976.00
2023/12/29,104.44,106.05,103.75,105.40,1904373,201166240.00
2024/01/02,105.13,105.75,104.07,104.55,1783823,188422128.00
2024/01/03,104.05,104.54,102.43,102.95,1295071,134360640.00
2024/01/04,103.06,103.43,101.15,102.01,1218145,124697288.00
2024/01/05,102.00,102.72,99.95,100.36,1102305,111987952.00
2024/01/08,100.10,100.54,97.33,99.34,1609797,159653712.00
2024/01/09,99.28,100.92,98.31,99.07,1030742,103119256.00
2024/01/10,98.85,99.74,95.10,98.95,1992828,196202592.00
2024/01/11,98.55,101.53,98.08,100.72,1720248,173327952.00
2024/01/12,100.61,100.72,96.95,96.96,1533215,151610656.00
2024/01/15,96.05,98.70,94.95,98.04,1591782,155682992.00
2024/01/16,98.49,98.49,95.75,96.81,1149983,111792256.00
2024/01/17,96.27,98.34,93.55,93.64,2261122,215377360.00
2024/01/18,93.64,94.67,89.45,92.43,3057820,279564128.00
2024/01/19,92.91,92.91,88.25,88.51,2812125,253523552.00
2024/01/22,87.23,88.73,84.16,84.83,2475380,214740272.00
2024/01/23,84.77,86.93,83.79,86.35,2275728,196225552.00
2024/01/24,86.40,87.13,83.28,86.67,2446682,209659696.00
2024/01/25,86.32,89.05,85.35,88.22,2684712,236804912.00
2024/01/26,87.41,87.53,84.05,84.05,2216139,190871904.00
2024/01/29,83.55,85.40,82.35,82.36,1730274,145340880.00
2024/01/30,82.14,82.36,79.50,79.66,1587125,128870696.00
2024/01/31,79.43,80.02,77.21,77.35,1881232,148168608.00
2024/02/01,77.29,78.94,76.23,78.04,1830084,143245488.00
2024/02/02,77.55,78.45,72.49,75.42,2359437,179549856.00
2024/02/05,74.49,76.53,70.05,74.80,3307154,244451536.00
2024/02/06,74.05,81.29,73.24,81.29,3079345,243814192.00
2024/02/07,81.36,85.44,80.05,83.61,2947531,246854496.00
2024/02/08,84.52,87.53,82.85,87.05,3133215,269953920.00
2024/02/19,89.55,89.75,86.05,86.99,2416891,211763456.00
2024/02/20,86.06,87.55,85.92,87.06,1320179,115290808.00
2024/02/21,86.54,88.85,85.72,86.56,1640200,144015696.00
2024/02/22,87.40,88.24,86.41,87.55,1384677,121691736.00
2024/02/23,87.69,88.23,86.57,88.23,1426177,125421944.00
2024/02/26,88.24,89.72,87.27,88.91,1852101,165360464.00
2024/02/27,88.35,89.65,87.24,89.65,3544199,314904864.00
2024/02/28,89.65,92.21,84.70,84.70,3695467,328346496.00
2024/02/29,83.35,90.55,83.34,90.55,4192469,372175456.00
2024/03/01,91.05,92.75,89.17,91.10,3570188,326529376.00
2024/03/04,91.25,93.14,90.06,91.67,2891182,266266640.00
2024/03/05,90.56,91.54,90.05,90.67,2071283,189084112.00
2024/03/06,90.55,91.13,89.07,89.45,1835600,165944432.00
2024/03/07,89.59,91.42,87.65,87.65,1949746,175332240.00
2024/03/08,87.84,88.93,87.21,88.06,1388500,122711168.00
2024/03/11,87.26,88.85,86.86,88.85,1805872,159768944.00
2024/03/12,88.85,89.95,88.20,89.05,1843069,164675264.00
2024/03/13,89.66,90.90,88.85,89.51,2132944,192974608.00
2024/03/14,89.21,89.51,86.56,87.03,2331211,205577728.00
2024/03/15,86.65,87.06,85.15,85.81,1847225,159439984.00
2024/03/18,86.60,88.87,85.81,88.47,2214469,195397760.00
2024/03/19,88.19,89.21,87.36,88.17,1703500,151238928.00
2024/03/20,87.77,88.85,87.44,88.85,1659900,147195664.00
2024/03/21,89.08,90.65,87.05,87.57,1985392,175865616.00
2024/03/22,87.05,87.91,85.13,85.29,1841776,159164784.00
2024/03/25,84.89,85.44,80.55,80.70,3239517,269575936.00
2024/03/26,80.69,81.25,77.32,78.25,2680858,212297760.00
2024/03/27,78.13,78.70,76.37,76.37,2167204,168019296.00
2024/03/28,77.05,80.50,76.55,79.65,2325240,184575936.00
2024/03/29,79.43,83.85,78.70,83.25,2936839,240447536.00
2024/04/01,84.92,84.92,81.65,82.51,2257067,187081008.00
2024/04/02,82.51,84.92,82.00,83.39,2744119,230191136.00
2024/04/03,82.97,83.39,80.96,81.38,1509184,124439656.00
2024/04/08,81.55,81.64,79.33,79.76,1216753,98094120.00
2024/04/09,79.77,80.93,79.07,79.98,1028248,82585224.00
2024/04/10,79.95,79.97,77.89,77.94,1194500,94673592.00
2024/04/11,77.15,78.85,77.15,77.35,1095309,85936896.00
2024/04/12,77.73,78.10,76.06,76.21,1178677,91294056.00
2024/04/15,77.35,82.67,75.96,81.12,3258359,261731040.00
2024/04/16,80.35,83.03,79.65,80.05,2958856,242076080.00
2024/04/17,80.16,81.34,79.15,81.25,2380156,192081136.00
2024/04/18,81.35,82.21,79.76,80.31,1862981,151313952.00
2024/04/19,79.55,79.75,76.92,76.95,2330060,182002208.00
2024/04/22,76.33,77.54,74.56,75.90,1945574,148549984.00
2024/04/23,75.92,77.03,73.92,74.77,1698800,128030656.00
2024/04/24,74.75,76.13,73.94,75.81,1759444,133133184.00
2024/04/25,75.45,77.05,74.32,75.99,2122200,161935648.00
2024/04/26,75.55,79.36,75.11,79.35,2655400,207910048.00
2024/04/29,77.76,80.67,77.66,80.01,2575213,206363520.00
2024/04/30,79.95,79.95,77.43,77.75,2136480,168360272.00
2024/05/06,79.05,80.93,77.90,80.16,2872031,229905120.00
2024/05/07,80.16,80.43,78.95,79.29,1566256,125345456.00
2024/05/08,79.05,79.28,77.33,78.31,2015604,158346496.00
2024/05/09,78.27,82.83,78.27,82.25,4055234,333289984.00
2024/05/10,82.25,82.55,80.66,80.92,1605299,131136080.00
2024/05/13,80.48,82.21,79.35,80.72,2582251,210567728.00
2024/05/14,80.44,81.93,79.77,80.96,1800501,146764880.00
2024/05/15,80.95,81.24,77.16,77.30,2633885,208441184.00
2024/05/16,77.30,78.05,76.18,76.58,2015152,155898048.00
2024/05/17,76.58,77.55,75.59,77.53,1085362,83955960.00
2024/05/20,77.56,78.52,76.70,77.69,1590892,124256968.00
2024/05/21,77.69,77.69,76.36,76.41,991201,76509000.00
2024/05/22,76.56,77.65,76.05,77.47,1199421,92769560.00
2024/05/23,77.25,77.93,75.46,75.74,1396714,107261568.00
2024/05/24,75.55,76.45,75.15,75.27,1127712,85839176.00
2024/05/27,75.54,78.35,74.05,78.25,2006100,154246864.00
2024/05/28,77.55,80.45,77.33,77.75,2941952,233333504.00
2024/05/29,77.36,78.42,76.75,76.85,1622329,126362520.00
2024/05/30,77.00,80.69,76.08,80.10,3397980,270728608.00
2024/05/31,80.00,80.00,78.87,79.06,2252111,179022352.00
2024/06/03,78.50,80.99,78.00,79.74,2594200,207520192.00
2024/06/04,79.20,79.97,78.60,79.61,1528400,121470816.00
2024/06/05,79.57,82.56,79.21,81.10,2872901,234819728.00
2024/06/06,81.21,81.88,79.23,79.70,2453458,197824192.00
2024/06/07,79.50,80.97,78.23,79.07,1894119,150679984.00
2024/06/11,78.70,88.29,78.50,85.41,5781792,485322144.00
2024/06/12,85.55,86.85,83.82,84.85,4233018,360688992.00
2024/06/13,84.85,86.06,83.20,84.39,4284660,363825664.00
2024/06/14,83.90,84.68,82.10,84.25,4136779,347350624.00
2024/06/17,84.26,85.40,83.76,84.39,2501236,212576848.00
2024/06/18,84.29,84.59,82.50,82.83,2639968,220903664.00
2024/06/19,82.83,83.50,80.57,82.28,3053444,250629440.00
2024/06/20,81.95,86.28,81.95,83.47,4625888,392545056.00
2024/06/21,82.22,83.46,81.06,83.28,2271237,187734896.00
2024/06/24,82.29,84.50,80.89,80.89,2746174,228422064.00
2024/06/25,80.58,81.19,76.50,76.92,3427852,270336256.00
2024/06/26,77.21,79.17,75.75,78.84,2123745,164941616.00
2024/06/27,78.83,79.82,77.33,77.50,1689100,132660160.00
2024/06/28,77.21,78.21,76.60,76.75,1748093,135866080.00
2024/07/01,75.80,76.74,73.31,75.69,2016982,151234784.00
2024/07/02,75.70,76.30,75.05,75.32,1383723,105177640.00
2024/07/03,75.28,76.09,74.10,75.11,1496454,113139208.00
2024/07/04,75.23,75.67,72.47,72.49,1763552,130638632.00
2024/07/05,72.50,73.20,71.52,72.63,1130500,82262792.00
2024/07/08,72.65,73.31,69.71,69.76,2200796,156907648.00
2024/07/09,69.60,72.00,69.22,71.83,2246291,159490928.00
2024/07/10,71.39,72.00,70.34,70.47,1618700,115390616.00
2024/07/11,71.85,73.54,70.72,72.92,2144533,155488672.00
2024/07/12,72.20,73.44,70.79,71.36,1904400,137057232.00
2024/07/15,71.20,74.00,71.07,73.00,2365968,173194064.00
2024/07/16,72.46,74.30,72.07,74.06,1704210,125592200.00
2024/07/17,73.65,74.58,73.38,73.46,1453653,107756888.00
2024/07/18,72.99,75.96,71.80,75.43,2291550,170152656.00
2024/07/19,74.70,77.50,74.70,77.02,2951675,226356160.00
2024/07/22,77.02,79.05,77.01,77.03,2868700,224016128.00
2024/07/23,76.65,76.90,73.10,73.20,2181376,164247104.00
2024/07/24,73.11,73.88,72.06,72.14,1541381,112823600.00
2024/07/25,71.98,73.80,71.62,72.68,1231197,89959312.00
2024/07/26,72.71,75.64,72.31,74.59,1665036,124084072.00
2024/07/29,74.96,75.48,73.45,73.66,1069844,79471280.00
2024/07/30,73.39,75.74,73.38,75.07,1449864,108841832.00
2024/07/31,75.04,78.53,74.70,78.44,2523528,195493536.00
2024/08/01,78.33,79.30,77.67,78.20,2149004,169261008.00
2024/08/02,78.38,79.28,78.01,78.89,2008401,158502192.00
2024/08/05,78.15,80.14,77.80,78.39,2437645,194092208.00
2024/08/06,79.50,83.37,78.73,79.91,3378574,272948224.00
2024/08/07,79.75,80.52,78.16,79.29,1581795,125878800.00
2024/08/08,78.85,79.65,77.70,78.50,1553878,122530400.00
2024/08/09,76.47,78.29,73.28,76.43,3406099,258373040.00
2024/08/12,75.71,76.20,74.30,74.50,1488900,112120368.00
2024/08/13,74.60,74.84,73.90,74.58,820356,61278180.00
2024/08/14,74.56,75.38,72.09,72.28,2004973,147006304.00
2024/08/15,72.17,72.92,71.40,71.90,1546600,111901288.00
2024/08/16,71.90,72.42,70.88,70.95,1462031,105182200.00
2024/08/19,70.69,72.95,70.69,72.17,1486785,107279480.00
2024/08/20,71.85,72.54,70.58,70.91,1118025,80105904.00
2024/08/21,70.66,71.48,70.48,70.96,756596,53938808.00
2024/08/22,70.98,71.36,70.13,70.26,821829,58357280.00
2024/08/23,70.03,71.09,69.80,70.53,863376,61229156.00
2024/08/26,70.30,70.90,69.78,70.21,689400,48630220.00
2024/08/27,70.20,70.47,69.66,70.00,502574,35316884.00
2024/08/28,69.66,70.99,69.50,70.40,599392,42355032.00
2024/08/29,70.30,73.25,69.77,72.80,1642825,119141336.00
2024/08/30,72.66,74.09,72.30,73.61,1851944,136782832.00
2024/09/02,73.20,73.41,72.20,72.20,901500,65824880.00
2024/09/03,72.23,73.57,72.23,73.04,759900,55786900.00
2024/09/04,72.70,73.84,72.21,72.21,635200,46492936.00
2024/09/05,72.30,72.93,71.60,72.50,772700,56068916.00
2024/09/06,72.20,72.83,71.04,71.29,624460,45123508.00
2024/09/09,71.54,72.59,69.43,70.50,1037333,73841168.00
2024/09/10,70.48,72.70,69.95,72.08,841900,60155332.00
2024/09/11,71.93,72.54,71.10,72.35,553799,40103732.00
2024/09/12,72.70,72.86,70.78,71.05,662600,47742996.00
2024/09/13,71.12,71.15,69.82,70.05,580400,41032480.00
2024/09/18,69.81,71.15,69.42,70.98,711720,50164708.00
2024/09/19,71.02,74.08,70.72,73.58,1527573,111860776.00
2024/09/20,73.47,74.25,73.05,74.13,1020148,75580304.00
2024/09/23,73.55,74.52,72.81,72.81,788432,58342652.00
2024/09/24,73.39,75.09,72.16,74.89,1449955,107815392.00
2024/09/25,75.44,76.60,75.20,75.68,1944347,148283728.00
2024/09/26,75.59,77.16,75.22,77.10,1767610,135431504.00
2024/09/27,78.60,83.20,77.70,82.00,3613109,291889056.00
2024/09/30,86.20,94.46,85.19,92.71,7015091,633738816.00
2024/10/08,111.31,111.31,103.50,111.31,11340360,1254719744.00
2024/10/09,104.80,111.70,98.30,98.70,8986858,951510080.00
2024/10/10,101.70,102.07,93.50,94.36,5411305,525240384.00
2024/10/11,92.69,94.48,86.69,87.84,4501362,404201856.00
2024/10/14,87.84,91.70,86.70,91.03,4044196,361769664.00
2024/10/15,91.03,94.28,88.80,89.86,4074619,375476832.00
2024/10/16,88.00,89.69,87.22,88.70,2543410,225762368.00
2024/10/17,91.20,92.40,88.81,89.00,3489253,317538112.00
2024/10/18,89.00,100.59,87.86,97.41,8128817,780345856.00
2024/10/21,98.30,102.75,96.70,99.76,9149253,918183616.00
2024/10/22,97.71,100.70,95.75,100.18,6950407,688630912.00
2024/10/23,99.70,101.70,98.43,99.00,4471585,448876448.00
2024/10/24,97.73,99.36,97.00,97.54,2689987,264600368.00
2024/10/25,98.75,106.36,97.55,103.70,5556734,568823872.00
2024/10/28,103.70,104.60,100.70,101.50,3380910,347741664.00
2024/10/29,101.21,102.90,99.70,100.09,3308303,335910432.00
2024/10/30,98.95,101.17,96.70,98.15,3022334,299477440.00
2024/10/31,97.37,101.39,97.10,99.45,3278449,327083776.00
2024/11/01,98.19,98.19,92.80,93.45,4985698,474768704.00
2024/11/04,94.52,95.58,93.27,94.05,2287936,216441520.00
2024/11/05,95.20,101.20,94.70,99.74,5492297,541700480.00
2024/11/06,99.79,107.20,98.98,102.26,8125600,839796288.00
2024/11/07,101.70,105.70,101.20,103.55,5664026,585226368.00
2024/11/08,106.20,124.32,105.71,124.32,18404535,2198648832.00
2024/11/11,128.68,149.24,127.32,149.24,26027411,3693576192.00
2024/11/12,146.70,154.70,138.06,148.69,23254926,3368412160.00
2024/11/13,146.70,148.69,136.70,142.42,15979091,2262307840.00
2024/11/14,138.38,139.70,130.20,131.69,13657098,1845511808.00
2024/11/15,130.09,134.55,124.20,124.76,12711982,1644893568.00
2024/11/18,122.69,124.63,114.65,115.69,10879955,1289792256.00
2024/11/19,117.70,124.39,114.72,121.73,11328879,1353555328.00
2024/11/20,119.62,122.70,118.09,122.22,9411489,1135268096.00
2024/11/21,120.34,133.30,119.30,128.14,13947676,1771921152.00
2024/11/22,125.70,126.68,116.56,117.60,12117542,1474681344.00
2024/11/25,120.39,123.24,114.77,121.20,8871740,1059698304.00
2024/11/26,118.79,126.63,117.91,121.72,9007703,1108637696.00
2024/11/27,119.69,127.90,115.71,127.87,11137995,1372128896.00
2024/11/28,125.84,130.41,123.20,123.71,10717126,1356753280.00
2024/11/29,122.60,129.20,118.71,125.64,11017792,1368756608.00
2024/12/02,123.13,134.30,122.07,134.05,14657645,1880487936.00
2024/12/03,135.70,145.58,129.71,131.40,16598560,2243086336.00
2024/12/04,136.40,138.89,130.20,131.80,11668813,1566999040.00
2024/12/05,128.70,131.15,127.20,127.98,8044207,1038549632.00
2024/12/06,127.70,129.08,123.93,127.16,7658120,971009920.00
2024/12/09,125.70,126.56,121.28,122.92,6693921,830107328.00
2024/12/10,137.70,145.16,132.50,133.66,19623924,2719610880.00
2024/12/11,130.57,134.02,127.20,128.00,11654518,1509384448.00
2024/12/12,128.01,133.70,127.21,128.09,8321500,1080199936.00
2024/12/13,127.02,131.25,126.16,127.84,9053927,1168952064.00
2024/12/16,126.30,127.64,122.60,123.35,7033556,875585216.00
2024/12/17,122.50,123.30,121.21,121.97,4436416,543043584.00
2024/12/18,122.16,125.07,121.67,123.42,5109233,631326272.00
2024/12/19,120.70,124.81,119.70,123.35,5035910,617385600.00
2024/12/20,122.65,134.20,122.20,129.12,10340732,1332086400.00
2024/12/23,127.49,131.58,127.26,128.15,6550787,843783808.00
2024/12/24,128.00,130.69,125.36,130.41,6191000,798100544.00
2024/12/25,129.07,132.57,128.73,130.73,5757600,753223296.00
2024/12/26,129.93,135.05,128.98,134.80,8031900,1070769536.00
2024/12/27,133.70,134.98,128.70,130.12,7161050,951675200.00
2024/12/30,128.36,132.28,127.25,127.49,4440050,574215168.00
2024/12/31,128.28,128.48,120.19,120.80,5525152,682694336.00
2025/01/02,120.23,120.63,108.85,111.20,9032027,1034134400.00
2025/01/03,111.04,111.90,107.46,107.71,4966216,545066048.00
2025/01/06,107.54,108.80,104.12,104.78,4340000,461751904.00
2025/01/07,105.19,108.50,104.83,107.90,3868900,412721856.00
2025/01/08,106.68,110.33,104.60,108.15,4961636,535010240.00
2025/01/09,107.44,110.20,107.14,108.08,3907847,425924448.00
2025/01/10,107.18,113.20,106.70,106.76,5745000,633198208.00
2025/01/13,105.08,108.47,105.07,107.81,3656057,391988032.00
2025/01/14,109.20,113.05,107.37,112.84,5828088,648240000.00
2025/01/15,112.30,113.20,109.41,109.50,5163400,575103488.00
2025/01/16,110.60,113.58,108.81,109.60,4345500,483328512.00
2025/01/17,109.45,112.20,107.94,110.12,4550248,502284928.00
2025/01/20,110.61,111.16,106.98,108.34,5027874,548802048.00
2025/01/21,109.62,109.90,107.41,108.92,3509454,382122208.00
2025/01/22,107.78,108.67,106.19,107.38,3059448,328342496.00
2025/01/23,108.41,111.25,106.03,106.03,4526024,493350112.00
2025/01/24,106.00,108.69,105.51,107.89,3554055,382758048.00
2025/01/27,107.87,109.99,105.07,105.69,3640200,389854016.00
2025/02/05,108.20,110.20,106.24,108.79,4843207,527897216.00
2025/02/06,108.24,116.36,107.45,115.66,7463870,843108352.00
2025/02/07,114.21,117.21,112.30,115.26,6923721,798659648.00
2025/02/10,115.28,119.90,114.06,119.24,7720694,906409088.00
2025/02/11,118.48,120.53,115.95,116.70,5201580,614055616.00
2025/02/12,116.70,117.88,115.20,117.66,5526519,645616192.00
2025/02/13,117.10,117.60,112.68,112.70,5486398,629824768.00
2025/02/14,112.76,115.08,110.95,113.69,5132623,581182144.00
2025/02/17,113.55,115.20,112.27,113.28,5128667,583120576.00
2025/02/18,112.70,117.75,111.51,112.40,7585250,872879808.00
2025/02/19,112.01,116.42,111.78,115.60,6832886,785245824.00
2025/02/20,114.70,115.89,112.80,113.73,4395714,502554560.00
2025/02/21,113.91,117.98,112.21,117.01,8127474,943506816.00
2025/02/24,117.01,119.18,115.18,117.46,6239560,732092544.00
2025/02/25,115.50,120.53,114.10,117.81,7596517,893618240.00
2025/02/26,117.88,118.21,113.98,117.19,7569108,879230976.00
2025/02/27,116.68,117.33,111.95,113.79,6267180,718273088.00
2025/02/28,112.70,113.50,105.79,106.84,5876698,641115776.00
2025/03/03,106.58,107.50,105.10,105.53,3535440,376896512.00
2025/03/04,104.81,123.20,104.71,117.41,12979776,1492279680.00
2025/03/05,115.58,119.36,114.40,116.72,9045819,1058612736.00
2025/03/06,115.93,120.82,115.93,119.16,8382120,997260352.00
2025/03/07,118.55,119.05,114.77,115.60,5376680,628585408.00
2025/03/10,114.90,116.37,112.73,114.03,4269363,488117856.00
2025/03/11,112.60,114.29,111.20,112.50,3986351,449324544.00
2025/03/12,112.70,113.70,110.67,110.70,4038186,453165312.00
2025/03/13,111.40,111.88,108.00,109.73,4022083,442546848.00
2025/03/14,109.84,112.51,108.79,111.22,3942459,439696160.00
2025/03/31,112.70,122.56,111.72,115.15,11174984,1305096960.00
2025/04/01,112.90,114.20,108.64,111.20,6440903,714606400.00
2025/04/02,109.90,110.50,108.48,108.72,2939935,322432992.00
2025/04/03,107.72,114.56,107.70,111.39,6014524,678036864.00
2025/04/07,108.20,117.30,105.50,106.70,10350949,1161053952.00
2025/04/08,108.58,116.45,107.70,116.00,10705321,1213765120.00
2025/04/09,114.70,138.69,113.87,126.70,14868969,1849284224.00
2025/04/10,125.70,129.98,119.20,127.19,12007999,1521610880.00
2025/04/11,124.70,134.19,124.68,130.65,11573967,1507560192.00
2025/04/14,129.70,131.88,126.70,129.83,7846152,1015112192.00
2025/04/15,128.71,129.60,122.44,123.24,8596462,1070622528.00
2025/04/16,124.38,125.25,121.50,123.50,6258128,774022720.00
2025/04/17,122.05,125.20,122.05,122.88,4504425,558238272.00
2025/04/18,122.20,124.98,120.04,120.68,4141438,505640960.00
2025/04/21,120.50,124.30,119.51,123.61,4083840,499746848.00
2025/04/22,122.71,124.20,121.31,122.50,3159912,389129952.00
2025/04/23,122.70,123.18,119.90,120.90,3464362,420032160.00
2025/04/24,120.40,120.89,118.42,119.10,2866592,343312128.00
2025/04/25,119.10,122.67,118.18,121.08,3334124,403140192.00
2025/04/28,120.94,120.94,116.20,118.33,3650319,431359136.00
2025/04/29,117.50,119.14,117.20,118.46,2252817,267387840.00
2025/04/30,118.70,120.59,118.23,118.89,3487106,416934912.00
2025/05/06,119.69,121.53,119.23,121.20,3546939,429022144.00
2025/05/07,122.58,123.14,119.51,120.26,3562595,433808000.00
2025/05/08,119.66,120.58,118.82,119.07,2540338,303963264.00
2025/05/09,118.70,120.43,116.20,119.76,3420526,405156480.00
2025/05/12,119.09,120.00,117.20,117.84,3008781,355879040.00
2025/05/13,118.31,118.55,116.21,116.21,2190146,257256368.00
2025/05/14,116.50,117.16,115.08,116.46,2305659,268188960.00
2025/05/15,116.54,116.57,112.46,112.75,2499590,285703264.00
2025/05/16,112.36,113.58,112.06,112.88,1465045,166077984.00
2025/05/19,114.20,116.20,113.70,115.80,2611905,302172864.00
2025/05/20,115.99,117.58,114.90,116.72,2395642,279086880.00
2025/05/21,116.40,116.56,115.38,116.01,1478529,171861280.00
2025/05/22,115.70,117.27,115.06,115.31,1710800,199043376.00
2025/05/23,115.25,115.70,112.50,112.50,2058720,235304256.00
2025/05/26,113.50,116.92,113.50,115.62,2886629,335861248.00
2025/05/27,114.94,116.34,114.52,115.59,1486245,171776624.00
2025/05/28,115.59,116.53,115.31,115.96,1375600,159760656.00
2025/05/29,128.70,135.70,127.71,133.06,17783269,2356161792.00
2025/05/30,131.71,131.83,124.17,126.92,9993264,1271973760.00
2025/06/03,126.92,133.83,126.86,130.16,10562722,1386766976.00
2025/06/04,128.86,131.43,124.85,124.94,7029410,890707008.00
2025/06/05,124.93,126.51,123.59,125.24,4718218,588976896.00
2025/06/06,124.86,124.86,122.18,122.76,3846138,473284768.00
2025/06/09,122.75,123.84,120.97,121.89,3600316,438748352.00
2025/06/10,119.84,121.50,117.98,118.85,5088925,606346368.00
2025/06/11,118.86,120.23,117.85,118.21,3499754,417311872.00
2025/06/12,117.85,118.45,116.85,117.03,3111912,366102528.00
2025/06/13,117.15,118.53,116.86,117.51,3334856,392594976.00
2025/06/16,116.95,118.26,116.51,117.82,2647089,311321248.00
2025/06/17,117.66,118.52,116.92,117.26,2235766,263144208.00
2025/06/18,116.86,118.03,116.25,117.54,2003579,235013440.00
2025/06/19,117.15,119.30,116.91,117.28,2944576,347878336.00
2025/06/20,117.20,120.77,116.90,119.17,4545444,542042304.00
2025/06/23,118.25,121.52,118.07,120.58,3684163,444139168.00
2025/06/24,119.99,121.31,119.36,121.23,3248267,392743712.00
2025/06/25,121.24,122.88,119.86,122.75,4335367,527369952.00
2025/06/26,122.35,123.50,120.16,120.19,3461173,421920000.00
2025/06/27,121.84,122.40,120.22,120.58,2882825,349434272.00
2025/06/30,124.85,127.30,122.85,123.73,6965922,873718080.00
2025/07/01,122.77,126.03,122.32,122.81,4553500,565153920.00
2025/07/02,122.51,122.51,118.95,119.15,4081472,489343072.00
2025/07/03,119.15,119.63,114.56,115.53,6135961,715714176.00
2025/07/04,114.85,117.08,113.53,115.01,3914897,450294048.00
2025/07/07,114.74,114.74,113.64,114.23,2191518,250375232.00
2025/07/08,114.25,115.35,113.87,114.95,2418426,277865536.00
2025/07/09,114.86,115.39,114.40,114.53,2134900,245603168.00
2025/07/10,112.35,112.35,108.35,108.49,7543800,826254144.00
2025/07/11,107.92,110.75,107.55,110.26,3653468,401725600.00
2025/07/14,110.73,110.75,109.15,109.66,2241933,246299520.00
2025/07/15,109.36,110.43,107.87,108.94,3040732,331690048.00
2025/07/16,108.85,110.04,108.85,109.15,2832352,310181536.00
2025/07/17,109.16,110.96,108.65,110.91,3017518,333044384.00
2025/07/18,110.84,111.44,110.27,110.67,2296410,254669920.00
2025/07/21,107.82,110.57,106.91,108.85,3868106,422020672.00
2025/07/22,108.85,109.33,107.37,107.81,4077022,440617088.00
2025/07/23,107.95,108.84,107.66,107.67,3079090,333290976.00
2025/07/24,107.82,110.01,107.82,109.98,4311690,472238432.00
2025/07/25,109.67,110.70,108.33,110.41,4681252,513004576.00
2025/07/28,110.45,111.30,109.51,109.96,3638309,401720032.00
2025/07/29,109.86,112.33,109.35,111.93,5613416,624457152.00
2025/07/30,111.57,112.14,110.05,111.03,3776197,420264384.00
2025/07/31,111.05,113.98,109.84,109.90,4794258,536158560.00
2025/08/01,110.34,111.05,107.86,108.91,3701387,404389120.00
2025/08/04,108.36,109.11,107.85,108.77,3388446,367527488.00
2025/08/05,108.79,110.13,108.05,109.28,4150308,452764224.00
2025/08/06,109.24,112.84,108.65,111.67,5681283,631527808.00
2025/08/07,111.37,113.85,111.23,112.74,6121537,690381056.00
2025/08/08,112.30,112.55,109.95,110.00,4248000,470069376.00
2025/08/11,109.56,112.51,109.43,111.30,3100342,345463200.00
2025/08/12,110.87,112.70,109.56,111.93,5056017,562666688.00
2025/08/13,111.93,113.03,111.45,112.53,5459864,613864960.00
2025/08/14,113.05,115.14,111.23,111.53,7401670,838529408.00
2025/08/15,110.86,113.54,110.44,113.44,6382098,715578112.00
2025/08/18,112.85,118.83,112.39,116.32,10863335,1262216960.00
2025/08/19,115.05,116.65,114.34,114.48,7819517,900758592.00
2025/08/20,114.45,123.35,114.00,120.43,14420195,1715216640.00
2025/08/21,119.80,123.33,118.49,119.25,10590434,1280446720.00
2025/08/22,120.85,127.19,119.75,125.24,14249812,1767877760.00
2025/08/25,129.85,131.14,122.75,124.48,14739856,1857513856.00
2025/08/26,123.73,125.53,121.53,122.99,8485646,1046216000.00
2025/08/27,123.00,129.49,121.65,122.75,13133576,1648089472.00
2025/08/28,123.75,128.12,121.35,128.11,12927858,1616035840.00
2025/08/29,125.68,125.85,122.83,122.85,9895342,1224092672.00
2025/09/01,125.85,138.23,124.23,129.85,14480720,1871099136.00
2025/09/02,129.35,129.84,122.22,122.55,11765489,1478280192.00
2025/09/03,122.67,123.47,119.04,120.09,7143180,866156672.00
2025/09/04,120.20,120.65,111.85,112.86,8652935,1001107776.00
2025/09/05,113.38,114.85,111.65,114.47,6819916,772993152.00
2025/09/08,113.48,114.65,112.40,112.86,7559266,857344384.00
2025/09/09,112.57,115.61,110.85,113.10,6547470,739212608.00
2025/09/10,112.65,114.35,111.75,113.24,5119251,579757440.00
2025/09/11,113.73,117.15,112.65,116.15,8364477,967435392.00
2025/09/12,115.45,118.85,114.46,117.55,9937228,1160225920.00
2025/09/15,122.35,123.35,117.50,117.54,9209239,1102278016.00
2025/09/16,115.85,118.10,115.55,116.98,6527620,762704000.00
2025/09/17,116.37,120.18,115.74,119.43,8227881,976625600.00
2025/09/18,118.94,122.74,116.64,118.73,12224963,1474100864.00
2025/09/19,119.25,121.73,117.97,118.08,8706004,1044002816.00
2025/09/22,118.04,121.74,116.41,121.64,9813638,1177177728.00
2025/09/23,121.49,125.85,119.25,125.81,15297451,1878705024.00
2025/09/24,124.35,130.63,123.35,126.91,16055497,2040167424.00
2025/09/25,126.27,128.75,125.85,127.71,10829320,1380207872.00
2025/09/26,127.21,129.34,124.35,124.51,9103411,1150202112.00
2025/09/29,124.64,125.11,121.87,123.56,7275910,898700416.00
2025/09/30,125.06,128.45,124.35,126.15,8653767,1096421632.00
2025/10/09,127.25,137.14,126.43,131.67,16579499,2180572928.00
2025/10/10,129.85,130.35,121.35,121.66,12264650,1527136512.00
2025/10/13,129.91,146.02,129.85,136.01,36136630,5051366400.00
2025/10/14,133.94,133.94,124.53,126.06,25731327,3323759616.00
2025/10/15,126.05,138.73,123.65,135.27,26734449,3581221888.00
2025/10/16,131.85,134.85,127.98,129.05,15992023,2091814144.00
2025/10/17,128.38,129.85,123.64,123.66,12530912,1567593984.00
2025/10/20,124.82,125.88,120.86,121.72,10951604,1353896960.00
2025/10/21,121.75,123.21,121.73,122.48,7210146,883610240.00
2025/10/22,121.35,123.65,119.63,121.77,7869456,955345536.00
2025/10/23,125.05,126.27,120.35,122.55,9200149,1135106304.00
2025/10/24,122.55,126.21,121.97,125.49,10674500,1332240640.00
2025/10/27,124.95,127.46,121.65,126.27,13945680,1734168448.00
2025/10/28,124.85,131.75,123.87,126.83,13012497,1666527872.00
2025/10/29,125.70,127.62,124.91,126.10,7604735,959766656.00
2025/10/30,123.57,126.85,120.77,121.86,10503013,1291716224.00
2025/10/31,121.36,123.40,118.97,120.96,7380411,896427584.00
2025/11/03,120.92,121.35,116.75,118.62,7266558,862115712.00
2025/11/04,118.25,119.05,115.16,116.10,5138978,602389568.00
2025/11/05,114.63,117.13,113.35,115.70,5869998,676631104.00
2025/11/06,115.84,117.15,115.36,115.96,5378850,625731392.00
2025/11/07,115.06,115.36,113.57,113.77,4399242,503316608.00
2025/11/10,113.85,116.54,113.71,115.95,4227625,485454112.00
2025/11/11,115.95,116.61,112.37,112.61,6240870,711365952.00
2025/11/12,112.61,113.33,110.53,111.03,3857242,431540960.00
2025/11/13,110.92,112.38,110.86,111.98,2911922,326035552.00
2025/11/14,111.24,112.43,110.65,110.85,3050547,340547936.00
2025/11/17,110.86,113.12,110.86,111.88,3327993,373567456.00
2025/11/18,111.80,112.84,111.37,112.20,3071596,345410752.00
2025/11/19,112.12,112.55,107.85,108.83,4800205,528681664.00
2025/11/20,109.82,110.42,106.85,106.85,3582183,387937344.00
2025/11/21,105.65,106.83,101.95,102.05,5625320,584720064.00
2025/11/24,102.36,104.03,101.06,103.83,3770101,387471200.00
2025/11/25,103.83,105.08,103.29,103.44,3692795,385390784.00
2025/11/26,103.11,104.93,102.76,103.55,3411107,354906400.00
2025/11/27,103.12,106.15,103.06,104.65,4865059,508840000.00
2025/11/28,103.60,104.56,102.77,104.45,3102147,322428672.00
2025/12/01,103.85,105.71,103.35,105.65,3579584,376017472.00
2025/12/02,107.85,108.19,105.02,105.39,4310251,459335488.00
2025/12/03,104.85,105.49,103.18,103.43,3123410,324887808.00
2025/12/04,103.41,104.40,102.52,103.82,2539025,263134768.00
2025/12/05,104.00,104.45,102.57,104.31,2795250,289784736.00
2025/12/08,103.85,106.69,103.85,106.29,4257351,450681568.00
2025/12/09,106.29,107.35,105.08,105.31,3095458,328754976.00
2025/12/10,104.85,107.05,103.85,106.95,3566323,378047744.00
2025/12/11,107.06,107.24,104.69,104.73,3006386,318820704.00
2025/12/12,104.79,107.33,103.98,106.16,5118082,543897280.00
2025/12/15,105.84,106.12,103.93,104.00,3303727,347272256.00
2025/12/16,103.85,104.35,101.87,102.61,2863791,294952192.00
2025/12/17,102.59,103.78,101.10,103.74,3925893,402733024.00
2025/12/18,103.12,104.35,102.91,103.01,2226506,230848112.00
2025/12/19,103.09,103.85,102.87,103.16,2384337,246706864.00
2025/12/22,103.81,107.18,103.56,106.41,5729358,607398272.00
2025/12/23,106.35,109.05,105.88,106.22,5117511,552173120.00
2025/12/24,105.86,108.23,105.73,107.90,3946976,424329184.00
2025/12/25,108.08,108.95,107.36,107.91,2933774,317427040.00
2025/12/26,107.85,109.91,106.42,109.80,5131604,555514048.00
2025/12/29,109.37,109.51,107.01,107.25,3891526,421287968.00
2025/12/30,106.85,108.85,106.85,107.14,2709619,291976608.00
2025/12/31,107.21,107.73,106.17,106.18,2444346,260814128.00
2026/01/05,106.65,109.58,106.52,109.23,5271197,574768640.00
2026/01/06,109.22,111.43,108.53,111.21,6201004,684507328.00
2026/01/07,111.23,113.52,110.45,111.85,6291952,705414720.00
2026/01/08,111.85,113.71,111.15,112.87,5643978,638232960.00
2026/01/09,112.43,113.62,111.97,113.55,5487461,620001408.00
2026/01/12,111.62,115.30,110.07,115.29,10963597,1244752512.00
2026/01/13,115.29,118.85,112.88,113.24,10515546,1219238016.00
2026/01/14,113.15,119.54,113.15,116.82,12426840,1453532288.00
2026/01/15,115.85,117.21,113.86,115.62,6846176,792064640.00
2026/01/16,116.21,119.10,114.15,117.45,8420763,983525184.00
2026/01/19,117.25,117.75,114.22,114.91,7417412,857795392.00
2026/01/20,114.91,116.20,112.61,113.35,5416373,617232832.00
2026/01/21,112.43,120.67,112.43,117.28,12256638,1449243392.00
2026/01/22,118.86,119.35,114.74,115.46,7219195,838607872.00
2026/01/23,115.80,116.24,114.35,115.51,6137225,707289152.00
2026/01/26,115.44,115.95,110.45,111.30,7316564,821855552.00
2026/01/27,110.64,112.54,108.85,111.03,6953117,771926016.00
2026/01/28,111.43,112.40,107.95,108.34,7225792,792291200.00
2026/01/29,107.83,109.05,104.85,104.96,7131895,761892864.00
2026/01/30,104.12,105.35,102.25,102.95,5667288,587520512.00
2026/02/02,102.83,102.83,98.05,98.09,7089411,711740992.00
2026/02/03,99.35,99.75,97.51,99.44,4123527,407998880.00
2026/02/04,98.74,98.75,96.29,97.83,4650101,453612032.00
2026/02/05,96.86,98.78,96.86,98.00,3716854,365293856.00
2026/02/06,97.36,98.40,96.74,97.10,3789315,370118848.00
2026/02/09,98.10,99.25,97.36,98.84,3980147,391807040.00
2026/02/10,98.85,99.83,98.33,99.32,3250374,322840672.00
2026/02/11,99.40,100.35,98.81,99.99,3105546,309829440.00
2026/02/12,100.15,103.72,99.07,102.15,5164500,524866496.00
2026/02/13,101.35,106.65,101.16,105.48,7504092,789110720.00
2026/02/24,104.75,105.45,101.73,102.45,5384041,552678208.00
2026/02/25,102.33,102.84,101.07,102.05,3558403,363862944.00
2026/02/26,102.15,102.35,100.60,101.18,4358015,442251776.00
2026/02/27,100.62,101.03,99.67,100.83,3483715,349757632.00
2026/03/02,99.35,100.55,97.92,98.96,3742904,371217152.00
2026/03/03,99.16,100.13,93.80,93.85,5918304,570139200.00
2026/03/04,92.86,94.84,92.56,93.50,3233380,303106720.00
2026/03/05,94.79,96.10,94.38,94.83,3097697,295357536.00
2026/03/06,94.37,95.90,94.35,95.42,2023923,193345072.00
2026/03/09,93.85,95.93,92.07,95.51,4183601,392880384.00
2026/03/10,96.10,97.53,95.45,97.22,3408478,329545248.00
2026/03/11,97.22,97.44,95.81,95.83,2851210,275456384.00
2026/03/12,95.87,96.54,94.43,94.75,2547339,242643360.00
2026/03/13,94.12,94.63,93.36,93.52,2162260,203438576.00
2026/03/16,93.19,95.19,92.81,94.83,2974015,280107904.00
2026/03/17,94.85,95.05,89.25,89.80,8304927,758321024.00
2026/03/18,89.75,90.37,88.73,90.34,3503002,314737440.00
2026/03/19,88.90,89.61,87.51,87.89,4289299,378971232.00
2026/03/20,88.05,88.58,85.85,85.85,3685002,322078400.00
2026/03/23,84.85,85.17,80.68,81.07,5512631,456697120.00
2026/03/24,82.45,82.62,80.59,82.18,3909245,319849312.00
2026/03/25,82.79,84.23,82.46,83.87,3271235,273863712.00
2026/03/26,83.85,84.15,81.92,82.28,2441486,202944464.00
2026/03/27,80.59,83.70,80.59,83.07,2564882,212268752.00
2026/03/30,81.85,82.76,81.53,82.20,2401162,197813968.00
2026/03/31,81.87,83.30,80.95,80.97,2509280,206312848.00
2026/04/01,82.38,83.23,82.21,82.99,2799009,232101072.00
2026/04/02,82.62,82.81,80.48,81.00,2650900,216318352.00
2026/04/03,81.54,83.20,80.05,82.15,4022609,329081312.00
2026/04/07,82.22,83.35,81.56,82.02,3166060,261642528.00
2026/04/08,83.97,85.35,83.48,85.33,5858195,496151232.00
2026/04/09,84.03,84.81,83.47,84.05,3479344,293390912.00
2026/04/10,84.55,85.65,84.31,84.36,4370610,372164896.00
2026/04/13,82.86,85.04,82.85,84.24,3762401,317364448.00
2026/04/14,84.85,86.34,84.67,86.21,5266716,451553728.00
2026/04/15,86.65,86.73,85.00,85.10,4573497,393780416.00
2026/04/16,85.17,85.73,84.35,84.97,3854773,328127488.00
2026/04/17,84.65,86.35,83.44,85.70,4737333,404047264.00
2026/04/20,85.73,89.47,85.38,87.55,6902175,606573184.00
2026/04/21,87.35,87.35,84.61,85.35,4637538,396931552.00
2026/04/22,85.35,87.18,84.55,87.05,4631186,401065888.00
2026/04/23,87.05,88.54,86.10,86.63,5124428,447676224.00
2026/04/24,86.26,88.18,85.44,87.00,5064624,440517088.00
2026/04/27,87.85,93.85,87.35,92.62,12606918,1158729472.00
2026/04/28,87.75,87.75,82.18,82.45,16328771,1377869184.00
2026/04/29,82.19,85.45,81.28,84.50,9726591,815685248.00
2026/04/30,86.43,90.35,84.41,88.67,14300451,1251130624.00
2026/05/06,89.76,92.55,89.43,90.07,11438999,1043056768.00
2026/05/07,90.97,92.83,90.75,92.38,9278747,854099712.00
2026/05/08,91.85,93.75,90.94,92.05,8359201,772943168.00
2026/05/11,93.10,96.02,92.70,94.27,11433764,1079923072.00
2026/05/12,93.85,97.36,92.63,95.65,12140166,1158619520.00
2026/05/13,94.85,96.19,92.96,95.82,9275957,878675584.00
2026/05/14,96.80,98.08,94.12,94.12,10768169,1038820928.00
2026/05/15,94.50,98.13,92.57,95.52,11145383,1064981056.00
2026/05/18,94.77,96.75,93.51,94.39,7864242,747015936.00
2026/05/19,94.19,95.13,92.09,94.93,8254637,774372800.00
2026/05/20,94.93,103.35,94.92,103.24,18350971,1823703168.00
2026/05/21,101.63,106.54,96.65,97.07,19818037,2002528128.00
2026/05/22,97.10,108.73,96.53,108.54,27931405,2928680960.00
2026/05/25,106.85,130.28,105.85,124.89,51819752,6251195392.00
2026/05/26,130.38,137.41,125.85,134.85,65748443,8677659648.00
2026/05/27,129.85,132.15,124.85,127.27,39948285,5135138304.00
2026/05/28,123.92,129.45,119.04,128.43,32453560,4061921792.00
2026/05/29,124.95,125.32,110.96,114.35,32729241,3844899072.00
2026/06/01,112.11,113.32,105.43,105.75,22075220,2394386688.00
2026/06/02,107.00,109.15,104.68,105.30,20180125,2157518336.00
2026/06/03,105.00,110.90,105.00,105.83,21362650,2313609472.00
2026/06/04,103.13,107.37,101.95,103.63,17923800,1867815296.00
2026/06/05,102.99,103.81,98.10,98.73,20823071,2086933760.00
2026/06/08,94.01,98.23,93.50,95.15,15262687,1459489024.00
2026/06/09,96.65,100.78,94.82,99.50,16355709,1600595456.00
2026/06/10,98.49,99.90,96.10,96.87,11496740,1128286208.00
2026/06/11,95.80,98.49,95.10,96.45,10684486,1031784128.00
2026/06/12,99.50,99.91,94.10,94.57,14618896,1413043712.00
2026/06/15,96.05,101.75,94.52,101.65,15921043,1571942400.00
2026/06/16,101.07,101.14,98.26,99.61,13122838,1308868096.00
2026/06/17,98.00,105.29,97.40,105.01,17517774,1784415616.00
2026/06/18,104.00,105.00,102.90,104.00,13362928,1389719168.00
2026/06/22,105.40,106.18,99.11,101.71,15793779,1615885824.00
2026/06/23,100.95,105.43,99.23,101.30,12785850,1305261824.00
2026/06/24,99.98,109.07,97.50,107.85,20196807,2115079424.00
2026/06/25,109.70,110.75,104.30,110.10,20244548,2184037888.00
2026/06/26,110.00,117.99,103.51,113.76,25555573,2847758848.00
2026/06/29,111.11,118.15,108.22,114.26,24157290,2726081280.00
2026/06/30,113.45,120.00,110.05,119.42,23661521,2751713024.00
2026/07/01,117.33,123.51,116.00,118.78,24014590,2869299200.00
2026/07/02,114.19,116.09,107.83,108.10,18614247,2078224768.00
2026/07/03,108.48,109.50,102.61,102.77,17710342,1860152064.00
2026/07/06,109.40,123.30,108.80,117.21,33685847,3900095232.00
2026/07/07,113.50,121.50,113.46,119.39,23544104,2779650560.00
2026/07/08,118.15,120.58,109.50,117.18,23368214,2711756288.00
2026/07/09,119.00,124.39,114.44,123.41,30571828,3690452480.00
2026/07/10,122.56,124.06,112.40,112.40,28360622,3370297600.00
2026/07/13,111.18,127.96,110.73,119.83,28619954,3413241856.00
2026/07/14,119.00,121.90,113.00,116.79,20103843,2363041024.00
2026/07/15,116.00,116.66,107.98,110.13,16259026,1805841920.00
2026/07/16,106.04,112.63,104.95,106.21,13540742,1470692224.00
2026/07/17,106.29,108.50,97.00,97.50,15446581,1591732608.00
2026/07/20,100.00,100.79,90.97,93.72,15443205,1477376640.00
2026/07/21,95.13,100.70,93.61,99.89,13916428,1354076416.00
2026/07/22,98.60,101.98,97.65,98.13,11039323,1096792576.00
2026/07/23,97.80,98.60,92.78,93.06,10925368,1035677632.00
2026/07/24,91.23,94.33,90.99,91.45,6563442,608100160.00
2026/07/27,90.90,92.85,88.38,92.22,6281432,573574464.00
2026/07/28,90.61,92.45,89.00,89.40,7100005,644690176.00
2026/07/29,90.44,90.44,86.00,90.00,7673870,676879040.00
2026/07/30,89.01,89.80,85.18,85.49,8197139,713474112.00
2026/07/31,92.00,92.00,87.39,87.40,8961204,801940224.00
2026/08/03,86.98,87.99,85.71,87.05,6953083,602791936.00
2026/08/04,89.10,90.18,88.20,89.81,7083466,633250880.00
2026/08/05,89.81,93.90,89.01,92.85,10077632,929976000.00
2026/08/06,91.34,94.86,91.05,94.40,9420888,874190464.00
2026/08/07,93.39,95.99,92.81,94.69,9098704,859716224.00
2026/08/10,95.00,95.00,92.50,93.13,6072849,566211968.00
2026/08/11,93.00,100.00,92.60,97.96,12461172,1208493312.00
2026/08/12,98.80,100.88,97.60,98.35,6867116,677699264.00
2026/08/13,99.60,99.60,95.70,95.74,8325776,813305600.00
2026/08/14,96.99,97.50,94.22,95.90,5765053,550676864.00
2026/08/17,95.90,99.39,95.02,99.17,8708598,854459008.00
2026/08/18,98.23,103.30,97.15,101.72,9695159,966395840.00
2026/08/19,99.70,100.37,96.45,97.01,8771155,859241984.00
2026/08/20,97.90,97.97,94.27,94.64,6295632,604738752.00
2026/08/21,94.99,96.69,94.32,95.20,5079935,485021088.00
2026/08/24,95.12,95.19,90.07,91.25,5871359,539645120.00
2026/08/25,90.33,92.86,89.01,92.40,4557016,415051360.00
2026/08/26,92.35,95.05,92.08,94.30,5076180,477991424.00
2026/08/27,94.47,97.11,93.73,96.62,6315918,602859008.00
2026/08/28,96.62,100.60,96.02,96.10,8329360,817634496.00
2026/08/31,94.76,100.78,94.60,99.71,9292551,912825088.00
2026/09/01,100.02,101.50,97.51,97.61,4985982,490815648.00
2026/09/02,96.70,96.80,94.04,94.09,5203058,494212320.00
2026/09/03,95.00,95.10,92.00,92.47,4241112,395316576.00
2026/09/04,92.75,93.49,88.88,89.70,6777513,619150976.00
2026/09/07,92.88,93.98,90.78,93.28,7450111,688923584.00
2026/09/08,93.28,94.87,90.12,90.36,7034660,648116416.00
2026/09/09,90.11,90.90,89.02,89.50,4144526,372269504.00
2026/09/10,89.00,90.10,88.60,89.01,2746428,245227200.00
2026/09/11,88.28,88.35,85.85,86.52,5182181,449791808.00
2026/09/14,86.01,86.42,84.35,84.58,4865600,413260160.00
#数据来源:通达信
