300069 金利华电 日线 前复权
      日期	    开盘	    最高	    最低	    收盘	    成交量	    成交额
2021/08/02,22.71,24.22,22.43,24.19,2677500,64066780.00
2021/08/03,24.28,25.76,23.82,25.18,2748475,68632760.00
2021/08/04,24.96,26.32,24.91,25.79,3213703,82415752.00
2021/08/05,25.78,25.99,24.30,24.79,3183433,80190176.00
2021/08/06,25.30,25.30,23.63,24.64,2138600,51902800.00
2021/08/09,24.81,24.83,23.76,23.91,1525835,36656676.00
2021/08/10,23.86,24.30,23.41,23.86,1407220,33529844.00
2021/08/11,23.77,23.99,23.20,23.51,1299771,30503820.00
2021/08/12,23.67,23.77,23.12,23.57,936220,21977754.00
2021/08/13,23.40,23.55,22.26,22.80,1886302,42799652.00
2021/08/16,22.51,23.15,22.30,22.85,1074576,24554908.00
2021/08/17,23.14,23.14,21.40,21.41,1754040,38397704.00
2021/08/18,21.78,21.80,21.02,21.43,899456,19192062.00
2021/08/19,21.43,25.50,21.43,24.52,3353875,78995776.00
2021/08/20,24.52,26.14,23.85,24.97,3342667,82744104.00
2021/08/23,24.65,25.13,24.51,24.75,1516700,37604376.00
2021/08/24,24.74,25.08,24.21,25.00,1365100,33858956.00
2021/08/25,25.00,25.50,24.51,24.72,959501,23785178.00
2021/08/26,24.57,25.82,24.53,25.43,2347802,59285088.00
2021/08/27,25.61,25.65,23.35,23.84,2144000,51490568.00
2021/08/30,23.75,25.44,23.67,25.11,1871500,46421572.00
2021/08/31,24.98,25.01,24.10,24.69,1344796,32995274.00
2021/09/01,24.61,24.86,23.59,23.82,1160900,27883424.00
2021/09/02,23.92,24.84,23.65,24.35,1298776,31635302.00
2021/09/03,24.20,24.73,24.08,24.25,974084,23753466.00
2021/09/06,24.69,24.70,23.20,23.55,1399790,32835084.00
2021/09/07,23.92,24.90,23.61,24.41,1144974,28037454.00
2021/09/08,24.41,24.69,24.00,24.63,825000,20112194.00
2021/09/09,24.90,24.93,24.13,24.50,868208,21254530.00
2021/09/10,24.73,27.80,24.44,26.28,3564323,93675320.00
2021/09/13,25.70,25.71,24.11,24.48,2840290,69778720.00
2021/09/14,24.25,24.42,23.53,23.80,1413700,33759912.00
2021/09/15,24.00,24.15,23.62,23.85,869229,20701814.00
2021/09/16,23.65,24.31,23.41,24.17,1103764,26439778.00
2021/09/17,24.50,24.50,23.49,24.11,987900,23786572.00
2021/09/22,23.97,24.25,23.33,23.92,504800,12069877.00
2021/09/23,24.30,24.30,23.55,23.94,743401,17746136.00
2021/09/24,23.90,24.30,23.72,24.28,607500,14622438.00
2021/09/27,24.32,26.45,24.01,24.31,3002120,75729216.00
2021/09/28,24.71,24.71,23.57,23.98,757949,18113898.00
2021/09/29,23.98,24.48,23.70,23.80,634000,15228293.00
2021/09/30,23.81,24.34,23.71,24.26,724166,17462776.00
2021/10/08,24.30,25.00,24.12,24.99,941500,23042964.00
2021/10/11,25.00,26.65,24.72,26.05,2210644,57326568.00
2021/10/12,26.12,26.43,25.75,26.19,1471905,38461664.00
2021/10/13,26.28,26.66,25.99,26.58,1161220,30672770.00
2021/10/14,26.60,27.80,26.57,27.80,2467681,67659528.00
2021/10/15,28.20,28.24,22.25,25.90,2981144,78088400.00
2021/10/18,25.93,28.70,25.88,28.70,3648666,101861168.00
2021/11/02,28.90,29.00,23.69,23.78,5762212,144703024.00
2021/11/03,22.51,23.81,21.52,22.49,3680275,82434080.00
2021/11/04,22.49,22.49,21.31,21.48,2944175,63823692.00
2021/11/05,20.99,21.29,20.00,20.33,2784631,57261296.00
2021/11/08,20.08,20.96,20.08,20.63,1619156,33339564.00
2021/11/09,20.81,23.19,20.52,23.18,3241205,71757496.00
2021/11/10,23.16,24.30,22.10,23.72,3273834,76462376.00
2021/11/11,23.72,24.48,23.37,24.31,1791575,42987156.00
2021/11/12,24.80,25.79,24.12,25.24,2652196,66529628.00
2021/11/15,25.35,25.47,24.10,24.25,1946200,47566936.00
2021/11/16,24.43,24.43,23.49,23.69,1568000,37342368.00
2021/11/17,24.12,26.00,23.73,25.91,2632950,66809792.00
2021/11/18,25.59,27.20,25.40,25.87,2100955,55036628.00
2021/11/19,25.69,26.42,25.11,26.09,1491155,38555396.00
2021/11/22,26.09,26.31,25.40,25.59,1080200,27806880.00
2021/11/23,25.59,25.79,25.02,25.36,751700,19088784.00
2021/11/24,25.78,25.78,24.65,24.79,833800,20745162.00
2021/11/25,24.79,25.70,24.28,25.47,1160450,28904490.00
2021/11/26,25.02,25.65,24.48,24.55,1003350,24800196.00
2021/11/29,24.50,24.88,23.90,24.06,1035604,25175392.00
2021/11/30,24.53,25.59,24.10,25.08,1528978,38259764.00
2021/12/01,25.08,26.19,24.79,25.89,1955250,49674976.00
2021/12/02,25.48,25.99,24.80,24.95,1050700,26352290.00
2021/12/03,24.95,25.33,24.26,24.40,942800,23329048.00
2021/12/06,24.39,24.76,23.68,23.86,1232500,29656744.00
2021/12/07,24.31,24.35,22.95,23.50,928800,21660334.00
2021/12/08,23.38,23.75,23.33,23.66,391954,9244136.00
2021/12/09,23.60,23.86,23.25,23.49,606676,14314663.00
2021/12/10,23.49,25.35,23.10,25.17,1722896,42052180.00
2021/12/13,25.25,25.25,24.04,24.31,1266000,30994648.00
2021/12/14,24.45,25.16,24.08,24.79,1067900,26509552.00
2021/12/15,24.74,25.56,24.42,25.36,1363000,34199128.00
2021/12/16,25.41,25.54,25.07,25.19,1159000,29257428.00
2021/12/17,25.20,25.52,24.69,24.92,741576,18571784.00
2021/12/20,24.64,25.27,24.22,24.34,908496,22361182.00
2021/12/21,24.31,24.63,24.15,24.28,477773,11598668.00
2021/12/22,24.29,25.73,24.15,24.58,1437970,35804304.00
2021/12/23,24.15,24.70,23.86,23.98,809649,19525376.00
2021/12/24,23.98,24.28,23.36,23.57,1074300,25465440.00
2021/12/27,23.28,24.18,23.28,23.69,464200,11039322.00
2021/12/28,24.26,24.26,23.50,23.91,1129300,26988696.00
2021/12/29,23.84,24.10,23.61,23.78,861800,20494804.00
2021/12/30,23.92,23.94,23.30,23.39,818800,19219688.00
2021/12/31,23.41,23.76,22.88,23.06,657900,15291824.00
2022/01/04,23.25,23.45,22.86,23.37,784500,18194752.00
2022/01/05,23.45,23.45,22.28,22.65,1027203,23305946.00
2022/01/06,22.80,23.67,22.66,23.29,600903,13987605.00
2022/01/07,23.12,23.62,22.57,22.58,535100,12292707.00
2022/01/10,22.58,23.29,22.32,23.02,658200,15085948.00
2022/01/11,23.50,24.34,23.07,23.33,872180,20780340.00
2022/01/12,23.41,24.27,23.40,23.97,1030600,24468840.00
2022/01/13,24.00,24.60,23.52,23.70,1135409,27314860.00
2022/01/14,24.00,24.00,23.20,23.29,627006,14731343.00
2022/01/17,23.50,24.20,23.50,23.81,722703,17293524.00
2022/01/18,23.91,24.20,23.23,23.42,678569,15967184.00
2022/01/19,23.27,23.68,23.07,23.21,363465,8471634.00
2022/01/20,23.43,23.43,21.80,22.13,914400,20497678.00
2022/01/21,22.17,22.58,21.80,22.12,486800,10743336.00
2022/01/24,22.50,22.56,21.63,21.70,607800,13420494.00
2022/01/25,21.70,21.90,20.78,20.90,719121,15339566.00
2022/01/26,21.09,21.41,20.79,20.86,493700,10438308.00
2022/01/27,21.02,21.02,19.36,19.50,1575901,31437688.00
2022/01/28,19.42,20.32,19.13,19.99,1023700,20343226.00
2022/02/07,20.40,20.68,19.89,20.59,669000,13629147.00
2022/02/08,20.70,20.85,20.12,20.42,567600,11612412.00
2022/02/09,20.75,20.75,20.24,20.63,290101,5961686.50
2022/02/10,20.64,20.90,20.05,20.22,687600,14011232.00
2022/02/11,20.54,20.54,19.55,19.87,610200,12077958.00
2022/02/14,19.92,20.31,19.26,19.96,612000,12216722.00
2022/02/15,19.96,20.22,19.69,19.90,472600,9415716.00
2022/02/16,19.90,20.88,19.89,20.42,849900,17357728.00
2022/02/17,20.40,20.91,20.29,20.56,598800,12346014.00
2022/02/18,20.50,21.38,20.23,21.30,901300,18754154.00
2022/02/21,21.30,21.31,20.63,20.78,663180,13884566.00
2022/02/22,20.78,21.00,20.40,20.63,862000,17742280.00
2022/02/23,20.64,20.98,20.40,20.90,496028,10309244.00
2022/02/24,20.90,21.19,19.98,20.30,960429,19705636.00
2022/02/25,20.34,21.31,20.34,21.03,693000,14549824.00
2022/02/28,21.14,21.27,20.56,20.88,589024,12294442.00
2022/03/01,20.88,21.22,20.65,21.09,525200,11036574.00
2022/03/02,21.09,21.38,20.85,21.25,389996,8253736.00
2022/03/03,21.25,21.58,20.79,20.88,742900,15704235.00
2022/03/04,20.90,20.93,20.54,20.78,660300,13676385.00
2022/03/07,20.78,21.09,20.55,20.80,347300,7226795.00
2022/03/08,20.62,20.79,19.91,20.05,692600,14034090.00
2022/03/09,20.07,20.29,18.55,19.24,778100,15016526.00
2022/03/10,19.62,20.44,19.62,19.88,736700,14772461.00
2022/03/11,20.00,20.12,19.25,20.02,702900,13805340.00
2022/03/14,19.65,19.99,19.35,19.39,466400,9154458.00
2022/03/15,19.32,19.93,18.05,18.10,688600,12823874.00
2022/03/16,18.21,18.66,17.67,18.40,568900,10397729.00
2022/03/17,18.46,18.99,18.39,18.52,430700,8047337.00
2022/03/18,18.52,19.06,18.04,19.00,450900,8482992.00
2022/03/21,19.40,20.82,19.01,20.12,1095800,22123532.00
2022/03/22,20.15,20.83,19.68,19.95,562900,11252464.00
2022/03/23,20.00,20.40,19.86,20.00,484800,9748067.00
2022/03/24,19.81,20.85,19.73,20.19,1101500,22533332.00
2022/03/25,20.60,20.87,19.94,20.06,603200,12227996.00
2022/03/28,19.98,20.00,19.40,19.66,1349991,26503922.00
2022/03/29,19.70,19.71,19.15,19.34,493900,9565435.00
2022/03/30,19.35,19.46,19.11,19.42,505700,9799557.00
2022/03/31,20.51,20.70,19.03,19.12,2036200,40629668.00
2022/04/01,19.00,19.33,18.80,19.12,867700,16538915.00
2022/04/06,18.87,19.35,18.73,18.95,754300,14371384.00
2022/04/07,18.86,19.15,18.63,18.63,509200,9594203.00
2022/04/08,18.75,18.81,18.17,18.32,493200,9041612.00
2022/04/11,18.11,18.19,17.71,17.76,479700,8575338.00
2022/04/12,17.76,18.50,17.56,18.44,387249,7006053.00
2022/04/13,18.74,18.74,17.96,17.96,276400,5020148.00
2022/04/14,17.80,18.20,17.71,17.77,426300,7654951.00
2022/04/15,17.87,17.97,17.19,17.50,464600,8129111.00
2022/04/18,17.20,17.69,17.10,17.57,289900,5050548.00
2022/04/19,17.88,18.06,17.24,17.57,313600,5576743.00
2022/04/20,18.10,18.10,17.25,17.28,358400,6302524.00
2022/04/21,17.40,17.50,16.63,16.97,448820,7651217.50
2022/04/22,16.70,17.25,16.26,17.02,344900,5813766.00
2022/04/25,16.98,16.98,15.16,15.18,863800,13687294.00
2022/04/26,15.67,15.67,14.26,14.26,734800,10933688.00
2022/04/27,14.26,14.87,13.86,14.79,1201200,17277176.00
2022/04/28,15.17,15.17,14.40,14.80,677600,9926386.00
2022/04/29,15.18,16.14,14.51,15.93,676249,10516056.00
2022/05/05,16.23,16.50,15.81,16.07,379800,6127548.00
2022/05/06,15.80,16.27,15.72,16.08,397500,6385866.00
2022/05/09,16.40,16.48,16.00,16.14,422000,6839915.00
2022/05/10,15.89,16.55,15.80,16.30,697700,11358531.00
2022/05/11,16.20,16.90,16.20,16.44,925400,15426324.00
2022/05/12,16.27,16.84,16.27,16.61,640900,10645325.00
2022/05/13,16.80,17.10,16.52,16.90,1104700,18599044.00
2022/05/16,16.98,17.30,16.81,16.97,671400,11463786.00
2022/05/17,17.02,17.13,16.72,16.94,508000,8622568.00
2022/05/18,16.94,17.75,16.94,17.50,947000,16464666.00
2022/05/19,17.12,18.14,17.12,18.09,596336,10615924.00
2022/05/20,18.08,18.64,17.99,18.37,980500,18020270.00
2022/05/23,18.60,18.69,18.07,18.55,464896,8575564.00
2022/05/24,18.64,18.79,17.82,17.82,783129,14302434.00
2022/05/25,17.75,18.28,17.75,18.25,554300,10048407.00
2022/05/26,18.60,18.60,17.96,18.23,473500,8645018.00
2022/05/27,18.15,18.57,18.14,18.32,520400,9558272.00
2022/05/30,18.35,18.68,18.24,18.43,518200,9581565.00
2022/05/31,18.60,18.68,18.33,18.40,445400,8250432.50
2022/06/01,18.78,19.44,18.35,18.99,788174,15008309.00
2022/06/02,18.80,19.49,18.79,19.42,493800,9515434.00
2022/06/06,19.42,20.25,19.42,20.03,663100,13245408.00
2022/06/07,19.95,20.34,19.69,20.09,409300,8178955.00
2022/06/08,20.09,20.28,19.36,19.58,668300,13171827.00
2022/06/09,19.38,19.45,18.66,19.00,483000,9205774.00
2022/06/10,19.01,19.40,18.60,19.19,502200,9646525.00
2022/06/13,19.19,19.65,19.00,19.34,557200,10803108.00
2022/06/14,19.48,19.65,18.91,19.17,598900,11508852.00
2022/06/15,19.46,19.81,18.75,18.77,683700,13148393.00
2022/06/16,18.81,19.50,18.80,19.34,533000,10260731.00
2022/06/17,19.26,19.65,18.60,19.06,879900,16759514.00
2022/06/20,19.26,19.74,19.17,19.46,632740,12310976.00
2022/06/21,19.80,19.90,18.92,19.22,649900,12618321.00
2022/06/22,19.20,19.95,18.78,19.68,953400,18760300.00
2022/06/23,19.67,20.10,19.28,20.08,1112000,21972018.00
2022/06/24,20.17,20.25,19.82,19.93,634100,12706614.00
2022/06/27,19.82,20.32,19.69,20.07,551200,11047594.00
2022/06/28,20.07,20.20,19.87,20.00,585700,11728082.00
2022/06/29,19.80,20.17,19.51,19.52,602200,11920639.00
2022/06/30,19.90,20.00,19.25,19.31,565316,11040640.00
2022/07/01,19.28,19.32,18.89,18.97,574000,10944887.00
2022/07/04,19.28,19.29,18.47,19.00,800016,15088651.00
2022/07/05,19.01,19.18,18.43,18.45,611854,11439251.00
2022/07/06,18.74,18.96,18.28,18.37,655900,12174001.00
2022/07/07,18.37,18.85,18.28,18.72,420668,7859359.00
2022/07/08,18.73,19.65,18.73,18.78,1277600,24277072.00
2022/07/11,18.75,18.78,17.85,18.13,1021945,18591086.00
2022/07/12,17.95,18.48,17.95,18.06,517100,9397135.00
2022/07/13,18.35,18.35,17.72,18.27,528650,9531355.00
2022/07/14,18.35,18.80,18.00,18.67,736306,13619265.00
2022/07/15,18.82,18.89,18.17,18.18,478800,8813633.00
2022/07/18,18.00,18.78,18.00,18.13,635300,11573353.00
2022/07/19,18.03,18.56,18.03,18.31,557500,10242227.00
2022/07/20,18.31,18.56,18.01,18.50,406500,7488851.00
2022/07/21,18.26,18.74,18.21,18.24,458900,8468887.00
2022/07/22,18.42,18.66,17.93,18.28,498206,9097236.00
2022/07/25,18.44,18.44,17.86,18.04,581874,10495782.00
2022/07/26,18.04,18.34,17.50,18.32,538000,9679608.00
2022/07/27,18.32,18.48,18.11,18.36,334000,6130535.00
2022/07/28,18.31,18.66,18.26,18.47,382500,7084716.00
2022/07/29,18.29,18.93,18.29,18.57,592200,11051322.00
2022/08/01,18.58,18.78,18.38,18.60,544400,10097033.00
2022/08/02,18.47,18.47,17.30,17.76,1083700,19259988.00
2022/08/03,17.30,18.45,17.30,18.05,1120001,20369116.00
2022/08/04,18.19,18.88,17.61,17.98,1316532,23829446.00
2022/08/05,17.95,18.49,17.70,18.49,1193505,21705354.00
2022/08/08,18.79,19.01,18.08,18.97,959600,17976400.00
2022/08/09,18.93,19.15,18.38,18.54,878200,16340076.00
2022/08/10,18.68,18.79,18.44,18.63,730316,13592419.00
2022/08/11,18.75,18.93,18.52,18.81,1100000,20620108.00
2022/08/12,18.83,19.00,18.53,18.60,621000,11673341.00
2022/08/15,18.78,19.27,14.90,19.25,1761501,33179354.00
2022/08/16,19.48,19.83,18.93,19.17,1505000,28911452.00
2022/08/17,19.14,19.50,19.06,19.40,1109400,21389660.00
2022/08/18,19.40,19.98,19.21,19.67,1235600,24343548.00
2022/08/19,19.67,19.88,19.25,19.30,865100,16807512.00
2022/08/22,19.11,19.43,18.72,18.94,783600,14869330.00
2022/08/23,19.16,19.48,18.82,19.48,773919,14865119.00
2022/08/24,19.51,19.87,18.57,18.65,1163400,22354450.00
2022/08/25,19.01,19.09,18.00,18.11,706502,12936665.00
2022/08/26,18.59,18.68,18.11,18.22,445000,8187676.00
2022/08/29,18.01,18.82,17.61,18.54,999300,18494932.00
2022/08/30,18.72,18.80,17.95,18.03,613558,11205055.00
2022/08/31,17.82,18.18,17.17,17.23,869600,15192865.00
2022/09/01,17.23,17.58,17.03,17.07,577400,9920397.00
2022/09/02,17.00,17.47,16.89,17.45,559500,9651738.00
2022/09/05,17.53,17.62,16.81,17.07,598400,10275137.00
2022/09/06,17.23,17.34,16.78,17.23,614885,10517134.00
2022/09/07,17.30,17.77,17.30,17.74,534100,9424365.00
2022/09/08,17.74,17.86,16.95,16.97,747986,12904808.00
2022/09/09,16.76,17.37,16.70,16.73,578000,9747134.00
2022/09/13,17.10,17.10,16.64,16.83,406100,6824131.00
2022/09/14,16.54,16.87,16.44,16.70,465000,7726387.00
2022/09/15,16.83,16.96,15.64,16.00,681000,11008537.00
2022/09/16,16.18,16.24,15.64,15.66,552200,8773917.00
2022/09/19,15.67,15.84,15.12,15.37,429100,6620191.00
2022/09/20,15.37,15.84,15.13,15.74,450200,7058774.00
2022/09/21,15.57,16.00,15.41,15.86,480400,7574503.00
2022/09/22,15.86,16.07,15.59,15.66,291200,4598186.00
2022/09/23,15.66,15.81,15.20,15.22,408100,6299454.00
2022/09/26,15.00,15.37,14.85,14.99,381896,5768727.00
2022/09/27,14.99,15.55,14.99,15.38,283296,4335778.50
2022/09/28,15.52,15.76,15.20,15.42,517500,8012400.00
2022/09/29,15.38,15.53,14.56,14.72,725880,10812679.00
2022/09/30,14.79,14.94,14.54,14.62,357600,5265178.00
2022/10/10,14.62,14.94,14.15,14.34,560400,8097005.00
2022/10/11,14.78,14.93,14.25,14.81,526900,7725613.00
2022/10/12,14.66,15.00,14.38,15.00,541900,7989429.00
2022/10/13,15.07,15.26,14.84,15.11,342400,5178842.00
2022/10/14,15.26,15.48,15.11,15.42,364500,5562985.00
2022/10/17,15.44,15.90,15.19,15.84,448000,7018582.00
2022/10/18,15.98,15.98,15.70,15.71,330300,5221382.00
2022/10/19,15.86,15.96,15.65,15.65,363700,5744847.00
2022/10/20,14.98,15.61,14.44,14.46,2178900,32489968.00
2022/10/21,14.60,14.60,13.50,14.01,2357804,32990546.00
2022/10/24,13.66,14.00,12.93,13.21,2985214,40077652.00
2022/10/25,12.95,13.05,12.28,12.60,2191450,27492246.00
2022/10/26,12.74,13.29,12.73,13.27,1819800,23697124.00
2022/10/27,13.27,13.39,13.01,13.01,1121201,14715060.00
2022/10/28,12.97,13.07,12.11,12.23,1311718,16386879.00
2022/10/31,12.24,12.88,12.23,12.73,1394500,17701266.00
2022/11/01,12.98,13.28,12.86,13.22,1228169,16122469.00
2022/11/02,13.35,13.75,13.22,13.58,1399197,18949216.00
2022/11/03,13.69,13.76,13.29,13.55,995700,13487517.00
2022/11/04,13.55,13.76,13.55,13.63,857100,11718322.00
2022/11/07,13.82,13.95,13.60,13.93,1194400,16506812.00
2022/11/08,13.85,14.01,13.64,13.82,782900,10769623.00
2022/11/09,13.83,14.05,13.75,13.98,590500,8229667.00
2022/11/10,13.92,14.13,13.80,13.98,686273,9598418.00
2022/11/11,13.93,14.31,13.80,13.81,983800,13773889.00
2022/11/14,14.00,14.00,13.44,13.60,858099,11768020.00
2022/11/15,13.71,13.97,13.71,13.90,759301,10537739.00
2022/11/16,14.03,14.28,13.86,13.88,746500,10435557.00
2022/11/17,13.85,14.06,13.75,14.01,548850,7636029.50
2022/11/18,14.09,14.24,13.79,13.79,726500,10156476.00
2022/11/21,13.88,14.00,13.73,13.85,597400,8267460.00
2022/11/22,13.96,14.13,13.55,13.58,808000,11153448.00
2022/11/23,13.58,13.87,13.20,13.80,1064200,14466471.00
2022/11/24,13.80,14.23,13.79,13.96,971116,13574633.00
2022/11/25,13.96,13.98,13.58,13.66,689305,9490429.00
2022/11/28,13.63,13.98,13.40,13.86,875550,12046729.00
2022/11/29,13.75,14.13,13.74,13.88,1187605,16514498.00
2022/11/30,13.85,13.95,13.71,13.90,731999,10117391.00
2022/12/01,13.95,14.19,13.84,13.89,1356500,19022288.00
2022/12/02,13.98,14.55,13.86,14.48,1915701,27308006.00
2022/12/05,14.50,14.68,14.14,14.17,1585700,22563812.00
2022/12/06,14.17,14.24,14.00,14.12,643119,9085973.00
2022/12/07,14.12,14.24,14.02,14.13,674200,9504203.00
2022/12/08,14.46,14.48,13.90,13.96,1062000,14987631.00
2022/12/09,14.00,14.12,13.83,13.88,874616,12203092.00
2022/12/12,13.88,13.98,13.65,13.87,654000,9033471.00
2022/12/13,13.87,13.87,13.36,13.44,791105,10715244.00
2022/12/14,13.55,13.93,13.31,13.42,856800,11642075.00
2022/12/15,13.42,13.72,13.32,13.68,758769,10311802.00
2022/12/16,13.68,13.75,13.33,13.40,532300,7184058.00
2022/12/19,13.41,13.42,12.84,12.92,763000,9952611.00
2022/12/20,12.92,13.14,12.82,13.05,364696,4747739.50
2022/12/21,13.05,13.08,12.70,12.73,546000,7023405.00
2022/12/22,12.21,13.03,12.21,12.56,509900,6477821.00
2022/12/23,12.57,12.74,12.38,12.51,471000,5920947.00
2022/12/26,12.59,12.97,12.51,12.95,414716,5317535.00
2022/12/27,12.92,13.11,12.78,12.97,438900,5676910.00
2022/12/28,12.99,13.01,12.58,12.70,350300,4493014.00
2022/12/29,12.55,13.99,12.55,12.80,1877669,24600310.00
2022/12/30,12.67,12.98,12.35,12.53,1315400,16562484.00
2023/01/03,12.54,13.46,12.54,13.36,1752594,22989622.00
2023/01/04,13.63,13.63,13.13,13.26,930700,12330596.00
2023/01/05,13.62,13.62,13.16,13.53,890200,11957546.00
2023/01/06,13.53,13.82,13.33,13.33,495900,6710038.00
2023/01/09,13.55,13.74,13.16,13.35,403500,5390503.00
2023/01/10,13.16,13.60,13.06,13.18,805600,10606679.00
2023/01/11,13.13,13.23,12.85,12.86,726000,9441148.00
2023/01/12,12.86,13.08,12.81,12.90,543200,7031562.00
2023/01/13,12.92,13.00,12.68,12.75,718618,9198473.00
2023/01/16,12.79,13.20,12.79,13.07,736500,9626873.00
2023/01/17,13.20,13.26,12.88,12.94,556700,7261752.00
2023/01/18,13.07,13.21,12.93,13.12,653500,8544465.00
2023/01/19,13.13,13.44,13.06,13.34,915800,12118771.00
2023/01/20,13.33,13.48,13.30,13.38,489300,6542874.00
2023/01/30,13.46,13.83,13.42,13.66,934500,12788216.00
2023/01/31,13.79,13.94,13.57,13.90,1131800,15587873.00
2023/02/01,13.88,14.10,13.77,14.08,995700,13903449.00
2023/02/02,14.08,14.20,14.01,14.12,759634,10734339.00
2023/02/03,14.13,14.19,13.83,13.97,730100,10199635.00
2023/02/06,13.97,14.18,13.89,14.02,833176,11663527.00
2023/02/07,14.03,14.05,13.89,14.05,626200,8763557.00
2023/02/08,14.06,14.40,14.06,14.30,1120834,15988582.00
2023/02/09,14.14,14.39,14.13,14.35,823200,11779028.00
2023/02/10,14.35,14.58,14.23,14.42,830500,11940703.00
2023/02/13,14.42,14.55,14.36,14.40,496910,7170334.00
2023/02/14,14.48,14.54,14.28,14.37,393500,5654892.00
2023/02/15,14.42,14.44,14.25,14.40,1373673,19714098.00
2023/02/16,14.61,15.18,14.05,14.22,2850348,41629232.00
2023/02/17,13.92,17.06,13.92,15.58,6898571,108147376.00
2023/02/20,15.11,15.22,14.52,15.00,5215380,77000208.00
2023/02/21,14.88,14.90,14.38,14.63,3420094,49944152.00
2023/02/22,14.51,14.84,14.41,14.82,2538900,37162208.00
2023/02/23,14.72,14.77,14.35,14.46,1921285,27908690.00
2023/02/24,14.39,14.47,14.13,14.21,1112100,15845403.00
2023/02/27,14.10,14.30,14.00,14.05,1000000,14130962.00
2023/02/28,14.05,14.19,13.86,14.12,1044294,14653052.00
2023/03/01,14.12,14.24,13.99,14.21,855300,12119180.00
2023/03/02,14.25,14.39,14.01,14.04,963100,13651019.00
2023/03/03,14.05,14.11,13.76,13.86,847000,11791496.00
2023/03/06,14.03,14.03,13.78,13.91,591200,8222136.00
2023/03/07,13.88,13.98,13.60,13.62,821400,11277861.00
2023/03/08,13.59,13.78,13.58,13.73,419100,5738608.00
2023/03/09,13.73,14.05,13.71,14.02,783200,10912047.00
2023/03/10,14.00,14.02,13.67,13.74,725348,10020129.00
2023/03/13,13.85,13.85,13.42,13.50,824100,11168357.00
2023/03/14,13.56,13.56,13.21,13.49,698875,9362630.00
2023/03/15,13.49,13.84,13.49,13.75,663200,9112211.00
2023/03/16,13.69,13.83,11.00,13.40,839300,11283740.00
2023/03/17,13.43,13.63,13.33,13.45,646600,8709666.00
2023/03/20,13.45,13.68,13.27,13.59,667800,9005991.00
2023/03/21,13.55,13.96,13.54,13.96,720600,9931646.00
2023/03/22,14.08,14.31,13.98,14.25,1006900,14292484.00
2023/03/23,14.25,14.25,14.00,14.01,635400,8957716.00
2023/03/24,14.14,14.16,13.96,14.10,565700,7953789.00
2023/03/27,14.11,14.31,14.04,14.25,788094,11180509.00
2023/03/28,14.35,14.35,14.03,14.03,536200,7585414.00
2023/03/29,14.03,14.20,13.83,13.85,662200,9283082.00
2023/03/30,13.96,14.08,13.76,14.01,533500,7420839.00
2023/03/31,13.99,14.20,13.89,14.03,605976,8522425.00
2023/04/03,14.08,14.12,13.96,14.00,495500,6951850.00
2023/04/04,14.01,14.01,13.50,13.55,686000,9394589.00
2023/04/06,13.64,13.67,13.23,13.28,777300,10401733.00
2023/04/07,13.48,13.56,13.25,13.36,480900,6432614.00
2023/04/10,13.36,13.50,13.13,13.15,515015,6843960.50
2023/04/11,13.17,13.22,12.88,12.94,689876,8973197.00
2023/04/12,12.89,13.14,12.89,13.06,508701,6627389.00
2023/04/13,13.21,13.39,12.98,13.09,679700,8970237.00
2023/04/14,13.07,13.20,12.81,12.89,543900,7041017.00
2023/04/17,12.90,12.98,12.72,12.79,453600,5814505.00
2023/04/18,12.89,12.93,12.65,12.84,404900,5181762.00
2023/04/19,12.74,12.87,12.60,12.78,472376,6010112.50
2023/04/20,12.66,12.71,12.19,12.28,753500,9306723.00
2023/04/21,12.28,12.40,11.95,12.00,551200,6704614.00
2023/04/24,11.95,12.20,11.87,12.08,532300,6408019.00
2023/04/25,12.08,12.20,11.87,12.10,614900,7372607.00
2023/04/26,12.18,13.33,11.90,12.98,1628588,21065684.00
2023/04/27,12.77,13.28,12.65,13.18,1118652,14621172.00
2023/04/28,13.45,13.96,13.17,13.94,1835178,25158952.00
2023/05/04,13.86,14.09,13.76,14.01,1424376,19854852.00
2023/05/05,14.08,14.08,13.76,13.94,828252,11505983.00
2023/05/08,13.92,14.10,13.77,13.85,788000,10964019.00
2023/05/09,13.84,13.86,13.35,13.48,999900,13622288.00
2023/05/10,13.48,13.66,13.42,13.48,569600,7712722.00
2023/05/11,13.48,13.88,13.48,13.75,819100,11218587.00
2023/05/12,13.71,13.79,13.41,13.46,632900,8588540.00
2023/05/15,13.55,13.78,13.41,13.78,653900,8895152.00
2023/05/16,13.77,14.04,13.65,13.82,847100,11752072.00
2023/05/17,13.82,14.35,13.70,14.19,1515100,21420506.00
2023/05/18,14.25,14.34,13.91,13.99,1095577,15391314.00
2023/05/19,13.96,14.05,13.70,13.92,756034,10484775.00
2023/05/22,13.88,14.18,13.80,14.00,785900,11021338.00
2023/05/23,13.92,14.06,13.81,13.84,520042,7236140.00
2023/05/24,13.88,14.07,13.74,13.97,455300,6366046.00
2023/05/25,14.05,14.18,13.87,14.16,902300,12680625.00
2023/05/26,14.20,14.27,13.67,13.84,934700,12921731.00
2023/05/29,13.89,13.89,13.40,13.48,697700,9462258.00
2023/05/30,13.51,13.79,13.31,13.69,932600,12658904.00
2023/05/31,13.68,13.73,13.43,13.49,584300,7924741.00
2023/06/01,13.49,13.99,13.49,13.93,934300,12924844.00
2023/06/02,14.25,14.26,13.82,13.84,673100,9394248.00
2023/06/05,14.05,14.10,13.75,13.86,486094,6739968.50
2023/06/06,13.82,13.86,13.38,13.41,649900,8828405.00
2023/06/07,13.62,13.62,13.22,13.33,619200,8232078.00
2023/06/08,13.34,13.36,13.06,13.12,505300,6656193.00
2023/06/09,13.08,13.26,13.08,13.18,580100,7636737.00
2023/06/12,13.18,13.29,12.93,13.15,644100,8413092.00
2023/06/13,13.18,13.48,13.13,13.36,494300,6594403.00
2023/06/14,13.48,13.49,13.06,13.15,470000,6187427.00
2023/06/15,13.12,13.25,13.00,13.25,520800,6800403.00
2023/06/16,13.14,13.20,12.90,13.06,548800,7179771.00
2023/06/19,13.11,13.24,12.88,12.90,505900,6568851.00
2023/06/20,12.96,12.98,12.67,12.74,727200,9300572.00
2023/06/21,12.78,12.84,12.37,12.40,1179800,14843202.00
2023/06/26,12.40,12.50,12.11,12.26,750300,9247159.00
2023/06/27,12.38,12.70,12.22,12.65,726343,9111711.00
2023/06/28,12.65,12.76,12.28,12.67,647900,8127091.50
2023/06/29,12.67,13.42,12.66,13.29,1248100,16449418.00
2023/06/30,13.28,13.80,13.28,13.64,991201,13507170.00
2023/07/03,13.54,14.22,13.54,13.84,811400,11235985.00
2023/07/04,14.04,14.04,13.78,13.97,684700,9532522.00
2023/07/05,13.96,14.03,13.69,13.81,822600,11360427.00
2023/07/06,13.71,13.95,13.70,13.83,628600,8697954.00
2023/07/07,13.71,13.98,13.62,13.80,810101,11209901.00
2023/07/10,14.10,14.10,13.52,13.66,637300,8717753.00
2023/07/11,13.70,13.96,13.66,13.94,529600,7340472.00
2023/07/12,13.91,14.11,13.73,13.80,794700,11078157.00
2023/07/13,13.75,14.02,13.75,14.00,729100,10141572.00
2023/07/14,14.04,14.18,13.79,13.80,432300,5991123.00
2023/07/17,13.78,14.01,13.71,14.00,515900,7179360.00
2023/07/18,13.91,14.17,13.81,14.15,608400,8541210.00
2023/07/19,14.14,14.20,13.80,13.88,694800,9668198.00
2023/07/20,13.96,13.96,13.60,13.61,507100,6941588.00
2023/07/21,13.70,13.80,13.48,13.54,520100,7065910.00
2023/07/24,13.67,13.80,13.34,13.59,394300,5371916.00
2023/07/25,13.67,13.95,13.61,13.90,491500,6789576.00
2023/07/26,13.97,14.25,13.82,14.23,1043700,14690765.00
2023/07/27,14.21,14.50,13.96,14.05,1238300,17570704.00
2023/07/28,14.07,14.45,13.98,14.35,1579500,22570048.00
2023/07/31,14.39,14.89,14.23,14.47,1662100,23993440.00
2023/08/01,14.47,14.64,14.33,14.52,1100198,15907676.00
2023/08/02,14.60,14.94,14.35,14.44,952395,13898578.00
2023/08/03,14.44,16.51,14.44,14.80,5963500,90995520.00
2023/08/04,14.29,14.78,13.83,13.94,5177700,73161176.00
2023/08/07,13.92,16.70,13.74,15.72,9132343,142286576.00
2023/08/08,15.36,15.60,14.82,15.09,6116393,92284632.00
2023/08/09,14.95,15.15,14.55,15.15,4520915,66967464.00
2023/08/10,15.10,15.15,14.36,14.44,3880613,56532424.00
2023/08/11,14.44,14.44,13.55,13.55,3373648,46994268.00
2023/08/14,13.35,13.39,12.90,13.11,2199800,28765932.00
2023/08/15,13.11,13.41,12.88,12.90,1812100,23568284.00
2023/08/16,12.90,14.00,12.80,13.71,3064603,41113272.00
2023/08/17,13.71,13.85,13.20,13.46,2033003,27464138.00
2023/08/18,13.46,14.00,13.45,13.66,2170700,29902696.00
2023/08/21,13.88,13.88,13.38,13.43,1569000,21264860.00
2023/08/22,13.48,14.70,13.48,14.10,3002500,42216304.00
2023/08/23,13.97,14.41,13.69,14.26,2765800,38796120.00
2023/08/24,14.12,14.12,13.35,13.47,1996012,27164058.00
2023/08/25,13.45,13.87,13.36,13.54,1831112,24945282.00
2023/08/28,14.24,14.48,13.70,13.76,1801612,25138104.00
2023/08/29,13.96,14.56,13.86,14.54,2627396,37700008.00
2023/08/30,14.54,14.75,14.32,14.54,1727601,25198968.00
2023/08/31,14.60,14.62,14.29,14.37,904300,13031767.00
2023/09/01,14.38,14.56,14.22,14.43,1075615,15466775.00
2023/09/04,14.45,14.65,14.41,14.49,1041515,15095648.00
2023/09/05,14.63,14.77,14.38,14.42,1164500,16942536.00
2023/09/06,14.44,14.79,14.33,14.71,1493600,21859632.00
2023/09/07,14.70,14.79,14.53,14.53,898800,13167274.00
2023/09/08,14.80,14.80,14.45,14.64,858700,12579481.00
2023/09/11,14.80,14.84,14.01,14.52,938700,13628249.00
2023/09/12,14.80,14.80,14.27,14.38,863048,12406346.00
2023/09/13,14.39,14.44,14.18,14.29,604300,8622526.00
2023/09/14,14.29,14.36,14.03,14.09,510212,7227784.50
2023/09/15,14.15,14.23,13.95,14.05,771900,10873546.00
2023/09/18,14.00,14.71,13.93,14.55,1253222,18133618.00
2023/09/19,14.57,14.57,14.16,14.17,610100,8743057.00
2023/09/20,14.17,14.40,14.11,14.12,569600,8105739.00
2023/09/21,14.25,14.27,14.09,14.16,487000,6906068.00
2023/09/22,14.23,14.50,14.00,14.48,927012,13268316.00
2023/09/25,14.44,14.62,14.18,14.34,789715,11350541.00
2023/09/26,14.31,14.36,14.13,14.18,640400,9101989.00
2023/09/27,14.28,14.55,14.00,14.33,712000,10254101.00
2023/09/28,14.63,14.68,14.32,14.58,931200,13564198.00
2023/10/09,14.59,14.95,14.59,14.70,1111505,16364626.00
2023/10/10,14.69,14.89,14.52,14.77,1092600,16091751.00
2023/10/11,14.79,15.02,14.66,14.93,932615,13862877.00
2023/10/12,14.93,14.98,14.60,14.85,1098400,16233832.00
2023/10/13,14.79,14.92,14.61,14.79,980201,14451734.00
2023/10/16,14.79,14.90,14.45,14.50,880401,12806558.00
2023/10/17,14.51,14.79,14.44,14.63,884800,12965555.00
2023/10/18,14.58,14.58,14.21,14.22,787800,11296179.00
2023/10/19,14.16,14.65,14.06,14.21,866100,12460982.00
2023/10/20,14.25,14.58,14.15,14.23,721100,10314596.00
2023/10/23,14.23,14.29,13.60,13.79,1085000,15083749.00
2023/10/24,14.00,14.31,13.75,14.28,967500,13629365.00
2023/10/25,14.36,14.62,14.29,14.60,821172,11923658.00
2023/10/26,14.59,14.65,14.27,14.60,649262,9376479.00
2023/10/27,14.45,14.99,14.45,14.94,1205600,17855090.00
2023/10/30,14.93,15.07,14.80,14.94,987000,14752042.00
2023/10/31,14.86,15.19,14.80,14.86,773001,11528369.00
2023/11/01,14.82,15.12,14.80,14.97,1020800,15248699.00
2023/11/02,15.00,15.06,14.78,14.80,795600,11843239.00
2023/11/03,14.80,15.19,14.75,14.98,836801,12608398.00
2023/11/06,15.20,15.33,15.04,15.15,803500,12172672.00
2023/11/07,15.30,15.38,14.95,15.30,1146900,17429658.00
2023/11/08,15.28,15.99,15.12,15.66,2474200,38574520.00
2023/11/09,15.60,15.66,15.35,15.62,1682400,26105008.00
2023/11/10,15.56,15.78,15.38,15.48,1742400,27158162.00
2023/11/13,15.45,15.77,15.45,15.63,1487200,23229026.00
2023/11/14,15.58,15.71,15.24,15.37,1123500,17293106.00
2023/11/15,15.49,15.56,15.30,15.49,920243,14218630.00
2023/11/16,15.54,15.55,15.20,15.35,877600,13517554.00
2023/11/17,15.26,15.71,15.26,15.57,1071400,16576818.00
2023/11/20,15.57,15.68,15.46,15.65,694500,10804133.00
2023/11/21,15.59,15.70,15.39,15.45,745300,11571289.00
2023/11/22,15.53,15.59,15.29,15.30,678500,10455142.00
2023/11/23,15.36,15.76,15.31,15.67,1195600,18654124.00
2023/11/24,15.72,15.72,15.33,15.40,817800,12626218.00
2023/11/27,15.38,15.63,15.32,15.43,855000,13210037.00
2023/11/28,15.49,15.92,15.40,15.92,1264500,19916070.00
2023/11/29,15.95,16.03,15.73,15.82,962900,15267902.00
2023/11/30,15.82,15.84,15.43,15.67,812400,12664794.00
2023/12/01,15.57,15.72,15.51,15.55,680300,10604832.00
2023/12/04,15.56,15.76,15.51,15.68,1025700,16060813.00
2023/12/05,15.69,15.71,15.41,15.42,849399,13195294.00
2023/12/06,15.42,15.77,15.42,15.60,792400,12419755.00
2023/12/07,15.77,15.81,15.45,15.52,747650,11620585.00
2023/12/08,15.54,15.61,14.64,14.65,2156900,32229012.00
2023/12/11,14.57,15.35,14.50,15.28,2426950,36539836.00
2023/12/12,15.32,15.44,15.00,15.20,1042912,15815539.00
2023/12/13,15.24,15.68,14.99,15.41,1311200,20167582.00
2023/12/14,15.44,15.99,15.42,15.51,1520150,23821252.00
2023/12/15,15.52,15.70,15.36,15.61,1128595,17554320.00
2023/12/18,15.51,15.63,15.14,15.17,1001370,15326746.00
2023/12/19,15.18,15.41,15.08,15.34,640700,9749439.00
2023/12/20,15.35,15.59,15.24,15.30,646895,9967457.00
2023/12/21,15.39,15.39,14.92,15.33,1147000,17371904.00
2023/12/22,15.34,15.38,14.88,15.02,998000,15033440.00
2023/12/25,15.12,15.12,14.82,15.04,930400,13938861.00
2023/12/26,15.08,15.12,14.68,14.77,970600,14397510.00
2023/12/27,14.80,15.18,14.64,14.89,975700,14489094.00
2023/12/28,14.90,15.68,14.67,15.55,1315084,20221916.00
2023/12/29,15.58,16.20,15.50,16.10,1991900,31854516.00
2024/01/02,16.07,16.49,16.01,16.33,1684300,27313164.00
2024/01/03,16.29,16.48,16.11,16.31,1260400,20500968.00
2024/01/04,16.33,16.39,16.16,16.23,881900,14324710.00
2024/01/05,16.23,16.46,15.75,15.85,1485000,23830700.00
2024/01/08,15.85,15.91,15.56,15.56,879400,13814154.00
2024/01/09,15.53,16.03,15.53,15.90,1212700,19234180.00
2024/01/10,15.91,15.97,15.57,15.77,803800,12690192.00
2024/01/11,15.85,16.10,15.65,16.06,726102,11540303.00
2024/01/12,16.06,16.30,15.95,16.02,793800,12791183.00
2024/01/15,16.00,16.15,15.84,16.03,696600,11153010.00
2024/01/16,16.04,16.25,15.71,15.94,850000,13534509.00
2024/01/17,15.95,16.88,15.79,15.79,3489163,56594708.00
2024/01/18,15.81,16.11,15.17,15.61,3342700,52035728.00
2024/01/19,15.62,15.77,15.16,15.32,1787999,27604096.00
2024/01/22,15.24,15.44,13.69,14.09,2361277,34808744.00
2024/01/23,14.02,14.51,13.18,13.44,2424846,32730096.00
2024/01/24,13.58,14.15,13.25,13.71,2022365,27613050.00
2024/01/25,13.70,14.45,13.48,14.30,1180700,16512502.00
2024/01/26,14.36,14.90,14.28,14.54,1138575,16661966.00
2024/01/29,14.48,14.99,13.90,13.95,1240263,17504230.00
2024/01/30,13.76,13.94,13.15,13.16,1606138,21723316.00
2024/01/31,12.89,13.18,12.00,12.25,1862337,23170846.00
2024/02/01,12.10,12.15,11.36,11.85,2164881,25407482.00
2024/02/02,11.76,12.07,10.21,10.66,2789400,30474026.00
2024/02/05,10.57,10.77,8.53,8.53,5059969,45936864.00
2024/02/06,8.55,8.68,7.04,8.10,4794702,37155592.00
2024/02/07,8.20,8.20,6.66,7.10,4745830,34551820.00
2024/02/08,6.91,8.50,6.00,8.23,4668643,33696532.00
2024/02/19,8.13,8.83,8.13,8.67,3863574,32712794.00
2024/02/20,8.63,9.26,8.44,8.93,2937777,26071354.00
2024/02/21,8.93,9.69,8.83,9.30,2656400,24829688.00
2024/02/22,9.47,9.88,9.28,9.86,2390200,23086472.00
2024/02/23,10.12,10.58,9.84,10.54,3007000,30828560.00
2024/02/26,10.68,11.38,10.42,10.91,3395214,36858748.00
2024/02/27,11.00,11.18,10.62,11.18,2043001,22531612.00
2024/02/28,11.22,11.80,9.81,9.82,5158838,55088940.00
2024/02/29,9.50,10.32,9.33,10.30,3481500,34972272.00
2024/03/01,10.53,11.22,10.50,10.67,3547400,38240284.00
2024/03/04,10.66,10.95,10.01,10.33,3016400,31251616.00
2024/03/05,10.36,10.38,9.87,9.89,2219284,22300294.00
2024/03/06,9.80,10.79,9.80,10.49,2937000,30371220.00
2024/03/07,10.46,10.63,10.12,10.25,2086700,21661874.00
2024/03/08,10.21,10.56,10.05,10.33,1683900,17337004.00
2024/03/11,10.40,10.73,10.33,10.69,2246600,23767456.00
2024/03/12,10.69,10.89,10.48,10.81,2157101,23155646.00
2024/03/13,11.16,11.88,11.02,11.37,5543310,63389088.00
2024/03/14,11.26,11.43,10.80,11.00,3241200,36070092.00
2024/03/15,10.99,11.42,10.78,11.17,2407400,26715868.00
2024/03/18,11.20,11.69,11.20,11.67,2806684,32207678.00
2024/03/19,11.68,12.04,11.61,11.62,2115181,24925178.00
2024/03/20,11.61,11.89,11.60,11.89,2004500,23555234.00
2024/03/21,11.89,12.15,11.62,11.97,2184600,25938872.00
2024/03/22,11.88,12.14,11.54,11.54,1824771,21386718.00
2024/03/25,11.79,11.85,10.99,11.04,2838500,32045118.00
2024/03/26,11.05,11.22,10.78,10.95,1919700,21077324.00
2024/03/27,11.10,11.10,10.55,10.60,1466700,15845659.00
2024/03/28,10.67,11.10,10.52,10.99,1768700,19308772.00
2024/03/29,10.98,11.25,10.95,11.16,1726600,19214454.00
2024/04/01,11.27,11.61,11.18,11.61,1819200,20752236.00
2024/04/02,11.61,11.97,11.58,11.82,2147221,25280386.00
2024/04/03,11.88,11.88,11.51,11.70,1499794,17513516.00
2024/04/08,11.60,11.67,10.99,11.07,2234250,25136706.00
2024/04/09,11.19,11.34,11.02,11.30,1366101,15249799.00
2024/04/10,11.36,11.36,10.65,10.79,1668100,18141820.00
2024/04/11,10.73,11.07,10.55,10.91,1674200,18240368.00
2024/04/12,10.87,11.08,10.73,10.79,1064000,11563305.00
2024/04/15,10.40,10.71,9.02,9.58,4874712,47049312.00
2024/04/16,9.44,9.44,8.25,8.28,4017000,34428360.00
2024/04/17,8.70,9.55,8.70,9.52,2963494,27402332.00
2024/04/18,9.50,9.57,8.94,9.22,2590771,23993730.00
2024/04/19,9.24,9.27,8.84,8.94,2176150,19568274.00
2024/04/22,8.93,9.10,8.38,8.61,2151900,18616884.00
2024/04/23,8.73,9.39,8.73,9.32,2561706,23315556.00
2024/04/24,9.38,9.68,9.05,9.55,2500985,23468842.00
2024/04/25,9.55,9.78,9.35,9.67,2102665,20258452.00
2024/04/26,9.71,9.82,9.48,9.72,1594580,15458297.00
2024/04/29,9.76,10.36,9.64,10.29,2271700,23041746.00
2024/04/30,10.20,10.35,9.91,10.08,1517800,15292202.00
2024/05/06,10.36,10.48,10.16,10.40,2033600,20988712.00
2024/05/07,10.42,10.47,10.20,10.40,1346971,13978189.00
2024/05/08,10.44,10.56,10.10,10.19,1421900,14626933.00
2024/05/09,10.32,10.50,10.19,10.33,1737147,18045672.00
2024/05/10,10.30,10.35,9.85,10.00,2130700,21455532.00
2024/05/13,10.02,10.03,9.59,9.66,2230200,21734328.00
2024/05/14,9.76,11.59,9.70,11.59,8708006,98091032.00
2024/05/15,10.84,13.54,10.83,12.48,16581625,196596928.00
2024/05/16,11.64,12.39,11.25,11.94,11386406,134228176.00
2024/05/17,11.70,12.47,11.32,12.23,10524731,126127824.00
2024/05/20,12.00,12.79,11.60,12.39,9593572,116775480.00
2024/05/21,12.25,12.26,11.60,11.79,6742002,80157344.00
2024/05/22,11.53,11.98,11.40,11.78,5465100,63710012.00
2024/05/23,11.54,11.95,10.92,11.14,5884281,66650644.00
2024/05/24,11.02,12.60,11.01,11.40,9490480,112945848.00
2024/05/27,10.76,11.53,10.26,11.10,7561800,82454712.00
2024/05/28,11.05,13.32,10.83,13.32,13702415,171449040.00
2024/05/29,14.32,15.90,14.02,15.08,22056801,327510560.00
2024/05/30,14.50,14.98,13.55,14.21,15543350,220540032.00
2024/05/31,13.93,15.19,13.66,14.56,16897270,244765760.00
2024/06/03,13.56,13.90,12.50,12.50,13480741,175675488.00
2024/06/04,12.14,12.99,11.22,12.88,13281701,162793824.00
2024/06/05,12.15,12.36,11.56,11.64,9686200,115497248.00
2024/06/06,11.63,12.00,10.98,11.00,8761502,100528856.00
2024/06/07,11.22,11.28,10.13,10.39,9442102,99405448.00
2024/06/11,10.39,10.39,9.63,10.34,5964800,59962120.00
2024/06/12,10.34,10.75,10.33,10.68,5002575,53019592.00
2024/06/13,10.67,10.99,10.45,10.93,6863400,73863872.00
2024/06/14,10.90,11.83,10.68,11.18,8495100,96153840.00
2024/06/17,10.92,11.35,10.50,10.95,6880600,74477632.00
2024/06/18,10.87,11.03,10.61,10.83,4836475,52141620.00
2024/06/19,10.82,10.86,10.49,10.52,4435700,46908492.00
2024/06/20,10.47,10.65,10.11,10.12,4036500,41828832.00
2024/06/21,10.19,10.22,9.86,10.00,2799200,28155168.00
2024/06/24,9.94,10.07,9.30,9.37,3941400,37821812.00
2024/06/25,9.38,9.60,9.27,9.44,2517200,23687808.00
2024/06/26,9.42,9.84,9.16,9.80,3040600,28893874.00
2024/06/27,9.90,10.15,9.70,9.95,4012700,40000896.00
2024/06/28,9.80,11.94,9.80,11.00,12087430,137690336.00
2024/07/01,10.55,11.52,10.43,11.31,11570280,126387512.00
2024/07/02,11.00,11.52,10.94,11.16,7468200,83182808.00
2024/07/03,11.00,11.11,10.49,10.54,5734880,60945056.00
2024/07/04,10.66,10.70,10.11,10.15,3621847,37217248.00
2024/07/05,10.09,10.26,9.76,10.23,3213516,32270994.00
2024/07/08,10.18,10.26,9.66,9.80,3039000,29885628.00
2024/07/09,9.94,10.04,9.30,9.84,3851069,37142584.00
2024/07/10,9.90,10.18,9.66,9.91,3880300,38360784.00
2024/07/11,10.07,10.36,9.97,10.36,4150478,42114580.00
2024/07/12,10.21,10.55,10.19,10.39,3104900,32228192.00
2024/07/15,10.28,10.31,9.91,9.95,2265000,22670046.00
2024/07/16,9.90,10.07,9.78,9.94,1822500,18019920.00
2024/07/17,9.97,10.00,9.62,9.64,1761700,17225828.00
2024/07/18,9.65,9.65,9.25,9.63,1717200,16259223.00
2024/07/19,9.61,9.84,9.53,9.70,1436700,13959224.00
2024/07/22,9.70,9.94,9.70,9.93,1562500,15385974.00
2024/07/23,9.92,9.97,9.46,9.61,1350800,13264415.00
2024/07/24,9.64,9.79,9.54,9.59,1533900,14795522.00
2024/07/25,9.47,9.75,9.31,9.60,1492300,14196122.00
2024/07/26,9.63,9.84,9.60,9.80,1476100,14359006.00
2024/07/29,10.20,11.76,10.19,10.79,10563792,118587232.00
2024/07/30,10.25,10.57,10.22,10.44,7858907,81561800.00
2024/07/31,10.25,10.58,10.22,10.55,6024819,62863752.00
2024/08/01,10.55,11.60,10.40,11.11,8077569,88818232.00
2024/08/02,10.90,11.00,10.57,10.59,4746950,51172792.00
2024/08/05,10.70,11.10,10.46,10.63,4510119,48483984.00
2024/08/06,10.51,11.05,10.35,10.94,5245200,56289576.00
2024/08/07,11.14,11.88,10.96,11.17,7432600,84504864.00
2024/08/08,10.72,11.25,10.48,11.22,6683300,72388248.00
2024/08/09,11.00,11.50,10.70,10.70,4364100,48350356.00
2024/08/12,10.81,11.50,10.56,11.20,5807500,64400856.00
2024/08/13,11.18,11.38,10.80,11.14,4221700,46577048.00
2024/08/14,11.28,11.54,10.91,10.93,4318800,48468304.00
2024/08/15,10.60,10.95,10.30,10.84,4778100,50659376.00
2024/08/16,10.85,10.98,10.36,10.44,3615201,38270128.00
2024/08/19,10.39,10.68,10.12,10.49,2642706,27742856.00
2024/08/20,10.83,11.17,10.44,10.55,3547400,38197340.00
2024/08/21,10.80,11.21,10.41,10.93,4958200,53348628.00
2024/08/22,10.93,12.77,10.78,11.60,10621278,123290440.00
2024/08/23,11.51,12.11,10.96,11.87,9920035,114308424.00
2024/08/26,11.51,11.57,11.13,11.50,6614178,75035024.00
2024/08/27,11.48,11.48,10.60,10.68,5103800,56161516.00
2024/08/28,10.50,10.59,10.01,10.21,4310300,44102420.00
2024/08/29,10.76,11.46,10.76,10.97,7546000,83744384.00
2024/08/30,11.28,11.37,10.86,11.17,5919700,65866096.00
2024/09/02,11.17,11.40,11.01,11.06,4210500,47177808.00
2024/09/03,11.06,11.35,11.01,11.30,3590700,40395524.00
2024/09/04,11.16,11.30,11.06,11.08,3189200,35576880.00
2024/09/05,11.11,11.26,10.90,10.99,2780500,30608944.00
2024/09/06,10.96,11.00,10.53,10.59,3363369,35988576.00
2024/09/09,10.61,10.73,10.47,10.60,1616132,17143144.00
2024/09/10,10.71,11.12,10.56,11.08,3792400,41353920.00
2024/09/11,10.86,11.25,10.86,11.00,2515650,27787212.00
2024/09/12,11.00,11.39,10.97,11.11,3203000,35630216.00
2024/09/13,11.24,11.66,10.97,11.43,7173150,81443536.00
2024/09/18,11.44,11.49,11.15,11.39,4968900,56063232.00
2024/09/19,11.35,11.96,11.18,11.76,7264569,85212152.00
2024/09/20,11.66,11.78,11.26,11.43,5647300,64435724.00
2024/09/23,11.36,11.76,11.17,11.50,3990400,45689072.00
2024/09/24,11.48,11.68,11.13,11.55,5601100,63969936.00
2024/09/25,11.56,11.92,11.46,11.88,7197700,84571888.00
2024/09/26,11.77,11.90,11.58,11.88,5228115,61482696.00
2024/09/27,11.93,12.62,11.80,12.45,7184115,88089760.00
2024/09/30,12.60,14.30,12.47,14.20,10086281,135022368.00
2024/10/08,16.00,16.38,14.55,15.71,11268609,174597424.00
2024/10/09,14.95,14.99,13.30,13.30,8012777,114037352.00
2024/10/10,13.32,14.19,13.32,13.75,4569600,63034564.00
2024/10/11,13.75,13.88,12.88,13.10,3618100,48013504.00
2024/10/14,13.61,13.74,13.06,13.70,3346500,45152236.00
2024/10/15,13.66,14.86,13.48,14.40,7747500,109036488.00
2024/10/16,14.00,14.55,13.85,14.04,5461500,77186280.00
2024/10/17,14.04,15.00,14.04,14.43,7072600,102798248.00
2024/10/18,14.10,14.97,14.10,14.63,6272678,91559160.00
2024/10/21,14.50,15.30,14.30,14.95,7433178,109269192.00
2024/10/22,14.85,14.91,14.44,14.77,4590278,67216888.00
2024/10/23,14.84,14.87,14.43,14.50,4406298,64393032.00
2024/10/24,14.45,14.60,14.39,14.50,2476000,35874112.00
2024/10/25,14.90,15.68,14.75,15.34,7618340,116756272.00
2024/10/28,15.52,16.78,15.51,16.57,10762847,175273792.00
2024/10/29,16.50,16.50,15.58,15.59,7226599,114858784.00
2024/10/30,15.32,15.80,15.05,15.35,4393201,67541352.00
2024/10/31,15.59,16.48,15.35,15.79,5210800,82814248.00
2024/11/01,15.79,16.34,14.68,14.79,5339800,81415088.00
2024/11/04,14.77,14.89,14.44,14.88,3658700,53675908.00
2024/11/05,14.80,15.09,14.67,15.03,4405613,65598776.00
2024/11/06,15.00,15.15,14.61,14.78,4514350,67007552.00
2024/11/07,14.60,15.78,14.60,15.32,6086120,93723032.00
2024/11/08,15.37,15.62,15.05,15.53,5130178,78871872.00
2024/11/11,15.71,15.71,15.15,15.64,4116700,63696816.00
2024/11/12,15.63,15.89,15.30,15.47,3603899,56432880.00
2024/11/13,15.56,16.10,15.38,15.85,4377000,68870864.00
2024/11/14,16.16,16.60,15.30,15.32,6579600,106342832.00
2024/11/15,15.41,15.97,15.32,15.39,4525200,70827112.00
2024/11/18,15.37,15.52,14.61,14.80,3871780,57885664.00
2024/11/19,14.80,15.26,14.70,15.23,2134300,31884752.00
2024/11/20,15.25,15.85,15.01,15.79,2951000,45975220.00
2024/11/21,15.79,16.15,15.00,15.26,4480700,69442936.00
2024/11/22,15.46,15.56,14.57,14.60,4066800,60955904.00
2024/11/25,14.60,15.23,14.50,15.20,3287700,49034164.00
2024/11/26,15.22,15.48,14.93,15.26,2623201,39929864.00
2024/11/27,15.36,15.36,14.68,15.23,2564001,38430948.00
2024/11/28,15.31,15.80,15.15,15.42,3085600,47695232.00
2024/11/29,15.34,15.81,15.18,15.70,3469235,53935300.00
2024/12/02,15.78,16.00,15.70,15.83,2723200,43210600.00
2024/12/03,15.79,16.29,15.60,15.89,3307400,52566536.00
2024/12/04,15.73,15.88,15.36,15.49,2768200,43269204.00
2024/12/05,15.48,15.83,15.38,15.70,2068000,32282406.00
2024/12/06,15.70,15.89,15.36,15.64,1603500,25011008.00
2024/12/09,15.70,15.80,15.44,15.71,1898400,29679552.00
2024/12/10,16.10,16.24,15.63,15.70,2179600,34595680.00
2024/12/11,15.55,15.78,15.55,15.69,1394587,21839410.00
2024/12/12,15.85,15.98,15.59,15.91,2090600,33113088.00
2024/12/13,15.92,16.32,15.59,15.73,2578087,40963536.00
2024/12/16,15.94,16.89,15.85,16.21,6085400,99185072.00
2024/12/17,16.20,16.68,15.10,15.28,6031063,94858496.00
2024/12/18,15.29,15.85,14.94,15.24,4154734,63867576.00
2024/12/19,15.03,15.30,14.93,15.18,2200900,33183238.00
2024/12/20,15.20,15.57,15.05,15.23,2356900,36062352.00
2024/12/23,15.12,15.20,13.90,13.95,4489400,64666360.00
2024/12/24,14.15,14.45,13.68,13.88,3185600,44630860.00
2024/12/25,13.83,13.99,12.98,13.34,3988800,53116428.00
2024/12/26,13.27,13.83,13.27,13.44,2469400,33561360.00
2024/12/27,13.51,14.00,13.51,13.72,2673587,36957184.00
2024/12/30,13.64,13.72,13.02,13.45,2737100,36697988.00
2024/12/31,13.37,13.65,13.10,13.17,2334064,31121382.00
2025/01/02,13.23,13.50,12.84,12.93,2503100,32987068.00
2025/01/03,12.99,13.16,12.24,12.26,2484700,31197100.00
2025/01/06,12.30,12.54,11.69,12.38,2324500,28385492.00
2025/01/07,12.55,13.29,12.43,13.25,3147300,40449924.00
2025/01/08,13.29,13.29,10.60,13.14,2812487,36322464.00
2025/01/09,13.10,13.30,12.91,12.97,1972200,25849510.00
2025/01/10,13.46,13.57,12.32,12.32,2986600,38282420.00
2025/01/13,12.20,12.60,11.85,12.44,2704700,33224352.00
2025/01/14,12.60,13.24,12.49,13.22,2924400,38057920.00
2025/01/15,13.22,13.34,12.94,13.09,1946800,25576004.00
2025/01/16,13.25,13.42,13.02,13.34,2395800,31744456.00
2025/01/17,13.25,13.30,12.94,13.05,1586000,20753248.00
2025/01/20,13.26,13.67,13.26,13.64,2702163,36526360.00
2025/01/21,13.78,13.86,13.31,13.50,1731600,23321526.00
2025/01/22,13.49,13.65,13.29,13.48,1751300,23504200.00
2025/01/23,13.62,13.83,13.41,13.41,2625750,35737452.00
2025/02/17,16.09,16.09,16.09,16.09,552500,8889725.00
2025/02/18,18.00,18.80,16.60,16.71,19123640,338935072.00
2025/02/19,15.72,17.68,15.38,17.30,14628803,243372192.00
2025/02/20,16.57,16.89,16.06,16.30,10850537,177637424.00
2025/02/21,16.34,16.34,15.61,16.03,8122697,128635392.00
2025/02/24,16.00,16.24,15.70,16.12,5950592,95208336.00
2025/02/25,15.80,15.98,15.59,15.82,4960300,78084496.00
2025/02/26,15.72,15.98,15.72,15.80,3644650,57705156.00
2025/02/27,15.93,17.95,15.51,17.05,11574268,193156624.00
2025/02/28,16.75,18.50,16.26,17.69,13185520,230120080.00
2025/03/03,17.21,18.88,17.01,18.53,11934538,215963056.00
2025/03/04,18.00,18.06,16.80,17.21,9191836,158544208.00
2025/03/05,17.20,17.37,16.52,17.16,6562000,111093352.00
2025/03/06,17.10,17.29,16.86,17.29,5614330,95950176.00
2025/03/07,17.11,17.79,16.71,16.72,6576730,113523144.00
2025/03/10,16.74,17.15,16.68,16.93,3776294,63815612.00
2025/03/11,16.70,17.30,16.58,17.13,3969600,67606160.00
2025/03/12,17.19,17.28,16.80,16.85,3893694,66181424.00
2025/03/13,17.01,17.17,16.56,17.05,4265412,71858752.00
2025/03/14,17.01,18.29,16.88,18.20,9529282,170444464.00
2025/03/17,18.36,19.49,17.90,17.93,10205455,188659232.00
2025/03/18,18.02,18.47,17.67,17.96,6229486,111955760.00
2025/03/19,17.88,18.59,17.87,18.23,7097912,129599968.00
2025/03/20,18.40,18.43,17.69,17.71,5201956,92997816.00
2025/03/21,17.59,17.72,17.23,17.45,3186500,55529792.00
2025/03/24,17.45,17.68,16.36,16.87,4290912,72943064.00
2025/03/25,16.79,17.10,16.54,16.69,2874912,48375444.00
2025/03/26,16.61,17.18,16.51,17.05,2639000,44924480.00
2025/03/27,17.07,17.07,16.32,16.51,2654100,43851544.00
2025/03/28,16.43,16.68,16.20,16.24,1962500,32201588.00
2025/03/31,16.11,16.44,15.65,16.36,1808900,29305524.00
2025/04/01,16.39,16.84,16.30,16.57,2528300,42029136.00
2025/04/02,16.59,16.79,16.45,16.50,1433200,23800016.00
2025/04/03,16.33,18.84,16.22,17.90,7691272,134813504.00
2025/04/07,16.61,17.00,14.32,14.32,7425640,114420000.00
2025/04/08,14.80,15.49,14.60,15.00,5104562,76503048.00
2025/04/09,14.70,15.42,13.46,15.29,5237240,75657416.00
2025/04/10,15.58,16.40,15.58,15.90,5281500,84998336.00
2025/04/11,15.87,16.33,15.61,15.98,3129700,50194040.00
2025/04/14,16.41,16.93,16.20,16.59,3779300,62720304.00
2025/04/15,16.48,17.00,16.48,16.98,3980900,67064548.00
2025/04/16,17.04,17.30,16.48,16.75,4215540,71203952.00
2025/04/17,16.84,17.43,16.60,16.64,3759700,63835888.00
2025/04/18,16.76,16.98,16.31,16.52,2780400,45911760.00
2025/04/21,16.54,16.85,16.29,16.77,2553200,42549408.00
2025/04/22,16.78,17.47,16.64,17.28,4598901,78517216.00
2025/04/23,17.01,17.18,16.40,16.58,5133100,85168040.00
2025/04/24,16.58,16.86,16.30,16.76,3647500,60576332.00
2025/04/25,16.68,18.81,16.56,17.29,8646200,151530112.00
2025/04/28,17.86,18.29,16.82,17.05,7385746,128171992.00
2025/04/29,16.91,17.17,16.71,16.83,4496084,75845296.00
2025/04/30,16.75,16.93,16.63,16.72,2934399,49170084.00
2025/05/06,16.80,17.29,16.80,17.19,4329617,73933696.00
2025/05/07,17.29,17.55,17.04,17.22,3850962,66609056.00
2025/05/08,17.08,17.50,17.08,17.40,3489200,60651856.00
2025/05/09,17.54,17.54,17.04,17.10,2540600,43621220.00
2025/05/12,17.25,17.37,16.96,17.09,2371800,40561984.00
2025/05/13,17.26,17.32,16.81,16.88,2122200,36168144.00
2025/05/14,16.88,17.19,16.53,16.71,3411600,57320504.00
2025/05/15,16.71,16.78,16.16,16.20,2794500,45656820.00
2025/05/16,16.20,16.60,16.13,16.25,2248900,36933680.00
2025/05/19,18.00,19.50,17.04,19.50,14356989,266767168.00
2025/05/20,22.01,23.40,22.01,23.40,6117200,140041376.00
2025/05/21,26.24,27.98,22.15,22.28,36329249,912444032.00
2025/05/22,21.43,21.97,20.30,20.31,24801803,520090688.00
2025/05/23,19.87,20.47,19.07,19.09,18109074,354633952.00
2025/05/26,19.09,22.91,18.97,22.91,25538603,528292832.00
2025/05/27,23.47,24.91,22.12,22.38,37000859,867795904.00
2025/05/28,22.47,22.82,21.11,21.50,22612698,487762240.00
2025/05/29,21.77,22.46,21.05,21.88,23293274,509716768.00
2025/05/30,21.08,21.18,19.76,20.14,18680900,378533728.00
2025/06/03,19.99,21.10,19.83,20.80,14004196,288308768.00
2025/06/04,20.80,21.75,20.31,20.39,13764700,286243136.00
2025/06/05,20.41,20.69,19.83,19.91,10531302,210665360.00
2025/06/06,19.88,20.19,19.70,19.83,7583200,150847712.00
2025/06/09,20.24,20.37,19.92,20.31,9345000,188057728.00
2025/06/10,20.24,20.97,19.80,20.69,15075800,307981216.00
2025/06/11,20.70,20.71,19.47,19.56,14090700,278746304.00
2025/06/12,19.74,19.74,19.18,19.37,7948649,153703744.00
2025/06/13,19.32,19.54,18.82,19.00,6983100,133148112.00
2025/06/16,18.82,19.17,18.78,19.02,4298300,81576344.00
2025/06/17,18.95,19.29,18.84,19.12,4715900,89672200.00
2025/06/18,19.38,19.39,18.86,18.90,4678100,89006416.00
2025/06/19,18.80,18.98,18.00,18.09,6450200,118579952.00
2025/06/20,17.92,18.20,17.84,17.89,3239099,58274340.00
2025/06/23,17.66,18.33,17.60,18.27,3911600,70927936.00
2025/06/24,18.37,18.92,18.26,18.88,5168200,96802544.00
2025/06/25,18.80,19.07,18.68,18.98,4301300,81151160.00
2025/06/26,18.88,19.04,18.72,18.75,3894801,73513112.00
2025/06/27,18.75,19.05,18.71,18.87,3027903,57228252.00
2025/06/30,18.98,19.10,18.81,19.09,3397401,64628072.00
2025/07/01,19.02,19.48,19.01,19.42,5837302,112315736.00
2025/07/02,19.39,19.80,19.03,19.56,6729098,131192832.00
2025/07/03,19.47,19.56,19.16,19.31,4432400,85478000.00
2025/07/04,19.23,20.55,19.03,20.02,12431900,247428752.00
2025/07/07,20.62,23.00,20.21,22.28,23465401,503272384.00
2025/07/08,21.30,22.23,20.78,21.93,18514600,395653120.00
2025/07/09,21.48,22.15,20.90,21.22,12950600,278350944.00
2025/07/10,20.85,21.22,20.40,20.53,8972700,185400576.00
2025/07/11,20.43,20.51,19.96,20.28,7278300,147126400.00
2025/07/14,20.40,20.82,20.27,20.40,6076800,124898528.00
2025/07/15,20.50,20.50,19.72,19.88,7033300,140265744.00
2025/07/16,19.91,20.55,19.81,20.37,6816800,137856000.00
2025/07/17,20.34,20.52,20.02,20.17,4512293,90957592.00
2025/07/18,20.29,20.30,19.95,20.27,4615800,92914872.00
2025/07/21,20.52,21.50,20.52,21.34,13166818,278642336.00
2025/07/22,21.13,21.60,20.72,21.51,11723675,248310800.00
2025/07/23,21.30,21.46,20.54,20.66,8752793,183370400.00
2025/07/24,20.50,20.72,20.43,20.69,4265200,87759576.00
2025/07/25,20.66,20.66,20.16,20.17,4999200,101440552.00
2025/07/28,20.05,20.32,20.01,20.29,2823400,57080436.00
2025/07/29,20.20,20.47,20.07,20.45,3935600,79721952.00
2025/07/30,20.43,21.51,20.16,21.49,12924655,272255904.00
2025/07/31,21.26,23.00,21.14,22.18,16455865,362649344.00
2025/08/01,22.07,22.32,20.11,20.54,16404910,350267680.00
2025/08/04,20.53,21.91,19.93,21.37,10498800,220099248.00
2025/08/05,21.52,25.64,21.31,25.64,23312686,563702336.00
2025/08/06,26.46,28.45,25.70,27.59,33928133,908927104.00
2025/08/07,26.80,27.59,26.00,27.38,20333979,548726592.00
2025/08/08,27.40,30.77,27.09,29.85,21841814,644765568.00
2025/08/11,23.88,23.88,23.88,23.88,2959800,70680024.00
2025/08/12,22.32,23.20,21.64,22.66,39794885,879400704.00
2025/08/13,21.98,22.08,21.75,21.80,23211150,507734304.00
2025/08/14,21.81,21.98,21.16,21.18,15185475,327139040.00
2025/08/15,21.22,21.53,21.09,21.40,9719574,207438832.00
2025/08/18,21.60,21.75,21.50,21.72,12964890,280687488.00
2025/08/19,21.72,21.72,21.46,21.55,9556700,206117376.00
2025/08/20,21.44,21.51,21.15,21.38,7702601,164065568.00
2025/08/21,21.37,21.64,21.26,21.49,8268200,177639568.00
2025/08/22,21.60,21.60,21.21,21.37,6818800,145276048.00
2025/08/25,21.45,21.57,21.30,21.49,7099300,152194960.00
2025/08/26,21.48,21.62,21.26,21.43,6811077,146358912.00
2025/08/27,21.37,21.53,20.64,20.77,9674694,204826976.00
2025/08/28,20.54,20.85,19.71,20.37,7861801,159296208.00
2025/08/29,20.40,20.49,20.00,20.09,4499200,90791464.00
2025/09/01,20.02,20.47,19.89,20.37,4643600,93957344.00
2025/09/02,20.32,20.37,19.79,20.05,5211600,104225576.00
2025/09/03,19.97,20.08,19.49,19.53,3638700,71978656.00
2025/09/04,19.70,20.25,19.48,19.91,5774001,115353880.00
2025/09/05,20.00,20.25,19.76,20.25,4404600,88300376.00
2025/09/08,20.26,20.60,20.17,20.57,4952800,101261952.00
2025/09/09,20.57,20.78,20.34,20.44,4380100,89948400.00
2025/09/10,20.48,20.56,20.19,20.25,3292100,66895344.00
2025/09/11,20.24,20.52,19.98,20.52,4255100,86188400.00
2025/09/12,20.49,20.60,20.33,20.36,3148100,64290404.00
2025/09/15,20.33,20.45,20.13,20.45,2980875,60510964.00
2025/09/16,20.38,20.50,20.10,20.49,3133000,63728640.00
2025/09/17,20.42,20.58,20.36,20.53,3165801,64896184.00
2025/09/18,20.52,20.52,19.74,19.97,4851575,97816976.00
2025/09/19,19.97,20.13,19.76,19.88,2688876,53418488.00
2025/09/22,19.87,19.97,19.42,19.55,3111001,60872516.00
2025/09/23,19.49,19.65,18.60,19.16,4270200,81055192.00
2025/09/24,19.08,19.45,19.01,19.32,2421175,46761332.00
2025/09/25,19.44,19.66,19.02,19.02,4248975,82389592.00
2025/09/26,19.03,19.30,18.81,18.98,3092701,59039740.00
2025/09/29,19.08,19.21,18.51,19.08,3198900,60765736.00
2025/09/30,19.10,19.25,19.00,19.08,2242609,42862936.00
2025/10/09,19.25,19.52,19.13,19.46,3665600,71157184.00
2025/10/10,19.51,20.86,19.20,20.77,11972000,242748656.00
2025/10/13,20.00,20.80,19.69,20.80,8118200,164635024.00
2025/10/14,20.52,20.88,20.21,20.50,6725250,138429632.00
2025/10/15,20.30,20.83,20.08,20.69,6533710,133768376.00
2025/10/16,20.57,20.68,20.10,20.15,4374550,88665864.00
2025/10/17,20.10,20.14,19.20,19.25,4675895,91638648.00
2025/10/20,19.43,19.83,19.43,19.82,3843810,75741632.00
2025/10/21,19.93,19.94,19.67,19.90,2920600,57914020.00
2025/10/22,19.80,20.07,19.70,19.91,2766600,55082236.00
2025/10/23,19.61,19.67,19.32,19.63,3940600,76746504.00
2025/10/24,19.65,19.86,19.51,19.52,2976500,58508284.00
2025/10/27,19.62,19.64,19.24,19.37,3205200,62237480.00
2025/10/28,19.31,19.56,19.18,19.22,2770001,53429880.00
2025/10/29,19.30,19.30,18.93,19.02,3317700,63306912.00
2025/10/30,19.02,19.04,18.60,18.61,3265500,61242088.00
2025/10/31,18.61,18.96,18.56,18.84,2635600,49639432.00
2025/11/03,19.15,20.10,19.09,19.89,8442100,166389728.00
2025/11/04,19.83,20.06,19.72,19.90,5074701,101027960.00
2025/11/05,19.79,20.88,19.65,20.77,12036276,246563024.00
2025/11/06,20.58,20.77,19.95,20.00,8674000,175008064.00
2025/11/07,20.01,20.20,19.58,19.66,4848300,95850048.00
2025/11/10,19.76,20.79,19.63,20.64,10552293,215771344.00
2025/11/11,21.06,22.88,20.88,21.24,18285480,391636800.00
2025/11/12,21.25,21.39,20.52,20.71,11272175,234940592.00
2025/11/13,20.73,20.85,20.37,20.39,6590300,135034336.00
2025/11/14,20.36,21.38,20.12,20.96,9998675,208602096.00
2025/11/17,20.80,21.25,20.32,21.03,8775701,182559824.00
2025/11/18,20.97,20.97,20.13,20.23,6514400,132692512.00
2025/11/19,20.20,20.42,19.55,19.64,5026605,99798320.00
2025/11/20,19.76,19.81,19.16,19.31,4219106,81954344.00
2025/11/21,19.19,19.38,18.06,18.17,6138880,113608784.00
2025/11/24,18.32,18.77,18.12,18.65,3626175,67007064.00
2025/11/25,18.75,19.19,18.63,18.77,3075400,58252496.00
2025/11/26,18.84,19.13,18.52,18.57,2657200,49886560.00
2025/11/27,18.72,19.80,18.57,19.25,6097800,117492848.00
2025/11/28,19.25,19.50,18.86,19.28,2752100,52902924.00
2025/12/01,19.27,19.58,19.19,19.33,2898300,56170936.00
2025/12/02,19.34,19.34,18.91,19.04,2340005,44625724.00
2025/12/03,19.04,19.24,18.61,18.72,2735900,51462400.00
2025/12/04,18.72,18.87,18.20,18.21,3001600,55115944.00
2025/12/05,18.22,18.66,18.10,18.66,2583200,47526596.00
2025/12/08,18.66,18.75,18.47,18.69,2526500,47060968.00
2025/12/09,18.67,18.81,18.39,18.42,2317800,42982192.00
2025/12/10,18.44,18.44,17.98,17.98,3156275,57394588.00
2025/12/11,18.07,19.18,17.80,18.32,7832240,145009136.00
2025/12/12,18.20,18.75,18.04,18.40,5282540,97376960.00
2025/12/15,18.36,18.48,18.07,18.15,3256900,59411520.00
2025/12/16,18.14,18.14,17.34,17.40,3893000,68507232.00
2025/12/17,17.57,17.58,16.72,17.15,4249500,72288472.00
2025/12/18,17.01,17.44,16.88,17.27,2973300,51334104.00
2025/12/19,17.30,17.65,17.30,17.64,2758900,48374628.00
2025/12/22,17.67,17.89,17.49,17.51,2137510,37653392.00
2025/12/23,17.60,17.60,17.11,17.33,2086070,36062396.00
2025/12/24,17.33,17.65,17.20,17.50,1659500,29030556.00
2025/12/25,17.57,17.75,17.47,17.70,1928700,33985056.00
2025/12/26,17.79,17.79,17.41,17.43,2101600,36949272.00
2025/12/29,17.38,17.58,17.18,17.53,2710901,47120204.00
2025/12/30,17.51,17.62,17.23,17.27,2236100,38920168.00
2025/12/31,17.29,17.35,17.00,17.25,2322188,39858444.00
2026/01/05,17.30,17.63,17.25,17.60,2565912,44967200.00
2026/01/06,17.62,17.79,17.57,17.71,2462788,43550956.00
2026/01/07,17.88,17.90,17.53,17.82,2969000,52651764.00
2026/01/08,17.76,18.70,17.70,18.36,4743500,86583672.00
2026/01/09,18.32,18.45,17.89,18.38,6446901,117208520.00
2026/01/12,18.50,19.13,18.26,18.90,6174982,115657784.00
2026/01/13,19.08,19.18,18.50,18.82,7322550,137962416.00
2026/01/14,18.73,19.04,18.42,18.76,5510950,103506312.00
2026/01/15,18.67,18.88,18.40,18.71,4577700,85284336.00
2026/01/16,19.40,19.73,18.95,19.00,6916801,132993184.00
2026/01/19,18.71,19.75,18.68,19.50,7522873,146212288.00
2026/01/20,19.51,20.54,19.19,20.14,13089373,261005760.00
2026/01/21,19.70,19.72,19.12,19.27,7946350,153621072.00
2026/01/22,19.27,19.55,19.15,19.36,4625650,89420568.00
2026/01/23,19.30,19.60,19.25,19.40,4736600,91913720.00
2026/01/26,19.54,19.55,18.88,19.11,4785100,91717488.00
2026/01/27,19.08,19.10,18.36,18.94,4002400,74875288.00
2026/01/28,18.94,19.02,18.31,18.39,4353700,81027176.00
2026/01/29,18.33,18.60,18.02,18.15,3351800,61434424.00
2026/01/30,18.14,18.54,17.97,18.46,3166500,58016668.00
2026/02/02,18.42,19.15,18.20,18.56,5403293,101893928.00
2026/02/03,18.60,18.98,18.46,18.97,3798500,71391096.00
2026/02/04,18.96,19.37,18.87,19.00,3346490,63853816.00
2026/02/05,19.00,19.10,18.73,18.77,2235000,42145860.00
2026/02/06,18.68,19.17,18.63,18.94,2765000,52586536.00
2026/02/09,19.20,19.66,19.00,19.56,4888388,94746760.00
2026/02/10,19.45,19.97,19.36,19.44,4634600,90866312.00
2026/02/11,19.35,19.49,19.24,19.25,2848400,55096412.00
2026/02/12,19.27,19.50,18.90,19.24,3294343,63533344.00
2026/02/13,19.24,19.34,19.00,19.13,2385300,45873140.00
2026/02/24,19.31,19.66,19.26,19.62,2910002,56813380.00
2026/02/25,19.70,19.84,19.41,19.50,2664500,52197616.00
2026/02/26,19.50,19.69,19.40,19.57,2809701,54925880.00
2026/02/27,19.58,19.65,19.36,19.64,2196100,42840080.00
2026/03/02,19.34,19.47,18.71,18.91,3476601,66132028.00
2026/03/03,18.91,19.11,18.07,18.15,3643501,67648000.00
2026/03/04,17.90,18.80,17.88,18.57,3563201,65730752.00
2026/03/05,18.84,19.75,18.84,19.19,5635000,108887256.00
2026/03/06,19.23,19.79,19.10,19.75,5842998,114699208.00
2026/03/09,19.29,19.95,19.20,19.75,4944802,97436488.00
2026/03/10,19.93,20.20,19.71,20.05,4989948,99721232.00
2026/03/11,20.05,20.30,19.83,19.96,6399700,128323960.00
2026/03/12,20.03,20.03,19.57,19.62,4107900,81141600.00
2026/03/13,19.68,20.10,19.43,19.46,3763000,74158416.00
2026/03/16,19.48,19.82,19.05,19.34,3633800,70331016.00
2026/03/17,19.36,19.47,18.58,18.62,2943100,55787160.00
2026/03/18,18.68,19.00,18.53,19.00,2947202,55448192.00
2026/03/19,18.81,19.00,18.22,18.33,2878600,53578048.00
2026/03/20,18.44,18.95,17.63,17.69,5217198,94217392.00
2026/03/23,17.39,17.56,16.10,16.45,4829000,81741728.00
2026/03/24,16.78,18.19,16.78,18.19,7880123,137901744.00
2026/03/25,18.07,21.83,17.90,21.83,23822937,489539936.00
2026/03/26,21.24,21.55,19.83,20.03,26143652,529165216.00
2026/03/27,19.81,20.21,19.64,19.83,17554000,349578336.00
2026/03/30,19.60,20.04,19.15,19.86,13968682,273239936.00
2026/03/31,19.90,21.69,19.81,21.08,27314913,565603456.00
2026/04/01,20.89,22.90,20.50,21.75,26289777,568434816.00
2026/04/02,21.54,22.03,20.93,21.20,18127007,387742848.00
2026/04/03,21.38,23.32,21.17,22.70,24458340,544579200.00
2026/04/07,22.59,24.72,22.19,24.10,21530922,515170848.00
2026/04/08,23.31,23.78,22.17,23.55,23440710,536949056.00
2026/04/09,22.52,23.45,21.83,23.23,16199252,366947232.00
2026/04/10,23.20,23.39,22.33,22.43,12760462,289452384.00
2026/04/13,22.18,23.20,22.01,22.83,11150501,254739616.00
2026/04/14,22.97,23.13,21.51,21.80,12371298,272432768.00
2026/04/15,21.81,23.37,21.64,22.21,13353589,300414304.00
2026/04/16,22.21,24.17,21.82,23.60,17180897,400974464.00
2026/04/17,23.53,23.53,22.68,22.85,11213700,256532960.00
2026/04/20,22.60,23.36,22.40,22.86,7923100,181671616.00
2026/04/21,22.74,22.86,21.88,22.05,8738240,193358096.00
2026/04/22,22.09,23.50,21.61,23.33,12384900,281263488.00
2026/04/23,23.50,25.80,23.03,24.81,16320790,401498592.00
2026/04/24,24.69,26.14,24.15,25.78,15709105,397276480.00
2026/04/27,25.08,26.50,24.99,25.95,12203350,316622336.00
2026/04/28,25.78,27.80,25.74,26.60,11189817,300776032.00
2026/04/29,26.60,29.29,26.20,28.61,14203906,397930272.00
2026/04/30,28.38,30.99,28.06,30.60,14237000,422739616.00
2026/05/20,36.72,36.72,36.72,36.72,682280,25053322.00
2026/05/21,44.06,44.06,44.06,44.06,518300,22836298.00
2026/05/22,52.87,52.87,52.87,52.87,4807380,254166176.00
2026/05/25,54.00,60.88,52.68,53.02,38450547,2174745856.00
2026/05/26,50.00,53.03,48.01,51.26,25330165,1263535616.00
2026/05/27,50.50,55.50,49.56,53.99,27571365,1456315008.00
2026/05/28,52.80,54.28,49.01,52.39,24214981,1254913024.00
2026/05/29,50.12,52.32,48.30,49.56,18137750,906114112.00
2026/06/01,47.45,52.74,46.93,48.25,20235149,1008229632.00
2026/06/02,48.60,49.81,43.12,49.70,24467002,1148204032.00
2026/06/03,48.01,52.92,47.00,51.63,24094799,1208028544.00
2026/06/04,51.00,54.63,48.50,49.20,26745000,1376767616.00
2026/06/05,50.44,52.98,44.40,45.33,23901501,1126070016.00
2026/06/08,41.13,44.95,39.00,39.50,23037100,954820672.00
2026/06/09,40.00,40.18,37.46,38.11,14732700,561852352.00
2026/06/10,37.99,38.11,35.94,36.64,10987875,403486336.00
2026/06/11,36.44,36.66,35.10,35.94,8038476,286728352.00
2026/06/12,36.30,36.63,34.68,34.94,8601675,306230048.00
2026/06/15,35.22,35.31,34.20,34.66,9082975,315415680.00
2026/06/16,34.33,35.53,33.66,34.86,11256300,392996128.00
2026/06/17,34.52,36.96,34.25,35.94,15473028,551926848.00
2026/06/18,35.80,35.80,33.60,33.98,13524007,461933856.00
2026/06/22,33.88,34.07,32.78,33.59,10585029,352361056.00
2026/06/23,33.33,33.95,32.90,33.06,6447300,215203968.00
2026/06/24,33.31,33.66,32.01,32.45,7149551,232324832.00
2026/06/25,32.83,32.83,31.48,31.72,7511251,239404896.00
2026/06/26,31.76,33.10,31.33,32.11,9505300,305740928.00
2026/06/29,31.78,32.66,30.29,31.07,9771101,305170304.00
2026/06/30,31.35,31.97,30.67,31.83,6182900,194671616.00
2026/07/01,31.83,33.70,30.58,33.35,15602131,506221120.00
2026/07/02,33.31,40.02,33.10,39.36,26901401,986569984.00
2026/07/03,38.94,41.05,36.80,38.29,25427510,986607104.00
2026/07/06,38.00,38.38,34.16,34.24,18515345,656755520.00
2026/07/07,34.25,35.30,32.61,32.68,10503300,354057184.00
2026/07/08,32.68,32.80,30.62,30.64,8901579,277406528.00
2026/07/09,30.42,31.45,29.29,30.72,7085500,214728800.00
2026/07/10,30.31,36.86,30.11,36.86,15519210,541282304.00
2026/07/13,41.42,43.00,36.23,40.10,32732257,1290059776.00
2026/07/14,38.09,40.70,37.67,40.16,23676849,929589184.00
2026/07/15,39.36,40.70,38.07,38.30,15631922,608271424.00
2026/07/16,37.24,39.30,37.00,37.91,13262892,504717024.00
2026/07/17,37.69,38.66,32.07,32.92,16298977,573644864.00
2026/07/20,33.58,35.02,29.63,30.76,15827527,512604192.00
2026/07/21,30.91,32.33,26.74,32.15,14058430,418737088.00
2026/07/22,31.51,32.38,30.95,31.26,10010000,315705536.00
2026/07/23,31.36,32.31,30.91,31.70,11218000,355202624.00
2026/07/24,30.58,30.80,29.08,29.13,10063100,300668800.00
2026/07/27,28.84,30.11,27.65,30.08,7203200,211076624.00
2026/07/28,29.37,30.29,27.50,27.67,8411310,238863920.00
2026/07/29,27.47,27.64,25.87,26.26,9257858,244856896.00
2026/07/30,25.90,26.26,23.78,23.84,9014800,222607712.00
2026/07/31,24.80,25.46,24.57,24.70,8310700,208153680.00
2026/08/03,25.40,26.72,25.12,25.82,10256900,265463008.00
2026/08/04,25.95,27.92,25.78,27.30,12966697,350348992.00
2026/08/05,27.00,28.28,26.73,28.21,9679209,267711136.00
2026/08/06,28.00,29.48,27.71,29.27,9184110,265625936.00
2026/08/07,29.27,29.35,27.88,29.18,8003700,229185280.00
2026/08/10,29.76,30.28,28.38,29.42,6471309,187471616.00
2026/08/11,28.85,29.89,28.30,29.40,7112050,207034704.00
2026/08/12,29.40,29.76,29.11,29.46,4692101,138112656.00
2026/08/13,29.72,29.73,28.50,28.57,5524950,161156816.00
2026/08/14,28.75,28.76,27.01,27.62,7450700,205857856.00
2026/08/17,27.99,28.98,27.55,28.97,7632150,216909840.00
2026/08/18,29.00,29.20,28.23,28.88,5894850,169551456.00
2026/08/19,31.52,34.66,29.20,34.66,19311375,615058688.00
2026/08/20,32.76,33.58,29.62,30.71,31503825,971388416.00
2026/08/21,29.51,29.60,26.53,27.00,24077929,660125824.00
2026/08/24,26.61,26.61,24.87,25.55,17064401,435647104.00
2026/08/25,25.04,26.94,24.73,26.65,16676658,433504288.00
2026/08/26,26.42,26.77,25.80,26.66,11266000,296557824.00
2026/08/27,26.48,26.60,26.10,26.43,9012840,237834480.00
2026/08/28,26.12,26.70,26.07,26.13,7900573,208006448.00
2026/08/31,25.78,26.57,25.55,26.51,6461167,169387088.00
2026/09/01,26.60,26.76,25.95,26.08,6612774,173247456.00
2026/09/02,25.75,26.26,25.59,25.88,5523100,143363584.00
2026/09/03,26.11,26.38,25.44,25.73,5831800,150484144.00
2026/09/04,25.83,26.37,25.22,25.44,6724600,173982416.00
2026/09/07,25.24,25.54,25.20,25.34,4784400,121340632.00
2026/09/08,25.30,25.43,25.00,25.12,4390800,110644392.00
2026/09/09,24.98,25.25,24.81,25.01,3935600,98623536.00
2026/09/10,24.77,24.88,24.48,24.65,3349000,82574840.00
2026/09/11,24.57,24.57,23.78,24.27,3894807,93917960.00
2026/09/14,24.40,24.72,24.18,24.34,3949900,96399848.00
#数据来源:通达信
