301517 陕西华达 日线 前复权
      日期	    开盘	    最高	    最低	    收盘	    成交量	    成交额
2023/10/17,47.00,61.14,47.00,52.85,16624604,1221440128.00
2023/10/18,49.85,57.70,49.63,50.78,13881686,1036416384.00
2023/10/19,48.37,62.71,48.34,58.78,14677746,1171638016.00
2023/10/20,55.84,59.57,50.02,53.14,11529390,874787392.00
2023/10/23,51.42,57.00,49.14,54.77,10703933,803701056.00
2023/10/24,52.66,53.78,47.21,47.62,11296446,785965952.00
2023/10/25,45.28,50.07,44.15,48.35,10224135,671652096.00
2023/10/26,45.57,55.40,45.18,52.57,12266282,850958336.00
2023/10/27,50.85,58.42,49.15,52.60,12635384,939663552.00
2023/10/30,51.32,55.94,50.32,54.28,10962154,814704576.00
2023/10/31,53.74,60.25,51.30,51.92,11393824,888006656.00
2023/11/01,49.86,53.55,48.35,49.29,8232058,582194176.00
2023/11/02,49.12,49.14,44.78,44.93,7082783,464405280.00
2023/11/03,44.86,46.61,44.50,45.40,4846015,310789696.00
2023/11/06,45.22,47.35,45.22,46.96,5030282,328854976.00
2023/11/07,46.96,47.57,45.47,47.34,5287728,346460864.00
2023/11/08,47.00,47.22,46.00,46.42,3886465,254193296.00
2023/11/09,46.21,46.66,44.75,45.07,3884955,248264624.00
2023/11/10,44.96,46.99,44.50,46.45,4548065,295056736.00
2023/11/13,45.92,48.07,45.90,47.71,5112325,339804288.00
2023/11/14,47.28,48.64,47.12,47.86,4432923,297928960.00
2023/11/15,47.92,48.42,46.26,47.02,3625203,239162272.00
2023/11/16,47.02,47.57,46.05,46.08,3156776,207233712.00
2023/11/17,45.92,47.19,45.51,47.19,3190075,207438784.00
2023/11/20,47.00,48.55,46.39,48.37,4449739,298093120.00
2023/11/21,47.89,48.25,46.35,46.42,4009027,265766576.00
2023/11/22,46.28,46.78,45.05,45.09,2851621,182959456.00
2023/11/23,44.61,44.93,43.78,44.52,2929278,182973328.00
2023/11/24,44.52,44.57,41.68,41.78,3930495,236756160.00
2023/11/27,41.50,42.75,41.50,42.32,2115789,125276016.00
2023/11/28,42.40,43.81,42.14,43.09,2524752,152800432.00
2023/11/29,42.75,43.34,42.42,42.45,1883659,113239336.00
2023/11/30,42.42,42.55,40.84,41.55,2092594,122482664.00
2023/12/01,41.42,41.85,40.89,41.80,1572805,91577392.00
2023/12/04,42.35,43.10,41.85,42.68,2681824,160788048.00
2023/12/05,42.11,42.12,41.10,41.20,2154477,125458104.00
2023/12/06,40.87,41.61,40.65,40.70,1573912,90948272.00
2023/12/07,40.50,41.00,39.57,40.89,2082556,117846816.00
2023/12/08,40.77,41.39,40.48,40.99,1375556,79144856.00
2023/12/11,40.99,41.62,40.50,41.42,1447915,83802664.00
2023/12/12,41.29,42.00,40.92,41.25,1792706,104440944.00
2023/12/13,41.08,41.62,40.38,41.14,1915640,110447912.00
2023/12/14,40.92,42.70,40.32,41.30,3090486,179644800.00
2023/12/15,40.92,41.14,39.62,40.45,2248885,128083464.00
2023/12/18,40.21,40.48,39.05,39.15,1609015,89455232.00
2023/12/19,38.92,39.56,38.83,39.50,1131502,62328256.00
2023/12/20,39.85,40.62,39.50,39.61,1602449,90077376.00
2023/12/21,38.96,39.53,37.84,39.06,1802485,98105032.00
2023/12/22,38.78,40.14,38.78,39.40,2050597,114056720.00
2023/12/25,39.21,40.11,38.71,38.92,1349929,74610160.00
2023/12/26,38.69,38.69,37.29,37.42,1438714,76329832.00
2023/12/27,37.35,39.00,37.35,38.99,2123125,114500008.00
2023/12/28,38.92,39.55,38.59,39.17,1457757,80123336.00
2023/12/29,39.15,39.97,38.90,39.78,1213556,67494536.00
2024/01/02,40.17,41.42,39.32,40.60,2523592,143959088.00
2024/01/03,40.19,40.42,38.89,39.37,1653576,91740064.00
2024/01/04,39.14,40.00,39.09,39.39,1184177,65828892.00
2024/01/05,39.17,39.96,38.25,38.64,1384264,75816688.00
2024/01/08,38.47,38.65,37.41,37.44,945449,50304376.00
2024/01/09,37.71,38.03,35.95,36.28,1638187,84861056.00
2024/01/10,36.28,36.45,35.20,35.79,1041800,52420916.00
2024/01/11,35.70,37.68,35.70,37.67,1758797,91332632.00
2024/01/12,37.78,38.92,37.32,38.07,2196886,117548376.00
2024/01/15,37.42,38.04,36.35,36.75,1495181,77634856.00
2024/01/16,36.66,36.95,35.80,36.37,1096536,55917708.00
2024/01/17,36.42,36.42,34.98,34.98,1147256,57249352.00
2024/01/18,35.17,35.20,33.78,34.61,1255056,60687440.00
2024/01/19,34.74,34.83,33.14,33.23,1376056,65416900.00
2024/01/22,33.27,33.59,30.84,31.42,1312279,59522752.00
2024/01/23,31.64,31.75,30.97,31.26,1297600,57207380.00
2024/01/24,31.36,31.86,30.32,31.64,1497156,65411152.00
2024/01/25,31.65,33.22,31.36,33.07,1827188,83607464.00
2024/01/26,32.92,34.05,32.72,33.01,1507244,70448064.00
2024/01/29,34.85,35.55,32.57,32.65,2890500,138352560.00
2024/01/30,31.76,32.43,30.72,30.72,2133598,94723432.00
2024/01/31,30.21,31.35,29.03,29.05,1555612,65552712.00
2024/02/01,29.14,29.49,28.17,29.17,1366852,55735556.00
2024/02/02,28.89,29.40,25.92,26.70,1974537,76359072.00
2024/02/05,26.13,27.35,22.98,23.18,2259744,77081176.00
2024/02/06,23.06,24.71,21.37,24.35,2021054,65940584.00
2024/02/07,24.35,24.86,22.39,22.77,2586604,86597952.00
2024/02/08,22.78,24.84,22.43,24.84,2590614,86320920.00
2024/02/19,24.55,26.00,24.53,25.57,2721128,96859960.00
2024/02/20,25.21,26.55,24.97,26.18,2422995,88283696.00
2024/02/21,25.77,27.39,25.71,26.37,2673652,100219784.00
2024/02/22,26.25,27.98,26.25,27.82,3214108,123601656.00
2024/02/23,28.06,29.53,27.41,29.53,3394901,135404336.00
2024/02/26,29.14,30.34,28.89,29.67,3191617,132935280.00
2024/02/27,30.37,35.64,29.53,35.64,5272545,239545952.00
2024/02/28,37.72,40.78,34.80,34.91,9641549,518283968.00
2024/02/29,32.45,37.57,32.32,36.17,6329765,311277408.00
2024/03/01,35.46,36.25,34.57,35.53,4373505,217973408.00
2024/03/04,35.57,35.57,33.44,34.52,3850149,186227456.00
2024/03/05,34.13,36.62,33.84,34.57,4671141,232990112.00
2024/03/06,33.82,35.70,33.80,35.08,3405480,166278992.00
2024/03/07,34.85,36.28,34.47,35.47,3768477,187476512.00
2024/03/08,35.21,40.44,35.15,37.50,6621899,348476864.00
2024/03/11,36.09,36.45,35.00,36.37,4354888,218748512.00
2024/03/12,36.12,37.35,35.27,36.56,3743441,191105248.00
2024/03/13,36.30,36.99,35.81,36.10,3291904,168342960.00
2024/03/14,35.57,35.80,34.60,34.62,2839050,139747696.00
2024/03/15,34.71,35.56,34.71,35.47,2167190,107179008.00
2024/03/18,35.77,37.05,35.71,36.90,3043800,156355584.00
2024/03/19,37.50,40.93,36.20,38.72,6005714,325644512.00
2024/03/20,38.27,40.87,38.00,39.30,5440617,302030816.00
2024/03/21,38.42,39.00,37.57,38.26,3488484,187370176.00
2024/03/22,38.02,40.42,37.37,40.28,5122900,283239808.00
2024/03/25,40.28,42.70,38.67,38.67,5048966,288348320.00
2024/03/26,37.69,39.71,37.55,37.57,3040536,162931840.00
2024/03/27,37.00,37.12,33.92,33.92,3093449,152826704.00
2024/03/28,34.13,37.26,34.13,36.47,3582554,181301360.00
2024/03/29,36.47,39.85,35.72,38.98,3846468,204080592.00
2024/04/01,38.50,39.85,38.50,39.35,3114544,170793456.00
2024/04/02,38.78,39.67,38.04,38.29,2359634,127621184.00
2024/04/03,38.02,38.37,36.48,36.51,2302327,119889696.00
2024/04/08,36.08,36.27,34.47,34.51,1873899,92513744.00
2024/04/09,34.34,34.97,34.14,34.80,1483824,72227576.00
2024/04/10,34.78,34.78,32.21,32.57,2003350,92960920.00
2024/04/11,32.15,33.25,32.00,32.20,1486174,68361440.00
2024/04/12,32.28,34.00,32.28,33.21,1686608,78581568.00
2024/04/15,32.76,34.46,31.91,33.87,2209999,103451904.00
2024/04/16,32.64,32.69,28.84,29.15,2421515,103489800.00
2024/04/17,29.99,31.67,29.14,31.59,2439398,105819336.00
2024/04/18,31.50,32.84,31.00,32.14,2446154,110310168.00
2024/04/19,31.64,33.64,31.18,33.00,2999649,137483824.00
2024/04/22,35.56,38.81,35.13,35.17,6290393,328700832.00
2024/04/23,34.65,36.46,33.78,34.01,4850088,237676976.00
2024/04/24,33.77,35.57,33.77,35.25,3879636,191548192.00
2024/04/25,33.83,34.85,33.41,33.67,3553194,170201440.00
2024/04/26,33.62,40.42,33.55,37.92,7816942,410817248.00
2024/04/29,37.34,37.83,36.66,37.35,5370327,280788352.00
2024/04/30,37.35,37.61,35.70,35.92,3676449,187905280.00
2024/05/06,35.84,37.00,35.71,37.00,3943021,201713392.00
2024/05/07,37.57,39.77,37.15,38.46,7050796,383307072.00
2024/05/08,37.63,38.06,36.51,36.96,4493087,234836160.00
2024/05/09,36.92,37.89,36.05,37.75,4084434,211770432.00
2024/05/10,37.32,38.40,36.63,36.85,3520074,185214192.00
2024/05/13,35.64,35.68,33.78,34.08,3575904,173850656.00
2024/05/14,34.00,34.71,33.78,34.23,1447863,69670840.00
2024/05/15,34.20,34.85,32.92,33.79,1691118,80966880.00
2024/05/16,34.14,34.92,33.82,34.42,2019285,97773960.00
2024/05/17,34.25,35.20,34.15,35.05,2226815,109017288.00
2024/05/20,34.82,35.84,34.25,35.56,2705750,133846984.00
2024/05/21,35.14,35.33,33.85,34.35,2378574,115157960.00
2024/05/22,34.47,36.61,34.05,35.75,3420154,171754416.00
2024/05/23,35.57,38.00,35.57,36.86,5457368,283920704.00
2024/05/24,36.29,39.35,34.71,38.35,7551763,395543712.00
2024/05/27,36.92,38.00,36.03,37.18,4987380,259623824.00
2024/05/28,37.35,40.50,36.92,38.42,6851938,372980800.00
2024/05/29,46.13,46.13,42.71,42.75,13739008,870522368.00
2024/05/30,42.75,51.33,40.65,51.33,15517199,1011548480.00
2024/05/31,49.14,59.05,48.78,53.47,16053002,1176680576.00
2024/06/03,52.71,53.42,48.11,49.14,11852279,835228480.00
2024/06/04,46.99,48.28,44.61,45.48,9959867,644095168.00
2024/06/05,44.35,47.50,43.78,43.85,8809579,564474496.00
2024/06/06,43.07,43.90,40.79,42.62,8424244,499492960.00
2024/06/07,42.71,43.10,40.33,40.92,6334777,370756480.00
2024/06/11,40.56,42.89,39.53,42.50,5993713,349959776.00
2024/06/12,41.85,43.62,41.56,42.65,5559692,333071200.00
2024/06/13,42.37,45.32,42.00,44.77,7938018,487139104.00
2024/06/14,44.14,44.99,43.05,44.23,6114912,377832256.00
2024/06/17,43.79,44.70,42.02,42.24,5306823,321926656.00
2024/06/18,42.52,43.79,42.27,43.60,5150944,313328032.00
2024/06/19,43.15,44.87,42.89,44.20,6431539,398976704.00
2024/06/20,43.50,43.53,39.50,39.50,6265514,361734944.00
2024/06/21,39.22,39.79,38.14,38.55,3994932,217379696.00
2024/06/24,38.22,39.00,36.37,36.55,3689491,194635664.00
2024/06/25,36.42,37.93,36.07,36.92,3368651,175355776.00
2024/06/26,36.59,38.07,35.57,38.05,3258363,169179440.00
2024/06/27,37.48,38.77,37.19,37.20,3491804,186399824.00
2024/06/28,37.45,39.00,37.30,38.52,4771190,257130000.00
2024/07/01,37.53,38.09,36.37,37.06,3661906,190769216.00
2024/07/02,36.86,37.66,36.37,36.57,2629317,135893296.00
2024/07/03,36.37,36.52,35.26,35.45,2442661,121960184.00
2024/07/04,35.50,35.87,34.29,34.33,2448207,119651264.00
2024/07/05,34.09,34.37,33.16,33.72,2222086,105260976.00
2024/07/08,33.72,34.20,33.20,33.40,1780839,83983304.00
2024/07/09,33.25,34.97,33.22,34.74,3034952,145119008.00
2024/07/10,34.37,35.30,34.29,34.49,2400468,117073392.00
2024/07/11,35.29,35.59,34.64,35.52,2725879,134442816.00
2024/07/12,35.88,35.88,34.87,35.00,2316171,114548968.00
2024/07/15,35.47,36.86,35.23,35.45,3202439,160842720.00
2024/07/16,35.25,35.95,34.63,35.58,3234164,159648480.00
2024/07/17,35.94,36.04,34.23,34.23,2364890,115217880.00
2024/07/18,33.50,34.45,32.96,34.02,2194641,103364528.00
2024/07/19,33.61,35.43,33.61,34.84,2793518,136653616.00
2024/07/22,34.70,36.73,34.70,36.33,4118064,207918432.00
2024/07/23,36.12,36.85,35.88,36.06,3460395,176183152.00
2024/07/24,35.70,38.23,35.62,37.72,6482993,339315456.00
2024/07/25,37.03,38.23,37.03,37.92,5157496,272482048.00
2024/07/26,37.59,41.20,37.40,40.52,7354530,410239648.00
2024/07/29,40.19,42.08,39.40,40.52,6929536,393794592.00
2024/07/30,39.66,42.80,39.42,41.77,6997791,403926688.00
2024/07/31,41.23,42.66,39.52,41.40,7005362,402359424.00
2024/08/01,41.09,43.46,41.07,41.64,6137665,362474688.00
2024/08/02,40.72,42.51,39.85,40.02,5571244,319141024.00
2024/08/05,39.60,40.80,37.49,37.52,5509285,299932160.00
2024/08/06,38.45,39.37,37.42,38.80,3913695,211215184.00
2024/08/07,39.12,41.31,38.80,40.57,6367620,359255456.00
2024/08/08,40.02,40.13,37.23,37.30,5196303,278362656.00
2024/08/09,37.25,37.92,35.77,35.80,3752241,192691344.00
2024/08/12,35.73,35.75,34.25,34.81,2040634,99458416.00
2024/08/13,35.33,35.66,34.56,35.24,1977421,96852880.00
2024/08/14,35.30,36.21,35.30,35.45,2729898,136591424.00
2024/08/15,34.95,35.66,34.35,35.16,2547492,124922352.00
2024/08/16,35.52,36.02,34.87,34.87,2853700,141769792.00
2024/08/19,34.76,34.93,34.05,34.22,2119084,102002400.00
2024/08/20,34.51,34.51,33.59,33.84,1807285,85855120.00
2024/08/21,34.32,38.47,34.06,35.47,4578500,227729824.00
2024/08/22,35.23,37.00,34.87,36.27,4883215,246808464.00
2024/08/23,35.59,37.80,35.35,37.71,5289026,274808928.00
2024/08/26,37.17,37.65,36.32,37.48,3756247,194765088.00
2024/08/27,36.37,36.80,33.52,33.54,4304113,210436800.00
2024/08/28,32.09,32.65,30.45,30.52,4197498,183667872.00
2024/08/29,30.30,31.53,30.26,31.20,3021960,131964504.00
2024/08/30,31.04,33.37,31.04,32.65,3747667,170730144.00
2024/09/02,32.37,32.93,31.10,31.15,2391808,106967016.00
2024/09/03,30.85,32.00,30.56,31.70,2720548,119401224.00
2024/09/04,31.40,31.88,30.98,31.10,2156085,94909608.00
2024/09/05,31.30,31.72,31.02,31.28,1756267,77156016.00
2024/09/06,31.23,31.36,30.31,30.32,1941767,83710952.00
2024/09/09,30.27,30.62,29.76,30.12,1472185,62141804.00
2024/09/10,30.42,30.87,29.88,30.82,2368941,101174552.00
2024/09/11,30.42,30.65,29.70,29.87,2047541,86249568.00
2024/09/12,30.05,30.16,29.29,29.29,1680887,69980432.00
2024/09/13,29.39,29.39,28.60,28.60,1641782,66548692.00
2024/09/18,28.59,28.92,27.72,28.77,1780282,70591832.00
2024/09/19,28.79,29.09,28.46,28.55,1875626,75675112.00
2024/09/20,28.65,28.80,27.70,27.87,1924800,75944048.00
2024/09/23,27.70,28.50,27.68,28.05,1640300,64563224.00
2024/09/24,28.53,28.74,27.30,28.65,2817261,111296440.00
2024/09/25,28.87,30.03,28.81,29.37,3553491,146943408.00
2024/09/26,29.20,30.03,28.91,30.01,2883151,119494616.00
2024/09/27,30.25,32.69,30.25,32.22,4259175,188312528.00
2024/09/30,34.00,37.64,32.94,37.05,6618425,326596288.00
2024/10/08,43.52,43.63,38.40,43.61,8714484,503648896.00
2024/10/09,41.44,41.44,37.24,37.41,5767028,318766240.00
2024/10/10,38.64,39.60,37.02,37.09,3870178,206658960.00
2024/10/11,36.37,36.87,33.82,34.35,3380269,166028288.00
2024/10/14,35.30,37.67,34.73,37.52,4933242,251454832.00
2024/10/15,36.37,38.77,36.02,37.28,5776478,306199200.00
2024/10/16,37.29,37.38,35.52,35.76,3946345,201368960.00
2024/10/17,34.25,38.29,34.25,36.32,7882914,408689984.00
2024/10/18,35.33,38.97,35.33,38.37,10297363,539406144.00
2024/10/21,39.95,41.92,38.92,41.03,11118360,632847040.00
2024/10/22,40.32,44.91,38.95,42.95,13122462,775456576.00
2024/10/23,42.84,46.37,42.09,42.17,11704220,730939712.00
2024/10/24,41.80,42.66,40.32,40.51,7232965,416357824.00
2024/10/25,40.61,40.97,39.73,40.62,6097100,344981632.00
2024/10/28,40.70,41.37,40.00,40.55,5026820,286969248.00
2024/10/29,40.66,43.30,39.18,43.30,9775268,575939072.00
2024/10/30,42.80,44.93,40.67,42.80,7772217,462064064.00
2024/10/31,41.75,44.15,41.10,43.42,7705155,463538848.00
2024/11/01,42.73,43.22,38.99,39.12,5663685,326233056.00
2024/11/04,38.75,40.73,38.66,40.20,2594552,145678048.00
2024/11/05,40.17,44.25,39.95,43.32,6554499,390029792.00
2024/11/06,42.66,43.52,40.98,42.01,7454338,441683456.00
2024/11/07,41.60,44.72,41.16,44.68,9590430,586657088.00
2024/11/08,46.73,50.66,46.00,48.09,12391429,836361792.00
2024/11/11,47.62,49.87,45.85,49.20,10132065,681561344.00
2024/11/12,49.37,49.92,46.15,47.73,6624234,441718688.00
2024/11/13,46.59,47.94,46.00,46.66,3519600,231113808.00
2024/11/14,46.37,46.37,44.59,44.59,3310234,211281280.00
2024/11/15,44.10,44.70,42.16,42.25,3073916,187953984.00
2024/11/18,42.74,42.74,38.94,39.66,3928135,220112080.00
2024/11/19,40.42,40.98,39.38,40.98,2848061,160222560.00
2024/11/20,40.55,42.39,40.48,41.87,3361231,196189920.00
2024/11/21,41.71,42.42,40.75,41.27,3141727,182807776.00
2024/11/22,41.02,41.30,38.59,38.63,3121185,175099296.00
2024/11/25,38.87,39.43,37.96,39.43,2328791,126309784.00
2024/11/26,39.94,40.45,38.77,38.82,1881232,104309688.00
2024/11/27,38.52,40.66,37.63,40.65,3797703,210717728.00
2024/11/28,40.27,41.48,40.17,40.37,3238210,185369376.00
2024/11/29,40.37,41.46,40.37,40.45,2873222,164562208.00
2024/12/02,40.45,41.23,40.29,41.09,2637366,150611168.00
2024/12/03,41.22,41.22,39.95,40.44,2052725,116551904.00
2024/12/04,40.37,40.44,38.65,38.87,2420663,133960864.00
2024/12/05,38.47,40.37,38.47,39.60,2016688,111728992.00
2024/12/06,39.70,39.91,39.05,39.43,1718485,95005680.00
2024/12/09,39.43,39.57,38.77,39.09,1671585,91645392.00
2024/12/10,40.75,40.75,39.56,39.69,3014499,168869984.00
2024/12/11,40.07,41.33,39.85,40.72,3241846,183773680.00
2024/12/12,40.45,41.79,40.31,41.58,4889985,283405088.00
2024/12/13,41.17,41.23,40.12,40.12,3565006,202632448.00
2024/12/16,40.16,41.37,39.65,41.34,3886329,222433600.00
2024/12/17,41.37,41.59,38.52,38.87,3303069,185230832.00
2024/12/18,39.23,40.50,38.37,39.41,2114270,117038152.00
2024/12/19,38.70,39.80,38.40,39.35,2243229,123349952.00
2024/12/20,39.20,40.79,38.88,40.33,3077199,173379024.00
2024/12/23,40.30,40.98,38.57,38.61,2748385,152954608.00
2024/12/24,38.63,40.15,38.37,40.12,2581256,142897856.00
2024/12/25,39.80,41.43,39.01,41.02,4298793,243890864.00
2024/12/26,40.98,43.52,40.75,42.87,8155112,486305216.00
2024/12/27,42.79,42.79,41.40,41.80,5141314,303002208.00
2024/12/30,41.66,42.62,41.14,42.29,3626077,213709376.00
2024/12/31,41.87,41.95,38.52,38.54,4439227,248016944.00
2025/01/02,38.54,38.75,35.42,36.06,3002903,155655040.00
2025/01/03,35.66,36.06,33.38,33.46,2690149,130007896.00
2025/01/06,33.60,33.93,32.41,32.85,1724282,80353232.00
2025/01/07,32.86,34.12,32.86,34.12,1977400,92814456.00
2025/01/08,33.65,33.95,32.10,33.51,2363373,109741144.00
2025/01/09,33.01,34.14,33.01,33.62,2122121,100451056.00
2025/01/10,33.62,34.13,32.12,32.12,1824285,84972456.00
2025/01/13,31.98,32.88,31.14,32.85,1867154,84480296.00
2025/01/14,32.86,34.09,32.83,34.00,2243603,105816064.00
2025/01/15,33.96,34.39,33.45,33.69,1674382,79410416.00
2025/01/16,33.77,34.39,33.31,33.94,1896400,90097592.00
2025/01/17,33.54,34.10,33.34,33.72,1657660,78290296.00
2025/01/20,33.75,35.99,33.75,35.17,3533270,172753008.00
2025/01/21,34.96,35.32,34.17,35.02,2246674,109312720.00
2025/01/22,34.48,35.82,34.48,35.46,3240788,160912384.00
2025/01/23,35.80,36.57,34.82,34.82,2775479,139243744.00
2025/01/24,34.77,35.60,34.25,35.17,1779088,87688120.00
2025/01/27,35.15,35.45,33.67,33.70,1825362,88017888.00
2025/02/05,33.96,34.40,33.55,34.28,1562300,74575288.00
2025/02/06,34.25,35.75,34.07,35.66,2521085,124446064.00
2025/02/07,35.45,36.80,35.45,36.22,3211300,163486256.00
2025/02/10,36.55,36.74,36.14,36.70,2058462,105202352.00
2025/02/11,36.75,37.42,36.07,36.68,2632700,135541136.00
2025/02/12,36.42,36.72,36.10,36.44,2230985,113884832.00
2025/02/13,36.42,36.52,35.52,35.52,2059000,103867800.00
2025/02/14,35.54,35.86,35.10,35.75,1815606,90322192.00
2025/02/17,35.96,36.10,35.32,35.67,1695465,84994976.00
2025/02/18,35.75,36.03,33.96,34.15,2111318,103611256.00
2025/02/19,34.12,35.20,34.05,35.12,1776600,86788712.00
2025/02/20,35.32,36.09,35.12,36.07,2284504,114543880.00
2025/02/21,36.22,36.86,35.74,36.75,2963213,151744480.00
2025/02/24,36.74,37.03,36.11,36.72,2613115,134069464.00
2025/02/25,36.27,36.90,36.03,36.53,2063630,105810360.00
2025/02/26,36.57,36.77,36.25,36.60,2167700,110927000.00
2025/02/27,36.71,36.75,35.16,35.98,2754200,138543392.00
2025/02/28,35.55,36.02,33.75,33.85,2408059,117107776.00
2025/03/03,33.82,34.94,33.55,34.10,1888500,90849792.00
2025/03/04,34.14,35.50,33.82,35.32,2579959,126105728.00
2025/03/05,35.32,37.70,35.03,36.90,5076560,258731664.00
2025/03/06,37.30,39.20,37.02,38.35,6587013,351604960.00
2025/03/07,37.90,38.77,37.34,37.82,4809358,257123440.00
2025/03/10,37.80,38.17,37.47,37.68,2441200,129161552.00
2025/03/11,37.22,38.85,37.10,38.59,4349621,233405792.00
2025/03/12,38.56,39.55,38.53,38.92,4544522,248409728.00
2025/03/13,39.06,39.85,38.32,39.25,4579770,250092224.00
2025/03/14,38.90,39.65,37.86,39.05,3635300,197772816.00
2025/03/17,39.19,40.22,38.69,39.57,3724052,206363792.00
2025/03/18,39.25,40.91,38.92,39.47,4337699,241717392.00
2025/03/19,39.23,39.51,38.58,38.81,2556337,139619680.00
2025/03/20,38.67,39.60,38.37,38.75,2871700,156797808.00
2025/03/21,38.50,40.22,38.24,39.55,5264898,290823808.00
2025/03/24,40.39,40.83,38.19,40.21,6350914,354558144.00
2025/03/25,39.28,43.92,39.28,41.63,9411249,550603520.00
2025/03/26,41.11,41.63,40.22,40.70,5224643,298474016.00
2025/03/27,40.45,40.77,38.45,39.32,4234300,233453264.00
2025/03/28,39.12,39.60,36.77,36.80,4770829,252835856.00
2025/03/31,35.69,37.39,35.69,36.65,2459800,126015864.00
2025/04/01,36.86,38.77,36.52,38.68,4597000,244262768.00
2025/04/02,38.32,39.05,37.55,37.87,2649854,141980016.00
2025/04/03,37.46,38.15,36.50,37.11,2803750,146997744.00
2025/04/07,35.17,35.20,29.68,29.70,5215785,232253040.00
2025/04/08,30.67,32.08,29.32,30.73,3577700,154474480.00
2025/04/09,30.27,33.57,29.35,33.50,4676609,209381872.00
2025/04/10,33.53,34.37,33.20,33.52,3795600,180266432.00
2025/04/11,33.09,34.87,33.05,34.09,3355000,160685776.00
2025/04/14,34.25,34.80,34.03,34.10,2165582,104007848.00
2025/04/15,34.08,34.20,33.16,33.52,1956615,91896400.00
2025/04/16,33.46,33.72,32.23,32.74,1850500,85284000.00
2025/04/17,32.52,33.42,32.52,32.87,1420000,65809152.00
2025/04/18,32.88,34.95,32.37,34.10,3677844,173943920.00
2025/04/21,33.96,34.82,33.69,34.56,3321742,159291632.00
2025/04/22,34.24,35.07,34.19,34.62,2420844,117190264.00
2025/04/23,34.65,34.82,34.36,34.65,1858800,90101392.00
2025/04/24,34.67,35.67,34.24,34.39,2685900,131021592.00
2025/04/25,34.47,34.92,34.11,34.25,2024200,97877568.00
2025/04/28,34.24,34.35,33.37,33.40,1588720,74954656.00
2025/04/29,31.39,33.19,31.05,32.53,2508611,114128096.00
2025/04/30,33.17,34.32,32.78,33.67,2709300,127078200.00
2025/05/06,33.69,35.43,33.69,35.32,2648600,128641552.00
2025/05/07,36.03,36.62,35.67,36.53,3675946,186765216.00
2025/05/08,36.05,37.07,36.05,36.96,2689700,137924992.00
2025/05/09,38.88,40.43,37.43,38.53,8944893,485187552.00
2025/05/12,37.20,40.66,37.20,39.00,7998902,434962560.00
2025/05/13,38.60,38.89,37.08,37.10,5714231,302567616.00
2025/05/14,37.45,37.63,36.35,36.45,2951400,151744272.00
2025/05/15,36.75,37.67,35.89,36.17,3064000,156661600.00
2025/05/16,35.82,36.55,35.82,36.21,2764700,140266112.00
2025/05/19,36.32,36.66,35.53,36.45,2339740,118333192.00
2025/05/20,36.09,36.60,35.93,36.42,1630482,83102960.00
2025/05/21,36.24,36.57,35.39,35.39,2159382,108316056.00
2025/05/22,35.40,36.35,35.12,35.32,1970000,98632304.00
2025/05/23,35.17,35.39,34.32,34.43,1783970,87198224.00
2025/05/26,34.45,35.06,34.32,34.72,1180111,57360616.00
2025/05/27,34.61,35.43,34.12,35.05,2149485,104778496.00
2025/05/28,34.96,35.12,34.11,34.13,1550200,75106256.00
2025/05/29,34.20,35.12,34.09,34.75,1332000,64835788.00
2025/05/30,34.60,35.94,34.17,35.26,2810511,137953776.00
2025/06/03,35.40,36.53,35.17,35.32,2310900,115484448.00
2025/06/04,35.45,36.53,35.20,35.71,2866200,144369840.00
2025/06/05,35.32,39.07,35.17,38.60,8897435,468727488.00
2025/06/06,38.20,38.89,37.47,38.01,5332574,283372480.00
2025/06/09,38.02,38.47,37.59,37.67,4002400,212939072.00
2025/06/10,37.96,39.64,37.67,38.45,7404460,400332896.00
2025/06/11,38.17,38.80,37.47,38.59,4234016,226349424.00
2025/06/12,38.35,39.61,38.30,38.42,4197000,228502128.00
2025/06/13,38.23,39.39,38.07,38.29,4131400,224238464.00
2025/06/16,38.57,39.23,37.96,38.23,3705805,199740640.00
2025/06/17,38.10,38.42,37.47,37.94,2910191,154317520.00
2025/06/18,37.90,38.83,37.25,38.78,5740016,219897856.00
2025/06/19,38.57,38.81,37.15,37.50,4568820,172993872.00
2025/06/20,37.50,37.75,36.40,36.72,3563519,131663032.00
2025/06/23,36.72,37.79,36.48,37.50,4077180,151768688.00
2025/06/24,37.13,37.97,36.69,37.88,5129163,192225376.00
2025/06/25,37.86,38.79,37.82,38.41,6431460,246605984.00
2025/06/26,38.46,40.88,38.46,39.39,11188592,446644672.00
2025/06/27,39.59,40.49,39.01,39.82,6704640,266759600.00
2025/06/30,39.65,41.60,39.65,40.69,10888164,442876576.00
2025/07/01,40.41,40.57,39.47,39.70,7078172,281845024.00
2025/07/02,39.51,39.70,38.50,38.83,4906760,191440112.00
2025/07/03,39.58,45.80,39.58,41.20,19411513,831918272.00
2025/07/04,39.80,43.32,39.80,42.66,18589142,784144128.00
2025/07/07,41.85,45.50,41.60,44.71,17017799,737676864.00
2025/07/08,44.42,46.16,43.64,44.06,14335727,639025792.00
2025/07/09,44.06,45.28,43.37,43.70,10609799,469028864.00
2025/07/10,43.00,44.40,42.25,44.40,8802235,378357728.00
2025/07/11,43.90,43.96,42.60,42.88,6851380,295091840.00
2025/07/14,42.80,43.12,42.52,42.67,3543937,151623024.00
2025/07/15,42.59,42.92,41.31,41.70,5340104,223748112.00
2025/07/16,41.86,42.00,41.22,41.64,3410260,142184944.00
2025/07/17,41.50,42.80,41.50,42.53,4425640,187257744.00
2025/07/18,42.50,42.75,41.80,42.18,3606620,151959920.00
2025/07/21,42.00,43.15,41.91,43.00,4754059,202843920.00
2025/07/22,43.00,43.62,42.33,42.54,5172672,222372128.00
2025/07/23,42.39,44.25,42.00,43.24,7196678,310713376.00
2025/07/24,43.36,43.60,42.82,43.18,4717577,203477808.00
2025/07/25,43.01,43.30,42.24,42.88,4314868,183934608.00
2025/07/28,42.68,45.50,42.68,44.99,10870655,484948000.00
2025/07/29,45.01,45.16,44.43,44.83,5288869,236389280.00
2025/07/30,44.92,46.33,43.38,44.39,8205568,367706496.00
2025/07/31,44.11,47.85,43.83,45.52,12548900,580698880.00
2025/08/01,45.29,45.48,43.43,43.72,8638378,381681888.00
2025/08/04,43.11,49.00,43.08,47.91,16954213,794532224.00
2025/08/05,47.92,49.61,47.56,48.59,13809673,669396160.00
2025/08/06,48.49,52.00,48.30,50.06,15466550,777676032.00
2025/08/07,49.56,52.76,48.70,52.00,17242195,870646592.00
2025/08/08,53.17,55.55,51.18,52.33,16880906,893244544.00
2025/08/11,52.00,53.53,50.27,51.00,15002773,776321216.00
2025/08/12,50.94,51.84,49.99,50.35,8619870,435580128.00
2025/08/26,60.42,60.42,51.85,51.85,24563439,1335433472.00
2025/08/27,51.50,51.50,47.89,48.46,16235959,800627264.00
2025/08/28,49.41,50.49,47.05,49.14,11675691,572456768.00
2025/08/29,48.16,49.27,47.57,47.68,8259387,397691232.00
2025/09/01,47.50,48.14,46.80,47.00,6335981,298795104.00
2025/09/02,47.04,49.31,45.18,49.22,12800979,610521856.00
2025/09/03,48.92,48.99,46.67,46.78,6542263,311337056.00
2025/09/04,46.88,47.25,42.58,44.08,6841334,307094880.00
2025/09/05,43.74,45.72,43.52,45.26,4240685,189120736.00
2025/09/08,45.72,47.67,45.31,47.20,5620293,260938112.00
2025/09/09,46.66,46.95,44.71,44.80,5165361,236417584.00
2025/09/10,44.75,45.47,44.27,44.30,3144349,140821776.00
2025/09/11,43.98,45.50,43.91,45.35,4644807,209457360.00
2025/09/12,45.25,45.51,44.40,44.77,3530368,159105600.00
2025/09/15,44.82,45.00,43.69,43.80,3327267,146239216.00
2025/09/16,43.75,45.55,43.73,45.21,4657342,208614896.00
2025/09/17,45.09,45.90,44.73,45.18,3092627,140077040.00
2025/09/18,45.14,46.65,44.96,45.44,6743643,308247904.00
2025/09/19,45.10,45.79,44.33,44.38,4072356,183433024.00
2025/09/22,44.57,45.05,44.14,44.50,2776772,123862792.00
2025/09/23,44.50,44.68,41.79,42.78,5278296,225895616.00
2025/09/24,42.57,43.10,42.00,43.04,3277782,139575728.00
2025/09/25,43.20,43.76,42.54,42.55,3772701,162541744.00
2025/09/26,42.52,42.86,41.88,41.88,2909006,123011000.00
2025/09/29,41.70,42.11,41.07,42.00,2710042,113151840.00
2025/09/30,42.00,42.80,42.00,42.38,2882084,122343040.00
2025/10/09,42.58,43.04,42.16,42.72,2565687,109503584.00
2025/10/10,42.58,42.86,41.70,41.73,3261248,137476112.00
2025/10/13,40.30,43.29,40.01,43.02,4268494,179659392.00
2025/10/14,43.02,43.99,42.90,43.08,3830016,165535440.00
2025/10/15,43.00,44.95,42.87,44.10,5544526,244350864.00
2025/10/16,43.72,44.23,42.16,42.50,4365186,187913888.00
2025/10/17,42.42,44.10,42.00,42.27,4248466,182945952.00
2025/10/20,42.88,43.79,42.42,43.27,3259160,140777456.00
2025/10/21,43.18,44.26,43.17,43.56,3085405,134561120.00
2025/10/22,43.26,43.56,42.61,42.80,2711962,116563680.00
2025/10/23,41.81,42.17,40.10,41.33,4270488,174308960.00
2025/10/24,43.80,45.67,42.88,43.41,7231036,318017536.00
2025/10/27,43.11,44.94,43.11,44.56,7393544,326799136.00
2025/10/28,44.00,45.94,43.77,45.28,7787039,352318112.00
2025/10/29,45.00,47.19,44.80,45.91,7490692,345513920.00
2025/10/30,45.38,48.39,45.13,47.52,11793055,556714112.00
2025/10/31,47.08,47.17,45.87,46.22,7726478,358470272.00
2025/11/03,45.81,46.58,45.30,46.50,4597983,211918928.00
2025/11/04,46.02,46.32,45.00,45.23,4288196,194920480.00
2025/11/05,44.22,45.30,44.22,44.63,3233417,145119536.00
2025/11/06,44.80,45.20,43.83,44.65,3628716,161048016.00
2025/11/07,44.52,46.38,43.81,46.05,6616973,300282944.00
2025/11/10,46.20,47.40,45.84,46.10,5829221,271960064.00
2025/11/11,45.50,46.38,44.78,44.83,4424518,200573360.00
2025/11/12,44.59,45.78,43.53,45.20,4125707,183442400.00
2025/11/13,44.99,46.18,44.60,45.36,4275773,194788944.00
2025/11/14,44.82,46.43,44.23,45.50,3582436,163417856.00
2025/11/17,45.79,46.25,45.00,45.60,3600233,164215776.00
2025/11/18,45.10,45.44,44.00,44.72,3361959,149679824.00
2025/11/19,44.63,45.20,43.88,43.95,3000460,133081528.00
2025/11/20,44.10,44.80,43.54,43.63,2891739,127548608.00
2025/11/21,43.29,43.92,41.50,41.71,3670612,155226080.00
2025/11/24,42.00,44.14,42.00,44.01,4521516,195678320.00
2025/11/25,43.88,45.68,43.87,44.90,4484930,201832240.00
2025/11/26,46.01,46.65,44.46,44.56,5744282,260668656.00
2025/11/27,44.52,48.94,43.86,46.92,12729694,590066560.00
2025/11/28,47.03,48.90,46.92,47.70,13508200,646096512.00
2025/12/01,48.80,48.88,47.30,47.56,8598012,412390400.00
2025/12/02,47.00,48.46,46.66,47.41,6584459,313463456.00
2025/12/03,47.18,49.33,45.51,47.99,10889247,515134112.00
2025/12/04,46.80,51.49,46.52,49.79,14779205,730260352.00
2025/12/05,49.65,52.60,48.83,52.60,16375578,835975808.00
2025/12/08,53.26,54.06,50.68,52.31,17049064,894660608.00
2025/12/09,54.03,62.77,54.03,62.77,29023956,1757928960.00
2025/12/10,59.00,61.30,58.00,59.58,19551628,1165133696.00
2025/12/11,61.00,64.68,59.09,62.09,21481129,1314350208.00
2025/12/12,63.20,67.55,60.47,63.48,24382548,1561715584.00
2025/12/15,63.23,72.00,62.50,67.85,23275048,1564269312.00
2025/12/16,64.50,65.58,60.03,61.00,20112422,1260118272.00
2025/12/17,61.74,64.50,60.50,62.52,15507974,963291392.00
2025/12/18,61.80,68.50,61.11,65.30,21132523,1382803712.00
2025/12/19,65.00,71.88,62.50,71.39,24315981,1611247616.00
2025/12/22,71.39,73.00,68.00,68.08,19879683,1390696064.00
2025/12/23,67.71,68.07,59.42,60.26,21809210,1379824384.00
2025/12/24,57.58,64.64,57.50,63.11,17708019,1093338240.00
2025/12/25,63.00,66.66,62.80,66.03,18928370,1232350208.00
2025/12/26,65.37,68.99,65.00,66.66,20573297,1377788928.00
2025/12/29,64.78,67.68,64.69,66.15,14534221,960598208.00
2025/12/30,64.85,68.16,64.85,65.60,15642497,1039131584.00
2025/12/31,65.60,71.00,65.56,69.48,21692530,1486786176.00
2026/01/05,69.48,71.13,65.50,69.36,18354092,1255474176.00
2026/01/06,68.05,74.18,67.57,73.00,21007808,1508782464.00
2026/01/07,70.00,70.48,67.36,69.93,17030831,1170644992.00
2026/01/08,68.90,73.50,68.36,72.23,18432605,1315535360.00
2026/01/09,72.69,80.80,72.00,76.26,21874955,1642777984.00
2026/01/12,77.98,86.17,76.00,80.90,20203511,1631186048.00
2026/01/13,83.88,97.08,76.30,88.88,30676864,2661817088.00
2026/01/14,94.01,103.99,88.45,89.58,28931428,2782973440.00
2026/01/15,85.30,87.58,75.15,78.00,23158577,1854564992.00
2026/01/16,80.18,82.18,77.70,77.80,17333186,1381248768.00
2026/01/19,76.04,79.76,75.51,77.04,12138759,948263616.00
2026/01/20,77.50,80.95,72.80,74.10,14241817,1088957184.00
2026/01/21,74.09,77.50,73.00,73.40,11291427,847903552.00
2026/01/22,72.80,75.50,72.55,75.09,12616003,939115264.00
2026/01/23,76.15,81.28,74.10,80.32,19178832,1506170624.00
2026/01/26,79.00,79.00,70.20,70.50,15417962,1146531200.00
2026/01/27,69.10,71.67,67.80,70.72,8386178,586407296.00
2026/01/28,70.71,71.10,67.58,67.78,7594294,520368864.00
2026/01/29,67.08,68.66,66.11,66.30,6843212,461411424.00
2026/01/30,64.96,66.96,64.00,65.91,6336000,413630432.00
2026/02/02,66.20,68.00,64.75,64.78,4849943,321013632.00
2026/02/03,65.69,67.93,64.78,67.88,7071534,472056256.00
2026/02/04,67.20,68.45,65.08,65.73,5432850,360853312.00
2026/02/05,64.98,67.37,64.44,65.75,5293566,350999296.00
2026/02/06,65.01,66.74,64.56,65.00,4333112,283612704.00
2026/02/09,66.00,67.39,65.20,66.30,4989907,331950048.00
2026/02/10,66.00,66.70,65.11,65.34,4336921,285377728.00
2026/02/11,65.35,67.09,64.80,64.80,4480893,294260800.00
2026/02/12,64.51,65.30,63.63,63.87,4019565,258535552.00
2026/02/13,63.68,65.24,63.68,63.78,3798538,245003744.00
2026/02/24,62.55,63.72,61.35,62.41,5081874,318204448.00
2026/02/25,62.39,63.58,61.60,63.50,5348729,334689216.00
2026/02/26,63.09,65.11,62.50,64.49,5234646,335930656.00
2026/02/27,64.26,66.00,63.90,65.03,4452908,290147104.00
2026/03/02,66.01,67.89,64.50,65.93,9425774,624799552.00
2026/03/03,65.78,65.78,59.00,59.23,8571647,529569472.00
2026/03/04,57.86,60.96,57.62,60.03,4273493,256588592.00
2026/03/05,61.38,61.48,60.01,60.92,4277890,260202448.00
2026/03/06,60.70,61.95,60.28,60.81,3291869,201491536.00
2026/03/09,59.79,60.06,57.65,59.42,3731494,219296448.00
2026/03/10,59.99,61.72,59.90,61.27,3337401,204131888.00
2026/03/11,61.50,61.95,59.81,59.94,3154307,190923600.00
2026/03/12,59.69,60.11,57.80,58.23,3091925,181038704.00
2026/03/13,57.86,58.30,56.30,56.33,2610188,149141696.00
2026/03/16,56.45,57.09,55.60,56.59,2675039,150560000.00
2026/03/17,56.99,57.39,55.00,55.11,2645745,148666992.00
2026/03/18,55.50,57.36,55.10,57.29,3717473,209929424.00
2026/03/19,56.21,59.09,56.07,57.61,5597110,323201408.00
2026/03/20,58.31,58.50,55.11,55.11,3911540,222089648.00
2026/03/23,54.06,55.68,51.76,52.01,4449183,238332256.00
2026/03/24,53.62,53.80,51.57,53.40,3674686,193504944.00
2026/03/25,54.27,54.69,53.05,54.00,2748123,148686976.00
2026/03/26,54.48,54.75,52.24,53.47,3126292,167202720.00
2026/03/27,52.56,54.18,52.44,53.81,2302120,123057712.00
2026/03/30,53.33,55.55,53.00,55.10,4055121,221471344.00
2026/03/31,54.98,57.19,54.83,55.02,5189482,292025600.00
2026/04/01,56.00,56.86,54.03,54.80,3675540,201748096.00
2026/04/02,54.90,55.72,53.89,54.22,3308746,181345776.00
2026/04/03,54.57,55.17,52.85,52.90,2793521,150042544.00
2026/04/07,53.58,53.80,52.06,52.66,1933436,102410376.00
2026/04/08,54.02,56.11,54.02,56.01,4078180,225607488.00
2026/04/09,55.43,61.48,54.89,59.29,12967938,768596224.00
2026/04/10,59.39,68.75,58.51,65.36,16974655,1075192448.00
2026/04/13,64.90,68.70,63.26,66.08,13922299,916201856.00
2026/04/14,66.20,71.49,65.21,70.05,15191234,1047098688.00
2026/04/15,70.06,72.29,68.22,68.85,14876387,1043464832.00
2026/04/16,68.19,69.93,67.66,69.26,9846598,677162624.00
2026/04/17,68.08,74.60,67.37,72.29,13628572,973014208.00
2026/04/20,73.70,75.70,71.00,73.26,16340702,1195009664.00
2026/04/21,71.05,74.44,71.02,72.94,10475593,763025408.00
2026/04/22,71.92,73.58,70.92,72.35,7242834,522761120.00
2026/04/23,71.31,73.48,69.69,70.02,8843542,627557312.00
2026/04/24,70.20,70.88,67.02,68.66,7035535,481479904.00
2026/04/27,68.45,68.68,65.40,66.04,7317835,485064800.00
2026/04/28,65.90,67.25,63.20,63.93,5329888,344619648.00
2026/04/29,63.67,64.52,62.85,63.46,3501229,222104176.00
2026/04/30,63.22,71.55,62.87,70.20,10183727,695660288.00
2026/05/06,69.60,71.86,69.38,70.00,7041589,495707936.00
2026/05/07,69.65,71.28,69.20,70.60,6259525,440914272.00
2026/05/08,70.00,75.69,69.68,73.88,12946469,946720000.00
2026/05/11,74.02,75.15,72.22,72.92,10000182,733037824.00
2026/05/12,72.70,74.32,71.40,72.12,6943726,503583328.00
2026/05/13,71.76,72.24,70.61,71.74,5008591,357616608.00
2026/05/14,71.30,72.23,67.60,67.68,6304511,437947936.00
2026/05/15,67.66,69.50,66.50,67.47,4811859,325595296.00
2026/05/18,67.27,68.50,65.66,66.15,5062084,337952608.00
2026/05/19,66.06,68.37,64.80,67.68,5311677,355660256.00
2026/05/20,66.77,68.04,65.47,66.98,4280133,284528128.00
2026/05/21,67.09,67.80,63.28,63.54,4893128,322345856.00
2026/05/22,64.14,65.85,62.95,65.16,4111867,265493760.00
2026/05/25,65.62,66.20,62.98,64.36,3963044,255103040.00
2026/05/26,64.37,64.37,59.33,60.33,5428935,329220480.00
2026/05/27,60.50,61.46,57.27,57.89,3427066,201419184.00
2026/05/28,57.89,61.20,57.51,59.40,3728247,221769824.00
2026/05/29,59.32,59.78,54.71,55.28,4304089,242986416.00
2026/06/01,54.97,56.09,54.00,54.16,3555639,195191584.00
2026/06/02,54.90,54.90,51.90,53.88,3884713,207541104.00
2026/06/03,53.53,56.23,53.08,55.36,4766520,263280864.00
2026/06/04,55.00,55.91,53.61,54.10,2958700,160677296.00
2026/06/05,54.99,56.88,53.40,55.65,5964163,330716864.00
2026/06/08,53.29,55.94,52.35,52.85,4853525,262208624.00
2026/06/09,53.45,54.69,52.52,53.91,3357825,180306608.00
2026/06/10,53.54,54.40,51.47,52.11,3138279,164660832.00
2026/06/11,51.48,52.50,50.69,51.94,2838793,146261696.00
2026/06/12,52.52,54.25,52.21,52.58,3509566,187191488.00
2026/06/15,52.04,52.14,49.80,51.68,5432967,276324512.00
2026/06/16,51.65,53.38,50.61,52.33,4159577,217955872.00
2026/06/17,51.52,54.35,51.50,53.75,4486772,239928400.00
2026/06/18,53.01,54.65,52.91,53.93,3884458,209554944.00
2026/06/22,53.91,54.50,49.90,51.31,4543672,232877328.00
2026/06/23,51.04,51.29,50.04,50.25,3133721,158770704.00
2026/06/24,50.25,50.85,48.48,50.34,3629269,180601008.00
2026/06/25,50.06,51.00,48.39,48.71,3914475,192446016.00
2026/06/26,48.02,49.99,46.95,48.60,4765834,232148416.00
2026/06/29,48.59,48.89,46.45,47.95,3971162,188105536.00
2026/06/30,48.80,49.99,47.80,49.63,3455539,170290128.00
2026/07/01,49.78,52.05,49.25,51.02,4883458,248567360.00
2026/07/02,50.57,51.74,49.09,49.30,3791106,190363920.00
2026/07/03,49.03,53.90,49.03,52.31,7077790,367217312.00
2026/07/06,53.30,53.75,49.30,49.84,5750569,293084416.00
2026/07/07,50.15,51.00,48.02,48.11,3958640,194531088.00
2026/07/08,48.11,48.58,46.12,46.13,3331125,156773088.00
2026/07/09,49.92,49.92,45.18,47.52,4280723,199384384.00
2026/07/10,46.98,53.39,46.89,50.76,11370312,575150400.00
2026/07/13,51.00,51.24,43.37,44.42,9512737,431267648.00
2026/07/14,44.00,44.28,40.77,42.14,6845249,286575296.00
2026/07/15,42.01,42.78,40.66,41.50,4440262,184862480.00
2026/07/16,41.00,41.69,40.20,40.26,3355067,136946272.00
2026/07/17,40.30,40.30,36.83,37.50,4940698,189683888.00
2026/07/20,37.80,38.89,35.36,36.08,4470467,164379440.00
2026/07/21,36.20,36.73,33.05,36.67,4372405,154038896.00
2026/07/22,36.70,37.61,36.18,36.57,4094487,151161472.00
2026/07/23,36.20,37.85,36.20,37.72,2952044,110184920.00
2026/07/24,37.01,37.70,36.30,36.32,2514381,92576104.00
2026/07/27,36.00,37.97,35.91,37.96,2537142,94687648.00
2026/07/28,37.72,38.18,36.59,36.86,2005058,74748824.00
2026/07/29,37.04,37.04,35.74,36.85,2786175,101426136.00
2026/07/30,36.50,36.90,34.45,34.70,3169460,112182528.00
2026/07/31,35.74,37.30,35.49,36.53,4106085,150783968.00
2026/08/03,36.30,37.85,36.30,37.81,3457062,129591024.00
2026/08/04,38.07,38.86,37.73,38.52,2546599,97804488.00
2026/08/05,38.49,39.89,38.38,39.41,3380443,133142312.00
2026/08/06,39.08,40.55,38.91,40.08,2964437,118455368.00
2026/08/07,40.30,41.20,39.24,41.00,3496835,140917168.00
2026/08/10,41.49,41.60,39.71,41.08,2340310,94693416.00
2026/08/11,40.64,40.96,39.30,40.45,2810896,112945920.00
2026/08/12,41.06,42.24,40.40,41.78,2703992,112570568.00
2026/08/13,41.78,42.27,40.81,40.81,2297033,95773136.00
2026/08/14,40.85,41.32,40.20,41.00,2141169,87269376.00
2026/08/17,41.36,42.10,40.68,42.01,2083512,86466208.00
2026/08/18,42.01,42.11,41.16,41.84,2157500,89728944.00
2026/08/19,43.03,43.90,37.90,38.00,5056693,200039120.00
2026/08/20,38.77,39.37,37.80,37.96,3414095,131455600.00
2026/08/21,38.30,38.73,37.39,38.38,1995347,76315968.00
2026/08/24,38.38,38.68,36.80,37.66,2668920,99903216.00
2026/08/25,36.90,38.07,35.82,37.95,2568500,95102624.00
2026/08/26,38.04,38.29,37.00,37.64,1959620,73861632.00
2026/08/27,37.67,39.04,37.67,38.36,3366686,129419576.00
2026/08/28,38.20,38.78,37.69,37.80,2207956,84280456.00
2026/08/31,37.51,38.99,37.51,38.98,2354558,90203488.00
2026/09/01,39.06,39.06,37.93,38.53,1965463,75698184.00
2026/09/02,38.07,38.98,37.88,38.50,1645375,63295996.00
2026/09/03,38.55,38.99,38.01,38.60,1622738,62512972.00
2026/09/04,38.81,39.25,37.77,38.03,1941999,75106192.00
2026/09/07,38.13,38.48,37.90,38.18,1327780,50734320.00
2026/09/08,38.20,38.81,38.00,38.20,1382540,53147944.00
2026/09/09,38.25,38.85,38.03,38.22,1705400,65516592.00
2026/09/10,37.70,38.16,37.24,37.47,1761040,66271680.00
2026/09/11,37.81,37.81,36.27,37.05,2848888,105021480.00
2026/09/14,36.98,37.27,36.32,37.11,1934020,71382456.00
#数据来源:通达信
