300488 恒锋工具 日线 前复权
      日期	    开盘	    最高	    最低	    收盘	    成交量	    成交额
2021/08/02,15.03,16.25,14.99,16.10,1824341,31243708.00
2021/08/03,16.59,19.07,16.26,17.27,4826260,90332248.00
2021/08/04,16.54,17.51,16.50,17.21,2890081,53052364.00
2021/08/05,17.21,17.53,16.84,17.39,2169126,40112064.00
2021/08/06,17.18,17.44,16.71,16.99,1493981,27357896.00
2021/08/09,16.99,18.15,16.91,18.01,3303144,62908892.00
2021/08/10,17.86,18.25,17.51,17.98,2224163,42755840.00
2021/08/11,18.01,18.29,17.71,18.21,2158340,41751248.00
2021/08/12,18.11,18.71,18.01,18.63,2329848,45974884.00
2021/08/13,18.22,19.05,18.01,18.31,2268301,44818500.00
2021/08/16,18.01,18.56,17.76,17.96,1879480,36405280.00
2021/08/17,17.63,18.29,16.99,17.08,1662609,31161120.00
2021/08/18,17.54,18.96,17.19,17.49,2647914,50607688.00
2021/08/19,18.11,18.62,16.53,17.27,3378196,63058432.00
2021/08/20,16.76,20.08,16.51,19.10,7187660,145570256.00
2021/08/23,20.51,22.45,19.71,22.31,11612780,260030736.00
2021/08/24,23.99,23.99,21.02,21.41,9711393,226030224.00
2021/08/25,20.69,21.52,20.19,20.61,6206808,135988016.00
2021/08/26,20.61,22.30,19.98,20.85,9132300,205040384.00
2021/08/27,20.71,25.28,19.96,25.28,14060575,352978048.00
2021/08/30,25.04,30.59,24.54,30.59,17387041,490361312.00
2021/08/31,31.71,36.54,30.71,34.21,18245278,640425792.00
2021/09/01,34.94,36.41,31.34,33.69,17538012,616493376.00
2021/09/02,31.62,37.52,31.62,34.76,16714351,605088960.00
2021/09/03,32.86,36.72,32.01,32.86,13912196,492972896.00
2021/09/06,32.71,33.39,28.60,30.16,13205977,418412512.00
2021/09/07,30.32,30.56,28.72,29.63,9952622,305981024.00
2021/09/08,29.11,29.57,27.42,27.87,10907166,321249376.00
2021/09/09,27.93,28.40,27.02,28.08,8123520,236556496.00
2021/09/10,28.04,28.04,26.44,26.61,6851544,193731232.00
2021/09/13,27.09,27.73,26.50,27.37,7642418,217259152.00
2021/09/14,27.02,33.10,26.76,33.10,18539711,583616640.00
2021/09/15,31.79,38.52,31.26,34.51,20318818,715040832.00
2021/09/16,33.98,41.67,33.54,41.67,19166426,753847424.00
2021/09/17,43.06,44.61,37.41,37.76,21619216,913672832.00
2021/09/22,37.35,40.60,34.80,39.91,17217208,672580096.00
2021/09/23,38.68,41.70,35.35,35.52,16889262,665750464.00
2021/09/24,35.34,37.10,34.12,35.79,12602593,468556672.00
2021/09/27,35.17,36.07,31.01,32.15,11908299,408941824.00
2021/09/28,33.18,38.84,33.18,38.84,21376496,822618880.00
2021/09/29,36.73,39.01,35.41,36.01,16135864,616657664.00
2021/09/30,37.02,40.21,37.02,38.24,13856624,551202624.00
2021/10/08,38.71,38.81,34.57,35.97,10347121,390543520.00
2021/10/11,36.57,36.59,32.45,34.56,8901267,314874912.00
2021/10/12,34.38,35.63,31.42,32.16,10049673,342998784.00
2021/10/13,32.15,34.50,29.71,32.36,12170742,405854752.00
2021/10/14,32.44,39.06,31.83,38.67,17712800,669790976.00
2021/10/15,36.05,38.61,35.89,36.37,13729381,523693600.00
2021/10/18,35.63,38.40,34.79,35.51,12257586,463322624.00
2021/10/19,34.64,39.56,34.40,37.66,15394069,590181184.00
2021/10/20,37.31,38.66,36.51,36.90,11019083,425956256.00
2021/10/21,36.81,38.01,35.34,35.39,9923826,374088640.00
2021/10/22,34.73,38.79,33.49,36.85,15341866,567512832.00
2021/10/25,35.51,37.70,35.21,36.79,10534593,398057824.00
2021/10/26,36.71,40.47,35.91,35.91,13064081,514410656.00
2021/10/27,34.61,35.82,33.71,33.71,9951557,355965504.00
2021/10/28,35.21,35.29,32.59,33.91,7233519,256614688.00
2021/10/29,33.71,36.04,33.56,34.32,7654993,275469664.00
2021/11/01,33.83,35.33,33.35,33.92,7344494,263029504.00
2021/11/02,34.14,34.78,31.45,31.54,8791699,300559520.00
2021/11/03,31.35,33.04,30.86,32.02,5583460,185941648.00
2021/11/04,32.21,33.21,31.71,32.71,6592581,223481840.00
2021/11/05,32.68,33.59,31.83,32.53,7300737,248326352.00
2021/11/08,32.05,36.79,30.61,34.26,11676507,409517440.00
2021/11/09,33.56,34.39,33.29,33.68,6539679,229068288.00
2021/11/10,33.22,36.19,33.22,35.74,9921735,356937664.00
2021/11/11,35.71,37.81,35.33,36.31,12442133,474923712.00
2021/11/12,35.50,37.32,35.10,35.44,8956461,334991424.00
2021/11/15,35.42,36.88,34.49,34.59,7372740,270767616.00
2021/11/16,34.44,34.86,33.02,33.36,6439477,226453184.00
2021/11/17,33.41,36.18,33.11,35.71,8865869,320638848.00
2021/11/18,35.72,36.78,35.31,36.01,7973559,296449920.00
2021/11/19,35.93,38.11,35.11,37.42,11913333,455594976.00
2021/11/22,37.26,37.60,36.12,37.33,8218386,313475424.00
2021/11/23,37.70,38.43,35.39,35.39,8643178,326946624.00
2021/11/24,35.35,35.64,34.36,34.88,6259611,226796352.00
2021/11/25,34.89,35.88,34.40,35.26,5563144,203256736.00
2021/11/26,34.71,36.07,34.49,35.25,4890165,178071392.00
2021/11/29,34.21,35.09,33.20,33.49,5356204,189525456.00
2021/11/30,33.61,34.83,33.46,33.65,4516377,159546176.00
2021/12/01,33.43,33.69,31.97,32.61,4966610,168763184.00
2021/12/02,32.46,32.79,31.54,31.61,3288542,109340096.00
2021/12/03,31.76,32.51,31.36,32.51,3096063,102997624.00
2021/12/06,32.17,32.55,31.86,31.93,2141716,71649536.00
2021/12/07,32.41,32.41,30.49,30.77,2720865,88355552.00
2021/12/08,30.77,31.49,30.77,31.31,1775284,57791764.00
2021/12/09,31.41,32.61,31.16,32.25,3497707,116407600.00
2021/12/10,31.71,32.59,31.52,32.16,2517953,84192864.00
2021/12/13,32.17,32.60,31.01,31.23,3064544,100146336.00
2021/12/14,30.93,31.70,30.92,31.38,2242757,73052456.00
2021/12/15,31.34,31.59,30.52,30.56,2868605,92581688.00
2021/12/16,30.86,32.29,30.51,31.78,5403290,177427968.00
2021/12/17,31.59,31.78,29.73,29.75,4097336,130163616.00
2021/12/20,29.34,29.54,27.73,27.80,3692339,109476688.00
2021/12/21,27.91,28.36,27.57,28.31,2036381,59766896.00
2021/12/22,28.21,28.66,27.89,27.97,1995169,58780660.00
2021/12/23,28.16,28.20,27.23,27.31,2389363,68946248.00
2021/12/24,27.32,27.81,26.22,26.60,2802340,78630104.00
2021/12/27,26.60,26.84,25.90,26.79,1793821,49816896.00
2021/12/28,26.73,28.24,26.65,27.84,4481746,129742952.00
2021/12/29,28.21,28.21,27.14,27.42,2523760,72799816.00
2021/12/30,27.38,27.69,26.92,27.07,2010900,57454700.00
2021/12/31,27.07,27.66,27.07,27.07,1629437,46691020.00
2022/01/04,27.08,27.49,26.71,27.30,1859827,52870852.00
2022/01/05,27.29,27.31,26.07,26.09,2286560,63318448.00
2022/01/06,26.10,27.21,25.97,26.92,2152750,60363468.00
2022/01/07,26.92,27.20,25.57,25.60,2128784,58730304.00
2022/01/10,25.59,26.29,25.38,26.19,1580400,43164576.00
2022/01/11,26.29,26.58,25.59,25.96,1443131,39508284.00
2022/01/12,25.98,26.53,25.96,26.45,1278528,35351616.00
2022/01/13,26.45,26.46,25.89,25.89,1329818,36426208.00
2022/01/14,25.99,26.12,25.26,25.43,1384710,37278684.00
2022/01/17,25.50,26.36,25.43,26.19,1708281,46707120.00
2022/01/18,26.31,26.31,25.43,25.51,1870164,50494808.00
2022/01/19,25.31,26.16,25.31,25.62,1818504,49324956.00
2022/01/20,25.57,25.71,23.70,23.79,2877083,74001840.00
2022/01/21,23.79,24.16,23.34,23.59,1580196,39529616.00
2022/01/24,24.34,28.57,24.31,26.71,7201381,203747504.00
2022/01/25,26.38,26.63,24.01,24.69,5649948,149282384.00
2022/01/26,24.32,24.75,23.34,23.67,2605724,65597952.00
2022/01/27,24.18,26.41,24.18,24.34,4787715,126285560.00
2022/01/28,24.64,26.21,24.64,26.09,4930466,132264624.00
2022/02/07,26.12,29.09,25.93,28.53,6752531,197058592.00
2022/02/08,27.68,28.22,27.24,28.14,4484135,130521120.00
2022/02/09,28.20,28.29,27.29,27.94,4105781,118989592.00
2022/02/10,27.89,27.91,26.87,27.35,3161272,90222560.00
2022/02/11,27.29,28.28,26.69,28.25,4963910,144248768.00
2022/02/14,27.69,28.91,27.40,27.53,3797396,111872936.00
2022/02/15,27.51,27.87,26.85,27.83,3169881,91157272.00
2022/02/16,27.84,32.31,27.39,31.24,10676586,338231232.00
2022/02/17,30.62,33.21,29.79,30.01,9811983,318599424.00
2022/02/18,29.31,29.98,28.90,29.53,4535040,139375312.00
2022/02/21,29.53,29.81,29.08,29.63,3715145,114265912.00
2022/02/22,29.32,30.70,28.82,29.90,5114985,159308464.00
2022/02/23,29.70,30.20,29.33,29.86,3766407,116981696.00
2022/02/24,29.51,32.31,29.28,30.18,7729288,247751520.00
2022/02/25,29.90,30.69,29.72,30.35,4084202,128463648.00
2022/02/28,30.01,30.03,28.37,28.73,3876022,116797136.00
2022/03/01,28.78,29.09,27.68,28.10,3628769,107228552.00
2022/03/02,27.71,28.53,27.51,28.37,2149396,63335784.00
2022/03/03,28.39,28.43,27.56,27.71,2237300,65023168.00
2022/03/04,27.24,28.05,26.99,27.11,2259997,64973184.00
2022/03/07,26.96,27.37,26.52,26.72,1750081,49303392.00
2022/03/08,26.71,27.07,25.21,25.39,2773853,75363264.00
2022/03/09,25.69,25.81,24.01,25.05,2185800,57412676.00
2022/03/10,25.85,26.01,25.31,25.48,1869000,50229404.00
2022/03/11,25.21,25.64,24.45,25.59,2053886,54055628.00
2022/03/14,25.45,25.45,24.52,24.52,1519500,39736572.00
2022/03/15,24.47,24.81,23.39,23.41,1875273,47663948.00
2022/03/16,23.97,24.99,23.21,24.93,2900710,73767632.00
2022/03/17,24.89,26.04,24.89,25.61,3440372,92464912.00
2022/03/18,25.49,25.95,25.16,25.25,1996545,53486404.00
2022/03/21,25.20,25.75,25.04,25.39,1691917,45134956.00
2022/03/22,25.71,26.38,25.17,25.72,3253188,88211776.00
2022/03/23,25.68,26.12,25.56,25.80,1822399,49398304.00
2022/03/24,25.67,25.88,25.14,25.68,1563587,41868072.00
2022/03/25,25.63,26.59,25.26,25.40,2766800,75039144.00
2022/03/28,24.96,25.65,24.39,24.90,1522400,40207100.00
2022/03/29,25.31,25.48,24.18,24.31,1777660,46202200.00
2022/03/30,24.55,25.41,23.89,25.27,1994027,52201956.00
2022/03/31,25.14,25.21,24.47,24.59,1486288,38617936.00
2022/04/01,24.40,24.49,24.12,24.23,1140248,29151412.00
2022/04/06,24.23,24.61,24.05,24.40,979661,25127152.00
2022/04/07,24.30,24.30,23.31,23.31,1353313,33760988.00
2022/04/08,23.11,23.97,22.49,23.63,1840987,45330460.00
2022/04/11,23.51,23.51,21.91,21.91,1969881,46787048.00
2022/04/12,21.72,24.39,21.72,23.79,3269348,80316400.00
2022/04/13,23.61,26.19,23.13,24.32,5092954,132360640.00
2022/04/14,24.11,25.13,24.01,24.27,3086760,79417792.00
2022/04/15,23.88,24.17,22.93,23.80,2719700,67578496.00
2022/04/18,23.55,23.81,22.90,23.32,1492914,36847964.00
2022/04/19,23.39,23.98,23.07,23.21,1347700,33358382.00
2022/04/20,23.19,23.62,22.64,22.92,1242375,30303034.00
2022/04/21,22.91,22.98,21.72,21.89,1352412,31847522.00
2022/04/22,21.89,22.11,20.68,20.70,1707100,38593820.00
2022/04/25,20.38,20.38,18.55,18.55,1701356,35262700.00
2022/04/26,18.61,19.34,17.62,17.69,1865657,36839164.00
2022/04/27,17.90,18.81,17.39,18.80,2020589,39416400.00
2022/04/28,18.62,19.58,18.44,18.71,2155128,43605568.00
2022/04/29,19.19,19.51,18.72,19.24,1984277,40592360.00
2022/05/05,19.24,19.89,18.90,19.53,1725300,35996312.00
2022/05/06,19.02,20.29,18.71,19.77,2385400,50072800.00
2022/05/09,19.40,20.29,19.40,19.91,1538222,32664290.00
2022/05/10,19.71,22.22,19.62,21.01,3700385,83693152.00
2022/05/11,20.71,21.94,20.71,20.92,3265569,73516280.00
2022/05/12,20.81,21.41,20.76,21.19,2078511,46555656.00
2022/05/13,21.45,21.47,20.90,21.13,1150745,25801308.00
2022/05/16,21.31,21.49,20.91,21.16,1224100,27463132.00
2022/05/17,21.08,21.70,20.63,21.45,2384300,53756520.00
2022/05/18,21.31,21.59,21.11,21.21,1458400,33021854.00
2022/05/19,20.96,21.40,20.86,21.24,1201269,26971788.00
2022/05/20,21.40,21.67,21.11,21.55,1558960,35406232.00
2022/05/23,21.55,21.94,21.51,21.94,1347671,31020710.00
2022/05/24,21.96,22.53,20.48,20.52,2268200,51714616.00
2022/05/25,20.64,21.23,20.53,21.19,1583460,35144916.00
2022/05/26,21.19,21.45,20.70,21.26,1457100,32692612.00
2022/05/27,21.40,21.58,21.03,21.27,1147651,25951714.00
2022/05/30,21.51,21.86,21.04,21.57,1251396,28463526.00
2022/05/31,21.51,22.26,21.35,22.02,1773371,41040924.00
2022/06/01,21.92,22.65,21.86,22.36,1739500,41095192.00
2022/06/02,22.36,22.55,21.96,22.35,1321091,31188424.00
2022/06/06,22.50,22.84,22.34,22.67,1620900,38533676.00
2022/06/07,22.67,22.81,22.11,22.30,1522096,35666976.00
2022/06/08,22.25,22.54,21.50,21.95,1216760,28011572.00
2022/06/09,21.89,22.49,21.17,21.24,1206100,27183844.00
2022/06/10,21.01,22.05,21.00,21.79,1192328,27291408.00
2022/06/13,21.79,22.97,21.40,22.78,2733100,64934256.00
2022/06/14,22.65,22.73,21.92,22.73,1570228,36876880.00
2022/06/15,22.83,23.00,22.29,22.34,1377271,32596022.00
2022/06/16,22.36,23.04,22.29,22.75,1741598,41550400.00
2022/06/17,22.67,23.11,22.35,22.98,1479298,35352088.00
2022/06/20,23.04,23.47,22.90,23.20,1888209,46057904.00
2022/06/21,23.37,24.56,23.11,23.39,3407100,85100504.00
2022/06/22,23.42,23.64,22.49,22.52,1845900,44293444.00
2022/06/23,22.44,23.66,22.40,23.61,2005700,48888068.00
2022/06/24,23.55,23.88,23.39,23.59,1426417,35281476.00
2022/06/27,23.66,24.39,23.45,24.04,2481717,62114316.00
2022/06/28,23.89,26.05,23.69,25.18,4795646,126089432.00
2022/06/29,24.96,25.05,23.98,24.14,3029065,77323392.00
2022/06/30,24.03,24.49,23.74,23.86,1823107,45950716.00
2022/07/01,23.70,24.36,23.70,24.00,1125170,28312948.00
2022/07/04,24.00,24.17,23.50,23.77,1052714,26231212.00
2022/07/05,23.77,24.14,23.03,23.38,1479326,36420832.00
2022/07/06,23.60,23.97,23.07,23.56,1290065,31856206.00
2022/07/07,23.56,23.86,23.34,23.60,827000,20411720.00
2022/07/08,23.47,24.21,23.47,23.79,1195370,29819736.00
2022/07/11,23.41,23.79,22.91,23.14,999742,24343398.00
2022/07/12,23.14,23.31,22.31,22.31,1092800,26040324.00
2022/07/13,22.34,23.36,22.34,23.30,1364600,32953764.00
2022/07/14,23.54,23.99,23.02,23.62,1176100,29211598.00
2022/07/15,23.58,23.90,23.17,23.17,792543,19444132.00
2022/07/18,23.26,23.89,23.26,23.85,1027039,25532784.00
2022/07/19,23.78,24.01,23.61,23.92,889600,22186876.00
2022/07/20,24.01,26.39,23.82,25.00,4746065,124745008.00
2022/07/21,24.69,25.77,24.54,25.30,3898300,102418168.00
2022/07/22,25.27,26.37,25.11,25.41,3952711,106395888.00
2022/07/25,25.17,25.22,24.34,24.41,1940657,50160108.00
2022/07/26,24.38,24.86,23.59,24.86,1769281,45100944.00
2022/07/27,24.55,26.06,24.55,25.68,2749120,73278744.00
2022/07/28,25.74,27.27,25.56,26.46,4610390,126311304.00
2022/07/29,27.17,28.03,26.44,27.10,6223869,176581184.00
2022/08/01,26.44,27.19,26.07,26.67,4517181,124693824.00
2022/08/02,26.05,26.34,24.98,25.55,3229375,86521032.00
2022/08/03,25.54,26.14,24.89,25.08,3058681,81752552.00
2022/08/04,25.09,25.60,24.79,25.46,2229500,58579532.00
2022/08/05,25.14,25.48,24.59,25.07,2345500,61184952.00
2022/08/08,25.15,25.64,24.74,25.57,1971099,52251748.00
2022/08/09,25.69,25.69,25.05,25.25,1501176,39598796.00
2022/08/10,25.27,26.09,24.84,26.05,2791100,74326720.00
2022/08/11,25.99,26.04,25.51,25.74,2569921,68901176.00
2022/08/12,25.77,26.33,25.07,25.09,2909654,78325232.00
2022/08/15,24.79,26.47,24.77,25.79,2997600,80117632.00
2022/08/16,25.86,26.09,25.51,25.62,1590000,42731100.00
2022/08/17,25.61,25.88,25.01,25.08,1763778,46353344.00
2022/08/18,25.03,25.74,25.01,25.36,1688524,44834748.00
2022/08/19,25.48,25.99,24.37,24.50,2517606,65795500.00
2022/08/22,24.17,24.51,24.10,24.35,1160307,29457058.00
2022/08/23,24.40,24.91,24.19,24.48,1101349,28289870.00
2022/08/24,24.60,24.60,23.13,23.22,1534900,37950640.00
2022/08/25,23.78,23.78,22.49,22.74,1124736,26811878.00
2022/08/26,22.74,23.06,22.15,22.28,763404,18109180.00
2022/08/29,22.17,22.96,21.92,22.78,754354,17906114.00
2022/08/30,22.77,22.96,22.13,22.32,930700,21899784.00
2022/08/31,22.45,22.72,21.27,21.36,1272025,28893276.00
2022/09/01,21.35,21.66,20.93,21.30,733600,16529964.00
2022/09/02,21.38,21.69,21.32,21.67,617100,13979583.00
2022/09/05,21.68,21.82,21.32,21.52,446200,10105462.00
2022/09/06,21.77,22.10,21.30,21.86,860050,19670444.00
2022/09/07,21.99,22.91,21.83,22.36,1560272,36787764.00
2022/09/08,22.10,22.36,21.85,21.89,863654,19993030.00
2022/09/09,21.89,22.21,21.33,21.55,750784,17057522.00
2022/09/13,21.56,21.77,21.30,21.54,499462,11285550.00
2022/09/14,21.19,21.54,20.95,21.29,482584,10819964.00
2022/09/15,21.32,21.32,20.13,20.48,1215050,26447816.00
2022/09/16,20.39,20.76,20.05,20.07,613800,13157826.00
2022/09/19,20.33,21.17,20.05,20.51,1007190,21948102.00
2022/09/20,20.77,21.30,20.66,21.09,1332514,29472980.00
2022/09/21,20.99,21.09,20.55,20.85,850900,18649408.00
2022/09/22,20.74,21.31,20.67,21.07,852100,18915702.00
2022/09/23,21.07,21.24,20.19,20.34,1000819,21660502.00
2022/09/26,20.34,20.44,19.70,19.84,612802,12954940.00
2022/09/27,20.14,20.57,19.84,20.31,621207,13249301.00
2022/09/28,19.99,20.27,19.33,19.34,651800,13580063.00
2022/09/29,19.59,19.59,19.00,19.18,666800,13641541.00
2022/09/30,19.17,19.35,18.72,18.72,686800,13757998.00
2022/10/10,18.74,18.85,18.10,18.14,673734,13157520.00
2022/10/11,18.38,18.66,17.90,18.53,488842,9533151.00
2022/10/12,18.49,19.28,18.45,19.24,938287,18736666.00
2022/10/13,19.11,19.60,19.11,19.33,812738,16672417.00
2022/10/14,19.33,19.79,19.33,19.76,790047,16407381.00
2022/10/17,19.69,23.93,19.69,23.93,6021795,141532416.00
2022/10/18,24.88,24.89,22.80,22.82,6495014,161651376.00
2022/10/19,22.84,24.57,22.55,23.35,5461424,134697936.00
2022/10/20,23.03,23.97,22.66,23.35,3879593,94665552.00
2022/10/21,23.05,23.68,22.77,22.81,2936921,71186656.00
2022/10/24,23.03,24.26,23.03,23.39,4203026,104134568.00
2022/10/25,23.27,24.49,23.27,24.14,4946953,124353840.00
2022/10/26,23.49,25.44,22.80,25.28,5905668,147842608.00
2022/10/27,24.17,25.08,23.56,23.60,4590266,117039056.00
2022/10/28,22.97,24.08,22.40,22.53,3155863,76405120.00
2022/10/31,22.57,23.27,22.25,22.74,2249935,53687144.00
2022/11/01,23.12,23.77,22.89,23.54,2944085,72137832.00
2022/11/02,23.07,24.00,23.07,23.79,2785926,68970896.00
2022/11/03,23.49,24.18,23.43,23.80,1920772,47816584.00
2022/11/04,23.80,24.79,23.66,23.94,3394618,85655856.00
2022/11/07,23.56,24.08,23.22,23.30,2329700,57437168.00
2022/11/08,23.12,23.89,22.92,23.89,2232082,54927128.00
2022/11/09,23.89,24.36,23.37,23.79,2135522,53284164.00
2022/11/10,23.59,24.18,23.50,23.59,1860747,46361692.00
2022/11/11,24.20,24.34,23.07,23.09,2313411,57065928.00
2022/11/14,23.09,23.28,22.48,22.74,1555300,37159652.00
2022/11/15,22.55,24.25,22.55,23.95,3456155,86361160.00
2022/11/16,24.14,24.34,23.47,23.55,2112968,52457092.00
2022/11/17,23.55,23.59,22.89,23.51,1816500,44040108.00
2022/11/18,23.76,24.14,22.99,23.03,2074196,51190396.00
2022/11/21,22.75,24.88,22.75,24.55,4818216,121470608.00
2022/11/22,24.87,25.09,23.89,24.15,3931400,100828208.00
2022/11/23,23.93,24.49,22.69,23.35,2998497,73156904.00
2022/11/24,23.50,24.83,23.06,24.12,3444336,87548208.00
2022/11/25,24.25,24.59,23.71,24.48,3472184,88136104.00
2022/11/28,24.32,24.38,23.31,23.74,2665164,66324052.00
2022/11/29,23.43,23.93,23.34,23.53,1965318,48546048.00
2022/11/30,23.60,24.69,22.97,24.45,3911611,98628576.00
2022/12/01,24.23,24.75,24.11,24.14,2935814,74892736.00
2022/12/02,23.99,24.77,23.96,24.38,2592782,66213528.00
2022/12/05,24.53,24.53,23.82,24.32,2062100,51930032.00
2022/12/06,24.08,26.59,23.69,25.75,6380331,169554368.00
2022/12/07,25.79,26.19,25.27,25.62,4094296,109587016.00
2022/12/08,25.54,26.77,25.09,25.91,5107622,139184608.00
2022/12/09,25.77,26.34,25.09,25.14,3431784,91987024.00
2022/12/12,24.84,26.15,24.68,25.14,2426200,64131208.00
2022/12/13,24.77,25.04,24.07,24.07,2621032,66978956.00
2022/12/14,23.96,24.67,23.74,24.17,1737100,43949780.00
2022/12/15,23.89,24.59,23.74,24.44,1392689,35408036.00
2022/12/16,24.51,24.51,23.32,23.34,2331941,57534056.00
2022/12/19,23.40,23.64,22.99,23.19,1403900,34174772.00
2022/12/20,23.19,23.74,22.61,23.49,1769600,43300000.00
2022/12/21,23.19,23.48,21.63,21.84,2691379,63028068.00
2022/12/22,22.06,22.08,20.97,21.01,1705600,38259184.00
2022/12/23,20.74,21.24,20.44,20.68,1194171,26114942.00
2022/12/26,20.59,21.63,20.59,21.47,1323300,29680276.00
2022/12/27,21.74,22.80,21.61,21.79,2168086,50658396.00
2022/12/28,21.79,22.29,21.24,21.34,1209300,27306160.00
2022/12/29,21.33,21.51,21.00,21.27,807064,18004822.00
2022/12/30,21.41,21.48,20.91,20.93,830300,18452296.00
2023/01/03,21.04,21.84,20.91,21.75,1125389,25422866.00
2023/01/04,21.64,22.13,21.35,21.91,1500968,34361012.00
2023/01/05,21.85,22.01,21.66,21.82,915857,21029650.00
2023/01/06,21.69,22.18,21.69,21.89,832357,19153348.00
2023/01/09,21.95,22.12,21.82,22.02,687732,15865912.00
2023/01/10,22.21,22.21,21.73,21.81,668034,15351516.00
2023/01/11,21.81,21.94,21.41,21.43,622750,14194228.00
2023/01/12,21.61,24.24,21.61,23.17,4463394,107829912.00
2023/01/13,23.35,23.38,22.48,22.67,2625232,62588436.00
2023/01/16,22.55,22.85,22.40,22.59,1253815,29790002.00
2023/01/17,22.58,22.78,22.12,22.44,1376744,32370512.00
2023/01/18,22.59,22.61,22.28,22.44,740900,17471896.00
2023/01/19,22.54,22.67,22.25,22.54,852898,20134006.00
2023/01/20,22.87,23.55,22.58,22.66,1382400,33125626.00
2023/01/30,22.89,23.29,22.81,23.09,1541400,37292800.00
2023/01/31,23.02,23.49,22.95,23.40,1655200,40433032.00
2023/02/01,23.40,23.83,23.16,23.83,1686284,41486528.00
2023/02/02,23.94,24.76,23.58,24.14,2945584,74620000.00
2023/02/03,24.15,24.24,23.70,24.09,1754426,43965300.00
2023/02/06,24.09,24.16,23.60,23.77,1455900,36323756.00
2023/02/07,23.77,24.53,23.70,24.39,2152012,54536576.00
2023/02/08,24.47,24.54,24.14,24.23,1523742,38774520.00
2023/02/09,24.27,24.57,24.06,24.42,1569350,39884376.00
2023/02/10,24.43,24.53,24.11,24.37,994684,25275938.00
2023/02/13,24.47,24.73,24.25,24.51,1294600,33142808.00
2023/02/14,24.65,24.65,24.06,24.16,1150631,29170616.00
2023/02/15,24.27,24.35,23.97,24.22,1020200,25791788.00
2023/02/16,24.35,24.47,23.21,23.39,1821242,45462360.00
2023/02/17,23.37,23.74,22.87,23.00,1120426,27252804.00
2023/02/20,22.90,23.21,22.75,23.19,773733,18684720.00
2023/02/21,23.20,23.50,23.07,23.35,876400,21426440.00
2023/02/22,23.40,23.65,23.13,23.46,849668,20833874.00
2023/02/23,23.46,24.37,23.38,24.05,2069910,51944064.00
2023/02/24,23.99,24.17,23.49,23.60,1274100,31659808.00
2023/02/27,23.69,23.69,23.02,23.05,880200,21427344.00
2023/02/28,23.17,23.33,22.95,23.29,761600,18478616.00
2023/03/01,23.08,23.26,22.93,23.20,972510,23535764.00
2023/03/02,23.20,23.66,23.15,23.15,1119400,27346616.00
2023/03/03,23.35,23.39,22.78,22.95,881632,21255224.00
2023/03/06,22.85,23.17,22.79,23.00,647200,15586739.00
2023/03/07,23.11,23.35,22.01,22.05,1312600,30918748.00
2023/03/08,22.01,22.45,21.83,22.20,656800,15255379.00
2023/03/09,22.15,22.41,22.11,22.29,563600,13174150.00
2023/03/10,22.12,22.51,22.00,22.08,667700,15577580.00
2023/03/13,22.01,22.23,21.64,21.97,743600,17054332.00
2023/03/14,21.85,22.74,21.39,21.57,1847400,42649284.00
2023/03/15,21.61,22.18,21.61,21.67,924773,21230516.00
2023/03/16,21.59,21.65,21.09,21.22,922800,20695644.00
2023/03/17,21.49,21.81,21.17,21.54,857710,19403938.00
2023/03/20,21.49,21.85,21.22,21.68,944778,21435782.00
2023/03/21,21.63,22.23,21.55,22.20,915878,21214764.00
2023/03/22,22.19,22.48,22.06,22.31,878078,20511926.00
2023/03/23,22.31,22.42,22.01,22.27,770500,17945088.00
2023/03/24,22.37,23.02,22.13,22.34,1286764,30485056.00
2023/03/27,22.29,22.74,22.17,22.36,1023700,24125752.00
2023/03/28,22.36,22.64,21.88,21.92,816996,18955118.00
2023/03/29,21.95,22.16,21.60,21.60,724313,16634055.00
2023/03/30,21.60,21.92,21.33,21.39,679509,15352464.00
2023/03/31,21.34,22.07,21.31,21.98,874630,20025160.00
2023/04/03,22.01,22.28,21.72,22.28,973413,22495790.00
2023/04/04,22.21,22.24,21.49,21.62,894157,20425820.00
2023/04/06,21.55,22.38,21.43,22.32,1634653,37713984.00
2023/04/07,22.32,22.73,22.09,22.09,1509398,35395028.00
2023/04/10,21.94,22.96,21.93,22.54,1894558,44890304.00
2023/04/11,22.58,22.68,22.12,22.34,1067400,25018980.00
2023/04/12,22.22,22.84,22.06,22.74,1208900,28697068.00
2023/04/13,22.67,22.67,22.17,22.33,1003200,23526388.00
2023/04/14,22.41,22.49,21.98,22.33,746000,17422176.00
2023/04/17,22.48,22.76,21.99,22.19,1005200,23507976.00
2023/04/18,22.19,22.32,21.79,21.81,684011,15745402.00
2023/04/19,21.79,21.87,21.44,21.63,732000,16650826.00
2023/04/20,21.46,21.59,20.89,20.99,1053057,23410616.00
2023/04/21,21.16,21.16,20.24,20.24,934000,20302968.00
2023/04/24,20.52,20.52,19.87,20.21,793081,16882438.00
2023/04/25,20.42,20.47,19.14,19.45,897800,18561686.00
2023/04/26,19.45,19.99,19.17,19.70,778150,16262943.00
2023/04/27,19.64,19.95,19.49,19.70,530400,11086107.00
2023/04/28,19.53,20.39,19.53,20.37,693100,14759351.00
2023/05/04,20.45,20.67,20.24,20.42,515200,11114996.00
2023/05/05,20.47,20.63,19.91,20.04,479313,10159463.00
2023/05/08,20.41,20.41,19.89,20.05,443700,9424515.00
2023/05/09,19.97,20.03,19.39,19.43,717681,14869615.00
2023/05/10,19.19,19.79,19.19,19.57,422012,8689957.00
2023/05/11,19.61,20.68,19.60,20.16,1086341,23145582.00
2023/05/12,19.98,20.37,19.85,19.90,578400,12248086.00
2023/05/15,19.84,20.46,19.62,20.37,889759,18889262.00
2023/05/16,20.37,20.68,20.10,20.46,673500,14538854.00
2023/05/17,20.51,20.86,20.31,20.81,792200,17235384.00
2023/05/18,20.82,21.64,20.82,21.06,1451650,32448896.00
2023/05/19,21.00,21.27,20.89,21.11,831222,18465512.00
2023/05/22,20.93,21.74,20.93,21.50,1067515,24059190.00
2023/05/23,21.36,21.71,21.24,21.32,832867,18795802.00
2023/05/24,21.33,21.68,21.19,21.51,803457,18162276.00
2023/05/25,21.44,21.67,21.19,21.43,837500,18830880.00
2023/05/26,21.32,21.80,21.01,21.77,1045500,23590312.00
2023/05/29,21.57,21.59,21.00,21.11,1159000,25900846.00
2023/05/30,21.05,21.28,20.79,21.22,598832,13260901.00
2023/05/31,21.38,21.38,20.89,21.12,518750,11533354.00
2023/06/01,21.08,21.40,20.80,21.23,685900,15297503.00
2023/06/02,21.39,21.39,20.96,20.97,560300,12417980.00
2023/06/05,20.82,21.08,20.74,20.96,541324,11926867.00
2023/06/06,21.01,21.12,20.19,20.19,723625,15619652.00
2023/06/07,20.32,20.32,19.94,20.05,455900,9651331.00
2023/06/08,20.13,20.29,19.69,19.80,480200,10076742.00
2023/06/09,20.15,20.15,19.49,19.72,509438,10620431.00
2023/06/12,19.68,20.13,19.51,19.99,599400,12613292.00
2023/06/13,20.02,20.25,19.91,20.19,524900,11141699.00
2023/06/14,20.14,20.77,19.77,20.09,1317800,28040236.00
2023/06/15,20.05,22.46,19.84,21.73,4042582,91122288.00
2023/06/16,21.57,21.75,20.98,21.30,2689926,60115528.00
2023/06/19,21.14,22.01,21.14,21.84,2624031,59839436.00
2023/06/20,21.69,23.03,21.33,22.66,4647637,109152960.00
2023/06/21,22.38,23.16,22.09,22.84,3739640,89007960.00
2023/06/26,22.51,23.87,22.19,22.28,4807526,116549776.00
2023/06/27,22.04,23.04,21.95,22.41,3245836,76252232.00
2023/06/28,22.39,23.69,21.88,23.59,5830027,140642192.00
2023/06/29,23.39,24.71,23.09,23.55,7115812,177689840.00
2023/06/30,23.73,24.86,22.99,24.37,7061761,176405008.00
2023/07/03,23.93,23.99,22.76,22.81,5129353,124464920.00
2023/07/04,22.84,23.72,22.72,23.36,4232333,103335704.00
2023/07/05,23.09,23.29,22.39,22.91,2999742,71982616.00
2023/07/06,22.80,23.78,22.39,23.32,3123016,75370992.00
2023/07/07,23.21,24.35,23.02,23.63,3807500,93905456.00
2023/07/10,23.29,23.61,22.81,22.85,2578119,61972372.00
2023/07/11,23.05,23.28,22.52,22.87,1762800,41781636.00
2023/07/12,22.91,23.01,22.35,22.38,1832000,43164272.00
2023/07/13,22.32,22.51,22.02,22.35,1380358,32059710.00
2023/07/14,22.35,22.84,22.04,22.48,1428806,33632140.00
2023/07/17,22.47,22.53,22.05,22.31,974700,22622206.00
2023/07/18,22.32,22.67,21.99,22.04,1111221,25799052.00
2023/07/19,21.96,22.06,21.39,21.57,1189122,26867954.00
2023/07/20,21.40,22.24,21.38,21.80,1540250,35249180.00
2023/07/21,21.41,21.75,21.23,21.32,1055800,23610218.00
2023/07/24,21.10,21.51,21.01,21.46,984300,21920892.00
2023/07/25,21.43,22.23,21.36,22.13,1317381,30086846.00
2023/07/26,22.28,22.28,21.34,21.39,1004000,22694694.00
2023/07/27,21.39,21.89,21.33,21.43,650900,14639193.00
2023/07/28,21.34,21.62,21.09,21.62,651200,14571260.00
2023/07/31,21.57,21.78,21.38,21.69,724011,16333033.00
2023/08/01,21.61,21.68,21.25,21.34,648000,14467039.00
2023/08/02,21.34,21.82,21.25,21.53,714000,16108180.00
2023/08/03,21.58,21.71,21.33,21.45,632200,14191317.00
2023/08/04,21.35,21.72,21.35,21.45,672211,15108631.00
2023/08/07,21.45,21.57,20.99,21.10,717600,15896986.00
2023/08/08,20.91,21.28,20.68,20.88,782000,17084356.00
2023/08/09,20.89,20.89,20.46,20.58,613000,13216525.00
2023/08/10,20.49,20.95,20.49,20.88,455164,9918936.00
2023/08/11,20.88,21.01,20.53,20.63,397321,8632021.00
2023/08/14,20.43,20.74,20.20,20.69,516268,11070816.00
2023/08/15,21.23,21.23,20.21,20.37,785100,16925294.00
2023/08/16,20.19,20.40,19.99,20.04,680068,14357211.00
2023/08/17,19.88,20.98,19.88,20.91,1276900,27557612.00
2023/08/18,20.75,21.60,20.63,20.98,1163000,25721804.00
2023/08/21,21.14,21.31,20.46,20.46,549100,11928052.00
2023/08/22,20.63,20.88,20.12,20.54,760827,16279970.00
2023/08/23,20.70,20.72,20.06,20.26,813400,17383788.00
2023/08/24,20.27,20.32,19.75,19.91,672127,14107839.00
2023/08/25,20.13,20.19,19.69,19.75,881800,18386548.00
2023/08/28,20.65,20.86,19.72,19.88,860184,18281384.00
2023/08/29,19.88,21.48,19.77,21.40,2215427,48609428.00
2023/08/30,21.40,22.12,21.40,21.71,1740814,39693324.00
2023/08/31,21.76,21.95,21.53,21.79,1064631,24179646.00
2023/09/01,21.90,22.03,21.52,21.79,702984,15942966.00
2023/09/04,21.91,22.01,21.64,21.85,700161,15941346.00
2023/09/05,21.81,22.11,21.77,21.85,543530,12443750.00
2023/09/06,21.83,21.96,21.64,21.95,531200,12120197.00
2023/09/07,21.96,22.01,21.45,21.50,647200,14607381.00
2023/09/08,21.67,21.98,21.46,21.70,745100,16967960.00
2023/09/11,21.73,21.80,21.43,21.70,560530,12676595.00
2023/09/12,21.70,21.99,21.54,21.65,587830,13318237.00
2023/09/13,21.65,21.74,21.14,21.36,527630,11779045.00
2023/09/14,21.51,21.80,21.04,21.19,739400,16463181.00
2023/09/15,21.62,23.03,21.02,21.10,2447012,55337320.00
2023/09/18,21.01,21.86,20.54,21.55,2081230,46552856.00
2023/09/19,21.63,22.61,21.21,22.09,3437361,78952336.00
2023/09/20,21.63,21.96,20.98,21.48,2955634,66005860.00
2023/09/21,21.32,21.33,20.73,20.74,1610200,35259888.00
2023/09/22,20.96,21.68,20.53,21.63,1976036,44083004.00
2023/09/25,21.94,22.32,21.63,21.97,2085300,47978160.00
2023/09/26,21.72,23.89,21.72,23.18,6188952,147768016.00
2023/09/27,22.97,24.43,22.63,23.69,7048210,173350176.00
2023/09/28,23.69,26.30,23.53,25.34,9256969,242654032.00
2023/10/09,24.61,27.23,24.41,27.13,9304100,248929296.00
2023/10/10,26.27,26.52,25.52,25.98,6461752,174354880.00
2023/10/11,25.55,27.73,24.62,26.01,6747987,181316560.00
2023/10/12,25.45,26.93,25.06,25.96,4900422,132355200.00
2023/10/13,25.96,25.96,24.93,25.35,4875893,128194640.00
2023/10/16,25.28,25.28,23.67,23.88,5494441,138264032.00
2023/10/17,23.89,24.10,23.35,23.88,3057254,75612496.00
2023/10/18,24.03,24.03,22.38,22.53,4000849,95548600.00
2023/10/19,22.48,22.69,21.67,21.70,3244196,74897088.00
2023/10/20,21.72,21.84,20.93,21.02,2432600,54053224.00
2023/10/23,20.88,21.02,19.89,20.14,2280616,48507516.00
2023/10/24,20.18,20.93,20.12,20.58,2440716,52531296.00
2023/10/25,20.69,21.67,20.67,21.40,2133616,47565968.00
2023/10/26,21.38,21.76,21.01,21.71,1550500,34635532.00
2023/10/27,21.50,22.18,21.34,22.00,1781268,40566252.00
2023/10/30,21.85,22.61,21.85,22.59,2104868,49107736.00
2023/10/31,22.60,22.60,21.89,22.11,1293413,29919200.00
2023/11/01,22.03,22.25,21.86,21.93,1076700,24774924.00
2023/11/02,21.93,22.43,21.41,21.41,1165682,26376458.00
2023/11/03,21.82,22.98,21.69,22.38,3831134,89331696.00
2023/11/06,22.41,23.22,22.06,23.21,2876268,68522416.00
2023/11/07,23.03,23.21,22.75,22.86,2144000,51183292.00
2023/11/08,22.90,23.10,22.53,22.89,1798100,42744544.00
2023/11/09,22.85,23.16,22.70,22.82,1820200,43487712.00
2023/11/10,22.74,23.01,22.61,22.88,1329000,31599366.00
2023/11/13,22.88,23.39,22.66,23.23,2403100,57980672.00
2023/11/14,23.23,23.23,22.88,22.98,1675000,40157628.00
2023/11/15,23.15,23.31,22.58,22.95,1754300,41959980.00
2023/11/16,22.96,23.13,22.63,22.63,1039500,24737898.00
2023/11/17,22.58,24.90,22.56,24.59,6569121,163799184.00
2023/11/20,24.60,24.97,24.12,24.71,5157900,131372720.00
2023/11/21,24.91,25.68,24.47,24.51,4618900,119529648.00
2023/11/22,24.54,24.76,24.09,24.09,2270492,57558572.00
2023/11/23,24.09,24.33,23.93,24.12,1947568,48819828.00
2023/11/24,24.13,24.20,23.26,23.42,2249200,55067056.00
2023/11/27,23.45,23.58,22.96,23.17,1799918,43484132.00
2023/11/28,23.34,23.88,23.15,23.83,2249762,55320764.00
2023/11/29,23.93,24.49,23.71,24.06,2302757,57920864.00
2023/11/30,24.21,24.38,23.43,23.83,1765660,43702976.00
2023/12/01,23.80,23.80,23.21,23.55,1215230,29728480.00
2023/12/04,23.43,23.79,23.40,23.65,1338634,32901154.00
2023/12/05,23.63,23.63,23.13,23.13,1321788,32080896.00
2023/12/06,22.98,23.54,22.85,22.90,1929000,46455800.00
2023/12/07,22.71,23.33,22.13,22.18,3286836,77222096.00
2023/12/08,22.13,22.81,21.83,21.84,2173200,50430328.00
2023/12/11,21.73,22.46,21.51,22.41,1879600,43441900.00
2023/12/12,22.61,22.61,22.12,22.30,955886,22207698.00
2023/12/13,22.27,22.98,22.17,22.52,1520036,35790080.00
2023/12/14,22.75,22.89,22.38,22.39,1200800,28239682.00
2023/12/15,22.44,22.69,22.24,22.36,805300,18784984.00
2023/12/18,22.33,22.50,22.09,22.11,1078020,25039762.00
2023/12/19,22.33,22.54,21.82,22.43,1191578,27508114.00
2023/12/20,22.46,23.13,22.46,22.59,1545286,36771420.00
2023/12/21,22.71,23.16,22.17,22.94,1568500,37112568.00
2023/12/22,23.33,25.01,23.14,23.20,4100351,101402200.00
2023/12/25,23.41,23.81,23.00,23.59,3093350,75090472.00
2023/12/26,23.52,23.52,22.29,23.32,3159800,74813728.00
2023/12/27,23.03,23.39,22.68,23.26,2084600,50180740.00
2023/12/28,23.18,23.58,22.91,23.43,2056897,50046084.00
2023/12/29,23.35,23.80,22.95,23.61,2151720,52677496.00
2024/01/02,23.63,24.47,23.63,23.91,2736814,68236424.00
2024/01/03,23.76,24.02,23.06,23.26,2070900,50269808.00
2024/01/04,24.00,27.22,23.51,25.63,11354226,296679328.00
2024/01/05,25.35,26.81,24.36,24.64,9406935,247488128.00
2024/01/08,24.24,24.64,23.13,23.43,6580781,161948032.00
2024/01/09,23.14,25.13,23.04,24.20,6853716,173392560.00
2024/01/10,23.99,25.53,23.40,24.24,6183471,157101536.00
2024/01/11,23.87,24.19,23.45,24.08,4494771,111387464.00
2024/01/12,23.88,23.91,22.91,22.92,4179373,101589808.00
2024/01/15,22.73,22.73,22.00,22.23,2469100,57447360.00
2024/01/16,22.06,22.65,22.06,22.65,1979200,46200728.00
2024/01/17,22.80,23.18,22.43,22.56,3180200,75489216.00
2024/01/18,22.55,22.55,21.70,22.33,3974263,91796800.00
2024/01/19,21.33,21.34,20.40,20.51,3406017,74716872.00
2024/01/22,20.38,20.58,19.24,19.35,2251081,47094644.00
2024/01/23,18.80,19.58,18.80,19.50,1413617,28636764.00
2024/01/24,19.61,19.95,19.03,19.71,1361574,27836606.00
2024/01/25,19.71,20.23,19.50,20.15,1574632,32919038.00
2024/01/26,20.15,20.41,20.03,20.11,1347717,28543370.00
2024/01/29,20.03,20.24,19.33,19.35,1009200,20808576.00
2024/01/30,19.15,19.66,18.90,19.17,827740,16785344.00
2024/01/31,18.91,19.27,17.93,17.98,1530568,29788824.00
2024/02/01,17.73,17.96,17.16,17.61,1582968,29388768.00
2024/02/02,18.03,18.12,15.71,16.38,1873420,33333270.00
2024/02/05,16.43,16.53,14.92,15.53,2370300,39313248.00
2024/02/06,15.03,16.84,14.73,16.34,1847249,31005856.00
2024/02/07,16.21,17.08,16.00,16.38,1576001,27613634.00
2024/02/08,16.21,17.71,16.14,17.63,1523301,27459762.00
2024/02/19,17.91,18.48,17.65,18.13,1415108,26910830.00
2024/02/20,18.53,18.53,18.06,18.49,1062509,20492154.00
2024/02/21,18.30,19.15,18.29,18.60,1715735,33984140.00
2024/02/22,18.53,19.08,18.52,19.01,1895880,37624820.00
2024/02/23,19.05,19.69,18.91,19.66,1873300,38173780.00
2024/02/26,21.03,23.03,20.38,22.35,5832763,131346752.00
2024/02/27,22.03,22.38,21.54,22.29,4121060,94418024.00
2024/02/28,21.98,22.28,20.03,20.09,4218613,94303816.00
2024/02/29,19.88,21.18,19.88,21.16,2556216,55658768.00
2024/03/01,21.13,21.68,21.11,21.45,1990121,44535848.00
2024/03/04,21.39,21.55,20.75,21.22,1804668,39779920.00
2024/03/05,21.16,21.69,20.70,21.40,2212323,49310584.00
2024/03/06,21.19,21.98,21.19,21.83,2589100,58860796.00
2024/03/07,22.17,22.61,21.53,21.53,2937696,67816536.00
2024/03/08,21.53,21.91,21.31,21.58,1390896,31347420.00
2024/03/11,21.48,21.79,21.04,21.62,1626214,36456380.00
2024/03/12,21.60,22.11,21.53,21.98,1822500,41619636.00
2024/03/13,22.02,22.40,21.69,22.29,1865600,43145156.00
2024/03/14,22.43,22.64,21.74,22.09,1375011,31824278.00
2024/03/15,22.03,22.55,21.98,22.54,1774475,41420384.00
2024/03/18,22.63,22.84,22.42,22.83,1694800,40049332.00
2024/03/19,22.79,23.09,22.58,22.65,1530638,36391708.00
2024/03/20,22.74,22.83,22.50,22.62,1149038,27143632.00
2024/03/21,22.72,22.94,22.54,22.76,1291300,30633378.00
2024/03/22,22.76,22.81,22.13,22.54,1664900,39091804.00
2024/03/25,22.52,22.52,21.71,21.74,1319684,30538824.00
2024/03/26,21.70,22.11,21.45,21.93,1151272,26214942.00
2024/03/27,21.94,22.12,21.15,21.16,993799,22418742.00
2024/03/28,21.28,21.67,21.20,21.38,1260899,28243870.00
2024/03/29,21.53,21.62,21.14,21.61,1115456,24970192.00
2024/04/01,21.63,22.38,21.63,22.38,1560900,36205856.00
2024/04/02,22.46,22.60,22.15,22.48,1336865,31243718.00
2024/04/03,22.49,22.49,21.91,22.08,901600,20801972.00
2024/04/08,22.33,22.33,21.23,21.23,1178700,26605292.00
2024/04/09,21.53,21.72,21.10,21.66,754200,16929924.00
2024/04/10,22.13,23.66,22.13,22.28,4156846,98927464.00
2024/04/11,22.07,23.33,21.15,23.02,5451653,126742424.00
2024/04/12,22.53,22.83,21.63,22.29,3714237,86209424.00
2024/04/15,22.13,22.13,20.61,20.78,3176918,70477040.00
2024/04/16,20.65,20.68,18.83,19.27,2678625,54969832.00
2024/04/17,19.48,20.80,19.48,20.80,2380721,50901184.00
2024/04/18,20.85,21.78,20.45,20.80,1988400,43791284.00
2024/04/19,20.53,20.97,20.18,20.88,1640614,35216720.00
2024/04/22,20.63,20.89,20.29,20.62,1148433,24728792.00
2024/04/23,20.73,21.12,20.35,20.79,1412900,30721540.00
2024/04/24,20.76,21.12,20.75,21.09,1105800,24265676.00
2024/04/25,21.03,21.58,21.03,21.38,1311757,29242690.00
2024/04/26,21.38,21.63,21.04,21.35,1530096,34202052.00
2024/04/29,21.85,22.31,21.53,22.17,2313699,53361216.00
2024/04/30,22.15,22.53,21.81,21.97,1430300,32883896.00
2024/05/06,22.17,22.35,22.04,22.26,1633899,37817760.00
2024/05/07,22.27,22.56,22.08,22.56,1797000,41938556.00
2024/05/08,22.35,22.61,22.11,22.28,1059384,24683892.00
2024/05/09,22.39,23.13,22.29,22.87,2142857,50687624.00
2024/05/10,24.06,25.03,21.97,22.03,4998307,120200456.00
2024/05/13,21.51,21.90,21.03,21.11,3529007,78842904.00
2024/05/14,21.22,21.73,21.14,21.28,1743900,38968760.00
2024/05/15,21.30,21.46,20.83,21.08,1344000,29745170.00
2024/05/16,21.23,21.51,21.12,21.21,910100,20298790.00
2024/05/17,21.18,21.48,21.07,21.32,945000,21005674.00
2024/05/20,21.32,21.46,21.19,21.31,978284,21805210.00
2024/05/21,21.31,21.37,20.90,21.04,966000,21246604.00
2024/05/22,20.96,21.30,20.89,20.99,863800,19025846.00
2024/05/23,20.99,20.99,20.63,20.63,976600,21228348.00
2024/05/24,20.54,20.78,20.43,20.57,780800,16846650.00
2024/05/27,20.58,20.80,20.17,20.80,787518,16852484.00
2024/05/28,20.64,20.83,20.46,20.54,584800,12511758.00
2024/05/29,19.98,20.79,19.98,20.63,507300,10859925.00
2024/05/30,20.64,20.80,20.32,20.64,523800,11213174.00
2024/05/31,20.58,21.13,20.58,21.05,793700,17272752.00
2024/06/03,20.98,21.27,20.59,20.77,833000,18058024.00
2024/06/04,20.66,20.66,20.06,20.27,1090900,22919914.00
2024/06/05,20.35,20.35,19.88,19.93,793800,16536106.00
2024/06/06,19.83,20.13,19.14,19.49,1664700,33701200.00
2024/06/07,19.81,19.91,19.50,19.82,789400,16209438.00
2024/06/11,19.48,20.16,19.46,20.15,581072,11981616.00
2024/06/12,19.99,20.48,19.96,20.36,606738,12804908.00
2024/06/13,20.46,20.67,20.17,20.50,866000,18337640.00
2024/06/14,20.67,20.67,20.23,20.39,516700,10926076.00
2024/06/17,20.48,20.48,20.23,20.28,398900,8423024.00
2024/06/18,20.28,20.47,20.20,20.40,575500,12169939.00
2024/06/19,20.48,20.53,20.19,20.33,546200,11520926.00
2024/06/20,20.42,20.42,19.73,19.79,668600,13875892.00
2024/06/21,19.71,19.72,19.36,19.38,711700,14417956.00
2024/06/24,19.38,19.39,18.59,18.63,979100,19266366.00
2024/06/25,18.62,20.26,18.59,19.45,1968207,40247348.00
2024/06/26,19.23,19.80,19.00,19.80,1536000,31090404.00
2024/06/27,19.58,20.25,19.49,19.49,1304900,26969900.00
2024/06/28,19.29,20.00,19.29,19.58,940300,19241252.00
2024/07/01,19.40,19.67,19.14,19.52,987900,19913286.00
2024/07/02,19.52,19.67,19.32,19.37,464700,9385424.00
2024/07/03,19.37,19.51,19.11,19.11,503100,10066211.00
2024/07/04,19.41,19.66,18.68,18.75,860069,17126272.00
2024/07/05,18.64,19.11,18.42,18.73,610900,11826624.00
2024/07/08,18.73,18.78,18.13,18.18,678700,12958874.00
2024/07/09,18.03,18.57,17.74,18.54,607646,11550261.00
2024/07/10,18.53,18.78,18.29,18.56,360700,6999665.00
2024/07/11,19.12,19.15,18.68,19.03,546060,10761143.00
2024/07/12,19.12,19.12,18.84,19.04,407900,8055572.00
2024/07/15,19.33,19.33,18.23,18.62,534560,10379077.00
2024/07/16,18.77,18.78,18.33,18.54,374064,7199148.50
2024/07/17,18.52,18.58,18.29,18.46,448900,8625640.00
2024/07/18,18.32,18.91,18.03,18.86,955346,18412046.00
2024/07/19,18.61,18.93,18.55,18.77,591415,11566679.00
2024/07/22,18.76,19.09,18.71,19.03,650600,12843250.00
2024/07/23,19.08,19.09,18.42,18.42,722900,14078396.00
2024/07/24,18.25,18.57,18.18,18.31,445134,8515206.00
2024/07/25,18.18,18.60,18.12,18.36,392000,7491558.00
2024/07/26,18.46,19.04,18.41,18.97,834400,16346821.00
2024/07/29,18.97,19.14,18.76,18.83,533000,10477536.00
2024/07/30,18.79,18.99,18.53,18.84,568200,11097069.00
2024/07/31,18.84,19.53,18.75,19.42,957600,19178388.00
2024/08/01,19.36,19.53,19.24,19.28,887000,17857852.00
2024/08/02,19.13,19.35,18.90,18.93,593000,11785433.00
2024/08/05,18.73,19.18,18.59,18.62,821800,16141243.00
2024/08/06,18.68,19.08,18.68,18.98,584500,11489267.00
2024/08/07,19.16,19.24,18.84,19.07,521900,10380925.00
2024/08/08,19.07,19.35,18.66,19.21,1012000,20069760.00
2024/08/09,19.21,19.41,19.18,19.34,812134,16314103.00
2024/08/12,19.18,19.38,19.05,19.30,564800,11313947.00
2024/08/13,19.30,19.33,18.85,19.10,637100,12641003.00
2024/08/14,19.10,19.27,18.85,18.96,385700,7615909.00
2024/08/15,19.06,19.31,18.78,19.13,509400,10126571.00
2024/08/16,18.94,19.15,18.74,18.83,815200,16074595.00
2024/08/19,18.82,19.05,18.68,18.73,375400,7356816.00
2024/08/20,18.59,18.72,18.40,18.49,397800,7668128.00
2024/08/21,18.39,18.83,18.39,18.63,460300,8946108.00
2024/08/22,18.43,18.67,18.24,18.24,359113,6887307.50
2024/08/23,18.18,18.28,17.95,18.06,346600,6538405.00
2024/08/26,18.07,18.42,18.07,18.22,290501,5528254.00
2024/08/27,18.23,18.25,17.86,17.91,291700,5471169.00
2024/08/28,17.89,18.18,17.73,18.04,339330,6362160.00
2024/08/29,17.92,18.50,17.91,18.45,405600,7731709.00
2024/08/30,18.47,18.73,18.36,18.55,569000,11023939.00
2024/09/02,18.42,18.68,18.19,18.23,394200,7582017.00
2024/09/03,18.23,18.55,18.22,18.49,266170,5111297.00
2024/09/04,18.50,18.57,18.25,18.37,231000,4425010.00
2024/09/05,18.40,18.58,18.40,18.53,265000,5109486.00
2024/09/06,18.48,18.53,18.08,18.08,395300,7514127.00
2024/09/09,18.03,18.19,17.64,17.75,473000,8821298.00
2024/09/10,17.75,18.02,17.47,17.95,334817,6204267.50
2024/09/11,17.82,18.07,17.77,17.83,249100,4651551.00
2024/09/12,17.88,18.02,17.63,17.65,266100,4940483.00
2024/09/13,17.53,17.56,17.14,17.24,537300,9736275.00
2024/09/18,17.21,17.33,17.02,17.17,399154,7156787.00
2024/09/19,17.31,17.53,17.15,17.45,324500,5894278.00
2024/09/20,17.44,17.44,17.14,17.28,306800,5530992.00
2024/09/23,17.40,17.40,17.10,17.16,278500,5007055.00
2024/09/24,17.30,17.67,17.06,17.62,610500,11121706.00
2024/09/25,17.73,18.20,17.68,17.77,823700,15421788.00
2024/09/26,17.70,18.30,17.65,18.29,690400,12992360.00
2024/09/27,18.55,19.82,18.52,19.36,1659134,33009776.00
2024/09/30,20.11,22.19,19.87,21.88,3748870,81812216.00
2024/10/08,26.09,26.09,22.14,24.26,4460721,110303688.00
2024/10/09,23.62,23.62,21.68,21.73,2789771,65031652.00
2024/10/10,22.81,23.51,21.29,21.74,1782777,40430724.00
2024/10/11,21.54,21.71,20.28,20.60,1453361,31414726.00
2024/10/14,20.60,21.13,20.29,21.01,1267021,27247768.00
2024/10/15,20.88,21.34,20.68,20.75,1215100,26484732.00
2024/10/16,20.43,21.03,20.43,20.73,896300,19286436.00
2024/10/17,20.89,21.71,20.70,21.31,2083592,45613312.00
2024/10/18,20.83,22.22,20.73,22.07,3232704,72047352.00
2024/10/21,21.90,22.41,21.68,22.04,2762628,63066344.00
2024/10/22,22.11,22.43,21.79,22.23,2049361,46888820.00
2024/10/23,22.21,22.31,21.88,22.00,1560324,35668148.00
2024/10/24,21.76,22.22,21.76,21.89,914192,20775240.00
2024/10/25,22.01,22.25,21.83,22.11,1353594,30917070.00
2024/10/28,21.99,22.22,21.98,22.21,1238536,28382286.00
2024/10/29,22.40,22.57,21.95,22.00,1484204,34043648.00
2024/10/30,21.86,22.43,21.74,21.88,1460038,33341996.00
2024/10/31,21.86,22.02,21.65,21.88,1310576,29652860.00
2024/11/01,21.76,22.28,21.32,21.53,1717027,38916828.00
2024/11/04,21.54,23.42,21.54,23.41,4847385,114442120.00
2024/11/05,23.03,23.99,22.73,23.79,5002277,121168712.00
2024/11/06,23.83,24.25,23.23,23.46,3804639,93283064.00
2024/11/07,23.08,23.45,22.94,23.45,2267800,54524272.00
2024/11/08,23.48,23.93,23.24,23.29,2311848,56218680.00
2024/11/11,23.14,23.80,22.94,23.79,2421164,58903320.00
2024/11/12,23.78,24.63,23.55,23.82,3331145,82558472.00
2024/11/13,23.81,23.81,23.04,23.62,1740665,42084344.00
2024/11/14,23.61,23.78,22.87,23.01,1343992,32365796.00
2024/11/15,22.92,23.34,22.44,22.47,1085168,25657200.00
2024/11/18,22.45,22.81,21.93,22.02,1561791,36013752.00
2024/11/19,22.03,23.03,22.03,23.01,1590840,37078616.00
2024/11/20,23.18,24.06,23.01,24.00,3433400,84209216.00
2024/11/21,23.90,24.23,23.38,23.76,2245809,55055408.00
2024/11/22,23.71,23.88,23.24,23.35,2052365,49797916.00
2024/11/25,23.38,23.70,22.93,23.53,1685200,40581936.00
2024/11/26,23.54,23.77,22.98,23.23,1185200,28411038.00
2024/11/27,23.31,23.34,22.68,23.21,1201600,28077908.00
2024/11/28,23.27,23.47,23.02,23.14,1097833,25961768.00
2024/11/29,23.31,24.31,23.28,24.11,3594803,87338480.00
2024/12/02,24.42,24.85,24.05,24.71,3627075,90115624.00
2024/12/03,24.72,25.57,24.40,24.84,3564557,90573464.00
2024/12/04,25.02,25.48,24.40,24.96,3296667,83867264.00
2024/12/05,24.91,27.60,24.65,26.39,8215060,217925200.00
2024/12/06,25.90,26.13,25.02,25.40,5707249,147085248.00
2024/12/09,25.22,26.35,25.17,25.49,4080899,106843344.00
2024/12/10,26.27,26.70,25.58,25.72,4368705,115688608.00
2024/12/11,25.58,25.58,24.83,25.43,2851700,72849192.00
2024/12/12,25.40,25.70,24.90,25.26,2000900,51199484.00
2024/12/13,25.10,25.29,24.60,24.72,2189300,55243456.00
2024/12/16,24.75,29.74,24.51,28.55,15431686,441857600.00
2024/12/17,27.54,27.80,25.40,26.49,10143345,271657440.00
2024/12/18,26.26,26.67,25.30,26.30,5330586,141385024.00
2024/12/19,26.03,27.10,25.73,26.17,4905606,131586632.00
2024/12/20,26.18,29.57,26.18,28.13,9336273,265101936.00
2024/12/23,28.00,28.16,26.55,26.92,5698500,157026816.00
2024/12/24,27.38,28.07,26.70,27.56,5053041,140139616.00
2024/12/25,27.38,27.56,25.50,26.62,4775941,128532104.00
2024/12/26,26.79,28.35,26.48,27.71,4905667,137711216.00
2024/12/27,27.61,28.10,27.15,27.35,3124579,86883224.00
2024/12/30,27.05,28.20,26.37,27.89,3934968,110532792.00
2024/12/31,28.04,28.06,26.93,26.96,2914357,80796048.00
2025/01/02,26.60,26.85,24.78,25.21,3563057,93219264.00
2025/01/03,25.25,25.42,22.68,23.34,3020200,73044904.00
2025/01/06,23.13,23.23,22.20,22.89,1651457,38220708.00
2025/01/07,23.06,23.38,22.60,23.37,1255900,29454472.00
2025/01/08,23.30,23.38,22.20,22.95,1922100,44580048.00
2025/01/09,22.90,25.75,22.77,25.36,5679700,141631616.00
2025/01/10,25.39,26.10,25.00,25.11,3404810,88230992.00
2025/01/13,24.90,25.45,23.91,24.73,2381260,59821984.00
2025/01/14,24.70,26.55,24.55,26.52,3545457,93132816.00
2025/01/15,26.45,26.59,26.00,26.32,2024100,53970924.00
2025/01/16,26.40,26.89,25.94,26.27,2068000,55385648.00
2025/01/17,26.66,27.09,26.20,26.49,3555284,96194320.00
2025/01/20,26.49,26.93,26.47,26.79,2669697,72217648.00
2025/01/21,26.90,28.48,26.76,28.24,5291159,149721584.00
2025/01/22,28.25,31.50,28.25,29.08,10348313,316575712.00
2025/01/23,29.76,30.46,28.43,29.70,7302330,219425328.00
2025/01/24,29.70,30.72,28.68,30.48,5567624,167644672.00
2025/01/27,31.40,32.60,30.70,30.98,7279967,232803760.00
2025/02/05,31.60,31.60,28.15,29.17,6962927,205872416.00
2025/02/06,29.17,32.49,29.00,31.56,7241614,229004496.00
2025/02/07,31.81,32.26,29.61,30.17,9089982,281865856.00
2025/02/10,30.22,32.18,29.46,31.94,7230652,224564192.00
2025/02/11,31.58,32.13,30.66,31.85,5985949,191246384.00
2025/02/12,31.77,34.86,31.60,33.90,7420978,252651728.00
2025/02/13,33.71,34.07,31.57,31.60,6366548,208595888.00
2025/02/14,31.50,31.60,30.06,30.22,4820848,149492976.00
2025/02/17,30.60,31.05,30.05,30.92,3171311,98169720.00
2025/02/18,30.85,33.19,30.37,31.68,5712684,183588448.00
2025/02/19,31.40,38.10,30.90,38.10,12268868,445643904.00
2025/02/20,38.60,40.10,38.01,38.75,13945388,551160192.00
2025/02/21,37.60,43.60,37.60,41.41,12063271,499395808.00
2025/02/24,40.63,42.35,39.00,41.81,10392425,429031904.00
2025/02/25,39.87,50.25,39.70,50.25,13495537,628457664.00
2025/02/26,47.68,55.67,47.66,49.53,16607838,853010176.00
2025/02/27,47.60,48.75,45.95,47.57,12269635,583945664.00
2025/02/28,46.89,47.26,43.26,43.74,9381690,419223584.00
2025/03/03,43.73,44.10,42.60,43.30,5685962,248766624.00
2025/03/04,42.90,45.37,42.80,44.48,8047637,359863776.00
2025/03/05,44.10,46.09,43.60,45.51,7740800,350842240.00
2025/03/06,45.34,46.58,44.60,45.26,7964624,366195168.00
2025/03/07,44.80,45.41,43.58,45.41,6733703,302407552.00
2025/03/10,45.40,45.84,43.66,44.10,5141827,229605456.00
2025/03/11,42.60,44.04,42.30,43.41,4986649,217015952.00
2025/03/12,44.48,46.90,43.22,45.78,9752698,447154944.00
2025/03/13,45.32,45.35,40.89,41.60,7109289,304301248.00
2025/03/14,41.56,44.24,40.74,43.05,5852865,250334976.00
2025/03/17,42.95,42.95,41.10,41.78,5046204,212218400.00
2025/03/18,41.61,42.40,41.24,41.79,4658179,196254400.00
2025/03/19,41.36,42.16,40.86,41.35,4028221,168477968.00
2025/03/20,42.10,43.02,40.60,42.19,5757396,243287408.00
2025/03/21,41.51,41.68,39.02,39.10,6217240,249438192.00
2025/03/24,39.17,39.38,37.06,38.67,4322695,166622640.00
2025/03/25,38.88,40.22,38.32,38.65,3998738,158399664.00
2025/03/26,37.98,40.27,37.90,40.15,4587879,183796000.00
2025/03/27,39.65,40.15,38.25,38.34,3672940,144529296.00
2025/03/28,37.96,38.59,37.38,37.45,2754378,105314320.00
2025/03/31,36.87,37.07,35.38,36.78,2956357,107987312.00
2025/04/01,36.61,36.99,36.05,36.25,1727504,63628308.00
2025/04/02,36.07,37.48,35.87,36.71,2687797,100230208.00
2025/04/03,36.34,37.20,35.24,35.59,2381109,86774656.00
2025/04/07,33.22,33.39,28.39,28.39,3801248,117013072.00
2025/04/08,28.43,29.80,27.44,28.30,4957264,142935024.00
2025/04/09,27.63,29.19,25.19,28.90,5260036,147555776.00
2025/04/10,30.07,31.17,29.78,29.85,4787448,147623504.00
2025/04/11,29.75,32.59,29.61,31.06,9346984,297823776.00
2025/04/14,31.72,32.45,31.50,31.70,5323205,171748384.00
2025/04/15,32.59,32.92,31.37,31.82,4812081,155767664.00
2025/04/16,31.49,32.19,30.37,30.84,3566379,112574232.00
2025/04/17,30.78,31.20,30.37,30.48,2557475,79590808.00
2025/04/18,30.36,30.74,29.71,30.16,1993641,60733312.00
2025/04/21,30.05,31.36,29.72,31.22,3122240,97084576.00
2025/04/22,31.21,31.21,30.40,30.66,2049800,63717184.00
2025/04/23,30.99,32.85,30.90,32.28,5598186,181906240.00
2025/04/24,32.49,34.69,31.68,31.90,7876510,262032256.00
2025/04/25,31.90,32.18,31.24,31.66,4463729,143127184.00
2025/04/28,31.53,31.64,30.41,30.65,3414181,106597896.00
2025/04/29,30.65,32.69,30.20,32.16,4826527,155125520.00
2025/04/30,32.38,33.79,31.90,33.20,5737970,191352992.00
2025/05/06,33.60,34.93,33.20,34.83,6488300,223518832.00
2025/05/07,35.00,35.57,34.12,34.68,7090776,250379088.00
2025/05/08,34.76,36.14,34.70,35.67,7456372,267697872.00
2025/05/09,35.73,35.75,33.90,34.63,5547691,194017456.00
2025/05/12,35.28,36.10,34.81,35.60,5115091,184336768.00
2025/05/13,35.91,36.29,35.30,35.79,4128455,149193584.00
2025/05/14,35.61,36.99,35.42,35.78,6390437,233589600.00
2025/05/15,35.53,35.58,34.30,34.66,4264219,149359152.00
2025/05/16,34.45,36.19,34.29,35.00,5612255,201201456.00
2025/05/19,34.96,34.96,33.34,34.28,3986163,136728928.00
2025/05/20,34.19,34.49,33.77,33.98,2896900,100185176.00
2025/05/21,33.97,33.97,32.88,33.02,2843300,95320544.00
2025/05/22,33.02,34.19,33.02,33.22,3259951,110753128.00
2025/05/23,32.93,33.80,32.58,32.66,2764730,92692912.00
2025/05/26,32.34,32.67,31.91,32.54,1982600,64887492.00
2025/05/27,32.54,32.61,31.58,31.69,2110400,67988712.00
2025/05/28,31.70,32.16,31.12,31.35,1825700,58199972.00
2025/05/29,31.32,32.28,31.31,31.93,2250900,72780552.00
2025/05/30,31.71,31.93,30.45,30.48,2523800,78778192.00
2025/06/03,30.33,30.71,30.10,30.47,1897600,58619144.00
2025/06/04,30.44,30.78,30.39,30.50,1523200,47177564.00
2025/06/05,30.49,31.32,30.10,30.91,2516757,78372432.00
2025/06/06,30.91,31.13,30.34,30.66,1833000,56787176.00
2025/06/09,31.13,31.30,30.75,30.91,2427100,76210048.00
2025/06/10,31.15,31.38,29.95,30.48,3281500,101762264.00
2025/06/11,30.60,30.95,30.22,30.79,2071432,64477200.00
2025/06/12,30.68,30.80,30.40,30.51,1624646,50297216.00
2025/06/13,30.42,30.47,29.56,29.71,1919300,58236024.00
2025/06/16,29.75,30.90,29.71,30.61,2650300,81717344.00
2025/06/17,30.80,31.48,30.46,30.89,2758000,86420176.00
2025/06/18,30.70,31.93,30.51,31.43,3421487,108083352.00
2025/06/19,31.43,31.80,30.30,30.40,3876797,122200272.00
2025/06/20,30.50,30.60,29.35,29.52,3038189,91541960.00
2025/06/23,29.06,29.72,29.06,29.67,1645600,49222896.00
2025/06/24,29.61,31.75,29.55,31.75,4646271,145869856.00
2025/06/25,31.70,32.18,31.42,31.99,3512420,113268896.00
2025/06/26,31.99,32.60,31.54,31.60,3051500,99038072.00
2025/06/27,31.60,31.93,31.34,31.90,1995323,63694060.00
2025/06/30,31.95,32.45,31.79,32.42,2183923,70793400.00
2025/07/01,32.39,32.40,31.68,31.96,2155428,69378104.00
2025/07/02,31.91,31.91,31.05,31.40,1920900,60685136.00
2025/07/03,31.47,31.68,31.14,31.45,1327775,41922608.00
2025/07/04,31.39,31.46,30.47,30.63,2110000,65330056.00
2025/07/07,30.80,30.80,30.20,30.40,1182100,36132128.00
2025/07/08,30.52,31.24,30.41,31.20,2043867,63688708.00
2025/07/09,31.70,34.22,31.65,32.56,8884281,293802976.00
2025/07/10,32.34,33.00,32.10,32.90,4710784,154734608.00
2025/07/11,32.66,33.45,32.04,33.24,4760963,156836224.00
2025/07/14,33.21,34.19,32.98,33.89,6185366,209673424.00
2025/07/15,34.25,34.65,33.61,33.87,5872057,200702096.00
2025/07/16,33.75,34.20,33.38,33.74,3672400,124756168.00
2025/07/17,33.76,34.06,33.44,33.95,3379300,114963032.00
2025/07/18,33.84,34.06,33.41,33.44,2569913,86773984.00
2025/07/21,33.52,34.35,33.23,34.30,3771267,128216872.00
2025/07/22,35.28,39.13,35.13,36.68,15048460,559851712.00
2025/07/23,35.31,36.01,34.70,34.80,9561378,338703232.00
2025/07/24,34.36,35.15,34.32,34.85,5119808,179389088.00
2025/07/25,34.74,34.87,34.35,34.59,3565403,123910352.00
2025/07/28,34.60,34.89,34.30,34.48,2884706,100182320.00
2025/07/29,34.40,34.41,33.61,33.98,3409969,116149672.00
2025/07/30,34.08,34.14,32.91,33.16,3084200,103573728.00
2025/07/31,33.05,33.85,33.01,33.11,3303493,111200024.00
2025/08/01,33.12,33.58,33.04,33.34,1888941,63178260.00
2025/08/04,33.11,34.45,33.06,34.45,3578852,122390584.00
2025/08/05,34.40,35.15,34.25,34.65,3551205,123486496.00
2025/08/06,34.79,36.02,34.56,35.60,6875427,245213216.00
2025/08/07,35.32,35.58,35.01,35.40,3831377,135975792.00
2025/08/08,35.21,35.92,34.91,35.52,4279628,152384560.00
2025/08/11,35.52,36.12,35.16,35.96,4589441,165170912.00
2025/08/12,36.04,36.04,35.15,35.39,3384200,120633224.00
2025/08/13,35.68,36.80,35.68,36.50,7877801,288406944.00
2025/08/14,37.16,37.17,35.09,35.18,5815182,209128192.00
2025/08/15,35.40,36.57,35.30,36.43,5863416,213829488.00
2025/08/18,36.60,37.16,36.10,36.78,5651041,208404400.00
2025/08/19,36.84,37.78,36.11,37.65,6802665,253641136.00
2025/08/20,37.30,37.65,36.75,37.63,4263987,159677152.00
2025/08/21,38.10,39.02,37.30,37.32,9491748,362953184.00
2025/08/22,37.27,37.71,37.01,37.43,4583956,171956384.00
2025/08/25,37.44,38.59,37.36,38.09,5264401,201092160.00
2025/08/26,38.80,39.00,37.99,38.03,4340749,167351216.00
2025/08/27,38.40,38.54,36.79,36.81,5029729,191278288.00
2025/08/28,36.60,36.90,35.23,36.55,4980463,181300432.00
2025/08/29,36.58,36.85,35.93,36.51,3360960,122861656.00
2025/09/01,36.49,37.76,36.14,36.81,3849762,142262784.00
2025/09/02,37.71,38.25,35.65,37.12,6288107,233052064.00
2025/09/03,36.79,37.28,35.82,35.89,3472091,126645896.00
2025/09/04,36.02,36.25,34.05,34.65,3369600,119208144.00
2025/09/05,34.68,36.08,34.43,36.01,2908966,104023288.00
2025/09/08,36.19,37.27,35.91,37.07,3536888,131047200.00
2025/09/09,36.90,36.91,36.01,36.13,2223200,81433000.00
2025/09/10,36.10,36.44,35.50,35.53,1823424,65826176.00
2025/09/11,35.43,36.58,35.10,36.50,2549250,92243248.00
2025/09/12,36.60,37.13,35.92,36.68,3170933,116164712.00
2025/09/15,36.40,38.10,36.05,36.30,3338287,123802232.00
2025/09/16,36.15,37.65,36.15,37.64,4955124,185305296.00
2025/09/17,37.43,38.92,37.07,38.70,6531365,250671360.00
2025/09/18,38.30,39.30,37.45,38.03,7383522,286334976.00
2025/09/19,37.96,38.16,36.72,37.41,4174688,156911712.00
2025/09/22,37.41,38.70,36.88,37.35,2779225,104882096.00
2025/09/23,37.30,37.43,35.47,36.79,3181125,116213352.00
2025/09/24,36.59,37.27,35.81,37.04,2217679,82133376.00
2025/09/25,37.18,37.97,36.95,37.24,2916684,109888192.00
2025/09/26,37.14,37.78,36.65,36.66,2457659,91498488.00
2025/09/29,36.78,37.00,35.96,36.27,1844346,67500760.00
2025/09/30,36.42,36.50,36.00,36.07,1745689,63561420.00
2025/10/09,36.06,36.50,35.61,36.10,1738400,62915040.00
2025/10/10,35.86,36.75,35.71,35.91,2051116,74539768.00
2025/10/13,33.79,35.00,32.86,34.95,2473613,85480800.00
2025/10/14,35.00,35.35,33.60,33.66,2124154,73267328.00
2025/10/15,33.67,34.67,33.45,34.63,1543294,53099776.00
2025/10/16,34.34,34.62,33.52,33.64,1490872,50802672.00
2025/10/17,33.76,33.90,32.30,32.36,1700500,56325364.00
2025/10/20,33.02,33.48,32.92,33.39,1332300,44564660.00
2025/10/21,33.75,34.60,33.31,34.34,1788972,61436040.00
2025/10/22,34.09,35.08,33.83,34.38,1625500,56530652.00
2025/10/23,34.34,34.34,33.70,34.23,928403,31722908.00
2025/10/24,34.40,34.76,34.25,34.69,1158400,40273664.00
2025/10/27,34.72,35.13,34.48,34.90,1721741,60258948.00
2025/10/28,34.65,35.52,34.03,34.93,2525407,88763240.00
2025/10/29,34.93,35.09,34.41,34.76,1170200,40766072.00
2025/10/30,34.73,34.89,34.17,34.29,1437502,49851648.00
2025/10/31,34.28,34.76,34.06,34.38,1051500,36448224.00
2025/11/03,34.16,34.57,33.93,34.17,1022000,35155880.00
2025/11/04,34.50,34.55,33.63,34.04,1409600,48216932.00
2025/11/05,33.64,33.98,33.52,33.85,1024900,34835692.00
2025/11/06,33.71,35.03,33.58,34.74,2087337,72355928.00
2025/11/07,34.66,34.66,33.86,33.88,1638010,56203612.00
2025/11/10,33.80,34.30,33.30,33.46,1241960,41863144.00
2025/11/11,33.59,34.68,33.08,33.67,2307899,78999576.00
2025/11/12,33.40,34.27,32.81,32.93,1574027,52351008.00
2025/11/13,32.93,33.12,32.63,32.81,1118402,36981184.00
2025/11/14,32.60,32.91,32.40,32.40,896013,29449222.00
2025/11/17,32.35,32.64,32.00,32.58,926203,30197592.00
2025/11/18,32.58,32.58,32.07,32.21,916646,29720956.00
2025/11/19,32.22,32.33,31.59,31.63,1061500,33979632.00
2025/11/20,31.88,31.88,31.17,31.31,1113274,35139400.00
2025/11/21,30.82,31.36,29.80,30.00,1846899,56477888.00
2025/11/24,30.00,30.74,30.00,30.59,1008884,30902318.00
2025/11/25,30.74,31.15,30.59,30.60,864470,26863448.00
2025/11/26,30.65,30.92,30.42,30.50,882092,27215722.00
2025/11/27,30.51,30.90,30.38,30.57,729100,22518672.00
2025/11/28,30.42,31.26,30.42,31.26,1113700,34735956.00
2025/12/01,31.26,33.18,30.97,32.04,3105932,101090552.00
2025/12/02,31.90,31.98,31.25,31.38,1279500,40477048.00
2025/12/03,31.36,31.47,30.75,30.95,1012941,31597600.00
2025/12/04,31.03,32.01,31.03,31.51,2132927,67812568.00
2025/12/05,31.51,32.29,31.21,32.09,1874400,60057408.00
2025/12/08,32.25,32.42,31.74,31.99,1609815,51803292.00
2025/12/09,31.84,31.99,31.53,31.55,1273432,40687328.00
2025/12/10,31.45,31.78,31.34,31.48,868507,27555686.00
2025/12/11,31.43,31.63,30.70,30.75,1182000,36994168.00
2025/12/12,30.87,31.01,30.52,30.54,1010810,31266722.00
2025/12/15,30.47,30.60,29.96,29.96,1033313,31516700.00
2025/12/16,29.96,30.21,29.41,29.59,1422400,42504624.00
2025/12/17,29.50,29.75,28.80,29.49,1619300,47573460.00
2025/12/18,29.20,29.95,29.20,29.46,1463971,43780604.00
2025/12/19,29.50,30.04,29.49,29.71,1011753,30358908.00
2025/12/22,29.87,30.25,29.87,29.92,943804,28581000.00
2025/12/23,29.88,30.17,29.80,29.97,913863,27548680.00
2025/12/24,29.96,30.52,29.77,30.37,905400,27617372.00
2025/12/25,30.50,31.77,30.33,31.57,2206100,69305968.00
2025/12/26,31.63,31.75,31.01,31.32,1694163,53540308.00
2025/12/29,31.16,32.03,30.98,31.77,1925347,61229932.00
2025/12/30,31.45,32.75,31.42,32.60,2694748,87604208.00
2025/12/31,32.60,32.74,32.25,32.44,1961488,64031916.00
2026/01/05,32.32,32.71,32.15,32.26,1690831,54947708.00
2026/01/06,32.22,32.60,32.10,32.27,1436288,46710304.00
2026/01/07,32.30,32.70,32.05,32.36,1347600,43970592.00
2026/01/08,32.46,32.98,32.41,32.74,1484788,48846688.00
2026/01/09,32.70,33.30,32.61,32.96,1847606,61229000.00
2026/01/12,33.23,33.72,32.85,33.61,2461558,82401040.00
2026/01/13,33.60,33.68,32.70,32.72,2225125,74186936.00
2026/01/14,32.65,33.29,32.25,32.70,2508866,82927616.00
2026/01/15,32.36,32.92,32.32,32.81,1469200,48292244.00
2026/01/16,32.82,34.28,32.78,33.90,3623369,123016592.00
2026/01/19,34.03,35.11,33.73,34.58,3689101,127706080.00
2026/01/20,34.57,34.66,33.80,34.05,2539167,86987088.00
2026/01/21,33.85,34.45,33.85,34.28,1705594,58734804.00
2026/01/22,34.55,35.05,34.38,34.53,1840891,64026804.00
2026/01/23,34.52,34.91,34.29,34.85,1908927,66506196.00
2026/01/26,34.86,35.10,33.67,34.07,2088720,71879624.00
2026/01/27,33.95,34.93,33.05,34.60,2341133,80043480.00
2026/01/28,34.34,34.58,33.46,33.65,1963500,66835560.00
2026/01/29,33.65,34.12,32.93,33.15,1862300,62721748.00
2026/01/30,33.02,33.23,32.34,32.99,1568787,51833828.00
2026/02/02,32.87,33.35,32.27,32.28,1235470,40819824.00
2026/02/03,32.68,33.18,32.41,33.06,1187000,39204684.00
2026/02/04,33.07,33.15,32.46,32.71,1066953,35145684.00
2026/02/05,32.57,32.83,32.17,32.17,803000,26186544.00
2026/02/06,31.96,32.50,31.71,32.09,920800,29793688.00
2026/02/09,32.74,32.86,32.19,32.60,947131,31031056.00
2026/02/10,32.76,32.97,32.41,32.69,976540,32187644.00
2026/02/11,32.56,33.60,32.40,32.83,1793621,59542592.00
2026/02/12,32.79,33.77,32.70,33.42,1709810,57441676.00
2026/02/13,33.42,33.68,33.11,33.20,988581,33245708.00
2026/02/24,33.68,33.80,32.99,33.35,1499548,50211996.00
2026/02/25,33.46,34.89,33.12,34.05,4590078,157386656.00
2026/02/26,34.49,36.08,34.36,35.38,6621090,234333792.00
2026/02/27,35.27,36.48,34.65,36.10,6505139,233135264.00
2026/03/02,35.74,39.95,34.98,39.05,10745961,408554528.00
2026/03/03,38.28,38.80,36.76,36.99,7708209,292210528.00
2026/03/04,36.11,36.81,35.60,36.10,4541218,164623696.00
2026/03/05,36.80,37.42,36.06,36.30,4507796,165761120.00
2026/03/06,36.08,37.90,35.88,36.85,4132418,153325120.00
2026/03/09,35.83,36.08,34.53,35.50,3940841,139514448.00
2026/03/10,36.19,36.85,35.42,36.63,4079540,149338864.00
2026/03/11,36.08,37.60,34.92,35.08,9642864,349908128.00
2026/03/12,34.29,34.29,31.35,31.40,11378622,371882432.00
2026/03/13,30.98,31.98,30.13,30.52,8427576,261226304.00
2026/03/16,30.30,30.59,29.88,30.15,4135948,125541832.00
2026/03/17,30.22,30.45,29.00,29.08,4065321,120880536.00
2026/03/18,29.09,29.46,28.95,29.45,3176100,93272824.00
2026/03/19,28.95,29.10,27.92,28.07,3667970,105181536.00
2026/03/20,28.10,28.30,27.25,27.27,3190693,88868816.00
2026/03/23,26.76,26.94,25.59,25.68,3851441,102178128.00
2026/03/24,26.24,26.37,25.61,26.37,2994780,78442152.00
2026/03/25,26.41,27.65,26.30,27.23,4897069,133754624.00
2026/03/26,27.10,27.20,26.16,26.25,4298730,115055592.00
2026/03/27,25.76,26.64,25.72,26.52,2614476,69506392.00
2026/03/30,26.41,28.68,26.41,27.37,6078905,169189904.00
2026/03/31,29.20,29.36,27.51,27.73,6098302,172027712.00
2026/04/01,27.97,29.05,27.80,28.33,5426273,155114080.00
2026/04/02,27.82,28.03,26.82,27.00,4308995,118792056.00
2026/04/03,26.98,27.22,26.71,26.78,2390283,64916044.00
2026/04/07,26.78,26.95,26.52,26.61,1862820,50125516.00
2026/04/08,27.25,28.26,27.08,28.21,4869665,136539424.00
2026/04/09,27.86,28.71,27.67,28.26,4021989,114056000.00
2026/04/10,28.48,28.75,28.25,28.26,2989355,85737584.00
2026/04/13,28.06,28.28,27.88,28.23,1931120,54660776.00
2026/04/14,28.40,28.59,28.10,28.59,2630553,75105480.00
2026/04/15,28.68,28.77,28.00,28.06,2713153,77546960.00
2026/04/16,28.01,28.74,28.01,28.73,2952560,84724176.00
2026/04/17,28.57,30.42,28.42,29.87,6926870,206181360.00
2026/04/20,30.00,30.35,29.26,29.76,3931425,117660664.00
2026/04/21,29.69,29.98,29.15,29.38,2348907,69514264.00
2026/04/22,29.16,30.13,29.02,29.86,4449418,132688472.00
2026/04/23,29.60,29.64,28.76,28.94,3555088,104334032.00
2026/04/24,28.78,29.89,28.48,29.06,3597852,105543160.00
2026/04/27,28.85,30.78,28.85,30.76,6620730,201073312.00
2026/04/28,30.01,30.15,29.20,29.41,5969274,177073808.00
2026/04/29,29.21,30.35,29.15,29.96,4467110,134487616.00
2026/04/30,29.83,30.74,29.82,30.26,3764257,115313536.00
2026/05/06,30.50,30.77,30.27,30.49,4036832,123968392.00
2026/05/07,30.48,36.23,30.33,34.43,16978707,582384064.00
2026/05/08,36.29,41.36,35.80,41.36,24706166,969911232.00
2026/05/11,41.10,41.28,38.57,38.98,26145680,1035739584.00
2026/05/12,39.00,39.62,38.08,38.28,13717900,533941344.00
2026/05/13,37.68,38.25,37.36,37.80,10815740,410935168.00
2026/05/14,37.81,38.20,36.51,36.51,10175238,379667680.00
2026/05/15,36.21,39.35,36.21,38.66,18430882,707861824.00
2026/05/18,37.81,38.55,37.00,37.60,11774996,443576128.00
2026/05/19,37.30,38.78,36.83,38.35,13181810,501514624.00
2026/05/20,37.60,37.68,36.51,36.81,8925881,331177248.00
2026/05/21,36.67,37.78,35.75,35.81,10221239,378509312.00
2026/05/22,36.24,36.68,35.08,36.40,7311849,266406368.00
2026/05/25,36.16,36.76,34.80,35.30,8281779,294794784.00
2026/05/26,35.60,35.96,34.15,34.74,7906061,277454880.00
2026/05/27,34.52,34.53,33.23,33.43,6268517,212444592.00
2026/05/28,33.40,34.26,33.00,33.99,5612295,190234912.00
2026/05/29,33.95,34.49,32.15,32.39,5750789,190694848.00
2026/06/01,32.29,32.68,31.85,32.19,3425037,111433376.00
2026/06/02,32.19,32.67,31.25,32.00,3848265,123554408.00
2026/06/03,31.66,32.48,31.35,31.62,4032124,129439472.00
2026/06/04,31.31,32.36,31.21,31.64,4377502,140444368.00
2026/06/05,31.60,34.84,30.42,34.35,11204391,372871168.00
2026/06/08,33.00,37.17,33.00,36.46,14670724,530493248.00
2026/06/09,36.16,39.17,35.83,38.25,16145144,611143680.00
2026/06/10,37.26,38.78,36.84,36.92,11160185,423249056.00
2026/06/11,36.50,39.30,35.93,38.32,11310954,431354784.00
2026/06/12,38.30,39.88,37.44,37.70,11974124,464202112.00
2026/06/15,37.79,39.63,36.81,39.00,9299391,358792096.00
2026/06/16,39.14,44.53,39.03,44.10,16386952,710874624.00
2026/06/17,43.12,49.40,42.71,47.79,16762582,772499840.00
2026/06/18,44.33,44.80,38.81,41.48,20404227,849548608.00
2026/06/22,42.30,43.38,39.51,40.63,14730374,608964800.00
2026/06/23,40.31,42.14,39.80,40.29,10035805,412432064.00
2026/06/24,39.81,40.25,38.24,39.22,10635157,418376896.00
2026/06/25,39.45,40.89,38.62,39.21,9066721,361975488.00
2026/06/26,38.92,41.39,38.30,39.62,10132542,406992288.00
2026/06/29,39.73,46.04,39.60,45.46,18128015,791788160.00
2026/06/30,45.01,46.95,43.25,46.83,13084596,589369792.00
2026/07/01,46.00,48.88,45.01,47.82,12651405,600059008.00
2026/07/02,47.02,48.94,45.71,47.15,11792586,558691968.00
2026/07/03,47.50,47.78,45.57,45.82,11396709,527197824.00
2026/07/06,46.05,46.14,43.20,44.23,8352531,372289760.00
2026/07/07,44.25,45.00,42.46,42.50,6698539,291348320.00
2026/07/08,42.87,43.16,39.53,40.33,7794709,318688576.00
2026/07/09,41.07,41.85,38.20,40.17,8231453,326972160.00
2026/07/10,40.12,41.30,39.50,40.11,7466909,303170048.00
2026/07/13,39.87,39.98,35.40,35.60,8524525,318109248.00
2026/07/14,35.62,36.94,35.00,36.88,6051994,219109056.00
2026/07/15,37.20,38.62,35.71,37.74,7272244,270644384.00
2026/07/16,37.00,37.45,35.66,35.81,5884927,213662400.00
2026/07/17,35.71,35.84,32.41,32.64,7176900,242766128.00
2026/07/20,33.00,33.21,28.47,29.19,8045411,244175520.00
2026/07/21,29.20,31.24,26.92,30.78,8755861,256314320.00
2026/07/22,29.99,30.78,29.23,29.60,4972974,148541984.00
2026/07/23,29.50,29.99,29.12,29.70,3289800,97095616.00
2026/07/24,29.04,30.10,28.66,29.05,3763942,110149280.00
2026/07/27,29.03,29.97,28.76,29.88,3443203,101504920.00
2026/07/28,29.68,30.38,28.51,28.75,5098389,149534336.00
2026/07/29,28.61,28.99,27.50,28.68,4904400,138537488.00
2026/07/30,28.47,28.60,26.81,26.95,5060200,139256496.00
2026/07/31,28.01,29.34,28.01,28.30,6004193,172529680.00
2026/08/03,28.30,29.92,28.30,29.59,5450384,160209776.00
2026/08/04,29.80,30.53,29.20,30.29,5279141,158981984.00
2026/08/05,30.58,31.28,30.32,30.96,5315095,163956256.00
2026/08/06,30.37,31.48,30.37,31.01,4320746,133879264.00
2026/08/07,31.04,31.80,30.80,31.49,5121379,160393120.00
2026/08/10,31.41,32.82,31.06,32.33,6654782,212670928.00
2026/08/11,32.10,32.59,31.35,32.01,5347244,171252448.00
2026/08/12,31.85,32.73,31.83,32.35,3744699,121335416.00
2026/08/13,32.57,32.86,31.50,31.54,4160000,134235072.00
2026/08/14,31.61,32.57,31.46,32.51,3740301,119665584.00
2026/08/17,32.38,33.59,32.30,33.50,4022219,132576648.00
2026/08/18,33.15,33.51,32.81,33.21,3183035,105312224.00
2026/08/19,32.70,32.75,30.02,30.15,5551253,172531056.00
2026/08/20,30.64,32.12,30.60,31.12,4391025,137863904.00
2026/08/21,31.01,31.49,30.05,31.33,2883900,89168040.00
2026/08/24,33.00,33.27,31.00,31.49,5198300,164935728.00
2026/08/25,31.20,32.28,31.20,32.03,4320600,137291584.00
2026/08/26,32.00,32.09,31.25,31.46,3345600,105546008.00
2026/08/27,31.34,31.99,31.15,31.70,3089306,97571544.00
2026/08/28,31.58,32.29,31.12,31.25,4494713,141996016.00
2026/08/31,30.85,32.46,30.70,32.35,5191351,165327312.00
2026/09/01,32.30,32.30,31.36,31.71,3269329,103713600.00
2026/09/02,31.40,31.91,31.05,31.60,2544483,80365168.00
2026/09/03,31.80,32.68,31.50,32.26,4183234,134406688.00
2026/09/04,32.61,32.70,31.02,31.22,4188351,133229896.00
2026/09/07,31.08,36.78,31.08,36.08,14133292,495375104.00
2026/09/08,36.00,36.20,34.89,35.12,10873243,384819040.00
2026/09/09,35.13,36.63,35.05,36.15,9646726,345855008.00
2026/09/10,35.63,35.97,35.01,35.01,4072889,143923216.00
2026/09/11,34.70,34.70,33.04,33.74,6069225,204001744.00
2026/09/14,33.48,34.60,33.00,34.38,4017000,136892976.00
#数据来源:通达信
