300184 力源信息 日线 前复权
      日期	    开盘	    最高	    最低	    收盘	    成交量	    成交额
2021/08/02,6.84,6.96,6.52,6.65,96307671,644749888.00
2021/08/03,6.53,6.58,6.02,6.08,113040020,711927744.00
2021/08/04,6.00,6.22,5.96,6.20,61650133,378610400.00
2021/08/05,6.18,6.19,6.03,6.10,39633900,242342576.00
2021/08/06,6.17,6.24,6.02,6.20,48148720,295060736.00
2021/08/09,6.09,6.12,5.85,6.01,46447947,277107520.00
2021/08/10,6.00,6.23,5.96,6.15,44994264,275279680.00
2021/08/11,6.10,6.17,6.02,6.15,35500098,216207680.00
2021/08/12,6.10,6.42,6.06,6.26,55150554,346866400.00
2021/08/13,6.18,6.20,6.06,6.12,41901012,255791440.00
2021/08/16,6.12,6.22,6.02,6.12,32218640,197029456.00
2021/08/17,6.06,6.10,5.82,5.85,41526600,248149728.00
2021/08/18,5.84,5.98,5.83,5.90,22649619,133323216.00
2021/08/19,5.88,5.97,5.86,5.90,18790780,111207304.00
2021/08/20,5.90,5.97,5.83,5.93,20360280,120281656.00
2021/08/23,5.89,6.04,5.88,6.03,28744508,171686960.00
2021/08/24,6.04,6.05,5.75,5.76,45110733,266008528.00
2021/08/25,5.76,6.25,5.57,6.17,87099427,515287872.00
2021/08/26,6.10,6.22,6.01,6.04,46554171,284306560.00
2021/08/27,5.99,6.00,5.80,5.86,32783922,192393920.00
2021/08/30,5.83,5.96,5.80,5.84,24751520,145529120.00
2021/08/31,5.81,5.91,5.74,5.82,20122120,116781416.00
2021/09/01,5.81,5.84,5.64,5.72,23514751,134645008.00
2021/09/02,5.72,5.87,5.68,5.82,19643049,113786080.00
2021/09/03,5.81,6.00,5.75,5.95,34401539,202069888.00
2021/09/06,5.97,6.18,5.90,6.16,43240140,263396320.00
2021/09/07,6.13,6.19,6.10,6.16,29625475,181951104.00
2021/09/08,6.15,6.18,6.07,6.12,28369967,173566848.00
2021/09/09,6.10,6.34,6.07,6.34,46984801,291323712.00
2021/09/10,6.26,6.33,6.17,6.21,43308904,270431680.00
2021/09/13,6.15,6.16,6.06,6.12,26852346,163654464.00
2021/09/14,6.13,6.33,6.08,6.13,40043766,249166752.00
2021/09/15,6.09,6.20,6.05,6.12,25405370,155219136.00
2021/09/16,6.09,6.16,5.82,5.83,35103120,210143440.00
2021/09/17,5.83,5.90,5.71,5.85,22351671,129844200.00
2021/09/22,5.71,5.85,5.69,5.81,13851140,80276144.00
2021/09/23,5.82,6.05,5.82,5.93,21601408,128488136.00
2021/09/24,5.92,5.99,5.84,5.89,18444240,109214784.00
2021/09/27,5.97,6.10,5.85,5.90,25045521,149543856.00
2021/09/28,5.89,5.89,5.71,5.81,17554949,101404456.00
2021/09/29,5.73,5.80,5.64,5.64,15902101,90835960.00
2021/09/30,5.66,5.79,5.66,5.77,10883727,62609180.00
2021/10/08,5.88,6.14,5.86,6.12,37604516,227955872.00
2021/10/11,6.14,6.22,6.08,6.15,24605460,150932976.00
2021/10/12,6.15,6.78,6.11,6.38,75697213,488199808.00
2021/10/13,6.43,6.55,6.27,6.47,51100774,328243552.00
2021/10/14,6.41,6.76,6.40,6.59,62765626,414673440.00
2021/10/15,6.92,7.37,6.68,7.04,122270081,856040384.00
2021/10/18,7.00,7.24,6.88,7.05,84684247,597321408.00
2021/10/19,7.00,7.44,6.96,7.22,116670922,844995712.00
2021/10/20,7.18,7.35,7.08,7.13,86533314,621471488.00
2021/10/21,6.90,7.04,6.78,6.89,92968432,644217536.00
2021/10/22,7.00,7.00,6.59,6.60,74994735,506756928.00
2021/10/25,6.62,6.70,6.49,6.64,52242056,345442624.00
2021/10/26,6.64,6.72,6.43,6.47,45398810,296153056.00
2021/10/27,6.47,6.51,6.17,6.22,44918435,282753440.00
2021/10/28,6.15,6.30,5.97,5.99,38960495,236665136.00
2021/10/29,6.02,6.13,5.94,6.05,35113800,212807360.00
2021/11/01,6.05,6.15,6.00,6.08,32389267,197218048.00
2021/11/02,6.11,6.42,6.05,6.15,71123780,443105120.00
2021/11/03,6.17,6.20,5.99,6.12,36354780,220981456.00
2021/11/04,6.14,6.22,6.09,6.13,33226810,204253744.00
2021/11/05,6.19,6.37,6.16,6.19,53737276,336099008.00
2021/11/08,6.13,6.31,5.88,6.28,64706369,393718912.00
2021/11/09,6.21,6.31,6.13,6.31,49666061,309074848.00
2021/11/10,6.26,7.57,6.26,7.57,184021205,1333112192.00
2021/11/11,7.70,7.98,7.48,7.79,266436493,2067314816.00
2021/11/12,7.66,7.84,7.51,7.77,154624845,1192364928.00
2021/11/15,7.72,7.83,7.17,7.33,171347556,1259673088.00
2021/11/16,7.34,7.40,6.96,7.01,145786654,1043163648.00
2021/11/17,6.98,7.05,6.85,6.87,108754603,753331392.00
2021/11/18,6.86,6.90,6.67,6.68,87067499,587150720.00
2021/11/19,6.68,6.77,6.54,6.71,79414160,529888544.00
2021/11/22,6.68,7.06,6.65,6.99,126582397,868849152.00
2021/11/23,6.93,6.98,6.83,6.88,69543379,479726176.00
2021/11/24,6.86,7.34,6.86,7.18,140115410,1005073536.00
2021/11/25,7.17,7.75,7.09,7.23,146551859,1081249920.00
2021/11/26,7.22,7.46,7.10,7.11,106079808,769129536.00
2021/11/29,6.94,7.30,6.94,7.17,79136882,566333120.00
2021/11/30,7.34,7.37,6.93,7.02,81745464,578524544.00
2021/12/01,7.03,7.35,7.02,7.22,84696197,610849600.00
2021/12/02,7.15,7.20,6.79,6.79,85470100,594727616.00
2021/12/03,6.80,6.95,6.79,6.83,40325960,276674528.00
2021/12/06,6.80,6.84,6.65,6.65,43955532,295926880.00
2021/12/07,6.69,6.74,6.52,6.62,36789440,243428320.00
2021/12/08,6.59,6.74,6.59,6.72,35505033,237393744.00
2021/12/09,6.71,6.87,6.68,6.78,38619295,262380384.00
2021/12/10,6.72,6.92,6.64,6.84,45066836,306267904.00
2021/12/13,6.96,7.11,6.84,7.08,65807234,461565824.00
2021/12/14,7.05,7.15,6.98,7.07,52967820,373949504.00
2021/12/15,7.05,7.20,7.02,7.03,52894305,376006400.00
2021/12/16,7.06,7.31,7.01,7.28,73763958,529878528.00
2021/12/17,7.37,7.37,7.06,7.06,65358434,466619456.00
2021/12/20,7.02,7.10,6.74,6.74,56302163,386658048.00
2021/12/21,6.81,7.16,6.79,7.08,58413074,410111200.00
2021/12/22,7.08,7.25,7.03,7.17,61311831,438445664.00
2021/12/23,7.15,7.23,7.02,7.06,47763820,339104960.00
2021/12/24,7.16,7.17,6.84,6.85,43881838,304582656.00
2021/12/27,6.79,6.82,6.60,6.66,44716564,298914048.00
2021/12/28,6.66,6.78,6.65,6.76,28050892,188819712.00
2021/12/29,6.71,6.75,6.65,6.68,24132448,161471680.00
2021/12/30,6.65,7.07,6.65,6.94,57364024,396639488.00
2021/12/31,7.00,7.05,6.91,6.94,31278040,217843424.00
2022/01/04,6.98,7.09,6.94,7.05,41170160,288998272.00
2022/01/05,7.02,7.12,6.78,6.94,48631780,337001216.00
2022/01/06,6.88,6.94,6.78,6.92,29946883,205729584.00
2022/01/07,6.92,6.96,6.65,6.67,38823475,263166128.00
2022/01/10,6.67,6.71,6.56,6.68,21958280,146229488.00
2022/01/11,6.70,6.72,6.60,6.63,23790780,157865952.00
2022/01/12,6.63,6.70,6.62,6.70,18709500,124625480.00
2022/01/13,6.70,6.71,6.56,6.58,21135960,140027472.00
2022/01/14,6.55,6.61,6.30,6.33,34529016,222812576.00
2022/01/17,6.28,6.62,6.28,6.60,29468204,192453472.00
2022/01/18,6.62,6.63,6.52,6.55,22403980,147302368.00
2022/01/19,6.50,6.60,6.46,6.50,16369337,106705736.00
2022/01/20,6.54,6.54,6.29,6.35,20690400,131760320.00
2022/01/21,6.28,6.52,6.28,6.35,18384926,117560800.00
2022/01/24,6.30,6.35,6.16,6.18,19276251,119821536.00
2022/01/25,6.18,6.21,5.86,5.87,27314962,163718784.00
2022/01/26,5.94,5.98,5.86,5.95,16134480,95653472.00
2022/01/27,6.10,6.27,5.98,5.98,31483600,192914880.00
2022/01/28,5.99,6.21,5.94,6.15,21745753,132727680.00
2022/02/07,6.27,6.31,6.14,6.19,18605529,115829800.00
2022/02/08,6.16,6.27,6.13,6.27,15306929,94901664.00
2022/02/09,6.25,6.36,6.23,6.35,18109497,114261624.00
2022/02/10,6.34,6.41,6.28,6.34,16168601,102443336.00
2022/02/11,6.30,6.31,6.11,6.11,19846020,122867136.00
2022/02/14,6.16,6.23,6.07,6.13,14066443,86452120.00
2022/02/15,6.17,6.20,6.10,6.16,11478040,70607112.00
2022/02/16,6.20,6.25,6.15,6.19,12242527,75792272.00
2022/02/17,6.15,6.21,6.10,6.12,14457383,88826280.00
2022/02/18,6.06,6.18,6.04,6.17,11016768,67587120.00
2022/02/21,6.18,6.37,6.17,6.32,20735300,130768064.00
2022/02/22,6.25,6.34,6.23,6.33,17874103,112218240.00
2022/02/23,6.34,6.64,6.30,6.57,45144221,294680800.00
2022/02/24,6.53,6.65,6.22,6.34,52564832,338644352.00
2022/02/25,6.42,6.54,6.33,6.41,30542749,196497200.00
2022/02/28,6.39,6.44,6.25,6.32,19991200,126117672.00
2022/03/01,6.35,6.42,6.31,6.38,17039260,108325056.00
2022/03/02,6.35,6.40,6.29,6.38,13391058,84939400.00
2022/03/03,6.40,6.45,6.30,6.32,15180600,96231912.00
2022/03/04,6.31,6.31,6.17,6.18,16633580,103731968.00
2022/03/07,6.12,6.14,6.01,6.03,18775020,113948504.00
2022/03/08,6.00,6.04,5.79,5.84,20844644,123386416.00
2022/03/09,5.87,5.94,5.50,5.80,22160541,127456856.00
2022/03/10,5.91,5.97,5.84,5.88,15249111,89973784.00
2022/03/11,5.79,5.91,5.63,5.89,16990463,97977864.00
2022/03/14,5.87,5.89,5.65,5.65,15873800,91544808.00
2022/03/15,5.60,5.72,5.37,5.38,19683100,109302424.00
2022/03/16,5.49,5.64,5.36,5.63,24647918,135954512.00
2022/03/17,5.69,5.84,5.67,5.72,21722380,125016352.00
2022/03/18,5.67,5.81,5.65,5.79,14724700,84741576.00
2022/03/21,5.81,5.83,5.66,5.76,15819980,90931088.00
2022/03/22,5.71,5.79,5.66,5.73,10215200,58457360.00
2022/03/23,5.74,5.84,5.71,5.84,17223209,99833160.00
2022/03/24,5.79,5.80,5.66,5.69,14245100,81274952.00
2022/03/25,5.73,5.79,5.69,5.72,12413397,71259224.00
2022/03/28,5.68,5.77,5.61,5.77,13346204,75999432.00
2022/03/29,5.73,5.75,5.40,5.43,40074368,221205216.00
2022/03/30,5.47,5.50,5.39,5.45,20043439,109197368.00
2022/03/31,5.46,5.46,5.34,5.35,18341116,98830632.00
2022/04/01,5.32,5.34,5.23,5.28,18719969,98815952.00
2022/04/06,5.28,5.38,5.26,5.31,14474000,77128608.00
2022/04/07,5.28,5.28,5.05,5.05,23004740,118405816.00
2022/04/08,5.05,5.11,4.91,5.00,18325142,91578416.00
2022/04/11,5.14,5.18,4.94,4.98,23203100,117658960.00
2022/04/12,4.93,5.12,4.92,5.12,16413574,82484152.00
2022/04/13,5.10,5.10,4.98,5.00,12247844,61502324.00
2022/04/14,5.03,5.07,5.01,5.04,11952840,60286092.00
2022/04/15,5.01,5.05,4.96,5.00,12028180,60122284.00
2022/04/18,4.99,5.15,4.91,5.12,19178916,96776160.00
2022/04/19,5.10,5.18,5.06,5.11,13382633,68355512.00
2022/04/20,5.11,5.18,5.01,5.06,14247948,72882632.00
2022/04/21,5.01,5.07,4.82,4.85,17470714,86097504.00
2022/04/22,4.86,4.87,4.71,4.82,11913368,57044036.00
2022/04/25,4.74,4.75,4.37,4.38,19450792,88932944.00
2022/04/26,4.46,4.52,4.30,4.31,21660884,95886008.00
2022/04/27,4.27,4.54,4.22,4.53,24330526,106868320.00
2022/04/28,4.47,4.52,4.38,4.45,14902228,66472144.00
2022/04/29,4.53,4.69,4.50,4.65,22093560,101582832.00
2022/05/05,4.65,4.73,4.61,4.68,17436148,81564832.00
2022/05/06,4.58,4.68,4.52,4.61,15390127,70694648.00
2022/05/09,4.58,4.72,4.58,4.67,11954767,55861436.00
2022/05/10,4.60,4.80,4.58,4.78,17473527,82834512.00
2022/05/11,4.77,4.96,4.75,4.77,23603584,114879736.00
2022/05/12,4.76,4.85,4.74,4.83,16090813,77276240.00
2022/05/13,4.86,4.91,4.82,4.90,14916744,72590408.00
2022/05/16,4.92,4.95,4.84,4.85,12914941,63032272.00
2022/05/17,4.86,4.88,4.78,4.87,11711460,56699132.00
2022/05/18,4.87,4.96,4.85,4.88,14126134,69383528.00
2022/05/19,4.80,4.99,4.79,4.98,16872425,82860720.00
2022/05/20,4.96,5.03,4.93,5.00,12636065,62956664.00
2022/05/23,5.02,5.06,5.00,5.05,10500620,52848152.00
2022/05/24,5.04,5.06,4.79,4.79,16704675,82232824.00
2022/05/25,4.82,4.92,4.79,4.90,10053805,48849712.00
2022/05/26,4.93,4.93,4.81,4.90,10530922,51326604.00
2022/05/27,4.91,4.97,4.84,4.90,13266745,64978572.00
2022/05/30,4.92,5.04,4.89,5.00,17838300,88800440.00
2022/05/31,5.00,5.06,4.92,5.05,16322729,81574656.00
2022/06/01,5.07,5.08,4.99,5.04,14525360,73189608.00
2022/06/02,5.02,5.12,4.97,5.09,15211549,76861520.00
2022/06/06,5.08,5.20,5.06,5.18,18461240,95247640.00
2022/06/07,5.18,5.20,5.09,5.12,16328961,83776632.00
2022/06/08,5.11,5.14,4.98,5.10,20827009,105664976.00
2022/06/09,5.07,5.09,4.90,4.92,19322380,96063800.00
2022/06/10,4.91,5.01,4.89,4.99,13652700,67598120.00
2022/06/13,4.95,5.04,4.92,4.99,15072213,74947504.00
2022/06/14,4.96,5.00,4.77,4.95,18943360,92324520.00
2022/06/15,4.99,5.09,4.96,5.01,23796740,119659792.00
2022/06/16,5.05,5.12,5.02,5.05,21061940,106992656.00
2022/06/17,5.06,5.10,4.98,5.09,19542165,98707160.00
2022/06/20,5.08,5.15,5.07,5.11,17468565,89172752.00
2022/06/21,5.12,5.22,5.09,5.20,35652260,184355840.00
2022/06/22,5.22,5.54,5.19,5.20,70245028,374068704.00
2022/06/23,5.15,5.35,5.15,5.30,38940440,203887168.00
2022/06/24,5.29,5.34,5.25,5.27,25845496,136563008.00
2022/06/27,5.30,5.30,5.20,5.24,24179440,126485200.00
2022/06/28,5.21,5.42,5.18,5.39,31409152,167158176.00
2022/06/29,5.43,5.55,5.37,5.37,45220195,247033584.00
2022/06/30,5.48,5.66,5.45,5.50,41726280,230695344.00
2022/07/01,5.47,5.49,5.36,5.38,26947146,146050432.00
2022/07/04,5.31,5.31,5.20,5.29,26456311,138886176.00
2022/07/05,5.28,5.30,5.12,5.26,28092782,146349136.00
2022/07/06,5.22,5.35,5.17,5.23,25597233,134584496.00
2022/07/07,5.22,5.28,5.19,5.24,16586544,86933728.00
2022/07/08,5.25,5.35,5.23,5.25,19344512,102307864.00
2022/07/11,5.23,5.24,5.08,5.12,18889140,97202672.00
2022/07/12,5.12,5.14,5.00,5.01,15981373,80741288.00
2022/07/13,5.03,5.08,4.99,5.08,13478607,67939520.00
2022/07/14,5.05,5.09,5.01,5.05,13140445,66431664.00
2022/07/15,5.03,5.05,4.92,4.92,17723140,88358224.00
2022/07/18,4.95,5.25,4.95,5.16,25167014,128256744.00
2022/07/19,5.14,5.25,5.14,5.23,21704220,112943128.00
2022/07/20,5.21,5.28,5.21,5.28,17256720,90586504.00
2022/07/21,5.28,5.44,5.24,5.34,32806038,175298000.00
2022/07/22,5.35,5.42,5.25,5.30,18936420,100748808.00
2022/07/25,5.30,5.35,5.16,5.19,15333500,80177240.00
2022/07/26,5.20,5.22,5.12,5.20,14387620,74517816.00
2022/07/27,5.19,5.23,5.14,5.20,12767460,66318124.00
2022/07/28,5.24,5.42,5.23,5.35,31372680,168081104.00
2022/07/29,5.38,5.38,5.25,5.26,20899200,110848088.00
2022/08/01,5.25,5.33,5.20,5.32,15310800,81062008.00
2022/08/02,5.26,5.27,4.99,5.07,30391312,154847568.00
2022/08/03,5.10,5.31,5.09,5.18,34871867,182619824.00
2022/08/04,5.24,5.38,5.21,5.38,33601351,178668512.00
2022/08/05,5.36,5.63,5.34,5.61,61226465,339252192.00
2022/08/08,5.58,5.62,5.47,5.57,39680020,219325408.00
2022/08/09,5.55,5.59,5.46,5.57,26444780,145832288.00
2022/08/10,5.54,5.69,5.49,5.64,38815220,218812288.00
2022/08/11,5.64,5.78,5.63,5.68,37606820,214569056.00
2022/08/12,5.65,5.72,5.57,5.58,27839913,157283504.00
2022/08/15,5.60,5.63,5.54,5.56,19117200,106688472.00
2022/08/16,5.57,5.71,5.54,5.67,27970271,158062704.00
2022/08/17,5.67,5.69,5.58,5.66,19811360,111711064.00
2022/08/18,5.59,5.68,5.43,5.64,37388102,207640992.00
2022/08/19,5.68,5.78,5.49,5.49,37212190,208915232.00
2022/08/22,5.46,5.56,5.41,5.45,21846578,119522272.00
2022/08/23,5.42,5.48,5.38,5.41,20574722,111448752.00
2022/08/24,5.42,5.43,5.16,5.16,30048660,157724768.00
2022/08/25,5.21,5.23,5.03,5.16,22707716,116203496.00
2022/08/26,5.13,5.19,5.06,5.07,19271376,98796392.00
2022/08/29,5.00,5.07,4.93,5.03,16849690,84540624.00
2022/08/30,5.04,5.12,5.01,5.05,15240552,77005136.00
2022/08/31,5.03,5.06,4.88,4.90,19679663,97205320.00
2022/09/01,4.88,4.96,4.80,4.83,16932810,82459216.00
2022/09/02,4.83,4.97,4.81,4.94,15852200,77740712.00
2022/09/05,4.93,4.94,4.87,4.91,10774480,52787972.00
2022/09/06,4.92,4.94,4.87,4.94,13484973,66282492.00
2022/09/07,4.92,5.01,4.91,4.96,18754484,93135424.00
2022/09/08,4.96,4.97,4.86,4.86,13439080,65843596.00
2022/09/09,4.87,4.89,4.83,4.87,7863200,38216736.00
2022/09/13,4.90,4.93,4.82,4.85,11178040,54381180.00
2022/09/14,4.78,4.80,4.72,4.76,11165594,53102172.00
2022/09/15,4.79,4.79,4.58,4.64,14081836,65903092.00
2022/09/16,4.63,4.65,4.50,4.50,10798328,49473176.00
2022/09/19,4.50,4.53,4.43,4.48,9117500,40855672.00
2022/09/20,4.47,4.59,4.47,4.58,11814421,53711852.00
2022/09/21,4.58,4.64,4.55,4.62,16236372,74750456.00
2022/09/22,4.57,4.61,4.53,4.54,10805227,49380200.00
2022/09/23,4.54,4.55,4.41,4.44,10573778,47328840.00
2022/09/26,4.42,4.43,4.29,4.29,9426813,41092244.00
2022/09/27,4.32,4.47,4.32,4.45,11776331,51743016.00
2022/09/28,4.43,4.44,4.30,4.31,9858844,43025180.00
2022/09/29,4.35,4.38,4.24,4.27,9096040,39227252.00
2022/09/30,4.30,4.30,4.22,4.23,6985207,29700858.00
2022/10/10,4.25,4.25,3.99,4.02,14982250,60927276.00
2022/10/11,4.02,4.05,3.96,4.04,9549040,38301900.00
2022/10/12,4.04,4.24,4.03,4.23,15256818,63024884.00
2022/10/13,4.20,4.31,4.18,4.26,15414940,65501464.00
2022/10/14,4.30,4.34,4.27,4.32,10123073,43692524.00
2022/10/17,4.29,4.40,4.28,4.39,10561540,46128732.00
2022/10/18,4.41,4.43,4.35,4.37,8624466,37760988.00
2022/10/19,4.37,4.40,4.33,4.33,10182266,44366260.00
2022/10/20,4.33,4.48,4.28,4.40,19523843,85789208.00
2022/10/21,4.41,4.43,4.30,4.36,14694320,64014944.00
2022/10/24,4.32,4.44,4.22,4.27,17129320,74206520.00
2022/10/25,4.28,4.29,4.16,4.26,14756643,62373012.00
2022/10/26,4.27,4.43,4.27,4.39,17232403,75493560.00
2022/10/27,4.39,4.48,4.38,4.42,13529799,60007168.00
2022/10/28,4.43,4.46,4.21,4.22,14670640,63490156.00
2022/10/31,4.20,4.41,4.18,4.36,14654762,63697032.00
2022/11/01,4.38,4.45,4.36,4.45,13088152,57788712.00
2022/11/02,4.46,4.63,4.46,4.55,20737660,94232192.00
2022/11/03,4.49,4.56,4.46,4.53,14225243,64147372.00
2022/11/04,4.52,4.60,4.51,4.59,14611424,66639708.00
2022/11/07,4.57,4.63,4.54,4.57,13644100,62357836.00
2022/11/08,4.57,4.58,4.50,4.54,10054300,45491432.00
2022/11/09,4.54,4.54,4.48,4.50,9785573,44090492.00
2022/11/10,4.48,4.55,4.46,4.51,12593495,56824728.00
2022/11/11,4.59,4.64,4.53,4.54,17450272,79773600.00
2022/11/14,4.54,4.58,4.51,4.53,12335412,56098532.00
2022/11/15,4.53,4.71,4.52,4.71,28763972,133618392.00
2022/11/16,4.73,4.84,4.71,4.73,35611841,169716224.00
2022/11/17,4.73,4.75,4.65,4.75,19995697,93850088.00
2022/11/18,4.75,4.78,4.65,4.65,16668225,78662400.00
2022/11/21,4.64,4.69,4.59,4.63,11716000,54184612.00
2022/11/22,4.61,4.65,4.53,4.56,13581940,62475192.00
2022/11/23,4.55,4.57,4.41,4.50,13291020,59586784.00
2022/11/24,4.51,4.54,4.47,4.49,10692177,48119924.00
2022/11/25,4.48,4.50,4.43,4.43,9499580,42329020.00
2022/11/28,4.38,4.41,4.35,4.39,7747533,33935416.00
2022/11/29,4.39,4.50,4.39,4.48,9147780,40761112.00
2022/11/30,4.48,4.52,4.46,4.47,8334705,37365756.00
2022/12/01,4.51,4.58,4.50,4.56,13181539,59889404.00
2022/12/02,4.58,4.64,4.56,4.59,17697679,81405080.00
2022/12/05,4.59,4.63,4.58,4.62,12612600,58033636.00
2022/12/06,4.60,4.66,4.59,4.60,10111210,46728052.00
2022/12/07,4.58,4.69,4.58,4.66,15894599,73756608.00
2022/12/08,4.64,4.65,4.59,4.63,12094328,55880352.00
2022/12/09,4.64,4.66,4.58,4.60,12445287,57337832.00
2022/12/12,4.61,4.62,4.53,4.60,10575320,48432040.00
2022/12/13,4.60,4.61,4.51,4.52,7882395,35849628.00
2022/12/14,4.58,4.66,4.54,4.59,16571720,76565488.00
2022/12/15,4.59,4.69,4.53,4.65,15841475,73647528.00
2022/12/16,4.63,4.63,4.50,4.51,13169853,59758440.00
2022/12/19,4.50,4.52,4.31,4.33,12299400,53957920.00
2022/12/20,4.32,4.39,4.27,4.34,6548400,28383716.00
2022/12/21,4.33,4.35,4.23,4.27,7289812,31266266.00
2022/12/22,4.28,4.34,4.18,4.19,7867112,33438014.00
2022/12/23,4.18,4.27,4.15,4.22,6445600,27133122.00
2022/12/26,4.22,4.29,4.20,4.28,5506092,23457440.00
2022/12/27,4.29,4.34,4.24,4.33,6829500,29360712.00
2022/12/28,4.32,4.34,4.27,4.30,5911100,25412092.00
2022/12/29,4.29,4.31,4.26,4.27,5072280,21719946.00
2022/12/30,4.30,4.32,4.26,4.30,5299708,22738162.00
2023/01/03,4.30,4.43,4.29,4.40,9303219,40749460.00
2023/01/04,4.40,4.47,4.39,4.43,9819800,43609568.00
2023/01/05,4.44,4.44,4.41,4.42,5407100,23904892.00
2023/01/06,4.43,4.47,4.40,4.45,8070599,35818148.00
2023/01/09,4.45,4.50,4.44,4.45,6695460,29900254.00
2023/01/10,4.48,4.50,4.43,4.48,7661680,34256056.00
2023/01/11,4.49,4.50,4.39,4.40,7658188,34027880.00
2023/01/12,4.42,4.45,4.39,4.42,6296428,27823920.00
2023/01/13,4.45,4.45,4.36,4.41,6763720,29757426.00
2023/01/16,4.42,4.50,4.40,4.49,8463520,37840952.00
2023/01/17,4.50,4.52,4.47,4.50,7175900,32278420.00
2023/01/18,4.51,4.53,4.47,4.50,6531510,29459020.00
2023/01/19,4.51,4.59,4.49,4.59,10048470,45740728.00
2023/01/20,4.61,4.64,4.56,4.63,9907320,45619400.00
2023/01/30,4.66,4.68,4.61,4.62,18270900,84777288.00
2023/01/31,4.60,4.63,4.59,4.62,9523880,43887236.00
2023/02/01,4.62,4.72,4.61,4.71,15437961,72113976.00
2023/02/02,4.72,4.86,4.68,4.81,29894368,143440976.00
2023/02/03,4.80,4.83,4.72,4.80,19271860,92038336.00
2023/02/06,4.76,4.82,4.75,4.77,11362760,54337284.00
2023/02/07,4.80,4.85,4.76,4.84,17144460,82439296.00
2023/02/08,4.85,4.85,4.76,4.78,13121028,62988952.00
2023/02/09,4.78,5.12,4.76,5.06,51054472,254857456.00
2023/02/10,5.08,5.23,5.03,5.15,65958428,338626720.00
2023/02/13,5.15,5.15,5.06,5.10,34642500,176543904.00
2023/02/14,5.10,5.15,5.07,5.09,22507469,114818744.00
2023/02/15,5.08,5.20,5.08,5.16,28510380,146581456.00
2023/02/16,5.13,5.19,4.96,5.01,35526652,180963136.00
2023/02/17,5.03,5.07,4.93,4.94,23599649,117846856.00
2023/02/20,4.95,5.05,4.90,5.05,19086333,94891808.00
2023/02/21,5.10,5.18,5.03,5.10,35664331,182475280.00
2023/02/22,5.04,5.07,5.00,5.05,17664640,88908952.00
2023/02/23,5.04,5.06,4.97,5.00,15404500,77212960.00
2023/02/24,5.06,5.08,4.99,5.02,13247344,66553568.00
2023/02/27,4.99,5.02,4.93,4.95,12596500,62624552.00
2023/02/28,4.99,5.05,4.93,5.01,11648560,58200208.00
2023/03/01,5.01,5.11,5.00,5.11,23394020,118568584.00
2023/03/02,5.08,5.14,5.07,5.10,18790256,95738656.00
2023/03/03,5.17,5.55,5.17,5.32,95614258,512888416.00
2023/03/06,5.35,5.39,5.16,5.20,55251453,288499456.00
2023/03/07,5.15,5.16,4.94,4.95,42241700,213055664.00
2023/03/08,4.91,5.08,4.91,5.08,26548370,133161520.00
2023/03/09,5.10,5.13,5.04,5.12,23210880,118140536.00
2023/03/10,5.07,5.12,5.03,5.04,18434680,93672360.00
2023/03/13,5.01,5.29,4.96,5.18,36668837,187868288.00
2023/03/14,5.10,5.19,5.00,5.12,35186300,179290656.00
2023/03/15,5.10,5.21,5.06,5.14,29337389,151324720.00
2023/03/16,5.08,5.14,5.02,5.03,22901900,116149608.00
2023/03/17,5.07,5.17,5.06,5.13,27248532,139642864.00
2023/03/20,5.14,5.19,5.11,5.12,28265656,145492784.00
2023/03/21,5.13,5.21,5.09,5.20,32176303,166264128.00
2023/03/22,5.25,5.38,5.25,5.34,55931179,296603712.00
2023/03/23,5.28,5.45,5.25,5.45,60528966,325545664.00
2023/03/24,5.43,5.43,5.33,5.39,42591307,229143312.00
2023/03/27,5.36,5.46,5.30,5.39,39765760,213836288.00
2023/03/28,5.37,5.37,5.21,5.22,31272209,164818128.00
2023/03/29,5.26,5.30,5.14,5.24,25062366,131007208.00
2023/03/30,5.23,5.42,5.17,5.32,52150432,276744832.00
2023/03/31,5.29,5.32,5.13,5.30,49496294,258584656.00
2023/04/03,5.39,5.50,5.34,5.45,58116718,315423584.00
2023/04/04,5.42,5.69,5.41,5.69,103530135,576409088.00
2023/04/06,5.60,5.86,5.58,5.62,98838474,565582080.00
2023/04/07,5.62,5.79,5.54,5.75,66524463,377264768.00
2023/04/10,5.74,5.77,5.49,5.51,58500672,327928640.00
2023/04/11,5.49,5.62,5.46,5.54,36904873,204773536.00
2023/04/12,5.56,5.59,5.49,5.57,35157649,194999616.00
2023/04/13,5.55,5.56,5.38,5.40,41586757,226182096.00
2023/04/14,5.46,5.47,5.30,5.45,34314731,185225952.00
2023/04/17,5.42,5.42,5.22,5.25,35303324,186663104.00
2023/04/18,5.25,5.25,5.16,5.18,21843208,113632056.00
2023/04/19,5.18,5.29,5.16,5.19,24006120,125597168.00
2023/04/20,5.18,5.25,5.17,5.23,18870000,98476248.00
2023/04/21,5.23,5.23,4.88,4.90,45770852,229597696.00
2023/04/24,4.88,4.92,4.84,4.90,17815853,87061480.00
2023/04/25,4.88,4.91,4.66,4.72,22154700,105279240.00
2023/04/26,4.56,4.65,4.51,4.59,27118600,124391320.00
2023/04/27,4.59,4.66,4.54,4.57,17231900,79328992.00
2023/04/28,4.56,4.75,4.56,4.74,19263949,90196760.00
2023/05/04,4.72,4.77,4.66,4.77,16397800,77433016.00
2023/05/05,4.75,4.76,4.63,4.70,14270940,66900536.00
2023/05/08,4.69,4.75,4.68,4.72,12377180,58393740.00
2023/05/09,4.71,4.74,4.64,4.65,13689526,64117964.00
2023/05/10,4.64,4.69,4.62,4.66,11260360,52377992.00
2023/05/11,4.65,4.69,4.62,4.67,10020300,46696764.00
2023/05/12,4.66,4.70,4.61,4.61,10212205,47444536.00
2023/05/15,4.63,4.63,4.51,4.61,11726560,53520212.00
2023/05/16,4.61,4.61,4.52,4.53,11730600,53457232.00
2023/05/17,4.53,4.67,4.51,4.67,15181860,70160272.00
2023/05/18,4.69,4.86,4.69,4.77,28257810,135518928.00
2023/05/19,4.74,5.10,4.74,5.00,54948078,271366144.00
2023/05/22,5.09,5.37,5.05,5.06,66658950,346162816.00
2023/05/23,5.10,5.16,4.89,4.89,38668427,192018752.00
2023/05/24,4.87,5.07,4.84,4.95,31884066,158583264.00
2023/05/25,5.06,5.13,4.89,4.98,29668920,148125440.00
2023/05/26,5.00,5.27,4.99,5.23,60753788,313777952.00
2023/05/29,5.20,5.33,5.17,5.21,46135373,241581616.00
2023/05/30,5.18,5.21,5.10,5.19,33220029,170851296.00
2023/05/31,5.16,5.28,5.12,5.25,39836880,207070016.00
2023/06/01,5.21,5.24,5.16,5.18,27757406,144181072.00
2023/06/02,5.20,5.21,5.14,5.15,23109836,119445264.00
2023/06/05,5.14,5.23,5.13,5.17,19128055,99281632.00
2023/06/06,5.18,5.18,5.01,5.03,24442750,124362312.00
2023/06/07,5.06,5.12,5.01,5.07,14736000,74812888.00
2023/06/08,5.08,5.09,4.98,5.01,16437295,82672672.00
2023/06/09,5.01,5.06,4.95,5.05,23526706,117856632.00
2023/06/12,5.03,5.15,5.02,5.11,20274444,103514776.00
2023/06/13,5.10,5.21,5.06,5.21,28620265,147470544.00
2023/06/14,5.23,5.23,5.14,5.22,27328556,141810352.00
2023/06/15,5.25,5.26,5.16,5.18,19860300,103358256.00
2023/06/16,5.17,5.24,5.13,5.23,22711107,118077552.00
2023/06/19,5.21,5.28,5.19,5.24,21405500,111937528.00
2023/06/20,5.25,5.25,5.16,5.20,18159582,94287032.00
2023/06/21,5.17,5.19,5.05,5.06,21017520,107216288.00
2023/06/26,5.00,5.05,4.85,4.87,20143900,99445776.00
2023/06/27,4.89,5.02,4.86,5.00,13994600,69239656.00
2023/06/28,4.98,5.01,4.72,4.85,23387677,112556096.00
2023/06/29,4.83,5.08,4.83,4.94,21835482,108367000.00
2023/06/30,4.90,5.03,4.88,5.02,21384449,106505824.00
2023/07/03,5.02,5.06,4.91,4.93,20698460,102719328.00
2023/07/04,4.91,5.05,4.91,5.04,24680820,123184040.00
2023/07/05,5.04,5.08,4.97,4.98,17218600,86501584.00
2023/07/06,4.96,5.09,4.95,5.03,18087780,91015704.00
2023/07/07,5.01,5.02,4.91,4.99,18582400,92258704.00
2023/07/10,5.00,5.02,4.92,5.00,17495900,86931504.00
2023/07/11,5.00,5.31,4.98,5.26,75211056,391072448.00
2023/07/12,5.20,5.25,5.06,5.08,49740127,255779200.00
2023/07/13,5.09,5.52,5.09,5.40,112784944,607172672.00
2023/07/14,5.47,5.65,5.37,5.38,102788462,562660032.00
2023/07/17,5.37,5.44,5.28,5.33,51342142,274105920.00
2023/07/18,5.31,5.47,5.28,5.29,51767828,277636128.00
2023/07/19,5.28,5.36,5.18,5.22,35796546,187392000.00
2023/07/20,5.20,5.23,5.05,5.06,36340680,185840656.00
2023/07/21,5.04,5.17,4.98,5.02,32426200,164304192.00
2023/07/24,5.00,5.06,4.94,4.99,17495000,87660848.00
2023/07/25,5.04,5.12,5.01,5.12,26890500,136413456.00
2023/07/26,5.13,5.15,5.02,5.04,27468940,138926976.00
2023/07/27,5.03,5.06,4.95,4.97,21208880,106291592.00
2023/07/28,4.96,5.07,4.90,5.05,26632600,132533440.00
2023/07/31,5.03,5.07,5.01,5.06,20671013,104422912.00
2023/08/01,5.05,5.10,5.01,5.09,20376911,103088600.00
2023/08/02,5.12,5.12,5.04,5.06,13142635,66592160.00
2023/08/03,5.05,5.09,5.03,5.05,12523218,63279080.00
2023/08/04,5.04,5.09,5.03,5.08,16560300,84009744.00
2023/08/07,5.08,5.08,5.02,5.03,12275800,62050520.00
2023/08/08,5.05,5.05,4.95,4.96,13943400,69552328.00
2023/08/09,4.94,4.98,4.89,4.91,12064300,59484228.00
2023/08/10,4.91,4.93,4.88,4.92,8317000,40840572.00
2023/08/11,4.91,4.92,4.80,4.80,13262720,64356048.00
2023/08/14,4.75,4.83,4.73,4.82,6664000,31897616.00
2023/08/15,4.82,4.84,4.73,4.78,7127700,34070580.00
2023/08/16,4.76,4.81,4.73,4.73,7619835,36330444.00
2023/08/17,4.71,4.79,4.67,4.78,8062454,38191784.00
2023/08/18,4.77,4.81,4.68,4.68,7532215,35755944.00
2023/08/21,4.65,4.74,4.63,4.64,8541508,40099976.00
2023/08/22,4.66,4.71,4.59,4.70,9985135,46467996.00
2023/08/23,4.68,4.68,4.53,4.58,8906000,41127064.00
2023/08/24,4.61,4.64,4.54,4.59,8140046,37430740.00
2023/08/25,4.55,4.57,4.41,4.43,13091561,58705172.00
2023/08/28,4.71,4.71,4.46,4.47,15094636,68943112.00
2023/08/29,4.47,4.77,4.46,4.75,22316481,103615896.00
2023/08/30,4.84,5.09,4.80,4.85,40682356,199878192.00
2023/08/31,4.80,4.89,4.76,4.82,20716432,99865400.00
2023/09/01,4.83,5.29,4.75,5.13,68892070,350643520.00
2023/09/04,5.09,5.23,5.04,5.23,70572749,361296256.00
2023/09/05,5.21,6.17,5.17,5.65,231669744,1328131200.00
2023/09/06,5.67,6.76,5.60,6.51,339426909,2091626240.00
2023/09/07,6.20,6.26,5.83,5.85,253812576,1529394048.00
2023/09/08,5.85,6.09,5.73,5.88,200048535,1189609984.00
2023/09/11,5.78,5.86,5.48,5.49,166516786,933632448.00
2023/09/12,5.51,5.56,5.34,5.42,110835038,604032768.00
2023/09/13,5.44,5.62,5.38,5.47,99669472,546094848.00
2023/09/14,5.45,5.75,5.42,5.56,118596073,664137152.00
2023/09/15,5.57,5.62,5.40,5.45,80310690,439045600.00
2023/09/18,5.43,5.53,5.32,5.45,59320607,321997568.00
2023/09/19,5.40,5.40,5.26,5.33,55951560,298384384.00
2023/09/20,5.36,5.64,5.35,5.51,101414850,557437120.00
2023/09/21,5.56,5.82,5.56,5.81,148450461,846599552.00
2023/09/22,5.69,6.20,5.60,5.97,150316105,879663040.00
2023/09/25,5.90,6.13,5.84,5.90,118430104,706016256.00
2023/09/26,5.79,5.80,5.58,5.60,104154420,587980096.00
2023/09/27,5.55,5.60,5.37,5.39,74027381,403071328.00
2023/09/28,5.39,5.74,5.39,5.70,96096220,540828224.00
2023/10/09,5.70,6.30,5.68,5.99,152105022,914975104.00
2023/10/10,6.06,6.47,5.96,6.20,163307010,1008441728.00
2023/10/11,6.15,6.47,6.05,6.38,168981681,1065020736.00
2023/10/12,6.36,6.47,6.18,6.31,131569719,829290752.00
2023/10/13,6.24,6.44,6.20,6.26,115743169,729426304.00
2023/10/16,6.28,6.28,5.99,6.08,107592896,655095488.00
2023/10/17,6.09,6.10,5.94,6.01,59385320,356164160.00
2023/10/18,5.98,6.07,5.86,5.90,51041872,301820384.00
2023/10/19,5.85,6.15,5.82,5.94,102367430,617543936.00
2023/10/20,5.82,6.01,5.70,5.72,77903426,453857120.00
2023/10/23,5.70,5.72,5.52,5.57,53696260,300962560.00
2023/10/24,5.65,5.73,5.43,5.61,55232320,308352416.00
2023/10/25,5.63,5.79,5.57,5.69,74175304,420021120.00
2023/10/26,5.57,5.93,5.54,5.81,90658703,523958336.00
2023/10/27,5.76,5.76,5.42,5.64,75443384,421767680.00
2023/10/30,5.58,5.75,5.56,5.72,51683200,294326496.00
2023/10/31,5.73,5.83,5.49,5.56,58748360,329744384.00
2023/11/01,5.51,5.59,5.44,5.46,41953500,230796944.00
2023/11/02,5.46,5.58,5.35,5.35,45962680,250097856.00
2023/11/03,5.39,5.59,5.36,5.58,56807260,313266720.00
2023/11/06,5.56,5.73,5.52,5.72,55740600,315512640.00
2023/11/07,5.69,5.76,5.66,5.72,49242380,280764384.00
2023/11/08,5.71,6.04,5.63,5.91,120760900,709009280.00
2023/11/09,5.88,5.91,5.68,5.70,71845637,414394144.00
2023/11/10,5.73,6.84,5.72,6.84,228702780,1509715072.00
2023/11/13,7.39,7.87,7.25,7.49,438564098,3282776832.00
2023/11/14,7.40,7.75,7.14,7.67,351911062,2623550976.00
2023/11/15,7.68,7.88,7.28,7.38,275595754,2060409344.00
2023/11/16,7.14,7.20,6.93,6.96,220941987,1559172352.00
2023/11/17,7.03,7.19,6.92,6.99,161431922,1136495360.00
2023/11/20,7.23,7.56,7.12,7.17,207942680,1516270720.00
2023/11/21,7.20,7.90,7.02,7.68,312174314,2347948032.00
2023/11/22,7.40,7.41,7.07,7.09,196452140,1413428864.00
2023/11/23,7.01,7.18,6.96,7.06,109861068,776520192.00
2023/11/24,7.00,7.10,6.68,6.70,134852483,919060224.00
2023/11/27,6.65,6.78,6.57,6.73,80684151,540266688.00
2023/11/28,6.78,7.01,6.72,6.81,96729953,663427328.00
2023/11/29,6.73,6.89,6.58,6.62,83937507,564246208.00
2023/11/30,6.54,6.61,6.38,6.49,85272520,552057600.00
2023/12/01,6.49,6.62,6.42,6.60,57928980,379283008.00
2023/12/04,6.60,6.67,6.54,6.56,52434640,346054944.00
2023/12/05,6.55,6.55,6.30,6.32,62931167,402862912.00
2023/12/06,6.28,6.36,6.21,6.31,57845300,363071808.00
2023/12/07,6.30,6.37,6.24,6.27,41982400,264186976.00
2023/12/08,6.26,6.37,6.22,6.24,47223807,297052864.00
2023/12/11,6.25,6.36,6.18,6.35,46729337,292847008.00
2023/12/12,6.37,6.39,6.29,6.34,43418130,275359808.00
2023/12/13,6.30,6.32,6.23,6.24,35758871,224309392.00
2023/12/14,6.27,6.31,6.13,6.15,40808608,252862480.00
2023/12/15,6.15,6.18,6.03,6.06,37197242,226013120.00
2023/12/18,6.05,6.06,5.90,5.92,35697500,212586832.00
2023/12/19,5.90,6.02,5.90,5.96,25209560,149992784.00
2023/12/20,5.98,6.00,5.85,5.87,23424403,138631968.00
2023/12/21,5.83,5.91,5.73,5.88,33832591,196939056.00
2023/12/22,5.89,5.94,5.73,5.77,36427569,212634304.00
2023/12/25,5.78,5.83,5.72,5.79,17684660,101962768.00
2023/12/26,5.79,5.79,5.60,5.61,25967040,146850880.00
2023/12/27,5.63,5.77,5.60,5.75,30782100,175698512.00
2023/12/28,5.73,5.89,5.67,5.85,40095858,233333632.00
2023/12/29,5.83,5.99,5.80,5.95,37432600,222311472.00
2024/01/02,5.96,5.98,5.88,5.88,29612980,175163488.00
2024/01/03,5.85,5.91,5.71,5.79,30957009,179542976.00
2024/01/04,5.77,5.81,5.71,5.75,19354400,111510296.00
2024/01/05,5.76,5.79,5.57,5.60,26492540,150036496.00
2024/01/08,5.58,5.59,5.45,5.45,21517629,118540480.00
2024/01/09,5.50,5.58,5.45,5.51,19959100,110197056.00
2024/01/10,5.47,5.52,5.32,5.34,21689718,116797584.00
2024/01/11,5.35,5.55,5.31,5.44,36741219,200319808.00
2024/01/12,5.43,5.44,5.31,5.32,33275401,178175344.00
2024/01/15,5.29,5.36,5.25,5.30,19697100,104437568.00
2024/01/16,5.32,5.32,5.17,5.26,24881700,130032360.00
2024/01/17,5.23,5.25,5.09,5.10,20929780,108149256.00
2024/01/18,5.03,5.15,4.93,5.12,34504700,173325856.00
2024/01/19,5.09,5.15,4.99,5.00,21348700,107934672.00
2024/01/22,5.01,5.06,4.66,4.72,28243360,136941024.00
2024/01/23,4.73,4.81,4.66,4.74,25162719,119202208.00
2024/01/24,4.75,4.82,4.58,4.80,31174817,147140672.00
2024/01/25,4.80,4.97,4.77,4.95,35536880,173656672.00
2024/01/26,4.92,5.03,4.90,4.91,29408024,145563216.00
2024/01/29,4.91,4.94,4.70,4.71,25196220,120384416.00
2024/01/30,4.65,4.70,4.50,4.50,22089200,101542560.00
2024/01/31,4.47,4.53,4.20,4.22,32356894,140317616.00
2024/02/01,4.19,4.27,4.08,4.14,30453580,126979224.00
2024/02/02,4.17,4.27,3.75,3.93,39446620,158197520.00
2024/02/05,3.93,3.95,3.35,3.41,59432940,210137120.00
2024/02/06,3.37,3.72,3.24,3.62,55632909,193271216.00
2024/02/07,3.61,3.74,3.48,3.56,48445000,175579600.00
2024/02/08,3.59,3.97,3.55,3.95,64142529,241720832.00
2024/02/19,4.07,4.19,4.01,4.15,62511158,256195504.00
2024/02/20,4.12,4.39,4.03,4.34,62253523,261378816.00
2024/02/21,4.25,4.45,4.20,4.28,74815053,324432096.00
2024/02/22,4.30,4.45,4.28,4.41,53431320,233828432.00
2024/02/23,4.46,4.64,4.41,4.63,70757796,321513632.00
2024/02/26,4.63,4.83,4.54,4.73,80659526,379413376.00
2024/02/27,4.66,4.92,4.65,4.91,68089727,326499424.00
2024/02/28,4.97,5.04,4.46,4.49,100296400,480860448.00
2024/02/29,4.43,4.79,4.41,4.79,64910364,304012192.00
2024/03/01,4.79,4.91,4.78,4.90,62976780,306185824.00
2024/03/04,4.95,4.95,4.78,4.95,61753534,302474048.00
2024/03/05,4.88,4.92,4.80,4.85,49716480,242066256.00
2024/03/06,4.81,4.91,4.78,4.86,39787860,192724960.00
2024/03/07,4.90,4.90,4.72,4.74,43287490,208418720.00
2024/03/08,4.72,5.10,4.66,4.92,69121461,337480384.00
2024/03/11,4.84,5.01,4.81,5.01,58957380,289766304.00
2024/03/12,5.06,6.01,5.06,5.78,243806476,1397626368.00
2024/03/13,5.61,5.75,5.41,5.53,179117917,991292992.00
2024/03/14,5.49,5.93,5.45,5.90,196934299,1130468608.00
2024/03/15,5.80,5.90,5.66,5.88,124170186,718938752.00
2024/03/18,5.89,6.29,5.80,6.00,141085850,852531584.00
2024/03/19,5.92,5.97,5.75,5.76,105740972,616082944.00
2024/03/20,5.74,5.79,5.66,5.75,73549042,420831680.00
2024/03/21,5.78,5.81,5.65,5.69,59528992,340605536.00
2024/03/22,5.67,5.96,5.67,5.88,124156899,727807872.00
2024/03/25,5.91,5.92,5.50,5.52,84201640,484160544.00
2024/03/26,5.47,5.80,5.46,5.62,61025120,343707424.00
2024/03/27,5.58,5.59,5.18,5.20,74874690,399124672.00
2024/03/28,5.18,5.67,5.18,5.54,73441770,394808032.00
2024/03/29,5.53,6.11,5.46,5.93,154125564,910885504.00
2024/04/01,6.07,6.18,5.87,6.01,118118007,708431936.00
2024/04/02,5.95,6.48,5.95,6.18,179737240,1125210368.00
2024/04/03,6.07,6.08,5.59,5.79,121921558,713189696.00
2024/04/08,5.77,5.80,5.42,5.43,82304398,455874208.00
2024/04/09,5.42,5.47,5.29,5.35,57104160,305897536.00
2024/04/10,5.34,5.36,5.03,5.11,64947030,334351936.00
2024/04/11,5.03,5.22,5.01,5.13,44910900,231378800.00
2024/04/12,5.14,5.22,5.03,5.07,44963484,231630416.00
2024/04/15,5.06,5.11,4.57,4.70,74810244,357812608.00
2024/04/16,4.70,4.70,4.18,4.19,62436080,271913056.00
2024/04/17,4.31,4.65,4.31,4.65,60453280,275138880.00
2024/04/18,4.61,4.71,4.53,4.60,45599660,210428000.00
2024/04/19,4.54,4.58,4.43,4.49,39550460,178008656.00
2024/04/22,4.43,4.59,4.31,4.53,42597170,191217552.00
2024/04/23,4.56,4.67,4.53,4.62,41833000,193239920.00
2024/04/24,4.62,4.82,4.60,4.82,52212669,248476944.00
2024/04/25,4.80,4.92,4.73,4.83,50354689,243142656.00
2024/04/26,4.84,5.04,4.80,4.98,57337520,283587392.00
2024/04/29,4.98,5.15,4.98,5.12,49760140,253176944.00
2024/04/30,5.12,5.16,4.99,5.07,39847790,201779856.00
2024/05/06,5.15,5.20,5.07,5.09,39310080,200725424.00
2024/05/07,5.09,5.13,5.03,5.09,36414144,185139600.00
2024/05/08,5.09,5.15,4.98,5.09,56652980,287401632.00
2024/05/09,5.05,5.62,5.04,5.37,106362300,564234880.00
2024/05/10,5.26,5.30,5.11,5.13,77984760,403504448.00
2024/05/13,5.06,5.06,4.85,4.88,60046480,295879584.00
2024/05/14,4.87,5.00,4.86,4.95,38088319,187819376.00
2024/05/15,4.91,4.98,4.83,4.85,34286400,168040080.00
2024/05/16,4.88,4.95,4.86,4.88,31954020,156937696.00
2024/05/17,4.87,4.95,4.83,4.95,30446442,149535552.00
2024/05/20,4.96,5.02,4.91,4.95,33637440,166947664.00
2024/05/21,4.92,4.95,4.86,4.88,26352140,128805008.00
2024/05/22,4.86,4.91,4.84,4.90,21196400,103422272.00
2024/05/23,4.90,4.90,4.74,4.75,33416965,160208176.00
2024/05/24,4.75,4.88,4.69,4.72,40437801,193391232.00
2024/05/27,4.72,4.78,4.60,4.77,31473960,147332528.00
2024/05/28,4.74,4.91,4.70,4.81,44822660,216170512.00
2024/05/29,4.77,4.85,4.68,4.73,30826640,146778352.00
2024/05/30,4.68,4.81,4.62,4.76,31995780,151609056.00
2024/05/31,4.76,4.92,4.73,4.85,41957840,203906096.00
2024/06/03,4.87,5.03,4.85,4.95,70001300,346675424.00
2024/06/04,4.91,4.92,4.65,4.74,55867320,265467504.00
2024/06/05,4.70,4.78,4.59,4.59,35241940,165294880.00
2024/06/06,4.59,4.76,4.39,4.41,48370064,219848112.00
2024/06/07,4.51,4.57,4.43,4.50,36962939,166530576.00
2024/06/11,4.50,4.72,4.40,4.69,48284029,222401600.00
2024/06/12,4.65,4.83,4.64,4.80,51257431,244299088.00
2024/06/13,4.82,4.86,4.77,4.80,39661395,190714272.00
2024/06/14,4.76,4.83,4.71,4.80,31377755,149458912.00
2024/06/17,4.79,4.88,4.76,4.85,34460275,167068096.00
2024/06/18,4.85,4.96,4.84,4.95,42635821,209646448.00
2024/06/19,4.97,5.28,4.88,5.18,112952795,574272768.00
2024/06/20,5.06,5.12,4.89,4.90,93845165,470764896.00
2024/06/21,4.80,4.90,4.76,4.85,46020160,222661104.00
2024/06/24,4.77,4.83,4.59,4.60,47420410,222374704.00
2024/06/25,4.62,4.68,4.44,4.48,36675985,166343472.00
2024/06/26,4.50,4.69,4.40,4.69,34318640,156758624.00
2024/06/27,4.63,4.71,4.54,4.54,31928000,147578544.00
2024/06/28,4.52,4.71,4.51,4.63,32982440,153319840.00
2024/07/01,4.68,4.69,4.55,4.66,25139391,116156208.00
2024/07/02,4.66,4.74,4.63,4.69,27442340,128648536.00
2024/07/03,4.66,4.70,4.61,4.63,24645040,114496416.00
2024/07/04,4.64,4.68,4.47,4.47,25525600,116249008.00
2024/07/05,4.45,4.54,4.39,4.51,21091500,94376976.00
2024/07/08,4.51,4.53,4.37,4.38,22045503,97818712.00
2024/07/09,4.38,4.58,4.35,4.57,31886113,142926192.00
2024/07/10,4.56,4.60,4.52,4.55,25335840,115738592.00
2024/07/11,4.66,4.71,4.61,4.68,33914700,158339280.00
2024/07/12,4.66,4.67,4.61,4.63,21383140,99109072.00
2024/07/15,4.61,4.64,4.50,4.51,19016680,86542704.00
2024/07/16,4.52,4.62,4.47,4.60,21888640,99777888.00
2024/07/17,4.56,4.59,4.45,4.45,23681940,106894912.00
2024/07/18,4.41,4.55,4.22,4.40,38348494,166665728.00
2024/07/19,4.34,4.53,4.32,4.47,28482310,127327072.00
2024/07/22,4.62,4.77,4.54,4.66,61251860,284804704.00
2024/07/23,4.62,4.65,4.48,4.48,38703440,176598928.00
2024/07/24,4.42,4.53,4.40,4.40,27360600,121839728.00
2024/07/25,4.36,4.47,4.32,4.40,22264060,97671480.00
2024/07/26,4.39,4.51,4.38,4.48,20919903,93431032.00
2024/07/29,4.49,4.55,4.45,4.50,18702950,84140520.00
2024/07/30,4.46,4.59,4.44,4.56,26022070,117782504.00
2024/07/31,4.55,4.70,4.54,4.70,37758180,175431280.00
2024/08/01,4.70,4.95,4.70,4.84,78192320,377987872.00
2024/08/02,4.76,4.80,4.64,4.65,46579440,220207008.00
2024/08/05,4.58,4.67,4.45,4.45,36552060,166688960.00
2024/08/06,4.53,4.57,4.46,4.52,25970560,117011000.00
2024/08/07,4.49,4.59,4.49,4.53,23807720,108240392.00
2024/08/08,4.49,4.59,4.43,4.54,26431844,119189536.00
2024/08/09,4.57,4.64,4.54,4.55,25629540,117612632.00
2024/08/12,4.51,4.55,4.45,4.47,18111940,81427784.00
2024/08/13,4.49,4.57,4.47,4.56,20651080,93484648.00
2024/08/14,4.63,4.90,4.59,4.77,93611745,447998144.00
2024/08/15,4.69,5.20,4.68,5.09,148931635,741769344.00
2024/08/16,5.12,6.11,5.12,6.11,300860935,1767504896.00
2024/08/19,6.60,7.33,6.49,7.33,520017569,3635194112.00
2024/08/20,6.70,8.27,6.20,7.65,560795996,4097677056.00
2024/08/21,7.80,8.84,7.80,8.33,535896393,4460173312.00
2024/08/22,8.25,8.63,7.62,7.67,491659455,3998850048.00
2024/08/23,7.91,9.10,7.91,8.74,528248135,4458071552.00
2024/08/26,8.38,8.57,7.33,7.54,488000950,3894131712.00
2024/08/27,7.28,7.33,6.58,6.62,435594607,3005285632.00
2024/08/28,6.75,7.25,6.52,7.04,361236713,2509289472.00
2024/08/29,6.78,7.05,6.24,6.44,347008053,2296764160.00
2024/08/30,6.75,7.73,6.71,7.73,231715717,1685183488.00
2024/09/02,8.16,8.26,7.35,7.44,426474796,3293764608.00
2024/09/03,7.20,7.34,6.96,7.19,259169066,1854274048.00
2024/09/04,7.05,7.70,6.91,7.05,300241348,2166920960.00
2024/09/05,6.90,7.19,6.79,6.96,237560420,1649054720.00
2024/09/06,6.84,7.12,6.60,6.60,251761855,1714564864.00
2024/09/09,6.60,6.82,6.38,6.45,175503690,1142953984.00
2024/09/10,6.40,6.47,6.00,6.25,184207015,1133237248.00
2024/09/11,6.27,6.32,6.06,6.08,128173738,789020096.00
2024/09/12,6.10,6.14,5.88,5.89,134149404,803123712.00
2024/09/13,5.90,5.92,5.68,5.70,114760116,659040320.00
2024/09/18,5.80,5.91,5.61,5.79,137574408,792482368.00
2024/09/19,5.76,5.84,5.66,5.80,136014559,784323712.00
2024/09/20,5.81,5.96,5.77,5.90,189947560,1112730624.00
2024/09/23,5.93,6.13,5.80,6.02,220993559,1322074624.00
2024/09/24,5.77,5.95,5.58,5.95,238464954,1377826944.00
2024/09/25,5.96,6.28,5.95,6.10,243871600,1500309504.00
2024/09/26,6.06,6.19,6.00,6.17,181521851,1107489536.00
2024/09/27,6.24,6.95,6.20,6.74,253208788,1650453888.00
2024/09/30,7.18,8.08,7.03,8.07,335055154,2513351168.00
2024/10/08,9.68,9.68,9.18,9.68,259575227,2486097152.00
2024/10/09,9.80,11.47,9.10,10.00,419732411,4301602304.00
2024/10/10,9.90,10.07,8.80,8.93,265407415,2456010240.00
2024/10/11,8.59,9.34,8.50,8.77,190592321,1710430336.00
2024/10/14,8.70,10.31,8.39,9.92,259458080,2397563648.00
2024/10/15,9.71,10.71,9.61,9.82,322342183,3301193728.00
2024/10/16,9.30,10.47,9.25,10.20,263271234,2591395840.00
2024/10/17,10.29,10.88,10.10,10.29,291814332,3059337728.00
2024/10/18,10.22,10.86,10.00,10.60,293205168,3061560576.00
2024/10/21,10.98,12.72,10.80,12.72,313858629,3790006784.00
2024/10/22,13.10,14.36,12.10,12.72,517159675,6907172352.00
2024/10/23,12.20,12.80,11.85,11.94,288139882,3521404160.00
2024/10/24,11.62,12.59,11.62,12.46,228132053,2786651392.00
2024/10/25,12.40,12.73,12.06,12.20,176816671,2182080768.00
2024/10/28,12.00,13.40,11.73,13.12,243318296,3049643776.00
2024/10/29,13.19,13.88,12.70,12.90,267498876,3543316736.00
2024/10/30,12.60,13.87,12.56,13.45,219494357,2891468544.00
2024/10/31,13.55,13.60,13.05,13.19,209015069,2789315328.00
2024/11/01,12.91,12.95,10.94,11.08,240396377,2830597888.00
2024/11/04,10.85,11.39,10.85,11.13,120443224,1338917632.00
2024/11/05,11.15,12.07,11.11,11.89,144726176,1695240320.00
2024/11/06,12.04,12.47,11.70,11.82,147121180,1779920384.00
2024/11/07,11.65,12.77,11.58,12.30,152289008,1870606720.00
2024/11/08,12.50,12.66,12.12,12.25,151800080,1877331456.00
2024/11/11,12.27,13.28,12.17,12.99,185374236,2355517184.00
2024/11/12,13.13,13.13,12.20,12.39,148085259,1858321664.00
2024/11/13,12.21,13.71,11.72,13.37,261661991,3366708480.00
2024/11/14,12.85,13.40,12.70,12.70,164099625,2120052480.00
2024/11/15,12.56,12.87,11.99,12.01,116297063,1459621504.00
2024/11/18,11.96,12.18,10.68,10.91,124084241,1399538944.00
2024/11/19,10.92,11.29,10.78,11.25,87346795,963696448.00
2024/11/20,11.02,11.54,11.02,11.41,88073170,997465216.00
2024/11/21,11.31,11.56,11.11,11.25,81836800,928036544.00
2024/11/22,11.15,11.33,10.55,10.58,93910926,1030000768.00
2024/11/25,10.60,10.75,10.20,10.68,76691019,798282240.00
2024/11/26,10.72,10.80,10.31,10.35,49928620,527213824.00
2024/11/27,10.22,10.56,9.88,10.53,74804841,763600896.00
2024/11/28,10.55,10.65,10.34,10.36,62823867,658716864.00
2024/11/29,10.28,10.71,10.16,10.52,69110911,722505408.00
2024/12/02,10.50,11.20,10.48,11.14,109279077,1189318656.00
2024/12/03,11.16,11.20,10.79,10.95,75115166,824341504.00
2024/12/04,11.21,11.47,10.92,10.94,95194267,1067864512.00
2024/12/05,10.80,11.13,10.71,10.95,61451549,672722944.00
2024/12/06,10.96,11.14,10.77,10.99,68389120,749029760.00
2024/12/09,10.97,10.98,10.58,10.65,59838309,641877632.00
2024/12/10,11.10,11.20,10.81,10.82,84064921,927540928.00
2024/12/11,10.70,11.08,10.70,11.04,65672892,717865024.00
2024/12/12,11.06,11.54,10.96,11.51,136192471,1545540224.00
2024/12/13,11.40,11.69,11.18,11.22,95557624,1089262080.00
2024/12/16,11.14,11.17,10.61,10.71,68392922,741928960.00
2024/12/17,10.70,10.71,10.16,10.18,54597720,566320768.00
2024/12/18,10.18,10.48,10.02,10.36,43883297,451648736.00
2024/12/19,10.19,10.51,10.11,10.39,45606419,472790432.00
2024/12/20,10.34,10.77,10.31,10.60,52472160,556188160.00
2024/12/23,10.58,10.62,10.02,10.03,53026691,543218624.00
2024/12/24,10.09,10.19,9.79,10.11,49086644,489922560.00
2024/12/25,10.10,10.10,9.64,9.73,42643555,417023424.00
2024/12/26,9.73,10.03,9.68,9.86,38904300,384355392.00
2024/12/27,10.00,10.08,9.83,9.90,41059500,409702208.00
2024/12/30,9.84,10.04,9.66,9.84,34421404,340235008.00
2024/12/31,9.84,9.93,9.33,9.33,45805776,436365824.00
2025/01/02,9.33,9.41,8.86,9.00,49930856,456260672.00
2025/01/03,9.04,9.10,8.50,8.51,50963262,444596480.00
2025/01/06,8.45,8.63,8.29,8.41,36006240,304409824.00
2025/01/07,8.50,8.76,8.47,8.75,42065636,362838752.00
2025/01/08,8.72,8.80,8.38,8.70,45193440,389297184.00
2025/01/09,8.65,8.87,8.63,8.75,35917780,315514368.00
2025/01/10,8.72,8.88,8.43,8.46,34750660,301806656.00
2025/01/13,8.31,8.51,8.13,8.47,31944533,267582880.00
2025/01/14,8.53,9.08,8.49,9.07,60985683,540815680.00
2025/01/15,9.08,9.15,8.97,9.00,49680698,449499328.00
2025/01/16,9.11,9.32,8.92,9.07,46261960,421573024.00
2025/01/17,8.98,9.19,8.93,9.04,36741640,332705568.00
2025/01/20,9.17,9.25,9.02,9.16,41349780,378081088.00
2025/01/21,9.23,9.28,9.07,9.19,34309380,314022176.00
2025/01/22,9.13,9.17,8.98,9.02,28454160,258224352.00
2025/01/23,9.17,9.34,8.95,8.95,45347122,415749216.00
2025/01/24,9.08,9.38,9.01,9.34,74032426,683957568.00
2025/01/27,9.36,9.50,9.16,9.16,60650360,563831360.00
2025/02/05,9.30,9.58,9.22,9.46,66440336,628758912.00
2025/02/06,9.44,9.95,9.30,9.91,86781120,845335616.00
2025/02/07,9.90,10.58,9.82,10.18,119284724,1216878336.00
2025/02/10,10.18,11.19,10.10,11.14,161556479,1723871744.00
2025/02/11,11.03,11.03,10.60,10.63,120567323,1292512896.00
2025/02/12,10.56,10.96,10.51,10.80,88846803,958599680.00
2025/02/13,10.82,10.82,10.40,10.41,81872067,861331904.00
2025/02/14,10.37,10.62,10.24,10.48,60440613,631787904.00
2025/02/17,10.49,10.73,10.38,10.54,62976000,662851776.00
2025/02/18,10.49,10.95,10.31,10.35,106090827,1134820992.00
2025/02/19,10.26,10.54,10.20,10.47,67202689,698992320.00
2025/02/20,10.40,10.58,10.32,10.47,60498161,632407104.00
2025/02/21,10.50,11.00,10.41,10.92,138117185,1492463232.00
2025/02/24,10.93,11.29,10.74,11.14,137931843,1520255488.00
2025/02/25,10.81,11.39,10.73,11.15,114445358,1262663296.00
2025/02/26,11.15,11.18,10.93,11.01,75248774,828474368.00
2025/02/27,11.03,11.03,10.50,10.71,75308571,808536384.00
2025/02/28,10.62,10.66,9.88,9.92,70025566,717742272.00
2025/03/03,9.92,10.18,9.76,9.93,43390481,434399264.00
2025/03/04,9.85,10.35,9.80,10.28,53694700,543931904.00
2025/03/05,10.41,10.93,10.35,10.50,75913900,806281152.00
2025/03/06,10.50,10.78,10.49,10.64,64416240,686247424.00
2025/03/07,10.56,10.60,10.24,10.32,55242660,576475136.00
2025/03/10,10.28,10.40,10.20,10.31,31828360,327672384.00
2025/03/11,10.10,10.35,10.05,10.27,31510487,321507936.00
2025/03/12,10.29,10.88,10.29,10.55,77125456,820745344.00
2025/03/13,10.50,10.55,10.08,10.22,55204860,565462784.00
2025/03/14,10.15,10.45,10.04,10.44,46812260,482169056.00
2025/03/17,10.59,12.53,10.59,11.80,313031350,3700087808.00
2025/03/18,11.57,11.89,11.45,11.64,205326365,2389531904.00
2025/03/19,11.60,11.70,11.21,11.27,127948262,1458034944.00
2025/03/20,11.38,11.44,10.96,10.96,104574433,1169544448.00
2025/03/21,10.85,11.10,10.39,10.39,96035460,1020417472.00
2025/03/24,10.36,10.48,9.80,10.13,77770109,786979072.00
2025/03/25,10.13,10.16,9.92,9.97,47888280,480809824.00
2025/03/26,9.91,10.09,9.90,9.97,37639500,376513408.00
2025/03/27,9.93,10.57,9.69,10.25,84449220,863659904.00
2025/03/28,10.08,10.19,9.97,10.03,52116593,523660960.00
2025/03/31,9.90,9.93,9.52,9.78,47567980,462177632.00
2025/04/01,9.81,9.96,9.76,9.85,30618040,301713664.00
2025/04/02,9.82,9.94,9.76,9.83,24216008,238894720.00
2025/04/03,9.71,9.96,9.67,9.84,29603380,291454528.00
2025/04/07,9.00,9.27,7.87,7.87,84355870,701163392.00
2025/04/08,8.05,8.36,7.90,8.12,63384110,516134208.00
2025/04/09,7.98,8.58,7.28,8.50,83266428,674547712.00
2025/04/10,8.80,9.06,8.76,8.88,75452460,674083200.00
2025/04/11,8.79,10.21,8.71,9.67,156237140,1496699008.00
2025/04/14,9.71,10.19,9.61,10.01,130400234,1276143744.00
2025/04/15,9.81,9.91,9.63,9.70,78638984,766521344.00
2025/04/16,9.70,10.15,9.70,9.82,82024380,812062272.00
2025/04/17,9.69,10.03,9.63,9.74,68842370,677873600.00
2025/04/18,9.68,9.76,9.55,9.68,48595920,469296576.00
2025/04/21,9.70,9.98,9.68,9.93,54530120,537817472.00
2025/04/22,9.90,10.24,9.86,9.97,78878193,794339840.00
2025/04/23,10.20,10.32,10.02,10.13,74022502,751504256.00
2025/04/24,10.14,10.15,9.74,9.77,57235659,563886400.00
2025/04/25,9.81,10.27,9.71,10.06,81482800,819485504.00
2025/04/28,10.01,10.19,9.95,9.96,45505700,457122912.00
2025/04/29,9.96,10.18,9.81,10.06,50307200,506203232.00
2025/04/30,10.11,10.41,10.00,10.25,76673763,784781888.00
2025/05/06,10.40,11.13,10.31,10.87,122781673,1311339392.00
2025/05/07,10.88,10.96,10.63,10.70,115491381,1240863104.00
2025/05/08,10.60,10.75,10.57,10.69,63005060,672422272.00
2025/05/09,10.67,10.74,10.41,10.46,58111821,612812032.00
2025/05/12,10.53,10.65,10.46,10.56,46124340,486858176.00
2025/05/13,10.68,10.75,10.35,10.40,52986140,559371968.00
2025/05/14,10.40,10.52,10.29,10.45,44092770,458369920.00
2025/05/15,10.40,10.42,10.13,10.16,40614100,415475200.00
2025/05/16,10.10,10.26,10.04,10.06,32761660,332247040.00
2025/05/19,10.07,10.25,9.92,10.19,34885343,352291616.00
2025/05/20,10.17,10.23,10.08,10.18,26205620,266391792.00
2025/05/21,10.10,10.18,10.00,10.02,27716060,278363232.00
2025/05/22,10.01,10.14,9.87,9.89,26850260,267637232.00
2025/05/23,9.83,9.94,9.57,9.57,37476720,365537280.00
2025/05/26,9.88,10.19,9.66,9.76,42388100,417511072.00
2025/05/27,9.65,9.69,9.56,9.60,28623400,274967360.00
2025/05/28,9.61,9.70,9.50,9.54,23332900,223724688.00
2025/05/29,9.52,9.83,9.51,9.80,31650200,307579488.00
2025/05/30,9.69,9.75,9.54,9.57,24928250,239192096.00
2025/06/03,9.37,9.54,9.29,9.30,37272832,350258880.00
2025/06/04,9.35,9.49,9.31,9.47,27971060,263387792.00
2025/06/05,9.49,9.58,9.40,9.57,28167942,267331152.00
2025/06/06,9.60,9.71,9.51,9.55,25855155,247648672.00
2025/06/09,9.54,9.70,9.54,9.66,24099693,232642992.00
2025/06/10,9.68,9.70,9.35,9.50,28918960,275050656.00
2025/06/11,9.50,9.68,9.48,9.51,26637240,255053888.00
2025/06/12,9.50,9.65,9.43,9.58,26636630,255016912.00
2025/06/13,9.51,9.62,9.35,9.38,45438111,430000736.00
2025/06/16,9.36,9.47,9.32,9.36,21846291,204959424.00
2025/06/17,9.37,9.43,9.32,9.40,24407815,228917408.00
2025/06/18,9.38,9.48,9.29,9.47,27815925,261449072.00
2025/06/19,9.45,9.50,9.11,9.17,29258340,271695040.00
2025/06/20,9.17,9.27,9.05,9.06,20481262,187001024.00
2025/06/23,9.00,9.32,8.96,9.30,25391653,233766896.00
2025/06/24,9.30,9.53,9.28,9.52,29094680,275678976.00
2025/06/25,9.41,9.54,9.32,9.53,51223520,482484224.00
2025/06/26,9.50,9.65,9.44,9.45,33177769,316176544.00
2025/06/27,9.47,10.10,9.43,9.93,109130612,1074156032.00
2025/06/30,9.98,10.02,9.78,9.82,65362488,642975296.00
2025/07/01,9.88,9.93,9.71,9.80,42522172,417830400.00
2025/07/02,9.75,9.75,9.54,9.61,37135745,356734912.00
2025/07/03,9.61,9.74,9.59,9.71,28004360,270968352.00
2025/07/04,9.64,9.70,9.50,9.52,31705360,303522016.00
2025/07/07,9.48,9.55,9.43,9.54,20169600,191622224.00
2025/07/08,9.69,9.89,9.68,9.83,57885552,568023424.00
2025/07/09,9.74,9.85,9.71,9.77,38461620,376007968.00
2025/07/10,9.75,9.79,9.64,9.67,26683264,258909760.00
2025/07/11,9.69,9.77,9.56,9.73,30608567,296913408.00
2025/07/14,9.75,9.75,9.61,9.68,19987501,193546064.00
2025/07/15,9.66,9.73,9.47,9.62,28784084,275982144.00
2025/07/16,9.60,9.76,9.56,9.61,24179569,233752096.00
2025/07/17,9.63,9.89,9.58,9.85,50192159,491847456.00
2025/07/18,9.83,10.07,9.73,9.87,58875800,580908736.00
2025/07/21,9.81,9.88,9.74,9.85,37166728,364755424.00
2025/07/22,9.85,9.85,9.70,9.74,34568262,337195456.00
2025/07/23,9.75,9.76,9.61,9.64,26466517,256174224.00
2025/07/24,9.70,9.79,9.65,9.78,31214272,304165632.00
2025/07/25,9.80,9.85,9.75,9.85,32831015,321694272.00
2025/07/28,9.88,9.91,9.77,9.84,27914710,274659360.00
2025/07/29,9.81,9.84,9.67,9.80,26189688,255218992.00
2025/07/30,9.76,9.78,9.58,9.67,27857043,270092480.00
2025/07/31,9.67,9.89,9.61,9.68,47677584,465912352.00
2025/08/01,9.80,9.93,9.69,9.82,50666153,497292640.00
2025/08/04,9.72,9.91,9.71,9.90,41092713,405328384.00
2025/08/05,9.93,10.04,9.89,9.97,39129148,390162848.00
2025/08/06,9.96,10.26,9.90,10.22,67937840,689210048.00
2025/08/07,10.58,10.74,10.40,10.51,153445809,1619838976.00
2025/08/08,10.42,10.50,10.16,10.20,80671309,828863808.00
2025/08/11,10.16,10.32,10.16,10.20,48804480,499675168.00
2025/08/12,10.19,10.58,10.12,10.49,109368120,1136917376.00
2025/08/13,10.40,10.51,10.35,10.46,67416301,703264064.00
2025/08/14,10.50,10.54,10.16,10.25,62249941,644042944.00
2025/08/15,10.23,10.44,10.17,10.40,49090776,509109728.00
2025/08/18,10.94,12.20,10.93,11.55,263541025,3051856640.00
2025/08/19,11.40,11.98,11.28,11.56,225412224,2621405184.00
2025/08/20,11.35,11.70,11.35,11.70,135244651,1563343104.00
2025/08/21,11.69,12.48,11.46,11.99,217892115,2609440512.00
2025/08/22,12.06,13.00,11.80,12.80,258774630,3208602624.00
2025/08/25,12.98,13.08,12.35,12.49,218756822,2756521728.00
2025/08/26,12.34,12.56,12.01,12.16,143279110,1755985408.00
2025/08/27,12.30,12.48,11.70,11.73,155117342,1891751296.00
2025/08/28,11.84,12.19,11.61,12.15,133207993,1590246912.00
2025/08/29,12.05,12.06,11.73,11.86,92651484,1097901056.00
2025/09/01,11.97,12.27,11.85,12.13,105719756,1278999552.00
2025/09/02,12.00,12.00,11.36,11.47,102123111,1182777984.00
2025/09/03,11.47,11.55,11.11,11.17,72518131,818710912.00
2025/09/04,11.25,11.36,10.66,11.34,85155052,940681536.00
2025/09/05,11.29,11.46,11.06,11.45,81375782,922464576.00
2025/09/08,11.40,11.47,11.21,11.31,56912954,643970688.00
2025/09/09,11.28,11.58,11.24,11.43,75395824,861380160.00
2025/09/10,11.31,11.73,11.27,11.63,80398909,927631744.00
2025/09/11,11.61,12.15,11.42,12.08,115309087,1366002432.00
2025/09/12,12.22,12.65,11.95,12.30,176656135,2173515008.00
2025/09/15,12.60,12.75,12.10,12.11,119315683,1466203264.00
2025/09/16,12.12,12.28,11.97,12.16,85866580,1040376320.00
2025/09/17,12.13,12.28,11.97,12.06,80218983,970873024.00
2025/09/18,12.04,12.34,11.67,11.84,115854602,1398995968.00
2025/09/19,11.93,12.28,11.70,11.75,85129615,1021054592.00
2025/09/22,11.75,12.13,11.60,12.13,77703722,928614720.00
2025/09/23,12.25,12.64,11.83,12.45,196793482,2422854400.00
2025/09/24,12.39,12.66,12.14,12.41,142744974,1769882624.00
2025/09/25,12.26,12.33,11.87,11.87,123971700,1496592128.00
2025/09/26,11.87,12.01,11.40,11.40,87850153,1022204096.00
2025/09/29,11.65,12.18,11.61,11.94,93243756,1107548544.00
2025/09/30,12.11,12.77,11.99,11.99,131491100,1610681728.00
2025/10/09,12.16,12.46,11.91,12.34,129473489,1581285504.00
2025/10/10,12.09,12.11,11.37,11.38,122464183,1422765440.00
2025/10/13,10.80,11.21,10.71,11.14,63767058,700633152.00
2025/10/14,11.26,11.56,10.75,10.79,71384156,796466048.00
2025/10/15,10.79,10.93,10.56,10.89,48337040,519178432.00
2025/10/16,10.79,11.05,10.68,10.87,50888919,551599552.00
2025/10/17,10.97,11.03,10.31,10.35,60817960,648376896.00
2025/10/20,10.60,10.66,10.41,10.48,35332597,371397792.00
2025/10/21,10.50,10.89,10.45,10.83,53058612,569838400.00
2025/10/22,10.80,10.94,10.66,10.84,40496629,437005984.00
2025/10/23,10.70,10.84,10.60,10.82,37896633,405161504.00
2025/10/24,10.86,11.18,10.86,11.07,64609414,715972480.00
2025/10/27,11.31,11.48,11.16,11.29,68073260,770133888.00
2025/10/28,11.20,11.37,11.12,11.22,45615037,513452960.00
2025/10/29,11.23,11.38,11.17,11.28,45367300,510426176.00
2025/10/30,11.41,11.68,11.24,11.28,78436579,897417856.00
2025/10/31,11.21,11.33,11.11,11.20,45590024,511006336.00
2025/11/03,11.20,11.38,10.95,11.33,52199535,583000192.00
2025/11/04,11.25,11.28,11.02,11.10,32212599,358312608.00
2025/11/05,10.90,11.12,10.85,11.06,31761107,349059104.00
2025/11/06,11.14,11.39,11.01,11.37,51487414,575997312.00
2025/11/07,11.26,11.26,11.00,11.02,51519521,570713152.00
2025/11/10,11.10,11.37,11.07,11.25,53579246,600523904.00
2025/11/11,11.28,11.29,10.94,10.95,46811163,520384256.00
2025/11/12,10.88,11.14,10.62,10.96,44367180,483431104.00
2025/11/13,10.88,11.16,10.86,10.97,43422996,479942496.00
2025/11/14,10.80,10.93,10.58,10.58,46277824,495919840.00
2025/11/17,10.58,10.80,10.58,10.72,29441066,314744704.00
2025/11/18,10.66,11.30,10.61,10.91,69377117,760886144.00
2025/11/19,10.76,10.82,10.42,10.46,49510276,524179616.00
2025/11/20,10.54,10.63,10.35,10.36,26492000,277014560.00
2025/11/21,10.19,10.27,9.85,9.85,43779281,438369312.00
2025/11/24,9.91,10.13,9.85,10.08,30646424,306207680.00
2025/11/25,10.17,10.50,10.11,10.21,36954330,380972416.00
2025/11/26,10.16,10.28,10.02,10.06,24606981,249624752.00
2025/11/27,10.03,10.26,10.02,10.08,22225564,225749984.00
2025/11/28,10.06,10.14,10.00,10.13,18277647,184387184.00
2025/12/01,10.17,10.36,10.11,10.33,27403889,281744320.00
2025/12/02,10.28,10.30,10.16,10.17,19471737,198440704.00
2025/12/03,10.16,10.21,9.93,9.95,25489674,254988144.00
2025/12/04,9.96,10.04,9.82,9.97,19160689,190364624.00
2025/12/05,9.97,10.16,9.85,10.14,22012579,220966672.00
2025/12/08,10.16,10.33,10.13,10.26,29152512,299543328.00
2025/12/09,10.22,10.32,10.17,10.17,19267252,197128704.00
2025/12/10,10.12,10.21,10.05,10.14,19495340,196960624.00
2025/12/11,10.16,10.19,9.92,9.93,20790893,208015104.00
2025/12/12,9.95,10.08,9.86,9.97,19095625,190679776.00
2025/12/15,9.90,9.96,9.71,9.74,23838550,234009424.00
2025/12/16,9.72,9.77,9.55,9.62,19937343,192093488.00
2025/12/17,9.63,9.75,9.45,9.72,22034219,211473136.00
2025/12/18,9.63,9.86,9.60,9.70,18097680,176695584.00
2025/12/19,9.78,9.89,9.76,9.81,20831208,204731776.00
2025/12/22,9.86,9.98,9.81,9.91,20073415,199361120.00
2025/12/23,9.89,9.90,9.74,9.78,15764260,154543328.00
2025/12/24,9.82,10.09,9.81,10.03,29518485,294531392.00
2025/12/25,10.05,10.10,9.97,10.02,20054921,201063952.00
2025/12/26,10.02,10.13,9.97,10.05,24129235,242794080.00
2025/12/29,10.02,10.12,9.94,9.97,19479056,195053040.00
2025/12/30,9.91,10.05,9.90,9.97,18110915,181045296.00
2025/12/31,10.04,10.18,9.93,9.99,24760157,248003808.00
2026/01/05,10.07,10.21,10.03,10.21,35069323,355797664.00
2026/01/06,10.23,10.34,10.19,10.33,41373225,425654176.00
2026/01/07,10.69,10.82,10.35,10.36,90543504,955637248.00
2026/01/08,10.31,10.44,10.25,10.40,50603057,525061408.00
2026/01/09,10.37,10.54,10.30,10.47,50580706,528614688.00
2026/01/12,10.50,10.97,10.49,10.95,78269524,841784896.00
2026/01/13,11.00,11.02,10.48,10.52,62845085,670532736.00
2026/01/14,10.60,10.90,10.46,10.66,61677122,659312512.00
2026/01/15,10.64,10.70,10.45,10.63,35926991,379497152.00
2026/01/16,10.70,10.99,10.58,10.90,72827120,787701376.00
2026/01/19,11.00,11.00,10.76,10.81,49661619,539789952.00
2026/01/20,10.75,11.08,10.73,10.94,62973746,687816704.00
2026/01/21,10.84,11.06,10.81,10.96,62281344,682843840.00
2026/01/22,11.28,11.50,11.03,11.08,95000094,1066814016.00
2026/01/23,11.00,11.21,10.90,11.15,69345674,766501184.00
2026/01/26,11.01,11.19,10.67,10.83,59445675,646806080.00
2026/01/27,10.76,10.95,10.44,10.90,49561039,531694016.00
2026/01/28,10.98,11.26,10.98,11.15,82647389,922049856.00
2026/01/29,11.03,11.25,10.93,10.96,62223386,689979776.00
2026/01/30,10.86,11.20,10.76,11.09,61510149,677322624.00
2026/02/02,10.92,11.07,10.54,10.55,48855278,525726880.00
2026/02/03,10.75,10.94,10.70,10.90,46025623,499200064.00
2026/02/04,10.85,10.88,10.60,10.80,41455340,443990272.00
2026/02/05,10.67,10.69,10.45,10.53,38329727,404001696.00
2026/02/06,10.43,10.59,10.33,10.48,25938532,271873408.00
2026/02/09,10.65,10.76,10.60,10.70,28200876,301662432.00
2026/02/10,10.71,10.80,10.66,10.72,24662535,264734960.00
2026/02/11,10.69,10.75,10.51,10.53,20919019,222653456.00
2026/02/12,10.58,10.87,10.54,10.80,34118471,366064672.00
2026/02/13,10.90,11.06,10.74,10.89,58225811,636459264.00
2026/02/24,10.97,11.14,10.90,11.03,45923393,506568128.00
2026/02/25,11.00,11.09,10.96,11.00,36302604,399981024.00
2026/02/26,11.00,11.24,10.97,11.19,51376800,571087744.00
2026/02/27,11.39,11.58,11.17,11.41,95975404,1089210240.00
2026/03/02,11.00,11.14,10.92,11.02,61443516,677942400.00
2026/03/03,11.04,11.10,10.26,10.26,63186351,668986944.00
2026/03/04,10.14,10.52,10.08,10.27,31502698,325377408.00
2026/03/05,10.48,10.76,10.48,10.57,41376980,439766464.00
2026/03/06,10.54,10.95,10.50,10.86,40430485,436640064.00
2026/03/09,10.60,10.89,10.38,10.86,44689624,472255904.00
2026/03/10,10.98,11.10,10.87,10.98,38930948,428018240.00
2026/03/11,10.98,11.40,10.87,11.16,73329738,814760192.00
2026/03/12,11.01,11.16,10.86,10.90,45197855,496453312.00
2026/03/13,10.90,11.01,10.65,10.67,37078317,401498240.00
2026/03/16,10.67,11.26,10.62,11.26,79059938,873279680.00
2026/03/17,11.25,11.25,11.00,11.01,60465087,673137280.00
2026/03/18,11.15,11.80,11.11,11.64,163571503,1892557952.00
2026/03/19,11.28,11.74,11.28,11.57,107100889,1238080512.00
2026/03/20,11.56,11.60,11.05,11.07,90931833,1030062912.00
2026/03/23,10.63,11.10,10.41,10.56,76897557,823289600.00
2026/03/24,10.76,11.10,10.32,11.03,86570158,927853952.00
2026/03/25,11.05,11.44,10.95,11.37,93905134,1059869696.00
2026/03/26,11.25,11.27,10.86,10.94,62965287,695743680.00
2026/03/27,10.66,11.23,10.52,11.00,64565862,701775168.00
2026/03/30,10.88,11.25,10.52,11.19,77698025,849756544.00
2026/03/31,11.13,11.21,10.80,10.80,56807624,623216000.00
2026/04/01,11.19,11.42,10.85,11.06,80615751,897678720.00
2026/04/02,11.20,11.22,10.42,10.50,73923220,793587648.00
2026/04/03,10.58,10.65,10.31,10.34,44914907,469062880.00
2026/04/07,10.40,10.80,10.39,10.46,39993166,422324800.00
2026/04/08,10.77,11.68,10.77,11.64,173011921,1963971712.00
2026/04/09,11.56,11.69,11.48,11.56,93381601,1081143680.00
2026/04/10,11.67,11.79,11.36,11.37,70016199,808673344.00
2026/04/13,11.27,11.65,11.27,11.56,60976639,703103296.00
2026/04/14,11.80,11.91,11.56,11.72,116625400,1369497984.00
2026/04/15,11.72,11.75,11.40,11.45,73835946,852122368.00
2026/04/16,11.50,11.97,11.45,11.93,107378918,1266513664.00
2026/04/17,11.93,12.69,11.86,12.63,186084699,2318419712.00
2026/04/20,13.18,13.48,12.84,12.95,258349844,3379305216.00
2026/04/21,12.85,12.95,12.47,12.63,137582987,1740392704.00
2026/04/22,12.60,13.64,12.58,13.49,189715756,2504973056.00
2026/04/23,13.38,13.62,12.98,13.07,135183534,1784460800.00
2026/04/24,12.99,13.71,12.69,13.70,195235271,2598337280.00
2026/04/27,13.60,13.65,13.32,13.52,169716975,2283461888.00
2026/04/28,13.50,13.50,12.99,13.24,121665019,1604604288.00
2026/04/29,13.02,13.22,12.94,13.18,93029516,1220086016.00
2026/04/30,13.13,13.68,13.05,13.35,142324023,1905003648.00
2026/05/06,13.81,14.18,13.60,13.90,164608683,2295126784.00
2026/05/07,13.88,15.59,13.86,15.16,193898024,2875161344.00
2026/05/08,14.82,15.11,14.73,14.91,126319546,1885747840.00
2026/05/11,15.17,15.75,14.93,15.02,143032953,2184881920.00
2026/05/12,14.92,15.08,14.47,14.62,95131782,1400749824.00
2026/05/13,14.36,15.18,14.31,14.97,89918669,1338919168.00
2026/05/14,14.98,15.30,14.56,14.56,84746532,1253367296.00
2026/05/15,14.57,14.92,13.98,14.16,93302775,1338605184.00
2026/05/18,14.40,15.10,14.36,14.69,100095836,1477158656.00
2026/05/19,14.95,15.14,14.48,15.12,116062445,1731593728.00
2026/05/20,15.20,16.07,15.11,15.35,135050031,2104805760.00
2026/05/21,15.53,15.63,14.13,14.14,140511034,2086715392.00
2026/05/22,14.40,14.76,14.28,14.68,82857008,1206355200.00
2026/05/25,14.90,16.95,14.90,16.47,193818090,3130275328.00
2026/05/26,16.16,16.21,15.42,15.76,135399023,2125534720.00
2026/05/27,16.00,16.17,14.94,15.06,123528052,1909866496.00
2026/05/28,15.11,17.53,15.11,17.14,200425035,3246584320.00
2026/05/29,17.32,18.40,16.23,16.49,234487145,4039439872.00
2026/06/01,16.20,16.88,15.79,15.86,153566587,2499000832.00
2026/06/02,15.99,19.03,15.99,18.26,290991430,5115928064.00
2026/06/03,18.27,18.73,17.51,17.83,213837351,3877211648.00
2026/06/04,17.65,18.59,17.61,18.14,168006427,3061236736.00
2026/06/05,17.61,17.81,16.88,17.00,168356467,2917647872.00
2026/06/08,15.79,16.59,15.45,15.64,137261424,2193030400.00
2026/06/09,16.25,17.14,15.90,16.62,139327451,2292550400.00
2026/06/10,16.20,16.26,15.33,15.57,112583378,1770633344.00
2026/06/11,15.51,15.68,14.78,14.97,111094704,1677921408.00
2026/06/12,15.56,15.97,14.14,14.21,139530634,2078895744.00
2026/06/15,14.62,15.85,14.62,15.80,156342862,2400130048.00
2026/06/16,15.80,16.78,15.69,16.28,136130123,2228073216.00
2026/06/17,15.81,17.00,15.81,16.91,126531195,2107683840.00
2026/06/18,17.06,17.44,16.80,17.18,114919900,1971999360.00
2026/06/22,17.40,17.48,16.47,17.05,123112254,2084649472.00
2026/06/23,16.85,17.66,16.57,17.07,106955673,1833762304.00
2026/06/24,16.80,17.41,16.56,17.27,117220611,2006793600.00
2026/06/25,17.55,18.48,17.18,18.17,190081820,3397321984.00
2026/06/26,17.76,18.06,17.03,17.27,123365071,2162336512.00
2026/06/29,17.35,17.92,16.09,16.73,123425538,2086074624.00
2026/06/30,16.66,17.60,16.28,17.55,104978452,1801382272.00
2026/07/01,17.55,18.10,16.68,16.85,124263526,2155465728.00
2026/07/02,16.10,17.33,15.50,16.31,110690477,1815281152.00
2026/07/03,16.16,16.44,15.70,15.73,86705325,1386837376.00
2026/07/06,16.10,16.49,15.50,15.91,83658323,1337784576.00
2026/07/07,15.92,16.22,15.50,15.85,75860040,1204296832.00
2026/07/08,15.63,16.00,14.52,15.05,97000816,1465550720.00
2026/07/09,15.35,15.62,14.68,15.58,82943026,1265084416.00
2026/07/10,15.63,18.30,15.58,16.83,209027556,3621264384.00
2026/07/13,16.44,16.89,14.57,14.69,134575848,2094924288.00
2026/07/14,14.88,15.04,13.76,14.75,106991110,1553190656.00
2026/07/15,15.01,15.26,13.34,13.45,109120009,1528426496.00
2026/07/16,13.09,13.50,12.68,12.84,83449938,1084755840.00
2026/07/17,12.68,12.78,11.40,11.52,92798395,1115258880.00
2026/07/20,12.56,12.68,11.13,11.70,111660504,1327206400.00
2026/07/21,11.70,12.49,10.75,12.45,130437170,1530975488.00
2026/07/22,12.21,12.46,11.85,11.87,101133513,1230985856.00
2026/07/23,12.04,12.27,11.85,12.10,68490131,825021312.00
2026/07/24,11.80,12.39,11.57,12.18,86332320,1039902528.00
2026/07/27,11.98,12.22,11.41,12.21,78126046,935662080.00
2026/07/28,11.76,11.99,11.28,11.42,74513736,867133632.00
2026/07/29,11.38,11.68,10.99,11.58,70768042,802850304.00
2026/07/30,11.40,11.56,10.98,11.10,61454667,690957056.00
2026/07/31,11.78,11.97,11.54,11.54,83558748,985002048.00
2026/08/03,11.42,11.64,11.40,11.59,42225178,487338912.00
2026/08/04,11.77,12.19,11.67,12.10,63302212,758010816.00
2026/08/05,12.01,12.68,11.98,12.58,82313604,1023276928.00
2026/08/06,12.30,12.68,12.21,12.51,72333040,900133760.00
2026/08/07,12.49,12.84,12.28,12.80,79924710,1010736896.00
2026/08/10,13.15,13.24,12.60,12.78,86847923,1112756608.00
2026/08/11,12.58,12.98,12.48,12.66,64408498,820334016.00
2026/08/12,12.69,12.78,12.55,12.72,52601299,666654784.00
2026/08/13,13.00,13.09,12.41,12.41,69590976,889162816.00
2026/08/14,12.56,12.70,12.45,12.64,49369840,621529344.00
2026/08/17,12.64,13.03,12.60,13.03,65791632,845607808.00
2026/08/18,13.02,13.17,12.59,12.79,60141178,771171776.00
2026/08/19,12.43,12.48,11.78,11.86,68044321,823664128.00
2026/08/20,12.05,12.13,11.81,11.90,36014645,430987424.00
2026/08/21,11.80,12.05,11.62,11.96,32780551,390198560.00
2026/08/24,12.19,12.28,11.54,11.84,57150979,679864960.00
2026/08/25,11.72,11.98,11.37,11.87,43643970,511292896.00
2026/08/26,11.92,11.95,11.65,11.79,31720932,375065472.00
2026/08/27,11.81,12.37,11.80,12.35,61204327,744561856.00
2026/08/28,12.36,12.62,12.26,12.26,54298311,674591104.00
2026/08/31,12.03,12.46,11.97,12.43,37912632,464837088.00
2026/09/01,12.49,12.57,12.21,12.29,37313282,459141376.00
2026/09/02,12.14,12.22,11.95,12.11,31893148,385263552.00
2026/09/03,12.18,12.22,11.92,12.02,32255972,388459392.00
2026/09/04,12.10,12.23,11.65,11.71,43169500,516349440.00
2026/09/07,11.85,12.04,11.80,11.97,34418282,411153664.00
2026/09/08,12.00,12.12,11.85,11.90,35743010,427934848.00
2026/09/09,11.96,12.08,11.81,11.88,28936567,345597536.00
2026/09/10,11.77,11.97,11.67,11.80,24283346,287348160.00
2026/09/11,11.67,11.80,11.37,11.71,40549329,469545248.00
2026/09/14,11.61,11.93,11.47,11.89,31678060,373675872.00
#数据来源:通达信
