301388 欣灵电气 日线 前复权
      日期	    开盘	    最高	    最低	    收盘	    成交量	    成交额
2022/11/09,30.75,36.34,30.65,32.41,15112039,514103264.00
2022/11/10,30.35,31.07,29.08,29.63,10831678,338556416.00
2022/11/11,29.74,30.10,28.60,29.50,8777838,268147584.00
2022/11/14,28.76,28.90,27.95,28.08,6224199,184260656.00
2022/11/15,28.00,28.62,27.95,28.58,4753143,140769696.00
2022/11/16,28.26,28.52,27.41,27.61,5189175,151192976.00
2022/11/17,27.45,27.54,27.05,27.53,3322061,94657840.00
2022/11/18,27.49,27.97,27.41,27.51,3666702,105943056.00
2022/11/21,27.51,27.51,27.08,27.25,2427348,69125064.00
2022/11/22,27.19,27.40,26.36,26.50,3337513,94091064.00
2022/11/23,26.44,26.44,25.30,26.14,3187711,86502152.00
2022/11/24,26.24,26.40,26.03,26.13,1942319,53302568.00
2022/11/25,26.41,27.25,26.41,27.05,4439411,125142464.00
2022/11/28,26.43,26.46,25.55,26.05,2543545,69184584.00
2022/11/29,25.87,26.34,25.63,26.28,2404638,65578592.00
2022/11/30,26.08,26.08,25.67,25.72,2124782,57677928.00
2022/12/01,25.93,26.14,25.84,26.10,1884718,51393740.00
2022/12/02,26.20,27.33,25.96,27.02,3912030,109363584.00
2022/12/05,26.90,26.97,26.56,26.75,2474005,69171992.00
2022/12/06,26.75,27.02,26.41,26.60,1658646,46286712.00
2022/12/07,26.44,27.02,26.33,26.46,1912247,53269004.00
2022/12/08,26.56,26.56,25.76,25.76,2454524,66742060.00
2022/12/09,25.61,25.94,25.61,25.68,1193225,32257212.00
2022/12/12,25.75,25.84,25.11,25.13,1920446,50923376.00
2022/12/13,25.13,25.43,24.92,25.00,1234536,32649544.00
2022/12/14,25.00,25.19,24.83,24.91,1133087,29726264.00
2022/12/15,24.90,25.27,24.83,25.27,1231068,32431134.00
2022/12/16,25.41,25.60,24.95,25.01,1304502,34490680.00
2022/12/19,24.80,24.80,23.67,23.67,1795976,45532324.00
2022/12/20,23.64,24.23,23.27,24.16,1382823,34476080.00
2022/12/21,23.97,24.05,23.33,23.36,1049731,26095040.00
2022/12/22,23.35,23.60,22.53,22.53,1217114,29427290.00
2022/12/23,22.53,22.69,22.04,22.23,880728,20765472.00
2022/12/26,22.25,24.14,22.25,23.32,1857500,45378928.00
2022/12/27,23.06,23.55,22.63,22.95,1380613,33356986.00
2022/12/28,23.02,23.02,22.37,22.43,905738,21604470.00
2022/12/29,22.45,22.63,22.10,22.10,708374,16710689.00
2022/12/30,22.10,22.52,22.07,22.15,547800,12823601.00
2023/01/03,22.20,23.00,22.17,22.92,1132695,27050964.00
2023/01/04,22.73,23.07,22.59,22.73,951407,22880100.00
2023/01/05,22.64,23.00,22.64,22.98,890089,21501996.00
2023/01/06,22.98,24.05,22.87,23.55,2442157,60710768.00
2023/01/09,23.44,24.17,23.40,23.78,1932250,48444344.00
2023/01/10,23.53,23.81,23.34,23.36,1187800,29371136.00
2023/01/11,23.36,23.45,22.77,22.84,1142803,27829394.00
2023/01/12,23.03,23.06,22.72,22.76,589030,14208812.00
2023/01/13,22.85,23.24,22.80,23.11,816231,19815958.00
2023/01/16,23.21,23.34,23.04,23.31,927507,22698984.00
2023/01/17,23.28,23.53,23.05,23.18,610128,14941256.00
2023/01/18,23.33,23.58,23.12,23.57,1035814,25560536.00
2023/01/19,23.51,23.67,23.35,23.54,911056,22558130.00
2023/01/20,23.46,23.94,23.46,23.85,1341399,33588248.00
2023/01/30,24.00,24.30,23.89,23.90,1501045,38027212.00
2023/01/31,24.05,24.30,23.80,24.23,1229621,31215204.00
2023/02/01,24.23,24.54,24.14,24.54,1581649,40543736.00
2023/02/02,24.59,24.59,24.19,24.27,1302158,33356936.00
2023/02/03,24.25,24.34,23.83,24.09,1300357,32895030.00
2023/02/06,23.95,24.17,23.81,23.90,703754,17736368.00
2023/02/07,23.77,24.20,23.75,24.20,950144,24067598.00
2023/02/08,24.21,24.41,24.11,24.29,1376256,35113768.00
2023/02/09,24.17,24.62,24.06,24.61,1605015,41226484.00
2023/02/10,24.78,26.91,24.76,26.68,8058366,219620016.00
2023/02/13,26.27,26.55,25.78,26.44,4834364,132399904.00
2023/02/14,26.15,26.20,25.75,26.08,3078597,83827232.00
2023/02/15,26.04,26.20,25.47,25.59,3114669,83939640.00
2023/02/16,25.59,25.97,24.56,24.76,2982318,79431952.00
2023/02/17,24.64,25.00,24.43,24.65,1813699,46978792.00
2023/02/20,24.51,24.90,24.11,24.90,1484865,38248444.00
2023/02/21,24.87,25.24,24.64,24.94,1393125,36546420.00
2023/02/22,24.91,25.81,24.59,25.52,2675333,70863456.00
2023/02/23,25.33,25.45,25.06,25.12,1525976,40365940.00
2023/02/24,25.15,25.72,25.13,25.16,1529376,40729216.00
2023/02/27,25.08,28.55,24.60,27.35,10748318,305760480.00
2023/02/28,26.96,27.71,26.20,26.65,7658120,214402080.00
2023/03/01,26.22,26.50,25.87,26.38,4384234,120364096.00
2023/03/02,26.25,26.25,25.71,25.81,3399080,92235344.00
2023/03/03,25.78,25.95,25.61,25.94,2652730,71818360.00
2023/03/06,25.91,26.00,25.16,25.65,2663444,71232112.00
2023/03/07,25.51,26.11,25.37,25.72,3775137,102247456.00
2023/03/08,25.45,26.54,25.37,26.54,4603555,126274312.00
2023/03/09,26.24,26.40,26.01,26.27,3017531,82761824.00
2023/03/10,26.30,26.30,25.55,25.65,2551261,68965472.00
2023/03/13,25.41,25.63,24.45,24.64,2910289,75697088.00
2023/03/14,24.85,24.85,23.77,24.00,2230834,56702240.00
2023/03/15,24.10,24.33,24.02,24.16,1240260,31526892.00
2023/03/16,23.95,24.04,23.22,23.22,1752556,43497180.00
2023/03/17,23.48,23.57,23.26,23.50,1232717,30430038.00
2023/03/20,23.54,23.68,22.95,23.56,1105589,27277726.00
2023/03/21,23.55,24.06,23.44,24.04,1231614,30909122.00
2023/03/22,23.97,24.18,23.87,24.00,1277250,32255898.00
2023/03/23,24.00,24.03,23.56,23.57,1363900,34094248.00
2023/03/24,23.65,23.93,23.55,23.71,853332,21335974.00
2023/03/27,23.90,24.15,23.47,24.04,1295516,32423440.00
2023/03/28,24.00,24.01,23.57,23.63,808232,20209440.00
2023/03/29,23.74,23.97,23.58,23.60,686117,17129634.00
2023/03/30,23.50,23.58,23.09,23.30,854838,20939992.00
2023/03/31,23.18,23.39,22.98,23.15,788828,19275440.00
2023/04/03,23.18,23.38,23.11,23.36,688796,16874054.00
2023/04/04,23.40,23.40,22.81,22.86,1121665,27180032.00
2023/04/06,22.77,23.19,22.77,22.97,697846,16896140.00
2023/04/07,22.95,23.48,22.86,23.35,875336,21470700.00
2023/04/10,23.36,23.52,23.07,23.39,854704,20975110.00
2023/04/11,23.45,23.84,22.85,23.79,1917208,47540040.00
2023/04/12,23.75,23.85,23.52,23.68,1078457,26866458.00
2023/04/13,23.68,23.71,23.31,23.34,841152,20743694.00
2023/04/14,23.39,23.59,23.21,23.45,553011,13653380.00
2023/04/17,23.49,23.69,23.37,23.59,634034,15708531.00
2023/04/18,23.70,23.70,23.42,23.45,562253,13898440.00
2023/04/19,23.44,23.47,23.27,23.33,628323,15450552.00
2023/04/20,23.31,23.37,22.83,22.85,758000,18391880.00
2023/04/21,22.81,22.98,21.75,21.87,1212409,28453138.00
2023/04/24,22.13,22.15,21.75,22.11,624628,14508615.00
2023/04/25,21.94,22.10,21.02,21.35,860700,19459806.00
2023/04/26,21.35,21.88,21.35,21.75,704800,16197439.00
2023/04/27,21.70,21.99,21.51,21.86,612000,14113568.00
2023/04/28,21.88,22.65,21.88,22.53,802800,18947728.00
2023/05/04,22.40,22.79,22.40,22.60,572056,13651079.00
2023/05/05,22.60,22.69,21.93,22.10,534756,12508890.00
2023/05/08,22.19,22.39,22.00,22.13,444932,10418147.00
2023/05/09,21.90,22.02,21.31,21.38,1365658,30993232.00
2023/05/10,21.38,21.72,21.08,21.55,702908,15981051.00
2023/05/11,21.60,22.80,21.42,22.46,1858941,43851736.00
2023/05/12,22.50,22.50,22.08,22.18,1026047,24111804.00
2023/05/15,22.03,22.74,21.98,22.73,1233947,29375128.00
2023/05/16,22.68,23.52,22.51,23.26,2063723,50326808.00
2023/05/17,23.08,24.08,22.99,23.92,3486366,86991056.00
2023/05/18,23.75,24.00,23.46,23.84,2335633,58296856.00
2023/05/19,23.77,24.11,23.72,23.91,1570480,39568540.00
2023/05/22,23.84,26.25,23.73,25.29,6218863,165075712.00
2023/05/23,25.04,26.20,24.74,25.87,6183516,167161792.00
2023/05/24,25.51,27.63,25.23,26.80,8534041,236559008.00
2023/05/25,26.25,26.92,25.55,26.63,6120703,167905696.00
2023/05/26,27.34,27.85,24.93,25.71,6494411,170756656.00
2023/05/29,24.93,25.45,24.37,25.09,4170406,107065072.00
2023/05/30,25.00,26.12,24.69,25.14,3514128,91407784.00
2023/05/31,24.77,25.20,24.49,24.83,2623894,66834760.00
2023/06/01,24.69,25.18,24.35,24.46,2705362,68698744.00
2023/06/02,24.59,25.30,24.52,25.00,2934835,75022048.00
2023/06/05,24.91,25.41,24.63,25.04,2125287,54440876.00
2023/06/06,25.03,25.05,24.05,24.19,2116477,52951464.00
2023/06/07,24.01,24.28,23.67,23.89,1378284,33776896.00
2023/06/08,23.72,24.48,23.72,23.89,1605268,39719480.00
2023/06/09,23.89,24.41,23.69,24.04,1716744,42422852.00
2023/06/12,23.94,24.86,23.57,24.67,2535109,63249752.00
2023/06/13,24.67,25.81,24.67,25.68,4854363,126989984.00
2023/06/14,25.45,25.64,25.25,25.51,2453065,63995316.00
2023/06/15,25.44,26.65,25.22,26.63,5006311,133428456.00
2023/06/16,26.15,26.27,25.01,25.54,4692149,122325528.00
2023/06/19,25.46,25.73,25.17,25.59,2621352,68610176.00
2023/06/20,25.50,25.66,25.11,25.40,1730122,45054928.00
2023/06/21,25.40,26.33,25.40,25.53,2831942,74936144.00
2023/06/26,25.03,25.71,24.83,25.25,1692284,43811372.00
2023/06/27,25.26,25.88,25.25,25.74,1973766,51934740.00
2023/06/28,25.65,25.71,24.78,25.71,2062438,53411508.00
2023/06/29,25.35,26.61,25.35,26.35,3968071,106964248.00
2023/06/30,26.46,26.73,25.96,26.20,2660334,71586352.00
2023/07/03,26.05,26.45,25.76,26.19,1879839,50255740.00
2023/07/04,26.15,26.51,25.85,26.50,2254015,60643376.00
2023/07/05,26.44,26.48,25.51,25.71,2663408,70534312.00
2023/07/06,25.43,27.09,25.43,26.94,5233225,141924608.00
2023/07/07,26.90,26.90,26.35,26.36,3395115,92379784.00
2023/07/10,26.42,27.66,26.26,27.66,6824626,189725968.00
2023/07/11,27.66,27.66,26.82,27.25,5079660,141034720.00
2023/07/12,27.23,29.33,26.60,28.49,9696466,279357664.00
2023/07/13,28.03,34.32,27.73,32.05,15170394,484594272.00
2023/07/14,31.36,31.68,29.82,30.02,12098014,377098880.00
2023/07/17,29.39,31.55,28.43,30.80,11625368,357766016.00
2023/07/18,29.93,30.11,28.12,28.30,7925719,233517888.00
2023/07/19,28.25,28.63,27.48,27.71,4938080,141077648.00
2023/07/20,27.60,27.75,26.15,26.24,5068887,139455456.00
2023/07/21,26.05,26.55,25.55,25.56,3129330,83268584.00
2023/07/24,25.35,25.80,25.16,25.60,2119649,55318024.00
2023/07/25,25.78,26.00,25.55,25.91,2148922,56824616.00
2023/07/26,25.80,25.84,25.25,25.29,2221156,58093940.00
2023/07/27,25.63,26.33,25.35,26.25,3987636,106411176.00
2023/07/28,25.97,26.20,25.58,26.20,2531120,67163288.00
2023/07/31,26.20,26.29,25.74,25.80,2223385,59120068.00
2023/08/01,25.80,25.91,24.88,25.00,2693770,69377248.00
2023/08/02,25.00,25.06,24.65,24.93,1094300,27875568.00
2023/08/03,24.90,25.71,24.64,25.58,2666097,68983216.00
2023/08/04,25.41,25.59,25.17,25.20,1677915,43584932.00
2023/08/07,25.28,25.54,25.15,25.39,1116839,29041842.00
2023/08/08,25.60,26.15,25.31,26.09,2870996,76349504.00
2023/08/09,26.12,26.12,25.65,25.82,1677220,44295120.00
2023/08/10,26.10,27.07,25.88,26.89,4511968,122931096.00
2023/08/11,26.45,27.63,26.36,26.98,5058684,140502784.00
2023/08/14,26.75,26.98,26.18,26.92,2737425,74633000.00
2023/08/15,26.69,26.75,25.77,26.08,2729239,73001680.00
2023/08/16,26.08,26.45,24.94,24.95,2912005,76106984.00
2023/08/17,24.80,25.65,23.83,25.56,3734485,94985112.00
2023/08/18,25.43,26.95,25.34,26.47,4707932,127170624.00
2023/08/21,26.35,26.73,26.05,26.45,2145348,57854068.00
2023/08/22,26.72,26.72,24.96,25.65,2821192,74240368.00
2023/08/23,25.60,25.80,24.95,24.95,1677284,43464156.00
2023/08/24,24.96,25.24,23.98,24.12,2241348,56158844.00
2023/08/25,23.90,24.11,23.01,23.11,1970725,47487204.00
2023/08/28,24.40,24.55,22.85,22.86,1688211,40920360.00
2023/08/29,22.75,24.49,22.66,24.42,2895469,71386504.00
2023/08/30,24.43,25.65,24.35,25.11,2327788,59961248.00
2023/08/31,25.09,25.55,24.79,25.46,1568554,40683684.00
2023/09/01,25.52,25.95,25.35,25.80,1517005,39941500.00
2023/09/04,25.37,26.14,25.37,25.74,1224968,32334192.00
2023/09/05,25.71,26.40,25.58,26.21,2038546,54527576.00
2023/09/06,26.02,26.45,25.78,26.43,1649685,44420552.00
2023/09/07,26.37,26.68,25.68,25.69,1615969,43282732.00
2023/09/08,25.64,26.13,25.62,25.76,1294935,34301104.00
2023/09/11,25.76,25.76,25.03,25.21,1493392,38667872.00
2023/09/12,25.21,25.30,24.58,24.72,1171350,29781020.00
2023/09/13,24.83,24.83,23.73,24.18,1048400,26018968.00
2023/09/14,24.19,24.36,23.59,23.78,824336,20284374.00
2023/09/15,23.84,24.01,23.53,23.60,795668,19353428.00
2023/09/18,23.39,24.67,23.39,24.23,1379893,34333940.00
2023/09/19,24.16,24.19,23.55,23.62,985110,24054694.00
2023/09/20,23.67,24.04,23.53,23.54,688000,16759736.00
2023/09/21,23.76,23.76,23.26,23.34,598600,14426479.00
2023/09/22,23.16,24.41,23.16,24.40,1416459,34967004.00
2023/09/25,24.40,24.51,23.85,24.05,789892,19528550.00
2023/09/26,24.00,24.24,23.75,24.01,592226,14581848.00
2023/09/27,24.03,24.65,23.76,24.14,1004900,25140332.00
2023/09/28,24.15,24.72,24.15,24.55,1195252,30013316.00
2023/10/09,25.08,25.08,24.48,24.73,752884,19118004.00
2023/10/10,24.73,25.11,24.73,24.88,780992,19961038.00
2023/10/11,24.84,24.90,24.21,24.71,803800,20357396.00
2023/10/12,25.10,25.10,24.30,24.65,685100,17239262.00
2023/10/13,24.64,24.69,24.27,24.47,670392,16832552.00
2023/10/16,24.60,24.60,23.83,23.99,858084,21181280.00
2023/10/17,23.90,24.34,23.55,23.76,527064,12841751.00
2023/10/18,23.72,23.72,22.94,23.03,721029,17167356.00
2023/10/19,22.91,23.79,22.85,22.96,637050,15220478.00
2023/10/20,23.15,23.78,22.75,22.87,843720,20137032.00
2023/10/23,22.87,22.87,22.06,22.15,779236,17857384.00
2023/10/24,22.10,23.13,22.10,23.13,904337,21252396.00
2023/10/25,23.32,23.51,23.05,23.28,614292,14686812.00
2023/10/26,23.23,23.54,22.92,23.50,588192,14040725.00
2023/10/27,23.51,23.95,23.25,23.78,640943,15610253.00
2023/10/30,24.04,24.04,23.19,23.61,887700,21392652.00
2023/10/31,23.65,23.69,23.17,23.33,545500,13113545.00
2023/11/01,23.33,23.63,23.20,23.45,511949,12345664.00
2023/11/02,23.49,23.65,23.05,23.06,619448,14788367.00
2023/11/03,23.25,23.83,23.20,23.68,877592,21314020.00
2023/11/06,23.69,24.35,23.68,24.08,732348,18002598.00
2023/11/07,24.31,24.31,23.80,24.06,568700,14025096.00
2023/11/08,24.06,24.25,23.95,24.14,705512,17473860.00
2023/11/09,24.15,24.47,23.96,24.05,790481,19655346.00
2023/11/10,24.06,24.29,23.75,24.10,589271,14583311.00
2023/11/13,24.15,24.53,24.11,24.52,987481,24737746.00
2023/11/14,24.75,24.75,24.40,24.68,741700,18705146.00
2023/11/15,24.68,25.18,24.60,25.14,1172092,30015024.00
2023/11/16,25.01,25.14,24.59,24.66,868500,22112412.00
2023/11/17,24.83,25.14,24.43,25.00,822700,21019092.00
2023/11/20,25.04,25.54,24.81,25.15,781595,20144828.00
2023/11/21,25.05,25.26,24.75,24.81,981000,25136652.00
2023/11/22,24.90,25.03,24.36,24.52,705121,17827856.00
2023/11/23,24.49,24.87,24.41,24.66,581058,14711574.00
2023/11/24,24.69,24.76,24.03,24.30,717836,17870506.00
2023/11/27,24.30,24.65,24.12,24.48,602141,15070030.00
2023/11/28,24.38,24.95,24.38,24.93,774889,19726322.00
2023/11/29,24.94,25.10,24.66,24.73,575427,14698489.00
2023/11/30,24.74,24.94,24.25,24.49,681166,17150210.00
2023/12/01,24.56,24.56,24.07,24.26,587300,14616042.00
2023/12/04,24.33,24.47,24.15,24.22,589624,14706564.00
2023/12/05,24.23,24.26,23.67,23.72,634400,15558104.00
2023/12/06,23.80,24.34,23.67,23.85,680300,16771024.00
2023/12/07,23.87,23.87,23.50,23.62,750140,18207744.00
2023/12/08,23.67,23.95,23.14,23.19,695792,16762550.00
2023/12/11,23.31,23.54,22.80,23.30,777100,18558672.00
2023/12/12,23.37,23.41,23.11,23.23,500161,11950073.00
2023/12/13,23.23,23.57,22.97,23.23,574999,13739999.00
2023/12/14,23.23,23.51,23.20,23.21,504348,12085738.00
2023/12/15,23.23,23.45,23.08,23.13,470192,11211582.00
2023/12/18,23.13,23.40,22.81,22.84,901758,21364366.00
2023/12/19,22.94,23.31,22.63,23.20,468411,11075022.00
2023/12/20,23.20,23.67,23.08,23.19,776631,18690916.00
2023/12/21,23.12,23.43,22.55,23.32,770200,18218614.00
2023/12/22,23.25,23.48,22.93,22.95,714080,17007774.00
2023/12/25,22.91,23.08,22.51,22.57,596246,13906502.00
2023/12/26,22.51,22.56,22.23,22.26,456298,10498123.00
2023/12/27,22.40,22.58,22.00,22.45,825372,18921228.00
2023/12/28,22.33,23.49,22.25,23.34,1141956,27080898.00
2023/12/29,23.33,23.84,23.32,23.74,743437,18081136.00
2024/01/02,23.75,24.00,23.50,23.89,629373,15434993.00
2024/01/03,23.79,23.94,23.39,23.52,469800,11385743.00
2024/01/04,23.65,23.65,23.28,23.55,356284,8600173.00
2024/01/05,23.45,23.78,23.05,23.14,573392,13772471.00
2024/01/08,23.13,23.34,22.66,22.67,602428,14197896.00
2024/01/09,22.90,23.30,22.60,22.96,598023,14144147.00
2024/01/10,23.09,23.20,22.56,22.70,546292,12842394.00
2024/01/11,22.75,23.13,22.60,23.06,616900,14484662.00
2024/01/12,23.06,23.54,22.95,22.97,634028,15113668.00
2024/01/15,22.99,23.05,22.60,22.80,695800,16320598.00
2024/01/16,22.80,23.00,22.35,22.71,808064,18804582.00
2024/01/17,22.78,22.78,22.01,22.11,776184,17922074.00
2024/01/18,22.10,22.30,21.17,21.61,1095325,24405238.00
2024/01/19,21.92,22.05,21.11,21.12,1071708,23606304.00
2024/01/22,21.12,21.12,19.36,19.72,1381834,28979964.00
2024/01/23,19.73,19.73,18.86,19.14,1419320,28125624.00
2024/01/24,19.24,19.60,18.48,19.29,1104192,21713588.00
2024/01/25,19.40,20.01,18.92,19.99,1144292,23163600.00
2024/01/26,19.99,20.44,19.85,20.03,1053100,21860582.00
2024/01/29,19.95,20.30,19.12,19.35,1068500,21532608.00
2024/01/30,19.34,19.44,18.38,18.51,861400,16819192.00
2024/01/31,18.23,18.69,17.11,17.14,1663348,30656686.00
2024/02/01,17.07,17.39,16.25,16.92,1358439,23666196.00
2024/02/02,16.89,17.23,14.90,15.47,1497800,25001200.00
2024/02/05,15.35,15.46,12.51,13.10,2482607,34771720.00
2024/02/06,12.53,13.42,11.78,12.88,2336070,30561388.00
2024/02/07,12.88,13.13,11.08,11.52,3044072,37893716.00
2024/02/08,11.52,13.23,11.15,13.23,2783494,36005756.00
2024/02/19,13.39,14.35,13.28,14.00,2496247,36248796.00
2024/02/20,14.00,15.47,13.67,14.74,2982642,45558536.00
2024/02/21,14.68,15.59,14.15,14.90,2847894,44651424.00
2024/02/22,14.90,15.52,14.67,15.51,2180211,34464960.00
2024/02/23,15.52,16.29,15.38,16.15,2154226,35549968.00
2024/02/26,16.08,17.46,16.06,17.18,3075552,54025024.00
2024/02/27,16.94,18.55,16.83,18.55,3605645,66730564.00
2024/02/28,18.35,18.42,16.34,16.35,4536681,81608608.00
2024/02/29,15.87,16.90,15.80,16.90,2797684,48168976.00
2024/03/01,16.83,17.18,16.65,16.97,2002050,35189388.00
2024/03/04,16.91,16.99,16.15,16.66,1950638,33583660.00
2024/03/05,16.59,16.60,15.88,15.98,1785900,30173208.00
2024/03/06,15.98,17.28,15.93,17.11,3244667,56842968.00
2024/03/07,16.94,18.11,16.94,17.36,3421370,61885076.00
2024/03/08,17.27,17.47,16.82,17.34,2118326,37742432.00
2024/03/11,17.36,19.32,17.33,17.84,3528423,65789436.00
2024/03/12,17.90,18.16,17.32,18.10,2998292,55005992.00
2024/03/13,17.84,18.27,17.60,17.95,2515722,46629288.00
2024/03/14,17.76,18.05,17.35,17.68,1726848,31671020.00
2024/03/15,17.55,18.09,17.46,17.98,1801600,33234740.00
2024/03/18,18.06,18.47,18.03,18.47,1964392,37174592.00
2024/03/19,18.36,18.79,18.36,18.65,1760497,33836032.00
2024/03/20,18.74,19.11,18.54,18.90,1526270,29690916.00
2024/03/21,19.05,19.13,18.32,18.70,1676520,32326734.00
2024/03/22,18.78,18.78,18.12,18.20,1558392,29569794.00
2024/03/25,17.89,18.44,17.51,17.61,1640200,30496908.00
2024/03/26,17.59,17.97,17.28,17.80,1395000,25507282.00
2024/03/27,17.79,18.06,16.95,17.02,1434446,26089074.00
2024/03/28,16.98,18.06,16.96,17.85,1426848,26234636.00
2024/03/29,17.75,18.15,17.68,18.02,1206000,22438228.00
2024/04/01,18.09,18.69,18.02,18.69,1545365,29461514.00
2024/04/02,18.51,18.88,18.45,18.63,1385465,26765752.00
2024/04/03,18.66,18.66,18.15,18.59,1119820,21353528.00
2024/04/08,18.39,18.52,17.85,17.86,1348099,25404156.00
2024/04/09,17.85,19.27,17.85,19.25,3069766,59775636.00
2024/04/10,19.26,19.50,18.31,18.62,2197218,42461612.00
2024/04/11,18.39,21.85,18.29,20.55,6202622,130330936.00
2024/04/12,20.15,21.51,19.82,21.14,6175555,132399352.00
2024/04/15,21.02,22.71,20.35,21.95,6381390,143332512.00
2024/04/16,21.55,23.93,19.35,23.02,8578497,198167808.00
2024/04/17,22.91,25.33,21.85,24.25,7527534,180635216.00
2024/04/18,23.31,24.00,21.23,21.80,6674456,156604560.00
2024/04/19,21.15,24.85,20.99,22.96,6896089,165690944.00
2024/04/22,21.94,21.95,19.93,20.71,4661221,101810328.00
2024/04/23,20.81,21.76,19.27,19.43,3765053,78020464.00
2024/04/24,18.77,19.15,17.98,18.41,4172706,78891952.00
2024/04/25,18.25,20.82,17.45,19.58,4932210,97700800.00
2024/04/26,19.06,20.30,18.64,19.59,4336529,88135232.00
2024/04/29,19.60,19.73,19.15,19.52,2333048,47021208.00
2024/04/30,19.70,19.73,18.55,18.67,2079891,40778512.00
2024/05/06,18.88,20.12,18.88,19.94,2973499,60294472.00
2024/05/07,20.35,20.35,19.56,19.79,1918812,39293568.00
2024/05/08,19.66,20.51,19.36,19.78,2241100,46249608.00
2024/05/09,19.63,20.63,19.63,20.50,2539268,53204596.00
2024/05/10,20.51,22.13,20.06,21.88,4686518,102524464.00
2024/05/13,21.46,23.24,21.17,23.02,5874537,137191328.00
2024/05/14,22.35,23.50,21.95,22.21,4587451,106399456.00
2024/05/15,22.55,22.65,21.06,21.18,3076434,68832384.00
2024/05/16,21.17,21.36,20.37,20.58,2469966,52664696.00
2024/05/17,20.53,20.97,20.18,20.51,1694703,35808124.00
2024/05/20,20.50,20.89,20.35,20.81,1497300,31929428.00
2024/05/21,20.72,20.94,20.27,20.41,1335100,28195628.00
2024/05/22,20.51,20.75,20.28,20.61,1095812,23232278.00
2024/05/23,20.79,20.79,19.81,19.87,1359100,28289198.00
2024/05/24,19.86,21.32,19.79,20.63,2074251,44283864.00
2024/05/27,20.64,21.65,20.11,21.65,2755800,59995572.00
2024/05/28,21.35,22.17,21.13,21.94,2782427,62232200.00
2024/05/29,21.51,22.02,21.10,21.36,1940229,42238392.00
2024/05/30,21.17,21.40,20.49,20.53,1495100,31621372.00
2024/05/31,20.55,20.65,19.97,20.44,1281232,26416188.00
2024/06/03,20.45,20.65,19.69,19.95,1077000,21780556.00
2024/06/04,20.25,20.25,18.90,19.73,1315832,25754176.00
2024/06/05,19.61,19.69,18.70,18.70,1123500,21630236.00
2024/06/06,18.69,19.19,18.41,18.48,988800,18876244.00
2024/06/07,18.58,19.06,18.45,18.75,671440,12793838.00
2024/06/11,18.80,19.53,18.37,19.36,1192432,23118334.00
2024/06/12,19.24,19.61,19.06,19.21,709970,13952524.00
2024/06/13,19.21,20.12,19.03,19.98,1319467,26529448.00
2024/06/14,19.98,20.69,19.65,20.44,1592820,32902074.00
2024/06/17,20.00,21.06,20.00,20.52,1365173,28520066.00
2024/06/18,20.28,20.84,19.91,20.00,1288600,26341788.00
2024/06/19,19.99,20.26,19.58,20.12,1144000,23170708.00
2024/06/20,19.80,20.48,19.61,19.62,882900,17954998.00
2024/06/21,19.51,20.26,19.14,19.96,899000,18142172.00
2024/06/24,19.72,19.92,18.58,18.58,963531,18660280.00
2024/06/25,18.38,19.15,18.22,18.45,736300,13863333.00
2024/06/26,18.29,19.14,18.08,19.05,773200,14666375.00
2024/06/27,18.86,20.30,18.80,20.29,1728374,34748220.00
2024/06/28,20.70,24.41,20.70,24.41,6562152,160358848.00
2024/07/01,27.40,29.35,26.00,29.35,18189062,529140960.00
2024/07/02,30.70,35.20,30.15,33.69,20353865,655514304.00
2024/07/03,30.90,31.29,26.89,26.89,10364800,293018592.00
2024/07/04,24.60,26.40,23.84,24.45,14868427,370839680.00
2024/07/05,23.99,24.15,22.44,22.56,11512776,268313296.00
2024/07/08,21.92,22.19,20.95,21.18,8586003,186422448.00
2024/07/09,20.84,21.97,20.56,21.80,9587289,207527232.00
2024/07/10,21.46,23.49,21.42,22.98,12842406,296635584.00
2024/07/11,22.64,23.17,22.40,23.08,9334443,215897952.00
2024/07/12,22.90,22.91,22.11,22.12,6792714,154326032.00
2024/07/15,22.35,22.48,21.00,21.17,5312727,115042352.00
2024/07/16,21.09,21.28,20.31,20.69,5490700,114952560.00
2024/07/17,20.61,20.67,19.64,19.65,5581387,112809160.00
2024/07/18,19.55,19.89,18.96,19.78,4644916,91771184.00
2024/07/19,19.70,20.19,19.50,20.11,4686671,94780984.00
2024/07/22,20.06,20.41,19.90,20.23,3846040,78806488.00
2024/07/23,20.20,20.36,19.43,19.53,3405400,68784592.00
2024/07/24,19.29,19.72,19.03,19.40,3131393,61492052.00
2024/07/25,19.32,19.72,18.85,19.62,3337700,65760572.00
2024/07/26,19.40,19.96,19.40,19.62,3212500,64281160.00
2024/07/29,19.92,20.10,19.47,19.62,2985747,59690048.00
2024/07/30,19.41,19.84,19.38,19.66,2968539,59183248.00
2024/07/31,19.64,20.22,19.38,20.08,4176100,84376864.00
2024/08/01,20.08,20.36,19.98,20.33,4267949,87408736.00
2024/08/02,20.69,21.48,20.38,20.46,8817047,186527872.00
2024/08/05,19.70,20.00,18.24,18.35,5983461,116144632.00
2024/08/06,18.72,19.01,18.25,18.91,3693200,70058624.00
2024/08/07,19.09,20.76,18.91,19.67,5571405,111949704.00
2024/08/08,19.38,19.63,18.70,18.70,4208900,81251152.00
2024/08/09,18.83,19.13,18.53,18.64,2881239,55161572.00
2024/08/12,18.80,18.80,18.26,18.35,1886468,35290144.00
2024/08/13,18.41,18.83,18.15,18.83,2280599,43030324.00
2024/08/14,18.90,18.96,18.59,18.70,2170400,41412400.00
2024/08/15,18.60,19.09,18.23,19.06,3150400,60184924.00
2024/08/16,18.95,19.14,18.80,18.98,2128868,41035740.00
2024/08/19,19.04,19.06,18.30,18.33,2243800,42365080.00
2024/08/20,18.31,18.38,17.87,17.96,1906900,34936388.00
2024/08/21,17.98,18.09,17.83,18.03,1168200,21357780.00
2024/08/22,18.18,18.40,17.67,17.68,1799848,32886372.00
2024/08/23,17.70,17.70,17.08,17.35,1768373,31245200.00
2024/08/26,17.50,17.82,17.31,17.79,1556124,27951380.00
2024/08/27,17.71,17.72,17.19,17.24,1284800,22739602.00
2024/08/28,17.40,18.34,17.10,17.82,2887592,52261396.00
2024/08/29,17.51,18.05,17.48,17.95,2283992,41518512.00
2024/08/30,17.68,18.36,17.64,18.10,2441624,45066860.00
2024/09/02,18.00,18.23,17.73,17.75,1605200,29336356.00
2024/09/03,17.58,18.01,17.58,17.89,1153812,20942098.00
2024/09/04,17.80,17.96,17.55,17.81,1111105,20077986.00
2024/09/05,17.71,17.94,17.64,17.77,1141400,20640068.00
2024/09/06,17.77,17.80,17.19,17.25,1452120,25696844.00
2024/09/09,17.10,17.37,17.03,17.32,929092,16291764.00
2024/09/10,17.39,17.56,17.13,17.55,1070792,18892664.00
2024/09/11,17.59,17.78,17.36,17.65,949000,16962502.00
2024/09/12,17.69,18.02,17.57,17.61,1414000,25606788.00
2024/09/13,17.62,17.62,17.03,17.05,1163500,20432916.00
2024/09/18,17.05,17.20,16.52,16.94,1188812,20300140.00
2024/09/19,16.94,17.45,16.87,17.31,1370100,24042202.00
2024/09/20,17.32,17.54,16.79,16.89,1213500,20962932.00
2024/09/23,16.86,17.09,16.62,16.70,1093360,18712850.00
2024/09/24,16.97,17.13,16.52,17.13,1861900,32022066.00
2024/09/25,17.44,17.69,17.18,17.33,2513260,44645344.00
2024/09/26,17.30,17.76,17.16,17.74,2058700,36722728.00
2024/09/27,17.80,19.15,17.80,18.88,4489161,84482112.00
2024/09/30,19.70,22.16,19.11,21.79,8492671,176296784.00
2024/10/08,24.95,25.19,21.89,23.90,9776928,232724448.00
2024/10/09,22.68,23.20,20.17,20.35,5616813,124662272.00
2024/10/10,20.47,21.82,20.47,21.08,4231165,90877728.00
2024/10/11,20.95,21.19,19.41,19.79,3534365,72220728.00
2024/10/14,20.10,20.48,19.55,20.43,2784900,56798220.00
2024/10/15,20.69,21.34,19.90,20.60,3951431,83792344.00
2024/10/16,20.10,20.70,19.83,20.31,2145209,44413044.00
2024/10/17,20.55,21.20,20.40,20.82,3220238,68170696.00
2024/10/18,20.71,21.77,20.60,21.36,4172025,89636344.00
2024/10/21,21.36,21.80,21.13,21.55,3969200,86396408.00
2024/10/22,21.43,21.63,21.07,21.41,3090439,67053492.00
2024/10/23,21.49,22.50,21.24,22.50,6335997,140296816.00
2024/10/24,23.60,27.06,23.60,27.06,9587590,253125168.00
2024/10/25,27.08,29.66,27.00,27.01,18619212,521933920.00
2024/10/28,25.70,26.63,25.30,26.22,9985187,262351664.00
2024/10/29,25.55,25.92,24.23,24.56,8352123,210167184.00
2024/10/30,24.06,24.48,23.40,23.64,5595918,134994912.00
2024/10/31,23.80,24.11,23.41,23.97,5616300,135606080.00
2024/11/01,24.00,24.02,22.35,22.35,4994838,116168872.00
2024/11/04,22.09,22.80,22.09,22.60,2669900,60994648.00
2024/11/05,22.78,23.45,22.51,23.38,4206947,98245384.00
2024/11/06,23.39,23.67,23.08,23.56,4341118,103023856.00
2024/11/07,23.56,24.68,23.40,24.53,6298518,154143360.00
2024/11/08,25.14,25.17,23.78,23.94,4734003,116158976.00
2024/11/11,23.85,24.56,23.63,24.54,3903411,95863488.00
2024/11/12,24.70,24.83,23.73,24.32,4079500,100729920.00
2024/11/13,24.18,24.49,23.50,24.35,2882133,70071624.00
2024/11/14,24.24,24.58,23.20,23.40,2604200,63111920.00
2024/11/15,23.40,23.72,22.98,23.00,2280185,54054220.00
2024/11/18,23.13,23.32,21.97,22.29,2268239,51583152.00
2024/11/19,22.28,23.32,21.96,23.32,1819961,41828184.00
2024/11/20,23.26,23.58,23.01,23.51,1882854,44597444.00
2024/11/21,23.54,23.80,23.20,23.64,1806302,43140756.00
2024/11/22,23.87,23.87,22.21,22.31,1911254,44400452.00
2024/11/25,22.31,22.93,22.19,22.92,1532385,35146996.00
2024/11/26,23.05,23.39,22.37,22.46,1278300,29489160.00
2024/11/27,22.41,22.90,21.62,22.90,1522900,34365056.00
2024/11/28,22.97,23.08,22.71,22.80,1180600,27399452.00
2024/11/29,22.78,23.29,22.47,23.29,1792200,41846916.00
2024/12/02,23.31,24.67,23.10,24.42,5004392,121851536.00
2024/12/03,24.30,25.19,24.18,24.95,6359892,159924288.00
2024/12/04,24.70,25.37,24.20,25.21,5212654,131285696.00
2024/12/05,25.08,25.68,24.71,25.10,4134950,104931568.00
2024/12/06,25.13,30.18,25.12,30.18,13370698,393322208.00
2024/12/09,29.20,29.90,27.20,27.25,15682598,440127968.00
2024/12/10,28.04,29.00,26.85,27.01,12583455,351498784.00
2024/12/11,27.04,27.29,26.32,26.69,7057025,189583984.00
2024/12/12,26.60,26.92,26.23,26.82,6081163,163788256.00
2024/12/13,26.60,26.66,25.77,25.80,5112348,135113280.00
2024/12/16,26.00,26.28,25.75,26.10,3025520,79536072.00
2024/12/17,25.90,26.67,25.32,26.61,5235120,138760544.00
2024/12/18,26.45,28.03,24.70,27.35,7899360,214600496.00
2024/12/19,26.71,26.90,25.88,26.12,4539143,120640888.00
2024/12/20,25.81,26.44,25.44,25.59,4067500,106847088.00
2024/12/23,25.69,26.07,23.65,23.90,4074273,101455816.00
2024/12/24,23.88,24.69,23.36,24.05,3014200,73124936.00
2024/12/25,24.29,24.29,22.50,22.86,2876017,67176256.00
2024/12/26,23.26,23.50,22.59,23.10,2198100,51703360.00
2024/12/27,23.48,24.25,23.12,23.80,3219100,77958800.00
2024/12/30,23.49,23.96,22.88,23.48,2209610,52634616.00
2024/12/31,23.70,23.70,22.66,22.69,2098458,48901624.00
2025/01/02,22.78,23.17,21.98,22.22,2013648,45957964.00
2025/01/03,22.67,22.70,20.92,20.96,2354640,51390728.00
2025/01/06,20.99,21.54,19.96,21.26,1977000,42191588.00
2025/01/07,21.37,22.97,21.18,22.86,3104500,69841280.00
2025/01/08,23.00,23.16,21.89,22.59,2188700,50070992.00
2025/01/09,22.59,22.84,22.14,22.46,1467500,33514052.00
2025/01/10,22.32,22.70,21.42,21.49,1813900,40535380.00
2025/01/13,21.03,21.66,20.49,21.42,1533600,32780904.00
2025/01/14,21.80,22.62,21.51,22.62,2077750,46743028.00
2025/01/15,22.70,23.15,22.26,22.78,2344400,54079600.00
2025/01/16,23.09,23.20,22.34,22.73,1796300,41405904.00
2025/01/17,22.48,23.00,22.40,22.70,1138970,26144738.00
2025/01/20,22.82,23.65,22.82,23.39,1587000,37472572.00
2025/01/21,23.34,23.50,22.81,23.15,1275100,29885752.00
2025/01/22,23.02,23.38,22.90,23.05,1163300,27276894.00
2025/01/23,23.49,23.50,22.79,22.80,1517300,35582788.00
2025/01/24,23.12,23.26,22.56,23.20,1240700,28912132.00
2025/01/27,23.25,23.50,22.82,22.82,1055500,24794288.00
2025/02/05,22.98,23.24,22.82,23.15,901500,21032888.00
2025/02/06,23.08,23.58,22.74,23.57,1618700,38273608.00
2025/02/07,23.68,23.98,23.38,23.75,2471000,59390940.00
2025/02/10,23.76,24.09,23.39,23.99,2152300,51755860.00
2025/02/11,24.14,24.14,23.32,23.47,2535100,60410748.00
2025/02/12,23.55,23.97,23.32,23.62,2171400,51975728.00
2025/02/13,23.80,23.84,22.84,22.85,2272095,53284024.00
2025/02/14,22.81,23.69,22.81,23.05,2030000,47642648.00
2025/02/17,23.22,23.56,22.76,23.56,2091600,49390676.00
2025/02/18,23.51,23.88,22.84,23.32,2316000,55355140.00
2025/02/19,23.09,24.09,22.96,24.09,2897000,69935928.00
2025/02/20,23.89,24.11,23.55,23.99,3326100,80274680.00
2025/02/21,23.97,24.40,23.87,24.23,3269600,80065632.00
2025/02/24,24.36,24.80,23.75,24.35,3391548,83219656.00
2025/02/25,24.10,24.33,23.96,24.15,2096600,51183464.00
2025/02/26,24.09,24.62,24.09,24.45,2306900,57044560.00
2025/02/27,24.68,24.73,23.98,24.43,2195900,54224316.00
2025/02/28,24.20,24.39,23.32,23.36,2187500,52630992.00
2025/03/03,23.40,24.19,23.23,23.70,1793800,43303308.00
2025/03/04,23.70,24.53,23.36,24.41,2015500,49355968.00
2025/03/05,24.67,25.60,23.95,25.15,5352400,134625584.00
2025/03/06,25.01,25.35,24.81,25.03,4139751,105010792.00
2025/03/07,24.87,25.46,24.70,24.94,2860700,72616088.00
2025/03/10,24.86,25.08,24.60,24.95,1953150,49131592.00
2025/03/11,24.91,25.40,24.36,25.30,3581285,90203392.00
2025/03/12,25.29,25.94,25.05,25.94,4763500,123060568.00
2025/03/13,25.85,27.21,25.58,26.87,8544075,228597856.00
2025/03/14,26.50,26.60,25.81,26.32,4884051,129239288.00
2025/03/17,26.18,26.18,25.48,25.61,3228049,83896464.00
2025/03/18,25.70,26.05,25.21,26.02,3852051,99715088.00
2025/03/19,25.80,25.93,25.11,25.25,2817000,72464008.00
2025/03/20,25.10,25.64,24.92,25.08,2808898,71867056.00
2025/03/21,25.20,25.47,24.58,24.72,2407900,60681520.00
2025/03/24,24.48,24.78,22.52,23.28,3475769,82531632.00
2025/03/25,23.21,24.04,22.94,23.70,2659466,63724672.00
2025/03/26,23.70,24.12,23.44,23.75,1969100,47604680.00
2025/03/27,23.87,23.87,22.80,23.12,1821300,42664048.00
2025/03/28,23.05,23.35,22.48,22.56,1514700,34953620.00
2025/03/31,22.51,22.65,21.86,22.55,1493300,33664736.00
2025/04/01,22.55,23.20,22.55,22.91,1372200,31965572.00
2025/04/02,22.85,23.43,22.72,23.02,1207500,28328584.00
2025/04/03,22.86,23.23,22.69,23.05,1286400,29926632.00
2025/04/07,21.70,22.58,18.38,18.38,2419900,48387576.00
2025/04/08,18.77,19.77,18.38,18.94,1873200,36111348.00
2025/04/09,18.46,19.72,16.70,19.47,2379295,44505832.00
2025/04/10,19.88,20.77,19.82,20.16,1534600,31703206.00
2025/04/11,20.09,20.61,19.85,20.41,1229300,25462282.00
2025/04/14,20.92,21.33,20.70,20.95,1495200,31906584.00
2025/04/15,20.94,21.39,20.80,21.22,1294728,27656532.00
2025/04/16,21.21,21.21,20.23,20.60,1273700,26728116.00
2025/04/17,20.59,21.10,20.43,20.78,1119600,23735794.00
2025/04/18,20.78,21.29,20.35,20.60,1234400,25826260.00
2025/04/21,20.57,20.98,20.40,20.93,1139700,24039572.00
2025/04/22,21.08,21.14,20.74,20.98,1082100,22998444.00
2025/04/23,21.23,21.57,21.07,21.54,1304700,28226596.00
2025/04/24,21.39,21.69,21.03,21.27,1311000,28376284.00
2025/04/25,21.36,21.69,21.06,21.18,1030400,22195558.00
2025/04/28,21.10,21.34,20.66,20.99,1058600,22496848.00
2025/04/29,21.10,21.57,20.76,21.35,1275700,27630088.00
2025/04/30,21.37,21.76,21.36,21.52,1268104,27785750.00
2025/05/06,21.88,22.39,21.61,22.35,1535495,34511288.00
2025/05/07,22.92,22.92,22.25,22.46,1601742,36650816.00
2025/05/08,22.36,23.11,22.29,22.97,1414266,32699742.00
2025/05/09,22.91,23.05,22.60,22.62,1062400,24518062.00
2025/05/12,22.95,23.08,22.68,22.94,1086800,25200944.00
2025/05/13,23.05,23.30,22.78,22.91,1446200,33675160.00
2025/05/14,22.98,23.10,22.70,22.80,1399100,32501598.00
2025/05/15,22.78,22.91,22.40,22.65,944100,21651904.00
2025/05/16,22.78,23.02,22.56,22.82,950666,22036998.00
2025/05/19,22.90,22.97,22.61,22.93,1025900,23758166.00
2025/05/20,23.00,23.44,22.70,23.44,1591200,37395312.00
2025/05/21,23.35,23.45,22.71,22.86,1417800,32968816.00
2025/05/22,22.86,23.28,22.39,22.56,1288700,29666186.00
2025/05/23,22.68,22.89,22.11,22.37,1247987,28582178.00
2025/05/26,22.37,22.74,22.30,22.67,907800,20764432.00
2025/05/27,22.78,22.81,22.44,22.72,734800,16863882.00
2025/05/28,22.73,22.94,22.47,22.50,981992,22566160.00
2025/05/29,22.50,22.99,22.38,22.92,1372095,31771328.00
2025/05/30,22.91,22.91,22.27,22.42,1138500,25898734.00
2025/06/03,22.33,22.66,22.15,22.51,859100,19616136.00
2025/06/04,22.68,22.79,22.46,22.60,831300,19055166.00
2025/06/05,22.70,23.42,22.51,23.31,2202600,51353256.00
2025/06/06,23.10,24.35,23.00,23.77,5638500,135295056.00
2025/06/09,23.99,23.99,23.40,23.74,3603600,86187952.00
2025/06/10,23.86,23.89,23.18,23.50,2790492,66697200.00
2025/06/11,23.50,24.22,23.50,23.80,3032100,73183440.00
2025/06/12,23.97,23.97,23.42,23.68,2259792,54055880.00
2025/06/13,23.70,23.95,23.22,23.30,1696492,40457624.00
2025/06/16,23.14,23.64,23.11,23.56,1378300,32790944.00
2025/06/17,23.91,23.91,23.01,23.38,1456200,34628876.00
2025/06/18,23.48,23.48,23.00,23.30,1168600,27540094.00
2025/06/19,23.15,23.47,22.60,22.72,1562400,36303592.00
2025/06/20,22.74,23.16,22.43,22.53,1238600,28538096.00
2025/06/23,22.64,23.15,22.30,23.08,1292600,29893100.00
2025/06/24,23.12,23.87,23.12,23.79,2043416,48669888.00
2025/06/25,23.95,24.05,23.50,23.82,1855600,44466560.00
2025/06/26,23.82,23.96,23.65,23.70,1407500,33774000.00
2025/06/27,23.84,24.57,23.73,24.57,3285900,80051672.00
2025/06/30,24.55,24.55,24.01,24.41,3217600,78775880.00
2025/07/01,24.41,24.65,24.18,24.47,2359000,58107792.00
2025/07/02,24.47,29.40,24.47,29.40,12164879,342522080.00
2025/07/03,29.49,29.49,26.95,27.92,17558946,489253536.00
2025/07/04,27.29,27.31,25.98,26.25,10479404,279811680.00
2025/07/07,26.65,31.54,26.10,31.54,17138795,488030240.00
2025/07/08,32.16,37.89,30.60,37.89,20022597,667057536.00
2025/07/09,38.28,43.64,36.57,39.78,21579225,872129088.00
2025/07/10,36.79,38.30,34.86,35.59,16123579,588426112.00
2025/07/11,34.55,37.10,33.80,34.91,12892827,454420768.00
2025/07/14,33.85,41.93,33.61,41.93,19378666,759531072.00
2025/07/15,40.43,40.64,37.72,38.35,16498759,644227520.00
2025/07/16,37.83,39.01,37.21,37.98,11419250,437359040.00
2025/07/17,39.12,40.90,37.59,38.10,14362567,564101184.00
2025/07/18,36.53,40.23,36.38,40.01,14548682,569869184.00
2025/07/21,38.87,40.24,36.88,40.03,12163477,468837504.00
2025/07/22,38.80,39.68,37.45,37.79,9660651,374341408.00
2025/07/23,36.80,36.91,34.15,34.87,10105433,357747104.00
2025/07/24,34.42,35.25,34.05,34.80,6336470,219822720.00
2025/07/25,34.85,35.19,32.91,33.41,7370005,248975264.00
2025/07/28,33.46,33.90,33.09,33.70,4752514,160420416.00
2025/07/29,33.61,33.73,33.06,33.53,4055521,135857856.00
2025/07/30,33.37,33.49,32.32,32.60,4360151,143658800.00
2025/07/31,32.82,32.87,31.86,32.05,3274099,106494840.00
2025/08/01,32.30,32.32,31.50,31.62,3045493,97086384.00
2025/08/04,31.65,31.90,31.19,31.72,2491267,79166464.00
2025/08/05,31.83,32.38,31.55,32.01,3584102,115179720.00
2025/08/06,32.00,32.05,31.50,31.74,3002600,95915016.00
2025/08/07,31.79,31.79,31.16,31.28,2543416,80348912.00
2025/08/08,31.29,31.89,31.04,31.68,3570373,113334744.00
2025/08/11,31.46,32.30,31.31,32.17,3743600,120535928.00
2025/08/12,32.33,32.84,31.70,31.90,4063478,131361832.00
2025/08/13,31.83,32.07,31.50,31.69,2968850,94587184.00
2025/08/14,31.72,31.75,30.92,30.97,3136900,98661928.00
2025/08/15,30.92,32.20,30.81,32.02,4111012,131455240.00
2025/08/18,32.44,33.20,32.06,33.00,4896913,161514096.00
2025/08/19,33.34,33.40,32.37,32.94,3643100,120173320.00
2025/08/20,32.80,32.85,32.34,32.78,2345800,77012744.00
2025/08/21,32.85,33.39,32.51,32.74,4129400,136910880.00
2025/08/22,32.74,32.84,32.38,32.59,2646100,86604712.00
2025/08/25,32.58,33.26,32.42,33.09,3925601,130021560.00
2025/08/26,33.23,34.48,32.80,34.47,8376090,286312224.00
2025/08/27,34.63,34.92,32.80,32.94,7225434,244699520.00
2025/08/28,32.58,32.76,30.84,31.83,5051957,161205936.00
2025/08/29,31.65,31.79,31.00,31.11,2641873,83238168.00
2025/09/01,31.00,31.95,30.90,31.70,2288292,72828440.00
2025/09/02,31.96,31.96,30.78,31.39,2366353,74470848.00
2025/09/03,31.46,32.10,30.60,31.38,2595840,81950040.00
2025/09/04,31.04,31.69,30.09,30.37,2421473,75576416.00
2025/09/05,30.59,31.40,30.46,31.39,2560800,80260552.00
2025/09/08,31.32,32.05,31.23,31.99,2354885,75053096.00
2025/09/09,31.76,32.38,31.50,31.85,2095560,67241144.00
2025/09/10,31.77,32.23,31.46,32.10,2054400,66027604.00
2025/09/11,32.14,32.77,31.53,32.57,3099527,100684600.00
2025/09/12,33.00,33.00,31.66,31.75,2964299,95626320.00
2025/09/15,31.70,31.99,31.31,31.47,1525528,48468256.00
2025/09/16,31.35,31.98,31.20,31.97,1971420,62737888.00
2025/09/17,31.97,32.17,31.66,31.68,1457400,46749080.00
2025/09/18,31.87,31.88,30.38,30.65,2491540,78253328.00
2025/09/19,30.80,31.10,30.31,30.40,1738300,53549672.00
2025/09/22,30.49,30.76,30.03,30.35,1180900,36055224.00
2025/09/23,30.45,30.56,29.10,30.13,2217987,66333436.00
2025/09/24,30.13,30.52,29.69,30.31,1553517,47317728.00
2025/09/25,30.40,30.74,29.94,30.16,1444601,44176928.00
2025/09/26,29.90,30.93,29.90,30.00,1374467,42035248.00
2025/09/29,30.03,30.50,29.61,30.03,1358730,41159976.00
2025/09/30,30.29,30.30,29.76,29.76,951349,28756966.00
2025/10/09,29.79,30.48,29.65,30.06,1681500,50907904.00
2025/10/10,30.06,32.80,29.60,31.60,5254821,166361712.00
2025/10/13,29.83,32.05,28.80,31.90,4833173,150531520.00
2025/10/14,31.76,34.80,31.55,34.46,11554474,387885184.00
2025/10/15,34.30,37.31,32.55,35.52,12901028,455288288.00
2025/10/16,35.17,35.17,32.88,33.87,7865977,266909808.00
2025/10/17,33.30,33.68,32.12,32.39,5285035,173980496.00
2025/10/20,32.79,32.86,31.60,31.80,4300919,138992144.00
2025/10/21,31.80,32.92,31.58,32.58,3978219,129628560.00
2025/10/22,32.05,32.68,31.93,32.11,3041719,98716320.00
2025/10/23,32.08,32.08,30.22,30.68,3299045,102354760.00
2025/10/24,30.77,31.24,30.52,30.60,2479219,77001888.00
2025/10/27,30.55,31.48,30.55,31.38,2892100,90906632.00
2025/10/28,31.18,31.98,31.10,31.72,2913300,92469440.00
2025/10/29,31.35,32.28,31.10,31.62,2827600,90431984.00
2025/10/30,31.88,31.88,30.42,30.43,3055400,94722096.00
2025/10/31,30.43,31.25,30.43,30.97,1948000,60753464.00
2025/11/03,31.01,33.51,31.01,32.80,6448700,210943712.00
2025/11/04,33.10,33.78,32.63,32.94,5681800,189306032.00
2025/11/05,32.40,36.80,32.33,35.08,10224861,354695456.00
2025/11/06,34.32,35.00,33.81,34.40,7196961,248831120.00
2025/11/07,34.20,35.39,33.96,34.91,6449391,225554784.00
2025/11/10,34.80,34.89,33.65,34.30,4577800,157276624.00
2025/11/11,34.30,34.59,33.10,33.68,4810269,162834528.00
2025/11/12,33.30,33.50,32.66,32.98,2719845,90180920.00
2025/11/13,33.40,33.40,32.47,32.62,2752600,90972952.00
2025/11/14,32.77,33.49,32.14,32.92,3080238,102125728.00
2025/11/17,32.95,33.17,31.92,32.14,2448000,79384504.00
2025/11/18,32.00,32.13,31.38,31.53,1863500,59172760.00
2025/11/19,31.66,31.77,30.55,30.76,2003757,62259696.00
2025/11/20,30.78,31.05,29.93,30.10,1836100,56150916.00
2025/11/21,30.11,30.30,28.31,28.48,2541000,74112192.00
2025/11/24,28.73,30.04,28.73,29.83,2743700,81809648.00
2025/11/25,29.96,32.28,29.62,31.78,4105600,130746736.00
2025/11/26,31.95,32.26,30.94,31.00,2459700,77768832.00
2025/11/27,31.00,31.31,30.61,30.79,1325300,41162340.00
2025/11/28,30.80,31.13,30.52,30.93,1250037,38848416.00
2025/12/01,31.28,31.38,30.86,30.92,1446000,45263928.00
2025/12/02,30.95,31.45,30.48,31.18,1454600,45438100.00
2025/12/03,31.16,31.49,30.83,30.91,1135900,35585160.00
2025/12/04,30.80,31.13,30.34,30.58,1020600,31483164.00
2025/12/05,30.58,31.46,30.35,31.33,1488200,46419616.00
2025/12/08,31.45,31.67,31.11,31.20,988598,31144094.00
2025/12/09,31.15,31.65,30.94,30.99,1138800,35810896.00
2025/12/10,31.06,31.29,30.56,31.05,1106761,34443920.00
2025/12/11,31.20,31.20,30.03,30.17,1447100,44404856.00
2025/12/12,30.32,31.44,30.23,31.11,1942499,60677496.00
2025/12/15,31.00,31.48,30.66,30.88,1433138,44777384.00
2025/12/16,30.88,30.88,30.10,30.25,1210865,37005672.00
2025/12/17,30.25,30.36,29.15,30.14,1690265,50490544.00
2025/12/18,30.07,30.37,29.87,29.94,826900,25064970.00
2025/12/19,30.09,30.68,29.90,30.25,933300,28364864.00
2025/12/22,30.40,30.40,29.73,29.83,1408000,42523196.00
2025/12/23,29.95,29.96,29.47,29.58,1081600,32327352.00
2025/12/24,29.71,31.59,29.34,31.19,3399763,106210112.00
2025/12/25,31.10,31.28,30.71,31.18,1812665,56660764.00
2025/12/26,31.23,31.64,30.60,30.60,1486100,46264836.00
2025/12/29,30.61,30.91,30.11,30.68,1399704,42990352.00
2025/12/30,30.53,30.55,29.98,30.01,1273639,38792200.00
2025/12/31,30.08,30.38,29.82,30.18,1306701,39573444.00
2026/01/05,30.24,30.83,30.02,30.67,1405100,43312004.00
2026/01/06,30.85,31.10,30.47,30.71,1493799,46202572.00
2026/01/07,30.90,31.46,30.60,31.17,2040000,63836816.00
2026/01/08,31.17,31.60,31.01,31.40,2086000,65887568.00
2026/01/09,31.40,31.69,31.15,31.59,1868233,59167360.00
2026/01/12,31.88,32.85,31.50,32.83,2924500,95128624.00
2026/01/13,32.96,36.24,31.80,34.37,6883413,235758384.00
2026/01/14,34.06,34.25,32.70,33.65,7129671,239173040.00
2026/01/15,32.96,33.26,32.28,32.83,3713827,122064608.00
2026/01/16,34.57,34.79,32.52,32.86,5371753,180896960.00
2026/01/19,32.44,34.67,32.31,34.38,6393289,218129232.00
2026/01/20,33.97,34.29,33.45,34.02,4571523,155726992.00
2026/01/21,33.64,34.10,32.97,34.10,3842490,130169888.00
2026/01/22,34.10,34.18,33.36,33.58,2497377,84576752.00
2026/01/23,33.58,34.67,33.50,34.65,5069005,174929456.00
2026/01/26,34.30,34.63,33.40,33.71,3729418,127557376.00
2026/01/27,33.78,34.17,32.63,33.65,2614200,87851544.00
2026/01/28,33.72,34.20,32.80,33.10,2010278,67456128.00
2026/01/29,33.10,33.62,32.22,32.33,2264100,74959552.00
2026/01/30,32.22,33.08,32.13,32.89,1865462,61286096.00
2026/02/02,33.44,34.97,33.00,34.15,5315105,183800176.00
2026/02/03,33.94,34.42,33.68,34.24,4762380,163444912.00
2026/02/04,34.20,36.09,33.95,35.23,7322441,260380864.00
2026/02/05,34.50,35.19,34.22,34.30,4696614,163398832.00
2026/02/06,34.00,35.79,33.69,35.01,5766915,203703936.00
2026/02/09,35.02,36.06,34.62,35.80,5373804,191368208.00
2026/02/10,34.79,35.15,34.18,34.60,4287952,150093680.00
2026/02/11,34.48,34.72,33.71,33.80,3278745,112328512.00
2026/02/12,34.16,34.83,33.43,34.21,3760596,129829232.00
2026/02/13,34.70,34.70,33.66,33.66,2623600,90042520.00
2026/02/24,34.01,35.50,34.01,35.32,3752904,132340840.00
2026/02/25,35.40,35.57,34.75,35.05,2449498,86149752.00
2026/02/26,35.07,37.55,34.80,36.89,7057922,258195152.00
2026/02/27,36.50,37.38,35.97,37.13,5122300,189449584.00
2026/03/02,36.29,37.00,35.10,35.50,4843997,174014928.00
2026/03/03,35.36,37.30,34.80,35.82,7924636,288957536.00
2026/03/04,34.80,38.16,34.70,37.80,9706365,362275104.00
2026/03/05,37.78,41.13,37.23,37.56,13033107,509576672.00
2026/03/06,37.86,41.48,37.79,39.10,12936446,514811584.00
2026/03/09,35.18,41.06,35.18,39.95,11966748,471487072.00
2026/03/10,39.55,40.48,38.85,39.15,8820703,349930720.00
2026/03/11,38.57,41.86,37.81,41.80,12761129,517596416.00
2026/03/12,40.40,43.57,39.47,43.28,12211122,508131968.00
2026/03/13,42.20,42.80,39.16,39.19,8790343,359556320.00
2026/03/16,38.49,38.81,36.47,37.40,5386279,202263824.00
2026/03/17,37.40,38.12,35.33,35.60,4921479,181935504.00
2026/03/18,35.65,36.69,35.50,35.96,3285327,118949248.00
2026/03/19,35.25,36.42,34.70,35.17,3467005,123773424.00
2026/03/20,35.17,36.48,34.80,35.57,3629570,130186872.00
2026/03/23,33.91,34.89,32.10,32.49,4246358,141863664.00
2026/03/24,33.25,34.03,32.36,34.02,3266518,109294552.00
2026/03/25,33.90,35.00,33.70,34.16,2959655,102499392.00
2026/03/26,34.16,34.29,32.05,32.39,2965351,97883432.00
2026/03/27,31.72,33.38,31.60,33.12,2458092,81512504.00
2026/03/30,32.73,33.59,32.46,33.17,1997365,66348424.00
2026/03/31,33.14,33.31,31.72,31.83,2231909,72558392.00
2026/04/01,32.43,32.53,31.71,32.02,1724672,55736856.00
2026/04/02,32.23,32.35,30.70,30.98,2252100,70962448.00
2026/04/03,30.88,31.48,29.66,29.89,2040900,61911224.00
2026/04/07,30.10,30.89,29.95,30.55,1915722,58911840.00
2026/04/08,31.07,31.91,31.01,31.78,1835800,58249296.00
2026/04/09,31.72,32.18,31.15,31.42,1534259,48693744.00
2026/04/10,31.58,31.95,31.30,31.40,1595298,50763908.00
2026/04/13,31.49,31.65,31.03,31.59,1256295,39684432.00
2026/04/14,31.62,31.94,31.46,31.76,1877354,59780992.00
2026/04/15,32.33,32.76,31.62,32.00,3114487,101100400.00
2026/04/16,32.00,32.58,31.40,32.45,2453984,79223656.00
2026/04/17,32.46,32.80,31.60,31.99,1831392,58868000.00
2026/04/20,32.00,32.19,31.69,32.11,1695000,54458836.00
2026/04/21,32.31,32.31,31.30,31.98,1629200,51926640.00
2026/04/22,31.82,31.95,31.41,31.67,1367300,43600280.00
2026/04/23,31.59,32.25,31.12,31.48,2109305,66941524.00
2026/04/24,31.29,31.63,30.75,31.35,1773500,55684736.00
2026/04/27,31.50,31.99,30.92,31.96,1742198,55221436.00
2026/04/28,31.89,31.89,31.03,31.23,1477692,46565772.00
2026/04/29,31.09,32.06,30.98,31.75,1310190,41873464.00
2026/04/30,32.00,32.00,31.40,31.74,1178490,37587952.00
2026/05/06,31.93,32.51,31.86,32.46,1852288,60185768.00
2026/05/07,32.46,33.39,32.23,33.15,2425172,80431024.00
2026/05/08,33.21,33.21,32.54,32.74,2062954,67893688.00
2026/05/11,32.77,33.95,32.74,33.52,2945558,99175384.00
2026/05/12,33.40,34.07,33.11,33.55,2697146,91238504.00
2026/05/13,33.80,34.58,33.46,34.30,3457909,119001488.00
2026/05/14,34.26,34.39,32.90,32.92,2365300,79470576.00
2026/05/15,32.92,33.19,32.35,32.50,1809799,59681864.00
2026/05/18,32.30,32.91,31.81,32.76,1508842,49387580.00
2026/05/19,32.57,33.36,32.30,33.26,1681900,55636176.00
2026/05/20,33.22,33.68,32.05,32.48,1441325,46984700.00
2026/05/21,32.54,32.80,30.40,30.52,2627387,83434992.00
2026/05/22,31.13,31.57,30.49,31.27,1414500,44245248.00
2026/05/25,31.71,32.10,30.23,30.56,1725915,53701064.00
2026/05/26,30.55,30.71,29.20,29.75,1742959,52070440.00
2026/05/27,29.85,30.08,28.70,29.09,1272100,37457160.00
2026/05/28,29.09,30.02,28.91,29.79,1389300,41135920.00
2026/05/29,29.78,29.99,27.97,28.27,1733300,50046836.00
2026/06/01,28.02,29.71,27.97,29.20,1825889,53295092.00
2026/06/02,28.92,29.68,27.60,28.21,1637785,46263968.00
2026/06/03,28.04,28.29,27.10,27.33,1842390,50792944.00
2026/06/04,27.32,27.71,26.78,26.93,1446800,39245816.00
2026/06/05,26.70,28.07,26.41,27.55,1797677,49068780.00
2026/06/08,26.89,27.41,26.09,26.38,1817000,48664208.00
2026/06/09,26.41,26.95,26.15,26.40,1217100,32231764.00
2026/06/10,26.59,26.59,25.11,25.84,1467475,37561112.00
2026/06/11,25.63,26.00,25.11,25.60,1138262,28930758.00
2026/06/12,25.74,26.33,25.34,26.10,1193000,31007360.00
2026/06/15,26.09,27.00,26.02,26.40,1458333,38602344.00
2026/06/16,26.45,26.98,25.88,26.64,1304601,34651320.00
2026/06/17,26.64,26.64,25.61,25.99,1218100,31552346.00
2026/06/18,25.86,26.05,25.41,25.60,938800,24084750.00
2026/06/22,25.60,25.89,24.62,25.75,1581772,39846560.00
2026/06/23,25.84,26.20,25.49,25.88,1317900,34158248.00
2026/06/24,25.91,26.00,24.48,25.04,1366100,34075896.00
2026/06/25,24.97,25.19,23.94,24.25,1563100,37966884.00
2026/06/26,24.68,24.70,23.41,23.64,1265652,30071830.00
2026/06/29,23.43,23.78,22.41,23.40,2021000,46707344.00
2026/06/30,23.13,23.61,22.88,23.32,1529800,35576144.00
2026/07/01,23.18,24.17,22.90,23.55,1726552,40624792.00
2026/07/02,23.69,25.03,23.51,23.78,2072500,50150984.00
2026/07/03,24.53,24.78,24.00,24.46,1819200,44349160.00
2026/07/06,24.52,25.02,23.86,24.06,1367063,33216830.00
2026/07/07,23.75,24.20,23.00,23.00,1196000,27957828.00
2026/07/08,23.25,23.45,22.25,22.57,1222036,27642238.00
2026/07/09,22.21,22.72,21.70,22.55,1303800,28993180.00
2026/07/10,22.50,23.36,22.23,22.79,1318210,30107872.00
2026/07/13,22.62,22.86,21.80,21.90,1310005,28986640.00
2026/07/14,21.86,22.40,21.40,22.38,1291700,28406180.00
2026/07/15,22.38,22.80,21.88,22.68,1186400,26633262.00
2026/07/16,22.57,23.30,22.24,22.48,1130100,25721902.00
2026/07/17,22.36,22.80,21.20,21.36,1736550,38263172.00
2026/07/20,21.50,22.28,20.36,20.75,1729428,37020564.00
2026/07/21,20.85,21.10,19.51,20.75,1979200,40396652.00
2026/07/22,20.99,21.01,20.20,20.48,1499739,30744806.00
2026/07/23,20.15,21.77,20.15,21.63,2129700,45139304.00
2026/07/24,21.57,21.68,20.90,21.03,1193542,25281634.00
2026/07/27,21.01,21.88,20.71,21.75,1350900,29060868.00
2026/07/28,21.55,22.05,21.38,21.58,1004912,21865906.00
2026/07/29,21.67,22.06,21.34,21.86,1248400,27153792.00
2026/07/30,21.74,22.07,21.16,21.30,1205600,26071176.00
2026/07/31,21.51,22.12,21.51,22.05,1305412,28657364.00
2026/08/03,21.94,23.25,21.94,23.13,2008400,45758336.00
2026/08/04,23.15,23.62,23.15,23.59,1660000,38816984.00
2026/08/05,23.57,24.01,23.43,23.83,1690600,40059064.00
2026/08/06,23.77,23.82,23.21,23.66,1091700,25672726.00
2026/08/07,23.80,23.80,23.01,23.48,1007600,23473668.00
2026/08/10,23.50,23.99,23.16,23.96,1115400,26500074.00
2026/08/11,23.81,24.09,23.50,23.92,1097400,26146452.00
2026/08/12,23.90,24.80,23.71,24.50,1340800,32642088.00
2026/08/13,24.52,24.83,24.15,24.16,1052500,25625592.00
2026/08/14,24.23,24.26,23.75,24.08,987400,23660120.00
2026/08/17,24.15,24.50,23.79,24.46,698700,16978344.00
2026/08/18,24.69,24.69,23.93,24.24,684100,16526199.00
2026/08/19,24.10,24.35,23.27,23.40,863700,20395932.00
2026/08/20,23.44,24.18,23.44,24.04,889837,21302594.00
2026/08/21,23.80,24.08,23.44,23.81,666289,15839561.00
2026/08/24,23.96,24.08,23.43,23.71,962592,22797118.00
2026/08/25,23.34,24.49,23.34,24.40,878658,21165840.00
2026/08/26,24.40,24.55,24.11,24.39,839400,20453452.00
2026/08/27,24.24,24.39,23.88,24.17,816400,19708644.00
2026/08/28,24.06,24.56,24.06,24.44,672500,16398227.00
2026/08/31,24.45,26.50,24.29,25.80,3697434,95280792.00
2026/09/01,25.69,26.18,25.46,25.87,2664965,68998944.00
2026/09/02,26.04,26.57,25.61,26.02,2007118,52034160.00
2026/09/03,26.03,26.22,25.36,25.51,1354177,34819748.00
2026/09/04,25.42,25.99,25.35,25.46,1483300,38137028.00
2026/09/07,25.58,25.64,25.18,25.45,1587200,40388232.00
2026/09/08,25.88,25.89,25.29,25.45,1432200,36445992.00
2026/09/09,25.45,25.54,25.01,25.15,1014036,25615198.00
2026/09/10,25.24,25.24,24.68,24.68,773965,19231524.00
2026/09/11,24.40,24.48,23.70,24.09,1033800,24858556.00
2026/09/14,23.86,24.60,23.80,24.37,1204900,29264932.00
#数据来源:通达信
