301333 诺思格 日线 前复权
      日期	    开盘	    最高	    最低	    收盘	    成交量	    成交额
2022/08/02,48.63,61.20,47.89,55.58,7821059,695218688.00
2022/08/03,54.32,60.57,54.18,58.10,6122142,572529472.00
2022/08/04,55.57,59.64,53.07,57.02,4867446,448746432.00
2022/08/05,56.20,58.69,53.76,54.39,4201766,379758176.00
2022/08/08,53.72,61.20,52.45,61.00,5221977,484949376.00
2022/08/09,59.61,59.64,55.57,56.64,3733534,345068480.00
2022/08/10,56.39,57.50,54.86,56.73,2583467,234968016.00
2022/08/11,56.82,57.42,55.01,55.03,2471780,225668192.00
2022/08/12,54.94,55.01,50.50,50.57,3759255,319296832.00
2022/08/15,49.95,51.14,49.40,50.75,1223029,99868928.00
2022/08/16,50.45,51.20,49.20,49.41,1475846,119573032.00
2022/08/17,49.42,52.55,49.42,51.32,1710227,141160112.00
2022/08/18,50.64,51.19,49.30,49.84,1344162,108751288.00
2022/08/19,49.45,51.07,49.44,50.29,1159618,94890312.00
2022/08/22,50.51,54.88,50.10,54.06,2779657,239026832.00
2022/08/23,54.39,54.42,51.19,51.54,1838435,156240832.00
2022/08/24,51.32,52.45,50.57,51.13,846271,70592760.00
2022/08/25,51.13,51.13,49.40,50.09,887057,71683824.00
2022/08/26,49.94,51.55,48.62,48.76,1080759,87381960.00
2022/08/29,48.30,49.13,47.65,48.35,829521,65064260.00
2022/08/30,48.35,49.32,48.00,48.74,534539,42200856.00
2022/08/31,48.55,50.26,48.31,49.50,956154,76740160.00
2022/09/01,48.73,50.19,48.73,49.20,578023,46318560.00
2022/09/02,49.02,50.12,49.02,50.00,753173,60665324.00
2022/09/05,49.48,51.51,48.78,50.78,1089896,88818040.00
2022/09/06,50.57,50.79,49.70,50.62,591732,48187904.00
2022/09/07,50.63,51.18,50.19,50.74,613855,50513300.00
2022/09/08,50.80,51.63,50.58,50.81,752476,62429216.00
2022/09/09,50.77,52.14,50.58,51.95,922513,77444416.00
2022/09/13,51.93,51.94,49.14,49.84,1319170,106991176.00
2022/09/14,49.14,50.01,48.89,49.95,557447,44852652.00
2022/09/15,50.12,50.54,48.81,49.45,771548,61998352.00
2022/09/16,49.35,49.42,46.82,46.82,667381,52075636.00
2022/09/19,46.20,46.49,42.76,44.36,1273173,91650096.00
2022/09/20,44.17,45.07,43.89,44.40,516565,37339008.00
2022/09/21,44.09,44.51,43.35,44.12,308500,22084376.00
2022/09/22,43.95,44.40,43.36,43.39,413289,29528272.00
2022/09/23,43.51,43.87,41.31,41.49,720489,49377312.00
2022/09/26,41.15,41.81,39.21,39.79,1077127,70898928.00
2022/09/27,39.89,43.01,39.89,42.89,1039097,70578216.00
2022/09/28,42.98,44.57,42.57,42.94,761741,53845264.00
2022/09/29,42.94,44.92,42.15,43.67,871501,62207920.00
2022/09/30,43.70,43.80,42.45,42.51,250784,17521836.00
2022/10/10,42.69,43.80,40.57,40.79,481276,32539318.00
2022/10/11,40.51,40.79,39.14,39.51,486100,31563538.00
2022/10/12,39.95,40.43,38.57,40.39,494106,31715602.00
2022/10/13,39.57,42.78,39.57,41.62,870239,59168664.00
2022/10/14,41.60,47.07,41.60,46.20,1435532,105083000.00
2022/10/17,45.58,47.45,45.29,46.28,754312,56753820.00
2022/10/18,46.27,46.52,45.17,45.44,744180,55152016.00
2022/10/19,45.57,45.87,43.60,44.20,630600,45276888.00
2022/10/20,44.30,45.43,43.95,43.96,395799,28632708.00
2022/10/21,44.25,44.39,41.82,42.99,818128,56969396.00
2022/10/24,43.15,44.04,41.77,42.22,567838,39348732.00
2022/10/25,41.97,42.62,40.20,41.77,579862,38894884.00
2022/10/26,41.80,45.73,41.80,45.09,1203484,87403720.00
2022/10/27,44.95,44.95,42.95,44.00,870858,62288160.00
2022/10/28,43.70,44.25,42.01,42.23,706900,49501752.00
2022/10/31,42.14,43.45,42.14,42.64,438200,30468742.00
2022/11/01,42.45,44.45,41.83,44.26,741877,52268184.00
2022/11/02,44.30,45.49,43.48,43.59,1019729,73729576.00
2022/11/03,43.61,45.32,43.23,45.31,853966,61957828.00
2022/11/04,45.57,45.94,44.52,45.79,1031600,75784544.00
2022/11/07,45.45,47.30,45.05,47.09,1094100,82230944.00
2022/11/08,46.70,47.00,45.08,45.73,821316,60845012.00
2022/11/09,45.61,47.94,45.04,47.26,1015479,77352560.00
2022/11/10,46.87,47.95,45.45,45.52,673930,50752224.00
2022/11/11,46.57,49.25,46.32,46.61,1532100,118750288.00
2022/11/14,46.76,47.79,45.58,46.35,851624,64432120.00
2022/11/15,46.38,47.12,45.67,46.96,707553,53375236.00
2022/11/16,47.20,47.64,46.36,47.32,853200,65018296.00
2022/11/17,47.45,47.92,46.22,47.54,1128949,86364368.00
2022/11/18,47.23,49.60,47.23,48.88,1651182,130808392.00
2022/11/21,49.29,50.23,47.86,49.75,1201117,96087008.00
2022/11/22,49.53,49.95,48.51,49.11,667234,53155540.00
2022/11/23,48.79,49.32,46.44,47.50,671449,51708208.00
2022/11/24,47.50,48.45,47.21,48.20,426759,33255414.00
2022/11/25,47.86,47.86,46.51,46.64,290900,22145198.00
2022/11/28,45.73,46.93,45.73,46.24,204500,15384637.00
2022/11/29,46.30,48.47,45.73,48.47,586686,45244176.00
2022/11/30,48.07,48.44,46.99,47.47,226000,17425206.00
2022/12/01,47.37,52.37,47.07,52.37,1255439,102850536.00
2022/12/02,52.14,52.14,50.67,51.00,651363,54109684.00
2022/12/05,51.20,51.51,50.06,50.80,309365,25407578.00
2022/12/06,50.80,50.92,49.10,49.49,369806,29853118.00
2022/12/07,50.57,52.07,49.32,51.29,569059,47086776.00
2022/12/08,50.71,51.37,49.85,51.01,443800,36524364.00
2022/12/09,51.02,52.35,50.44,50.47,441035,36696056.00
2022/12/12,50.42,50.47,49.49,49.63,272961,22081834.00
2022/12/13,49.94,50.45,49.35,49.56,210532,17012344.00
2022/12/14,49.82,49.82,48.27,48.29,293940,23215050.00
2022/12/15,48.07,49.04,47.45,48.85,181378,14236828.00
2022/12/16,48.81,49.12,48.17,48.62,163200,12894041.00
2022/12/19,48.69,51.51,48.15,50.07,840960,68654440.00
2022/12/20,50.07,53.57,50.07,51.85,1551025,130958520.00
2022/12/21,51.85,53.07,50.50,50.83,740137,62192264.00
2022/12/22,51.25,51.29,48.35,48.67,377300,30326556.00
2022/12/23,48.67,49.70,47.95,49.12,303286,23919986.00
2022/12/26,49.12,49.24,46.57,47.32,387800,29910278.00
2022/12/27,47.45,51.20,46.20,49.53,878928,70247304.00
2022/12/28,49.34,52.49,49.34,51.57,1204959,100464968.00
2022/12/29,51.45,52.32,50.61,52.01,547408,45960584.00
2022/12/30,52.01,52.29,50.57,50.79,318000,26400028.00
2023/01/03,52.04,56.76,50.80,55.11,1238767,109989512.00
2023/01/04,55.73,57.32,54.95,56.82,884030,80359896.00
2023/01/05,56.70,59.11,56.43,57.32,683815,63737128.00
2023/01/06,57.32,60.14,57.12,59.96,1066575,102318120.00
2023/01/09,60.19,60.19,56.20,56.50,884485,82083112.00
2023/01/10,56.60,58.92,55.57,58.82,597320,55759240.00
2023/01/11,58.35,59.25,57.19,58.20,379250,35800124.00
2023/01/12,58.25,59.69,58.00,58.27,422233,40221592.00
2023/01/13,58.27,61.50,57.76,60.82,733100,71552040.00
2023/01/16,60.52,65.99,60.52,65.04,974199,100881264.00
2023/01/17,64.01,64.98,61.19,62.95,1086500,110054040.00
2023/01/18,62.45,64.10,61.83,63.04,540211,55076972.00
2023/01/19,63.00,69.32,63.00,67.64,877779,95039656.00
2023/01/20,67.95,70.80,67.24,70.50,951400,107013016.00
2023/01/30,69.58,69.70,66.56,67.35,801416,87737072.00
2023/01/31,67.46,68.07,65.09,65.76,683899,73134496.00
2023/02/01,65.40,66.34,63.60,66.25,701800,73774296.00
2023/02/02,65.50,70.75,65.50,70.07,1142600,127565408.00
2023/02/03,69.39,71.31,68.70,70.26,478600,54133160.00
2023/02/06,70.26,71.19,68.70,70.46,456809,51538252.00
2023/02/07,70.49,73.31,69.01,69.13,702300,80737064.00
2023/02/08,68.76,72.15,68.07,72.14,674704,77350072.00
2023/02/09,70.58,72.45,70.58,70.97,513700,59187340.00
2023/02/10,70.75,72.30,69.32,71.05,467200,53180928.00
2023/02/13,70.57,73.00,70.27,72.07,776800,90186504.00
2023/02/14,72.45,72.45,68.89,70.60,831285,94269688.00
2023/02/15,70.60,71.18,68.07,69.94,852003,95560320.00
2023/02/16,68.90,71.37,68.87,70.20,522232,59424768.00
2023/02/17,69.82,75.25,69.35,73.65,807369,95288872.00
2023/02/20,73.19,75.36,72.51,75.36,656169,78416560.00
2023/02/21,75.36,75.36,72.02,73.39,763935,90067336.00
2023/02/22,72.80,74.24,72.14,72.45,273100,32198292.00
2023/02/23,72.45,73.43,71.20,71.52,243342,28326388.00
2023/02/24,71.53,72.25,67.45,68.04,685007,76402744.00
2023/02/27,68.82,69.07,66.20,66.60,397900,43516732.00
2023/02/28,67.45,69.07,66.27,68.01,446800,49155736.00
2023/03/01,67.77,69.79,65.91,69.46,414860,45684224.00
2023/03/02,69.32,70.94,67.55,67.97,219960,24595868.00
2023/03/03,68.07,69.67,67.69,69.06,185425,20643084.00
2023/03/06,68.87,72.37,68.41,72.36,518036,59625508.00
2023/03/07,72.76,73.44,70.81,72.24,452916,52897392.00
2023/03/08,71.77,83.00,71.77,79.80,997257,127807096.00
2023/03/09,80.70,82.76,78.47,81.89,646016,84624768.00
2023/03/10,81.20,81.20,77.57,78.93,441668,56138120.00
2023/03/13,79.02,80.37,76.94,79.95,288561,36601924.00
2023/03/14,79.87,82.65,78.72,82.44,416605,54570168.00
2023/03/15,82.27,82.97,79.02,81.18,354100,46223388.00
2023/03/16,81.20,81.89,79.25,80.11,185800,24201772.00
2023/03/17,80.26,80.86,73.30,75.78,701415,85962256.00
2023/03/20,74.32,75.32,71.42,71.44,390316,46063384.00
2023/03/21,70.89,74.25,70.84,73.72,348900,41145396.00
2023/03/22,74.31,76.92,72.95,73.15,301302,36448792.00
2023/03/23,73.57,74.57,70.94,71.23,229600,26855376.00
2023/03/24,71.79,72.28,70.14,70.37,145813,16763174.00
2023/03/27,69.75,72.67,69.75,70.93,173600,19900932.00
2023/03/28,70.94,73.62,70.16,73.02,331104,38708764.00
2023/03/29,73.03,73.03,68.39,68.39,477514,53657816.00
2023/03/30,68.39,71.38,67.45,70.39,310417,35213068.00
2023/03/31,70.40,71.39,69.00,69.51,203077,22894140.00
2023/04/03,70.36,70.37,68.42,69.64,243779,27300318.00
2023/04/04,70.71,70.71,66.42,67.42,224945,24633154.00
2023/04/06,67.45,68.89,66.59,68.70,248926,27176004.00
2023/04/07,69.32,77.40,68.22,72.45,575510,68912096.00
2023/04/10,73.39,78.00,72.32,74.44,569700,69243304.00
2023/04/11,74.44,76.88,69.95,73.09,429105,50444004.00
2023/04/12,72.62,73.09,69.06,69.21,486900,54880680.00
2023/04/13,69.59,72.14,68.39,71.50,324763,37272496.00
2023/04/14,72.99,76.20,69.95,71.50,485213,57541708.00
2023/04/17,71.49,73.27,70.57,70.87,196905,22725604.00
2023/04/18,72.30,72.30,69.95,70.76,178300,20463692.00
2023/04/19,70.77,72.45,69.96,70.56,210700,24018158.00
2023/04/20,71.18,71.20,68.28,69.32,225100,25225710.00
2023/04/21,69.32,71.05,67.45,68.06,200600,22428234.00
2023/04/24,69.07,70.13,67.59,69.20,314903,34868600.00
2023/04/25,67.99,69.89,58.77,61.99,1043923,105290680.00
2023/04/26,61.12,65.89,60.57,65.04,309797,32176058.00
2023/04/27,66.09,68.62,65.05,67.14,229624,24978790.00
2023/04/28,68.39,68.39,63.09,64.32,384795,40543508.00
2023/05/04,61.45,64.46,61.45,62.21,349100,35458352.00
2023/05/05,61.82,63.25,60.99,63.01,231500,23234784.00
2023/05/08,61.68,62.75,59.69,60.25,201300,19774748.00
2023/05/09,60.24,60.50,58.70,59.75,190000,18311572.00
2023/05/10,60.59,61.62,58.58,60.51,170800,16590319.00
2023/05/11,61.73,72.75,61.20,64.96,484700,51817580.00
2023/05/12,63.64,63.69,60.60,60.73,417905,41882048.00
2023/05/15,59.95,62.00,59.95,61.82,178400,17585924.00
2023/05/16,61.67,64.67,60.94,62.51,194800,19784142.00
2023/05/17,62.45,64.45,61.07,63.99,217000,22099748.00
2023/05/18,63.70,63.95,61.95,62.39,102361,10333335.00
2023/05/19,62.44,63.20,61.88,62.91,110532,11180737.00
2023/05/22,62.91,63.64,61.52,63.54,105500,10744658.00
2023/05/23,63.57,65.25,63.07,63.74,107600,11174814.00
2023/05/24,63.69,63.69,61.90,62.39,118602,11974672.00
2023/05/25,62.39,62.68,60.27,61.82,244000,24150692.00
2023/05/26,61.50,62.73,61.50,61.90,87100,8739936.00
2023/05/29,62.22,63.57,62.22,63.01,98039,9977005.00
2023/05/30,63.01,63.32,60.46,61.72,146200,14557551.00
2023/05/31,61.72,62.97,60.01,60.38,142478,14156394.00
2023/06/01,61.20,63.05,60.29,61.39,193488,19329940.00
2023/06/02,62.13,62.45,59.53,60.19,171028,16665542.00
2023/06/05,60.43,60.49,59.31,59.75,139621,13462382.00
2023/06/06,59.47,59.47,56.85,57.14,316420,29640906.00
2023/06/07,58.01,58.01,56.95,57.18,117258,10877331.00
2023/06/08,56.82,57.69,56.59,56.82,116400,10756599.00
2023/06/09,56.82,58.50,56.51,56.86,228878,21186462.00
2023/06/12,57.19,57.19,55.26,56.73,167887,15243702.00
2023/06/13,56.21,57.44,55.95,56.27,142400,12984936.00
2023/06/14,56.44,56.75,54.95,55.67,125776,11426000.00
2023/06/15,56.15,57.07,55.24,56.49,154200,14061636.00
2023/06/16,56.82,56.83,55.57,55.95,129700,11775295.00
2023/06/19,56.23,56.51,54.99,55.24,132848,11941084.00
2023/06/20,56.12,56.12,54.69,54.86,205900,18363224.00
2023/06/21,55.07,55.14,54.19,54.27,137600,12185723.00
2023/06/26,54.24,55.52,53.26,53.60,275850,24329428.00
2023/06/27,53.89,54.74,52.45,52.79,260848,22440470.00
2023/06/28,53.49,53.64,50.64,51.64,455097,38126684.00
2023/06/29,52.31,52.31,49.71,50.08,608000,30917880.00
2023/06/30,50.48,51.16,49.28,49.78,917620,46443080.00
2023/07/03,49.73,50.63,49.33,49.73,619018,31141116.00
2023/07/04,49.74,51.31,48.72,49.76,1403698,70697232.00
2023/07/05,50.09,51.66,49.78,50.53,2410283,123165528.00
2023/07/06,50.53,50.77,46.72,47.48,2664891,129691976.00
2023/07/07,47.14,47.45,46.14,46.24,998420,46903172.00
2023/07/10,46.24,47.14,45.98,46.33,511520,24088006.00
2023/07/11,46.26,47.70,46.13,47.48,761140,36157668.00
2023/07/12,47.09,47.78,45.82,45.87,662220,31137152.00
2023/07/13,46.06,49.77,46.03,49.13,1577369,77016096.00
2023/07/14,48.97,49.61,48.36,49.04,1087604,53890984.00
2023/07/17,48.38,48.85,47.29,48.07,686820,33186316.00
2023/07/18,47.82,48.94,47.34,48.29,507328,24648758.00
2023/07/19,48.03,50.79,48.03,49.51,1307660,65608184.00
2023/07/20,49.18,49.86,47.91,48.01,822321,40503940.00
2023/07/21,48.03,50.36,47.74,48.43,827020,41076032.00
2023/07/24,48.61,49.07,47.63,48.24,477000,23237722.00
2023/07/25,48.48,49.86,48.48,49.58,934000,46689156.00
2023/07/26,49.58,54.08,49.35,52.48,1807421,95855592.00
2023/07/27,52.29,52.75,50.79,51.54,927479,48206820.00
2023/07/28,51.18,51.53,49.28,50.68,1317045,66961456.00
2023/07/31,50.34,53.73,49.64,52.24,1509400,79349816.00
2023/08/01,52.24,53.98,50.81,51.48,1224100,64568052.00
2023/08/02,51.39,51.58,49.48,49.63,1071680,54483360.00
2023/08/03,49.91,58.36,49.61,54.78,3059408,169967216.00
2023/08/04,55.33,55.45,52.38,53.23,2215282,119427104.00
2023/08/07,53.33,53.47,51.64,52.13,1274731,67213496.00
2023/08/08,52.06,53.48,50.78,52.53,1388598,73065472.00
2023/08/09,52.47,54.83,51.30,53.58,2231798,120503960.00
2023/08/10,53.78,54.83,52.14,53.18,1407900,75472840.00
2023/08/11,52.98,53.97,51.78,51.78,1143260,60962752.00
2023/08/14,51.56,52.92,50.36,52.50,1108954,57916868.00
2023/08/15,52.45,53.44,51.18,52.86,1340480,71049432.00
2023/08/16,52.78,55.00,52.00,53.08,1344040,72815952.00
2023/08/17,52.48,53.28,51.00,52.95,1117313,58980312.00
2023/08/18,52.96,53.22,50.18,50.21,835379,43516720.00
2023/08/21,50.42,54.98,49.17,53.47,2006305,107767648.00
2023/08/22,53.47,53.55,50.98,52.74,936602,49373168.00
2023/08/23,52.48,52.98,50.91,51.16,746169,39043864.00
2023/08/24,51.66,58.06,50.80,56.98,2399047,133330776.00
2023/08/25,55.48,57.88,54.54,57.48,2054837,117419600.00
2023/08/28,60.62,61.98,54.96,56.48,2018046,116323184.00
2023/08/29,54.98,58.15,53.34,57.52,2030949,114483592.00
2023/08/30,59.48,67.45,59.48,67.45,3296485,210042512.00
2023/08/31,65.09,66.36,63.24,64.35,2239708,146077312.00
2023/09/01,64.25,74.44,63.82,64.93,2476180,167729344.00
2023/09/04,64.93,69.47,62.58,65.58,2240099,149947968.00
2023/09/05,64.48,64.89,60.76,62.06,2112740,132943224.00
2023/09/06,61.90,62.42,60.04,61.36,1418733,87444240.00
2023/09/07,61.64,61.82,59.79,60.08,846420,51571644.00
2023/09/08,60.08,61.37,59.33,61.37,986539,60147712.00
2023/09/11,61.48,64.48,59.95,62.26,1762140,110950704.00
2023/09/12,62.26,63.98,60.99,62.91,1172500,74091296.00
2023/09/13,62.87,63.17,60.48,61.97,1045120,64707884.00
2023/09/14,61.76,64.93,61.39,64.39,1539105,98254024.00
2023/09/15,64.78,70.46,64.50,68.07,2569494,175789552.00
2023/09/18,66.84,70.28,65.98,67.16,2021850,138326896.00
2023/09/19,67.38,67.98,65.43,66.08,1539069,102741336.00
2023/09/20,65.87,66.36,64.37,65.12,835780,54798164.00
2023/09/21,65.28,65.98,64.12,65.49,761270,50028100.00
2023/09/22,65.47,67.48,63.66,67.18,1368044,90517344.00
2023/09/25,66.54,69.85,65.20,69.31,1386717,95254216.00
2023/09/26,69.48,69.60,67.34,67.72,925157,63699748.00
2023/09/27,68.21,73.94,67.38,72.02,1855032,132618520.00
2023/09/28,72.38,72.38,70.16,70.68,921578,65763364.00
2023/10/09,70.08,70.93,68.66,70.26,637883,44826300.00
2023/10/10,70.37,70.90,65.68,65.89,1356795,91698312.00
2023/10/11,65.89,69.35,65.51,66.83,1347620,91655512.00
2023/10/12,67.37,68.23,64.88,65.68,1269987,84475968.00
2023/10/13,65.45,67.11,65.35,66.48,844849,56342856.00
2023/10/16,66.38,68.26,65.72,66.36,1071220,72021240.00
2023/10/17,66.35,66.79,65.07,66.10,567007,37580844.00
2023/10/18,66.10,66.23,63.50,64.30,642503,41654780.00
2023/10/19,64.41,64.85,63.24,64.37,641130,41428376.00
2023/10/20,63.81,64.08,62.38,62.78,329788,20955664.00
2023/10/23,62.63,62.78,61.09,61.48,321920,20081246.00
2023/10/24,61.93,63.87,60.48,63.44,689080,43659720.00
2023/10/25,63.44,65.35,63.14,64.95,1066727,69236048.00
2023/10/26,63.65,64.26,59.78,61.51,1652197,102411320.00
2023/10/27,61.67,68.33,59.73,67.25,1840826,119727416.00
2023/10/30,66.95,73.56,66.48,73.35,2011763,142318960.00
2023/10/31,74.36,75.98,70.48,74.81,1691370,125013552.00
2023/11/01,74.96,74.96,72.13,72.47,1170040,85984720.00
2023/11/02,72.75,77.28,71.67,75.75,1211367,90454864.00
2023/11/03,75.74,76.34,74.08,74.68,704000,53125032.00
2023/11/06,74.43,79.68,74.43,78.04,1150511,89722896.00
2023/11/07,77.18,78.77,76.48,77.66,543580,42445872.00
2023/11/08,77.82,80.86,77.12,78.33,1039544,82867264.00
2023/11/09,78.69,79.17,75.65,76.28,776780,60035284.00
2023/11/10,76.02,76.98,75.47,76.28,552640,42452020.00
2023/11/13,76.77,76.98,75.48,76.59,522148,40089820.00
2023/11/14,77.24,77.24,74.82,75.75,449983,34278524.00
2023/11/15,76.08,77.95,74.30,76.81,646580,49455224.00
2023/11/16,76.38,76.84,74.57,74.70,321620,24399392.00
2023/11/17,74.70,75.26,73.77,75.00,296700,22282700.00
2023/11/20,75.66,76.65,73.83,74.16,627150,47476368.00
2023/11/21,73.98,74.61,71.18,71.49,1162400,84217448.00
2023/11/22,71.54,71.72,68.48,68.68,1210142,84816368.00
2023/11/23,68.68,70.44,68.32,69.11,612260,42579176.00
2023/11/24,69.11,69.46,67.48,67.96,799260,54961288.00
2023/11/27,68.01,70.10,66.71,68.23,1056987,73052040.00
2023/11/28,68.21,70.67,67.48,69.20,712738,49896180.00
2023/11/29,69.11,70.68,68.95,69.26,475240,33448364.00
2023/11/30,69.13,70.54,68.30,69.79,524715,36819852.00
2023/12/01,68.98,70.63,68.66,70.25,563694,39552292.00
2023/12/04,69.90,70.13,66.02,66.38,1306232,88479664.00
2023/12/05,66.38,67.38,65.48,65.58,486736,32575448.00
2023/12/06,65.99,67.48,65.08,66.53,1197099,79929600.00
2023/12/07,66.46,66.98,64.56,64.96,754052,49735956.00
2023/12/08,65.11,65.52,64.33,64.55,539534,35279732.00
2023/12/11,64.15,65.74,62.99,65.30,649444,42166884.00
2023/12/12,65.40,69.70,65.15,69.12,1456340,99089736.00
2023/12/13,69.57,69.57,65.29,65.30,1183588,79543952.00
2023/12/14,65.47,67.35,63.48,63.48,1009590,66068084.00
2023/12/15,63.78,64.84,62.28,63.00,804900,51365640.00
2023/12/18,62.82,63.58,61.79,62.28,676108,42565116.00
2023/12/19,62.73,62.78,61.60,61.98,493000,30913496.00
2023/12/20,62.37,62.97,61.13,61.17,611469,38129008.00
2023/12/21,61.20,61.78,60.38,61.30,443500,27368716.00
2023/12/22,62.04,62.04,60.23,60.35,401881,24695448.00
2023/12/25,61.34,61.60,59.68,59.90,660300,40190280.00
2023/12/26,60.79,60.82,58.71,59.68,743120,44559404.00
2023/12/27,59.62,61.62,58.91,61.54,799283,48718444.00
2023/12/28,61.53,64.02,60.60,63.38,867120,54424944.00
2023/12/29,63.62,64.41,62.70,63.96,477020,30720878.00
2024/01/02,63.96,64.28,62.06,62.49,523703,33224836.00
2024/01/03,63.05,63.05,60.23,61.57,618800,38353428.00
2024/01/04,60.98,61.78,60.33,61.47,378800,23333772.00
2024/01/05,61.35,61.73,59.33,59.61,562200,34133848.00
2024/01/08,58.99,59.87,57.82,57.87,907200,53798928.00
2024/01/09,57.82,58.70,56.90,57.38,809651,47034332.00
2024/01/10,57.27,58.37,56.06,56.73,875260,50649772.00
2024/01/11,58.48,58.90,56.78,58.39,552520,32230776.00
2024/01/12,58.27,58.83,56.46,56.68,605761,35090640.00
2024/01/15,56.65,58.92,56.18,57.19,827960,48158876.00
2024/01/16,57.45,57.45,55.28,56.20,577120,32742036.00
2024/01/17,56.20,56.74,53.98,53.98,658126,36499188.00
2024/01/18,53.91,54.34,52.63,54.01,756960,40878544.00
2024/01/19,53.97,54.96,53.49,53.49,486489,26653084.00
2024/01/22,52.71,53.99,50.03,50.03,626120,32692508.00
2024/01/23,49.48,50.72,49.03,49.94,699060,35226848.00
2024/01/24,50.54,50.54,47.01,49.28,841480,41245904.00
2024/01/25,49.27,51.71,48.58,51.64,714040,36328200.00
2024/01/26,51.30,52.38,49.57,50.03,581360,29960170.00
2024/01/29,50.23,51.33,48.80,48.98,635060,31946054.00
2024/01/30,48.25,49.47,47.27,47.32,438950,21405922.00
2024/01/31,46.94,48.04,45.13,45.74,851000,39879168.00
2024/02/01,44.79,46.26,44.08,44.68,743660,33845736.00
2024/02/02,44.71,45.99,40.83,42.30,893497,39366892.00
2024/02/05,42.21,42.82,36.67,42.48,1478479,59643620.00
2024/02/06,40.48,46.28,38.09,44.23,1902119,80920384.00
2024/02/07,43.93,45.84,42.23,43.34,1276207,57327324.00
2024/02/08,42.58,49.50,41.54,47.87,1427887,65935884.00
2024/02/19,47.47,50.08,47.11,48.93,1042855,51366704.00
2024/02/20,48.51,50.47,47.51,49.19,721648,36125020.00
2024/02/21,48.81,50.88,48.30,50.13,630215,31836812.00
2024/02/22,49.93,50.93,48.68,49.56,687200,34358948.00
2024/02/23,49.51,49.53,47.68,49.44,809620,39910428.00
2024/02/26,49.26,50.68,48.68,49.88,927120,46566732.00
2024/02/27,49.50,51.00,49.31,50.76,598740,30314328.00
2024/02/28,50.81,52.85,48.85,48.93,1279862,66279060.00
2024/02/29,47.98,49.88,47.78,49.58,904605,44870344.00
2024/03/01,49.80,49.95,48.78,49.22,665701,33081614.00
2024/03/04,49.16,52.16,49.09,50.68,1202305,61383716.00
2024/03/05,50.25,50.25,48.01,48.08,1287796,63368308.00
2024/03/06,48.76,48.88,46.83,47.19,1071080,51319748.00
2024/03/07,46.59,47.38,44.51,45.18,1484636,69041824.00
2024/03/08,45.28,46.26,44.50,45.07,1018300,46405640.00
2024/03/11,44.81,48.38,44.81,47.72,1411019,67065784.00
2024/03/12,47.82,50.46,47.82,50.22,1717174,86041024.00
2024/03/13,49.98,50.45,48.74,50.13,1091308,54745880.00
2024/03/14,55.28,60.26,55.28,59.09,6720796,395959712.00
2024/03/15,55.48,58.48,53.30,55.33,4969857,278842464.00
2024/03/18,54.79,55.43,53.18,55.27,3578522,196730720.00
2024/03/19,54.77,54.97,53.37,53.68,2302274,125608064.00
2024/03/20,53.38,54.88,53.09,54.03,1939580,105840040.00
2024/03/21,53.98,54.36,52.38,52.74,1749960,93932952.00
2024/03/22,52.36,52.66,50.36,50.75,1532800,79157776.00
2024/03/25,51.08,52.68,50.49,50.49,1444068,75633128.00
2024/03/26,50.48,50.48,47.86,48.68,1553772,76984328.00
2024/03/27,48.38,49.41,47.14,47.27,1257700,61252932.00
2024/03/28,47.04,48.81,46.56,48.29,1111100,54052984.00
2024/03/29,47.29,50.03,47.26,49.84,1387367,68067720.00
2024/04/01,49.89,53.79,49.89,52.68,2043681,108809176.00
2024/04/02,52.84,53.37,51.84,52.63,1037565,55012040.00
2024/04/03,52.29,54.26,52.00,53.78,1518653,82105680.00
2024/04/08,53.27,57.58,52.98,54.68,3150993,178390720.00
2024/04/09,54.79,58.54,52.48,57.37,3057695,171473456.00
2024/04/10,56.92,58.46,56.01,58.24,1841380,106413632.00
2024/04/11,57.48,58.95,56.66,57.47,960080,55843148.00
2024/04/12,57.23,58.78,56.53,57.24,779640,45269864.00
2024/04/15,55.99,57.48,54.05,55.04,1646400,92532208.00
2024/04/16,54.73,55.86,51.48,51.68,1543860,83384640.00
2024/04/17,52.36,54.28,50.13,53.08,2036960,107524152.00
2024/04/18,52.12,53.97,50.99,51.18,2052375,108376112.00
2024/04/19,50.49,51.15,48.28,49.58,1992460,99483360.00
2024/04/22,48.10,48.10,42.33,43.64,6480458,287440672.00
2024/04/23,43.08,45.21,41.21,44.66,4577880,198449312.00
2024/04/24,43.95,44.36,42.57,42.89,2246676,98119320.00
2024/04/25,42.88,44.54,42.58,43.56,2299560,101505672.00
2024/04/26,43.33,45.66,42.73,45.38,2292800,103100200.00
2024/04/29,45.15,50.76,45.08,48.29,2552673,123824648.00
2024/04/30,47.48,48.57,46.98,47.86,1122960,54121524.00
2024/05/06,48.48,50.63,48.24,48.88,1502700,74802336.00
2024/05/07,48.67,49.32,47.73,48.39,1502960,73345560.00
2024/05/08,48.25,50.33,46.78,48.15,2313020,113119648.00
2024/05/09,48.15,49.32,47.70,47.97,1461240,71596144.00
2024/05/10,47.97,48.03,45.93,46.21,1945475,91543576.00
2024/05/13,47.56,48.98,44.32,44.54,1676744,77955768.00
2024/05/14,44.47,45.87,44.17,44.48,1310800,59529928.00
2024/05/15,44.48,44.66,43.28,43.51,1018523,45022784.00
2024/05/16,43.52,44.35,43.11,43.66,936000,41554736.00
2024/05/17,43.65,43.94,42.81,43.25,1035780,45280352.00
2024/05/20,42.99,44.93,42.99,44.50,1295820,57748060.00
2024/05/21,44.48,45.76,43.76,45.46,1587260,72351688.00
2024/05/22,45.47,46.83,44.77,46.38,1379300,63904140.00
2024/05/23,46.80,46.80,44.18,44.51,1092880,49942692.00
2024/05/24,44.05,44.72,43.17,43.52,731380,32359630.00
2024/05/27,43.78,43.83,42.63,43.79,665500,29159372.00
2024/05/28,43.46,44.75,43.09,44.06,769400,34430560.00
2024/05/29,44.18,45.23,43.72,44.31,766420,34393960.00
2024/05/30,44.27,44.48,42.88,43.28,895300,39551080.00
2024/05/31,43.34,44.93,43.34,43.97,942507,42119760.00
2024/06/03,43.92,44.03,42.58,42.70,805767,35144424.00
2024/06/04,41.98,43.08,41.60,42.68,597940,25703560.00
2024/06/05,42.78,42.87,40.87,40.87,1245994,52519048.00
2024/06/06,41.16,41.35,38.80,39.29,1318400,52949880.00
2024/06/07,39.49,40.08,38.80,39.16,721820,28665718.00
2024/06/11,39.07,40.42,38.33,40.31,874700,35161844.00
2024/06/12,40.33,43.48,40.31,41.42,1120814,47397988.00
2024/06/13,41.23,41.71,40.87,41.12,503354,21027424.00
2024/06/14,41.08,41.08,39.10,39.21,1211700,48541308.00
2024/06/17,39.18,39.28,38.51,38.57,592100,23303472.00
2024/06/18,38.86,38.86,37.73,37.93,1030888,39895796.00
2024/06/19,38.15,38.15,37.36,37.39,517940,19746176.00
2024/06/20,37.40,39.36,37.27,37.50,1439468,55843780.00
2024/06/21,36.98,38.57,36.41,37.91,1016388,38813368.00
2024/06/24,37.48,37.61,35.62,35.63,893188,32991258.00
2024/06/25,35.63,36.88,33.36,34.14,3539250,124446880.00
2024/06/26,34.08,34.96,33.94,34.91,2338467,81984376.00
2024/06/27,34.85,34.85,33.65,33.76,1394100,48222516.00
2024/06/28,33.72,34.16,32.93,33.09,1367080,46617192.00
2024/07/01,33.10,34.26,32.98,33.71,1361800,46566844.00
2024/07/02,34.18,35.58,34.04,35.31,2037899,72453912.00
2024/07/03,35.33,35.51,33.86,34.52,1638410,57540600.00
2024/07/04,34.52,34.52,33.04,33.23,961100,32877756.00
2024/07/05,33.23,39.94,32.73,37.98,4174100,154985936.00
2024/07/08,37.60,38.75,36.07,36.33,3703400,137863120.00
2024/07/09,36.55,36.56,34.74,35.84,2405120,86258240.00
2024/07/10,35.76,36.98,35.28,35.28,2364868,85702832.00
2024/07/11,35.68,37.40,35.68,36.91,2657294,98296232.00
2024/07/12,37.58,42.88,37.34,39.91,4442460,179305360.00
2024/07/15,38.29,39.48,37.88,39.12,2585200,100954728.00
2024/07/16,38.49,40.87,38.48,40.07,2338380,93447592.00
2024/07/17,39.89,45.09,39.86,43.75,4575814,196657152.00
2024/07/18,42.68,44.86,41.75,43.81,3035410,132560112.00
2024/07/19,42.47,42.93,40.93,41.10,3327980,140229648.00
2024/07/22,40.65,45.56,40.65,45.28,4310556,188572784.00
2024/07/23,43.72,45.88,43.69,44.13,2833328,127776904.00
2024/07/24,43.71,46.17,43.03,43.10,2115120,94296048.00
2024/07/25,42.67,44.67,42.52,43.54,1540500,67851528.00
2024/07/26,42.88,43.67,42.05,42.81,1459056,62636664.00
2024/07/29,42.81,43.67,42.12,42.68,1104360,47587752.00
2024/07/30,42.68,44.01,42.18,42.67,1432760,62103324.00
2024/07/31,42.26,45.98,41.33,45.73,2428500,107861568.00
2024/08/01,45.72,48.18,45.28,46.08,1844091,85918520.00
2024/08/02,45.95,50.47,45.76,48.64,3275409,160284448.00
2024/08/05,47.18,52.56,47.05,49.03,2895660,145724816.00
2024/08/06,49.78,50.85,47.55,48.27,2516540,124419808.00
2024/08/07,47.37,48.26,46.15,46.64,2484820,116850152.00
2024/08/08,46.80,47.46,45.69,45.88,1616220,75177552.00
2024/08/09,46.00,46.00,44.08,44.30,1607140,72408968.00
2024/08/12,44.17,44.62,43.11,43.77,1540600,68134976.00
2024/08/13,43.48,43.85,42.68,43.74,910800,39687344.00
2024/08/14,43.74,43.74,42.76,42.95,714000,30941814.00
2024/08/15,42.68,43.16,41.60,42.08,1132400,48127860.00
2024/08/16,41.84,43.34,41.29,42.60,1283260,55007404.00
2024/08/19,42.13,42.22,40.88,41.43,1084509,45217292.00
2024/08/20,41.26,41.53,40.68,41.08,744000,30733030.00
2024/08/21,41.17,41.17,39.45,39.79,1083200,43708016.00
2024/08/22,39.78,40.18,38.68,38.77,762160,30166388.00
2024/08/23,38.69,38.95,38.19,38.52,480500,18680332.00
2024/08/26,38.98,40.16,38.32,38.81,1197300,47178596.00
2024/08/27,38.75,39.56,38.38,38.74,706900,27751432.00
2024/08/28,39.09,39.38,38.19,38.64,590200,23016112.00
2024/08/29,38.48,39.87,37.36,39.47,1195940,46964400.00
2024/08/30,39.18,39.83,38.17,39.28,1917600,75369208.00
2024/09/02,39.29,39.45,37.48,37.58,1252300,48809504.00
2024/09/03,37.59,38.81,37.42,37.88,1066640,41017688.00
2024/09/04,37.68,40.17,37.60,38.74,1601887,63073772.00
2024/09/05,38.78,40.88,38.73,40.56,1488700,60203208.00
2024/09/06,40.56,40.76,38.38,38.48,961300,37972424.00
2024/09/09,38.21,40.36,37.78,39.00,1178700,46536616.00
2024/09/10,38.87,38.87,37.68,38.32,1019611,39119632.00
2024/09/11,37.91,39.68,37.91,38.94,884900,34790904.00
2024/09/12,39.60,40.64,38.96,39.48,1267400,51070116.00
2024/09/13,39.66,40.05,38.28,38.32,683820,26768380.00
2024/09/18,38.32,38.78,37.98,38.59,428426,16576043.00
2024/09/19,39.17,39.83,37.90,38.50,794300,31025160.00
2024/09/20,38.39,38.68,36.98,37.36,824186,31218690.00
2024/09/23,38.79,40.68,37.80,38.05,1911340,75358872.00
2024/09/24,37.98,39.58,37.65,39.28,1436200,56402868.00
2024/09/25,39.53,40.82,39.08,39.80,2050380,82364400.00
2024/09/26,39.18,40.44,38.38,40.35,1741480,68979112.00
2024/09/27,40.82,45.36,40.72,43.43,2375711,102632552.00
2024/09/30,44.88,50.32,43.88,49.39,3269521,156309856.00
2024/10/08,57.69,58.53,52.26,56.68,4491484,253808768.00
2024/10/09,52.20,53.66,47.34,48.23,3519603,179404096.00
2024/10/10,48.23,52.26,48.23,49.56,2950944,151580432.00
2024/10/11,49.53,51.48,47.88,48.88,2873824,144375552.00
2024/10/14,48.09,49.66,46.28,48.63,1990047,95935720.00
2024/10/15,48.38,49.87,46.05,46.13,2014120,97228632.00
2024/10/16,45.68,48.17,45.28,47.25,1817280,86464672.00
2024/10/17,47.07,48.68,47.05,47.30,1558224,75039224.00
2024/10/18,46.84,51.77,46.69,49.48,1964726,96603728.00
2024/10/21,49.48,53.17,48.70,51.51,1822735,93732304.00
2024/10/22,51.98,53.85,51.53,52.08,1472844,77947896.00
2024/10/23,52.10,52.68,50.69,51.99,965010,50050452.00
2024/10/24,51.68,54.17,51.41,53.70,1704982,91230968.00
2024/10/25,53.18,64.50,52.71,62.31,4442684,270932992.00
2024/10/28,61.92,67.68,57.68,67.36,3634116,227922992.00
2024/10/29,64.71,72.48,60.98,67.35,3276840,211951744.00
2024/10/30,64.71,64.79,59.76,60.59,1881557,118210408.00
2024/10/31,60.34,64.55,59.22,61.31,2195119,136762528.00
2024/11/01,60.69,61.15,57.50,57.75,1741532,102797040.00
2024/11/04,57.84,59.84,57.04,57.65,1405870,81915248.00
2024/11/05,57.66,67.88,56.48,65.97,3182923,197475456.00
2024/11/06,64.98,71.13,64.85,66.68,2719794,184572384.00
2024/11/07,66.00,68.45,64.71,65.96,1431884,95179864.00
2024/11/08,66.13,68.56,64.87,66.18,1641175,110217152.00
2024/11/11,66.18,71.54,65.25,69.44,2593512,179990224.00
2024/11/12,68.93,72.76,64.68,66.08,2772031,190673504.00
2024/11/13,64.83,66.09,61.81,63.48,1488983,94795968.00
2024/11/14,63.16,64.32,60.44,61.15,988923,62157088.00
2024/11/15,60.18,60.76,56.48,58.71,2376560,138891600.00
2024/11/18,58.10,58.58,52.73,53.53,2173740,120617184.00
2024/11/19,53.54,55.09,53.17,55.02,1099800,60032368.00
2024/11/20,55.03,63.26,54.38,59.08,2615875,156029664.00
2024/11/21,58.52,61.06,57.74,59.78,1488844,89398512.00
2024/11/22,59.69,59.69,57.25,58.09,1173140,68847520.00
2024/11/25,58.09,59.86,56.89,58.92,833020,48795980.00
2024/11/26,58.69,59.96,57.27,57.58,613640,36062464.00
2024/11/27,57.67,60.36,55.68,59.83,1225083,72566536.00
2024/11/28,59.91,60.08,58.16,58.68,616784,36476212.00
2024/11/29,58.20,62.96,58.14,60.49,1304880,79914056.00
2024/12/02,60.21,62.32,59.69,60.48,916060,56187640.00
2024/12/03,60.28,60.65,59.31,60.59,560915,33831988.00
2024/12/04,60.68,60.68,58.18,58.68,832260,49594596.00
2024/12/05,58.19,59.55,56.83,57.36,772547,45094684.00
2024/12/06,57.38,61.18,57.33,58.98,1266362,75245248.00
2024/12/09,60.97,62.16,56.53,57.12,1565287,92163720.00
2024/12/10,58.64,59.14,56.92,56.92,1156149,67268152.00
2024/12/11,56.77,57.78,56.48,57.48,619600,35556948.00
2024/12/12,57.33,57.66,56.03,56.87,681760,38818712.00
2024/12/13,56.90,57.26,54.89,54.98,696640,38852096.00
2024/12/16,54.72,55.35,54.21,54.38,586120,32315074.00
2024/12/17,54.18,54.26,51.10,51.92,1031934,54447060.00
2024/12/18,51.98,52.45,51.31,52.13,361460,18906448.00
2024/12/19,52.10,52.38,51.20,51.99,347320,18114232.00
2024/12/20,52.41,53.93,51.93,52.88,473052,25250560.00
2024/12/23,52.87,52.87,50.48,50.73,629260,32599054.00
2024/12/24,50.88,51.89,50.34,51.56,384794,19807626.00
2024/12/25,51.60,52.17,49.08,49.28,677860,34057444.00
2024/12/26,49.67,50.79,48.89,50.46,647320,32522962.00
2024/12/27,50.48,51.89,49.78,50.35,563160,28732016.00
2024/12/30,50.58,50.81,49.68,49.91,360650,18218498.00
2024/12/31,49.91,51.07,48.98,49.67,779408,39261020.00
2025/01/02,50.20,53.39,49.98,51.92,1688020,88162208.00
2025/01/03,51.53,52.84,48.68,48.78,1339920,67724664.00
2025/01/06,48.31,50.13,47.58,48.38,871273,42694992.00
2025/01/07,48.98,48.98,45.94,47.06,1558540,73445408.00
2025/01/08,46.88,47.48,44.18,44.82,1690951,77261256.00
2025/01/09,44.38,47.02,43.71,46.28,1444700,67015412.00
2025/01/10,46.77,47.26,44.00,44.10,1018900,46781880.00
2025/01/13,44.07,45.96,43.13,45.20,1429494,64680592.00
2025/01/14,45.22,46.58,45.21,46.58,1209021,56060000.00
2025/01/15,46.15,46.58,45.08,45.47,699813,32157060.00
2025/01/16,45.67,46.53,44.68,45.15,600000,27486190.00
2025/01/17,44.69,46.96,44.32,46.11,788100,36308472.00
2025/01/20,46.35,48.14,46.18,47.58,1069400,50932040.00
2025/01/21,47.68,48.02,46.09,46.86,658100,31026840.00
2025/01/22,46.67,46.67,45.20,45.91,766160,35287360.00
2025/01/23,45.91,48.49,45.91,46.79,966200,45873868.00
2025/01/24,47.33,47.96,46.23,47.51,772300,36655208.00
2025/01/27,48.06,48.86,46.75,46.81,597100,28793248.00
2025/02/05,47.26,48.81,46.58,48.03,631300,30421796.00
2025/02/06,47.80,49.83,47.04,49.13,759373,37159140.00
2025/02/07,49.03,50.56,48.92,49.56,865500,43390900.00
2025/02/10,49.55,51.39,49.26,51.28,825898,42081640.00
2025/02/11,51.11,51.97,49.40,49.95,733900,36857124.00
2025/02/12,49.59,50.38,48.96,49.89,420080,20932326.00
2025/02/13,49.39,50.08,48.83,49.02,513300,25477216.00
2025/02/14,48.90,52.68,48.80,52.38,1435820,73933072.00
2025/02/17,54.13,54.65,52.48,53.20,1499140,80730888.00
2025/02/18,53.18,53.53,51.56,52.13,994700,52520212.00
2025/02/19,52.13,53.88,51.47,52.92,788263,42067464.00
2025/02/20,52.92,62.57,52.73,62.47,2855322,166877952.00
2025/02/21,62.63,63.08,58.70,61.10,2033264,123495624.00
2025/02/24,60.03,60.56,57.76,58.99,1131834,67047592.00
2025/02/25,57.71,58.20,56.60,57.91,931060,53738996.00
2025/02/26,57.90,58.10,56.34,57.38,1465300,84083208.00
2025/02/27,57.38,58.68,56.00,57.49,1529965,87860752.00
2025/02/28,56.95,57.98,52.18,52.63,1796480,98754792.00
2025/03/03,52.66,54.67,52.18,53.33,1087660,58698132.00
2025/03/04,53.18,54.48,51.83,53.53,1986571,106197096.00
2025/03/05,53.26,53.27,51.19,52.05,1652800,86267456.00
2025/03/06,52.18,56.17,52.18,55.43,2321100,127715400.00
2025/03/07,55.28,56.05,54.12,54.58,1061260,58660664.00
2025/03/10,55.68,56.70,54.42,54.80,955600,53076756.00
2025/03/11,54.17,55.04,53.48,54.64,635165,34576336.00
2025/03/12,54.64,58.18,54.44,56.44,2243116,127848352.00
2025/03/13,55.96,57.34,53.45,53.81,1307200,72105120.00
2025/03/14,53.59,56.43,53.28,55.21,1339266,73796608.00
2025/03/17,54.68,55.23,53.34,53.96,1170774,63517336.00
2025/03/18,56.00,56.96,54.30,54.50,2287371,128060304.00
2025/03/19,54.09,55.67,53.26,53.31,1838560,99717176.00
2025/03/20,53.53,56.02,53.28,54.90,1957500,108130608.00
2025/03/21,54.63,55.46,52.46,52.67,1180607,63486552.00
2025/03/24,52.65,53.03,49.50,50.60,1330190,68034328.00
2025/03/25,51.14,51.48,49.78,50.29,847190,43208128.00
2025/03/26,50.34,51.34,50.16,51.12,638300,32745272.00
2025/03/27,51.12,53.64,50.11,52.88,1247600,66061044.00
2025/03/28,53.68,61.68,53.68,55.03,4126234,237147792.00
2025/03/31,53.53,54.45,50.42,51.06,3110088,162240656.00
2025/04/01,52.10,56.68,51.69,52.68,5154540,281196352.00
2025/04/02,53.18,56.24,52.56,54.04,4380681,239868032.00
2025/04/03,54.04,57.48,53.54,55.64,5062031,282868672.00
2025/04/07,50.68,52.35,44.45,44.45,3987581,188870160.00
2025/04/08,45.16,47.64,43.97,45.83,3654000,167650608.00
2025/04/09,43.34,46.36,40.67,45.73,2883300,127689064.00
2025/04/10,46.88,48.18,45.30,46.51,3362020,158269568.00
2025/04/11,45.98,47.48,45.69,45.96,2647600,123419912.00
2025/04/14,46.55,47.78,46.16,46.42,2788000,131459576.00
2025/04/15,46.32,46.84,44.58,44.97,2233300,101945752.00
2025/04/16,44.65,44.68,41.98,42.43,2732429,118225120.00
2025/04/17,42.46,49.68,42.46,46.73,6648399,310026720.00
2025/04/18,45.71,47.18,43.71,44.74,4772169,216799440.00
2025/04/21,44.68,44.74,43.78,44.24,3542685,157528880.00
2025/04/22,43.96,45.08,43.18,44.28,4355664,192826608.00
2025/04/23,44.58,45.88,44.51,44.66,3837140,173885584.00
2025/04/24,44.73,45.98,43.77,44.36,3342626,150927040.00
2025/04/25,45.21,45.43,43.83,43.94,2415967,107977144.00
2025/04/28,43.39,44.98,43.20,44.14,2496202,111042416.00
2025/04/29,43.68,45.33,43.68,44.46,1926566,86604608.00
2025/04/30,44.50,44.93,44.18,44.18,1817235,81544304.00
2025/05/06,44.58,45.66,44.28,45.63,2149000,97749104.00
2025/05/07,46.45,46.65,44.56,45.22,2357467,107574688.00
2025/05/08,44.98,45.92,44.88,45.62,2118332,97301728.00
2025/05/09,45.68,45.74,43.57,43.74,3198800,142537040.00
2025/05/12,44.05,44.36,43.42,44.30,1675967,74211744.00
2025/05/13,44.69,45.58,44.41,45.14,2401240,108692264.00
2025/05/14,45.06,45.91,44.88,45.35,2284000,104178040.00
2025/05/15,45.62,45.64,44.12,44.20,2201200,99087184.00
2025/05/16,44.21,44.48,43.60,43.72,2092200,92435280.00
2025/05/19,43.70,43.71,42.73,43.53,1376800,59824868.00
2025/05/20,43.17,44.43,43.17,44.28,2160700,96097736.00
2025/05/21,44.10,48.68,43.85,45.71,5780956,270040960.00
2025/05/22,45.44,47.48,44.89,46.12,5210260,242662224.00
2025/05/23,45.80,49.41,45.61,48.17,7346400,352790496.00
2025/05/26,47.83,48.57,46.42,46.85,5669084,268885088.00
2025/05/27,46.68,47.80,45.69,47.29,5535708,259934112.00
2025/05/28,46.71,47.13,45.32,45.55,3717254,171393968.00
2025/05/29,45.16,48.78,45.16,48.13,6198453,295988608.00
2025/05/30,47.93,50.23,47.61,48.83,6646993,327869536.00
2025/06/03,48.19,51.85,48.18,51.43,7267431,368430880.00
2025/06/04,51.24,52.66,50.18,51.69,6256928,323247072.00
2025/06/05,51.51,52.00,49.78,50.33,5007599,254969872.00
2025/06/06,49.98,50.78,49.13,49.56,3593773,179329232.00
2025/06/09,49.50,52.44,49.38,50.93,4871080,250988496.00
2025/06/10,51.18,53.51,50.77,51.55,7307000,383090592.00
2025/06/11,51.18,52.43,50.42,50.83,3198900,164400256.00
2025/06/12,51.10,52.66,50.38,52.53,4326964,224016336.00
2025/06/13,51.91,52.52,49.38,50.05,4045500,206232640.00
2025/06/16,50.01,51.67,49.68,50.73,2883424,147613664.00
2025/06/17,53.35,54.07,49.09,49.38,3959430,202025792.00
2025/06/18,48.68,49.46,46.38,47.79,4807611,229789952.00
2025/06/19,47.38,47.58,45.73,45.81,3220274,151085232.00
2025/06/20,45.73,45.96,43.53,43.71,4069500,182693024.00
2025/06/23,43.58,44.93,43.18,44.69,2387380,106215256.00
2025/06/24,44.59,45.64,44.57,45.38,2312108,104884936.00
2025/06/25,45.36,46.21,44.65,45.66,3170830,145009584.00
2025/06/26,45.45,45.50,44.42,44.88,2651500,120053160.00
2025/06/27,44.89,46.61,44.88,45.48,2691480,123706192.00
2025/06/30,45.62,47.68,44.93,47.49,4320292,203227360.00
2025/07/01,47.67,48.27,46.98,48.00,2852464,136861360.00
2025/07/02,47.68,48.13,46.51,46.95,2000500,94966704.00
2025/07/03,46.91,47.88,46.79,47.79,2019645,96587064.00
2025/07/04,47.58,48.27,46.68,46.95,2443045,116339976.00
2025/07/07,46.71,49.30,46.54,48.38,4167140,201667040.00
2025/07/08,48.54,51.37,48.54,50.81,5704454,288036960.00
2025/07/09,50.81,53.31,49.55,52.29,6166010,319970784.00
2025/07/10,51.84,52.81,51.07,52.23,4218500,220342608.00
2025/07/11,52.53,53.19,51.50,52.03,3518000,184544848.00
2025/07/14,51.59,52.29,51.00,52.21,2312180,119823440.00
2025/07/15,51.84,53.60,50.94,52.40,3323660,173832208.00
2025/07/16,52.15,52.40,51.34,51.78,1668600,86671472.00
2025/07/17,51.57,54.34,51.37,54.09,4909574,262788416.00
2025/07/18,53.90,54.11,52.71,53.25,2960314,157708864.00
2025/07/21,52.87,53.24,51.47,53.00,3184660,167494272.00
2025/07/22,52.93,54.00,52.44,53.17,2753120,146769440.00
2025/07/23,54.72,57.34,53.25,53.89,5431523,297811392.00
2025/07/24,54.09,55.33,53.43,55.05,4828360,264060448.00
2025/07/25,55.05,56.79,53.89,55.38,3959864,220804528.00
2025/07/28,54.95,55.94,54.19,55.03,2503000,137760816.00
2025/07/29,55.18,60.72,54.10,59.94,8623300,505051072.00
2025/07/30,59.35,60.02,57.84,58.56,4809260,284498048.00
2025/07/31,58.21,58.98,56.99,57.14,3921980,227390064.00
2025/08/01,56.84,57.84,55.64,55.84,2938700,166246896.00
2025/08/04,55.02,55.66,53.56,55.46,3815580,208241552.00
2025/08/05,55.50,58.83,55.35,57.61,4663680,268430736.00
2025/08/06,57.59,57.96,55.74,56.14,2492000,140960704.00
2025/08/07,56.14,56.86,53.73,54.98,2747780,151365952.00
2025/08/08,54.88,54.90,53.72,53.73,1452260,78813528.00
2025/08/11,53.95,56.94,53.77,55.01,3417010,190549824.00
2025/08/12,54.92,55.80,53.58,54.70,2021750,110217912.00
2025/08/13,55.65,56.96,54.16,56.19,3275789,183388768.00
2025/08/14,56.19,56.49,54.74,55.34,2020660,112506080.00
2025/08/15,55.16,56.65,54.38,55.87,1975460,109874920.00
2025/08/18,56.14,56.84,55.72,56.59,2702260,152475424.00
2025/08/19,56.79,57.64,55.69,56.18,3007340,171333456.00
2025/08/20,55.84,56.12,53.64,54.64,2266504,124052304.00
2025/08/21,54.73,55.18,53.79,54.16,1425500,77669312.00
2025/08/22,54.34,54.34,53.72,54.25,1298020,70324584.00
2025/08/25,54.35,55.59,53.97,55.42,2324455,127984512.00
2025/08/26,55.30,55.34,53.79,53.92,1958620,106940392.00
2025/08/27,54.06,54.59,51.43,51.52,2596517,137932832.00
2025/08/28,52.25,53.02,49.95,51.32,2893333,148575104.00
2025/08/29,51.33,53.62,51.28,52.83,3138512,165951888.00
2025/09/01,53.08,54.83,52.87,54.59,2903158,157899248.00
2025/09/02,54.42,56.63,54.22,54.80,4325250,239949840.00
2025/09/03,54.90,56.11,54.45,54.93,2593360,144001776.00
2025/09/04,54.98,58.62,53.30,55.13,4196438,236604208.00
2025/09/05,55.64,59.44,55.64,57.86,5612794,321955552.00
2025/09/08,57.17,58.12,56.69,57.86,3716599,214401216.00
2025/09/09,57.59,59.00,56.35,58.50,4582799,265686608.00
2025/09/10,57.95,61.85,57.93,59.85,6046543,361416512.00
2025/09/11,58.24,58.24,54.95,56.29,6728564,378662560.00
2025/09/12,56.50,57.03,54.55,55.94,4538626,253658128.00
2025/09/15,55.52,58.69,55.44,57.83,4732273,272258944.00
2025/09/16,57.48,57.92,56.72,57.84,2483900,142719856.00
2025/09/17,57.55,57.84,56.26,57.22,2439526,139287456.00
2025/09/18,56.97,59.00,56.04,56.82,3211626,185331568.00
2025/09/19,56.29,58.00,55.41,55.59,2288860,129249824.00
2025/09/22,55.34,56.47,54.64,55.17,1573321,87121504.00
2025/09/23,54.86,55.13,51.52,52.74,2850200,151372528.00
2025/09/24,52.48,53.87,52.34,53.84,1512939,80846856.00
2025/09/25,53.55,54.76,52.65,52.76,1731431,92938568.00
2025/09/26,52.66,56.19,52.40,53.30,3799241,207832400.00
2025/09/29,52.84,53.30,51.77,52.84,1777832,93450640.00
2025/09/30,53.06,55.61,53.06,54.84,2561208,140266416.00
2025/10/09,54.84,54.94,53.65,54.09,1714920,92948304.00
2025/10/10,54.10,54.37,52.16,52.42,1825410,97244640.00
2025/10/13,50.49,51.44,50.20,51.05,1705870,87107632.00
2025/10/14,51.42,51.96,50.73,50.97,1309960,67508000.00
2025/10/15,51.33,51.69,50.19,51.65,987300,50751648.00
2025/10/16,51.53,51.95,51.01,51.39,880900,45424380.00
2025/10/17,51.53,51.81,49.87,49.94,1093700,55831220.00
2025/10/20,50.84,51.07,49.97,50.76,720560,36610944.00
2025/10/21,50.76,50.95,50.35,50.54,1031808,52369156.00
2025/10/22,50.54,50.84,49.26,49.50,1377163,68938056.00
2025/10/23,49.31,49.62,48.72,49.57,875161,43195384.00
2025/10/24,49.94,50.34,49.64,50.01,651765,32644498.00
2025/10/27,50.44,51.50,50.04,51.24,1314940,67275088.00
2025/10/28,51.13,51.93,50.84,51.44,942828,48710020.00
2025/10/29,52.71,61.76,52.34,61.76,9503595,557923392.00
2025/10/30,62.99,67.65,61.83,63.94,9004186,577268992.00
2025/10/31,64.60,72.22,64.34,68.43,8252717,558109824.00
2025/11/03,70.65,72.03,65.87,68.16,6228144,426106176.00
2025/11/04,67.42,68.84,65.94,68.01,4613553,311112160.00
2025/11/05,67.02,67.20,64.40,65.78,4346744,285029344.00
2025/11/06,65.25,65.76,63.34,64.43,3383796,217892512.00
2025/11/07,65.14,65.24,62.62,63.26,2727080,173508080.00
2025/11/10,63.22,63.82,62.60,63.24,2630033,166367552.00
2025/11/11,63.19,63.56,61.53,62.33,2080894,129597320.00
2025/11/12,62.23,62.65,60.66,61.43,2444491,150907504.00
2025/11/13,61.60,61.78,60.55,61.53,2274219,139763472.00
2025/11/14,61.48,63.31,61.05,61.36,2978838,185433472.00
2025/11/17,60.84,61.02,59.92,60.42,1920200,116230896.00
2025/11/18,60.42,62.03,59.84,60.04,2722972,166056096.00
2025/11/19,59.99,59.99,58.02,58.22,2940268,172758048.00
2025/11/20,58.42,58.83,56.69,58.26,2481615,144170544.00
2025/11/21,57.17,58.61,55.11,56.10,2420700,136854464.00
2025/11/24,56.50,56.82,55.39,56.51,1254668,70718784.00
2025/11/25,56.62,57.39,56.34,56.59,1389150,79158472.00
2025/11/26,56.19,58.14,55.94,56.05,1889636,108087760.00
2025/11/27,55.96,56.63,55.56,55.72,1377594,77490384.00
2025/11/28,55.74,56.17,55.06,56.14,1074039,60135472.00
2025/12/01,56.05,56.23,55.26,55.90,1238300,69273016.00
2025/12/02,55.84,55.84,54.50,54.65,1328383,72998280.00
2025/12/03,54.67,55.07,54.11,54.35,907885,49580632.00
2025/12/04,54.23,54.79,53.86,54.11,810519,44058360.00
2025/12/05,54.01,55.33,53.35,54.92,1420232,77471472.00
2025/12/08,55.02,57.53,55.02,55.38,1742342,97187904.00
2025/12/09,55.20,56.76,55.03,55.59,1833490,102641752.00
2025/12/10,55.94,58.26,55.41,58.26,3552475,203480848.00
2025/12/11,57.96,58.96,56.88,57.04,2922896,169204576.00
2025/12/12,57.24,58.44,56.48,58.15,2255477,130599576.00
2025/12/15,57.44,57.57,55.04,55.44,2090386,117969584.00
2025/12/16,55.09,56.14,54.43,55.27,1223821,67724176.00
2025/12/17,54.84,57.48,54.79,57.07,1805920,102568432.00
2025/12/18,56.50,58.06,56.49,57.78,1812936,104366608.00
2025/12/19,57.46,58.64,56.34,57.48,1696140,98043568.00
2025/12/22,57.77,58.46,56.84,58.07,1285535,74683536.00
2025/12/23,57.59,58.64,57.05,57.55,1315791,76172768.00
2025/12/24,57.25,58.42,56.84,57.89,1214360,70449904.00
2025/12/25,57.48,58.92,57.39,58.89,2441330,142430000.00
2025/12/26,59.47,60.26,57.64,58.21,1932060,113635384.00
2025/12/29,57.84,61.68,57.79,61.25,4279975,260361312.00
2025/12/30,60.27,61.22,59.62,59.66,1711000,103302136.00
2025/12/31,59.66,61.82,59.34,59.39,1601578,96579520.00
2026/01/05,59.53,61.74,59.53,61.62,2147060,131648824.00
2026/01/06,61.44,62.24,60.29,61.40,2004527,122837664.00
2026/01/07,61.40,63.74,61.13,61.52,2396910,149672000.00
2026/01/08,61.37,64.52,61.35,63.78,2787505,176731824.00
2026/01/09,63.52,65.20,62.49,64.93,2368904,151554560.00
2026/01/12,64.34,64.62,63.04,63.57,2211614,140824496.00
2026/01/13,63.97,76.32,63.97,76.32,5519428,396653760.00
2026/01/14,77.69,91.62,75.06,91.04,12929883,1100724736.00
2026/01/15,82.24,83.84,74.14,75.83,7367989,566476864.00
2026/01/16,75.77,76.89,71.39,71.92,4896125,358071456.00
2026/01/19,71.39,73.39,70.86,71.83,3039285,218881712.00
2026/01/20,72.08,72.49,69.20,70.04,2926302,206781040.00
2026/01/21,69.72,72.13,69.05,70.48,2598300,184271200.00
2026/01/22,70.55,70.81,69.43,69.85,1996375,139986016.00
2026/01/23,70.24,74.40,69.97,73.44,4291303,310812224.00
2026/01/26,73.44,74.04,70.35,70.71,2998730,214104032.00
2026/01/27,70.76,71.24,68.46,70.09,2135900,148724848.00
2026/01/28,69.84,72.61,69.37,69.50,2399517,169619472.00
2026/01/29,69.47,73.54,68.08,71.47,3932659,283398912.00
2026/01/30,71.47,78.09,71.47,74.64,4892489,370516096.00
2026/02/02,74.34,76.27,72.44,72.46,2795032,207566000.00
2026/02/03,74.46,79.02,72.87,78.82,4322827,331771200.00
2026/02/04,78.78,79.04,75.84,78.34,3300861,255998160.00
2026/02/05,77.84,77.84,74.35,76.64,1942409,148548144.00
2026/02/06,76.64,80.34,74.84,78.88,3050365,238672928.00
2026/02/09,79.44,80.34,77.30,77.94,2592861,204234768.00
2026/02/10,77.91,82.15,77.47,80.32,2530967,204070240.00
2026/02/11,79.98,79.98,77.04,78.19,2099594,165046304.00
2026/02/12,77.79,80.58,77.34,77.91,1699547,134412912.00
2026/02/13,76.98,78.17,75.52,75.52,1381236,106157344.00
2026/02/24,75.86,76.80,73.14,73.24,1364002,100973120.00
2026/02/25,73.64,73.64,71.98,73.44,1117220,81370752.00
2026/02/26,73.47,74.41,72.12,73.25,1007708,73861856.00
2026/02/27,72.84,74.34,72.49,73.64,988300,72847792.00
2026/03/02,72.94,75.67,70.44,71.17,1829916,132580080.00
2026/03/03,71.17,72.52,66.93,67.11,1572615,108869752.00
2026/03/04,65.94,67.11,65.41,65.63,1468598,97104824.00
2026/03/05,66.74,67.11,65.59,66.12,1067014,70849216.00
2026/03/06,66.05,68.34,64.84,66.03,2008341,134247824.00
2026/03/09,64.64,66.02,62.92,64.83,1787076,115397408.00
2026/03/10,65.35,67.84,65.35,67.01,1079276,72416712.00
2026/03/11,67.41,68.22,66.34,66.39,1393060,93506720.00
2026/03/12,66.33,67.51,65.64,66.54,938860,62848384.00
2026/03/13,66.55,66.82,64.36,64.68,1133577,74492112.00
2026/03/16,64.50,65.40,63.87,64.43,932408,60376364.00
2026/03/17,64.43,64.83,60.98,61.04,2039101,127616800.00
2026/03/18,61.20,61.53,59.76,60.71,1658550,100491064.00
2026/03/19,60.02,60.72,57.84,58.33,1781985,105076656.00
2026/03/20,57.91,58.96,56.87,56.99,1493496,86751320.00
2026/03/23,56.18,56.79,53.84,54.18,1733500,96448848.00
2026/03/24,55.27,57.32,55.27,56.82,2126800,120288880.00
2026/03/25,56.80,61.17,56.80,59.74,2669997,160159040.00
2026/03/26,59.83,61.33,59.62,59.92,1794897,108691520.00
2026/03/27,59.10,62.62,58.82,61.97,2231150,137126896.00
2026/03/30,61.52,64.73,60.97,63.49,2794100,177449600.00
2026/03/31,63.68,72.92,63.68,68.49,5716750,393126912.00
2026/04/01,67.52,72.19,65.24,71.47,5817229,398869536.00
2026/04/02,68.62,69.71,66.74,69.31,3858063,263426848.00
2026/04/03,66.34,67.16,65.25,65.74,2871196,190080048.00
2026/04/07,66.16,67.63,63.61,65.74,2424528,159759248.00
2026/04/08,66.64,68.12,65.53,67.55,2832030,190013936.00
2026/04/09,66.95,68.94,66.76,67.24,1883645,127752496.00
2026/04/10,67.14,69.61,66.94,67.67,2121180,145522752.00
2026/04/13,67.67,67.67,65.74,66.07,1915322,127181480.00
2026/04/14,66.84,68.31,66.03,68.31,1972899,133384048.00
2026/04/15,69.21,70.08,66.55,69.10,2593900,177794912.00
2026/04/16,68.48,69.91,67.61,69.32,1821300,126046088.00
2026/04/17,69.10,69.53,67.04,67.57,1535700,104487552.00
2026/04/20,67.57,69.04,67.03,68.46,1471484,100677400.00
2026/04/21,68.47,69.24,66.78,67.47,1201671,81367480.00
2026/04/22,67.19,68.62,66.90,68.56,1224200,83320352.00
2026/04/23,68.56,69.20,66.09,66.94,1614200,108988776.00
2026/04/24,66.37,67.62,64.97,66.45,1283800,85354360.00
2026/04/27,65.84,68.14,65.32,67.81,1115900,74731064.00
2026/04/28,66.50,67.24,62.36,65.67,3057500,198250880.00
2026/04/29,65.13,65.44,63.25,63.31,1460440,93781080.00
2026/04/30,62.85,64.44,61.86,63.60,1090967,69101936.00
2026/05/06,63.65,63.89,60.77,61.09,2200131,135657280.00
2026/05/07,61.23,62.29,61.01,61.62,1087100,67096560.00
2026/05/08,61.44,61.46,60.14,61.00,1066180,64924412.00
2026/05/11,60.87,62.43,60.04,62.14,1671600,102766616.00
2026/05/12,61.84,62.04,60.19,60.65,1283945,78653984.00
2026/05/13,60.73,60.82,59.19,59.86,1478313,88457640.00
2026/05/14,59.86,60.32,58.07,58.54,1110340,65488680.00
2026/05/15,58.44,59.14,56.87,57.36,1589100,91923768.00
2026/05/18,57.34,57.56,56.14,56.70,995510,56637512.00
2026/05/19,56.64,58.27,56.41,57.34,1088564,62506772.00
2026/05/20,57.72,57.76,55.67,56.21,1238392,69921712.00
2026/05/21,55.04,56.60,54.17,54.21,2260142,125766976.00
2026/05/22,54.17,54.49,53.06,53.14,1348600,72301600.00
2026/05/25,53.62,53.82,50.27,51.49,2209108,113865760.00
2026/05/26,51.48,51.48,49.12,49.64,1298000,64848652.00
2026/05/27,49.43,50.88,48.36,50.25,2015000,100360584.00
2026/05/28,50.25,50.83,48.80,50.54,1436900,71816944.00
2026/05/29,50.83,52.72,49.85,50.58,2451942,125710576.00
2026/06/01,50.54,51.17,49.76,49.97,1352688,68216832.00
2026/06/02,50.04,50.04,48.39,48.75,1398813,68653760.00
2026/06/03,48.75,48.81,46.34,46.92,2223310,105677464.00
2026/06/04,46.82,46.95,45.93,46.22,1269420,59150996.00
2026/06/05,46.43,48.34,45.96,46.33,1431500,67132384.00
2026/06/08,45.87,46.31,43.63,44.34,1374649,62053820.00
2026/06/09,44.84,45.39,43.84,44.94,1098300,49331960.00
2026/06/10,44.92,46.39,44.30,44.94,1191700,53879332.00
2026/06/11,44.34,44.92,43.64,44.42,782600,34694116.00
2026/06/12,45.02,46.21,44.34,45.79,1299900,59313076.00
2026/06/15,45.87,46.17,45.14,45.90,1346900,61594860.00
2026/06/16,47.02,47.09,44.94,45.59,1591183,72873032.00
2026/06/17,45.14,46.73,44.98,46.70,1803422,83480352.00
2026/06/18,46.28,47.92,45.79,46.89,2366900,111549872.00
2026/06/22,46.97,48.99,45.81,48.89,2815853,133520720.00
2026/06/23,48.64,51.58,48.42,49.76,3429935,172838560.00
2026/06/24,49.86,52.37,49.77,51.89,3746381,192150096.00
2026/06/25,51.03,51.54,47.87,49.46,4131408,204456672.00
2026/06/26,49.17,53.45,48.45,49.78,4015304,205163808.00
2026/06/29,49.04,53.34,47.63,52.51,5475727,281431808.00
2026/06/30,51.19,51.78,49.49,49.93,3939764,198083040.00
2026/07/01,49.04,53.23,46.85,53.00,6098717,306185888.00
2026/07/02,51.41,53.79,51.41,51.47,4320014,226543168.00
2026/07/03,51.70,52.88,50.41,51.91,3426736,177143472.00
2026/07/06,51.40,55.94,51.30,54.54,5863613,316218592.00
2026/07/07,53.82,54.48,51.81,51.98,3790284,200897984.00
2026/07/08,51.60,53.18,47.43,47.60,4435763,221017744.00
2026/07/09,46.86,49.75,46.58,48.30,3074319,148144672.00
2026/07/10,47.55,53.46,47.15,52.44,5629300,288918336.00
2026/07/13,52.51,52.67,50.76,51.14,3277285,169293392.00
2026/07/14,50.63,53.11,49.52,52.99,3918815,202731232.00
2026/07/15,52.34,59.37,52.23,58.29,7683597,431176512.00
2026/07/16,55.95,61.60,55.58,59.44,6923962,408688032.00
2026/07/17,58.26,59.00,51.61,52.52,5428370,295746016.00
2026/07/20,51.76,55.28,51.25,53.81,3698237,198031792.00
2026/07/21,53.00,53.30,48.40,51.79,4876789,246764448.00
2026/07/22,50.76,53.53,49.80,50.65,3406046,176285792.00
2026/07/23,50.80,51.80,49.50,51.08,2779360,140768112.00
2026/07/24,50.12,50.48,47.65,47.67,3082504,150252368.00
2026/07/27,47.47,49.98,47.12,48.82,2486038,121439088.00
2026/07/28,48.08,48.94,47.50,47.77,1832400,88109712.00
2026/07/29,47.88,49.35,47.55,48.34,1899173,91967488.00
2026/07/30,47.89,48.39,45.50,45.67,2647534,122884504.00
2026/07/31,46.00,47.67,45.61,47.20,1990924,93874592.00
2026/08/03,47.19,48.30,46.85,47.32,1600465,75943968.00
2026/08/04,48.38,51.20,48.12,50.70,4128499,206135664.00
2026/08/05,50.19,51.66,50.05,51.30,2613000,133120848.00
2026/08/06,50.97,51.80,50.18,50.50,1885758,95763888.00
2026/08/07,50.17,57.10,50.01,56.81,5483887,296906784.00
2026/08/10,56.60,59.59,56.00,58.00,5627534,326536800.00
2026/08/11,57.40,69.00,57.40,62.61,9819203,619484032.00
2026/08/12,61.87,66.22,60.71,63.96,6210232,398086016.00
2026/08/13,64.60,66.08,61.70,63.57,7094101,452759392.00
2026/08/14,63.99,64.00,61.15,62.37,3862505,240300144.00
2026/08/17,62.10,64.09,60.43,63.75,3825649,239610480.00
2026/08/18,63.75,64.50,61.79,63.68,2877713,181640688.00
2026/08/19,63.69,64.00,58.11,58.64,3332487,200994736.00
2026/08/20,61.84,63.80,59.66,61.16,4168547,257374064.00
2026/08/21,59.91,61.08,58.25,58.75,2850336,169238208.00
2026/08/24,59.07,59.22,54.54,55.08,3051020,170574016.00
2026/08/25,54.65,57.40,53.21,56.80,3122691,172230544.00
2026/08/26,56.41,58.51,54.23,55.14,2633138,146879520.00
2026/08/27,55.00,55.09,53.53,54.28,2647491,143210000.00
2026/08/28,54.18,54.18,51.88,52.11,3120069,164336352.00
2026/08/31,51.09,54.87,50.37,53.70,3811641,203210976.00
2026/09/01,53.36,53.93,52.56,52.75,2024370,107461216.00
2026/09/02,52.89,53.28,51.85,52.10,1814576,95176848.00
2026/09/03,52.12,53.26,51.71,52.80,2112778,110930784.00
2026/09/04,53.38,57.22,53.10,56.17,6124464,341098144.00
2026/09/07,55.61,57.36,55.00,55.98,3491286,195719936.00
2026/09/08,56.11,60.54,54.83,60.20,6276496,361407584.00
2026/09/09,59.01,61.78,58.65,60.81,4551929,276131072.00
2026/09/10,60.32,60.78,57.29,59.84,3144597,185117296.00
2026/09/11,60.25,60.25,57.57,58.69,2080211,121695040.00
2026/09/14,58.73,63.80,58.73,63.31,4128938,255533056.00
#数据来源:通达信
