301005 超捷股份 日线 前复权
      日期	    开盘	    最高	    最低	    收盘	    成交量	    成交额
2021/08/02,15.44,15.68,15.25,15.58,775080,40703948.00
2021/08/03,15.86,16.63,15.50,16.24,1771499,96347232.00
2021/08/04,16.09,18.22,16.05,17.34,2577253,151667456.00
2021/08/05,17.34,17.91,16.78,17.85,1840600,108842384.00
2021/08/06,17.74,18.46,17.19,18.07,2045765,124073880.00
2021/08/09,17.83,18.15,16.75,16.78,1959103,114308880.00
2021/08/10,16.96,17.03,16.35,16.59,1827347,103081160.00
2021/08/11,16.41,17.20,16.24,17.17,1771400,99986696.00
2021/08/12,16.86,17.61,16.71,17.55,1581509,91977224.00
2021/08/13,17.43,18.05,17.28,17.80,1565266,93612912.00
2021/08/16,17.68,18.00,17.50,17.92,960898,57659940.00
2021/08/17,18.07,18.07,16.95,16.95,1071909,63489816.00
2021/08/18,16.95,17.56,16.95,17.11,664700,38721100.00
2021/08/19,17.09,17.39,16.69,17.09,926230,53432844.00
2021/08/20,17.09,17.30,16.54,17.16,726600,41668976.00
2021/08/23,17.18,17.52,16.88,17.30,1055118,61673736.00
2021/08/24,17.37,17.61,17.23,17.30,856000,50365328.00
2021/08/25,17.14,17.97,16.40,17.94,1647900,97549936.00
2021/08/26,17.63,18.62,17.61,18.46,1658057,102288384.00
2021/08/27,18.47,18.81,17.76,18.35,1343000,83487728.00
2021/08/30,18.22,18.37,17.40,17.48,928530,55589852.00
2021/08/31,17.50,20.07,17.33,19.47,2674488,171784176.00
2021/09/01,19.35,20.19,19.28,19.55,2036685,134585840.00
2021/09/02,19.35,19.53,18.77,18.83,1124544,71964560.00
2021/09/03,18.73,19.11,18.55,18.89,772800,49075344.00
2021/09/06,18.68,18.86,18.12,18.28,748124,46431240.00
2021/09/07,18.41,19.13,18.13,18.31,854111,53452648.00
2021/09/08,18.37,18.46,18.09,18.37,777600,47920372.00
2021/09/09,18.31,18.65,18.20,18.41,589355,36692164.00
2021/09/10,18.41,18.84,17.76,18.55,1045797,64440336.00
2021/09/13,18.58,19.22,18.22,18.71,1306371,83059976.00
2021/09/14,18.70,18.82,18.34,18.63,619350,38887712.00
2021/09/15,18.63,18.98,18.34,18.83,642266,40429568.00
2021/09/16,18.83,19.22,18.39,18.99,965250,61168608.00
2021/09/17,18.98,19.47,18.80,19.28,921876,59660768.00
2021/09/22,19.28,19.73,18.54,19.61,1057866,68894424.00
2021/09/23,19.67,20.05,19.01,19.22,1233942,80263648.00
2021/09/24,19.12,20.18,18.81,19.21,997458,64941704.00
2021/09/27,19.15,19.38,18.36,18.53,641135,40359180.00
2021/09/28,18.33,18.51,17.60,17.60,848835,50973036.00
2021/09/29,17.81,17.81,16.70,16.71,627577,35853796.00
2021/09/30,16.99,17.11,16.69,16.96,263078,14986716.00
2021/10/08,17.01,17.13,16.78,17.07,223489,12738176.00
2021/10/11,17.09,17.34,16.83,17.24,435777,25109664.00
2021/10/12,17.25,17.51,16.63,17.10,495489,28507870.00
2021/10/13,17.11,17.50,16.99,17.21,229000,13270860.00
2021/10/14,17.15,17.44,17.09,17.36,268974,15573186.00
2021/10/15,17.33,17.43,17.02,17.08,264500,15346564.00
2021/10/18,17.16,17.40,16.99,17.11,307800,17741180.00
2021/10/19,17.11,17.58,17.02,17.29,573098,33427212.00
2021/10/20,17.27,17.50,17.14,17.14,291902,16920832.00
2021/10/21,17.14,17.44,17.01,17.23,353483,20456904.00
2021/10/22,17.22,17.50,17.11,17.23,253800,14733444.00
2021/10/25,17.23,17.69,17.14,17.65,709362,41644760.00
2021/10/26,17.59,18.27,17.56,17.93,796300,47641776.00
2021/10/27,20.80,20.80,17.56,17.89,1127194,67619856.00
2021/10/28,17.73,17.83,17.14,17.65,658894,38705860.00
2021/10/29,18.19,18.19,17.47,17.65,439034,26040856.00
2021/11/01,17.43,17.70,17.14,17.67,365859,21461590.00
2021/11/02,17.59,17.90,17.40,17.40,375800,22121854.00
2021/11/03,17.54,17.54,16.70,16.74,484110,27634864.00
2021/11/04,16.79,17.00,16.71,16.74,397401,22446780.00
2021/11/05,16.80,17.16,16.55,16.88,449000,25433762.00
2021/11/08,16.71,17.19,16.71,17.04,563641,32189856.00
2021/11/09,17.03,17.58,16.96,17.17,656343,38071700.00
2021/11/10,17.20,17.53,16.58,16.65,643100,36438344.00
2021/11/11,16.57,17.47,16.53,16.67,962100,54659264.00
2021/11/12,16.69,17.74,16.52,17.58,1874662,108601232.00
2021/11/15,17.90,21.17,17.90,20.34,6118879,408018048.00
2021/11/16,20.04,20.34,18.60,19.15,4153436,270609344.00
2021/11/17,19.16,19.39,18.34,18.51,2484100,155861072.00
2021/11/18,18.54,18.72,17.47,17.59,2178115,130145448.00
2021/11/19,17.29,18.78,17.22,18.05,2406984,145574704.00
2021/11/22,19.39,20.80,18.48,19.21,4829208,309420288.00
2021/11/23,18.67,19.58,18.20,18.84,4150227,261033216.00
2021/11/24,18.57,19.42,18.51,19.24,4062582,258548416.00
2021/11/25,19.27,19.42,18.13,18.14,3359462,207441376.00
2021/11/26,18.03,18.30,17.59,17.66,2210142,132485488.00
2021/11/29,17.30,18.01,17.14,17.80,1506676,89182064.00
2021/11/30,17.82,18.10,16.90,16.96,2595937,151958784.00
2021/12/01,16.99,17.27,16.86,17.24,1424937,81977336.00
2021/12/02,17.26,17.36,16.65,16.71,1638988,93110984.00
2021/12/03,16.62,16.92,16.53,16.56,1173300,65446716.00
2021/12/06,16.58,16.59,15.30,15.46,1633800,86879072.00
2021/12/07,15.55,15.61,15.00,15.31,896600,46147276.00
2021/12/08,15.40,15.69,15.35,15.57,659600,34425724.00
2021/12/09,15.49,15.87,15.48,15.60,711551,37527624.00
2021/12/10,15.61,15.83,15.50,15.60,674900,35544048.00
2021/12/13,15.55,15.65,15.24,15.49,771300,40106496.00
2021/12/14,15.52,15.69,15.37,15.64,574333,30122882.00
2021/12/15,15.61,15.84,15.61,15.84,839800,44461332.00
2021/12/16,15.89,15.97,15.66,15.94,815234,43274616.00
2021/12/17,15.88,15.90,15.31,15.40,969746,50808708.00
2021/12/20,15.35,15.58,15.19,15.36,592064,30635428.00
2021/12/21,15.37,15.59,15.24,15.37,572900,29631152.00
2021/12/22,15.37,15.41,15.06,15.09,787200,40209000.00
2021/12/23,15.08,15.90,14.91,15.67,1645738,86096480.00
2021/12/24,15.91,16.52,15.59,15.68,2200771,118609176.00
2021/12/27,15.35,15.35,14.39,14.80,1373990,68268992.00
2021/12/28,14.73,14.86,14.62,14.77,729590,36179396.00
2021/12/29,14.74,14.82,14.51,14.60,736665,36309968.00
2021/12/30,14.65,14.75,14.60,14.62,559400,27624824.00
2021/12/31,14.64,15.00,14.61,14.64,711682,35225972.00
2022/01/04,14.72,14.90,14.68,14.83,582600,29052984.00
2022/01/05,14.85,14.85,14.48,14.54,542781,26746700.00
2022/01/06,14.54,14.82,14.49,14.74,470700,23325314.00
2022/01/07,14.82,14.84,14.57,14.61,506690,25069532.00
2022/01/10,14.61,14.81,14.30,14.73,578255,28436120.00
2022/01/11,14.75,15.02,14.62,14.70,494801,24701148.00
2022/01/12,14.70,15.08,14.70,14.90,488878,24544216.00
2022/01/13,14.90,15.01,14.76,14.86,459471,22970312.00
2022/01/14,14.86,15.15,14.69,14.83,677206,34134424.00
2022/01/17,14.81,15.10,14.71,14.99,542637,27346144.00
2022/01/18,15.11,15.11,14.56,14.64,613997,30482436.00
2022/01/19,14.66,14.75,14.46,14.61,384698,18912996.00
2022/01/20,14.51,14.68,13.93,13.93,811500,38796044.00
2022/01/21,13.93,15.36,13.93,14.76,1335906,65904588.00
2022/01/24,15.05,15.05,14.24,14.36,834594,40918572.00
2022/01/25,14.29,14.48,13.78,13.91,486300,23118196.00
2022/01/26,14.05,14.17,13.81,13.88,281800,13253044.00
2022/01/27,13.75,13.93,13.18,13.19,461000,20947780.00
2022/01/28,13.19,13.92,13.17,13.63,430875,19732790.00
2022/02/07,13.76,14.05,13.76,13.92,241300,11328108.00
2022/02/08,13.92,14.14,13.74,14.01,333900,15677163.00
2022/02/09,14.08,14.08,13.90,14.04,231550,10936098.00
2022/02/10,14.05,14.11,13.75,13.75,291502,13631526.00
2022/02/11,13.75,13.77,13.33,13.37,273100,12400102.00
2022/02/14,13.44,13.56,13.26,13.32,225100,10188728.00
2022/02/15,13.28,13.56,13.22,13.56,215695,9756382.00
2022/02/16,13.63,13.82,13.63,13.75,254000,11765797.00
2022/02/17,13.81,13.88,13.62,13.69,354350,16447158.00
2022/02/18,13.59,13.64,13.46,13.57,278700,12726399.00
2022/02/21,13.59,13.86,13.56,13.65,359195,16632746.00
2022/02/22,13.67,13.71,13.39,13.47,293200,13374378.00
2022/02/23,13.59,13.78,13.46,13.72,374300,17274584.00
2022/02/24,13.63,13.92,13.29,13.55,693413,31807216.00
2022/02/25,13.68,13.90,13.55,13.55,444709,20601612.00
2022/02/28,13.55,13.73,13.27,13.40,358200,16170928.00
2022/03/01,13.68,13.91,13.40,13.79,656937,30463354.00
2022/03/02,13.92,13.92,13.67,13.77,373037,17313096.00
2022/03/03,13.79,13.84,13.53,13.56,308700,14221109.00
2022/03/04,13.50,13.61,13.35,13.39,291800,13253326.00
2022/03/07,13.36,13.45,13.13,13.23,307037,13716345.00
2022/03/08,13.25,13.31,12.56,12.65,497850,21582746.00
2022/03/09,12.86,12.88,11.79,12.10,556044,23093068.00
2022/03/10,12.31,12.88,12.26,12.69,573120,24340970.00
2022/03/11,12.60,13.87,12.20,13.84,2102080,95310672.00
2022/03/14,13.80,14.23,13.47,14.23,2341210,110918992.00
2022/03/15,14.01,14.39,13.57,13.57,1465407,69586344.00
2022/03/16,13.60,14.46,13.34,14.44,1830216,86852576.00
2022/03/17,14.70,14.79,14.11,14.11,1983478,95555624.00
2022/03/18,14.03,14.37,13.68,13.78,1181182,55928200.00
2022/03/21,13.80,14.02,13.68,13.92,1164995,54509372.00
2022/03/22,13.93,14.46,13.69,13.98,1536028,73232992.00
2022/03/23,13.93,14.45,13.71,14.45,2023287,97263752.00
2022/03/24,14.25,14.74,13.66,14.09,2094938,99953376.00
2022/03/25,13.93,14.48,13.70,14.39,2161249,103925968.00
2022/03/28,14.39,14.39,13.74,14.05,1630476,76925936.00
2022/03/29,13.93,14.67,13.85,14.45,2127275,103358120.00
2022/03/30,14.44,14.63,14.12,14.48,1729382,83961304.00
2022/03/31,14.69,15.73,14.51,15.61,3460556,176211920.00
2022/04/01,15.22,15.47,14.91,15.03,2196512,111904896.00
2022/04/06,14.79,15.33,14.54,15.33,1927542,97516264.00
2022/04/07,15.34,16.37,15.16,15.34,3095702,163862416.00
2022/04/08,15.76,16.63,14.57,14.83,3680759,192380368.00
2022/04/11,13.92,13.93,12.71,12.83,2532575,113621392.00
2022/04/12,12.76,13.58,12.76,13.24,1457886,65390280.00
2022/04/13,13.08,13.38,12.61,12.67,1241153,54228236.00
2022/04/14,12.56,12.89,12.47,12.65,844446,36310396.00
2022/04/15,12.58,13.50,12.34,13.08,1466494,64618388.00
2022/04/18,13.63,14.08,13.08,13.96,2212661,103060832.00
2022/04/19,13.79,14.04,13.38,13.49,1598152,73385160.00
2022/04/20,13.33,13.62,13.06,13.10,1062270,47879260.00
2022/04/21,12.84,13.25,12.51,12.51,804955,34999188.00
2022/04/22,12.44,12.82,12.40,12.45,684554,29051504.00
2022/04/25,12.29,12.29,11.06,11.14,1122766,44247296.00
2022/04/26,11.13,11.27,10.12,10.18,954766,34459700.00
2022/04/27,9.96,10.45,9.66,10.40,997800,34249072.00
2022/04/28,10.37,10.37,9.66,9.78,725566,24593028.00
2022/04/29,10.20,10.44,9.81,10.40,751900,26161446.00
2022/05/05,10.53,11.09,10.45,11.03,912300,33798148.00
2022/05/06,11.42,11.42,10.75,10.97,1177600,44546184.00
2022/05/09,11.08,11.17,10.81,10.89,746600,27862776.00
2022/05/10,10.70,11.20,10.65,11.12,737400,27533466.00
2022/05/11,11.09,11.60,11.09,11.28,803202,31019640.00
2022/05/12,11.17,11.42,11.11,11.34,501566,19213654.00
2022/05/13,11.46,11.96,11.24,11.93,1098600,43570592.00
2022/05/16,11.85,11.94,11.56,11.61,798981,31806510.00
2022/05/17,11.67,11.82,11.34,11.54,593600,23306948.00
2022/05/18,11.55,11.89,11.44,11.67,686600,27331660.00
2022/05/19,11.54,11.84,11.49,11.82,632679,25129720.00
2022/05/20,11.79,11.91,11.64,11.78,494566,19735464.00
2022/05/23,11.80,12.23,11.79,12.12,835400,34056032.00
2022/05/24,12.24,12.37,11.41,11.45,895237,36020700.00
2022/05/25,11.28,11.61,11.28,11.46,343200,13358518.00
2022/05/26,11.49,11.53,10.90,11.31,552650,20963332.00
2022/05/27,11.42,11.64,11.19,11.31,370149,14339628.00
2022/05/30,11.53,11.53,11.05,11.22,340049,12946253.00
2022/05/31,11.22,11.48,10.95,11.36,478600,18290400.00
2022/06/01,11.24,11.83,11.24,11.78,856800,33953468.00
2022/06/02,11.95,12.23,11.64,12.18,1080679,43854500.00
2022/06/06,12.27,12.50,11.99,12.40,772009,32372252.00
2022/06/07,12.56,12.56,12.05,12.11,550600,22743968.00
2022/06/08,12.27,12.28,11.80,12.07,495400,20246612.00
2022/06/09,12.07,12.16,11.74,11.80,700500,28044692.00
2022/06/10,11.70,12.51,11.66,12.34,1885277,42645440.00
2022/06/13,12.37,13.20,12.27,12.65,3831276,91068312.00
2022/06/14,12.41,13.13,12.21,12.62,3478013,81560608.00
2022/06/15,12.65,12.75,12.10,12.14,2693359,61908076.00
2022/06/16,11.71,11.88,11.36,11.71,2563540,55616672.00
2022/06/17,11.63,12.03,11.45,11.87,1608260,35387504.00
2022/06/20,11.98,12.43,11.84,12.35,2197371,49621480.00
2022/06/21,12.45,12.47,12.05,12.35,1244971,28416748.00
2022/06/22,12.30,12.64,12.13,12.16,1476974,34051980.00
2022/06/23,12.18,12.64,12.18,12.62,2270040,52837472.00
2022/06/24,12.62,13.01,12.42,12.84,2687200,63595472.00
2022/06/27,12.85,12.99,12.66,12.85,1693800,40322032.00
2022/06/28,12.91,13.28,12.62,13.12,2532360,61148724.00
2022/06/29,13.13,13.33,12.55,12.62,2289638,54754268.00
2022/06/30,12.70,12.78,12.43,12.49,1329280,31080472.00
2022/07/01,12.68,12.83,12.28,12.73,1252245,29271392.00
2022/07/04,12.70,12.70,12.31,12.60,1280140,29668848.00
2022/07/05,12.60,12.75,12.03,12.14,1521500,34761860.00
2022/07/06,12.07,12.40,11.95,12.10,749347,16920620.00
2022/07/07,12.10,12.38,11.96,12.31,917082,20909974.00
2022/07/08,12.27,12.51,11.99,11.99,1490480,33798000.00
2022/07/11,11.92,11.93,11.35,11.47,1279752,27518916.00
2022/07/12,11.47,11.60,11.05,11.06,1188080,24893918.00
2022/07/13,11.12,11.62,11.05,11.56,1655954,34863708.00
2022/07/14,11.56,12.34,11.36,12.31,2553560,56962224.00
2022/07/15,12.43,12.88,12.08,12.43,2830212,66282984.00
2022/07/18,12.55,12.71,12.43,12.62,1740364,40785360.00
2022/07/19,12.62,13.02,12.51,12.87,1573208,37545380.00
2022/07/20,12.94,12.95,12.60,12.77,1040580,24612814.00
2022/07/21,12.64,12.99,12.60,12.79,1146512,27326876.00
2022/07/22,12.70,13.02,12.48,12.66,1181172,27902526.00
2022/07/25,12.54,12.97,12.41,12.75,1703512,40067184.00
2022/07/26,12.68,12.86,12.28,12.82,1268420,29718198.00
2022/07/27,12.76,13.47,12.76,13.27,2080464,50921336.00
2022/07/28,13.39,13.42,13.13,13.24,1476600,36313208.00
2022/07/29,13.29,13.76,13.09,13.62,2502284,62641832.00
2022/08/01,14.02,14.06,13.12,13.29,2924320,72172808.00
2022/08/02,13.20,13.20,12.59,12.84,2217128,52907768.00
2022/08/03,12.79,13.27,12.51,12.57,1735303,41637752.00
2022/08/04,12.49,12.87,12.25,12.54,1148452,26628594.00
2022/08/05,12.65,12.68,12.22,12.34,1091440,25088042.00
2022/08/08,12.34,12.83,12.10,12.81,1365280,31906874.00
2022/08/09,12.89,13.13,12.65,12.84,1134260,27098128.00
2022/08/10,12.77,12.91,12.69,12.77,837480,19872330.00
2022/08/11,12.83,13.02,12.69,13.02,1106300,26553564.00
2022/08/12,12.96,13.30,12.69,12.69,1630980,39159884.00
2022/08/15,12.70,12.81,12.56,12.66,879020,20684148.00
2022/08/16,12.81,13.57,12.71,13.24,2891886,70970008.00
2022/08/17,13.25,13.36,13.05,13.16,1405046,34373152.00
2022/08/18,13.14,13.55,13.06,13.41,1482020,36838864.00
2022/08/19,13.40,13.46,12.99,13.12,1429580,35121452.00
2022/08/22,13.12,13.12,12.70,12.90,1067500,25414804.00
2022/08/23,12.82,13.24,12.79,13.01,977002,23620944.00
2022/08/24,13.01,13.01,12.18,12.21,1329720,30798836.00
2022/08/25,12.17,12.30,11.70,11.79,1079840,23842606.00
2022/08/26,11.94,12.07,11.51,11.55,1095120,23973136.00
2022/08/29,11.49,11.62,11.29,11.49,621660,13311551.00
2022/08/30,11.49,11.71,11.34,11.49,735720,15692862.00
2022/08/31,11.34,11.65,10.96,11.23,1377280,28913476.00
2022/09/01,11.27,11.37,10.97,11.07,771037,16024305.00
2022/09/02,11.09,11.25,11.02,11.18,492077,10216159.00
2022/09/05,11.27,11.37,11.13,11.32,575142,12064803.00
2022/09/06,11.34,11.45,11.16,11.32,478804,10068243.00
2022/09/07,11.43,11.46,11.18,11.25,789860,16642343.00
2022/09/08,11.25,11.43,11.02,11.05,492980,10221946.00
2022/09/09,11.05,11.23,10.89,11.23,622305,12843694.00
2022/09/13,11.23,11.34,11.13,11.22,491611,10284456.00
2022/09/14,11.04,11.16,10.95,11.12,356080,7336918.50
2022/09/15,11.14,11.27,10.59,10.71,749183,15127626.00
2022/09/16,10.65,10.83,10.34,10.37,415900,8178806.00
2022/09/19,10.35,10.55,10.12,10.51,510980,9840446.00
2022/09/20,10.51,10.77,10.47,10.74,527320,10491736.00
2022/09/21,10.75,10.75,10.49,10.69,324000,6397844.50
2022/09/22,10.58,10.76,10.51,10.56,386574,7660388.50
2022/09/23,10.57,10.58,10.14,10.24,529946,10208581.00
2022/09/26,10.20,10.40,10.03,10.15,416622,7940495.00
2022/09/27,10.24,10.45,10.12,10.32,494700,9493387.00
2022/09/28,10.37,10.37,10.07,10.07,409860,7802303.50
2022/09/29,10.29,10.32,10.01,10.23,514852,9817949.00
2022/09/30,10.18,10.18,9.86,9.87,479880,8946813.00
2022/10/10,9.98,10.18,9.82,9.95,784807,14733621.00
2022/10/11,9.98,10.08,9.85,9.95,374186,6963626.50
2022/10/12,9.96,10.55,9.85,10.49,566880,10765756.00
2022/10/13,10.41,11.00,10.31,10.90,1218260,24411104.00
2022/10/14,10.90,11.03,10.78,10.88,919507,18656372.00
2022/10/17,10.73,10.96,10.73,10.89,552360,11205894.00
2022/10/18,10.96,11.00,10.82,10.95,486180,9918008.00
2022/10/19,10.87,11.16,10.85,10.91,476489,9791744.00
2022/10/20,10.91,11.03,10.75,10.90,418787,8509852.00
2022/10/21,10.79,11.12,10.79,11.05,395240,8068546.50
2022/10/24,11.04,11.13,10.85,10.89,494660,10157358.00
2022/10/25,10.80,11.40,10.74,11.38,1142717,23647438.00
2022/10/26,11.16,11.36,11.09,11.20,972036,20274076.00
2022/10/27,11.16,11.35,10.92,10.98,635607,13247822.00
2022/10/28,11.19,11.19,10.75,10.77,714984,14569517.00
2022/10/31,10.66,11.12,10.55,11.03,521500,10675745.00
2022/11/01,11.18,11.27,11.02,11.24,537374,11202688.00
2022/11/02,11.32,11.63,11.12,11.57,939780,19963548.00
2022/11/03,11.63,11.71,11.38,11.46,745384,15955148.00
2022/11/04,11.50,11.64,11.38,11.54,639540,13710097.00
2022/11/07,11.41,11.65,11.41,11.46,530460,11354239.00
2022/11/08,11.41,11.55,11.33,11.48,504760,10770165.00
2022/11/09,11.48,11.82,11.39,11.80,1250700,27247818.00
2022/11/10,11.69,12.78,11.64,12.53,2575684,58657656.00
2022/11/11,12.54,13.02,12.43,12.76,2725987,64769836.00
2022/11/14,12.70,12.70,12.20,12.38,1452613,33413890.00
2022/11/15,12.38,12.70,12.21,12.54,992984,23026382.00
2022/11/16,12.73,12.73,12.28,12.35,820001,18940290.00
2022/11/17,12.49,12.49,12.16,12.25,685984,15643028.00
2022/11/18,12.42,12.42,12.02,12.08,846124,19205524.00
2022/11/21,12.08,12.30,11.82,12.29,621013,14054735.00
2022/11/22,12.37,12.37,11.79,11.87,608320,13546851.00
2022/11/23,11.88,11.99,11.76,11.86,609339,13436235.00
2022/11/24,11.82,11.92,11.68,11.76,552740,12112812.00
2022/11/25,11.75,11.80,11.55,11.67,391020,8495347.00
2022/11/28,11.87,11.87,11.34,11.46,402500,8625084.00
2022/11/29,11.54,12.87,11.47,12.80,1905626,43880972.00
2022/11/30,12.89,13.74,12.71,13.59,3724165,91610704.00
2022/12/01,13.75,14.56,13.36,14.41,4359547,113632560.00
2022/12/02,14.41,14.45,13.89,14.21,2812094,73486264.00
2022/12/05,14.24,14.78,14.04,14.75,2535597,67827856.00
2022/12/06,14.80,15.88,14.58,15.74,4104674,116994464.00
2022/12/07,15.74,16.24,15.56,15.67,3585817,104828952.00
2022/12/08,15.68,16.26,15.47,16.14,3800556,112603936.00
2022/12/09,16.10,16.40,15.78,16.09,2515400,74838376.00
2022/12/12,16.09,16.42,15.57,16.19,2897227,86088816.00
2022/12/13,16.41,16.47,15.68,15.77,2264396,67114856.00
2022/12/14,16.03,16.04,15.33,15.36,1895441,54920560.00
2022/12/15,15.48,16.00,15.34,15.38,2375640,68389920.00
2022/12/16,15.36,15.78,15.14,15.38,1440005,40945344.00
2022/12/19,15.41,15.64,15.07,15.19,1261900,35851692.00
2022/12/20,15.39,15.78,15.02,15.55,1475966,42466992.00
2022/12/21,15.50,15.66,14.90,15.00,1583026,44438736.00
2022/12/22,15.10,15.40,14.48,14.55,1306283,35473080.00
2022/12/23,14.70,14.71,14.07,14.17,865980,22874760.00
2022/12/26,14.27,14.90,14.18,14.74,1620108,44034196.00
2022/12/27,14.87,15.09,14.15,14.36,864211,23123656.00
2022/12/28,14.37,14.56,13.97,14.02,739320,19359992.00
2022/12/29,14.08,14.21,13.91,13.96,621160,16109255.00
2022/12/30,13.96,14.14,13.57,13.63,1089260,27756660.00
2023/01/03,13.68,13.95,13.66,13.86,864120,22116074.00
2023/01/04,14.02,14.21,13.64,13.74,912120,23512084.00
2023/01/05,13.90,13.96,13.55,13.83,569325,14538094.00
2023/01/06,13.91,14.13,13.68,13.75,822910,21155040.00
2023/01/09,13.87,14.57,13.82,14.47,1628440,43192904.00
2023/01/10,14.40,14.83,14.18,14.82,1549257,41687720.00
2023/01/11,14.82,14.82,14.38,14.49,1056324,28459720.00
2023/01/12,14.57,14.87,14.41,14.73,1060220,28890752.00
2023/01/13,14.73,15.54,14.70,15.12,1981680,55495252.00
2023/01/16,15.12,15.21,14.45,14.60,1431940,39117984.00
2023/01/17,14.60,14.70,14.20,14.28,1029700,27455888.00
2023/01/18,14.29,14.62,14.14,14.35,907700,24126038.00
2023/01/19,14.40,14.40,14.09,14.16,788400,20719208.00
2023/01/20,14.17,14.40,14.16,14.36,493780,13097956.00
2023/01/30,14.47,14.82,14.41,14.45,954040,25750368.00
2023/01/31,14.48,14.78,14.37,14.54,866980,23400272.00
2023/02/01,14.55,14.90,14.51,14.62,1274240,34575932.00
2023/02/02,14.64,14.73,14.37,14.43,783100,20990870.00
2023/02/03,14.46,14.46,14.08,14.26,718320,18963228.00
2023/02/06,14.27,15.37,14.21,15.36,3314258,91655112.00
2023/02/07,15.35,15.44,14.64,14.78,2821004,77656144.00
2023/02/08,14.77,14.79,14.32,14.40,1557614,41677792.00
2023/02/09,14.40,14.55,14.29,14.45,1075080,28702204.00
2023/02/10,14.50,14.65,14.09,14.36,1271120,33564872.00
2023/02/13,14.36,14.87,14.25,14.77,1857397,50664740.00
2023/02/14,14.85,14.87,14.63,14.64,1046180,28563988.00
2023/02/15,14.64,14.76,14.57,14.64,713480,19381186.00
2023/02/16,14.79,14.79,13.92,14.07,1230847,32656066.00
2023/02/17,14.09,14.26,13.91,13.93,591000,15412900.00
2023/02/20,14.04,14.13,13.80,14.03,512275,13278934.00
2023/02/21,14.16,14.18,13.96,13.98,345620,9011142.00
2023/02/22,14.02,14.31,14.02,14.12,666717,17494198.00
2023/02/23,14.13,14.74,14.09,14.57,1534503,41190372.00
2023/02/24,14.51,14.95,14.31,14.40,956957,25882154.00
2023/02/27,14.52,14.74,14.12,14.35,824000,21835952.00
2023/02/28,14.32,14.46,14.22,14.31,363160,9637762.00
2023/03/01,14.32,14.35,14.02,14.13,806318,21120754.00
2023/03/02,14.13,14.19,13.71,13.93,945259,24316516.00
2023/03/03,13.95,14.10,13.67,13.73,718000,18449462.00
2023/03/06,13.81,13.96,13.68,13.88,757725,19443604.00
2023/03/07,13.88,13.91,13.58,13.59,766880,19554846.00
2023/03/08,13.59,14.34,13.55,14.19,1159362,30225454.00
2023/03/09,14.32,14.62,14.15,14.28,1171080,31262286.00
2023/03/10,14.25,14.29,13.80,13.83,638490,16574249.00
2023/03/13,13.83,13.93,13.59,13.66,395620,10062271.00
2023/03/14,13.70,13.75,13.11,13.29,750560,18603608.00
2023/03/15,13.39,13.61,13.36,13.45,384018,9598758.00
2023/03/16,13.47,13.74,13.24,13.57,847245,21253074.00
2023/03/17,13.59,13.71,13.26,13.29,573106,14228088.00
2023/03/20,13.37,13.37,13.03,13.13,584058,14257580.00
2023/03/21,13.35,13.35,13.10,13.31,316460,7764808.00
2023/03/22,13.47,13.54,13.34,13.47,480280,11967754.00
2023/03/23,13.49,13.50,13.13,13.20,457517,11274400.00
2023/03/24,13.23,13.34,13.07,13.10,375500,9168077.00
2023/03/27,13.25,13.25,12.84,12.87,473500,11398428.00
2023/03/28,12.91,13.06,12.63,12.65,449600,10655053.00
2023/03/29,12.64,12.85,12.60,12.62,349440,8245383.50
2023/03/30,12.73,12.95,12.58,12.87,575846,13725890.00
2023/03/31,12.97,13.01,12.76,12.78,558800,13360526.00
2023/04/03,12.88,13.84,12.79,13.84,1873940,46884296.00
2023/04/04,13.97,14.41,13.73,13.97,2150482,56364804.00
2023/04/06,14.01,14.23,13.87,14.13,989424,25769450.00
2023/04/07,14.13,14.37,14.03,14.17,727540,19106744.00
2023/04/10,14.51,14.54,14.05,14.15,936217,24685784.00
2023/04/11,14.15,14.23,13.69,13.95,855358,22012204.00
2023/04/12,14.08,14.19,13.48,13.69,684183,17368630.00
2023/04/13,13.68,13.82,13.21,13.39,737462,18368180.00
2023/04/14,13.52,13.53,13.25,13.27,526842,13039227.00
2023/04/17,13.29,13.55,13.13,13.19,485680,11998860.00
2023/04/18,13.23,13.28,12.92,13.11,489140,11872777.00
2023/04/19,13.22,13.82,13.11,13.79,2033380,51219000.00
2023/04/20,13.75,13.75,12.77,13.42,1821880,44523772.00
2023/04/21,13.51,13.63,12.68,12.71,1493720,36288344.00
2023/04/24,12.73,12.86,12.35,12.54,748920,17348206.00
2023/04/25,12.53,12.60,11.88,11.91,738855,16666869.00
2023/04/26,11.91,12.25,11.85,12.03,631483,14136179.00
2023/04/27,11.98,12.10,11.62,11.78,812780,17912888.00
2023/04/28,11.82,12.00,11.75,11.86,452440,9989728.00
2023/05/04,11.95,12.15,11.68,11.80,671157,14862407.00
2023/05/05,11.81,11.85,11.53,11.63,435426,9417045.00
2023/05/08,11.60,11.77,11.32,11.43,496043,10585493.00
2023/05/09,11.42,11.52,11.21,11.34,433160,9150529.00
2023/05/10,11.49,11.64,11.25,11.52,615920,13121902.00
2023/05/11,11.53,11.74,11.52,11.65,402920,8729277.00
2023/05/12,11.82,11.92,11.48,11.55,518160,11243719.00
2023/05/15,11.53,12.15,11.53,12.15,798380,17738736.00
2023/05/16,12.21,12.73,12.09,12.36,866146,20022340.00
2023/05/17,12.37,12.68,12.37,12.60,705785,16453284.00
2023/05/18,12.79,12.90,12.58,12.82,578680,13713688.00
2023/05/19,12.92,12.93,12.60,12.72,425676,10130021.00
2023/05/22,12.82,13.08,12.80,12.98,817563,19660488.00
2023/05/23,13.01,13.45,12.58,13.25,1142920,27700096.00
2023/05/24,13.25,13.64,13.19,13.52,899800,22213964.00
2023/05/25,13.58,13.65,13.37,13.57,607803,15094371.00
2023/05/26,13.61,13.90,13.55,13.74,1001100,25224372.00
2023/05/29,13.77,14.49,13.71,14.18,1598140,41486680.00
2023/05/30,14.48,15.86,14.19,15.42,4475255,124877832.00
2023/05/31,14.95,16.17,14.80,16.02,4644420,134247968.00
2023/06/01,15.97,16.15,14.98,15.14,3769445,106817088.00
2023/06/02,15.23,15.47,15.13,15.25,1382602,38842612.00
2023/06/05,15.53,15.77,14.95,15.02,1650420,46114656.00
2023/06/06,15.06,15.30,14.91,15.09,1139180,31621800.00
2023/06/07,15.09,15.53,15.09,15.37,939440,26428768.00
2023/06/08,15.37,15.59,15.30,15.38,983200,27876978.00
2023/06/09,15.49,15.64,15.32,15.43,761900,21620322.00
2023/06/12,15.47,15.86,15.40,15.74,1350031,38682568.00
2023/06/13,15.74,16.02,15.64,15.85,915260,26532378.00
2023/06/14,15.92,16.23,15.76,15.86,1027080,30005012.00
2023/06/15,15.82,15.97,15.64,15.67,1010220,29236270.00
2023/06/16,15.81,16.06,15.70,15.85,1031620,30090858.00
2023/06/19,15.90,16.73,15.86,15.93,2184300,64858460.00
2023/06/20,15.82,16.46,15.82,16.19,1690260,50364292.00
2023/06/21,16.29,16.36,16.05,16.08,1018860,30187040.00
2023/06/26,15.97,16.20,15.59,15.66,941982,27274634.00
2023/06/27,15.79,15.97,15.53,15.82,1058220,30654062.00
2023/06/28,15.81,15.88,15.41,15.69,1005680,28839774.00
2023/06/29,15.81,15.83,15.13,15.20,1484166,41925476.00
2023/06/30,15.35,15.59,15.27,15.59,1325534,37572004.00
2023/07/03,15.81,16.52,15.65,16.44,2945714,87854856.00
2023/07/04,16.58,17.29,16.48,16.95,4433781,137902784.00
2023/07/05,16.85,17.10,16.42,16.63,2060721,63053708.00
2023/07/06,16.62,17.02,16.47,16.68,1916248,58694572.00
2023/07/07,16.74,16.74,16.29,16.36,1612022,48780336.00
2023/07/10,16.36,16.58,16.32,16.49,1545522,46672736.00
2023/07/11,16.51,16.65,16.37,16.60,1062702,32230440.00
2023/07/12,16.63,16.83,16.23,16.36,1109880,33647956.00
2023/07/13,16.38,16.42,16.08,16.16,1057820,31465016.00
2023/07/14,16.25,16.40,15.97,16.05,1045784,30946130.00
2023/07/17,16.07,16.20,15.68,16.20,1192860,34864752.00
2023/07/18,16.16,16.74,16.07,16.69,1967826,59558464.00
2023/07/19,16.93,17.18,15.79,16.03,3720800,111947264.00
2023/07/20,15.99,16.01,15.46,15.53,1540780,44249748.00
2023/07/21,15.49,15.49,14.92,14.92,1090400,30309748.00
2023/07/24,14.91,15.07,14.80,14.98,776840,21294150.00
2023/07/25,15.04,15.18,14.81,15.02,856800,23536300.00
2023/07/26,15.09,15.09,14.73,14.98,751457,20493982.00
2023/07/27,15.09,15.26,14.74,15.19,1309240,36292808.00
2023/07/28,15.10,15.42,14.84,15.05,1228700,34097372.00
2023/07/31,15.07,15.19,14.82,14.91,681260,18709398.00
2023/08/01,14.96,15.32,14.71,14.97,1156220,31869014.00
2023/08/02,14.97,15.42,14.85,15.21,1029686,28713378.00
2023/08/03,15.23,15.52,14.93,14.93,858966,23906530.00
2023/08/04,14.79,15.06,13.21,14.44,3904499,99943232.00
2023/08/07,14.42,14.86,14.10,14.38,1883298,49786240.00
2023/08/08,14.38,15.48,14.34,15.18,3058216,84795384.00
2023/08/09,15.09,15.17,14.75,14.94,1461569,40026932.00
2023/08/10,14.94,14.95,14.48,14.57,1062240,28614978.00
2023/08/11,14.58,14.66,14.27,14.58,695234,18459960.00
2023/08/14,14.52,14.59,14.12,14.43,921322,24166156.00
2023/08/15,14.43,14.45,14.03,14.29,759617,19776096.00
2023/08/16,14.27,14.27,13.92,14.09,730280,18829736.00
2023/08/17,14.13,15.03,13.80,14.68,1868377,49821708.00
2023/08/18,14.74,14.98,14.61,14.74,965280,26192298.00
2023/08/21,14.68,14.90,14.43,14.50,838880,22542674.00
2023/08/22,14.57,14.64,14.24,14.57,806177,21301418.00
2023/08/23,14.60,14.62,14.36,14.52,375774,9998582.00
2023/08/24,14.49,14.54,14.11,14.13,722020,18911748.00
2023/08/25,14.16,14.36,13.94,14.08,846983,21999708.00
2023/08/28,14.71,14.93,14.09,14.27,1006436,26594716.00
2023/08/29,14.21,15.37,14.15,15.20,2550639,69746272.00
2023/08/30,15.34,15.86,15.18,15.79,2074382,59506440.00
2023/08/31,15.90,15.93,15.56,15.78,1145277,33031276.00
2023/09/01,15.79,15.99,15.57,15.88,1437900,41707508.00
2023/09/04,15.93,15.95,15.59,15.75,1158400,33430716.00
2023/09/05,15.86,15.86,15.36,15.50,1296737,36853384.00
2023/09/06,15.46,15.61,15.37,15.57,582080,16567159.00
2023/09/07,15.63,15.63,15.20,15.29,824000,23183508.00
2023/09/08,15.29,15.41,15.20,15.31,658140,18471474.00
2023/09/11,15.35,15.60,14.93,15.40,1290200,36289844.00
2023/09/12,15.62,16.92,15.26,15.71,2746614,79343768.00
2023/09/13,15.68,15.80,15.07,15.15,1418692,39836444.00
2023/09/14,15.26,15.29,14.80,14.87,1042600,28589766.00
2023/09/15,14.96,15.00,14.73,14.85,660740,17954026.00
2023/09/18,14.81,15.24,14.69,14.98,903698,24903278.00
2023/09/19,15.04,15.04,14.68,14.82,654100,17730680.00
2023/09/20,14.81,14.94,14.60,14.68,488860,13215138.00
2023/09/21,14.68,14.75,14.43,14.54,434316,11595152.00
2023/09/22,14.54,14.68,14.43,14.65,431900,11582185.00
2023/09/25,14.70,14.84,14.49,14.64,520400,13969918.00
2023/09/26,14.76,14.89,14.54,14.80,739940,20038886.00
2023/09/27,14.81,14.93,14.57,14.66,609620,16494502.00
2023/09/28,14.64,15.14,14.62,15.09,1031960,28291666.00
2023/10/09,15.20,15.31,15.10,15.20,835000,23291808.00
2023/10/10,15.26,15.36,15.12,15.31,780721,21867092.00
2023/10/11,15.34,16.18,14.98,15.75,2710872,77768504.00
2023/10/12,15.81,16.36,15.37,16.08,3415751,99675368.00
2023/10/13,16.37,16.47,15.50,15.92,4145995,121179624.00
2023/10/16,15.86,16.08,14.45,14.87,4188051,115191896.00
2023/10/17,14.82,15.31,13.68,14.85,4478615,118856624.00
2023/10/18,14.75,14.93,14.20,14.37,2941247,78160432.00
2023/10/19,14.34,14.62,14.04,14.11,2306357,60500544.00
2023/10/20,14.04,14.47,13.93,14.13,1919007,49997184.00
2023/10/23,14.00,14.34,13.77,14.15,1354435,34927224.00
2023/10/24,13.99,14.52,13.99,14.39,1363600,35793672.00
2023/10/25,14.44,15.77,14.38,15.48,3642030,101241824.00
2023/10/26,15.43,15.79,15.08,15.73,2449098,69367480.00
2023/10/27,15.78,15.80,15.37,15.51,1456285,41633412.00
2023/10/30,15.39,15.58,15.30,15.50,1094680,31022616.00
2023/10/31,15.44,15.73,15.29,15.39,965620,27435000.00
2023/11/01,15.39,15.84,15.36,15.70,1643800,47233344.00
2023/11/02,15.73,15.92,15.38,15.41,970440,27711402.00
2023/11/03,15.70,16.13,15.63,16.07,2762995,80679440.00
2023/11/06,16.30,16.90,16.08,16.65,3633570,110213040.00
2023/11/07,16.72,16.79,16.31,16.52,1776221,53826060.00
2023/11/08,16.46,16.53,16.23,16.46,1308900,39256928.00
2023/11/09,16.37,16.50,16.08,16.18,952620,28349180.00
2023/11/10,16.18,16.30,15.97,16.23,1131837,33500448.00
2023/11/13,16.20,16.42,15.97,16.08,959573,28372126.00
2023/11/14,16.10,16.10,15.71,16.02,1121928,32688542.00
2023/11/15,16.08,16.47,15.96,16.46,1635432,48724504.00
2023/11/16,16.52,16.56,16.32,16.42,1026440,30967642.00
2023/11/17,16.40,18.35,16.31,18.19,5153012,164593600.00
2023/11/20,18.52,18.77,17.74,18.21,5419954,181054928.00
2023/11/21,18.37,18.49,17.49,17.73,3539814,115282520.00
2023/11/22,17.75,17.85,17.40,17.46,2066157,66287824.00
2023/11/23,17.66,18.54,17.42,18.19,5541365,183357280.00
2023/11/24,18.34,18.43,17.55,17.63,3129488,102496800.00
2023/11/27,17.63,18.16,17.59,17.68,3061575,100163480.00
2023/11/28,17.66,17.86,17.38,17.79,2592731,83762008.00
2023/11/29,17.87,18.13,17.72,17.93,2069102,67971816.00
2023/11/30,17.89,17.99,17.20,17.79,2553355,82162320.00
2023/12/01,17.88,18.08,17.46,17.54,1534045,49641012.00
2023/12/04,17.61,18.01,17.51,17.90,1628859,53108316.00
2023/12/05,18.03,18.61,17.90,18.39,5095220,171608256.00
2023/12/06,18.35,18.91,17.42,17.47,5468676,180898096.00
2023/12/07,17.20,17.70,16.77,17.06,3241622,101363056.00
2023/12/08,17.02,17.46,16.91,17.13,1828460,57296748.00
2023/12/11,17.03,17.24,16.86,17.18,1028460,32209752.00
2023/12/12,17.23,17.30,16.95,17.23,790960,24887998.00
2023/12/13,17.27,18.16,17.23,17.81,2583252,84139112.00
2023/12/14,18.02,18.74,17.10,17.38,4537980,148889488.00
2023/12/15,17.18,17.45,16.63,16.85,2200083,68162880.00
2023/12/18,16.84,17.04,16.79,16.96,1111667,34443264.00
2023/12/19,16.95,17.23,16.88,17.07,1013660,31663596.00
2023/12/20,17.08,17.77,17.08,17.17,1394460,44321284.00
2023/12/21,17.18,17.23,16.57,16.91,1398700,43240824.00
2023/12/22,16.96,16.96,16.59,16.71,1082775,33268264.00
2023/12/25,16.67,16.79,16.48,16.77,652980,19939782.00
2023/12/26,16.86,17.11,16.53,16.77,1302963,40164800.00
2023/12/27,16.74,16.74,16.29,16.52,952140,28690990.00
2023/12/28,16.49,16.80,16.19,16.71,1125060,34224492.00
2023/12/29,16.73,17.10,16.67,16.98,1226212,38018284.00
2024/01/02,16.96,17.07,16.51,16.66,1101392,33693372.00
2024/01/03,16.74,16.75,16.25,16.35,927830,27918574.00
2024/01/04,16.46,16.46,16.24,16.35,355808,10659056.00
2024/01/05,16.40,16.46,16.07,16.36,767715,22884400.00
2024/01/08,16.30,16.30,15.90,16.01,635300,18668986.00
2024/01/09,15.98,16.20,15.88,16.03,459647,13536980.00
2024/01/10,16.12,16.17,15.79,16.02,750080,21967398.00
2024/01/11,16.08,16.30,15.88,16.25,642240,18989758.00
2024/01/12,16.36,16.46,16.15,16.38,500680,14984550.00
2024/01/15,16.33,16.42,16.07,16.39,495740,14784898.00
2024/01/16,16.38,16.43,15.96,16.31,446900,13231484.00
2024/01/17,16.30,16.30,15.87,15.92,448700,13206839.00
2024/01/18,15.97,16.24,15.40,16.24,831380,23848976.00
2024/01/19,16.24,16.24,15.64,15.73,540097,15641497.00
2024/01/22,15.73,15.73,14.98,15.37,490500,13801646.00
2024/01/23,15.37,15.76,15.04,15.56,630908,17796868.00
2024/01/24,15.57,15.90,15.26,15.62,546880,15675771.00
2024/01/25,15.60,16.12,15.43,16.08,601505,17518806.00
2024/01/26,16.02,16.27,15.48,15.80,975220,28387940.00
2024/01/29,15.80,16.27,15.59,15.81,1533190,44934768.00
2024/01/30,15.79,15.79,15.16,15.34,657590,18558156.00
2024/01/31,15.31,15.42,14.79,15.19,989663,27390142.00
2024/02/01,15.12,15.15,14.31,14.45,1188860,31945056.00
2024/02/02,14.49,14.89,13.84,14.60,1270900,33762352.00
2024/02/05,14.56,14.56,12.91,13.59,1852796,46330968.00
2024/02/06,13.49,14.05,12.57,13.61,1301064,32426796.00
2024/02/07,13.77,13.77,12.70,12.93,1550797,37294456.00
2024/02/08,12.89,15.44,11.30,14.02,2395542,55565360.00
2024/02/19,14.01,14.34,13.88,14.18,863513,22385906.00
2024/02/20,14.16,14.48,14.05,14.48,599904,15746552.00
2024/02/21,14.47,14.87,14.32,14.66,741955,20043392.00
2024/02/22,14.70,14.88,14.60,14.85,442836,12023335.00
2024/02/23,14.87,15.23,14.76,15.19,827620,22770076.00
2024/02/26,15.27,15.88,15.27,15.63,1092605,31305992.00
2024/02/27,15.71,16.80,15.60,16.72,2438028,73637632.00
2024/02/28,16.62,16.69,15.32,15.48,2197654,64326920.00
2024/02/29,15.43,15.80,15.26,15.68,843860,24113806.00
2024/03/01,15.70,15.84,15.63,15.78,654220,18886384.00
2024/03/04,15.78,16.41,15.70,16.35,1166100,34282524.00
2024/03/05,16.32,16.69,16.27,16.39,1471324,44535440.00
2024/03/06,16.59,17.27,16.59,16.90,2221040,68940768.00
2024/03/07,16.73,17.74,16.73,17.12,2289147,72780552.00
2024/03/08,16.99,17.46,16.72,17.34,1221418,38305120.00
2024/03/11,17.35,18.48,17.25,18.11,2512573,82568840.00
2024/03/12,18.13,18.55,17.81,18.45,2406246,80354392.00
2024/03/13,18.31,19.09,17.91,19.05,2593511,88170144.00
2024/03/14,19.20,19.20,18.32,18.62,1460480,49749468.00
2024/03/15,18.55,19.20,18.39,19.20,1791123,61920612.00
2024/03/18,19.13,19.55,18.83,19.39,1972900,69458696.00
2024/03/19,19.54,19.98,19.17,19.43,1834510,65718128.00
2024/03/20,19.46,19.46,18.86,18.97,1748420,61287204.00
2024/03/21,18.97,19.16,18.66,18.97,1335780,46299128.00
2024/03/22,18.96,19.09,18.52,18.66,1002780,34352388.00
2024/03/25,18.66,18.72,17.85,18.14,1420334,47517612.00
2024/03/26,18.13,18.48,17.78,17.97,1105820,36583816.00
2024/03/27,18.01,18.05,17.35,17.55,1009642,32679166.00
2024/03/28,17.48,18.24,17.43,18.12,1781156,58308912.00
2024/03/29,18.26,19.27,18.26,18.63,2413403,83459392.00
2024/04/01,18.63,19.19,18.45,19.12,2012384,69698504.00
2024/04/02,19.08,19.38,18.84,18.99,1043200,36334296.00
2024/04/03,18.96,18.99,18.34,18.96,939810,32124700.00
2024/04/08,18.83,18.98,18.45,18.59,909707,31284546.00
2024/04/09,18.55,18.83,18.28,18.42,643985,21736974.00
2024/04/10,18.43,18.52,18.02,18.27,592957,19852690.00
2024/04/11,18.27,18.38,18.12,18.31,473200,15837574.00
2024/04/12,18.34,18.45,18.02,18.03,471300,15744596.00
2024/04/15,18.20,18.20,16.87,17.24,1146534,36536872.00
2024/04/16,17.20,17.21,15.53,15.92,1606778,47421388.00
2024/04/17,16.06,16.72,15.92,16.58,1388920,41875112.00
2024/04/18,16.51,16.96,16.32,16.85,783200,23954232.00
2024/04/19,16.84,17.01,16.38,16.74,500500,15254103.00
2024/04/22,16.74,16.79,16.37,16.53,459896,13972261.00
2024/04/23,16.53,16.90,16.27,16.65,574400,17493912.00
2024/04/24,16.68,17.32,16.68,17.27,801720,25071724.00
2024/04/25,17.32,17.47,17.07,17.18,439720,13924258.00
2024/04/26,17.52,18.00,17.35,17.88,1465196,47658528.00
2024/04/29,18.55,18.98,17.71,18.03,1424600,46945576.00
2024/04/30,18.28,18.28,17.69,17.79,1031484,33751764.00
2024/05/06,17.84,18.55,17.72,18.36,1612275,53579236.00
2024/05/07,18.31,22.06,18.16,22.06,8550634,319487136.00
2024/05/08,22.95,23.98,20.87,21.02,16881604,680301440.00
2024/05/09,20.21,20.58,19.46,20.36,11774805,428297280.00
2024/05/10,19.91,20.31,19.10,19.29,7502562,268958496.00
2024/05/13,18.84,19.10,17.74,17.92,6219840,207572976.00
2024/05/14,17.95,18.25,17.57,18.13,4088040,134587312.00
2024/05/15,17.90,18.35,17.41,17.85,3896647,127724664.00
2024/05/16,17.63,18.08,17.57,17.67,2786900,90850696.00
2024/05/17,17.73,18.20,17.44,18.09,4035667,132666536.00
2024/05/20,18.01,18.88,17.85,18.73,5867209,197923472.00
2024/05/21,18.55,18.82,17.94,18.20,4370538,146144080.00
2024/05/22,18.09,19.30,17.90,19.12,7575038,261735600.00
2024/05/23,18.83,19.36,18.28,18.55,5787378,199839312.00
2024/05/24,18.25,18.26,16.62,16.62,6182080,195684736.00
2024/05/27,16.47,16.71,15.61,16.54,4188700,123564800.00
2024/05/28,16.54,17.43,16.27,16.92,3704680,115171920.00
2024/05/29,18.79,19.53,17.40,17.69,7173139,239876624.00
2024/05/30,16.97,19.10,16.91,18.61,9250766,309476192.00
2024/05/31,18.94,22.16,18.66,20.25,16213381,596806400.00
2024/06/03,19.93,20.25,18.81,19.25,11691894,418007008.00
2024/06/04,19.09,19.41,17.58,18.13,8660774,290004608.00
2024/06/05,18.38,18.83,18.13,18.14,6309140,212640176.00
2024/06/06,18.01,18.54,16.59,16.79,7012149,222140224.00
2024/06/07,17.35,17.89,16.72,16.92,6108480,193004624.00
2024/06/11,16.52,17.46,15.97,17.33,5161980,158492128.00
2024/06/12,17.36,19.12,17.19,18.56,9826434,253633824.00
2024/06/13,18.36,18.69,18.08,18.46,7250414,187460368.00
2024/06/14,18.46,18.46,17.72,17.79,5024140,126444608.00
2024/06/17,17.78,18.04,17.42,17.57,3994272,99505168.00
2024/06/18,17.79,19.57,17.79,19.29,11904030,314458752.00
2024/06/19,19.39,22.14,19.17,20.35,18551825,531644320.00
2024/06/20,20.66,21.07,19.55,19.69,13928855,397009792.00
2024/06/21,19.64,20.18,19.07,19.49,8424304,231187392.00
2024/06/24,20.41,20.81,18.77,19.01,11087572,307808928.00
2024/06/25,19.35,21.34,19.33,21.07,16156590,464136032.00
2024/06/26,20.19,22.50,20.07,22.50,17225742,511428032.00
2024/06/27,22.49,23.94,22.04,22.21,18592208,597418624.00
2024/06/28,22.21,22.74,21.41,22.07,15145082,469999328.00
2024/07/01,21.44,21.64,19.93,20.82,13096804,382652800.00
2024/07/02,20.61,20.87,19.86,20.06,9817518,280654176.00
2024/07/03,20.25,20.41,19.15,19.39,7788998,213751888.00
2024/07/04,19.54,21.27,19.47,19.66,13079054,372084640.00
2024/07/05,19.44,19.98,18.63,19.29,9210488,248428496.00
2024/07/08,19.29,19.69,18.36,18.53,7020500,186131232.00
2024/07/09,18.54,19.33,18.10,19.24,7268524,191180176.00
2024/07/10,19.24,19.57,18.94,19.06,5313046,143661008.00
2024/07/11,19.43,19.79,19.18,19.51,6306802,172634480.00
2024/07/12,19.24,19.51,19.01,19.11,4603486,124234896.00
2024/07/15,19.01,19.43,18.76,18.86,4409401,118404528.00
2024/07/16,18.81,19.14,18.45,18.71,4220550,111206776.00
2024/07/17,18.94,19.01,17.71,17.76,5580614,141651040.00
2024/07/18,17.42,17.90,16.93,17.89,5487899,134060488.00
2024/07/19,17.81,18.46,17.64,18.14,4543892,115950752.00
2024/07/22,18.51,19.93,18.06,19.16,8853855,237370624.00
2024/07/23,19.37,19.79,18.89,19.23,7206432,195687168.00
2024/07/24,18.99,20.12,18.98,20.08,9917743,275159968.00
2024/07/25,19.79,20.30,19.68,20.06,7554324,212633328.00
2024/07/26,20.57,21.61,20.14,20.70,12578240,368720640.00
2024/07/29,19.75,20.29,19.31,19.91,12868710,357584384.00
2024/07/30,19.57,21.00,19.57,20.71,11216086,322581024.00
2024/07/31,20.31,21.21,19.95,21.18,11708549,337855392.00
2024/08/01,21.01,21.93,20.77,21.85,12095716,363578592.00
2024/08/02,21.70,22.25,20.42,20.44,12128312,359857440.00
2024/08/05,20.34,20.79,18.50,18.56,10310080,282688704.00
2024/08/06,18.89,19.29,18.45,18.79,6738830,177845216.00
2024/08/07,18.71,20.61,18.57,19.86,10702552,296936960.00
2024/08/08,19.71,19.75,17.96,18.06,9521496,247791152.00
2024/08/09,17.96,18.35,17.81,17.93,4248072,107702264.00
2024/08/12,17.75,17.92,17.41,17.78,2771562,68890216.00
2024/08/13,17.92,18.49,17.86,18.48,5386700,137774064.00
2024/08/14,18.56,18.56,18.11,18.14,3999466,102888488.00
2024/08/15,18.01,18.39,17.75,18.20,3696810,94069056.00
2024/08/16,18.36,18.60,17.66,17.75,4317250,109457880.00
2024/08/19,17.53,18.02,17.53,17.86,3040594,76278768.00
2024/08/20,17.92,18.07,17.50,17.84,2377580,59086844.00
2024/08/21,17.82,18.14,17.60,17.91,3082890,77387192.00
2024/08/22,17.89,18.49,17.86,18.19,5325719,136424864.00
2024/08/23,17.88,17.89,16.72,16.73,5752860,138504000.00
2024/08/26,16.52,16.89,16.23,16.64,4057043,94235904.00
2024/08/27,16.63,16.63,16.00,16.08,3333670,75747824.00
2024/08/28,16.14,16.28,15.92,16.06,1918420,43439040.00
2024/08/29,16.09,16.57,15.86,16.36,2658940,60849500.00
2024/08/30,16.50,16.89,16.24,16.65,4070630,95180024.00
2024/09/02,16.57,16.71,16.04,16.07,2756150,63498240.00
2024/09/03,16.07,16.34,15.93,16.34,2090929,47533756.00
2024/09/04,16.14,16.45,16.12,16.25,1510170,34597152.00
2024/09/05,16.21,17.06,16.21,16.84,3399459,80057504.00
2024/09/06,16.83,17.00,16.22,16.38,2103223,48925948.00
2024/09/09,16.43,16.46,16.03,16.36,1516050,34586364.00
2024/09/10,16.54,16.56,16.12,16.48,1321410,30390144.00
2024/09/11,16.46,16.58,16.19,16.54,2061660,47606940.00
2024/09/12,16.49,16.61,15.84,15.99,2885180,65602240.00
2024/09/13,15.89,15.96,15.54,15.59,1829614,40271780.00
2024/09/18,15.49,15.70,15.28,15.59,1400721,30449560.00
2024/09/19,15.68,15.85,15.47,15.63,1554790,34300156.00
2024/09/20,15.59,15.76,15.18,15.64,2272210,49392480.00
2024/09/23,15.57,15.98,15.41,15.64,1720100,37774456.00
2024/09/24,15.61,16.18,15.49,16.18,3340434,74660488.00
2024/09/25,16.20,16.82,16.20,16.43,3755360,87351296.00
2024/09/26,16.35,17.15,16.32,17.08,3531665,83306352.00
2024/09/27,17.12,18.09,17.08,17.80,6146778,151959456.00
2024/09/30,18.22,20.63,17.92,20.24,9042371,243805824.00
2024/10/08,22.36,24.04,20.25,23.00,11973406,372096512.00
2024/10/09,21.46,21.71,18.94,18.94,9789326,280998144.00
2024/10/10,19.91,20.52,19.29,19.80,7389483,206768368.00
2024/10/11,19.61,19.92,18.44,18.71,6167497,166051680.00
2024/10/14,19.43,20.25,19.10,20.22,7055609,195551216.00
2024/10/15,20.09,20.33,19.39,19.41,5879968,163775072.00
2024/10/16,19.21,19.32,18.65,18.87,4232540,112701520.00
2024/10/17,19.04,19.51,18.93,18.97,3999298,108147208.00
2024/10/18,19.13,20.21,18.84,19.78,5766178,157970000.00
2024/10/21,19.92,21.34,19.79,20.94,8523478,247037504.00
2024/10/22,20.99,21.58,20.41,20.91,8144394,240046176.00
2024/10/23,20.73,21.89,20.73,21.23,8925370,269029792.00
2024/10/24,21.44,21.83,21.09,21.44,5982340,179994624.00
2024/10/25,21.46,21.71,21.16,21.38,5841252,175518912.00
2024/10/28,21.34,21.49,20.86,21.09,5607010,166694336.00
2024/10/29,21.25,21.54,20.56,20.79,5285966,156668896.00
2024/10/30,20.79,21.28,20.43,20.72,4401248,128171176.00
2024/10/31,20.64,20.99,20.35,20.56,4791396,138713968.00
2024/11/01,20.49,20.55,19.14,19.21,5157246,141979344.00
2024/11/04,19.18,20.29,19.18,20.14,4120359,115768184.00
2024/11/05,20.14,21.61,20.14,21.40,7597330,224633888.00
2024/11/06,21.77,22.85,21.41,22.30,12122416,377632992.00
2024/11/07,22.70,22.76,21.44,21.86,8367920,258946368.00
2024/11/08,21.88,23.52,21.88,22.73,10456512,335261216.00
2024/11/11,23.04,23.35,22.43,23.18,10025978,323036800.00
2024/11/12,23.58,25.04,22.80,22.97,14434191,483449824.00
2024/11/13,22.57,23.18,21.79,22.79,8365582,264500432.00
2024/11/14,23.09,23.96,22.14,22.16,7377799,239519952.00
2024/11/15,22.17,22.54,20.99,21.09,5475210,166356704.00
2024/11/18,21.36,21.41,19.97,20.29,4329228,124281736.00
2024/11/19,20.33,21.11,20.29,21.11,3762658,109461128.00
2024/11/20,21.11,22.16,20.89,21.80,5057014,153065568.00
2024/11/21,21.78,21.78,20.99,21.27,4199494,126086320.00
2024/11/22,21.36,21.38,19.95,19.96,3737418,108165064.00
2024/11/25,20.06,20.29,19.65,20.20,2851504,80186192.00
2024/11/26,20.27,20.73,19.71,19.76,2541812,72019352.00
2024/11/27,19.63,20.45,19.24,20.39,3669970,102352680.00
2024/11/28,20.39,20.42,19.79,19.84,3399006,95874184.00
2024/11/29,19.79,20.86,19.55,20.76,4310014,123192192.00
2024/12/02,20.86,21.71,20.86,21.59,5996006,180558736.00
2024/12/03,21.35,21.99,21.21,21.51,4972070,150224896.00
2024/12/04,21.35,22.99,20.96,22.03,8660534,267747200.00
2024/12/05,21.94,22.41,21.51,22.09,6738969,207325424.00
2024/12/06,22.08,22.14,21.31,21.66,4902106,149111504.00
2024/12/09,21.55,22.96,21.36,22.92,10434904,327829696.00
2024/12/10,23.50,24.36,23.04,24.36,16862413,565030592.00
2024/12/11,23.76,23.83,23.00,23.44,8969210,295042464.00
2024/12/12,23.15,23.56,22.64,23.32,5846449,189342848.00
2024/12/13,23.21,23.57,22.79,22.79,5595678,182373344.00
2024/12/16,22.64,22.79,21.99,22.14,4751370,148464944.00
2024/12/17,22.12,22.46,21.21,21.39,3565336,108640360.00
2024/12/18,21.39,21.57,20.94,21.28,2773006,82881304.00
2024/12/19,21.12,21.51,20.94,21.42,2700268,80798464.00
2024/12/20,21.44,22.28,21.35,22.03,3397328,104488912.00
2024/12/23,22.04,22.11,20.73,20.88,3190084,95614440.00
2024/12/24,20.99,21.71,20.94,21.26,2941624,88109800.00
2024/12/25,21.71,22.39,21.01,21.55,3947500,119809080.00
2024/12/26,21.42,22.21,21.36,22.06,4355134,134093400.00
2024/12/27,22.43,23.10,22.41,22.64,7906294,252270496.00
2024/12/30,22.08,22.36,21.67,21.72,4266730,131840088.00
2024/12/31,21.92,21.93,20.29,20.82,4060660,119766648.00
2025/01/02,20.51,21.06,20.16,20.56,2476096,71573752.00
2025/01/03,20.56,20.56,18.71,18.87,4220800,116216768.00
2025/01/06,18.85,18.94,18.14,18.58,2275360,59307252.00
2025/01/07,18.71,19.18,18.54,19.17,1835970,48655088.00
2025/01/08,19.07,19.16,18.36,19.01,2283504,60337428.00
2025/01/09,19.03,20.00,18.89,19.71,3196660,87484024.00
2025/01/10,19.64,20.64,19.52,19.71,4294100,121401528.00
2025/01/13,19.35,20.29,19.01,19.79,3188700,88306552.00
2025/01/14,19.84,20.85,19.67,20.85,4088176,117604232.00
2025/01/15,20.89,21.70,20.85,20.90,4600870,137155952.00
2025/01/16,21.04,21.38,20.50,20.60,3240459,95054696.00
2025/01/17,20.69,20.73,20.20,20.29,2155730,61797196.00
2025/01/20,20.39,20.71,20.16,20.49,2642541,75774472.00
2025/01/21,20.61,21.18,20.49,21.11,4055868,118808728.00
2025/01/22,21.00,21.42,20.76,21.04,3132565,92694856.00
2025/01/23,21.29,21.57,20.56,20.59,4885318,145212096.00
2025/01/24,20.27,20.36,19.26,20.19,6526449,182035632.00
2025/01/27,20.40,20.49,19.59,19.64,2640307,73743344.00
2025/02/05,19.86,20.32,19.59,20.09,2360954,66421248.00
2025/02/06,20.00,21.34,19.99,21.33,4512332,132618192.00
2025/02/07,21.29,21.41,20.79,21.09,4283380,127355912.00
2025/02/10,21.01,21.07,20.61,21.07,3366445,98542792.00
2025/02/11,21.01,21.04,20.54,20.72,2887537,84031048.00
2025/02/12,20.64,21.57,20.36,21.34,5378633,159524784.00
2025/02/13,21.27,21.72,21.04,21.07,4805560,144163984.00
2025/02/14,21.03,21.22,20.47,20.70,3936820,114931360.00
2025/02/17,20.77,21.11,20.50,21.11,3740010,109472592.00
2025/02/18,21.16,21.34,20.25,20.26,3894548,113697392.00
2025/02/19,20.26,21.59,20.19,21.59,7652170,228401760.00
2025/02/20,21.84,22.66,21.52,22.39,10814784,335550464.00
2025/02/21,22.21,22.83,21.79,22.44,7481749,235581264.00
2025/02/24,22.28,22.75,21.63,22.41,5826818,182089024.00
2025/02/25,22.09,23.00,21.86,22.65,6505670,206252832.00
2025/02/26,22.81,23.72,22.61,23.22,11929430,389459200.00
2025/02/27,23.40,24.04,22.64,23.22,8499364,278286336.00
2025/02/28,23.84,24.15,21.61,21.75,8856814,282226112.00
2025/03/03,21.84,22.13,21.29,21.50,5237530,160015024.00
2025/03/04,21.29,22.18,21.27,22.06,4088594,126150296.00
2025/03/05,21.96,23.28,21.96,23.26,7523684,241031936.00
2025/03/06,23.26,23.70,22.95,23.18,6443320,210249968.00
2025/03/07,23.28,27.83,23.28,25.14,21039342,746663616.00
2025/03/10,28.50,29.57,25.99,26.31,23851586,908549504.00
2025/03/11,26.51,31.59,26.51,30.20,30850701,1284528128.00
2025/03/12,29.93,30.30,28.29,28.96,28291763,1157824896.00
2025/03/13,28.57,30.40,27.77,29.46,23254249,950894272.00
2025/03/14,28.54,28.85,26.61,27.39,19703705,755117568.00
2025/03/17,26.71,27.97,26.36,27.69,13581910,517805376.00
2025/03/18,27.39,27.98,26.89,27.56,12806426,492819328.00
2025/03/19,27.36,28.07,25.89,26.04,14527078,553580416.00
2025/03/20,25.79,26.32,25.49,25.86,9796522,356126432.00
2025/03/21,25.76,26.62,25.14,26.15,11455794,418248768.00
2025/03/24,25.71,25.99,23.96,25.14,11207460,387864992.00
2025/03/25,24.94,25.69,24.04,24.14,8091146,281948576.00
2025/03/26,23.92,25.01,23.92,24.06,6168554,212040528.00
2025/03/27,24.01,24.13,23.21,23.49,5955430,197840912.00
2025/03/28,23.74,23.89,23.19,23.35,3709860,122310920.00
2025/03/31,23.19,23.19,22.13,22.97,5598114,177817376.00
2025/04/01,22.94,23.21,22.52,22.60,4084400,130908896.00
2025/04/02,22.60,23.11,22.50,22.87,3870358,124198992.00
2025/04/03,22.64,23.13,22.15,22.34,4427530,140875264.00
2025/04/07,20.55,21.43,17.86,17.86,7017064,188160512.00
2025/04/08,18.12,18.71,17.12,17.83,6576260,164829840.00
2025/04/09,17.14,18.63,15.84,18.44,7527410,185824400.00
2025/04/10,18.81,19.64,18.81,18.94,7035063,190091872.00
2025/04/11,18.74,19.71,18.56,19.32,5554753,150217232.00
2025/04/14,19.50,19.99,19.43,19.53,3954608,109373152.00
2025/04/15,19.50,19.67,19.19,19.44,2850300,77726104.00
2025/04/16,19.51,20.13,18.86,19.18,4859770,132667792.00
2025/04/17,19.14,19.57,18.97,19.07,3212280,86944800.00
2025/04/18,19.06,19.31,18.86,19.09,2261100,60578280.00
2025/04/21,18.98,20.44,18.97,20.44,6266930,174608528.00
2025/04/22,20.10,20.34,19.86,20.16,3766720,106542968.00
2025/04/23,20.34,20.84,20.23,20.64,4569000,132074928.00
2025/04/24,20.54,20.89,20.11,20.56,4994360,144218944.00
2025/04/25,21.13,21.55,20.56,20.70,4653438,136120576.00
2025/04/28,20.46,20.99,20.30,20.33,3473660,100051320.00
2025/04/29,20.18,21.47,20.07,21.31,6715438,199487264.00
2025/04/30,21.99,23.97,21.71,23.23,12405727,397261856.00
2025/05/06,22.68,23.70,22.68,23.67,10560884,344597664.00
2025/05/07,23.84,24.07,23.21,23.58,7638158,252930448.00
2025/05/08,23.55,24.12,23.40,23.96,7621888,255762640.00
2025/05/09,24.34,25.26,23.21,23.33,9554668,323788032.00
2025/05/12,23.34,24.29,23.34,24.04,8020996,269335168.00
2025/05/13,24.08,24.31,23.50,23.57,5839860,195562464.00
2025/05/14,23.40,23.80,23.16,23.26,4404179,144448976.00
2025/05/15,23.26,23.43,22.81,22.98,3451611,111623016.00
2025/05/16,22.88,23.69,22.86,23.26,3639080,119582560.00
2025/05/19,23.50,23.71,23.00,23.29,4874410,159724816.00
2025/05/20,23.29,23.29,22.81,23.10,2579892,83495360.00
2025/05/21,23.06,23.21,22.21,22.54,4182968,132499464.00
2025/05/22,22.44,22.75,22.10,22.14,2479744,77917040.00
2025/05/23,22.07,22.76,21.87,21.95,3400630,106311432.00
2025/05/26,21.80,22.56,21.80,22.16,3290492,102185632.00
2025/05/27,21.96,22.26,21.64,21.94,2705200,83022536.00
2025/05/28,21.96,22.14,21.60,21.72,2283234,70018024.00
2025/05/29,21.76,26.08,21.76,26.08,18347716,644349696.00
2025/05/30,25.64,26.97,24.21,25.34,22573001,809896576.00
2025/06/03,26.36,27.76,25.59,26.86,22215482,829852544.00
2025/06/04,27.70,30.64,27.21,27.31,23310488,929708352.00
2025/06/05,27.33,32.79,27.32,31.67,31399535,1333218560.00
2025/06/06,32.14,33.26,30.68,32.56,28859648,1292889728.00
2025/06/09,32.58,32.69,30.65,31.93,22102921,976025856.00
2025/06/10,32.24,34.56,28.84,28.93,28911422,1271220736.00
2025/06/11,28.49,29.27,26.99,27.50,20413039,798426688.00
2025/06/12,25.93,26.43,25.50,26.07,19473252,710604480.00
2025/06/13,25.79,26.02,24.94,24.98,12844300,455470496.00
2025/06/16,24.89,25.31,24.89,25.16,6540901,230410480.00
2025/06/17,25.31,25.56,24.75,25.24,9251254,326715840.00
2025/06/18,24.93,25.17,24.54,24.93,6954312,242602752.00
2025/06/19,24.80,25.11,24.24,24.32,7035425,243251280.00
2025/06/20,24.32,24.44,23.52,23.61,6421263,215214256.00
2025/06/23,23.38,23.83,23.35,23.69,6896224,228385888.00
2025/06/24,23.83,24.76,23.83,24.59,9886169,340133408.00
2025/06/25,24.49,25.03,24.35,24.77,9239871,320062336.00
2025/06/26,24.71,25.07,24.58,24.68,7843282,273545984.00
2025/06/27,25.39,25.49,24.50,24.57,8697000,303510048.00
2025/06/30,24.47,25.09,24.46,24.93,7486680,261589232.00
2025/07/01,25.37,25.93,25.04,25.24,11359980,405423840.00
2025/07/02,25.10,25.37,24.64,24.86,6755500,236453632.00
2025/07/03,25.04,27.11,24.89,26.09,18727150,694300736.00
2025/07/04,25.71,26.01,25.10,25.21,11464521,408807968.00
2025/07/07,25.09,25.34,24.75,25.26,6671530,233913552.00
2025/07/08,25.17,26.60,25.13,26.36,11927903,436033056.00
2025/07/09,27.68,28.18,25.99,26.07,17515120,665947328.00
2025/07/10,25.70,26.00,25.14,25.36,9715021,346956352.00
2025/07/11,25.36,25.71,24.89,25.49,7301541,258500976.00
2025/07/14,25.66,27.36,25.62,27.09,16403130,617188608.00
2025/07/15,27.09,27.25,26.36,26.68,9016157,337588512.00
2025/07/16,26.61,27.24,26.25,26.74,9314600,350011872.00
2025/07/17,26.69,26.87,26.27,26.56,8048880,300397920.00
2025/07/18,26.74,27.08,26.16,26.74,11493142,428384928.00
2025/07/21,26.74,27.09,26.33,27.02,8499144,319734016.00
2025/07/22,26.88,27.42,26.36,26.39,8901174,334027968.00
2025/07/23,26.64,28.04,25.95,27.02,13413168,506698208.00
2025/07/24,27.24,27.46,26.85,27.08,8256570,313809120.00
2025/07/25,27.11,27.19,26.48,26.68,5943112,222538480.00
2025/07/28,27.81,31.75,27.81,30.03,26474640,1109647872.00
2025/07/29,29.32,29.94,28.55,29.51,16354637,668045376.00
2025/07/30,31.33,32.26,29.93,30.79,22526329,977677952.00
2025/07/31,30.34,33.82,30.34,31.49,19886663,893095616.00
2025/08/01,31.21,31.21,29.64,29.76,14572728,617001792.00
2025/08/04,29.82,31.49,29.71,31.14,14154422,608641408.00
2025/08/05,32.68,32.68,30.45,30.54,13420250,583228928.00
2025/08/06,30.48,32.19,30.48,31.85,16860714,741800064.00
2025/08/07,31.72,33.78,31.29,32.76,16932503,770560640.00
2025/08/08,33.04,34.69,32.34,33.22,18042262,849855616.00
2025/08/11,33.86,39.87,33.75,39.87,19276150,1003757056.00
2025/08/12,39.88,41.75,38.32,38.76,29318265,1643120768.00
2025/08/13,38.54,39.94,37.31,39.89,23439064,1265746944.00
2025/08/14,40.29,40.60,36.46,36.81,19194714,1027207424.00
2025/08/15,38.34,41.83,38.02,38.67,24500187,1352572416.00
2025/08/18,38.39,38.79,37.02,37.89,20179094,1062051200.00
2025/08/19,37.52,37.52,36.06,36.11,14547160,744638144.00
2025/08/20,36.66,37.09,35.45,35.91,9344951,474456096.00
2025/08/21,35.39,36.34,35.32,35.56,7119973,356035744.00
2025/08/22,35.97,36.04,35.12,35.74,6323049,315131872.00
2025/08/25,35.74,37.39,35.66,37.11,13048900,668708736.00
2025/08/26,36.73,37.45,36.11,36.81,8599881,444251648.00
2025/08/27,36.39,36.96,35.51,35.54,8446434,427342624.00
2025/08/28,36.07,36.86,33.45,34.79,9449278,466869280.00
2025/08/29,33.86,34.96,33.45,34.16,6297597,301570272.00
2025/09/01,33.89,34.49,33.54,33.67,7051733,334373952.00
2025/09/02,34.09,36.77,34.06,36.39,14368288,709089088.00
2025/09/03,35.79,36.18,33.89,34.55,7513935,368416320.00
2025/09/04,33.82,34.16,31.41,32.07,7868497,360703392.00
2025/09/05,32.32,33.43,32.05,33.32,5292166,243283968.00
2025/09/08,34.02,36.25,34.02,35.56,10937648,541287232.00
2025/09/09,34.88,35.31,33.99,34.17,7429070,360998880.00
2025/09/10,33.84,34.68,33.62,33.84,4708031,224766832.00
2025/09/11,33.43,34.89,33.07,34.69,5415246,259615568.00
2025/09/12,34.34,35.31,34.04,34.17,4666460,225904400.00
2025/09/15,33.91,34.42,33.18,33.21,5186813,245050544.00
2025/09/16,33.24,34.96,33.24,34.73,7283941,350036608.00
2025/09/17,34.79,35.89,34.39,35.58,7989155,396967744.00
2025/09/18,35.14,36.29,34.09,34.69,9958412,495551744.00
2025/09/19,34.17,34.68,33.25,33.48,5846349,276743712.00
2025/09/22,33.25,34.02,32.94,33.57,4265337,199726464.00
2025/09/23,33.58,34.86,32.99,34.25,7813939,371819200.00
2025/09/24,33.89,35.49,33.11,35.29,7843493,381695648.00
2025/09/25,35.49,35.99,34.53,34.54,6176188,304397760.00
2025/09/26,34.26,34.64,33.51,33.68,4515382,215072032.00
2025/09/29,33.45,35.82,33.18,35.29,6871630,332205728.00
2025/09/30,35.28,36.16,35.10,35.39,7089804,354019392.00
2025/10/09,35.23,36.04,34.54,35.66,7003128,348415744.00
2025/10/10,35.38,36.75,35.34,36.30,9704791,494215744.00
2025/10/13,34.68,35.89,32.66,35.44,6763746,330168288.00
2025/10/14,36.04,37.25,35.31,35.52,8002661,405490400.00
2025/10/15,36.01,38.77,36.01,38.47,14796525,775415744.00
2025/10/16,37.36,39.25,36.75,38.99,12735436,673343488.00
2025/10/17,38.36,38.96,35.87,36.32,8618950,455203360.00
2025/10/20,39.11,39.96,37.11,37.33,9442188,502985600.00
2025/10/21,38.18,39.61,35.83,36.27,12832919,677735104.00
2025/10/22,35.16,35.24,33.22,33.37,11016252,522298368.00
2025/10/23,32.82,32.82,30.84,31.36,7380766,326700640.00
2025/10/24,33.44,34.24,32.46,32.46,9768234,458230112.00
2025/10/27,32.98,35.04,32.14,34.62,10426050,492785984.00
2025/10/28,34.63,40.33,34.39,38.29,19049260,1012722304.00
2025/10/29,38.40,39.07,37.14,37.85,12249462,650077120.00
2025/10/30,37.66,38.79,37.04,37.86,11713134,621381952.00
2025/10/31,36.42,36.42,34.61,34.98,10894745,540511424.00
2025/11/03,35.01,37.21,34.88,36.26,9688111,488748608.00
2025/11/04,36.19,36.59,34.09,34.45,6465400,315659104.00
2025/11/05,33.68,34.96,33.45,33.98,5385117,257411504.00
2025/11/06,33.91,35.09,33.44,34.35,5286352,253149760.00
2025/11/07,34.18,35.39,33.41,35.06,7449598,361447520.00
2025/11/10,37.11,37.74,35.89,36.06,10835545,557253440.00
2025/11/11,36.09,37.68,34.31,34.98,10923906,546988864.00
2025/11/12,34.32,35.61,33.47,35.25,7538263,363877920.00
2025/11/13,35.68,37.71,35.41,36.00,11807452,601536000.00
2025/11/14,35.64,35.95,34.39,34.79,7401714,362560704.00
2025/11/17,35.03,36.79,34.39,36.13,8231001,412872352.00
2025/11/18,35.69,37.18,34.76,36.68,9783672,495479520.00
2025/11/19,36.40,36.81,35.32,35.90,5993159,302904128.00
2025/11/20,36.04,39.04,35.61,37.91,14490180,762993856.00
2025/11/21,37.46,38.28,35.90,36.89,12490830,653152640.00
2025/11/24,37.09,41.31,37.09,40.20,17162065,949701952.00
2025/11/25,40.32,46.09,39.50,42.47,23719288,1396536448.00
2025/11/26,43.54,45.36,41.46,43.46,24206724,1469347840.00
2025/11/27,42.11,50.81,41.75,49.25,28730621,1847960960.00
2025/11/28,48.96,49.25,44.96,47.38,24356242,1613812224.00
2025/12/01,45.68,48.35,43.93,43.96,21618344,1388177024.00
2025/12/02,42.88,48.29,42.85,45.81,23188491,1503191936.00
2025/12/03,44.14,47.11,40.40,41.13,27040414,1661859712.00
2025/12/04,40.76,42.74,40.10,41.40,18090886,1056215424.00
2025/12/05,42.11,49.69,42.11,49.69,20297433,1351773568.00
2025/12/08,53.11,55.09,51.59,51.75,32900373,2453339904.00
2025/12/09,52.39,56.23,52.15,53.88,27119917,2051008128.00
2025/12/10,53.91,59.25,53.06,58.84,29500364,2336391168.00
2025/12/11,59.96,60.68,56.39,57.57,25728765,2102765824.00
2025/12/12,59.89,69.09,59.89,69.09,33561418,3110630144.00
2025/12/15,69.09,74.06,67.06,72.61,32085642,3174037760.00
2025/12/16,67.90,70.59,66.35,69.61,23579033,2271222016.00
2025/12/17,67.96,69.25,63.79,66.23,22679852,2090755712.00
2025/12/18,67.11,70.67,66.29,66.29,24796237,2366367232.00
2025/12/19,68.54,70.68,66.80,69.06,20947967,2009640576.00
2025/12/22,71.20,71.20,65.68,66.46,18401435,1744537856.00
2025/12/23,66.16,71.75,64.29,66.89,28313956,2711584512.00
2025/12/24,65.50,80.28,65.50,80.28,29761339,3124391424.00
2025/12/25,84.76,96.34,84.76,96.34,29468903,3742217984.00
2025/12/26,94.96,100.25,94.96,97.82,27646991,3781975040.00
2025/12/29,97.84,116.09,97.84,113.82,27332076,4152336128.00
2025/12/30,110.96,111.66,100.68,104.75,22647780,3321046528.00
2025/12/31,106.31,114.25,105.89,110.87,20823878,3210596864.00
2026/01/05,110.67,110.68,102.74,107.74,16532596,2477943296.00
2026/01/06,105.04,118.39,101.18,118.39,21235765,3298321664.00
2026/01/07,114.25,120.59,112.46,114.41,16300331,2640995840.00
2026/01/08,114.41,125.68,114.35,123.38,17027302,2882905856.00
2026/01/09,126.39,131.57,117.82,126.95,20998359,3665571072.00
2026/01/12,129.96,148.56,124.99,141.39,19717898,3771505408.00
2026/01/13,137.11,152.76,122.68,146.39,20448503,3966776576.00
2026/01/14,145.68,156.25,142.82,155.54,19957046,4190705664.00
2026/01/15,146.39,152.60,124.43,137.76,21747912,4192221696.00
2026/01/16,139.96,144.82,134.96,134.96,15891422,3131800576.00
2026/01/19,135.44,160.68,135.44,156.76,20943495,4400541696.00
2026/01/20,159.91,163.17,132.12,139.24,21128698,4347333120.00
2026/01/21,136.74,144.96,128.59,128.96,19291037,3696429056.00
2026/01/22,130.09,143.74,129.25,136.39,20617197,3980429824.00
2026/01/23,138.54,161.39,137.76,157.09,25069612,5197064704.00
2026/01/26,149.09,151.39,136.46,137.41,20316973,4093522176.00
2026/01/27,134.26,144.25,134.26,140.46,13732635,2695487744.00
2026/01/28,141.39,142.81,130.68,139.33,15782052,2981582592.00
2026/01/29,136.82,139.25,132.11,135.02,11219954,2139255296.00
2026/01/30,132.32,138.71,125.68,126.96,12787947,2331764992.00
2026/02/02,129.54,133.53,126.41,126.76,9962283,1812027136.00
2026/02/03,128.09,135.32,121.39,132.96,15310771,2785590016.00
2026/02/04,130.32,131.54,119.25,121.37,16539279,2881724928.00
2026/02/05,120.41,121.32,116.58,118.74,8963065,1494930816.00
2026/02/06,117.82,122.45,116.04,117.66,9925779,1658013696.00
2026/02/09,120.67,122.73,117.16,121.94,11163724,1882195072.00
2026/02/10,120.54,123.96,116.30,119.61,10364151,1738276224.00
2026/02/11,120.88,126.11,119.26,120.01,14305980,2460546304.00
2026/02/12,116.40,119.16,114.34,114.68,11629070,1889887744.00
2026/02/13,114.69,116.51,111.39,112.48,6843301,1096861824.00
2026/02/24,112.81,113.75,110.60,111.42,6056811,951874240.00
2026/02/25,111.42,119.96,110.69,119.02,13781776,2247883008.00
2026/02/26,116.39,125.34,114.96,123.15,14820568,2532498432.00
2026/02/27,122.88,131.39,121.39,125.54,15369261,2749385216.00
2026/03/02,124.56,131.56,123.97,126.54,12286491,2192687872.00
2026/03/03,124.25,124.26,112.10,112.10,11028234,1808469760.00
2026/03/04,111.39,119.25,110.68,117.21,8903174,1454537088.00
2026/03/05,119.96,119.96,114.25,117.40,7460621,1215240960.00
2026/03/06,117.11,123.18,115.54,119.41,9562310,1611133312.00
2026/03/09,113.04,117.66,112.44,117.52,8152092,1312408704.00
2026/03/10,117.48,122.82,116.89,120.16,7478277,1258517760.00
2026/03/11,120.68,121.31,115.89,116.25,6953429,1149960832.00
2026/03/12,116.26,118.89,112.89,113.43,5951916,956217024.00
2026/03/13,112.11,112.83,104.11,104.61,9819242,1475576448.00
2026/03/16,104.61,105.99,101.54,103.70,5537124,801675264.00
2026/03/17,104.96,105.54,99.68,99.77,5007166,715789376.00
2026/03/18,100.89,108.82,99.26,108.39,10543631,1541484032.00
2026/03/19,104.26,109.23,104.25,106.25,7891940,1178428672.00
2026/03/20,107.72,108.53,102.82,103.18,6338605,937300928.00
2026/03/23,102.07,107.11,99.24,99.38,7790390,1126069760.00
2026/03/24,102.25,102.75,96.09,99.80,6416301,887639040.00
2026/03/25,102.11,104.20,100.68,101.18,6145486,883244416.00
2026/03/26,103.55,105.37,98.59,104.64,10253379,1466014080.00
2026/03/27,99.96,104.17,97.47,102.04,8854880,1251761152.00
2026/03/30,101.04,120.39,101.04,115.81,18013532,2804222208.00
2026/03/31,115.81,124.92,115.81,118.07,18845714,3178740480.00
2026/04/01,118.89,120.00,112.81,116.14,12923176,2094429056.00
2026/04/02,110.68,111.81,107.11,107.71,11138398,1697775488.00
2026/04/03,109.11,110.14,101.77,103.21,9184458,1349224192.00
2026/04/07,103.41,104.72,99.74,100.11,6158248,874143296.00
2026/04/08,103.15,113.29,103.14,110.67,11679362,1780257920.00
2026/04/09,107.46,109.89,106.11,107.06,7508770,1132166912.00
2026/04/10,107.82,110.65,106.56,106.84,7993643,1209815552.00
2026/04/13,106.39,112.46,105.69,110.59,9636908,1480729216.00
2026/04/14,110.68,117.56,108.71,117.05,13361138,2129383680.00
2026/04/15,117.35,124.87,117.31,119.38,15278886,2605417728.00
2026/04/16,119.38,122.85,118.72,121.01,10302882,1739070336.00
2026/04/17,120.32,121.25,117.83,119.96,8760912,1470736512.00
2026/04/20,120.69,130.11,119.25,127.29,15287788,2676476160.00
2026/04/21,126.08,133.29,125.53,128.63,12080542,2178202624.00
2026/04/22,124.25,127.10,121.39,127.06,10939325,1903365760.00
2026/04/23,125.80,130.91,121.68,124.89,10282163,1818406400.00
2026/04/24,123.54,126.22,119.44,120.69,8448786,1445977856.00
2026/04/27,118.56,122.10,118.37,119.61,6778543,1140551936.00
2026/04/28,119.25,123.32,115.08,119.93,7731344,1294830848.00
2026/04/29,117.93,121.95,117.93,119.45,5263108,886190720.00
2026/04/30,119.25,125.86,118.19,124.68,8695280,1500806784.00
2026/05/06,123.54,132.83,123.39,132.72,12378786,2241045248.00
2026/05/07,132.11,135.31,129.54,133.60,11483958,2125961856.00
2026/05/08,132.82,146.39,132.18,140.56,13179227,2568038656.00
2026/05/11,144.25,145.39,138.25,142.04,11306101,2240322048.00
2026/05/12,141.39,141.85,134.24,135.47,8764798,1682292608.00
2026/05/13,134.18,137.81,132.11,135.96,7746640,1469265664.00
2026/05/14,135.06,137.82,127.11,127.11,8595759,1589866624.00
2026/05/15,126.49,127.74,118.68,121.07,8937121,1524709760.00
2026/05/18,121.39,129.01,121.39,123.76,8117944,1421155712.00
2026/05/19,123.68,124.94,117.52,119.95,6557977,1104838784.00
2026/05/20,118.54,121.21,116.96,119.96,5089033,850228800.00
2026/05/21,121.18,121.39,114.25,114.38,6417245,1069153536.00
2026/05/22,114.45,116.31,110.81,116.14,5370181,860699264.00
2026/05/25,118.26,118.54,112.11,114.71,5600583,900685824.00
2026/05/26,114.18,114.25,106.71,109.19,6597286,1006856128.00
2026/05/27,111.04,111.79,105.81,107.47,5288144,802231488.00
2026/05/28,108.22,111.39,107.22,110.30,5649073,867219520.00
2026/05/29,108.54,109.24,99.96,101.66,7276247,1059614848.00
2026/06/01,102.90,103.37,98.81,98.87,4006679,564561280.00
2026/06/02,100.98,101.00,95.50,99.01,6290212,620550848.00
2026/06/03,99.96,105.97,98.89,102.81,8708395,895025600.00
2026/06/04,100.89,103.33,100.74,101.41,5177544,526137408.00
2026/06/05,103.99,106.66,99.58,104.16,12786116,1328452736.00
2026/06/08,100.66,106.16,97.46,97.69,10107932,1024843008.00
2026/06/09,98.85,100.42,94.70,99.86,9102210,884083200.00
2026/06/10,100.94,102.58,97.55,99.85,7747465,775514688.00
2026/06/11,98.85,101.55,97.23,100.00,7102543,704345472.00
2026/06/12,102.85,105.89,99.00,101.44,10525320,1079921024.00
2026/06/15,99.77,99.80,95.80,97.38,10050215,979015040.00
2026/06/16,99.50,99.89,95.31,95.56,10086653,978495872.00
2026/06/17,94.57,101.48,94.57,97.47,11461471,1130937856.00
2026/06/18,96.21,105.82,95.65,105.35,15380366,1579532928.00
2026/06/22,105.50,105.79,95.34,99.36,15409332,1522829056.00
2026/06/23,97.72,98.97,95.00,95.50,7624360,737511488.00
2026/06/24,95.50,108.99,92.40,107.00,18888864,1916960768.00
2026/06/25,106.60,108.60,102.35,104.30,11114566,1165693184.00
2026/06/26,102.31,113.43,100.40,110.18,16954584,1845497600.00
2026/06/29,109.30,109.80,105.36,108.85,11850379,1276732800.00
2026/06/30,110.99,113.72,108.70,111.56,14864514,1653620096.00
2026/07/01,109.18,114.88,107.80,110.80,13745068,1533037056.00
2026/07/02,108.88,113.94,106.18,106.18,9920685,1089195264.00
2026/07/03,108.00,120.70,107.38,118.64,21145057,2475392768.00
2026/07/06,119.00,120.20,107.01,107.01,16057789,1816059392.00
2026/07/07,107.00,111.86,100.03,102.70,11024658,1159556864.00
2026/07/08,101.90,103.99,96.20,96.22,8787229,871708224.00
2026/07/09,97.04,103.30,94.65,102.90,8661996,853405568.00
2026/07/10,102.00,123.48,99.26,114.88,29093358,3347213568.00
2026/07/13,109.95,111.00,93.60,96.98,21336397,2127543552.00
2026/07/14,93.00,94.78,80.60,85.51,16953370,1449971968.00
2026/07/15,85.68,86.66,80.41,81.12,11140624,930202880.00
2026/07/16,79.38,81.93,76.67,77.31,8195844,645696128.00
2026/07/17,78.00,78.42,68.40,68.72,10268353,739968320.00
2026/07/20,72.00,72.15,61.20,63.30,10816064,714261440.00
2026/07/21,64.09,67.39,56.88,67.35,12415295,784390848.00
2026/07/22,66.00,68.60,64.31,64.92,9631776,636312192.00
2026/07/23,64.89,67.75,64.53,66.20,7195599,476996288.00
2026/07/24,64.77,65.98,62.43,62.60,5176021,329832160.00
2026/07/27,62.60,66.12,61.78,66.12,6839615,442431360.00
2026/07/28,66.12,67.58,63.80,64.29,6383766,419345600.00
2026/07/29,64.69,64.80,61.45,63.35,6477232,407253024.00
2026/07/30,63.35,65.10,59.58,60.16,7187600,444427968.00
2026/07/31,62.19,65.88,62.19,63.07,8906727,572933888.00
2026/08/03,63.07,67.10,62.51,66.08,9574753,629244096.00
2026/08/04,67.26,71.12,66.69,70.82,12186023,847776768.00
2026/08/05,71.57,74.20,70.62,73.98,9947143,724273920.00
2026/08/06,73.96,77.19,72.86,76.60,11918912,903596544.00
2026/08/07,77.95,81.18,75.88,81.03,14208973,1121874048.00
2026/08/10,81.00,83.75,78.60,83.44,16020383,1307844608.00
2026/08/11,75.00,77.85,72.12,76.14,18088484,1370534016.00
2026/08/12,76.36,83.57,75.11,82.45,15724319,1252578304.00
2026/08/13,83.51,85.00,82.50,83.23,12216885,1024259520.00
2026/08/14,83.54,85.64,81.20,85.09,10969332,916159168.00
2026/08/17,86.00,88.85,85.01,88.83,11580893,1004950464.00
2026/08/18,88.54,90.56,86.54,89.29,14336076,1270640896.00
2026/08/19,98.00,100.00,82.00,83.85,27834762,2523027968.00
2026/08/20,80.50,82.10,71.31,71.92,23215885,1735488896.00
2026/08/21,71.26,74.74,70.13,73.01,13871738,1009727168.00
2026/08/24,72.96,73.69,69.84,71.32,11789739,842956864.00
2026/08/25,68.47,71.13,66.00,70.39,10090715,692019776.00
2026/08/26,70.65,72.00,68.85,69.85,7224539,505877728.00
2026/08/27,69.62,71.68,68.99,71.14,7002517,494032672.00
2026/08/28,70.86,71.13,68.51,68.65,7300374,507871072.00
2026/08/31,67.54,70.19,67.54,69.70,7356449,508476032.00
2026/09/01,69.71,70.06,67.20,67.78,5572883,379222816.00
2026/09/02,67.00,67.90,66.04,67.08,5124756,342870400.00
2026/09/03,67.50,68.40,65.56,66.54,5491314,365382752.00
2026/09/04,67.25,67.83,64.71,65.49,5178307,344064544.00
2026/09/07,64.82,66.37,64.82,65.94,4145521,272522144.00
2026/09/08,65.98,66.92,64.65,64.98,5436122,357373952.00
2026/09/09,64.98,65.65,63.70,64.30,4229142,273004224.00
2026/09/10,64.00,64.63,63.10,63.76,3446491,220296192.00
2026/09/11,63.50,63.52,60.69,61.81,5596275,345771552.00
2026/09/14,61.53,62.26,60.72,61.82,3782108,233060176.00
#数据来源:通达信
