300631 久吾高科 日线 前复权
      日期	    开盘	    最高	    最低	    收盘	    成交量	    成交额
2021/08/02,49.85,54.63,48.87,52.62,30630156,1645913216.00
2021/08/03,49.55,50.37,43.99,44.87,25839482,1239234944.00
2021/08/04,45.68,53.83,44.97,53.25,26930437,1373632768.00
2021/08/05,52.18,60.97,50.13,57.98,27676309,1568464896.00
2021/08/06,58.05,64.17,56.06,57.78,25621737,1544562176.00
2021/08/09,58.18,62.04,51.17,61.27,23798675,1361604992.00
2021/08/10,59.16,63.46,53.14,55.57,24203833,1419806080.00
2021/08/11,53.17,57.74,51.98,54.44,16903509,946299008.00
2021/08/12,53.17,63.35,51.18,59.21,25949212,1481682944.00
2021/08/13,56.17,65.67,55.94,57.57,26476005,1635304064.00
2021/08/16,56.22,58.13,52.87,53.05,17832853,992545152.00
2021/08/17,53.25,57.17,52.67,53.97,17092100,949980416.00
2021/08/18,54.17,59.13,53.75,56.60,18185489,1042281536.00
2021/08/19,54.68,59.83,52.67,55.36,20071897,1136816384.00
2021/08/20,53.18,54.76,52.29,53.31,14760290,800825600.00
2021/08/23,53.15,54.76,51.67,51.98,16865470,911219712.00
2021/08/24,48.17,51.56,45.16,48.45,17603934,858158464.00
2021/08/25,47.98,52.77,47.98,52.05,16414984,846354368.00
2021/08/26,52.14,53.15,48.68,49.17,12937030,667713024.00
2021/08/27,49.08,49.08,46.42,47.08,11715602,567450944.00
2021/08/30,46.67,49.72,46.42,47.26,10945209,535107392.00
2021/08/31,46.38,47.47,43.68,44.22,12005228,549066624.00
2021/09/01,44.75,45.89,41.24,42.26,10269996,454583936.00
2021/09/02,41.97,43.68,41.22,42.67,8641957,373786816.00
2021/09/03,42.77,43.84,39.60,39.93,9468927,399535296.00
2021/09/06,40.09,41.12,38.27,40.77,8075900,329053664.00
2021/09/07,40.73,41.52,39.95,41.07,8321845,346819936.00
2021/09/08,41.37,47.28,41.17,46.08,19347519,876759680.00
2021/09/09,44.38,46.77,43.37,43.69,11964251,542708416.00
2021/09/10,43.17,45.67,41.54,44.75,11879099,527148736.00
2021/09/13,43.55,46.84,43.55,46.12,12212854,570337408.00
2021/09/14,45.17,50.17,43.67,47.55,14702528,707403520.00
2021/09/15,47.37,52.35,47.37,51.56,16797427,865448192.00
2021/09/16,50.18,51.49,45.69,48.70,13447937,672158656.00
2021/09/17,47.88,49.19,44.86,46.21,8129218,387133440.00
2021/09/22,43.97,44.67,42.17,42.43,7552438,332953984.00
2021/09/23,43.12,44.47,42.57,42.58,5725478,253553280.00
2021/09/24,43.50,44.12,41.18,41.23,5349327,230105376.00
2021/09/27,40.44,40.94,38.17,39.66,6794810,274319712.00
2021/09/28,39.31,39.87,38.26,38.57,3894382,154887648.00
2021/09/29,37.97,38.25,35.62,35.66,5204375,195260160.00
2021/09/30,36.17,38.16,36.17,38.07,6951889,265996896.00
2021/10/08,38.59,39.12,36.47,36.96,5128890,196467920.00
2021/10/11,36.96,37.37,35.46,35.63,4190023,154491648.00
2021/10/12,35.04,35.86,33.70,34.37,4153708,146997440.00
2021/10/13,34.65,35.22,33.97,34.55,4414579,155608000.00
2021/10/14,34.45,36.04,33.62,35.62,6457412,231429104.00
2021/10/15,35.51,37.56,34.19,36.29,8371113,308618656.00
2021/10/18,35.77,37.47,35.77,37.40,7234451,272044480.00
2021/10/19,36.97,37.48,36.37,36.85,5568801,209933728.00
2021/10/20,35.49,38.04,35.18,37.95,9876136,376006592.00
2021/10/21,36.97,38.02,36.48,36.85,8437312,319610240.00
2021/10/22,36.19,37.57,35.53,35.66,5923015,221202048.00
2021/10/25,34.82,37.47,34.78,37.34,8970112,335768992.00
2021/10/26,37.34,43.61,37.27,40.69,18149223,754606464.00
2021/10/27,39.18,40.61,38.68,39.45,10112328,408458304.00
2021/10/28,39.10,40.17,34.51,34.95,11751818,437424000.00
2021/10/29,35.15,36.91,35.10,35.57,6341364,231628112.00
2021/11/01,35.79,36.36,34.98,35.97,5360082,196766160.00
2021/11/02,36.25,38.05,35.67,36.61,7668879,288506336.00
2021/11/03,37.08,37.36,34.87,35.81,5248462,191823728.00
2021/11/04,35.82,36.47,35.68,36.17,4588417,169605872.00
2021/11/05,36.15,37.45,35.37,36.28,6195599,231736496.00
2021/11/08,35.79,40.77,35.37,39.85,13727160,544595328.00
2021/11/09,39.29,39.52,38.35,38.59,9802173,387763968.00
2021/11/10,38.22,38.59,36.57,38.00,7806037,298550688.00
2021/11/11,37.67,39.65,37.56,38.95,8382410,330593984.00
2021/11/12,38.94,40.47,38.18,39.67,9235607,372381056.00
2021/11/15,39.27,39.75,38.36,38.54,5925762,235299152.00
2021/11/16,38.55,38.85,36.74,36.90,5010328,193277344.00
2021/11/17,37.42,41.41,37.42,40.01,12454171,507548064.00
2021/11/18,39.22,47.58,38.75,45.20,23639444,1038562496.00
2021/11/19,43.57,46.62,43.22,43.85,17515233,795956800.00
2021/11/22,43.70,46.35,43.70,44.18,14478679,664635968.00
2021/11/23,44.20,46.97,43.83,45.77,14744960,677807552.00
2021/11/24,45.07,45.55,43.44,43.67,10543354,474449696.00
2021/11/25,43.59,45.17,42.73,42.89,8436941,376622176.00
2021/11/26,43.22,51.63,43.22,49.13,29605836,1478771328.00
2021/11/29,47.27,52.76,45.83,51.16,27175197,1368638720.00
2021/11/30,50.39,50.67,47.98,48.67,15523560,769440960.00
2021/12/01,47.48,49.06,47.32,48.45,9359147,458015488.00
2021/12/02,48.48,50.17,46.62,49.94,13941628,687808640.00
2021/12/03,49.17,49.85,47.43,47.96,9655062,475224128.00
2021/12/06,47.29,48.29,44.75,45.34,9588154,451630624.00
2021/12/07,45.71,46.14,43.02,44.01,7439222,335861888.00
2021/12/08,44.32,45.73,43.75,44.73,7145400,325764896.00
2021/12/09,44.12,45.01,43.38,43.80,6188357,277507296.00
2021/12/10,43.17,48.97,42.47,46.39,13659773,646946624.00
2021/12/13,45.29,46.67,44.97,45.95,8093957,376595040.00
2021/12/14,45.89,46.72,44.53,44.75,7294386,336778752.00
2021/12/15,44.57,45.15,43.73,44.03,5187365,233498656.00
2021/12/16,44.39,45.05,43.69,45.05,5242389,236845424.00
2021/12/17,44.72,45.32,43.62,43.73,4697106,211547008.00
2021/12/20,43.17,45.19,43.04,44.13,5629329,254059088.00
2021/12/21,43.56,44.47,39.73,40.54,8818812,371748736.00
2021/12/22,40.54,40.79,39.18,39.66,6729775,274026496.00
2021/12/23,39.44,39.92,38.77,39.79,4790086,193070896.00
2021/12/24,39.79,39.88,37.39,37.78,6186518,241019088.00
2021/12/27,38.05,39.12,37.22,37.95,4389400,172038352.00
2021/12/28,38.02,41.44,37.97,40.33,9318497,381167744.00
2021/12/29,39.88,43.00,39.78,40.73,9411232,398058592.00
2021/12/30,40.73,41.40,39.22,39.53,6386810,259285424.00
2021/12/31,39.27,42.18,39.23,41.38,8788297,368131104.00
2022/01/04,43.17,43.97,39.18,39.83,7100176,292277056.00
2022/01/05,39.07,39.67,37.47,37.98,4984000,194134064.00
2022/01/06,37.58,40.16,37.49,39.29,5945475,236428768.00
2022/01/07,39.17,39.25,36.91,36.91,5524288,214401424.00
2022/01/10,36.57,38.55,35.67,38.00,5969333,229365888.00
2022/01/11,38.06,39.97,37.79,38.19,4457451,175360608.00
2022/01/12,38.67,39.96,37.77,38.50,3963533,156135344.00
2022/01/13,38.27,38.80,36.47,37.09,4536760,173660416.00
2022/01/14,37.07,37.37,36.47,36.72,3301615,124742912.00
2022/01/17,36.22,38.25,36.14,37.44,4041974,153471712.00
2022/01/18,37.17,37.41,36.00,36.49,4306749,161228496.00
2022/01/19,36.27,36.49,34.57,35.04,3687338,133171768.00
2022/01/20,34.82,35.37,32.97,32.97,3569300,124230272.00
2022/01/21,32.56,34.28,32.56,33.28,3988172,137411040.00
2022/01/24,32.85,38.17,32.66,36.46,9835343,362297632.00
2022/01/25,35.83,36.37,34.12,34.31,6736922,242243968.00
2022/01/26,34.77,35.39,33.25,33.89,3796251,132553824.00
2022/01/27,34.32,34.60,32.72,32.73,4391968,151345024.00
2022/01/28,33.25,33.67,32.21,33.16,3409653,115817776.00
2022/02/07,34.24,35.45,33.97,34.09,3503057,124299120.00
2022/02/08,33.67,34.52,33.09,33.99,2814900,97421832.00
2022/02/09,34.04,35.89,33.79,35.40,5081727,182385168.00
2022/02/10,35.17,35.82,34.75,34.97,3805582,136857264.00
2022/02/11,34.57,38.15,34.18,36.89,9516240,357543424.00
2022/02/14,35.47,37.91,35.40,36.22,6865348,257430672.00
2022/02/15,35.87,36.55,34.85,36.05,4653438,169765456.00
2022/02/16,36.18,37.69,36.17,36.29,6319662,238172624.00
2022/02/17,35.56,39.17,35.47,37.97,11608593,448508032.00
2022/02/18,37.17,37.37,36.32,37.05,6827990,256661584.00
2022/02/21,37.25,37.55,36.60,37.36,5572011,211522768.00
2022/02/22,37.97,38.55,37.22,37.70,7717133,299397056.00
2022/02/23,37.17,38.07,36.24,37.84,7527155,286717952.00
2022/02/24,37.17,37.67,33.98,35.16,8386920,308585760.00
2022/02/25,35.93,38.02,35.77,36.33,7380458,277885792.00
2022/02/28,36.31,37.57,35.77,37.42,6811407,257224000.00
2022/03/01,36.97,37.30,36.00,36.55,5412833,202681504.00
2022/03/02,36.39,38.39,36.23,37.64,6960416,265820864.00
2022/03/03,37.62,38.67,36.55,36.97,6771977,258807520.00
2022/03/04,36.25,37.03,35.22,35.50,5263949,193611360.00
2022/03/07,35.69,36.15,34.82,35.10,3014700,109658160.00
2022/03/08,35.10,35.30,32.87,33.34,4067916,141217856.00
2022/03/09,33.17,33.67,31.14,32.64,3572703,119011712.00
2022/03/10,33.37,34.13,33.19,33.39,3342781,115080736.00
2022/03/11,32.75,33.32,32.05,33.15,2983562,99695136.00
2022/03/14,33.36,33.75,32.49,32.83,3183191,107766392.00
2022/03/15,32.64,33.32,31.67,32.05,3081711,103539280.00
2022/03/16,32.60,33.57,31.58,33.33,4005005,134333680.00
2022/03/17,33.83,34.15,33.17,33.37,4282976,147852368.00
2022/03/18,32.97,33.15,32.42,32.69,2709949,90969680.00
2022/03/21,32.82,33.47,32.35,32.94,2785037,93927496.00
2022/03/22,32.94,34.49,32.52,33.57,4375725,151242928.00
2022/03/23,33.38,34.80,32.87,34.23,5481532,191399648.00
2022/03/24,34.23,38.73,33.70,36.83,14161421,526888320.00
2022/03/25,35.17,35.60,34.42,35.36,10336233,369941632.00
2022/03/28,35.13,35.13,33.67,33.77,5024343,174777504.00
2022/03/29,33.51,33.77,32.37,32.87,3895981,131668472.00
2022/03/30,32.88,33.95,32.61,33.38,3002555,102832992.00
2022/03/31,33.73,33.75,32.17,32.20,3638824,121740024.00
2022/04/01,31.82,32.57,31.70,32.04,2106500,69497992.00
2022/04/06,32.44,32.44,31.48,31.82,1902351,61970048.00
2022/04/07,32.26,33.13,31.15,32.19,3843205,126898896.00
2022/04/08,31.86,32.02,31.16,31.19,2552270,82294216.00
2022/04/11,31.17,31.17,28.17,28.53,3340803,100545592.00
2022/04/12,28.57,29.28,28.17,28.87,1655285,49060556.00
2022/04/13,28.87,28.87,27.57,27.89,2519912,73053920.00
2022/04/14,28.07,28.38,27.18,27.38,2534924,72187456.00
2022/04/15,27.27,27.37,26.32,26.66,2664544,73510440.00
2022/04/18,26.82,27.09,25.71,27.04,2290762,62772072.00
2022/04/19,26.83,28.17,26.70,27.52,3500134,99082280.00
2022/04/20,27.27,27.66,26.47,26.69,2366281,65923684.00
2022/04/21,26.68,27.14,25.49,25.61,2267251,61461344.00
2022/04/22,25.53,25.94,25.14,25.14,1860361,49012948.00
2022/04/25,24.67,24.87,22.66,22.66,3092507,75877368.00
2022/04/26,22.66,23.37,21.95,22.32,2569410,60854392.00
2022/04/27,21.73,24.12,21.24,23.72,4711848,110805032.00
2022/04/28,23.38,23.96,22.77,22.81,3485879,83929832.00
2022/04/29,23.16,23.87,22.77,23.58,2962876,71834776.00
2022/05/05,23.66,24.27,23.30,24.11,2944781,72804360.00
2022/05/06,23.37,24.37,23.24,24.03,2503034,62107488.00
2022/05/09,23.96,25.03,23.95,24.39,1876819,47706968.00
2022/05/10,23.92,25.14,23.77,24.97,2180463,55808576.00
2022/05/11,25.36,26.46,25.08,25.45,3763701,100416424.00
2022/05/12,25.23,25.96,25.18,25.53,2175222,57458544.00
2022/05/13,25.75,26.05,25.09,25.47,1909286,49992332.00
2022/05/16,25.37,26.07,25.06,25.20,2060549,54050784.00
2022/05/17,25.44,26.24,25.02,25.96,3951600,104410448.00
2022/05/18,26.32,26.32,25.36,25.47,2955854,77970032.00
2022/05/19,24.92,26.10,24.81,25.90,2804027,73736200.00
2022/05/20,25.71,27.05,25.71,26.32,3886008,105157336.00
2022/05/23,26.43,27.98,26.22,27.49,5940000,166404592.00
2022/05/24,27.17,27.90,26.40,26.50,5212800,145122016.00
2022/05/25,26.32,28.95,26.02,28.75,9235432,262592224.00
2022/05/26,28.95,31.20,28.74,30.57,11787492,361511872.00
2022/05/27,31.52,32.43,28.22,28.41,11766053,358893248.00
2022/05/30,28.25,28.47,26.83,27.60,7376852,208541152.00
2022/05/31,27.72,27.92,27.19,27.27,4801900,134886688.00
2022/06/01,27.29,27.57,26.71,27.05,4142700,115031400.00
2022/06/02,26.92,27.51,26.82,27.26,3437500,95881856.00
2022/06/06,27.42,29.59,27.27,29.05,7024941,206402528.00
2022/06/07,29.05,29.26,27.97,28.32,4284685,125179288.00
2022/06/08,28.23,30.47,28.23,29.73,8597687,258937584.00
2022/06/09,28.95,29.27,28.33,28.67,4855444,142538752.00
2022/06/10,28.28,29.30,27.98,28.89,4049500,119551104.00
2022/06/13,28.95,29.75,28.47,28.89,4933800,146918784.00
2022/06/14,28.41,28.42,27.22,28.42,4589860,130881544.00
2022/06/15,28.64,28.97,27.94,28.14,3772500,109861880.00
2022/06/16,28.01,28.47,27.86,28.09,2505531,72151344.00
2022/06/17,27.85,29.10,27.53,29.07,4291976,126005896.00
2022/06/20,29.07,29.71,28.99,29.23,4310031,129581896.00
2022/06/21,29.05,29.25,28.09,28.38,3487300,102012616.00
2022/06/22,28.39,28.74,27.77,27.77,2589700,74842984.00
2022/06/23,27.83,28.45,27.04,28.45,3683017,105031440.00
2022/06/24,28.30,29.00,27.95,28.92,3431998,100782504.00
2022/06/27,28.91,30.47,28.91,29.77,6378523,194608544.00
2022/06/28,29.93,30.30,29.09,29.97,4380400,133067392.00
2022/06/29,29.67,29.92,28.22,28.24,4150829,122660008.00
2022/06/30,28.11,28.76,28.07,28.41,2805500,81715616.00
2022/07/01,28.50,30.57,28.34,29.94,6675100,202995824.00
2022/07/04,29.53,30.96,29.21,30.45,6309408,195503792.00
2022/07/05,30.42,31.68,30.36,30.82,6840200,216726944.00
2022/07/06,30.92,30.98,29.70,30.11,3968993,123050488.00
2022/07/07,30.62,31.37,29.72,31.31,5330100,168330944.00
2022/07/08,31.32,31.97,30.44,30.52,4145753,131331384.00
2022/07/11,30.12,30.92,28.87,29.32,3182757,96205416.00
2022/07/12,29.30,29.51,27.87,27.87,2562600,74721552.00
2022/07/13,27.87,28.56,27.81,28.39,1589193,45956028.00
2022/07/14,28.38,29.09,27.82,28.64,2130600,62528928.00
2022/07/15,28.64,29.34,28.08,28.17,2724627,79964384.00
2022/07/18,28.24,29.58,28.24,29.07,2671200,79526560.00
2022/07/19,29.32,29.42,28.55,28.77,2583920,76572000.00
2022/07/20,28.68,29.20,28.65,28.82,2235567,65964828.00
2022/07/21,28.47,28.62,27.82,28.02,2279520,65822720.00
2022/07/22,28.05,28.55,27.46,27.77,2139280,61342680.00
2022/07/25,27.77,28.26,26.53,26.62,2787141,77153464.00
2022/07/26,26.57,27.17,26.17,27.15,2161197,59224940.00
2022/07/27,27.14,27.57,26.72,27.48,1756300,49191072.00
2022/07/28,27.56,27.70,27.15,27.35,1599800,45002688.00
2022/07/29,27.17,27.67,26.67,26.73,1529200,42315664.00
2022/08/01,26.75,28.20,26.53,28.00,3030100,85825344.00
2022/08/02,27.62,27.62,25.61,25.78,3492144,94062120.00
2022/08/03,25.39,26.59,25.39,25.66,2248941,60451320.00
2022/08/04,25.74,26.52,25.62,26.08,1726200,46267792.00
2022/08/05,26.35,26.86,25.90,26.78,2017200,54737548.00
2022/08/08,26.78,27.51,26.45,27.33,1968800,54863872.00
2022/08/09,27.32,27.97,27.14,27.72,2342172,66304168.00
2022/08/10,27.91,29.87,27.74,29.11,6016758,179075296.00
2022/08/11,28.89,29.62,28.85,29.35,4067349,121595448.00
2022/08/12,29.32,30.48,28.92,28.92,3739300,113283816.00
2022/08/15,29.08,30.40,28.93,29.81,4512323,137768992.00
2022/08/16,29.81,30.02,29.12,29.22,2849427,85792048.00
2022/08/17,29.34,29.51,28.49,28.64,2718387,80060296.00
2022/08/18,28.59,28.92,28.19,28.87,2189394,64110112.00
2022/08/19,29.02,29.02,27.86,27.88,2380096,68797360.00
2022/08/22,28.27,29.01,27.53,28.67,2484774,72065648.00
2022/08/23,28.44,28.67,27.93,28.32,2011800,58036152.00
2022/08/24,28.32,29.20,26.32,26.82,3492577,98812752.00
2022/08/25,26.82,27.26,26.02,26.77,2361541,64158940.00
2022/08/26,26.77,27.52,26.63,26.86,1732638,48271200.00
2022/08/29,26.62,26.83,26.00,26.56,1376611,37505156.00
2022/08/30,26.56,26.90,25.82,26.00,2471910,66328488.00
2022/08/31,26.19,26.29,24.83,25.20,2089809,54210036.00
2022/09/01,24.74,25.20,24.44,24.55,1992269,50824980.00
2022/09/02,24.63,25.13,24.20,24.54,1522107,38361516.00
2022/09/05,24.62,24.70,23.95,24.06,1231007,30692464.00
2022/09/06,24.10,24.87,24.02,24.74,2127600,53653284.00
2022/09/07,24.42,25.10,24.42,24.96,1567900,40078020.00
2022/09/08,25.20,25.26,24.37,24.47,2049510,51829368.00
2022/09/09,24.42,24.76,24.01,24.47,1147907,28741620.00
2022/09/13,25.01,25.07,24.44,24.63,1872377,47472324.00
2022/09/14,24.31,24.82,24.05,24.67,1356454,34105252.00
2022/09/15,24.83,24.97,23.51,23.57,1926086,47437424.00
2022/09/16,23.94,23.98,22.92,23.05,1333183,32220682.00
2022/09/19,22.86,23.23,22.52,22.69,1248514,29333638.00
2022/09/20,22.96,23.77,22.80,23.68,1593141,38549364.00
2022/09/21,23.66,24.22,23.34,23.85,1694830,41482900.00
2022/09/22,23.82,24.06,23.41,23.50,1070800,26081220.00
2022/09/23,23.67,23.67,22.62,22.72,1318900,31199092.00
2022/09/26,22.33,22.76,22.04,22.05,1148492,26444434.00
2022/09/27,22.04,22.75,22.03,22.59,1321171,30523796.00
2022/09/28,22.74,22.76,21.54,21.54,1824048,41300748.00
2022/09/29,21.61,22.07,21.51,21.65,1489700,33477900.00
2022/09/30,21.67,21.82,21.41,21.55,1177142,26227188.00
2022/10/10,21.55,21.60,20.82,21.30,1738914,38093120.00
2022/10/11,21.91,22.12,21.32,21.66,1024532,22840350.00
2022/10/12,21.66,22.06,21.02,22.04,1685755,37313276.00
2022/10/13,21.62,22.59,21.62,22.26,1425245,32754850.00
2022/10/14,22.32,22.85,22.32,22.64,1152903,26914450.00
2022/10/17,23.11,23.22,22.62,22.70,2088687,49149516.00
2022/10/18,22.69,22.96,22.36,22.82,1321214,30907376.00
2022/10/19,22.81,23.51,22.65,22.98,1708400,40612968.00
2022/10/20,22.87,23.40,22.38,22.71,1358989,31886544.00
2022/10/21,22.47,22.81,22.33,22.42,1000000,23209838.00
2022/10/24,22.76,23.45,22.16,22.16,2177300,51183940.00
2022/10/25,21.77,22.34,21.62,22.05,1439044,32596504.00
2022/10/26,21.92,23.07,21.92,22.85,1797343,42048432.00
2022/10/27,22.75,23.51,22.75,23.12,1550000,37023436.00
2022/10/28,23.22,23.42,21.91,22.02,1735600,40524588.00
2022/10/31,22.26,22.68,21.68,22.25,1359100,31300732.00
2022/11/01,22.42,25.98,22.02,24.68,6758615,171086864.00
2022/11/02,24.14,25.32,24.08,24.81,5766692,146611136.00
2022/11/03,24.80,28.12,24.57,26.78,9096210,249676608.00
2022/11/04,27.57,32.27,27.10,32.27,15863683,487168448.00
2022/11/07,34.32,37.03,32.24,33.33,23297973,818159104.00
2022/11/08,33.64,34.19,32.17,33.00,14685810,498248128.00
2022/11/09,32.92,33.81,31.33,33.60,15580072,520229952.00
2022/11/10,32.32,32.50,30.84,31.02,13023849,420169536.00
2022/11/11,32.32,32.60,30.00,30.06,11309650,359805280.00
2022/11/14,30.07,30.64,29.82,30.42,6764111,208918928.00
2022/11/15,29.61,30.35,29.33,30.00,7803406,238260208.00
2022/11/16,30.00,31.90,29.62,31.57,11634338,366906912.00
2022/11/17,30.95,31.56,29.52,30.00,7449222,231256688.00
2022/11/18,30.25,30.27,29.02,29.59,4848866,147305280.00
2022/11/21,29.66,33.26,29.33,32.28,11592557,378603936.00
2022/11/22,31.86,32.34,31.07,31.42,6530826,211077968.00
2022/11/23,31.10,31.52,29.73,30.78,4753664,148021056.00
2022/11/24,30.48,31.00,29.93,30.52,5456686,169610320.00
2022/11/25,30.12,31.90,29.92,30.05,5715470,179910720.00
2022/11/28,28.61,29.69,28.47,29.40,3458253,103519176.00
2022/11/29,29.23,30.82,29.23,30.10,4033986,123797432.00
2022/11/30,30.10,32.62,29.82,31.81,7666416,246284624.00
2022/12/01,31.66,31.95,30.62,30.84,4932371,156825648.00
2022/12/02,30.72,31.31,30.38,30.72,3361782,105760008.00
2022/12/05,30.92,30.92,29.40,29.65,5446048,165988080.00
2022/12/06,29.71,30.95,29.17,30.37,4771638,147480288.00
2022/12/07,30.07,31.33,30.06,30.39,3974900,124684640.00
2022/12/08,30.39,30.55,29.54,29.54,3028438,92716080.00
2022/12/09,29.34,31.24,29.32,30.19,5190281,161445104.00
2022/12/12,29.87,30.16,29.06,29.38,3762436,113432824.00
2022/12/13,29.46,30.27,29.18,29.52,2886214,87758272.00
2022/12/14,29.32,29.76,28.83,28.90,2378014,71020904.00
2022/12/15,28.79,29.42,28.54,29.34,2210934,65750868.00
2022/12/16,29.17,29.29,28.20,28.59,2063620,60265520.00
2022/12/19,28.34,29.92,28.34,28.98,3560700,106844456.00
2022/12/20,28.86,28.86,28.02,28.23,2222800,64333344.00
2022/12/21,28.23,28.71,27.70,28.01,1427572,41161984.00
2022/12/22,28.01,28.56,27.52,27.69,1782995,51243780.00
2022/12/23,28.02,28.57,27.33,27.41,1583773,45255828.00
2022/12/26,27.32,28.55,27.18,28.55,1786079,51372392.00
2022/12/27,28.55,29.10,28.07,28.67,2023072,59226960.00
2022/12/28,28.65,28.65,27.54,27.77,1595600,45483156.00
2022/12/29,27.64,28.12,27.24,27.45,1623000,45783168.00
2022/12/30,27.69,27.82,27.05,27.17,1105100,30936096.00
2023/01/03,27.32,28.05,26.84,27.90,1951880,55184332.00
2023/01/04,27.72,28.04,27.44,27.85,1405472,39924624.00
2023/01/05,27.87,29.27,27.86,29.18,3928609,115489128.00
2023/01/06,29.18,30.30,28.82,29.59,4140022,126170728.00
2023/01/09,29.59,30.27,29.11,29.14,2292860,68887408.00
2023/01/10,29.01,29.38,28.72,29.13,1508200,44821280.00
2023/01/11,29.13,29.98,28.97,29.06,2500900,75385776.00
2023/01/12,29.32,30.12,28.84,29.09,2291300,69172000.00
2023/01/13,29.07,30.01,29.00,29.12,1839800,55369808.00
2023/01/16,28.82,30.82,28.76,30.46,5074349,156560544.00
2023/01/17,30.33,31.02,29.97,30.17,2636272,82041304.00
2023/01/18,30.52,30.52,29.83,30.29,1981079,61041260.00
2023/01/19,30.30,30.61,29.97,30.14,1462900,45084632.00
2023/01/20,30.12,30.82,30.11,30.45,2234850,69756432.00
2023/01/30,31.22,31.62,30.41,30.43,2989469,94627112.00
2023/01/31,30.77,32.82,30.36,32.34,7138609,231941296.00
2023/02/01,32.32,32.75,31.87,32.61,4406113,145638272.00
2023/02/02,32.53,32.67,31.85,31.93,3123348,102502024.00
2023/02/03,31.92,33.30,31.82,32.07,4241279,140666768.00
2023/02/06,31.67,32.76,31.13,32.76,4192089,137631792.00
2023/02/07,32.59,33.22,32.32,32.45,2532801,84558528.00
2023/02/08,32.30,32.54,32.02,32.20,1679914,55395424.00
2023/02/09,31.92,33.66,31.92,33.04,3792327,128083008.00
2023/02/10,32.83,33.31,32.78,33.08,1956648,66054544.00
2023/02/13,32.84,34.32,32.84,33.52,3895947,133484032.00
2023/02/14,33.51,34.32,33.22,33.83,2866108,98673544.00
2023/02/15,33.83,34.09,32.86,33.32,2555384,86693768.00
2023/02/16,33.34,34.00,31.84,32.14,4462871,150125616.00
2023/02/17,32.15,33.43,32.02,32.34,2706549,90484128.00
2023/02/20,32.81,32.81,31.37,32.15,2695263,87404000.00
2023/02/21,32.22,32.60,31.68,32.36,1859272,61071784.00
2023/02/22,32.12,32.65,31.82,31.82,1276965,41917148.00
2023/02/23,31.98,32.18,31.72,31.94,1285235,41830356.00
2023/02/24,31.90,32.69,31.49,31.68,1265400,41238968.00
2023/02/27,31.38,31.82,31.10,31.17,1056156,33868680.00
2023/02/28,31.62,31.67,30.84,31.18,935400,29831650.00
2023/03/01,31.56,32.77,31.21,32.59,2972075,97610304.00
2023/03/02,32.62,32.96,31.99,32.15,1859389,61408888.00
2023/03/03,32.16,32.32,30.94,31.05,1876714,60040952.00
2023/03/06,31.04,31.50,30.92,31.39,1335905,42609700.00
2023/03/07,31.36,31.36,30.52,30.52,1427503,45047936.00
2023/03/08,30.52,30.90,30.33,30.72,1260865,39508080.00
2023/03/09,30.75,31.92,30.71,31.22,2923463,93425080.00
2023/03/10,31.04,31.26,30.11,30.20,2808108,87345328.00
2023/03/13,30.20,30.60,29.95,30.28,1627872,50375996.00
2023/03/14,30.12,30.41,29.04,29.49,1635586,49393280.00
2023/03/15,29.94,30.72,29.50,30.02,1706227,52827656.00
2023/03/16,30.02,30.14,29.37,29.95,1822548,55651504.00
2023/03/17,29.95,30.14,29.13,29.19,1502559,45491812.00
2023/03/20,29.24,30.35,28.52,29.73,3768837,114597064.00
2023/03/21,30.01,30.41,29.58,30.15,2607270,79944848.00
2023/03/22,30.17,31.00,30.17,30.41,1987066,62085128.00
2023/03/23,30.73,32.50,30.52,31.72,5227384,168885152.00
2023/03/24,32.30,32.35,31.20,31.84,2823728,91792880.00
2023/03/27,31.47,33.06,31.47,32.37,4033816,133470952.00
2023/03/28,32.18,32.47,31.57,31.60,2066500,67465136.00
2023/03/29,31.61,32.01,31.18,31.22,1093600,35056548.00
2023/03/30,31.29,31.34,30.72,31.23,1091300,34608652.00
2023/03/31,31.20,32.37,31.11,32.20,2898067,94863728.00
2023/04/03,32.22,32.22,31.72,31.96,1600000,52188492.00
2023/04/04,32.17,32.17,30.65,31.05,2549220,80800360.00
2023/04/06,30.96,31.88,30.67,31.58,1649592,52998052.00
2023/04/07,32.47,34.70,32.47,34.24,8305065,288198112.00
2023/04/10,33.15,34.15,32.82,32.99,4334236,147904736.00
2023/04/11,33.32,33.32,32.53,33.16,2608317,87661384.00
2023/04/12,33.16,33.91,33.10,33.36,2921600,99654408.00
2023/04/13,33.12,34.10,32.93,33.12,2851100,97218040.00
2023/04/14,33.82,36.21,33.67,34.93,8280476,296666496.00
2023/04/17,35.23,35.91,33.62,34.40,5416072,190557088.00
2023/04/18,34.34,35.82,34.22,34.40,4196200,149486400.00
2023/04/19,34.18,34.40,33.62,33.88,2546100,88363472.00
2023/04/20,33.90,34.08,32.98,33.30,2288820,77672824.00
2023/04/21,33.31,33.91,32.32,32.34,2413214,81365736.00
2023/04/24,32.42,32.98,32.04,32.42,1594460,52745552.00
2023/04/25,32.26,32.40,29.82,30.33,2910400,91145328.00
2023/04/26,30.82,31.47,30.12,31.32,1637260,51932352.00
2023/04/27,31.21,31.58,30.70,30.78,1983003,62896068.00
2023/04/28,30.77,31.45,30.46,31.38,1319414,41952204.00
2023/05/04,31.35,31.79,31.00,31.54,1056283,33875652.00
2023/05/05,31.37,31.81,31.00,31.01,1343844,42942980.00
2023/05/08,31.01,31.47,31.01,31.18,860315,27415284.00
2023/05/09,31.18,31.18,30.31,30.57,1276000,39946056.00
2023/05/10,30.57,31.19,30.26,30.87,1137000,35776492.00
2023/05/11,30.87,34.27,30.87,33.20,5444841,183727600.00
2023/05/12,33.23,34.12,32.92,33.34,3543172,120832584.00
2023/05/15,32.98,35.09,32.90,34.57,4770971,167500608.00
2023/05/16,34.19,34.93,34.05,34.62,3578129,126119032.00
2023/05/17,34.32,34.81,33.96,34.42,2149100,75246328.00
2023/05/18,34.41,35.19,34.32,34.88,2520815,89151984.00
2023/05/19,35.32,35.68,34.32,34.33,2382860,84472584.00
2023/05/22,34.77,36.02,34.62,34.75,4334357,155609776.00
2023/05/23,34.80,35.92,34.56,34.83,4059965,145672400.00
2023/05/24,35.34,36.11,34.85,35.03,4473336,161536528.00
2023/05/25,34.57,35.12,33.82,34.91,2545294,89912360.00
2023/05/26,35.12,36.97,34.79,36.40,6087485,223491456.00
2023/05/29,36.27,36.51,35.28,35.39,2968500,107712440.00
2023/05/30,35.73,36.00,35.08,35.47,1984399,71693296.00
2023/05/31,35.17,35.38,34.57,34.80,1965205,69881536.00
2023/06/01,34.59,35.59,34.32,34.98,1835798,65584496.00
2023/06/02,34.89,35.60,34.73,35.02,1936754,69368128.00
2023/06/05,34.82,35.07,34.56,34.71,1310800,46412556.00
2023/06/06,34.85,34.86,33.40,33.42,1891418,65304480.00
2023/06/07,33.46,33.89,33.07,33.27,1446141,49283348.00
2023/06/08,33.52,34.07,32.92,33.14,1654197,56257732.00
2023/06/09,33.17,34.14,32.92,33.32,2405641,82239560.00
2023/06/12,33.33,34.07,32.84,33.80,1833300,62612232.00
2023/06/13,34.06,34.31,33.34,33.63,1412900,48608356.00
2023/06/14,33.52,33.86,33.14,33.41,1794993,61294616.00
2023/06/15,33.28,34.02,33.10,33.87,1824000,62535280.00
2023/06/16,33.87,34.21,33.48,33.98,1545700,53293024.00
2023/06/19,33.92,34.82,33.69,34.31,1922388,67178528.00
2023/06/20,34.48,34.52,33.74,34.13,1293100,44946608.00
2023/06/21,34.11,34.52,33.67,33.87,1506000,52260224.00
2023/06/26,33.81,33.89,32.72,32.82,1581400,53494208.00
2023/06/27,33.12,34.27,32.89,34.12,2748164,94561992.00
2023/06/28,34.12,34.12,32.82,33.74,1926000,65644472.00
2023/06/29,33.74,34.45,33.34,34.13,1394700,48426432.00
2023/06/30,34.08,35.12,34.08,34.30,2038300,71905088.00
2023/07/03,34.32,34.90,33.63,33.77,1823235,63346324.00
2023/07/04,33.76,34.17,33.50,33.87,1012800,34870608.00
2023/07/05,33.87,35.17,33.45,34.70,3848541,135819296.00
2023/07/06,34.98,34.98,33.12,33.39,3567600,122219104.00
2023/07/07,33.46,33.48,32.19,32.61,2213700,73845744.00
2023/07/10,32.41,33.58,32.41,32.89,1576886,53100196.00
2023/07/11,32.77,33.59,32.77,33.52,1253200,42502016.00
2023/07/12,33.52,33.74,33.00,33.13,1088700,36993916.00
2023/07/13,33.13,33.38,32.99,33.09,722101,24358124.00
2023/07/14,33.09,33.09,32.57,32.89,1023631,34231428.00
2023/07/17,32.78,32.99,32.32,32.67,958772,31886752.00
2023/07/18,32.53,32.84,32.34,32.39,717900,23742198.00
2023/07/19,32.28,32.74,31.92,32.33,721100,23796856.00
2023/07/20,32.40,32.88,31.77,31.81,1297700,42682344.00
2023/07/21,31.86,32.29,31.54,31.57,939831,30447100.00
2023/07/24,31.50,31.99,31.22,31.66,814357,26292210.00
2023/07/25,31.89,32.59,31.71,32.38,833800,27404096.00
2023/07/26,32.28,32.79,31.94,32.44,765300,25268222.00
2023/07/27,32.41,32.69,31.89,31.98,676100,22189168.00
2023/07/28,31.89,32.73,31.50,32.51,1494727,49173348.00
2023/07/31,32.51,32.75,32.11,32.19,1137600,37515472.00
2023/08/01,32.19,32.29,31.59,31.88,799927,25943818.00
2023/08/02,31.94,31.94,31.49,31.67,698014,22495082.00
2023/08/03,31.67,31.74,31.41,31.57,520400,16740868.00
2023/08/04,31.73,31.96,31.49,31.69,759900,24563416.00
2023/08/07,31.89,34.89,31.89,33.64,6884107,238207536.00
2023/08/08,33.54,34.39,33.01,33.97,3738729,128256768.00
2023/08/09,33.97,34.29,33.58,33.71,1594583,55004976.00
2023/08/10,33.71,33.84,33.22,33.59,1215300,41435196.00
2023/08/11,33.82,33.82,32.39,32.44,1374515,45995552.00
2023/08/14,32.07,32.58,30.89,31.51,2355580,75392408.00
2023/08/15,31.74,31.74,30.58,30.99,1434600,45404332.00
2023/08/16,31.02,31.31,30.39,30.39,953700,29894184.00
2023/08/17,30.69,30.69,29.92,30.54,1606397,49576944.00
2023/08/18,30.55,31.42,30.25,30.34,1873200,59120644.00
2023/08/21,30.24,30.72,30.12,30.23,858000,26570944.00
2023/08/22,30.04,30.32,29.28,29.87,1567500,47425884.00
2023/08/23,30.33,30.38,29.24,29.37,1007100,30516040.00
2023/08/24,29.56,29.74,28.89,29.29,917900,27423976.00
2023/08/25,29.29,30.89,29.29,29.78,2655600,81639328.00
2023/08/28,31.14,31.38,29.14,29.81,3072457,94247496.00
2023/08/29,29.79,30.14,29.40,30.10,1515909,46200956.00
2023/08/30,30.10,30.36,29.79,29.96,1083400,33188192.00
2023/08/31,29.99,30.39,29.59,30.04,1723500,52692096.00
2023/09/01,29.91,30.14,29.39,29.45,1198469,36267104.00
2023/09/04,29.39,29.80,29.20,29.74,987900,29800160.00
2023/09/05,29.58,29.87,29.43,29.67,685868,20702868.00
2023/09/06,29.39,29.99,29.20,29.81,913820,27672476.00
2023/09/07,29.81,30.04,29.09,29.09,948500,28475510.00
2023/09/08,29.28,29.35,28.91,29.02,720349,21384222.00
2023/09/11,28.89,29.59,28.70,29.54,1078449,32178442.00
2023/09/12,29.68,30.09,29.19,29.19,1058200,31931928.00
2023/09/13,29.38,29.89,29.00,29.29,1585832,47586696.00
2023/09/14,29.25,29.44,29.09,29.29,666700,19891142.00
2023/09/15,29.30,29.64,29.04,29.61,1211700,36369828.00
2023/09/18,29.34,29.72,29.24,29.27,1040306,31301036.00
2023/09/19,29.28,29.44,28.73,28.78,684700,20235788.00
2023/09/20,28.99,28.99,27.44,27.44,1476500,42310352.00
2023/09/21,27.44,27.87,27.22,27.35,1934052,54259676.00
2023/09/22,27.04,27.52,26.98,27.24,1630920,45269988.00
2023/09/25,27.19,27.39,26.54,26.69,1114728,30518180.00
2023/09/26,26.59,26.68,25.92,25.94,1385900,37082912.00
2023/09/27,25.93,26.71,25.85,26.00,1513000,40530040.00
2023/09/28,26.08,26.64,26.08,26.39,1238708,33435072.00
2023/10/09,26.39,26.74,25.97,26.32,1075600,28897522.00
2023/10/10,26.41,26.74,25.87,26.34,910000,24561802.00
2023/10/11,26.32,26.52,26.08,26.24,803131,21628632.00
2023/10/12,26.33,27.45,26.24,27.19,2495895,68842904.00
2023/10/13,27.13,27.39,26.27,26.38,1327182,36063516.00
2023/10/16,26.40,26.67,26.09,26.22,871786,23496410.00
2023/10/17,26.22,26.53,26.04,26.29,800200,21515988.00
2023/10/18,26.10,26.11,25.52,25.54,889600,23478212.00
2023/10/19,25.54,26.08,25.36,25.46,917309,24089052.00
2023/10/20,25.46,25.86,25.09,25.45,789000,20683066.00
2023/10/23,25.35,25.89,23.39,23.66,2850500,70655376.00
2023/10/24,23.66,24.65,23.50,24.54,2796378,69739680.00
2023/10/25,24.46,25.28,24.46,25.21,1770401,45461512.00
2023/10/26,25.10,25.27,24.55,25.20,1207700,30763378.00
2023/10/27,25.25,25.97,24.89,25.95,1663122,43786248.00
2023/10/30,25.64,26.09,25.49,25.93,1497583,39514484.00
2023/10/31,25.80,28.23,25.80,27.31,3807522,106261776.00
2023/11/01,27.54,29.57,27.44,28.96,4955572,145153296.00
2023/11/02,28.69,28.95,27.92,28.39,2971606,86214744.00
2023/11/03,28.39,28.69,27.99,28.07,2138104,61696924.00
2023/11/06,28.07,28.66,28.07,28.49,1540304,44701856.00
2023/11/07,28.39,30.40,28.39,30.04,4193904,127017568.00
2023/11/08,30.84,31.14,29.92,30.06,3972317,123439384.00
2023/11/09,30.09,30.19,29.63,29.68,1629400,49598108.00
2023/11/10,29.40,29.89,29.29,29.74,1322200,39959456.00
2023/11/13,29.76,30.09,29.51,29.93,1543100,46906456.00
2023/11/14,29.85,30.83,29.65,30.08,1918871,59156756.00
2023/11/15,30.38,30.40,29.97,30.12,930800,28633692.00
2023/11/16,30.12,30.21,29.67,29.68,1277929,38853900.00
2023/11/17,29.69,29.86,29.40,29.78,1018900,30919436.00
2023/11/20,29.78,29.99,29.69,29.77,979400,29812004.00
2023/11/21,29.79,29.94,29.65,29.74,863000,26226252.00
2023/11/22,29.64,30.39,29.44,29.97,1404400,43113264.00
2023/11/23,30.37,30.37,29.77,29.87,706800,21579628.00
2023/11/24,29.83,30.04,29.55,29.91,1111977,33804868.00
2023/11/27,29.64,30.03,29.64,29.79,947800,28779188.00
2023/11/28,29.80,30.04,29.59,30.01,910650,27716488.00
2023/11/29,29.82,30.58,29.82,30.12,1378656,42576456.00
2023/11/30,30.37,30.37,29.63,29.89,946372,28806316.00
2023/12/01,29.66,29.96,29.21,29.42,1015300,30499260.00
2023/12/04,29.49,29.84,29.27,29.51,980400,29607742.00
2023/12/05,29.56,29.65,28.79,28.82,1189300,35413944.00
2023/12/06,28.88,30.09,28.88,29.34,1997400,60404400.00
2023/12/07,29.18,29.49,28.34,28.63,1493900,43696364.00
2023/12/08,28.41,28.80,27.97,27.99,1081600,31183928.00
2023/12/11,27.79,28.38,27.36,28.10,1112400,31588698.00
2023/12/12,28.05,28.32,27.89,27.98,730700,20946100.00
2023/12/13,28.34,28.34,27.71,27.89,581614,16601628.00
2023/12/14,28.02,28.39,27.89,28.09,808900,23261392.00
2023/12/15,28.03,28.40,27.75,27.84,566100,16187106.00
2023/12/18,27.73,27.74,27.19,27.28,847800,23744666.00
2023/12/19,27.40,27.52,27.14,27.46,534700,14952495.00
2023/12/20,27.64,28.58,27.41,27.42,1056820,30066774.00
2023/12/21,27.24,28.18,26.80,28.14,1241100,34994464.00
2023/12/22,28.14,28.14,27.23,27.44,1173829,33083526.00
2023/12/25,27.40,27.74,27.04,27.30,563020,15684598.00
2023/12/26,27.30,27.69,26.84,27.17,705914,19569726.00
2023/12/27,27.03,27.63,26.85,27.13,443600,12285398.00
2023/12/28,27.03,28.52,26.89,28.39,1494400,42907912.00
2023/12/29,28.38,28.58,28.19,28.56,581200,16872728.00
2024/01/02,28.80,29.34,28.52,28.80,1149900,34000152.00
2024/01/03,28.16,28.80,28.05,28.51,847560,24671670.00
2024/01/04,28.52,28.66,28.17,28.44,538760,15601946.00
2024/01/05,28.41,28.68,27.77,27.95,649400,18681048.00
2024/01/08,27.94,28.44,27.19,27.19,491300,13822338.00
2024/01/09,27.52,27.74,27.06,27.29,676100,18881172.00
2024/01/10,27.59,27.66,26.84,27.34,815500,22758516.00
2024/01/11,27.53,28.49,27.17,27.99,1403800,40137784.00
2024/01/12,28.39,30.25,27.99,29.41,3022099,91114504.00
2024/01/15,29.27,30.84,29.19,29.56,2788800,85563944.00
2024/01/16,29.46,29.88,28.47,29.19,1762437,52395952.00
2024/01/17,29.17,29.40,28.44,28.44,911366,26793836.00
2024/01/18,28.48,28.75,27.30,28.54,1354400,38627624.00
2024/01/19,28.52,28.87,28.09,28.36,992867,28899154.00
2024/01/22,28.19,28.30,26.02,26.41,1550000,42984388.00
2024/01/23,26.12,26.67,25.17,26.29,1552409,41011180.00
2024/01/24,26.42,26.72,24.81,25.84,1187584,31138318.00
2024/01/25,25.69,26.99,25.30,26.95,1095500,29610500.00
2024/01/26,26.98,27.55,26.54,26.59,642973,17776828.00
2024/01/29,26.54,26.99,25.57,25.60,709921,18830006.00
2024/01/30,25.40,25.86,24.59,24.64,629900,16235642.00
2024/01/31,25.18,25.18,23.03,23.39,1027000,25136196.00
2024/02/01,23.86,23.86,20.74,20.99,3042800,67144096.00
2024/02/02,20.95,21.68,18.89,19.59,2317960,48498164.00
2024/02/05,19.37,19.38,15.89,15.97,4263140,75053312.00
2024/02/06,16.00,17.76,13.89,16.24,4549873,72626832.00
2024/02/07,16.20,17.14,15.10,16.20,3280806,54800480.00
2024/02/08,15.65,18.33,15.65,18.28,3518338,61712040.00
2024/02/19,18.30,19.34,18.30,18.53,2172545,42198524.00
2024/02/20,18.53,19.57,17.77,19.57,2696012,52877716.00
2024/02/21,19.12,21.39,19.09,19.97,2578048,53576020.00
2024/02/22,19.53,20.32,19.49,20.20,2013200,41462104.00
2024/02/23,20.13,20.88,19.84,20.65,1963821,41500788.00
2024/02/26,20.70,21.68,20.65,21.27,2584421,56703248.00
2024/02/27,20.96,22.24,20.95,22.24,2032428,45817752.00
2024/02/28,22.59,24.37,20.97,21.27,4085866,96060712.00
2024/02/29,20.69,22.37,20.65,21.93,2947789,65420012.00
2024/03/01,21.84,22.23,21.49,21.90,2103742,47218880.00
2024/03/04,21.73,22.09,21.06,21.64,1758489,38938276.00
2024/03/05,21.87,23.10,21.45,22.34,3836960,88181848.00
2024/03/06,22.49,23.75,22.49,23.29,3256258,77242208.00
2024/03/07,23.19,27.39,22.56,24.75,5561376,140586416.00
2024/03/08,24.09,24.36,23.29,23.64,3724347,90294720.00
2024/03/11,23.49,24.27,23.43,23.93,2632156,64598408.00
2024/03/12,23.82,23.99,23.22,23.74,2744356,66374984.00
2024/03/13,23.75,23.78,23.09,23.37,1892800,45381196.00
2024/03/14,23.31,23.56,22.68,22.99,1867997,44330628.00
2024/03/15,22.84,23.20,22.61,23.16,1707507,40251740.00
2024/03/18,23.34,23.57,22.90,23.41,1737164,41353792.00
2024/03/19,23.42,24.24,23.42,23.51,2437964,59425272.00
2024/03/20,23.49,23.85,23.34,23.70,1518675,36794032.00
2024/03/21,23.70,24.01,23.24,23.40,1492299,35899056.00
2024/03/22,23.19,23.45,22.65,22.77,1729200,40690868.00
2024/03/25,23.07,23.07,21.80,21.82,1696417,38998356.00
2024/03/26,22.33,22.49,21.59,22.22,1618211,36673304.00
2024/03/27,22.38,22.50,21.58,21.61,1336500,30351896.00
2024/03/28,21.45,22.14,21.45,21.87,1339500,30165954.00
2024/03/29,21.89,22.38,21.85,22.14,1170500,26627000.00
2024/04/01,22.61,23.14,22.21,22.93,1852474,43426432.00
2024/04/02,22.76,23.94,22.76,23.44,2780352,66790224.00
2024/04/03,23.16,23.33,22.65,22.97,2069901,48731284.00
2024/04/08,23.07,23.19,21.92,21.95,1741501,40023928.00
2024/04/09,21.79,23.10,21.73,22.89,2181800,50738092.00
2024/04/10,22.87,23.01,21.57,21.78,1673525,37853720.00
2024/04/11,21.63,22.32,21.38,21.81,1435600,32408832.00
2024/04/12,22.07,22.46,21.59,21.59,1221662,27578574.00
2024/04/15,21.64,21.91,19.72,20.21,3008100,63573008.00
2024/04/16,20.23,20.23,18.15,18.33,2838600,54917168.00
2024/04/17,18.53,19.92,18.53,19.71,2348000,47417068.00
2024/04/18,19.76,20.22,19.22,19.50,1695800,34476964.00
2024/04/19,19.40,19.74,19.14,19.29,1281000,25600132.00
2024/04/22,18.98,19.59,18.53,19.23,1129800,22305286.00
2024/04/23,19.39,19.77,18.81,19.54,1282700,25898646.00
2024/04/24,19.68,19.88,19.43,19.83,1030600,20985034.00
2024/04/25,19.89,20.64,19.82,20.36,1618200,33900984.00
2024/04/26,20.36,20.64,19.94,20.60,1308719,27483228.00
2024/04/29,21.00,21.25,20.17,21.23,2419000,51614792.00
2024/04/30,21.24,24.71,20.81,22.23,6473245,151158368.00
2024/05/06,22.24,23.85,21.77,23.14,7320446,170129856.00
2024/05/07,22.69,24.76,21.99,24.53,9887941,239825088.00
2024/05/08,24.04,24.49,23.40,23.70,5943421,144876576.00
2024/05/09,23.61,24.49,23.19,24.09,4969619,122220456.00
2024/05/10,23.69,24.26,23.00,23.08,3810044,92016760.00
2024/05/13,22.99,23.06,22.47,22.59,1987600,46335208.00
2024/05/14,22.85,22.87,22.21,22.37,1832700,42169864.00
2024/05/15,22.48,22.50,22.07,22.11,1423700,32578314.00
2024/05/16,22.19,22.60,22.19,22.42,1454700,33499742.00
2024/05/17,22.39,22.64,22.23,22.47,1183501,27258072.00
2024/05/20,22.44,22.74,22.18,22.35,1650500,38072392.00
2024/05/21,22.25,22.25,21.98,22.09,1327400,30100350.00
2024/05/22,22.09,22.38,22.01,22.07,1089700,24809304.00
2024/05/23,22.07,22.07,21.10,21.29,1559400,34361148.00
2024/05/24,21.27,21.55,21.08,21.21,1070533,23522896.00
2024/05/27,21.05,21.43,20.86,21.26,1061600,23083080.00
2024/05/28,21.28,21.71,20.99,21.08,1219000,26768784.00
2024/05/29,21.06,21.40,20.85,21.10,1087700,23640252.00
2024/05/30,21.11,21.66,20.89,20.98,1332300,28823156.00
2024/05/31,21.04,21.07,20.64,20.77,1355700,28735824.00
2024/06/03,20.76,20.76,20.04,20.32,1223400,25354710.00
2024/06/04,20.41,20.41,19.58,19.89,1176641,23780694.00
2024/06/05,19.85,19.85,19.44,19.53,867600,17397192.00
2024/06/06,19.85,20.32,19.08,19.31,2054770,41325760.00
2024/06/07,20.16,20.17,19.37,19.79,1501658,30127000.00
2024/06/11,19.44,19.67,19.13,19.65,1024600,20397888.00
2024/06/12,19.60,19.90,19.55,19.82,945400,19132030.00
2024/06/13,19.96,19.96,19.19,19.21,1602100,31962758.00
2024/06/14,19.45,19.45,18.95,19.19,1017300,19989262.00
2024/06/17,18.99,19.32,18.95,19.15,1012000,19826304.00
2024/06/18,19.28,19.59,18.99,19.59,1030600,20344088.00
2024/06/19,19.76,20.15,19.61,19.76,1585341,32042276.00
2024/06/20,19.66,19.80,19.17,19.28,960800,19054758.00
2024/06/21,19.07,19.39,18.88,19.21,821000,16114986.00
2024/06/24,18.97,19.23,18.25,18.37,1297600,24735240.00
2024/06/25,18.46,18.78,18.23,18.39,873400,16483318.00
2024/06/26,18.24,19.07,18.07,19.06,1101740,21074896.00
2024/06/27,18.87,19.19,18.72,18.72,758100,14675326.00
2024/06/28,18.71,18.93,18.57,18.72,681900,13099388.00
2024/07/01,19.73,21.12,19.47,20.42,5300801,109888328.00
2024/07/02,20.35,20.42,19.35,19.66,3946460,79771064.00
2024/07/03,19.34,19.53,19.02,19.05,1676164,32999088.00
2024/07/04,19.05,19.23,18.22,18.31,1570546,29841608.00
2024/07/05,18.21,18.73,17.98,18.63,906400,17119038.00
2024/07/08,18.78,18.78,18.01,18.03,920843,17158564.00
2024/07/09,18.16,18.42,17.67,18.36,1211464,22478268.00
2024/07/10,18.32,18.74,18.22,18.31,1057700,20005088.00
2024/07/11,18.60,18.88,18.49,18.77,1254320,24050966.00
2024/07/12,18.83,18.83,18.09,18.20,1704101,31993948.00
2024/07/15,18.12,18.19,17.79,17.90,878100,16079302.00
2024/07/16,17.86,17.97,16.77,17.26,2568100,45344928.00
2024/07/17,17.25,17.25,16.72,16.88,1315601,22778166.00
2024/07/18,16.75,16.98,16.43,16.94,1057500,18109486.00
2024/07/19,16.89,17.17,16.79,17.04,906300,15825394.00
2024/07/22,16.94,17.18,16.89,17.08,769100,13413318.00
2024/07/23,17.08,17.35,16.57,16.70,1363700,23739762.00
2024/07/24,16.51,16.77,16.27,16.32,1375100,23169936.00
2024/07/25,16.11,16.72,16.11,16.48,1170900,19802356.00
2024/07/26,16.49,16.67,16.32,16.34,1217800,20588648.00
2024/07/29,16.51,16.51,16.10,16.13,1141914,18956258.00
2024/07/30,16.13,17.05,15.97,16.43,2411300,41083340.00
2024/07/31,16.33,16.83,16.10,16.80,3012900,51211672.00
2024/08/01,16.71,17.05,16.67,16.96,2355017,40791400.00
2024/08/02,16.79,17.07,16.44,16.52,1553400,26724004.00
2024/08/05,16.29,16.67,15.84,15.84,1671800,27917408.00
2024/08/06,16.05,16.45,16.05,16.35,1409900,23569884.00
2024/08/07,16.35,16.45,16.22,16.36,794400,13335324.00
2024/08/08,16.42,16.43,16.01,16.21,777200,12931291.00
2024/08/09,16.31,16.35,15.99,16.00,908019,15062158.00
2024/08/12,16.12,16.77,16.00,16.27,2120100,35601916.00
2024/08/13,16.40,16.87,15.87,16.87,3798900,64629748.00
2024/08/14,16.65,17.32,16.37,16.41,3835300,66179500.00
2024/08/15,16.19,16.44,15.98,16.09,2831800,47021568.00
2024/08/16,16.14,16.51,15.94,16.08,2379040,39442776.00
2024/08/19,15.92,16.21,15.46,15.64,1911200,31148788.00
2024/08/20,15.57,15.76,15.21,15.31,1295037,20532508.00
2024/08/21,15.27,15.42,15.08,15.27,1040100,16335309.00
2024/08/22,15.28,15.43,15.00,15.00,996900,15521321.00
2024/08/23,15.00,15.07,14.65,14.71,1138900,17325898.00
2024/08/26,14.59,15.34,14.59,15.32,1687320,26279066.00
2024/08/27,15.10,15.14,14.62,14.68,1878958,28555360.00
2024/08/28,14.57,15.13,14.53,14.95,1455084,22315938.00
2024/08/29,14.89,15.19,14.69,15.13,941800,14568406.00
2024/08/30,15.13,15.62,15.10,15.37,1412500,22367528.00
2024/09/02,15.35,15.55,14.97,14.99,1319000,20700204.00
2024/09/03,15.03,15.37,14.80,15.25,912400,14254769.00
2024/09/04,15.13,15.54,15.07,15.31,1302600,20538114.00
2024/09/05,15.36,15.47,15.17,15.27,1057229,16611521.00
2024/09/06,15.25,15.28,14.78,14.82,1043100,16052574.00
2024/09/09,14.94,15.00,14.66,14.79,755300,11504028.00
2024/09/10,14.92,15.11,14.70,15.04,1095000,16766080.00
2024/09/11,14.95,17.70,14.95,16.25,7328146,123038120.00
2024/09/12,15.70,16.72,15.69,16.21,6693282,111043624.00
2024/09/13,16.22,17.78,15.53,17.03,8997300,153075856.00
2024/09/18,16.77,17.37,16.49,17.23,6335362,110325616.00
2024/09/19,17.07,17.16,16.69,17.01,4835266,83884656.00
2024/09/20,16.87,16.87,16.02,16.23,5022500,84265696.00
2024/09/23,16.40,16.54,16.17,16.29,2999776,50305064.00
2024/09/24,16.22,16.79,16.22,16.70,4577466,77731320.00
2024/09/25,16.75,17.15,16.60,16.70,4792566,82803384.00
2024/09/26,16.56,16.97,16.43,16.96,3478512,59775416.00
2024/09/27,17.09,18.57,17.08,18.33,7623447,140195872.00
2024/09/30,18.98,21.55,18.55,21.17,10045338,206060048.00
2024/10/08,24.57,25.07,22.33,25.01,10764796,263856208.00
2024/10/09,23.78,23.78,20.92,21.02,6968265,161189952.00
2024/10/10,20.99,21.95,20.57,20.97,3526134,76628144.00
2024/10/11,20.97,21.25,19.33,19.59,3773780,77340848.00
2024/10/14,19.72,20.27,19.17,20.00,3025146,61069532.00
2024/10/15,19.93,20.12,19.36,19.39,2864728,57802196.00
2024/10/16,19.10,19.65,18.82,19.26,2069272,40863012.00
2024/10/17,19.27,19.56,18.98,19.02,2095100,41282280.00
2024/10/18,19.02,20.20,18.91,19.88,3922336,78504752.00
2024/10/21,20.07,20.55,19.96,20.47,4085720,84611072.00
2024/10/22,20.43,21.98,20.37,21.56,6867058,149954016.00
2024/10/23,21.45,25.96,20.85,25.57,19622048,493339968.00
2024/10/24,23.57,24.37,23.13,23.32,12529484,300815136.00
2024/10/25,22.97,25.37,22.97,23.95,10844090,265381536.00
2024/10/28,23.57,24.24,23.46,23.80,6766956,163667936.00
2024/10/29,23.91,23.99,22.45,22.67,6654176,155997168.00
2024/10/30,22.34,23.06,22.07,22.46,4759191,108987464.00
2024/10/31,22.39,24.47,22.28,23.27,7153135,170147728.00
2024/11/01,22.82,27.57,22.82,25.30,19179644,494757152.00
2024/11/04,24.47,25.98,23.45,25.42,13240374,333258976.00
2024/11/05,24.68,27.23,24.60,26.55,14986353,392344864.00
2024/11/06,26.01,27.26,25.57,25.76,13294203,356140224.00
2024/11/07,25.50,25.96,24.57,25.77,8500556,218615792.00
2024/11/08,25.77,26.01,24.82,24.94,6366708,164571120.00
2024/11/11,24.95,25.47,24.75,25.46,4909700,125791840.00
2024/11/12,25.57,26.51,24.97,25.12,6485127,170406288.00
2024/11/13,24.67,25.76,24.45,25.10,4037180,102597824.00
2024/11/14,24.86,25.35,23.98,23.99,3753804,93768472.00
2024/11/15,23.82,24.16,22.92,22.94,3574384,85579640.00
2024/11/18,22.82,23.29,21.98,22.22,3248600,74394832.00
2024/11/19,22.45,23.26,21.79,23.26,3370934,77503800.00
2024/11/20,22.95,24.09,22.95,23.80,3391731,81440608.00
2024/11/21,23.57,24.62,23.53,23.89,3248600,79693832.00
2024/11/22,23.57,24.71,22.97,23.10,5012958,120974928.00
2024/11/25,22.89,23.54,22.57,23.04,2680000,62886688.00
2024/11/26,22.92,23.20,22.43,22.46,1804700,41833248.00
2024/11/27,22.33,22.93,21.59,22.93,2226100,50501832.00
2024/11/28,22.90,23.15,22.64,22.72,1543100,36080560.00
2024/11/29,22.68,23.05,22.27,22.84,1969900,45742648.00
2024/12/02,22.84,23.24,22.80,23.06,2154080,50594060.00
2024/12/03,23.08,23.80,22.95,23.18,2920800,69639440.00
2024/12/04,23.07,23.49,22.40,22.54,2604800,60681872.00
2024/12/05,22.37,22.63,22.30,22.55,1887999,43283184.00
2024/12/06,22.55,22.74,22.28,22.64,2006941,46055732.00
2024/12/09,22.87,22.87,22.18,22.36,1681300,38490120.00
2024/12/10,22.87,23.18,22.40,22.52,2098880,48696256.00
2024/12/11,22.48,23.46,22.47,23.27,3492800,81911264.00
2024/12/12,23.37,23.57,23.00,23.51,2798441,66560768.00
2024/12/13,23.74,23.74,22.63,22.69,2310081,54120520.00
2024/12/16,22.52,22.90,22.38,22.57,1434200,33076066.00
2024/12/17,22.57,22.57,21.37,21.54,2183500,48837472.00
2024/12/18,21.63,22.20,21.21,21.80,1643100,36577004.00
2024/12/19,21.41,22.02,21.41,21.82,1222500,27200184.00
2024/12/20,21.82,22.55,21.75,22.17,1499600,33946200.00
2024/12/23,22.52,22.64,21.68,21.75,1904600,42854760.00
2024/12/24,21.75,22.04,21.30,21.80,1390200,30698580.00
2024/12/25,21.80,21.93,21.13,21.41,1491700,32571140.00
2024/12/26,21.41,22.02,21.35,21.78,1246200,27670872.00
2024/12/27,21.61,22.22,21.61,21.95,1313200,29491592.00
2024/12/30,21.77,21.94,21.36,21.40,1371186,30201708.00
2024/12/31,21.47,21.74,20.57,20.67,1695752,36286232.00
2025/01/02,20.72,21.51,20.11,20.50,2167600,45872156.00
2025/01/03,20.36,20.84,19.86,19.86,1648100,34191672.00
2025/01/06,19.95,20.50,19.30,19.92,1417382,28997458.00
2025/01/07,19.99,20.27,19.70,20.27,1466800,29987824.00
2025/01/08,20.27,20.46,19.66,20.39,1570300,32332996.00
2025/01/09,20.12,20.71,20.12,20.34,1154400,24100364.00
2025/01/10,20.29,20.95,20.02,20.06,2141900,44628604.00
2025/01/13,19.92,20.33,19.69,20.13,1430300,29286860.00
2025/01/14,20.13,20.77,20.13,20.73,2380100,49842392.00
2025/01/15,20.73,21.04,20.47,20.61,1763923,37284612.00
2025/01/16,20.80,20.94,20.30,20.47,1460485,30762214.00
2025/01/17,20.30,20.64,20.27,20.27,957400,19953522.00
2025/01/20,20.27,20.66,20.18,20.29,1783800,37240892.00
2025/01/21,20.31,20.46,19.77,20.08,1305200,26674552.00
2025/01/22,20.09,20.42,19.83,19.95,1074200,22013148.00
2025/01/23,20.16,20.85,20.13,20.19,2538700,53150992.00
2025/01/24,20.29,20.37,19.88,20.27,1462800,30031470.00
2025/01/27,20.36,20.94,20.36,20.52,1922100,40546144.00
2025/02/05,20.76,20.77,20.45,20.71,1560413,32866392.00
2025/02/06,20.64,21.22,20.48,21.19,2301340,49125936.00
2025/02/07,21.08,21.46,20.93,21.20,2256131,48974040.00
2025/02/10,21.14,21.42,21.12,21.41,1606169,34943292.00
2025/02/11,21.36,21.72,21.09,21.20,1696500,36860068.00
2025/02/12,21.23,21.37,20.88,21.27,2239600,48329732.00
2025/02/13,21.23,21.42,20.72,20.73,1685500,36148672.00
2025/02/14,20.77,21.05,20.70,20.77,1574300,33483328.00
2025/02/17,20.78,21.35,20.67,21.21,2405600,51651504.00
2025/02/18,21.21,21.32,20.32,20.46,1956966,41541476.00
2025/02/19,20.57,21.79,20.57,21.79,5092699,111472120.00
2025/02/20,21.79,22.57,21.60,22.01,4937100,111075160.00
2025/02/21,21.88,22.09,21.63,21.98,2976700,66507704.00
2025/02/24,21.82,22.39,21.75,22.16,2811700,63510320.00
2025/02/25,21.98,22.23,21.88,21.96,2050600,45970016.00
2025/02/26,22.05,22.11,21.71,21.83,2042833,45557804.00
2025/02/27,21.87,22.02,21.28,21.74,2949300,65286728.00
2025/02/28,21.73,21.77,21.03,21.08,1789133,38978908.00
2025/03/03,21.21,21.97,21.21,21.72,2909700,64496180.00
2025/03/04,21.54,21.78,21.33,21.63,1840186,40321500.00
2025/03/05,21.65,21.69,21.08,21.38,1771519,38450472.00
2025/03/06,21.60,21.91,21.31,21.89,2350300,51979776.00
2025/03/07,21.79,23.25,21.68,22.52,6900660,158865056.00
2025/03/10,22.67,22.73,22.22,22.44,2582419,59085508.00
2025/03/11,22.21,22.69,22.04,22.67,2748500,62694484.00
2025/03/12,22.78,22.87,22.47,22.70,2838699,65619360.00
2025/03/13,22.81,23.01,22.49,22.99,3764667,87449696.00
2025/03/14,23.07,23.15,22.58,22.83,2621550,60924768.00
2025/03/17,23.05,23.06,22.77,22.91,2027650,47256488.00
2025/03/18,22.98,23.33,22.69,22.93,2473300,57910200.00
2025/03/19,22.86,22.93,22.26,22.38,2556599,58795108.00
2025/03/20,22.47,22.89,22.18,22.48,2099900,48187116.00
2025/03/21,22.47,22.85,22.32,22.34,2483400,57117744.00
2025/03/24,22.50,22.50,21.13,21.64,2438700,54001220.00
2025/03/25,21.63,22.03,21.26,21.66,1693200,37334840.00
2025/03/26,21.61,22.40,21.57,21.94,2283500,51418196.00
2025/03/27,22.07,22.07,21.28,21.60,1745300,38410916.00
2025/03/28,21.71,21.71,21.00,21.20,1740900,37770476.00
2025/03/31,21.17,21.20,20.43,20.82,1636450,34636844.00
2025/04/01,21.06,21.79,20.75,21.46,2235000,49025784.00
2025/04/02,21.41,21.66,21.30,21.43,999869,21885932.00
2025/04/03,21.43,21.49,20.89,21.25,1347700,29210954.00
2025/04/07,20.27,20.33,16.91,17.11,4005500,74615624.00
2025/04/08,17.43,18.67,17.43,18.40,4105800,76873952.00
2025/04/09,18.07,18.89,16.97,18.75,3490600,64432096.00
2025/04/10,19.07,19.55,19.01,19.10,2523400,49751924.00
2025/04/11,19.00,19.24,18.91,18.92,1581200,30815400.00
2025/04/14,19.20,19.67,19.10,19.52,1746500,34807960.00
2025/04/15,19.54,19.66,19.19,19.32,1253400,24786382.00
2025/04/16,19.25,19.43,18.62,18.92,1424000,27682334.00
2025/04/17,18.92,19.41,18.79,19.15,1177900,23189368.00
2025/04/18,19.11,19.35,18.87,19.11,1372700,26687586.00
2025/04/21,19.28,19.87,18.87,19.83,1861000,37116192.00
2025/04/22,19.79,19.85,19.46,19.50,2029900,40603928.00
2025/04/23,19.60,19.97,19.51,19.75,1731600,34955480.00
2025/04/24,19.80,19.94,19.36,19.52,1561060,31310182.00
2025/04/25,19.52,19.65,19.37,19.57,1256100,25066730.00
2025/04/28,19.56,19.72,19.22,19.38,1141400,22626264.00
2025/04/29,19.32,19.81,19.28,19.57,1181186,23712996.00
2025/04/30,19.57,19.86,19.57,19.66,955508,19255262.00
2025/05/06,19.86,20.29,19.82,20.26,1903508,39251100.00
2025/05/07,20.57,21.06,20.10,20.24,2255235,47216068.00
2025/05/08,20.19,20.72,20.10,20.49,1499500,31206330.00
2025/05/09,20.49,20.65,20.23,20.27,1269700,26389164.00
2025/05/12,20.62,20.62,20.30,20.50,1281908,26774318.00
2025/05/13,20.72,20.79,20.32,20.35,1118600,23391240.00
2025/05/14,20.36,20.57,20.16,20.21,1317377,27282746.00
2025/05/15,20.23,20.35,19.98,20.02,1114669,22950400.00
2025/05/16,20.20,20.38,19.99,20.05,1091743,22497848.00
2025/05/19,21.68,24.15,20.97,24.15,21565588,512607456.00
2025/05/20,24.23,25.73,23.07,25.44,28803380,721240640.00
2025/05/21,24.20,24.55,23.17,23.32,17262396,416953120.00
2025/05/22,22.89,23.08,22.18,22.31,11704380,268623808.00
2025/05/23,22.34,22.75,22.02,22.13,9338896,212607200.00
2025/05/26,22.15,22.67,21.79,22.57,7146088,163237376.00
2025/05/27,22.55,22.56,22.03,22.34,5816551,131918240.00
2025/05/28,22.28,23.46,22.14,23.44,12697908,299004832.00
2025/05/29,23.46,23.53,22.68,23.23,8359313,195926272.00
2025/05/30,23.06,23.07,21.87,21.90,6923500,157278880.00
2025/06/03,21.57,22.41,21.27,22.21,4192044,94364480.00
2025/06/04,22.47,22.57,22.12,22.22,4120925,93630240.00
2025/06/05,22.12,22.47,22.10,22.24,3543400,80444424.00
2025/06/06,22.23,22.24,21.85,22.05,3320300,74502032.00
2025/06/09,22.34,23.30,22.31,23.25,9996513,233290800.00
2025/06/10,22.96,24.81,22.67,23.67,12089588,289225536.00
2025/06/11,23.50,25.57,23.33,24.56,17587638,437206592.00
2025/06/12,24.07,24.07,23.35,23.91,10982299,264675776.00
2025/06/13,23.68,24.40,23.31,23.44,8763400,211557856.00
2025/06/16,22.87,23.69,22.48,23.27,5441700,128654352.00
2025/06/17,23.40,24.07,22.97,23.20,5565133,132371384.00
2025/06/18,22.93,23.26,22.65,23.07,4087940,95308928.00
2025/06/19,22.82,23.12,22.08,22.13,4904400,111932232.00
2025/06/20,22.12,22.76,22.10,22.12,3020500,68810192.00
2025/06/23,21.88,22.56,21.81,22.50,2590120,59071064.00
2025/06/24,22.49,23.67,22.23,23.37,5337398,125501160.00
2025/06/25,23.27,23.58,22.84,23.33,4753423,112065488.00
2025/06/26,23.32,24.07,23.19,23.44,6295500,151195072.00
2025/06/27,23.10,23.90,23.10,23.36,5394408,129009648.00
2025/06/30,23.36,24.21,23.16,24.13,7149900,173542736.00
2025/07/01,24.13,24.13,23.61,23.89,4831620,117199072.00
2025/07/02,23.78,24.34,23.63,23.89,3600000,87479472.00
2025/07/03,23.69,24.52,23.58,24.35,7496760,184847424.00
2025/07/04,24.27,24.28,23.68,23.84,4470500,108747064.00
2025/07/07,23.75,24.00,23.68,24.00,2700700,65574436.00
2025/07/08,23.96,24.52,23.82,24.43,4824008,118989568.00
2025/07/09,24.37,24.65,23.86,23.96,3784735,92748152.00
2025/07/10,24.11,24.11,23.80,23.88,3047400,73683880.00
2025/07/11,23.88,28.71,23.85,28.71,22526123,606713920.00
2025/07/14,28.99,30.72,28.03,28.43,32876918,968440768.00
2025/07/15,28.63,31.30,28.05,29.55,27208361,813683264.00
2025/07/16,28.26,29.29,27.66,27.75,19917500,567613760.00
2025/07/17,27.05,28.48,26.80,27.79,15243677,426269216.00
2025/07/18,28.03,33.40,27.70,33.40,29103515,913408064.00
2025/07/21,32.80,36.13,31.41,34.32,38327833,1301986944.00
2025/07/22,32.71,33.20,31.98,32.09,24465523,800754240.00
2025/07/23,31.89,34.75,30.85,34.24,29086455,983899072.00
2025/07/24,32.76,36.75,32.43,34.94,31968543,1127055488.00
2025/07/25,33.84,34.06,32.33,32.78,22904716,759647872.00
2025/07/28,31.99,33.15,31.99,32.94,14377863,474957312.00
2025/07/29,32.37,32.90,31.15,31.49,16112910,514028736.00
2025/07/30,32.05,32.25,30.45,31.01,11811266,368653280.00
2025/07/31,30.70,31.03,30.28,30.40,8211100,253364176.00
2025/08/01,30.93,31.62,30.64,30.73,12240000,382876992.00
2025/08/04,30.17,30.70,29.81,30.60,8729540,265837696.00
2025/08/05,30.83,30.95,29.78,29.99,8261000,251433648.00
2025/08/06,29.95,30.33,29.45,30.05,8929900,268964000.00
2025/08/07,30.30,34.55,29.32,32.43,24295742,777914560.00
2025/08/08,31.47,33.39,31.45,32.25,18072068,591735232.00
2025/08/11,33.43,34.35,32.46,33.29,16278374,546092288.00
2025/08/12,32.13,32.47,31.31,31.71,13392422,429284128.00
2025/08/13,31.55,31.94,31.40,31.77,9077380,289383936.00
2025/08/14,31.39,31.69,30.54,30.57,9227557,288627808.00
2025/08/15,30.44,31.41,30.35,31.31,7249420,227590144.00
2025/08/18,31.25,32.76,31.06,32.76,14456608,468450720.00
2025/08/19,33.45,39.36,32.89,36.62,38846647,1428640384.00
2025/08/20,35.79,38.25,34.82,35.23,28513138,1033993664.00
2025/08/21,34.78,36.05,34.13,34.23,15599000,546975552.00
2025/08/22,34.23,36.59,33.85,34.72,21165901,753288512.00
2025/08/25,34.93,37.16,34.93,36.40,26335480,957369344.00
2025/08/26,36.04,36.04,34.25,34.78,15268571,535846432.00
2025/08/27,34.95,36.25,34.40,35.16,17407698,618489152.00
2025/08/28,34.75,36.39,33.85,34.91,14154626,499323616.00
2025/08/29,34.33,35.99,34.33,34.70,12003347,425235072.00
2025/09/01,34.25,35.07,33.35,33.91,9750100,335866144.00
2025/09/02,33.91,34.19,31.95,32.35,9722764,318672672.00
2025/09/03,32.73,32.73,31.15,31.20,6618328,211922560.00
2025/09/04,31.35,31.95,29.83,30.42,6607000,206439568.00
2025/09/05,30.75,32.17,30.46,32.10,7951000,253968800.00
2025/09/08,32.18,32.98,31.65,32.94,7304400,238538560.00
2025/09/09,32.45,35.15,32.27,33.99,12898878,441142368.00
2025/09/10,33.37,37.90,33.08,35.63,23219979,835540544.00
2025/09/11,35.46,36.11,34.55,35.34,17340230,614300096.00
2025/09/12,35.25,36.75,34.75,36.63,19131900,693641152.00
2025/09/15,36.45,38.25,35.75,36.95,19344645,724563008.00
2025/09/16,36.35,36.73,33.65,34.93,20882415,732257792.00
2025/09/17,35.81,35.81,34.15,34.59,10940812,380961120.00
2025/09/18,34.73,35.47,33.55,33.95,11567118,403547232.00
2025/09/19,33.65,34.05,33.13,33.16,6788700,229505568.00
2025/09/22,33.25,33.52,32.71,33.14,4806140,159822336.00
2025/09/23,32.85,33.18,31.79,32.68,6240915,203168880.00
2025/09/24,32.75,34.00,32.53,33.95,10095300,342037280.00
2025/09/25,33.88,34.00,32.97,32.98,7310400,246483184.00
2025/09/26,32.58,33.58,31.89,31.98,5974700,195884240.00
2025/09/29,32.03,32.68,31.76,32.51,4913681,160270640.00
2025/09/30,32.55,33.23,32.21,32.57,4762100,157196560.00
2025/10/09,33.25,34.05,32.75,33.96,10806560,366220736.00
2025/10/10,33.87,35.00,33.08,33.29,9249000,316287424.00
2025/10/13,31.93,35.49,31.76,35.49,17699534,616846784.00
2025/10/14,35.51,35.57,33.33,34.07,13325640,460370240.00
2025/10/15,33.63,33.63,32.48,33.01,7366975,243815696.00
2025/10/16,32.62,32.73,31.30,31.31,6753200,217294640.00
2025/10/17,31.10,31.97,30.22,30.26,4785104,149793808.00
2025/10/20,30.75,30.88,29.85,30.33,3829784,116927136.00
2025/10/21,30.36,30.75,30.25,30.68,2919880,90016016.00
2025/10/22,30.43,31.75,29.75,31.42,6602995,204933952.00
2025/10/23,31.05,31.06,30.39,30.62,3115820,96229296.00
2025/10/24,30.70,32.15,30.50,31.40,5093994,161528448.00
2025/10/27,31.23,31.93,31.07,31.49,5054630,160411040.00
2025/10/28,30.95,31.33,30.46,30.56,4706100,145813776.00
2025/10/29,30.30,31.39,30.05,31.12,5331241,165504144.00
2025/10/30,31.05,32.23,30.78,31.62,7588810,242164608.00
2025/10/31,31.37,31.85,31.05,31.55,4452610,141452144.00
2025/11/03,31.25,31.25,30.23,30.73,4464671,137661008.00
2025/11/04,30.74,31.04,30.08,30.21,2921700,89536128.00
2025/11/05,29.75,30.14,29.47,29.94,2865220,86199720.00
2025/11/06,30.07,30.10,29.87,29.95,2227441,67353848.00
2025/11/07,29.98,30.10,29.19,29.39,4054800,120840456.00
2025/11/10,29.43,30.65,29.43,30.00,3600700,109457456.00
2025/11/11,30.07,30.43,29.84,29.97,2611904,79118520.00
2025/11/12,29.97,29.99,28.93,29.13,3069600,90519344.00
2025/11/13,29.04,30.73,29.03,30.15,5800304,176260816.00
2025/11/14,29.80,30.34,29.61,29.81,3448900,104141392.00
2025/11/17,29.82,30.71,29.80,30.66,4428298,135924576.00
2025/11/18,31.23,32.39,29.81,30.03,6829160,212783024.00
2025/11/19,29.80,33.63,29.77,31.48,11348106,363553856.00
2025/11/20,30.80,35.49,30.80,33.34,20978887,711221376.00
2025/11/21,31.65,32.48,29.78,29.82,15650380,482947456.00
2025/11/24,29.23,29.25,27.79,28.34,9209150,262613856.00
2025/11/25,28.46,30.33,28.13,29.94,9163229,271890528.00
2025/11/26,29.91,29.91,28.72,28.81,6291186,184791120.00
2025/11/27,29.03,29.51,28.75,28.84,4118600,120887184.00
2025/11/28,28.75,29.69,28.69,29.44,3960020,116868712.00
2025/12/01,29.46,30.15,29.29,29.93,5243800,157100096.00
2025/12/02,29.75,29.75,28.83,28.95,4038500,118528648.00
2025/12/03,29.00,29.41,28.47,28.73,2953900,85617240.00
2025/12/04,28.77,28.84,27.96,28.05,2974400,84625872.00
2025/12/05,28.15,28.68,27.39,28.39,3483850,98968416.00
2025/12/08,28.42,28.68,28.05,28.55,3160000,90489312.00
2025/12/09,28.37,29.01,27.94,28.63,3992400,115317040.00
2025/12/10,28.46,28.83,28.05,28.69,3032900,86968448.00
2025/12/11,28.70,29.09,28.22,28.35,3110600,90017680.00
2025/12/12,28.56,29.05,28.15,28.34,3479400,100249720.00
2025/12/15,28.19,28.23,27.64,28.05,3251700,91616080.00
2025/12/16,27.84,28.01,27.19,27.27,2686500,74390376.00
2025/12/17,27.45,28.15,27.06,28.10,3208700,89367088.00
2025/12/18,27.67,28.32,27.62,27.71,2130700,60282100.00
2025/12/19,27.71,28.53,27.71,28.29,2323500,66011324.00
2025/12/22,28.29,28.73,28.19,28.49,2051850,59042496.00
2025/12/23,28.23,28.95,28.20,28.75,2859366,82656808.00
2025/12/24,28.75,29.02,28.58,28.78,2522001,73390656.00
2025/12/25,28.75,28.87,28.35,28.77,2340250,67606464.00
2025/12/26,29.14,29.25,28.70,28.94,3475000,101543288.00
2025/12/29,28.82,28.92,28.44,28.50,2620900,75672048.00
2025/12/30,28.26,28.57,27.95,28.26,2113200,60279112.00
2025/12/31,28.30,28.81,28.05,28.64,3108800,89225960.00
2026/01/05,28.77,29.35,28.54,29.21,3163100,92994672.00
2026/01/06,29.34,29.75,29.11,29.40,3726500,110627168.00
2026/01/07,29.61,30.15,29.46,29.66,6657896,200340624.00
2026/01/08,29.34,29.87,29.28,29.60,3941000,117747688.00
2026/01/09,29.33,30.39,29.33,30.05,4601220,139043664.00
2026/01/12,30.93,31.06,30.10,30.48,5315841,163213104.00
2026/01/13,30.50,31.99,30.17,30.73,8884400,278655232.00
2026/01/14,30.45,31.08,29.76,30.34,6862141,210978640.00
2026/01/15,30.33,31.30,30.01,30.56,5487120,170307776.00
2026/01/16,30.82,31.10,30.43,30.51,4008800,124109400.00
2026/01/19,30.26,30.89,30.25,30.60,2831900,87375640.00
2026/01/20,30.60,30.93,30.26,30.47,3441420,105934776.00
2026/01/21,30.26,31.04,30.22,30.95,4082150,126944584.00
2026/01/22,31.10,31.62,30.81,31.40,4296900,135620880.00
2026/01/23,31.75,31.75,31.12,31.50,4515400,142607296.00
2026/01/26,31.46,31.64,30.83,31.05,4442858,139845456.00
2026/01/27,30.78,31.16,29.75,30.45,3378900,103275256.00
2026/01/28,30.25,30.65,29.84,30.18,3042700,92588592.00
2026/01/29,30.29,31.55,29.90,30.44,7986157,247999392.00
2026/01/30,29.95,29.95,28.63,29.53,7085300,208709072.00
2026/02/02,29.40,29.55,27.83,27.83,5122815,147497088.00
2026/02/03,28.36,28.59,27.81,28.54,2738200,78073136.00
2026/02/04,28.59,28.72,28.06,28.35,2198000,62848612.00
2026/02/05,28.36,28.48,27.67,27.82,2286100,64434824.00
2026/02/06,27.63,28.32,27.52,28.00,1907400,53968816.00
2026/02/09,28.42,28.90,28.29,28.69,2492200,72140024.00
2026/02/10,28.72,29.05,28.57,28.65,1953200,56661756.00
2026/02/11,28.68,29.50,28.53,29.00,2940417,86288744.00
2026/02/12,29.05,29.43,28.80,29.30,2531400,74583688.00
2026/02/13,29.25,29.36,28.75,28.78,1870000,54790552.00
2026/02/24,28.97,29.46,28.97,29.38,1977336,58445124.00
2026/02/25,29.35,30.60,29.31,30.27,4327331,131821208.00
2026/02/26,33.25,34.74,31.23,31.56,18220205,599286912.00
2026/02/27,31.24,31.87,30.66,31.80,12675175,402476128.00
2026/03/02,30.95,31.36,29.75,30.48,8152055,252032256.00
2026/03/03,30.55,30.70,28.03,28.03,7892400,229954224.00
2026/03/04,27.61,28.58,27.50,27.96,3743800,106150696.00
2026/03/05,28.55,28.64,27.83,28.02,3400700,96857376.00
2026/03/06,27.85,28.94,27.81,28.69,3117220,89674824.00
2026/03/09,28.30,28.64,27.60,28.57,3687400,104573176.00
2026/03/10,28.89,29.21,28.69,29.04,2813700,82304112.00
2026/03/11,29.00,29.29,28.61,28.73,2583200,75196104.00
2026/03/12,28.73,28.73,28.04,28.19,2432600,69412448.00
2026/03/13,28.15,28.91,28.05,28.14,2817699,80897168.00
2026/03/16,28.15,28.23,27.31,27.77,3024600,84459696.00
2026/03/17,27.98,28.00,27.08,27.09,2052800,56986448.00
2026/03/18,27.15,27.36,26.76,27.33,1929357,52658356.00
2026/03/19,27.09,27.09,26.16,26.29,2383786,63725052.00
2026/03/20,26.31,26.60,25.67,25.67,2472856,65113728.00
2026/03/23,25.24,25.60,23.93,24.24,3433867,86038168.00
2026/03/24,24.82,25.27,24.32,25.24,2481980,62028928.00
2026/03/25,25.49,25.73,25.28,25.45,2069337,53241068.00
2026/03/26,25.46,25.65,24.97,25.20,1759600,44936324.00
2026/03/27,24.85,26.99,24.73,26.73,5041524,133900224.00
2026/03/30,26.35,26.38,25.75,25.89,3423200,89776856.00
2026/03/31,25.83,26.31,25.48,25.48,2674500,69837648.00
2026/04/01,25.96,26.13,25.62,25.89,1733600,45229328.00
2026/04/02,25.75,26.35,25.60,26.10,3124100,82337120.00
2026/04/03,26.26,27.36,25.76,25.79,3771229,99914256.00
2026/04/07,25.79,26.13,25.48,25.90,2626300,68439536.00
2026/04/08,26.53,26.75,26.20,26.75,2975700,79632992.00
2026/04/09,26.50,26.71,26.15,26.27,2258900,60095760.00
2026/04/10,26.27,27.02,26.27,26.62,2889400,77937528.00
2026/04/13,27.14,27.52,26.65,26.96,3306960,90257536.00
2026/04/14,27.20,27.43,26.84,27.27,2819900,77159680.00
2026/04/15,27.56,27.63,26.95,26.98,2481600,68170632.00
2026/04/16,26.93,27.51,26.93,27.40,2656400,73216720.00
2026/04/17,27.29,27.73,27.28,27.31,2341800,64844728.00
2026/04/20,27.45,27.45,27.00,27.22,2499200,68612048.00
2026/04/21,27.30,27.33,26.98,27.21,2071500,56713736.00
2026/04/22,27.09,27.34,27.00,27.26,1909100,52389664.00
2026/04/23,27.13,27.20,25.83,26.15,4307200,114048960.00
2026/04/24,26.08,27.25,25.95,27.10,4140057,111749016.00
2026/04/27,26.75,27.14,26.38,26.95,3108457,84128880.00
2026/04/28,26.95,27.09,26.48,26.59,2055089,55398648.00
2026/04/29,26.50,27.74,26.25,27.60,4123700,114057592.00
2026/04/30,27.59,28.00,27.25,28.00,3217700,89447296.00
2026/05/06,29.35,31.62,29.35,30.61,17119378,530307488.00
2026/05/07,30.68,32.33,30.68,31.32,13771348,437675520.00
2026/05/08,31.17,32.17,30.38,30.48,8437094,263403872.00
2026/05/11,30.45,31.00,29.91,30.56,6377278,195501456.00
2026/05/12,30.59,30.59,29.51,29.68,4118100,123897112.00
2026/05/13,29.44,30.13,29.20,29.96,3974500,119158024.00
2026/05/14,30.03,30.15,29.31,29.31,3343600,99759760.00
2026/05/15,29.31,29.65,28.60,28.86,3778100,110421888.00
2026/05/18,28.63,28.85,28.25,28.64,3395000,97687400.00
2026/05/19,28.75,28.79,27.41,27.53,5359800,150044688.00
2026/05/20,27.35,27.74,26.79,27.71,3902400,107715296.00
2026/05/21,27.94,28.40,26.24,26.37,4295200,118916288.00
2026/05/22,26.63,27.11,26.26,27.00,2736600,73767088.00
2026/05/25,26.85,27.13,26.30,26.76,2605800,69878032.00
2026/05/26,26.75,26.75,25.68,26.09,2850100,74949464.00
2026/05/27,26.03,26.31,25.23,25.35,2645200,68370480.00
2026/05/28,25.34,25.67,24.70,25.36,2491900,63599828.00
2026/05/29,25.35,25.54,24.12,24.25,2827600,70408152.00
2026/06/01,24.49,24.65,23.92,24.38,2084900,51354172.00
2026/06/02,24.65,24.65,23.48,24.11,2426800,58695408.00
2026/06/03,24.28,24.38,23.67,24.09,2311360,55644436.00
2026/06/04,23.90,24.07,23.51,23.73,2019968,47878100.00
2026/06/05,23.62,24.75,23.18,24.23,3108958,74949336.00
2026/06/08,23.60,24.45,23.13,23.63,3531300,84079344.00
2026/06/09,23.86,24.85,23.80,24.79,3561888,86501272.00
2026/06/10,24.54,24.76,23.86,24.24,2578800,62550568.00
2026/06/11,24.18,24.48,23.55,24.14,2341421,56200352.00
2026/06/12,25.71,26.69,24.72,25.77,8602585,222344640.00
2026/06/15,25.93,26.59,25.70,26.33,5704485,148902912.00
2026/06/16,25.98,26.45,25.73,26.16,3953900,103272832.00
2026/06/17,26.16,26.30,25.60,25.89,2696320,69750680.00
2026/06/18,25.79,26.35,25.28,25.53,2895000,74518960.00
2026/06/22,25.40,26.53,24.88,26.53,4207150,108428640.00
2026/06/23,26.40,26.40,25.30,25.47,3528150,90878136.00
2026/06/24,25.13,25.46,24.65,25.33,2608400,65441348.00
2026/06/25,25.38,25.52,24.42,24.77,2855178,70870256.00
2026/06/26,24.80,24.80,23.15,23.20,3636800,85934408.00
2026/06/29,23.19,23.29,22.09,22.37,2772288,62308268.00
2026/06/30,22.46,23.15,21.98,23.05,2072400,46660480.00
2026/07/01,22.95,24.11,22.67,23.95,3712400,87313664.00
2026/07/02,23.61,24.84,23.61,23.73,2949570,71492808.00
2026/07/03,24.30,24.30,23.55,23.97,2670800,64131140.00
2026/07/06,24.30,24.39,23.40,23.53,2160391,51345912.00
2026/07/07,23.51,23.85,22.93,23.08,1769000,41147728.00
2026/07/08,23.01,23.33,22.33,22.39,1865600,42145080.00
2026/07/09,22.42,22.49,21.21,21.80,2576099,55846004.00
2026/07/10,21.75,22.92,21.53,22.31,2760075,61963536.00
2026/07/13,22.12,22.45,21.28,21.31,2856400,61913132.00
2026/07/14,21.20,21.41,20.75,21.40,2008400,42326648.00
2026/07/15,21.30,21.70,21.18,21.23,1703000,36397080.00
2026/07/16,22.20,23.03,21.67,21.83,7171486,157849472.00
2026/07/17,21.51,22.15,21.11,21.89,7352663,158260784.00
2026/07/20,19.21,19.67,18.18,18.29,6949362,132513096.00
2026/07/21,18.23,18.56,17.31,18.51,4599928,82626136.00
2026/07/22,18.30,18.92,18.01,18.35,2705200,50009440.00
2026/07/23,18.18,19.14,18.18,19.05,2918673,54757708.00
2026/07/24,18.85,19.14,18.51,18.60,2011525,37676568.00
2026/07/27,18.70,19.35,18.60,19.32,2379924,45574120.00
2026/07/28,19.15,19.59,19.02,19.27,2034038,39286408.00
2026/07/29,19.27,19.79,19.11,19.74,2099400,40971440.00
2026/07/30,19.56,19.91,19.40,19.61,1773638,34892936.00
2026/07/31,19.85,20.31,19.61,20.20,2423924,48769736.00
2026/08/03,20.12,20.92,20.12,20.91,1950575,40207508.00
2026/08/04,21.09,21.25,20.83,20.98,2319552,48666608.00
2026/08/05,20.99,21.50,20.99,21.26,2439400,51902296.00
2026/08/06,21.20,22.07,20.94,21.58,3580674,77327072.00
2026/08/07,21.31,22.10,21.24,22.05,3130203,68073624.00
2026/08/10,22.05,22.63,21.89,22.61,2214159,49511364.00
2026/08/11,22.67,22.79,22.37,22.42,2215496,49974200.00
2026/08/12,22.32,22.62,22.30,22.46,1471577,33057912.00
2026/08/13,22.52,22.57,21.71,21.76,2278818,50342696.00
2026/08/14,21.92,22.53,21.91,22.08,2076938,45924628.00
2026/08/17,22.07,22.30,21.77,22.28,1813000,40115068.00
2026/08/18,22.30,22.37,21.86,21.96,1381300,30415800.00
2026/08/19,21.54,21.95,21.12,21.17,1714475,36694860.00
2026/08/20,21.53,21.83,21.22,21.48,1310500,28248072.00
2026/08/21,21.40,21.77,20.99,21.65,1431957,30744870.00
2026/08/24,21.50,21.90,21.12,21.42,1276350,27345366.00
2026/08/25,21.85,21.93,21.21,21.89,1921200,41571060.00
2026/08/26,21.55,22.00,21.53,21.68,1478593,32166248.00
2026/08/27,21.63,21.81,21.50,21.80,1252601,27176364.00
2026/08/28,21.61,21.99,21.61,21.80,1018850,22222068.00
2026/08/31,21.65,22.03,21.60,21.95,1483000,32377534.00
2026/09/01,22.00,22.01,21.62,21.70,1285650,28013940.00
2026/09/02,21.70,22.14,21.33,21.85,1817900,39459400.00
2026/09/03,21.88,22.19,21.80,21.84,1347100,29601982.00
2026/09/04,22.00,22.06,21.25,21.36,1969300,42698544.00
2026/09/07,21.34,21.62,21.26,21.45,1155470,24818066.00
2026/09/08,21.61,22.28,21.41,22.25,2562115,56176492.00
2026/09/09,22.09,22.26,21.78,22.05,2038129,44842980.00
2026/09/10,21.85,21.89,21.42,21.59,1218247,26330918.00
2026/09/11,21.42,21.66,20.87,21.11,1867905,39437524.00
2026/09/14,21.13,21.60,20.95,21.40,1211700,25832792.00
#数据来源:通达信
