301559 中集环科 日线 前复权
      日期	    开盘	    最高	    最低	    收盘	    成交量	    成交额
2023/10/11,23.82,23.82,20.91,22.03,42808507,1034640448.00
2023/10/12,21.08,21.46,20.64,20.77,19777270,452682464.00
2023/10/13,20.90,21.43,20.73,20.77,15543478,356878848.00
2023/10/16,21.58,22.03,20.96,21.07,17082466,399331360.00
2023/10/17,20.19,20.63,19.73,19.87,17165735,376966880.00
2023/10/18,19.45,19.56,18.55,18.64,14168119,295312128.00
2023/10/19,18.31,18.82,18.26,18.27,9081923,185225600.00
2023/10/20,18.35,18.77,17.98,18.57,9880765,200023856.00
2023/10/23,18.28,18.28,17.58,17.58,7495865,148312128.00
2023/10/24,17.74,18.04,17.55,17.96,6586112,130345416.00
2023/10/25,18.04,18.75,17.94,18.46,10242343,208009360.00
2023/10/26,18.21,18.41,17.77,18.35,8448377,169071824.00
2023/10/27,18.18,19.01,18.15,18.69,9927636,204903632.00
2023/10/30,18.55,18.79,18.53,18.64,6618591,136035376.00
2023/10/31,18.58,18.77,18.19,18.43,6810021,139007440.00
2023/11/01,18.49,18.49,18.17,18.23,4555297,92072936.00
2023/11/02,18.26,18.34,17.96,17.99,4388720,88171920.00
2023/11/03,18.10,18.58,18.08,18.46,6489643,132103608.00
2023/11/06,18.63,18.87,18.51,18.78,7291798,150222448.00
2023/11/07,18.70,18.81,18.60,18.73,4741422,97774368.00
2023/11/08,18.70,18.85,18.54,18.71,5093775,104817120.00
2023/11/09,19.02,19.33,18.72,18.76,8432458,176123040.00
2023/11/10,18.56,18.84,18.44,18.77,5102855,104980712.00
2023/11/13,18.85,19.03,18.67,19.01,5231106,108705248.00
2023/11/14,18.98,19.07,18.84,18.97,4648467,96937184.00
2023/11/15,19.18,19.28,18.99,19.24,6285845,132457976.00
2023/11/16,19.25,19.25,18.91,18.92,4439344,93004368.00
2023/11/17,18.93,19.14,18.93,19.11,3533458,74017008.00
2023/11/20,19.15,19.19,18.98,19.18,4841049,101885000.00
2023/11/21,19.31,19.31,18.93,19.00,6355395,128610056.00
2023/11/22,18.91,19.08,18.76,18.79,4189825,83783384.00
2023/11/23,18.76,18.90,18.66,18.85,4005117,79664456.00
2023/11/24,18.81,18.89,18.52,18.57,3809433,75214168.00
2023/11/27,18.57,18.85,18.35,18.71,3250320,63891624.00
2023/11/28,18.65,18.85,18.61,18.85,2489790,49461184.00
2023/11/29,18.81,18.89,18.59,18.62,2232498,44284756.00
2023/11/30,18.59,18.69,18.15,18.22,3434847,66771364.00
2023/12/01,18.22,18.39,18.06,18.34,2418286,46614276.00
2023/12/04,18.37,18.69,18.34,18.41,2157319,42168856.00
2023/12/05,18.31,18.31,17.91,17.92,2980100,57148056.00
2023/12/06,18.00,18.13,17.93,18.01,2016193,38591496.00
2023/12/07,18.01,18.06,17.67,17.71,2853778,53769444.00
2023/12/08,17.71,17.80,17.56,17.59,2355995,44213192.00
2023/12/11,17.56,17.81,17.32,17.81,2297686,43069440.00
2023/12/12,17.80,18.00,17.72,17.86,1929818,36637460.00
2023/12/13,17.87,18.00,17.74,17.83,1912448,36257764.00
2023/12/14,17.86,17.93,17.71,17.71,1695864,32032874.00
2023/12/15,17.77,17.78,17.53,17.68,1627417,30534232.00
2023/12/18,17.61,17.67,17.42,17.43,1859547,34550416.00
2023/12/19,17.49,17.54,17.32,17.43,1435679,26572840.00
2023/12/20,17.45,17.77,17.43,17.48,2423287,45271556.00
2023/12/21,17.43,17.46,17.04,17.37,3112780,57108076.00
2023/12/22,17.33,18.37,17.23,17.87,6077334,115391992.00
2023/12/25,17.79,17.85,17.43,17.57,3215632,60197188.00
2023/12/26,17.45,17.50,17.13,17.17,2550439,46802492.00
2023/12/27,17.26,17.37,17.12,17.33,1785485,32753468.00
2023/12/28,17.31,17.68,17.24,17.64,3024792,56410988.00
2023/12/29,17.57,17.82,17.57,17.77,2620731,49320148.00
2024/01/02,17.80,17.91,17.77,17.81,2235205,42308176.00
2024/01/03,17.73,17.79,17.57,17.71,2006228,37633560.00
2024/01/04,17.70,17.91,17.63,17.90,2114758,39919136.00
2024/01/05,17.82,18.11,17.67,17.73,2968283,56357104.00
2024/01/08,17.70,17.72,17.31,17.44,2241137,41508216.00
2024/01/09,17.60,17.79,17.44,17.65,2317097,43373308.00
2024/01/10,17.49,17.79,17.33,17.66,2155477,40279352.00
2024/01/11,17.62,17.85,17.55,17.81,2220534,41764696.00
2024/01/12,17.75,17.97,17.71,17.75,2489201,47177032.00
2024/01/15,17.71,17.72,17.48,17.51,1796600,33532710.00
2024/01/16,17.45,17.54,17.21,17.42,2181300,40247964.00
2024/01/17,17.42,17.42,17.05,17.06,1617057,29639750.00
2024/01/18,17.09,17.12,16.49,16.83,2598479,46325784.00
2024/01/19,16.81,16.91,16.55,16.55,1762697,31291954.00
2024/01/22,16.51,16.51,15.28,15.40,2683539,45632804.00
2024/01/23,15.38,15.65,15.26,15.52,1745435,28869602.00
2024/01/24,15.57,15.80,15.21,15.80,2372461,39437608.00
2024/01/25,15.75,16.35,15.69,16.35,2733921,47016756.00
2024/01/26,16.23,16.47,16.17,16.20,2230095,38793820.00
2024/01/29,16.60,17.20,16.47,16.47,4328708,77432784.00
2024/01/30,16.11,16.33,15.51,15.51,2881400,48871012.00
2024/01/31,15.37,15.78,15.29,15.31,2217375,36708200.00
2024/02/01,15.23,15.47,14.84,14.84,2320863,37547684.00
2024/02/02,14.86,15.07,13.65,14.05,2640582,40762152.00
2024/02/05,13.94,14.04,12.48,13.25,3054410,43685416.00
2024/02/06,13.14,14.23,12.74,13.86,2706402,39524092.00
2024/02/07,14.24,14.60,13.82,14.01,3337167,50993712.00
2024/02/08,14.09,14.75,13.95,14.70,3411331,52858848.00
2024/02/19,14.94,15.11,14.70,14.82,2679745,42802784.00
2024/02/20,14.82,14.90,14.65,14.87,1506121,23930312.00
2024/02/21,14.79,15.28,14.73,14.96,3100823,50148084.00
2024/02/22,14.90,15.14,14.84,15.06,2074326,33404906.00
2024/02/23,15.05,15.32,15.00,15.28,2812218,45753832.00
2024/02/26,15.26,15.86,15.17,15.61,3458371,57720052.00
2024/02/27,15.56,15.86,15.43,15.86,2876925,48321776.00
2024/02/28,15.83,16.13,15.11,15.13,4722618,79189928.00
2024/02/29,15.11,15.57,14.96,15.54,2800643,46144428.00
2024/03/01,15.54,15.66,15.48,15.61,2367301,39499792.00
2024/03/04,15.61,15.66,15.29,15.46,2042446,33785184.00
2024/03/05,15.37,15.46,15.13,15.18,1904772,31179378.00
2024/03/06,15.16,15.56,15.13,15.41,2009661,33093246.00
2024/03/07,15.41,15.75,15.41,15.45,2471464,41190020.00
2024/03/08,15.45,15.62,15.32,15.61,2137864,35405468.00
2024/03/11,15.68,15.73,15.54,15.71,2119914,35459148.00
2024/03/12,15.71,15.83,15.60,15.78,2408005,40500712.00
2024/03/13,15.74,15.81,15.59,15.72,1721409,28918326.00
2024/03/14,15.72,15.82,15.49,15.61,1669440,27997412.00
2024/03/15,15.55,15.80,15.53,15.77,1406995,23596474.00
2024/03/18,15.83,16.05,15.80,16.03,2809889,47896396.00
2024/03/19,16.01,16.09,15.89,16.02,2090130,35748968.00
2024/03/20,15.99,15.99,15.76,15.89,2911352,49326368.00
2024/03/21,15.89,15.97,15.75,15.81,1977705,33478270.00
2024/03/22,15.79,15.81,15.36,15.59,2007673,33479592.00
2024/03/25,15.44,15.63,15.12,15.12,1938062,31850976.00
2024/03/26,15.13,15.24,14.84,15.00,1743980,28069512.00
2024/03/27,14.99,15.10,14.74,14.75,1225202,19601406.00
2024/03/28,14.89,15.09,14.69,15.01,1365925,21936368.00
2024/03/29,14.96,15.21,14.96,15.20,1235643,20015564.00
2024/04/01,15.29,15.76,15.26,15.73,2303809,38296324.00
2024/04/02,15.72,15.86,15.63,15.85,2148589,36228116.00
2024/04/03,15.80,16.01,15.74,15.92,2045785,34793600.00
2024/04/08,15.92,15.94,15.53,15.58,1543584,25908310.00
2024/04/09,15.49,15.69,15.45,15.64,959863,16017158.00
2024/04/10,15.64,15.76,15.24,15.34,1343131,22221468.00
2024/04/11,14.91,15.34,14.70,15.13,5348180,86666288.00
2024/04/12,14.99,15.45,14.92,15.19,2607256,42651596.00
2024/04/15,15.24,16.41,14.86,16.09,8788886,148716944.00
2024/04/16,16.24,17.57,15.99,16.65,16853938,302553984.00
2024/04/17,16.01,17.79,15.69,17.46,17333010,315401792.00
2024/04/18,17.28,17.44,16.68,16.77,11259353,202229760.00
2024/04/19,16.49,17.17,16.49,16.52,8021948,143456224.00
2024/04/22,16.41,16.79,16.09,16.47,5675783,98981832.00
2024/04/23,16.39,16.57,15.78,15.93,6328544,108500272.00
2024/04/24,14.90,14.90,13.92,14.26,11208153,172488736.00
2024/04/25,14.12,14.39,14.06,14.22,3745698,57495796.00
2024/04/26,14.23,14.34,14.02,14.25,4300211,65701136.00
2024/04/29,14.31,14.58,14.23,14.53,4297160,66736920.00
2024/04/30,14.53,14.66,14.32,14.41,3162641,49152908.00
2024/05/06,14.51,15.00,14.51,14.92,4412550,70168016.00
2024/05/07,14.92,15.12,14.71,15.10,3585158,57372152.00
2024/05/08,15.04,15.04,14.73,14.77,2390666,38132784.00
2024/05/09,14.73,14.97,14.73,14.93,1949281,31206746.00
2024/05/10,14.94,15.00,14.67,14.71,2346899,37172644.00
2024/05/13,14.71,15.00,14.52,14.90,2934750,46650692.00
2024/05/14,14.92,15.22,14.86,15.04,2601064,41878708.00
2024/05/15,15.05,15.05,14.76,14.83,2388250,38040492.00
2024/05/16,14.84,14.90,14.68,14.68,2344867,37217588.00
2024/05/17,14.76,14.79,14.57,14.74,2159966,33131176.00
2024/05/20,14.69,15.12,14.67,15.08,2820368,44048284.00
2024/05/21,15.03,15.11,14.89,14.95,1221352,19056070.00
2024/05/22,14.96,15.06,14.88,15.05,1385242,21650162.00
2024/05/23,15.10,15.33,14.94,15.00,3215126,50805740.00
2024/05/24,14.94,15.03,14.66,14.66,1845663,28557370.00
2024/05/27,14.83,15.05,14.60,14.85,1680264,25908328.00
2024/05/28,14.88,14.98,14.74,14.76,1142777,17672984.00
2024/05/29,14.76,14.90,14.67,14.80,1151264,17788994.00
2024/05/30,14.81,14.88,14.59,14.59,1372680,21036280.00
2024/05/31,14.66,14.87,14.61,14.87,1543931,23788752.00
2024/06/03,14.94,14.94,14.58,14.68,1547879,23830590.00
2024/06/04,14.78,14.96,14.54,14.96,1841445,28400012.00
2024/06/05,14.96,15.31,14.76,14.77,3300337,51913548.00
2024/06/06,14.64,14.79,14.11,14.26,3296116,49681468.00
2024/06/07,14.32,14.59,14.32,14.50,1255267,18952846.00
2024/06/11,14.43,14.43,14.06,14.29,1697130,25200686.00
2024/06/12,14.35,14.56,14.30,14.54,1371837,20699162.00
2024/06/13,14.44,14.66,14.44,14.62,1530822,23298980.00
2024/06/14,14.56,14.68,14.47,14.63,2127557,32422380.00
2024/06/17,14.71,14.91,14.59,14.72,1599433,24671246.00
2024/06/18,14.67,14.89,14.67,14.87,1334715,20640348.00
2024/06/19,14.85,14.91,14.59,14.73,1278626,19649218.00
2024/06/20,14.60,14.77,14.39,14.39,1111628,16883464.00
2024/06/21,14.37,14.51,14.30,14.41,965693,14541259.00
2024/06/24,14.35,14.48,13.90,13.91,1650870,24379648.00
2024/06/25,14.01,14.13,13.90,13.90,914511,13402386.00
2024/06/26,13.87,14.20,13.83,14.18,1185176,17372422.00
2024/06/27,14.17,14.20,13.95,13.95,881889,12987242.00
2024/06/28,13.96,14.18,13.88,13.93,865965,12722949.00
2024/07/01,13.96,14.10,13.80,14.08,877716,12828184.00
2024/07/02,14.11,14.13,13.93,14.04,841994,12358317.00
2024/07/03,14.07,14.10,13.93,13.94,621750,9090455.00
2024/07/04,13.81,14.00,13.47,13.47,1283200,18356782.00
2024/07/05,13.48,13.53,13.34,13.46,1022675,14387758.00
2024/07/08,13.46,13.47,13.17,13.18,1010407,14073172.00
2024/07/09,12.97,13.42,12.97,13.38,1047758,14578047.00
2024/07/10,13.56,15.34,13.45,14.91,8456234,127493488.00
2024/07/11,14.53,15.12,14.49,14.77,7005999,107581760.00
2024/07/12,14.74,15.24,14.61,14.85,5861054,91413208.00
2024/07/15,14.60,14.71,14.02,14.08,4150138,61976812.00
2024/07/16,14.08,14.15,13.76,13.93,2178855,31643028.00
2024/07/17,13.93,13.93,13.76,13.85,1279004,18503548.00
2024/07/18,13.81,13.94,13.64,13.93,1690077,24457098.00
2024/07/19,13.93,14.17,13.78,14.11,1809295,26582322.00
2024/07/22,13.98,14.44,13.98,14.20,1781045,26462654.00
2024/07/23,14.24,14.32,13.92,13.96,1501997,22219878.00
2024/07/24,13.95,14.09,13.77,13.80,974709,14148610.00
2024/07/25,13.67,13.98,13.66,13.87,850837,12335809.00
2024/07/26,13.96,14.24,13.87,14.21,1489738,22003512.00
2024/07/29,14.31,14.31,14.08,14.13,634453,9379182.00
2024/07/30,14.06,14.21,13.99,14.15,829296,12229457.00
2024/07/31,14.15,14.51,14.07,14.50,2304928,34614284.00
2024/08/01,14.54,14.69,14.46,14.58,1593978,24273208.00
2024/08/02,14.54,14.66,14.47,14.57,1523307,23201284.00
2024/08/05,14.49,14.71,14.22,14.25,1475856,22248350.00
2024/08/06,14.42,14.50,14.31,14.40,1052131,15816791.00
2024/08/07,14.34,14.44,14.29,14.31,926165,13886501.00
2024/08/08,14.31,14.45,14.15,14.32,1053600,15757691.00
2024/08/09,14.45,14.51,14.23,14.23,700415,10484904.00
2024/08/12,14.34,14.40,14.09,14.26,825015,12278469.00
2024/08/13,14.21,14.46,14.21,14.42,878815,13171743.00
2024/08/14,14.51,14.51,14.33,14.44,664101,10005421.00
2024/08/15,14.42,14.58,14.32,14.48,784690,11866536.00
2024/08/16,14.47,14.65,14.45,14.60,1056495,16093386.00
2024/08/19,14.56,14.73,14.54,14.58,1167897,17869638.00
2024/08/20,14.52,14.60,14.30,14.37,1214280,18288384.00
2024/08/21,14.16,14.34,14.13,14.24,1199344,17817694.00
2024/08/22,14.27,14.36,14.15,14.20,925540,13794935.00
2024/08/23,14.34,14.34,13.68,13.74,1526903,22271702.00
2024/08/26,13.74,14.19,13.70,14.12,1616478,23758752.00
2024/08/27,14.08,14.16,13.94,13.99,688044,10095287.00
2024/08/28,14.03,14.07,13.84,13.87,640329,9338549.00
2024/08/29,13.80,13.99,13.70,13.94,774334,11273734.00
2024/08/30,13.81,14.30,13.81,14.13,1661120,24598992.00
2024/09/02,14.13,14.23,13.71,13.72,1694658,24622646.00
2024/09/03,13.66,13.86,13.66,13.77,849200,12227175.00
2024/09/04,13.69,13.89,13.64,13.83,800287,11549856.00
2024/09/05,13.89,13.99,13.78,13.89,633044,9198923.00
2024/09/06,13.82,13.98,13.69,13.69,813252,11736481.00
2024/09/09,13.68,13.77,13.52,13.52,738475,10531968.00
2024/09/10,13.52,13.66,13.40,13.58,826878,11716874.00
2024/09/11,13.51,13.67,13.51,13.64,456320,6504210.50
2024/09/12,13.70,13.88,13.56,13.59,879826,12645562.00
2024/09/13,13.65,13.65,13.46,13.46,527911,7491390.50
2024/09/18,13.46,13.55,13.18,13.26,668165,9318398.00
2024/09/19,13.32,13.66,13.26,13.56,1071190,15155527.00
2024/09/20,13.56,13.58,13.36,13.44,646372,9098432.00
2024/09/23,13.56,13.62,13.33,13.44,513623,7252178.00
2024/09/24,13.51,14.56,13.44,14.44,4134334,61141936.00
2024/09/25,14.31,14.53,14.09,14.18,4398872,65852776.00
2024/09/26,14.08,14.33,14.07,14.31,2778064,41233016.00
2024/09/27,14.53,15.02,14.37,14.92,5489436,84224408.00
2024/09/30,15.42,17.36,15.21,16.66,15122364,253847072.00
2024/10/08,19.18,19.46,16.73,17.94,19455400,361694912.00
2024/10/09,17.23,17.23,15.74,15.74,10828651,185898192.00
2024/10/10,16.00,17.37,15.74,16.51,9069123,156327360.00
2024/10/11,16.52,16.82,15.63,15.82,5449729,91750056.00
2024/10/14,15.82,16.05,15.45,15.98,3907371,64261996.00
2024/10/15,15.82,15.99,15.46,15.50,3940140,64515472.00
2024/10/16,15.39,15.71,15.34,15.48,2469657,39896584.00
2024/10/17,15.61,15.68,15.24,15.24,2734961,43995680.00
2024/10/18,15.26,16.20,15.21,16.00,6112774,100571528.00
2024/10/21,16.16,16.44,16.08,16.20,5755413,97190928.00
2024/10/22,16.12,16.21,15.93,16.12,3450395,57670492.00
2024/10/23,16.01,16.24,15.89,16.03,3854004,64413896.00
2024/10/24,16.04,16.14,15.84,15.93,2669577,44273732.00
2024/10/25,15.91,16.19,15.91,16.08,2978106,49684456.00
2024/10/28,16.16,16.43,15.97,16.41,4846136,81947312.00
2024/10/29,16.51,16.89,16.32,16.32,5945736,102367088.00
2024/10/30,16.36,16.37,15.96,16.19,3065489,51486372.00
2024/10/31,16.26,16.35,16.03,16.25,3160203,53246608.00
2024/11/01,16.25,16.27,15.80,15.80,3499381,58126492.00
2024/11/04,15.71,16.01,15.71,16.01,1718990,28525872.00
2024/11/05,15.99,16.40,15.97,16.34,3328696,56250220.00
2024/11/06,16.42,16.43,16.12,16.19,3779350,63920536.00
2024/11/07,16.25,16.36,16.04,16.36,4696142,79391672.00
2024/11/08,16.49,16.55,16.17,16.21,5249076,89246808.00
2024/11/11,16.23,16.44,16.14,16.44,4580431,77710680.00
2024/11/12,16.45,16.64,16.20,16.34,4962529,84918656.00
2024/11/13,16.34,16.52,16.21,16.52,3710066,63167108.00
2024/11/14,16.56,16.56,16.07,16.10,3681567,62315860.00
2024/11/15,16.07,16.28,15.92,15.96,2360976,39545272.00
2024/11/18,16.11,16.14,15.61,15.65,2776153,45757836.00
2024/11/19,15.71,16.01,15.63,15.99,2352214,38758540.00
2024/11/20,15.98,16.16,15.91,16.13,2091108,34910276.00
2024/11/21,16.13,16.27,16.03,16.23,1960281,33017702.00
2024/11/22,16.23,16.30,15.61,15.62,2679400,44462864.00
2024/11/25,15.64,15.86,15.56,15.82,1876662,30697684.00
2024/11/26,15.82,15.85,15.48,15.49,2827295,46037204.00
2024/11/27,15.46,15.52,15.03,15.47,3952795,62822716.00
2024/11/28,15.48,15.65,15.43,15.44,2192200,35475848.00
2024/11/29,15.44,15.74,15.40,15.67,2303600,37421168.00
2024/12/02,15.68,16.07,15.62,16.06,2984042,49423008.00
2024/12/03,16.14,16.17,15.87,16.02,2244987,37293148.00
2024/12/04,15.87,16.04,15.72,15.82,2146200,35428568.00
2024/12/05,15.78,15.97,15.77,15.92,1713675,28333362.00
2024/12/06,15.90,16.01,15.83,15.96,2087518,34601708.00
2024/12/09,15.97,15.99,15.77,15.92,2040251,33733192.00
2024/12/10,16.23,16.33,15.89,15.92,3282250,54890684.00
2024/12/11,15.87,16.04,15.84,15.93,1871465,31071360.00
2024/12/12,15.95,16.01,15.88,16.01,1918108,31836456.00
2024/12/13,15.96,15.98,15.76,15.76,2389398,39363448.00
2024/12/16,15.77,15.90,15.56,15.65,2101714,34408892.00
2024/12/17,15.65,15.70,15.34,15.39,2039083,32866338.00
2024/12/18,15.39,15.49,15.34,15.36,1596985,25646234.00
2024/12/19,15.31,15.44,15.19,15.38,1597188,25432634.00
2024/12/20,15.38,15.54,15.31,15.45,1418335,22819212.00
2024/12/23,15.44,15.50,15.04,15.05,2196152,34847028.00
2024/12/24,15.05,15.28,15.03,15.11,1543164,24332578.00
2024/12/25,15.11,15.11,14.85,15.02,1744216,27228956.00
2024/12/26,15.03,15.12,15.02,15.03,1039258,16321035.00
2024/12/27,15.11,15.17,14.97,15.10,1338479,21060126.00
2024/12/30,15.11,15.54,14.94,15.07,1968604,31063572.00
2024/12/31,15.07,15.13,14.70,14.71,1857548,28812004.00
2025/01/02,14.67,14.89,14.24,14.31,1856408,28144846.00
2025/01/03,14.43,14.54,14.03,14.05,1543616,23043088.00
2025/01/06,13.96,14.25,13.88,14.17,1467096,21627758.00
2025/01/07,14.17,14.31,14.01,14.19,1031332,15259352.00
2025/01/08,14.08,14.32,13.78,14.10,1674573,24596398.00
2025/01/09,13.97,14.15,13.96,14.04,932019,13712547.00
2025/01/10,14.05,14.20,13.69,13.71,1364339,19960240.00
2025/01/13,13.62,13.85,13.52,13.76,1466701,20974990.00
2025/01/14,13.81,14.23,13.78,14.21,1754767,25759660.00
2025/01/15,14.18,14.24,14.10,14.21,1060099,15694809.00
2025/01/16,14.24,14.41,14.07,14.18,1291500,19228336.00
2025/01/17,14.18,14.27,14.10,14.23,942900,13993913.00
2025/01/20,14.35,14.45,14.26,14.32,1099000,16451518.00
2025/01/21,14.34,14.37,14.18,14.29,791800,11802939.00
2025/01/22,14.27,14.30,14.16,14.26,655202,9744471.00
2025/01/23,14.28,14.52,14.21,14.22,1242096,18633056.00
2025/01/24,14.21,14.39,14.16,14.36,1088335,16259688.00
2025/01/27,14.42,14.55,14.26,14.26,1139261,17148274.00
2025/02/05,14.54,14.54,14.25,14.31,1284502,19217480.00
2025/02/06,14.22,14.51,14.22,14.51,1318586,19868870.00
2025/02/07,14.46,14.71,14.41,14.60,2026687,30939344.00
2025/02/10,14.61,14.70,14.55,14.60,1512100,23057956.00
2025/02/11,14.66,14.66,14.48,14.55,1219855,18518580.00
2025/02/12,14.55,14.64,14.51,14.63,1275533,19427130.00
2025/02/13,14.65,14.67,14.45,14.45,1314664,19935116.00
2025/02/14,14.48,14.53,14.43,14.50,1203280,18187720.00
2025/02/17,14.53,14.59,14.44,14.52,1460150,22125378.00
2025/02/18,14.56,14.59,14.28,14.34,1698702,25676304.00
2025/02/19,14.34,14.55,14.27,14.54,1406484,21222282.00
2025/02/20,14.57,14.71,14.49,14.67,1952628,29755834.00
2025/02/21,14.72,14.72,14.54,14.68,1535645,23446436.00
2025/02/24,14.69,14.70,14.55,14.63,1496572,22833012.00
2025/02/25,14.58,14.69,14.53,14.58,1205018,18391624.00
2025/02/26,14.58,14.82,14.58,14.72,2158372,33143182.00
2025/02/27,14.75,14.76,14.45,14.65,2069661,31543608.00
2025/02/28,14.66,14.66,14.31,14.37,2162264,32650464.00
2025/03/03,14.37,14.54,14.37,14.39,1478700,22321812.00
2025/03/04,14.39,14.61,14.29,14.60,1613745,24477232.00
2025/03/05,14.61,14.68,14.44,14.51,1143358,17328264.00
2025/03/06,14.56,14.71,14.52,14.67,1703400,26037818.00
2025/03/07,14.64,14.75,14.58,14.65,1168900,17882144.00
2025/03/10,14.68,14.78,14.65,14.76,1418616,21800066.00
2025/03/11,14.67,14.79,14.58,14.79,1219425,18733002.00
2025/03/12,14.88,14.88,14.72,14.72,1134000,17458818.00
2025/03/13,14.67,14.80,14.59,14.72,1482109,22668042.00
2025/03/14,14.68,14.88,14.65,14.87,2268479,35003728.00
2025/03/17,14.91,15.12,14.82,15.03,2578844,40363012.00
2025/03/18,15.03,15.52,14.96,15.34,5284274,84384464.00
2025/03/19,15.28,16.26,15.19,16.09,10639934,175315120.00
2025/03/20,15.98,16.11,15.63,15.76,6326688,104004728.00
2025/03/21,15.67,15.96,15.67,15.82,5020860,82556328.00
2025/03/24,15.55,16.11,15.52,15.99,7810135,128730784.00
2025/03/25,15.92,16.56,15.84,16.14,8067215,136050320.00
2025/03/26,16.05,16.16,15.94,15.97,4314344,71882120.00
2025/03/27,15.94,16.04,15.78,15.80,3323323,54994852.00
2025/03/28,15.74,15.96,15.65,15.73,2361797,38820652.00
2025/03/31,15.67,15.79,15.51,15.76,2479020,40399028.00
2025/04/01,15.73,15.85,15.66,15.73,2207101,36194952.00
2025/04/02,15.73,15.99,15.69,15.91,2123577,35094968.00
2025/04/03,15.77,16.07,15.73,16.01,3294220,54678852.00
2025/04/07,15.36,15.54,13.47,14.00,8280727,126375112.00
2025/04/08,13.97,14.67,13.97,14.22,6672903,99829280.00
2025/04/09,14.02,14.76,13.52,14.50,4603646,67876520.00
2025/04/10,14.63,15.12,14.62,14.71,3792881,58832920.00
2025/04/11,14.52,14.86,14.52,14.79,2199121,33888784.00
2025/04/14,14.90,14.99,14.70,14.74,2400076,37055876.00
2025/04/15,14.72,14.83,14.59,14.67,1414215,21638120.00
2025/04/16,14.67,14.76,14.41,14.52,1691960,25677052.00
2025/04/17,14.53,14.58,14.45,14.46,1730275,26210268.00
2025/04/18,14.45,14.48,14.27,14.33,1380317,20704958.00
2025/04/21,14.37,14.50,14.25,14.50,1603784,24083982.00
2025/04/22,14.49,14.56,14.42,14.51,1078800,16337628.00
2025/04/23,14.44,14.63,14.44,14.55,1493252,22684102.00
2025/04/24,14.57,14.65,14.43,14.55,1468240,22299456.00
2025/04/25,14.55,14.72,14.49,14.68,1751694,26738314.00
2025/04/28,14.59,14.59,13.53,13.56,6591870,94727408.00
2025/04/29,13.54,13.85,13.49,13.79,2470400,35561888.00
2025/04/30,13.76,13.86,13.69,13.73,1862706,26806806.00
2025/05/06,13.80,14.06,13.74,14.05,2223400,32423658.00
2025/05/07,14.11,14.26,13.99,14.06,1920364,28320916.00
2025/05/08,14.08,14.34,14.02,14.32,1939018,28854792.00
2025/05/09,14.46,14.52,14.13,14.22,2437200,36250824.00
2025/05/12,14.32,14.78,14.28,14.58,3362523,50921600.00
2025/05/13,14.79,14.96,14.58,14.88,3785078,58333280.00
2025/05/14,14.83,17.98,14.74,17.98,32700710,579053120.00
2025/05/15,19.88,20.79,17.96,18.16,47134897,944241856.00
2025/05/16,18.16,18.36,16.85,17.14,30917627,551052224.00
2025/05/19,16.70,17.12,16.46,16.85,19501606,329819648.00
2025/05/20,16.56,16.68,16.20,16.65,14598941,242885632.00
2025/05/21,16.50,16.52,16.21,16.29,10307386,170641504.00
2025/05/22,16.11,16.55,16.02,16.34,8785964,145143488.00
2025/05/23,16.20,16.45,15.85,15.97,8145517,133380448.00
2025/05/26,15.90,16.20,15.86,16.13,4700953,76473072.00
2025/05/27,16.14,16.51,16.05,16.42,7626319,126114768.00
2025/05/28,16.39,16.39,15.95,16.00,5468535,89242136.00
2025/05/29,16.02,16.27,15.98,16.24,5114596,83826408.00
2025/05/30,16.15,16.42,16.02,16.08,4806508,78669696.00
2025/06/03,16.00,16.36,15.96,16.35,5724169,94087328.00
2025/06/04,16.35,16.35,16.02,16.09,5939144,97144632.00
2025/06/05,16.08,16.22,16.02,16.20,4518901,73739600.00
2025/06/06,16.22,16.71,16.10,16.50,8852917,147597696.00
2025/06/09,16.59,16.63,16.40,16.54,5859170,97843704.00
2025/06/10,16.54,16.56,15.94,16.17,6451586,105844816.00
2025/06/11,16.10,16.28,16.10,16.20,3429588,56253456.00
2025/06/12,16.13,16.20,16.02,16.17,3391901,55279176.00
2025/06/13,16.06,16.15,15.64,15.67,5515474,88490624.00
2025/06/16,15.68,15.84,15.66,15.82,2230148,35624808.00
2025/06/17,15.80,15.91,15.71,15.78,2590349,41410652.00
2025/06/18,15.81,15.84,15.49,15.65,2832792,44808596.00
2025/06/19,15.68,15.68,15.25,15.26,2912386,45430952.00
2025/06/20,15.25,15.52,15.25,15.34,2399370,37377656.00
2025/06/23,15.35,15.96,15.18,15.80,6198778,98267856.00
2025/06/24,15.50,15.91,15.50,15.90,4719844,75249264.00
2025/06/25,15.84,15.92,15.71,15.79,3166290,50613792.00
2025/06/26,15.84,15.89,15.62,15.62,3140000,50144920.00
2025/06/27,15.73,15.77,15.61,15.68,1864298,29627872.00
2025/06/30,15.70,15.83,15.64,15.82,2224601,35474048.00
2025/07/01,15.82,15.90,15.78,15.87,2111700,33877296.00
2025/07/02,15.96,16.36,15.96,16.34,10256109,168173792.00
2025/07/03,16.34,16.34,16.09,16.14,5042288,82460544.00
2025/07/04,16.18,16.19,15.88,15.89,3878356,62895996.00
2025/07/07,15.85,15.99,15.82,15.94,2053100,33077300.00
2025/07/08,15.94,16.17,15.93,16.12,3011300,49009936.00
2025/07/09,16.12,16.23,16.07,16.17,3924107,64198736.00
2025/07/10,16.23,16.24,16.13,16.15,2706631,44319300.00
2025/07/11,16.19,16.21,16.06,16.16,3096649,50565172.00
2025/07/14,16.16,16.44,16.16,16.26,3440559,56740892.00
2025/07/15,16.29,16.31,15.98,16.10,2724805,44427060.00
2025/07/16,16.10,16.25,16.09,16.24,2286100,37430020.00
2025/07/17,16.25,16.36,16.19,16.27,2268300,37340284.00
2025/07/18,16.34,17.29,16.22,16.82,12385114,210131904.00
2025/07/21,16.94,17.08,16.67,16.97,16917682,289410432.00
2025/07/22,17.06,17.06,16.73,16.93,7223471,123203352.00
2025/07/23,16.87,17.08,16.80,16.88,7968172,136615824.00
2025/07/24,16.87,17.25,16.87,17.25,8403538,145212192.00
2025/07/25,17.25,17.44,17.05,17.20,7098575,123805264.00
2025/07/28,17.13,17.18,16.83,16.87,6450700,110314672.00
2025/07/29,16.92,17.14,16.84,17.12,6114700,104928360.00
2025/07/30,17.12,17.12,16.80,16.87,4772400,81808800.00
2025/07/31,16.87,16.97,16.71,16.79,4579167,78089232.00
2025/08/01,16.86,17.07,16.78,17.01,4326860,74103264.00
2025/08/04,16.95,17.08,16.83,16.99,2917994,50106032.00
2025/08/05,17.00,17.30,16.99,17.29,5405807,93699080.00
2025/08/06,17.29,17.40,17.10,17.15,5032101,87523208.00
2025/08/07,17.22,17.22,16.99,17.04,3652989,63032968.00
2025/08/08,16.96,17.40,16.93,17.10,4452502,77265944.00
2025/08/11,17.06,17.25,16.94,16.94,5746044,99331208.00
2025/08/12,17.03,17.33,16.94,17.09,5969279,103322864.00
2025/08/13,17.04,17.26,17.04,17.09,4601191,79700512.00
2025/08/14,17.08,17.20,16.67,16.72,5499701,94090256.00
2025/08/15,16.72,17.55,16.71,17.39,8951194,155966864.00
2025/08/18,17.50,17.91,17.39,17.78,7484987,134175584.00
2025/08/19,17.75,18.83,17.67,18.33,11983416,224252208.00
2025/08/20,18.16,18.40,18.11,18.39,5617000,103693464.00
2025/08/21,18.35,18.46,17.92,18.04,4888300,89737432.00
2025/08/22,18.05,18.13,17.72,17.79,5836330,105318448.00
2025/08/25,17.84,17.94,17.37,17.64,8786303,156129488.00
2025/08/26,17.57,18.99,17.49,18.56,13732456,254782032.00
2025/08/27,18.56,19.48,18.39,18.80,14317794,274174176.00
2025/08/28,18.75,19.00,18.11,18.52,8004377,149975392.00
2025/08/29,18.46,18.66,18.33,18.48,4810889,89923520.00
2025/09/01,18.60,18.96,18.35,18.47,4937938,92556552.00
2025/09/02,18.44,18.52,17.73,17.97,5390805,97982472.00
2025/09/03,17.98,18.09,17.24,17.27,4962800,87772664.00
2025/09/04,17.23,17.45,16.75,17.01,4228490,73237032.00
2025/09/05,17.00,17.36,16.98,17.36,2965400,51537680.00
2025/09/08,17.34,18.58,17.25,18.55,7785586,142643920.00
2025/09/09,18.50,18.50,17.80,17.90,4494664,81762600.00
2025/09/10,17.90,18.02,17.64,17.69,2920774,52540140.00
2025/09/11,17.73,17.88,17.46,17.87,3080804,55083100.00
2025/09/12,17.86,17.94,17.50,17.53,3134871,55971788.00
2025/09/15,17.57,17.67,17.26,17.32,2896700,50956256.00
2025/09/16,17.33,17.87,17.33,17.61,3461836,61599552.00
2025/09/17,17.63,17.63,17.35,17.38,2499536,44083532.00
2025/09/18,17.55,17.87,17.15,17.35,7042728,124433968.00
2025/09/19,17.27,17.40,16.90,17.07,3577100,61951088.00
2025/09/22,17.07,17.14,16.60,16.69,3373827,57291892.00
2025/09/23,16.65,16.74,16.04,16.44,3812800,62846832.00
2025/09/24,16.41,16.55,16.27,16.44,2368000,39411188.00
2025/09/25,16.55,16.63,16.35,16.41,2564439,42796400.00
2025/09/26,16.59,16.60,16.34,16.42,2149880,35821548.00
2025/09/29,16.39,16.46,16.08,16.41,2044700,33713800.00
2025/09/30,16.48,16.50,16.36,16.42,1694528,28186664.00
2025/10/09,16.48,17.07,16.33,16.93,4644009,78979672.00
2025/10/10,16.74,16.99,16.71,16.89,3133803,53558560.00
2025/10/13,16.59,16.99,16.21,16.92,3147307,53275308.00
2025/10/14,16.92,17.26,16.70,16.85,4080639,69952544.00
2025/10/15,16.80,16.92,16.67,16.90,2178960,37070380.00
2025/10/16,16.78,18.01,16.78,17.13,5655086,99330952.00
2025/10/17,17.05,17.18,16.56,16.56,3217150,54648692.00
2025/10/20,16.68,16.83,16.60,16.80,1548836,26265640.00
2025/10/21,16.87,16.95,16.77,16.88,1918903,32752154.00
2025/10/22,16.81,16.93,16.76,16.80,1627271,27716056.00
2025/10/23,16.76,17.09,16.31,17.02,3196332,54524700.00
2025/10/24,16.95,17.00,16.80,16.83,2954613,50473724.00
2025/10/27,16.89,17.02,16.83,16.98,2170800,37230156.00
2025/10/28,16.98,17.03,16.88,16.90,1797813,30829530.00
2025/10/29,16.87,16.99,16.73,16.82,1680392,28561926.00
2025/10/30,16.77,16.85,16.57,16.57,2315163,39050348.00
2025/10/31,16.56,16.77,16.53,16.72,1251400,21125050.00
2025/11/03,16.72,16.83,16.69,16.81,1487103,25230186.00
2025/11/04,16.85,17.03,16.62,16.72,2443938,41616180.00
2025/11/05,16.59,16.75,16.54,16.69,2057261,34666620.00
2025/11/06,16.67,16.90,16.63,16.82,1598515,27130532.00
2025/11/07,16.85,16.90,16.71,16.80,1768845,30156422.00
2025/11/10,16.89,16.90,16.73,16.83,1932040,32843964.00
2025/11/11,16.91,16.97,16.79,16.96,2260924,38658624.00
2025/11/12,16.99,17.02,16.70,16.74,2023689,34391380.00
2025/11/13,16.74,16.82,16.67,16.74,1405186,23803890.00
2025/11/14,16.73,17.09,16.67,16.83,2933001,49993708.00
2025/11/17,16.74,16.80,16.51,16.53,2770898,46518848.00
2025/11/18,16.46,16.57,15.96,16.11,4749158,77743400.00
2025/11/19,16.11,16.13,15.91,16.03,1722300,27902148.00
2025/11/20,16.03,16.22,15.96,16.22,2095801,34152408.00
2025/11/21,16.22,16.33,15.88,16.05,3316500,54056864.00
2025/11/24,16.06,16.20,15.72,15.88,2723263,43962156.00
2025/11/25,16.04,16.10,15.87,15.94,1521525,24673108.00
2025/11/26,15.92,16.20,15.92,16.01,1350300,21916724.00
2025/11/27,15.91,16.12,15.90,16.02,924300,14982479.00
2025/11/28,16.02,16.10,15.92,16.07,1124745,18258398.00
2025/12/01,16.07,16.17,16.01,16.11,1102410,17982222.00
2025/12/02,16.12,16.14,15.96,15.96,1129917,18335362.00
2025/12/03,15.97,15.98,15.78,15.86,1210200,19442676.00
2025/12/04,15.82,15.87,15.66,15.69,1257300,20008202.00
2025/12/05,15.68,15.93,15.61,15.92,1344602,21497360.00
2025/12/08,15.95,16.09,15.94,15.98,1425100,23100040.00
2025/12/09,15.97,16.00,15.82,15.82,1052000,16944576.00
2025/12/10,15.81,15.88,15.68,15.79,1113800,17777860.00
2025/12/11,15.77,15.89,15.60,15.60,1069600,17000616.00
2025/12/12,15.60,15.66,15.53,15.61,1362176,21504122.00
2025/12/15,15.59,15.68,15.52,15.64,1132282,17919474.00
2025/12/16,15.65,15.65,15.39,15.45,1027600,16100080.00
2025/12/17,15.52,15.54,15.21,15.44,1678156,26084820.00
2025/12/18,15.43,15.57,15.37,15.53,1008456,15825012.00
2025/12/19,15.60,15.78,15.48,15.71,1151854,18278750.00
2025/12/22,15.77,15.89,15.62,15.85,1317100,21092364.00
2025/12/23,15.99,15.99,15.68,15.71,1292900,20664226.00
2025/12/24,15.71,15.90,15.68,15.80,973637,15584425.00
2025/12/25,15.86,15.88,15.71,15.78,1256475,20125104.00
2025/12/26,15.91,15.91,15.70,15.72,1284263,20495820.00
2025/12/29,15.75,15.81,15.67,15.72,947600,15114560.00
2025/12/30,15.81,15.85,15.67,15.69,1053764,16781596.00
2025/12/31,15.71,15.76,15.55,15.69,1279677,20301782.00
2026/01/05,15.69,15.94,15.69,15.92,1582850,25422370.00
2026/01/06,15.96,16.09,15.89,15.94,1696614,27465098.00
2026/01/07,16.10,16.10,15.87,15.90,1819866,29421108.00
2026/01/08,15.85,16.07,15.85,16.05,1637358,26551562.00
2026/01/09,16.21,18.18,16.16,18.11,21980853,386605536.00
2026/01/12,17.98,18.48,17.42,18.25,16140977,290887200.00
2026/01/13,18.25,18.38,17.20,17.22,11690788,207710160.00
2026/01/14,17.21,17.73,17.18,17.36,7851370,138081136.00
2026/01/15,17.30,17.32,16.97,17.16,4504936,78043856.00
2026/01/16,17.16,18.04,17.16,17.57,8903048,159066432.00
2026/01/19,17.45,18.24,17.39,17.94,8096368,146541920.00
2026/01/20,17.89,17.93,17.51,17.76,4647100,83145488.00
2026/01/21,17.71,17.99,17.50,17.88,4135300,74484472.00
2026/01/22,17.91,19.24,17.80,18.60,15119193,284196096.00
2026/01/23,18.42,18.54,18.11,18.16,8571524,157924704.00
2026/01/26,18.16,18.18,17.78,17.94,5934689,107633016.00
2026/01/27,17.83,18.14,17.59,18.04,4440397,80093352.00
2026/01/28,17.96,18.06,17.65,17.74,2883100,51812500.00
2026/01/29,17.59,17.76,17.35,17.45,3619671,64276552.00
2026/01/30,17.36,17.68,17.32,17.54,2751000,48714552.00
2026/02/02,17.52,17.52,17.00,17.00,3693400,64477780.00
2026/02/03,17.14,17.39,17.13,17.38,3032485,53010024.00
2026/02/04,17.46,17.82,17.28,17.60,3423374,60940364.00
2026/02/05,17.60,17.86,17.50,17.63,2762800,49402752.00
2026/02/06,17.48,17.70,17.41,17.55,2098021,37336500.00
2026/02/09,17.75,18.15,17.54,18.04,4311536,77761344.00
2026/02/10,17.90,18.16,17.61,17.62,4556715,81924144.00
2026/02/11,17.70,17.75,17.57,17.68,1702900,30431430.00
2026/02/12,17.65,17.75,17.51,17.58,1890201,33753280.00
2026/02/13,17.51,17.81,17.51,17.68,2756832,49379816.00
2026/02/24,17.73,17.93,17.61,17.87,3155336,56865436.00
2026/02/25,17.90,18.08,17.77,17.95,2733800,49623168.00
2026/02/26,17.98,17.99,17.77,17.86,2676800,48252640.00
2026/02/27,17.86,18.31,17.80,18.06,5724045,104733184.00
2026/03/02,17.85,18.60,17.78,18.34,7961511,147220528.00
2026/03/03,18.43,18.76,17.98,18.06,8948339,165305088.00
2026/03/04,17.93,18.16,17.26,17.43,7635967,135858768.00
2026/03/05,17.50,17.77,17.30,17.67,3710900,66088416.00
2026/03/06,17.58,18.23,17.53,18.12,5206100,94503520.00
2026/03/09,18.13,18.22,17.68,18.02,5074012,92031184.00
2026/03/10,17.88,18.59,17.85,18.30,11199558,207062160.00
2026/03/11,18.38,18.55,18.16,18.54,6911472,128462912.00
2026/03/12,18.41,18.63,18.11,18.17,4358282,80511904.00
2026/03/13,18.05,18.15,17.80,17.85,2971622,54006492.00
2026/03/16,17.86,17.95,17.56,17.91,2442600,43874972.00
2026/03/17,17.99,17.99,17.18,17.35,3065912,54441232.00
2026/03/18,17.35,17.61,17.12,17.56,2432204,42565472.00
2026/03/19,17.43,17.62,17.00,17.09,2389737,41779248.00
2026/03/20,17.09,17.26,16.34,16.54,3310946,56110632.00
2026/03/23,16.49,16.49,14.90,14.96,5843437,91696904.00
2026/03/24,15.30,15.45,14.93,15.44,2980955,45921996.00
2026/03/25,15.45,15.78,15.44,15.73,2512474,39900780.00
2026/03/26,15.83,15.83,15.43,15.48,1819800,28721848.00
2026/03/27,15.36,15.60,15.25,15.56,1562600,24531412.00
2026/03/30,15.35,15.88,15.31,15.81,1840700,29224348.00
2026/03/31,15.80,16.01,15.71,15.71,1604100,25756208.00
2026/04/01,15.91,16.03,15.81,15.94,1419900,22859960.00
2026/04/02,15.92,16.03,15.45,15.55,2281214,36190760.00
2026/04/03,15.51,15.68,15.04,15.08,2169622,33410158.00
2026/04/07,15.08,15.38,15.03,15.33,1417500,21913662.00
2026/04/08,15.50,16.10,15.50,16.06,2924200,47158680.00
2026/04/09,15.94,16.16,15.85,15.95,2301500,37246068.00
2026/04/10,16.06,16.69,15.99,16.30,3298963,54794548.00
2026/04/13,16.29,16.40,16.03,16.08,1896493,30994740.00
2026/04/14,16.34,16.57,16.06,16.24,1965074,32188280.00
2026/04/15,16.31,16.85,16.25,16.50,2968057,49860320.00
2026/04/16,16.58,17.15,16.58,16.90,4603496,78708984.00
2026/04/17,16.90,16.96,16.63,16.82,2660600,45151052.00
2026/04/20,16.89,17.18,16.80,17.00,2194217,37801672.00
2026/04/21,16.92,17.04,16.71,16.77,1984800,33807360.00
2026/04/22,16.67,16.77,16.55,16.67,1908400,32139644.00
2026/04/23,16.67,16.70,16.42,16.50,2112300,35312540.00
2026/04/24,16.43,16.50,16.06,16.30,2476200,40630508.00
2026/04/27,16.39,16.61,16.27,16.57,1718893,28608018.00
2026/04/28,16.46,16.54,15.98,16.07,2030391,33184616.00
2026/04/29,16.10,16.57,16.03,16.42,2169600,36003216.00
2026/04/30,16.67,16.80,16.39,16.66,2118209,35610100.00
2026/05/06,16.69,16.87,16.60,16.64,2835107,47934212.00
2026/05/07,16.67,17.01,16.50,16.74,3100342,52599832.00
2026/05/08,16.78,17.04,16.55,16.97,3080379,51941920.00
2026/05/11,16.97,17.04,16.77,16.77,3438700,58038360.00
2026/05/12,16.84,17.08,16.54,16.57,2397800,40188788.00
2026/05/13,16.59,16.66,16.39,16.53,2145600,35481960.00
2026/05/14,16.61,16.61,16.27,16.27,2156200,35335272.00
2026/05/15,16.43,16.43,15.97,16.06,2837270,45859648.00
2026/05/18,16.16,16.23,15.89,16.00,1954117,31400516.00
2026/05/19,16.15,16.15,15.85,15.96,1657993,26513196.00
2026/05/20,15.97,15.97,15.70,15.82,1438677,22762136.00
2026/05/21,15.82,16.11,15.43,15.45,2153663,34155932.00
2026/05/22,15.59,15.87,15.36,15.69,1828537,28658424.00
2026/05/25,15.69,15.81,15.38,15.55,2550800,39631576.00
2026/05/26,15.49,15.62,14.97,15.22,2900627,44291000.00
2026/05/27,15.22,15.37,14.65,14.77,2575306,38347040.00
2026/05/28,14.72,14.95,14.55,14.71,1959720,28957994.00
2026/05/29,14.72,14.85,14.47,14.49,2067510,30288008.00
2026/06/01,14.49,14.71,14.25,14.65,1976807,28837802.00
2026/06/02,14.75,14.75,14.24,14.25,2056000,29604732.00
2026/06/03,14.25,14.36,14.02,14.11,1955664,27761668.00
2026/06/04,14.23,14.23,13.62,13.75,2007482,27842618.00
2026/06/05,13.75,14.15,13.70,13.92,1849527,25785402.00
2026/06/08,13.77,13.85,13.21,13.33,3248443,43802012.00
2026/06/09,13.46,13.52,13.27,13.50,1404400,18849640.00
2026/06/10,13.58,13.58,13.07,13.30,1614100,21428408.00
2026/06/11,13.10,13.37,12.98,13.15,1428000,18769948.00
2026/06/12,13.35,13.56,13.18,13.41,1517938,20403548.00
2026/06/15,13.45,13.75,13.39,13.49,2336498,31803838.00
2026/06/16,13.49,13.55,13.21,13.51,1865497,25023386.00
2026/06/17,13.65,13.65,13.19,13.27,1605200,21343800.00
2026/06/18,13.26,13.36,13.08,13.27,1305580,17302812.00
2026/06/22,13.26,13.27,12.74,13.27,2224791,28911298.00
2026/06/23,13.22,13.52,13.17,13.24,2247974,30081758.00
2026/06/24,13.27,13.35,13.00,13.11,1517446,19962822.00
2026/06/25,13.07,13.14,12.64,12.65,2736442,35101124.00
2026/06/26,12.65,12.66,12.21,12.27,2484807,30824712.00
2026/06/29,12.34,12.45,11.88,12.33,2379800,29044472.00
2026/06/30,12.35,12.40,12.11,12.16,1934432,23724808.00
2026/07/01,12.18,12.71,12.16,12.55,2092900,26170524.00
2026/07/02,12.52,12.85,12.52,12.55,1777300,22625696.00
2026/07/03,12.57,12.94,12.51,12.80,2020715,25940994.00
2026/07/06,12.79,12.98,12.70,12.81,1553100,20025848.00
2026/07/07,12.81,12.95,12.40,12.44,1636659,20593266.00
2026/07/08,12.48,12.62,12.23,12.24,993702,12291474.00
2026/07/09,12.20,12.36,12.03,12.26,1276700,15582842.00
2026/07/10,12.18,13.11,12.11,12.86,3266258,41812780.00
2026/07/13,12.66,12.82,12.17,12.23,2487100,30791798.00
2026/07/14,12.16,12.44,12.08,12.41,1791514,22005100.00
2026/07/15,12.41,12.59,12.34,12.53,1191837,14921859.00
2026/07/16,12.57,12.79,12.37,12.64,1576008,19944450.00
2026/07/17,12.62,12.76,12.21,12.28,2076592,26008434.00
2026/07/20,12.52,13.02,12.23,12.39,3260359,41153192.00
2026/07/21,12.36,12.60,12.17,12.54,3197528,39673060.00
2026/07/22,12.54,12.55,12.18,12.30,2332718,28769260.00
2026/07/23,12.20,12.91,12.20,12.73,2979292,37698864.00
2026/07/24,12.57,12.73,12.49,12.52,1296396,16364414.00
2026/07/27,12.50,12.78,12.48,12.69,1844841,23456658.00
2026/07/28,12.60,12.77,12.58,12.71,1336382,16939740.00
2026/07/29,12.76,13.00,12.69,12.98,2250118,29040766.00
2026/07/30,12.95,13.19,12.85,12.96,2630252,34325804.00
2026/07/31,12.98,13.28,12.98,13.26,2418538,31951310.00
2026/08/03,13.22,13.46,13.19,13.46,2370800,31707664.00
2026/08/04,13.56,14.19,13.47,14.04,6160600,85785176.00
2026/08/05,13.92,13.93,13.54,13.78,4876126,66661812.00
2026/08/06,13.59,13.70,13.23,13.37,3381102,45327140.00
2026/08/07,13.37,13.37,13.10,13.25,2216246,29277728.00
2026/08/10,13.26,13.40,13.20,13.35,2200900,29321644.00
2026/08/11,13.39,13.56,13.21,13.21,2193194,29168584.00
2026/08/12,13.15,13.36,13.11,13.29,1728300,22961368.00
2026/08/13,13.29,13.35,13.14,13.15,1589075,21022970.00
2026/08/14,13.13,13.21,13.03,13.09,1347861,17675188.00
2026/08/17,13.13,13.28,12.96,13.25,1326272,17508324.00
2026/08/18,13.20,13.27,13.07,13.14,1216104,15969088.00
2026/08/19,13.08,13.08,12.76,12.79,2015966,25937952.00
2026/08/20,12.78,13.16,12.78,13.09,1359352,17777398.00
2026/08/21,13.04,13.09,12.90,13.05,1074288,13977013.00
2026/08/24,12.91,13.21,12.72,12.82,1787154,22954288.00
2026/08/25,12.86,13.06,12.73,13.02,1332330,17295852.00
2026/08/26,13.07,13.23,12.97,13.14,1306624,17182954.00
2026/08/27,13.06,13.22,13.06,13.19,1193853,15709213.00
2026/08/28,13.20,13.35,13.18,13.28,1334215,17705100.00
2026/08/31,13.27,13.33,13.14,13.31,1049200,13889414.00
2026/09/01,13.19,13.39,13.19,13.34,1331000,17756452.00
2026/09/02,13.28,13.28,13.10,13.21,961000,12676830.00
2026/09/03,13.28,13.42,13.11,13.12,1138673,15067368.00
2026/09/04,13.15,13.26,12.99,13.09,1275000,16786148.00
2026/09/07,13.21,13.25,13.02,13.19,1419863,18701682.00
2026/09/08,13.19,13.40,13.16,13.36,1452947,19375188.00
2026/09/09,13.31,13.38,13.22,13.30,1406200,18720310.00
2026/09/10,13.26,13.78,13.10,13.48,4198005,56568272.00
2026/09/11,13.43,13.47,12.76,12.85,3834439,49508132.00
2026/09/14,12.80,13.03,12.76,12.84,1603562,20691612.00
#数据来源:通达信
