301113 雅艺科技 日线 前复权
      日期	    开盘	    最高	    最低	    收盘	    成交量	    成交额
2021/12/22,39.40,51.54,36.78,38.09,12434265,896473536.00
2021/12/23,32.37,33.98,30.01,30.01,10329492,574375936.00
2021/12/24,28.85,29.20,26.22,26.38,7727475,375195776.00
2021/12/27,25.85,28.50,25.60,26.99,6292363,300186368.00
2021/12/28,26.46,26.68,25.72,26.33,4322538,200916608.00
2021/12/29,26.04,27.15,25.70,27.01,4350374,204758240.00
2021/12/30,26.47,26.81,26.30,26.40,3578415,168342480.00
2021/12/31,26.02,26.57,26.02,26.04,2474260,115473648.00
2022/01/04,26.38,26.93,26.12,26.22,2868442,135003776.00
2022/01/05,26.10,26.10,24.20,24.30,3910234,172257920.00
2022/01/06,24.09,24.56,23.98,24.37,1802961,78315952.00
2022/01/07,24.30,24.92,23.89,23.95,2186069,94978080.00
2022/01/10,23.62,24.56,23.57,24.40,1495733,64664336.00
2022/01/11,24.47,24.92,24.18,24.24,1673306,73399136.00
2022/01/12,24.25,24.84,24.25,24.80,1653165,72428472.00
2022/01/13,24.69,24.91,24.32,24.32,1495814,65537828.00
2022/01/14,24.21,24.80,24.09,24.31,1557137,67876696.00
2022/01/17,24.22,24.47,24.00,24.24,1209796,52224756.00
2022/01/18,24.25,24.35,23.63,24.09,1775073,75783440.00
2022/01/19,24.07,24.37,23.79,24.11,1363329,58559072.00
2022/01/20,24.08,24.31,22.65,22.65,2053998,85606880.00
2022/01/21,22.61,22.90,21.58,21.96,1798120,71263136.00
2022/01/24,21.86,22.13,21.79,21.84,712100,27993500.00
2022/01/25,21.81,22.01,20.47,20.47,1549462,58592816.00
2022/01/26,20.54,20.89,20.48,20.70,878362,32697854.00
2022/01/27,20.67,20.82,19.89,19.95,1079716,39363148.00
2022/01/28,20.28,20.83,20.04,20.46,857912,31583774.00
2022/02/07,21.01,21.13,20.60,20.78,718400,26912220.00
2022/02/08,20.77,21.28,20.69,21.21,1066812,40349428.00
2022/02/09,21.27,21.42,21.09,21.33,776616,29673224.00
2022/02/10,21.37,21.42,20.85,20.95,742102,28096532.00
2022/02/11,21.00,21.11,20.36,20.57,839885,31336088.00
2022/02/14,20.36,21.28,20.36,20.96,948253,35835756.00
2022/02/15,20.97,21.13,20.82,21.01,556086,20978452.00
2022/02/16,21.13,21.98,21.06,21.98,1998194,77395528.00
2022/02/17,22.08,24.02,21.60,23.11,3906398,159164944.00
2022/02/18,22.48,22.58,21.89,22.30,2157804,85798120.00
2022/02/21,22.30,22.46,21.95,22.24,1223920,48695836.00
2022/02/22,22.24,22.30,21.53,21.53,1115819,43589192.00
2022/02/23,21.61,21.90,21.41,21.67,932899,36286584.00
2022/02/24,21.53,22.08,20.42,20.59,1685255,64229896.00
2022/02/25,20.89,21.60,20.86,21.17,1271100,48561136.00
2022/02/28,21.40,21.47,20.66,21.27,790244,29888770.00
2022/03/01,21.14,21.57,21.14,21.39,562145,21591528.00
2022/03/02,21.66,22.02,21.26,21.84,1140700,44482660.00
2022/03/03,21.84,21.87,21.43,21.58,891702,34606528.00
2022/03/04,21.43,21.72,21.07,21.32,764602,29414052.00
2022/03/07,21.42,21.42,20.86,21.06,580394,21995166.00
2022/03/08,21.13,21.14,19.60,19.65,1069945,39073352.00
2022/03/09,19.67,19.93,18.53,19.49,896449,31336314.00
2022/03/10,19.72,20.21,19.66,19.76,754254,27121172.00
2022/03/11,19.56,19.76,19.05,19.73,638097,22364474.00
2022/03/14,19.53,19.61,19.12,19.12,507700,17737712.00
2022/03/15,19.15,19.23,17.88,17.91,833829,27985746.00
2022/03/16,18.11,18.40,17.59,18.34,731800,24028268.00
2022/03/17,18.64,19.24,18.38,18.77,971940,33259676.00
2022/03/18,18.56,19.27,18.50,19.20,882100,30390160.00
2022/03/21,19.26,19.96,19.12,19.79,1062500,37663232.00
2022/03/22,19.71,20.66,19.50,20.17,1705575,62234396.00
2022/03/23,19.83,20.17,19.67,20.01,1022675,36699420.00
2022/03/24,20.11,23.08,19.56,21.60,4135319,157817840.00
2022/03/25,21.65,24.00,21.49,21.50,5107438,205648480.00
2022/03/28,19.85,20.70,19.65,19.87,3359365,121478112.00
2022/03/29,19.83,19.86,18.82,18.97,1764478,61610432.00
2022/03/30,18.97,19.94,18.97,19.16,1834600,64625292.00
2022/03/31,19.07,23.26,18.94,23.26,8281619,331202624.00
2022/04/01,23.26,25.20,22.71,23.62,9210143,394307808.00
2022/04/06,22.91,23.43,21.72,22.73,5989516,240716672.00
2022/04/07,22.31,22.83,21.78,22.13,3497080,139444160.00
2022/04/08,22.22,24.68,21.84,24.17,6846068,282981088.00
2022/04/11,23.44,23.47,21.90,22.83,4049440,163912864.00
2022/04/12,22.37,22.47,20.52,21.04,3193279,121735360.00
2022/04/13,20.73,20.83,19.40,19.91,2925722,104858464.00
2022/04/14,19.85,20.04,19.24,19.75,2214588,78401712.00
2022/04/15,19.43,19.47,18.41,18.51,2149948,73064096.00
2022/04/18,18.31,19.29,17.61,19.01,1771399,60042880.00
2022/04/19,19.06,20.02,18.83,19.81,2404700,85244552.00
2022/04/20,19.50,20.95,19.41,19.96,2771712,100270976.00
2022/04/21,19.96,20.83,19.65,20.65,3228800,118373600.00
2022/04/22,21.73,25.05,21.54,25.05,6727027,278303040.00
2022/04/25,25.24,25.24,21.90,22.08,6674713,279158688.00
2022/04/26,21.20,22.90,20.70,21.60,5033630,195473120.00
2022/04/27,20.54,20.59,18.88,20.15,3439549,123749568.00
2022/04/28,20.16,20.38,18.05,19.38,4302894,147610672.00
2022/04/29,18.94,20.62,18.56,20.04,3818009,132257912.00
2022/05/05,20.74,23.18,20.72,22.46,4991442,188722896.00
2022/05/06,21.49,24.24,21.49,22.85,5567151,221903568.00
2022/05/09,23.13,23.97,21.91,23.85,4877326,195021936.00
2022/05/10,23.26,24.17,22.57,23.07,4518842,180719760.00
2022/05/11,23.77,24.34,22.31,22.46,5533727,225696672.00
2022/05/12,22.25,27.07,22.25,27.07,10220487,442440864.00
2022/05/13,26.60,27.22,25.04,25.30,8639213,387907104.00
2022/05/16,24.96,25.79,24.71,25.08,4787024,208380240.00
2022/05/17,24.62,24.85,23.85,24.40,3734168,156463568.00
2022/05/18,24.40,26.63,23.38,25.95,7230489,317953152.00
2022/05/19,25.04,25.36,24.27,24.48,4633381,197753056.00
2022/05/20,24.50,26.33,23.73,25.61,6149321,268624512.00
2022/05/23,25.04,28.00,24.44,27.20,6681016,300913792.00
2022/05/24,26.57,28.40,26.04,26.16,6048374,282992000.00
2022/05/25,25.39,26.01,24.86,25.62,3742889,164454864.00
2022/05/26,25.56,25.70,24.15,25.39,3607990,155336112.00
2022/05/27,25.39,25.97,24.08,24.44,3555303,152557808.00
2022/05/30,24.19,24.19,22.50,23.10,3353582,134717936.00
2022/05/31,23.04,24.03,22.72,23.92,2832453,115629832.00
2022/06/01,23.67,24.76,23.44,23.62,2637041,109893488.00
2022/06/02,23.56,23.93,22.93,22.93,2306503,92891680.00
2022/06/06,22.97,24.44,22.97,24.28,2908180,119891528.00
2022/06/07,24.28,24.38,23.18,23.49,2346242,96057584.00
2022/06/08,23.49,23.76,22.12,22.54,2448089,96547840.00
2022/06/09,22.55,22.80,21.07,21.13,2310003,86991080.00
2022/06/10,21.01,21.76,21.01,21.55,1479723,55296752.00
2022/06/13,21.56,22.39,21.55,22.30,1890600,72397312.00
2022/06/14,22.28,22.95,22.04,22.38,2262815,88197992.00
2022/06/15,23.08,23.25,22.02,22.02,2077500,81068504.00
2022/06/16,21.78,22.20,21.70,21.99,1462633,55621876.00
2022/06/17,21.91,22.78,21.91,22.74,2333900,91215208.00
2022/06/20,22.95,23.79,22.50,23.78,2807704,113815256.00
2022/06/21,23.46,23.88,22.85,23.60,2505988,101335880.00
2022/06/22,23.48,23.48,22.64,22.64,1692900,67451168.00
2022/06/23,22.50,22.82,22.08,22.60,1357574,52789856.00
2022/06/24,22.44,23.66,22.44,23.58,2303811,92945856.00
2022/06/27,23.59,23.66,22.99,23.18,1637505,66005040.00
2022/06/28,23.17,23.43,22.89,23.18,1207200,48476052.00
2022/06/29,23.17,23.29,22.20,22.38,1873646,73453048.00
2022/06/30,22.47,24.43,22.47,23.38,3152549,128925776.00
2022/07/01,23.38,24.16,22.79,23.98,3083777,126141680.00
2022/07/04,23.66,24.41,23.54,23.94,2536220,105283400.00
2022/07/05,24.74,26.04,24.12,25.50,5270226,228543312.00
2022/07/06,24.85,26.62,24.46,25.81,4755078,209895696.00
2022/07/07,24.86,24.86,23.68,23.95,3442321,143850816.00
2022/07/08,23.61,24.40,23.48,24.08,1662959,69125440.00
2022/07/11,23.72,23.82,22.96,23.32,1749302,70585112.00
2022/07/12,23.14,23.38,22.33,22.34,1442139,56695480.00
2022/07/13,22.38,22.75,22.34,22.75,816564,31996542.00
2022/07/14,22.50,23.43,22.49,23.24,1214519,48541408.00
2022/07/15,23.67,23.96,22.67,22.67,1687090,67922304.00
2022/07/18,22.49,22.96,22.48,22.91,1121200,44269748.00
2022/07/19,22.78,23.18,22.73,23.01,1063412,42267596.00
2022/07/20,23.02,23.12,22.66,22.66,1286904,50786416.00
2022/07/21,22.54,22.78,22.23,22.24,1331982,51778440.00
2022/07/22,22.23,22.55,21.53,22.49,1441179,55255052.00
2022/07/25,22.73,22.89,22.33,22.47,1098691,43064560.00
2022/07/26,22.34,22.67,21.57,22.66,1104522,42461188.00
2022/07/27,22.47,23.14,22.34,22.96,1343913,53220196.00
2022/07/28,23.03,23.15,22.79,22.84,1146000,45543256.00
2022/07/29,22.70,22.70,21.79,21.79,1337252,51449252.00
2022/08/01,21.62,21.95,21.53,21.75,764800,28860274.00
2022/08/02,21.60,21.60,19.53,19.64,1721639,60272668.00
2022/08/03,19.98,20.44,19.29,19.41,1251987,43227620.00
2022/08/04,19.72,20.07,19.55,19.94,807859,27852352.00
2022/08/05,20.15,20.21,19.89,20.09,776489,27018556.00
2022/08/08,20.14,20.30,19.94,20.21,640136,22413068.00
2022/08/09,20.21,20.36,20.04,20.24,628677,22040596.00
2022/08/10,20.24,20.39,20.07,20.07,571184,20040932.00
2022/08/11,20.12,20.56,20.12,20.40,763420,26979158.00
2022/08/12,20.65,20.95,20.26,20.53,1223935,43771244.00
2022/08/15,20.43,20.67,20.13,20.36,881168,31046510.00
2022/08/16,20.41,20.83,20.36,20.60,792732,28405168.00
2022/08/17,20.63,22.61,20.63,22.15,2949187,111030520.00
2022/08/18,21.57,22.30,21.13,21.70,2155148,81031792.00
2022/08/19,21.56,22.72,21.42,22.09,1984703,76604480.00
2022/08/22,22.46,22.46,21.78,22.09,826800,31581068.00
2022/08/23,22.09,23.01,21.79,22.94,1826913,71406112.00
2022/08/24,22.67,24.14,22.59,23.25,3063503,124259720.00
2022/08/25,23.25,23.33,21.42,21.90,1935919,74411016.00
2022/08/26,21.86,23.95,21.60,23.12,2845246,113590888.00
2022/08/29,23.12,24.59,23.06,23.94,3005891,124534512.00
2022/08/30,23.83,25.44,23.16,23.24,3074315,129383320.00
2022/08/31,22.86,24.12,22.21,23.27,3077019,122251904.00
2022/09/01,22.89,23.02,22.04,22.08,1734108,67249944.00
2022/09/02,22.20,22.82,21.92,22.49,1099525,42722280.00
2022/09/05,22.54,23.97,22.27,23.62,2018695,81586744.00
2022/09/06,23.33,23.67,22.50,23.01,1422755,56386824.00
2022/09/07,22.85,24.42,22.73,23.66,2483093,101382544.00
2022/09/08,23.37,23.62,22.56,22.69,1865715,74313544.00
2022/09/09,22.53,22.57,20.93,20.94,2401180,89054552.00
2022/09/13,20.91,21.14,20.48,20.71,1237435,44567252.00
2022/09/14,20.69,21.01,20.30,20.65,1255153,44969012.00
2022/09/15,20.67,20.75,19.76,19.96,1528255,53340640.00
2022/09/16,20.13,20.44,19.36,19.39,1199371,41615792.00
2022/09/19,19.24,19.37,18.80,18.92,787000,26080180.00
2022/09/20,19.05,19.27,19.01,19.11,679635,22632658.00
2022/09/21,19.11,19.83,18.36,19.73,1630110,54843136.00
2022/09/22,19.54,19.85,19.24,19.32,1136161,38689748.00
2022/09/23,19.27,19.33,18.47,18.65,1145366,37519256.00
2022/09/26,18.40,19.83,18.21,19.46,1637093,54433908.00
2022/09/27,19.82,20.51,18.94,20.09,2316859,80429480.00
2022/09/28,19.87,21.19,19.66,20.53,3032505,108176560.00
2022/09/29,20.10,20.18,19.15,19.15,2300104,78615912.00
2022/09/30,18.99,19.15,18.05,18.09,1569038,50398256.00
2022/10/10,18.12,18.26,17.30,17.37,1030256,31776022.00
2022/10/11,16.88,17.38,16.84,17.08,896800,26631098.00
2022/10/12,16.95,17.33,16.47,17.30,925127,27386710.00
2022/10/13,16.81,17.62,16.81,17.42,973726,29482244.00
2022/10/14,17.76,17.96,17.46,17.57,1098409,33951796.00
2022/10/17,17.43,18.05,17.41,17.95,825900,25710968.00
2022/10/18,17.98,18.00,17.55,17.70,913842,28310996.00
2022/10/19,17.53,17.73,17.19,17.19,847558,25740196.00
2022/10/20,17.13,17.44,16.99,17.13,577900,17383668.00
2022/10/21,17.40,17.40,16.72,16.78,686155,20301694.00
2022/10/24,16.70,17.10,16.70,16.91,680872,20114080.00
2022/10/25,16.96,17.17,16.15,16.57,872353,25249966.00
2022/10/26,16.20,16.69,16.17,16.40,979881,28210534.00
2022/10/27,16.40,16.62,16.16,16.43,640977,18473752.00
2022/10/28,16.49,16.62,15.34,15.34,1041698,28757844.00
2022/10/31,15.09,15.83,15.08,15.68,617500,16878802.00
2022/11/01,15.73,16.14,15.66,16.09,566821,15855816.00
2022/11/02,16.27,16.32,16.04,16.14,517400,14662251.00
2022/11/03,16.15,16.29,16.08,16.27,496465,14085959.00
2022/11/04,16.29,16.73,16.29,16.60,692825,20028372.00
2022/11/07,17.15,17.15,16.57,16.95,964520,28404034.00
2022/11/08,16.93,17.43,16.75,16.97,953033,28404696.00
2022/11/09,16.83,17.15,16.83,16.87,713164,21166452.00
2022/11/10,16.93,17.11,16.76,17.11,703300,20742184.00
2022/11/11,17.19,17.38,17.02,17.04,1035283,31094442.00
2022/11/14,17.32,17.40,16.83,16.85,716291,21399010.00
2022/11/15,16.81,17.27,16.81,17.19,850800,25517730.00
2022/11/16,17.37,17.37,16.98,17.10,686600,20619258.00
2022/11/17,17.10,17.20,16.84,17.05,571032,16935932.00
2022/11/18,16.92,17.22,16.77,16.78,611118,18129458.00
2022/11/21,16.74,17.18,16.36,17.11,905200,26634736.00
2022/11/22,16.92,17.33,16.70,16.76,802932,23912476.00
2022/11/23,16.76,16.83,16.01,16.28,878100,25053376.00
2022/11/24,16.22,16.69,16.22,16.44,547900,15798823.00
2022/11/25,16.66,16.81,16.33,16.57,869900,25183848.00
2022/11/28,16.54,17.49,16.22,17.37,2569526,76683984.00
2022/11/29,17.16,17.36,17.13,17.25,1506788,45363448.00
2022/11/30,17.32,17.64,17.21,17.40,1528300,46566284.00
2022/12/01,17.30,17.51,17.15,17.15,1123100,33889008.00
2022/12/02,16.96,17.42,16.96,17.28,692800,20938732.00
2022/12/05,17.55,17.55,17.17,17.44,976196,29668896.00
2022/12/06,17.26,17.41,17.11,17.13,681931,20494760.00
2022/12/07,17.20,17.25,16.99,17.09,511600,15303524.00
2022/12/08,17.19,17.67,16.76,17.62,1843400,56055712.00
2022/12/09,17.49,17.61,16.99,17.12,1323183,39860032.00
2022/12/12,17.07,17.11,16.58,16.63,878137,25790192.00
2022/12/13,16.69,17.25,16.51,17.21,1384083,41182528.00
2022/12/14,17.15,17.25,16.69,16.88,799500,23624628.00
2022/12/15,16.83,16.95,16.60,16.68,578623,16922922.00
2022/12/16,16.69,16.69,16.26,16.30,665600,19074956.00
2022/12/19,16.22,16.31,15.62,15.66,665015,18519116.00
2022/12/20,15.67,15.99,15.67,15.75,272356,7550843.50
2022/12/21,15.78,15.78,15.30,15.43,457516,12442449.00
2022/12/22,15.43,15.65,15.13,15.17,416502,11236406.00
2022/12/23,15.17,15.56,15.17,15.35,445002,11966624.00
2022/12/26,15.36,15.64,15.36,15.57,238114,6492552.00
2022/12/27,15.57,15.71,15.36,15.55,259100,7046768.00
2022/12/28,15.53,15.54,14.98,14.98,540300,14361038.00
2022/12/29,14.88,15.03,14.66,14.66,456816,11930577.00
2022/12/30,14.74,15.01,14.62,14.85,362400,9468498.00
2023/01/03,14.86,15.24,14.84,15.23,469218,12396063.00
2023/01/04,15.24,15.57,15.12,15.34,517900,13988548.00
2023/01/05,15.41,15.44,15.21,15.39,324900,8739827.00
2023/01/06,15.50,15.69,15.28,15.33,421400,11389713.00
2023/01/09,15.60,15.60,15.29,15.43,275078,7449865.00
2023/01/10,15.50,15.50,15.22,15.31,231565,6229378.50
2023/01/11,15.48,15.48,15.14,15.15,287800,7722217.00
2023/01/12,15.15,15.39,15.10,15.15,234600,6267478.00
2023/01/13,15.21,15.32,15.10,15.19,323265,8623011.00
2023/01/16,15.21,15.48,15.16,15.44,318800,8608824.00
2023/01/17,15.54,15.56,15.29,15.32,343240,9258968.00
2023/01/18,15.33,15.85,15.33,15.73,597500,16413911.00
2023/01/19,15.75,15.84,15.69,15.80,368500,10172603.00
2023/01/20,15.69,15.89,15.64,15.75,404005,11167977.00
2023/01/30,15.99,16.06,15.89,15.99,606200,16971574.00
2023/01/31,15.99,16.08,15.86,16.03,325628,9119439.00
2023/02/01,16.07,16.25,16.02,16.24,567786,16097786.00
2023/02/02,16.24,16.41,16.19,16.27,442813,12631149.00
2023/02/03,16.44,16.45,15.93,16.14,444500,12567177.00
2023/02/06,16.11,16.25,15.87,16.14,329900,9333244.00
2023/02/07,16.14,16.43,16.14,16.40,460800,13165596.00
2023/02/08,16.40,16.47,16.22,16.27,330300,9439519.00
2023/02/09,16.19,16.38,16.16,16.37,381773,10902660.00
2023/02/10,16.98,17.05,16.38,16.57,1009016,29521706.00
2023/02/13,16.52,16.74,16.50,16.72,550000,16006212.00
2023/02/14,16.72,16.80,16.59,16.67,323400,9440782.00
2023/02/15,16.67,16.78,16.61,16.67,352497,10282585.00
2023/02/16,16.75,16.80,15.98,16.13,639283,18401604.00
2023/02/17,16.22,16.61,16.16,16.16,513627,14726438.00
2023/02/20,16.31,16.46,16.04,16.40,622300,17743896.00
2023/02/21,16.48,16.54,16.31,16.43,477580,13704192.00
2023/02/22,16.46,16.56,16.23,16.52,350548,10087976.00
2023/02/23,16.51,16.69,16.41,16.53,380400,11016414.00
2023/02/24,16.54,16.62,16.28,16.50,317700,9138869.00
2023/02/27,16.51,16.68,16.22,16.33,406100,11674176.00
2023/02/28,16.42,16.63,16.42,16.62,443500,12836118.00
2023/03/01,16.62,16.69,16.49,16.63,349300,10143843.00
2023/03/02,16.63,16.69,16.46,16.51,369800,10715360.00
2023/03/03,16.57,16.57,16.16,16.30,649700,18546244.00
2023/03/06,16.39,16.39,15.98,16.01,602884,17003492.00
2023/03/07,16.09,16.09,15.41,15.46,583299,16082850.00
2023/03/08,15.46,15.86,15.46,15.83,367200,10092285.00
2023/03/09,15.83,16.07,15.70,16.06,358018,9972144.00
2023/03/10,16.01,16.18,15.95,16.07,472662,13306356.00
2023/03/13,15.92,16.25,15.62,16.10,618100,17265704.00
2023/03/14,15.94,15.99,15.63,15.91,406900,11247849.00
2023/03/15,15.88,16.09,15.85,15.93,325980,9133554.00
2023/03/16,15.85,15.86,15.54,15.56,311483,8553413.00
2023/03/17,15.73,15.78,15.45,15.49,377928,10330237.00
2023/03/20,15.49,15.51,15.10,15.32,385100,10305215.00
2023/03/21,15.25,15.70,15.22,15.70,363000,9865809.00
2023/03/22,15.86,16.07,15.74,16.06,455883,12724242.00
2023/03/23,16.02,16.06,15.83,15.92,310428,8652832.00
2023/03/24,16.02,16.02,15.80,15.88,221000,6153248.00
2023/03/27,15.92,15.97,15.66,15.82,344183,9513084.00
2023/03/28,15.74,15.92,15.69,15.75,287200,7951399.00
2023/03/29,15.75,15.76,15.50,15.58,231100,6322127.00
2023/03/30,15.72,15.72,15.20,15.33,598923,16164519.00
2023/03/31,15.39,15.43,15.21,15.34,213400,5742217.00
2023/04/03,15.62,15.66,15.37,15.61,443400,12089311.00
2023/04/04,15.69,15.69,15.17,15.18,461823,12398276.00
2023/04/06,15.09,15.26,15.03,15.07,318762,8451010.00
2023/04/07,15.10,15.38,14.98,15.25,244500,6523808.00
2023/04/10,15.26,15.29,14.98,15.08,385500,10200913.00
2023/04/11,15.47,15.60,15.00,15.09,646135,17408904.00
2023/04/12,14.91,15.04,14.83,15.03,498400,13076001.00
2023/04/13,14.89,15.09,14.89,14.94,266300,7002916.00
2023/04/14,14.94,15.14,14.94,15.09,303412,8025927.00
2023/04/17,14.99,15.14,14.93,15.12,320400,8468773.00
2023/04/18,14.98,15.12,14.92,14.95,307100,8068978.00
2023/04/19,14.82,14.97,14.82,14.83,262100,6844148.00
2023/04/20,14.87,14.87,14.38,14.51,423900,10819325.00
2023/04/21,14.59,14.59,14.04,14.06,520816,13023242.00
2023/04/24,14.02,14.10,13.78,14.07,282700,6957002.00
2023/04/25,13.89,13.89,12.91,13.04,718356,16846814.00
2023/04/26,13.04,13.57,13.04,13.49,480800,11333077.00
2023/04/27,13.46,13.75,13.27,13.60,384700,9213370.00
2023/04/28,13.52,14.02,13.52,13.79,287162,6944382.50
2023/05/04,13.83,14.14,13.83,14.05,458177,11311223.00
2023/05/05,14.14,14.15,13.86,13.92,248615,6104953.00
2023/05/08,13.91,14.18,13.79,13.94,223600,5500118.00
2023/05/09,13.93,14.08,13.40,13.55,330700,7978671.00
2023/05/10,13.49,13.95,13.46,13.79,256400,6231022.00
2023/05/11,13.78,14.07,13.69,14.02,316100,7754086.00
2023/05/12,14.11,14.11,13.85,13.87,185100,4556960.00
2023/05/15,14.08,14.12,13.71,14.11,288977,7089493.00
2023/05/16,14.38,14.38,13.98,14.05,454400,11344745.00
2023/05/17,14.01,15.36,13.92,15.32,1902880,49530208.00
2023/05/18,15.32,15.88,14.71,15.82,2593324,70430952.00
2023/05/19,15.79,15.88,15.40,15.66,1231505,33814828.00
2023/05/22,15.56,15.70,15.31,15.58,827169,22447386.00
2023/05/23,15.69,15.79,15.44,15.52,704992,19289042.00
2023/05/24,15.45,15.79,15.45,15.60,582100,15978796.00
2023/05/25,15.51,15.74,15.39,15.69,529800,14491890.00
2023/05/26,15.70,16.05,15.44,15.47,768972,21203022.00
2023/05/29,15.24,15.62,15.24,15.35,506472,13679574.00
2023/05/30,15.43,15.50,15.15,15.30,334600,8979515.00
2023/05/31,15.36,15.36,15.10,15.25,286372,7640671.50
2023/06/01,15.17,15.83,15.09,15.70,648077,17709036.00
2023/06/02,15.79,15.79,15.51,15.54,319700,8740326.00
2023/06/05,15.54,15.88,15.44,15.81,400200,11010737.00
2023/06/06,16.22,16.23,15.51,15.60,812577,22410752.00
2023/06/07,15.57,15.82,15.45,15.63,434464,11935778.00
2023/06/08,15.73,16.10,15.60,15.92,559077,15577126.00
2023/06/09,15.92,16.09,15.48,15.59,481300,13231034.00
2023/06/12,15.70,15.94,15.30,15.85,494700,13646570.00
2023/06/13,15.85,16.50,15.85,16.34,923778,26287876.00
2023/06/14,16.31,16.55,16.04,16.44,654532,18656250.00
2023/06/15,16.44,16.44,15.92,16.03,481943,13563864.00
2023/06/16,15.96,16.30,15.92,16.09,326443,9224719.00
2023/06/19,16.21,16.24,15.78,15.96,369400,10309142.00
2023/06/20,15.96,16.02,15.68,15.68,325500,9027557.00
2023/06/21,15.75,15.91,15.43,15.56,327000,8985071.00
2023/06/26,15.52,15.52,15.10,15.17,238900,6390177.00
2023/06/27,15.31,15.95,15.20,15.95,540700,14956986.00
2023/06/28,15.95,16.05,15.60,15.98,345800,9593759.00
2023/06/29,15.98,16.49,15.81,16.39,619400,17660568.00
2023/06/30,16.46,16.86,16.42,16.46,598100,17411680.00
2023/07/03,16.47,16.92,16.32,16.75,798100,23263016.00
2023/07/04,16.76,16.90,16.68,16.89,487200,14330397.00
2023/07/05,16.93,16.96,16.70,16.75,354500,10413149.00
2023/07/06,16.79,17.08,16.59,16.90,381417,11272216.00
2023/07/07,16.95,17.11,16.74,16.87,294400,8718748.00
2023/07/10,16.95,17.16,16.76,16.93,322700,9548205.00
2023/07/11,16.93,17.14,16.88,17.02,263700,7835074.00
2023/07/12,17.05,17.25,16.88,16.98,370400,11060416.00
2023/07/13,16.92,17.11,16.71,16.76,329300,9674386.00
2023/07/14,16.98,17.08,16.59,16.87,318800,9406804.00
2023/07/17,16.87,16.96,16.50,16.87,239700,7046022.00
2023/07/18,16.92,17.15,16.76,17.13,300600,8951504.00
2023/07/19,17.09,17.25,16.96,17.17,334000,10016476.00
2023/07/20,17.25,17.33,16.76,16.79,344300,10226656.00
2023/07/21,17.03,17.03,16.48,16.60,278300,8119499.00
2023/07/24,16.63,16.97,16.45,16.78,210300,6135557.00
2023/07/25,16.79,18.93,16.79,18.17,2322643,72663024.00
2023/07/26,17.89,18.94,17.70,17.85,2146416,68012408.00
2023/07/27,17.25,18.20,17.25,17.51,1237500,38029208.00
2023/07/28,17.35,19.65,17.35,18.51,2974384,96767688.00
2023/07/31,18.02,18.33,17.51,18.08,2120697,66261132.00
2023/08/01,18.29,18.93,17.40,17.82,2201611,69385304.00
2023/08/02,17.66,17.74,16.77,16.80,1575018,47073560.00
2023/08/03,16.73,16.81,16.04,16.10,1215500,34589880.00
2023/08/04,16.10,16.62,16.10,16.26,835500,23840040.00
2023/08/07,16.18,16.50,16.02,16.24,432950,12263584.00
2023/08/08,16.43,16.43,15.99,16.16,452700,12808467.00
2023/08/09,16.16,16.27,15.89,16.14,458200,12868288.00
2023/08/10,16.14,16.68,16.02,16.64,705505,20271398.00
2023/08/11,16.75,16.75,16.40,16.40,398700,11540946.00
2023/08/14,16.27,16.69,16.17,16.41,358600,10253178.00
2023/08/15,16.57,19.80,16.53,19.80,3943922,129769016.00
2023/08/16,21.85,23.88,21.18,21.19,9263299,360096000.00
2023/08/17,20.91,22.25,19.58,19.95,7459045,265687760.00
2023/08/18,18.69,19.04,18.27,18.64,5919642,192575568.00
2023/08/21,18.58,19.17,18.47,19.09,4811242,157979248.00
2023/08/22,18.38,18.62,17.15,17.58,4426819,137603152.00
2023/08/23,17.63,17.75,17.05,17.17,2525999,76601008.00
2023/08/24,16.98,17.13,16.18,16.21,2550900,73538008.00
2023/08/25,16.21,16.28,15.37,15.50,2076655,57446656.00
2023/08/28,16.37,16.92,15.77,16.49,3336042,96169200.00
2023/08/29,16.40,17.51,16.36,17.49,2446600,73113840.00
2023/08/30,17.26,18.41,17.17,18.20,2446761,76849600.00
2023/08/31,18.11,18.22,17.71,18.08,1630634,51167508.00
2023/09/01,18.35,19.41,18.09,18.28,2227678,71664600.00
2023/09/04,18.22,20.11,18.22,19.66,3828987,128009792.00
2023/09/05,19.24,19.76,19.04,19.28,2024279,68059280.00
2023/09/06,19.17,19.63,19.01,19.12,1079900,36122868.00
2023/09/07,19.24,20.10,19.11,19.29,2076023,70399768.00
2023/09/08,19.47,19.50,18.96,19.14,1396800,46765580.00
2023/09/11,19.41,19.53,18.53,18.64,1324400,43537228.00
2023/09/12,19.02,19.35,18.07,18.22,1006700,32062656.00
2023/09/13,18.20,18.24,17.76,17.96,732200,22915256.00
2023/09/14,17.97,18.07,17.44,17.64,690600,21276092.00
2023/09/15,17.64,17.82,17.18,17.35,607500,18468440.00
2023/09/18,17.63,18.08,17.09,17.70,793400,24527852.00
2023/09/19,17.72,18.11,17.49,17.79,826100,25571996.00
2023/09/20,17.82,18.62,17.76,17.96,1001900,31730644.00
2023/09/21,18.05,18.34,17.56,17.58,625874,19511546.00
2023/09/22,17.62,18.11,17.52,18.00,665865,20788740.00
2023/09/25,18.47,18.47,17.57,17.78,752502,23403064.00
2023/09/26,17.80,17.99,17.41,17.47,544100,16729015.00
2023/09/27,17.62,17.98,17.37,17.76,738600,22937008.00
2023/09/28,17.97,18.21,17.67,17.80,432300,13534113.00
2023/10/09,17.97,17.99,17.40,17.46,508200,15602597.00
2023/10/10,17.43,17.69,17.17,17.24,461000,13963277.00
2023/10/11,17.24,17.52,16.99,17.31,419600,12666125.00
2023/10/12,17.38,18.17,16.95,17.73,1335299,41071896.00
2023/10/13,16.76,17.15,15.72,16.41,2050143,58525644.00
2023/10/16,16.43,16.57,16.21,16.43,794600,22817872.00
2023/10/17,16.44,17.57,16.44,17.54,1446261,43345028.00
2023/10/18,17.52,17.64,16.87,17.09,1113344,33343738.00
2023/10/19,17.08,17.91,16.60,16.99,1170800,35447128.00
2023/10/20,17.11,17.76,16.93,17.24,1041100,31493988.00
2023/10/23,17.37,17.37,16.41,16.80,981094,28791530.00
2023/10/24,16.92,18.82,16.92,18.37,2980194,94412944.00
2023/10/25,18.30,18.51,17.93,18.18,1754400,55536692.00
2023/10/26,18.05,18.74,17.60,18.70,2022161,64443080.00
2023/10/27,18.80,19.89,17.70,19.69,4287175,142751120.00
2023/10/30,19.12,19.44,18.25,18.47,3436546,111036512.00
2023/10/31,18.61,18.61,18.00,18.37,1778500,56558572.00
2023/11/01,18.40,19.80,18.27,19.28,3576379,118535760.00
2023/11/02,19.00,19.08,18.46,18.83,2254677,73561992.00
2023/11/03,18.72,18.82,18.28,18.31,1946228,62688012.00
2023/11/06,18.31,18.53,18.19,18.47,1694329,54256376.00
2023/11/07,18.41,18.89,18.15,18.72,1949809,63266876.00
2023/11/08,18.72,18.81,18.35,18.57,1337042,43201688.00
2023/11/09,18.54,18.79,18.30,18.34,1064100,34341636.00
2023/11/10,18.34,19.14,18.11,18.94,2273047,74350136.00
2023/11/13,19.42,19.88,19.07,19.60,3401623,115251280.00
2023/11/14,19.64,21.31,18.91,20.07,4024214,138169984.00
2023/11/15,19.76,21.07,19.53,20.63,4226215,150484832.00
2023/11/16,20.42,20.53,19.41,19.51,3077131,105785896.00
2023/11/17,19.49,19.51,19.14,19.42,1494909,50344820.00
2023/11/20,19.38,19.59,18.93,19.54,1688933,56582448.00
2023/11/21,19.50,19.67,19.07,19.17,1289963,43428564.00
2023/11/22,19.20,19.31,18.64,18.70,1231833,40484584.00
2023/11/23,18.94,19.00,18.64,18.80,826963,27077894.00
2023/11/24,18.78,18.88,18.26,18.50,1035009,33333356.00
2023/11/27,18.38,18.83,18.25,18.66,706100,22709032.00
2023/11/28,18.66,19.01,18.29,18.86,886816,29040440.00
2023/11/29,18.88,18.93,18.64,18.79,578300,18911520.00
2023/11/30,18.88,18.96,18.52,18.77,595800,19413810.00
2023/12/01,18.76,18.95,18.59,18.73,617700,20191360.00
2023/12/04,18.63,18.97,18.53,18.67,566402,18490142.00
2023/12/05,18.50,18.80,18.48,18.48,483272,15675293.00
2023/12/06,18.48,18.92,18.46,18.53,690900,22465200.00
2023/12/07,18.53,18.60,18.27,18.35,501200,16062962.00
2023/12/08,18.27,18.78,17.86,17.88,722700,22901150.00
2023/12/11,17.90,18.29,17.67,18.12,662200,20847072.00
2023/12/12,18.33,18.33,17.88,18.03,353200,11086767.00
2023/12/13,17.97,18.20,17.88,17.91,540800,17030528.00
2023/12/14,17.99,18.25,17.96,18.11,510000,16149744.00
2023/12/15,18.10,18.40,18.05,18.34,543784,17347632.00
2023/12/18,18.27,18.50,18.06,18.21,650500,20715814.00
2023/12/19,18.09,18.35,17.98,18.21,479600,15159878.00
2023/12/20,18.22,18.49,18.20,18.21,673947,21568646.00
2023/12/21,18.21,18.82,17.77,18.79,1198063,38497560.00
2023/12/22,18.85,18.94,18.27,18.53,975290,31553126.00
2023/12/25,18.40,18.46,17.66,17.66,828237,25805930.00
2023/12/26,17.75,17.92,17.37,17.54,706981,21826196.00
2023/12/27,17.46,17.88,17.38,17.72,419900,12924858.00
2023/12/28,17.72,18.27,17.46,18.14,717350,22489826.00
2023/12/29,18.25,18.51,18.01,18.51,585365,18764208.00
2024/01/02,18.47,18.79,18.43,18.62,567965,18448096.00
2024/01/03,18.62,18.72,18.30,18.38,576200,18532036.00
2024/01/04,18.46,18.79,18.24,18.57,794277,25625764.00
2024/01/05,18.40,18.79,18.09,18.28,872028,28073918.00
2024/01/08,18.39,18.40,17.88,17.89,490672,15497395.00
2024/01/09,18.07,18.46,17.96,18.23,614400,19534028.00
2024/01/10,18.25,19.50,17.94,19.06,2652029,87539088.00
2024/01/11,18.64,18.77,17.89,18.35,2614852,82733384.00
2024/01/12,18.12,18.23,17.49,17.56,1732917,53993776.00
2024/01/15,17.56,18.19,17.38,18.05,1536435,48161784.00
2024/01/16,18.10,18.47,17.55,17.75,915926,28575972.00
2024/01/17,17.66,18.41,17.51,17.52,833652,26039598.00
2024/01/18,17.52,17.87,16.75,17.20,781600,23394532.00
2024/01/19,17.21,17.98,17.07,17.37,1126556,34620484.00
2024/01/22,17.40,17.51,15.75,15.90,1077628,31196764.00
2024/01/23,15.83,16.15,15.28,16.07,835426,23090162.00
2024/01/24,16.00,16.66,15.60,16.32,798600,22647356.00
2024/01/25,16.36,16.79,16.10,16.70,488656,14116261.00
2024/01/26,16.79,17.17,16.46,16.87,674900,20008596.00
2024/01/29,16.90,17.44,16.20,16.21,480553,13848078.00
2024/01/30,16.06,16.50,15.47,15.54,400800,11056585.00
2024/01/31,14.02,15.27,14.02,14.14,1057000,26866248.00
2024/02/01,13.91,14.26,13.33,13.67,772900,18733828.00
2024/02/02,13.73,14.02,12.20,12.82,1062049,24386866.00
2024/02/05,12.43,12.48,10.38,10.60,1243100,24506594.00
2024/02/06,10.60,10.78,9.08,10.06,1356475,23652600.00
2024/02/07,10.13,10.16,8.49,8.54,1573200,25813194.00
2024/02/08,8.62,9.88,8.14,9.87,1642184,26721492.00
2024/02/19,9.99,10.98,9.87,10.76,1212182,22975300.00
2024/02/20,10.76,11.22,10.43,11.07,994857,19392068.00
2024/02/21,11.07,12.08,11.02,11.49,998151,20477794.00
2024/02/22,11.49,12.18,11.43,12.12,937300,19627196.00
2024/02/23,12.12,12.54,12.01,12.52,686700,14960331.00
2024/02/26,12.66,13.45,12.44,13.08,1013592,23161720.00
2024/02/27,13.32,13.66,12.78,13.60,742776,17576218.00
2024/02/28,13.71,14.01,11.76,11.77,1547289,35311400.00
2024/02/29,11.59,12.59,11.56,12.21,1535665,33145608.00
2024/03/01,12.26,12.89,12.26,12.51,959016,21296430.00
2024/03/04,12.59,12.86,12.23,12.36,1236188,27215846.00
2024/03/05,12.35,12.42,11.92,11.94,673628,14424813.00
2024/03/06,12.01,12.50,11.70,12.37,593944,12820184.00
2024/03/07,12.47,12.79,12.21,12.40,700300,15519682.00
2024/03/08,12.44,12.67,12.02,12.24,466600,10141836.00
2024/03/11,12.28,12.66,12.25,12.57,417500,9191675.00
2024/03/12,12.85,12.95,12.56,12.86,737100,16625431.00
2024/03/13,13.08,13.08,12.56,12.79,541028,12223250.00
2024/03/14,12.84,13.31,12.67,12.99,1115398,25627110.00
2024/03/15,12.99,13.30,12.79,13.17,801000,18551560.00
2024/03/18,13.32,13.76,13.19,13.73,978000,23392402.00
2024/03/19,14.20,15.04,13.80,14.44,1804728,46248164.00
2024/03/20,14.16,14.23,13.83,14.14,1363000,33541776.00
2024/03/21,14.14,14.38,13.63,13.96,1062824,26074238.00
2024/03/22,13.96,14.20,13.50,13.78,751026,18302310.00
2024/03/25,13.69,13.91,13.31,13.49,719318,17354156.00
2024/03/26,13.46,13.99,13.25,13.88,762977,18408290.00
2024/03/27,13.75,13.88,13.10,13.10,831094,19749144.00
2024/03/28,13.14,13.85,13.14,13.71,857800,20529352.00
2024/03/29,13.71,13.99,13.43,13.73,805000,19394716.00
2024/04/01,13.73,14.02,13.70,14.02,651300,15983988.00
2024/04/02,14.20,14.54,13.99,14.45,1139247,28671836.00
2024/04/03,14.45,14.45,13.85,14.05,762900,18962694.00
2024/04/08,13.91,14.03,13.29,13.33,880871,21067330.00
2024/04/09,13.60,13.67,13.13,13.62,530067,12557895.00
2024/04/10,13.63,13.67,12.82,13.07,579686,13460633.00
2024/04/11,12.96,13.41,12.79,13.05,486300,11288782.00
2024/04/12,12.99,13.53,12.99,13.25,569627,13384683.00
2024/04/15,13.15,13.33,10.52,11.59,1374021,29229528.00
2024/04/16,11.63,11.65,10.30,10.31,1165800,22155176.00
2024/04/17,10.64,11.84,10.64,11.57,1135800,23131056.00
2024/04/18,11.62,13.47,11.13,12.15,1639300,35611380.00
2024/04/19,11.57,11.75,11.34,11.60,1248018,25516038.00
2024/04/22,11.54,11.76,10.80,11.08,898900,17753364.00
2024/04/23,11.08,11.83,11.08,11.62,1062733,21755012.00
2024/04/24,11.75,12.10,11.38,12.10,690000,14543863.00
2024/04/25,11.91,12.20,11.73,12.17,742500,15858880.00
2024/04/26,12.17,12.25,11.83,12.09,762700,16289442.00
2024/04/29,12.17,12.79,12.09,12.78,913200,20286150.00
2024/04/30,12.78,12.92,12.38,12.50,663244,14756132.00
2024/05/06,12.47,13.48,12.47,13.11,1115000,25604944.00
2024/05/07,13.18,13.18,12.80,13.05,827684,18967822.00
2024/05/08,13.05,13.15,12.82,12.88,768100,17593956.00
2024/05/09,12.88,13.16,12.87,13.14,677700,15688811.00
2024/05/10,13.38,13.38,12.70,12.77,694400,15782161.00
2024/05/13,12.56,12.91,12.21,12.33,910500,19912042.00
2024/05/14,12.32,12.95,12.32,12.76,864600,19419824.00
2024/05/15,12.77,13.28,12.49,12.72,1029300,23555648.00
2024/05/16,12.75,13.29,12.71,13.09,1062728,24487652.00
2024/05/17,13.42,13.42,12.83,13.25,866421,19953648.00
2024/05/20,13.25,13.42,12.86,12.95,635721,14591292.00
2024/05/21,12.95,12.99,12.61,12.72,546000,12321087.00
2024/05/22,12.80,13.09,12.70,12.79,620000,14059284.00
2024/05/23,12.75,12.75,12.26,12.30,669400,14663279.00
2024/05/24,12.47,12.50,11.95,12.28,559700,12216862.00
2024/05/27,12.38,12.57,12.12,12.55,529500,11505273.00
2024/05/28,12.55,12.55,12.07,12.11,483500,10412713.00
2024/05/29,11.86,12.43,11.86,12.23,532910,11551924.00
2024/05/30,12.15,12.37,12.01,12.04,487300,10500739.00
2024/05/31,12.08,12.44,12.05,12.37,461500,10010913.00
2024/06/03,12.33,12.33,11.61,11.75,640300,13486532.00
2024/06/04,11.56,11.69,11.02,11.24,777514,15465254.00
2024/06/05,11.03,11.15,10.71,10.88,626400,12197221.00
2024/06/06,10.88,11.02,9.91,10.02,1049700,19301924.00
2024/06/07,10.19,10.96,10.19,10.86,1010500,19245384.00
2024/06/11,10.80,10.91,9.99,10.64,742377,13889190.00
2024/06/12,10.70,11.07,10.64,10.99,637700,12368730.00
2024/06/13,11.16,11.16,10.64,11.04,736939,14312802.00
2024/06/14,10.92,11.12,10.63,11.09,727000,14205333.00
2024/06/17,11.09,11.18,10.77,10.91,565000,11042138.00
2024/06/18,11.07,11.24,10.80,11.20,505200,9995649.00
2024/06/19,11.44,11.54,11.17,11.26,504631,10092536.00
2024/06/20,11.32,11.74,10.99,11.14,842600,16838890.00
2024/06/21,11.08,11.31,10.69,11.07,700408,13791843.00
2024/06/24,11.02,11.02,10.44,10.47,738400,14001212.00
2024/06/25,10.41,10.96,10.41,10.57,982400,18561992.00
2024/06/26,10.46,11.18,10.40,11.12,830800,16024557.00
2024/06/27,11.16,11.41,10.99,11.02,622100,12309403.00
2024/06/28,10.99,11.72,10.67,11.20,1164408,23204818.00
2024/07/01,11.09,11.33,10.78,11.02,1087944,21179282.00
2024/07/02,11.14,11.33,10.98,11.20,590500,11757128.00
2024/07/03,11.26,11.30,10.98,11.05,502000,9873992.00
2024/07/04,11.04,11.05,10.41,10.45,689700,13071510.00
2024/07/05,10.45,10.72,10.24,10.63,540300,10157462.00
2024/07/08,10.49,10.60,10.14,10.20,475800,8743263.00
2024/07/09,10.20,10.44,9.85,10.40,536500,9748734.00
2024/07/10,10.39,10.59,10.22,10.29,533569,9884389.00
2024/07/11,10.51,10.79,10.45,10.76,536869,10166252.00
2024/07/12,10.68,11.06,10.68,10.83,597000,11566823.00
2024/07/15,10.83,10.83,10.45,10.48,516000,9699008.00
2024/07/16,10.59,10.63,10.38,10.48,410800,7655053.00
2024/07/17,10.44,10.60,10.18,10.25,565700,10404135.00
2024/07/18,10.20,10.26,9.86,10.14,518700,9325975.00
2024/07/19,10.14,10.31,9.96,10.21,372644,6762770.50
2024/07/22,10.21,10.43,10.17,10.38,392100,7216119.00
2024/07/23,10.38,10.55,10.19,10.23,410900,7626241.00
2024/07/24,10.16,10.29,9.97,10.08,497600,8979791.00
2024/07/25,10.17,10.50,9.96,10.33,506300,9264006.00
2024/07/26,10.31,10.55,10.31,10.54,413500,7717527.00
2024/07/29,10.56,10.66,10.34,10.58,425399,7967343.00
2024/07/30,10.55,10.70,10.50,10.67,440900,8347203.00
2024/07/31,10.72,11.20,10.61,11.20,659308,12793361.00
2024/08/01,11.74,11.74,10.98,11.20,1210400,24014488.00
2024/08/02,11.27,11.27,10.97,11.07,734200,14520935.00
2024/08/05,11.08,11.26,10.83,10.83,922327,18138532.00
2024/08/06,10.86,11.26,10.86,11.11,775027,15149861.00
2024/08/07,11.09,11.19,11.00,11.01,404300,7944500.00
2024/08/08,10.98,11.12,10.84,11.03,393900,7671798.00
2024/08/09,11.04,11.21,11.00,11.02,382500,7551092.00
2024/08/12,11.01,11.18,10.86,11.07,480616,9440029.00
2024/08/13,11.05,11.21,10.90,11.21,543427,10736354.00
2024/08/14,11.21,11.47,11.16,11.25,651916,13010211.00
2024/08/15,11.37,11.37,11.09,11.25,610100,12171646.00
2024/08/16,11.30,11.34,11.13,11.22,497000,9910551.00
2024/08/19,11.22,11.28,11.04,11.17,427000,8466378.00
2024/08/20,11.17,11.20,10.89,10.91,395200,7720616.00
2024/08/21,10.86,11.08,10.08,11.05,473200,9252289.00
2024/08/22,11.08,11.12,10.68,10.72,335300,6479584.00
2024/08/23,10.72,10.72,10.31,10.50,480800,8969199.00
2024/08/26,10.38,10.93,10.38,10.85,539600,10336607.00
2024/08/27,10.85,10.89,10.50,10.57,319500,6067654.00
2024/08/28,10.64,10.88,10.42,10.82,488800,9336187.00
2024/08/29,10.70,11.03,10.53,11.02,466400,9004601.00
2024/08/30,11.03,11.31,10.86,11.17,549069,10895032.00
2024/09/02,11.22,11.43,11.00,11.04,349600,6917052.00
2024/09/03,10.95,11.22,10.92,11.07,274500,5406123.00
2024/09/04,11.04,11.08,10.82,10.86,313800,6090917.00
2024/09/05,10.83,11.21,10.83,11.14,445000,8746299.00
2024/09/06,11.09,11.17,10.79,10.81,331700,6461709.00
2024/09/09,10.78,10.88,10.50,10.75,378490,7213571.00
2024/09/10,10.74,10.93,10.62,10.89,331200,6356500.00
2024/09/11,10.89,10.96,10.70,10.79,264716,5103805.50
2024/09/12,10.85,10.96,10.69,10.71,321900,6198133.00
2024/09/13,10.71,10.81,10.41,10.42,325200,6118376.00
2024/09/18,10.48,10.54,9.97,10.21,389869,7077370.50
2024/09/19,10.25,10.67,10.15,10.57,481669,8994043.00
2024/09/20,10.58,10.62,10.24,10.39,335569,6224876.00
2024/09/23,10.38,10.50,10.24,10.29,219300,4056693.00
2024/09/24,10.36,10.79,10.36,10.76,502100,9483116.00
2024/09/25,10.90,11.07,10.77,10.83,567800,11036791.00
2024/09/26,10.80,11.32,10.76,11.31,621700,12266923.00
2024/09/27,11.65,12.23,11.33,11.93,1104000,23044482.00
2024/09/30,12.38,13.92,12.06,13.63,1796976,41242672.00
2024/10/08,16.03,16.36,14.55,15.44,2579626,69427096.00
2024/10/09,14.33,15.00,13.16,13.16,1854055,45751064.00
2024/10/10,13.55,13.85,13.27,13.30,1059910,25318300.00
2024/10/11,13.36,13.41,12.63,12.88,859362,19638252.00
2024/10/14,12.88,13.75,12.88,13.59,907000,21444268.00
2024/10/15,13.59,13.70,13.09,13.18,599300,14157961.00
2024/10/16,13.18,13.62,13.05,13.44,621634,14700204.00
2024/10/17,13.56,13.72,13.28,13.47,600000,14323781.00
2024/10/18,13.47,13.98,13.35,13.89,1066222,25783644.00
2024/10/21,13.89,14.17,13.73,14.01,699376,17192696.00
2024/10/22,14.02,14.44,14.02,14.23,827274,20781520.00
2024/10/23,14.37,14.62,14.09,14.26,774200,19578796.00
2024/10/24,14.27,14.27,13.82,14.22,765391,18859636.00
2024/10/25,14.28,14.40,13.93,14.26,763700,19106852.00
2024/10/28,14.26,14.80,14.22,14.65,927503,23767650.00
2024/10/29,14.66,14.70,13.88,14.06,872800,21871680.00
2024/10/30,14.11,14.37,13.87,14.08,840106,20837908.00
2024/10/31,14.08,14.40,13.79,14.09,569700,14211963.00
2024/11/01,14.16,14.52,13.41,13.53,962862,23289132.00
2024/11/04,13.55,14.16,13.13,13.93,1108355,26868808.00
2024/11/05,14.02,14.22,13.64,14.22,1186000,29117968.00
2024/11/06,14.23,14.46,13.95,14.06,951900,23637086.00
2024/11/07,14.06,14.97,13.73,14.82,1290129,32899864.00
2024/11/08,14.83,14.93,14.52,14.62,965385,24930572.00
2024/11/11,14.69,15.35,14.49,15.33,1088885,28725836.00
2024/11/12,15.33,15.76,14.88,15.17,1013804,27184888.00
2024/11/13,15.23,15.55,14.88,15.34,720096,19210828.00
2024/11/14,15.34,15.46,14.95,15.20,725600,19268510.00
2024/11/15,14.95,15.58,14.88,14.97,885400,23591274.00
2024/11/18,15.12,15.24,14.29,14.44,741700,18998988.00
2024/11/19,14.47,14.79,14.31,14.72,460500,11782073.00
2024/11/20,14.72,15.09,14.60,14.89,379072,9906277.00
2024/11/21,14.89,15.55,14.72,15.23,734827,19583336.00
2024/11/22,15.23,15.33,14.34,14.42,978293,25252950.00
2024/11/25,14.28,14.72,14.22,14.70,637600,16296775.00
2024/11/26,14.73,14.90,14.37,14.49,560000,14355967.00
2024/11/27,14.29,14.93,13.99,14.85,703972,17879288.00
2024/11/28,14.92,15.40,14.72,15.18,848708,22549060.00
2024/11/29,15.18,15.46,14.95,15.25,671500,17947784.00
2024/12/02,15.31,15.78,15.31,15.67,823605,22435672.00
2024/12/03,15.67,15.75,15.41,15.62,771176,21062114.00
2024/12/04,15.52,15.74,14.97,15.12,643600,17324708.00
2024/12/05,15.11,15.37,14.98,15.22,693534,18508792.00
2024/12/06,15.25,15.37,14.87,15.19,485800,12905921.00
2024/12/09,15.17,15.43,14.93,15.33,709100,18893444.00
2024/12/10,15.88,16.15,15.29,15.40,826096,22658874.00
2024/12/11,15.32,15.70,15.30,15.56,654800,17715288.00
2024/12/12,15.33,16.05,15.32,16.05,1007444,27910634.00
2024/12/13,16.12,18.95,15.85,16.99,3593991,109855040.00
2024/12/16,17.11,17.41,16.17,16.44,2581376,75052520.00
2024/12/17,16.31,16.33,14.87,14.92,1877499,50428392.00
2024/12/18,15.08,17.98,15.08,16.09,2779822,79200688.00
2024/12/19,15.42,15.88,14.89,15.17,2220837,59465216.00
2024/12/20,15.16,15.59,14.93,15.09,1623685,43544276.00
2024/12/23,15.11,15.22,13.76,13.86,1554200,39220712.00
2024/12/24,13.81,14.16,13.57,13.75,1010500,24579598.00
2024/12/25,13.76,13.78,12.89,13.21,1172300,27261976.00
2024/12/26,13.22,13.86,13.22,13.52,671000,16032551.00
2024/12/27,13.64,13.95,13.47,13.75,558600,13535424.00
2024/12/30,13.76,13.78,13.15,13.66,654600,15634796.00
2024/12/31,13.69,13.93,13.25,13.27,520700,12342305.00
2025/01/02,13.22,13.71,13.10,13.56,887300,21021740.00
2025/01/03,13.48,14.15,12.89,13.43,1734000,41025512.00
2025/01/06,13.12,13.32,11.98,12.79,870051,19550192.00
2025/01/07,12.57,13.15,12.57,13.08,659200,15072474.00
2025/01/08,13.08,13.26,12.64,13.05,614400,14087166.00
2025/01/09,12.96,13.19,12.83,12.89,420500,9640035.00
2025/01/10,13.05,13.31,12.56,12.61,697500,15784709.00
2025/01/13,12.59,12.59,11.86,12.42,664650,14373791.00
2025/01/14,12.63,13.20,12.62,13.18,719300,16415613.00
2025/01/15,13.32,13.54,13.04,13.33,753366,17680050.00
2025/01/16,13.33,13.62,13.17,13.41,693700,16362937.00
2025/01/17,13.40,13.40,13.10,13.30,544300,12730866.00
2025/01/20,13.28,13.83,13.28,13.67,709066,16871844.00
2025/01/21,13.73,13.95,13.17,13.51,614800,14607721.00
2025/01/22,13.86,13.86,13.01,13.07,695400,16271370.00
2025/01/23,13.22,13.69,13.14,13.29,753400,17856526.00
2025/01/24,13.31,13.54,13.14,13.52,476600,11200820.00
2025/01/27,13.86,13.86,13.47,13.50,535637,12837003.00
2025/02/05,13.71,13.82,13.42,13.52,381000,9116537.00
2025/02/06,13.59,14.15,13.41,14.15,560300,13477658.00
2025/02/07,14.22,14.43,13.93,14.02,906650,22460104.00
2025/02/10,14.04,14.36,13.91,14.24,570418,14194896.00
2025/02/11,14.20,14.36,13.99,14.11,461000,11416266.00
2025/02/12,14.04,14.73,14.02,14.14,614500,15346603.00
2025/02/13,14.21,14.21,13.67,13.76,565200,13854947.00
2025/02/14,13.78,13.97,13.54,13.63,525300,12700980.00
2025/02/17,13.80,14.42,13.64,14.15,1003800,24780912.00
2025/02/18,13.99,14.21,13.53,13.54,647900,15844552.00
2025/02/19,13.54,14.02,13.54,13.81,594100,14464735.00
2025/02/20,13.91,14.12,13.84,14.10,572600,14082854.00
2025/02/21,14.22,14.51,13.79,13.86,1045200,25568482.00
2025/02/24,13.77,14.17,13.66,14.07,843991,20478734.00
2025/02/25,13.76,14.14,13.76,14.02,546300,13363786.00
2025/02/26,14.02,14.30,13.99,14.11,612700,15134446.00
2025/02/27,14.22,14.26,13.84,14.17,734500,18011060.00
2025/02/28,14.17,14.17,13.67,13.69,578800,14023779.00
2025/03/03,13.70,14.25,13.70,13.97,758000,18510276.00
2025/03/04,14.04,14.31,13.82,14.22,850200,20991288.00
2025/03/05,14.22,14.29,13.75,14.05,614300,14933329.00
2025/03/06,14.02,14.31,14.01,14.27,847242,20946450.00
2025/03/07,15.01,16.41,14.34,14.57,3067100,80904216.00
2025/03/10,13.87,14.51,13.87,14.17,2076566,51528400.00
2025/03/11,13.93,14.28,13.93,14.19,1087700,26732488.00
2025/03/12,14.34,14.40,14.19,14.35,801200,19970620.00
2025/03/13,14.43,14.43,13.76,14.05,1096000,26783666.00
2025/03/14,14.22,14.55,13.91,14.52,1153800,28688096.00
2025/03/17,14.70,14.72,14.35,14.69,853200,21650872.00
2025/03/18,14.67,14.94,14.55,14.90,885800,22705496.00
2025/03/19,14.82,14.99,14.64,14.76,618500,15938424.00
2025/03/20,14.79,14.80,14.47,14.54,744200,18935924.00
2025/03/21,14.54,14.63,14.12,14.26,721100,18013420.00
2025/03/24,14.39,14.49,13.19,13.38,986900,23592820.00
2025/03/25,13.63,13.63,13.04,13.26,792500,18415188.00
2025/03/26,13.30,13.98,13.16,13.83,1119500,26944376.00
2025/03/27,13.85,13.98,13.44,13.75,762300,18270360.00
2025/03/28,13.80,13.93,13.54,13.75,717100,17227370.00
2025/03/31,14.80,15.51,13.25,13.59,2977508,75082600.00
2025/04/01,13.55,14.28,13.31,13.93,1874666,45501360.00
2025/04/02,13.92,14.44,13.91,14.31,1429366,35532196.00
2025/04/03,14.08,14.47,13.86,14.32,1047500,25833824.00
2025/04/07,13.63,13.63,11.37,11.57,1853300,39895720.00
2025/04/08,11.55,12.46,11.50,12.00,1106800,23242364.00
2025/04/09,11.69,12.39,10.81,12.30,1131600,23211676.00
2025/04/10,12.54,13.30,12.53,12.88,1112000,25248420.00
2025/04/11,12.88,13.25,12.62,12.88,1249100,28439860.00
2025/04/14,13.07,13.89,13.07,13.55,1486100,35308004.00
2025/04/15,13.47,13.78,13.37,13.74,973900,23136252.00
2025/04/16,13.59,13.76,13.17,13.40,916000,21578344.00
2025/04/17,13.41,13.85,13.24,13.56,1229604,29335024.00
2025/04/18,13.86,13.86,13.17,13.42,1002300,23376134.00
2025/04/21,13.56,13.81,13.28,13.62,1006500,23892168.00
2025/04/22,13.80,13.85,13.56,13.76,631204,15109964.00
2025/04/23,14.31,14.31,13.88,14.11,670000,16438881.00
2025/04/24,14.11,14.57,13.64,13.89,1410200,34455304.00
2025/04/25,14.08,14.15,13.64,13.76,926900,22388720.00
2025/04/28,13.87,13.87,13.37,13.69,776111,18422122.00
2025/04/29,13.52,14.24,13.52,14.14,1199400,29401166.00
2025/04/30,14.27,14.44,14.15,14.36,1233000,30816816.00
2025/05/06,14.42,15.57,14.17,15.42,3022794,59022404.00
2025/05/07,15.85,16.34,14.72,15.03,4498752,91884160.00
2025/05/08,15.03,15.38,14.86,15.32,2205794,44034224.00
2025/05/09,15.24,15.40,14.95,14.97,1893770,37645452.00
2025/05/12,15.38,15.83,15.05,15.30,1753963,35291008.00
2025/05/13,15.58,15.79,15.12,15.12,1635170,33028054.00
2025/05/14,15.12,15.20,14.85,15.05,1284130,25303090.00
2025/05/15,15.09,15.57,14.85,15.32,1816700,36430640.00
2025/05/16,15.23,15.42,15.12,15.32,1213710,24376996.00
2025/05/19,16.48,16.48,15.08,15.38,1636360,32984632.00
2025/05/20,15.15,15.60,15.15,15.60,1356260,27510774.00
2025/05/21,15.51,15.65,15.20,15.40,1041000,21057544.00
2025/05/22,15.27,15.73,15.06,15.27,1674650,33802808.00
2025/05/23,15.13,15.53,14.90,15.16,1698070,33897356.00
2025/05/26,15.24,15.41,14.96,15.18,861630,17196514.00
2025/05/27,15.21,15.32,14.88,15.14,1041570,20691858.00
2025/05/28,15.15,15.30,14.93,15.11,789640,15663500.00
2025/05/29,15.10,15.60,15.05,15.60,1385809,27985338.00
2025/05/30,15.78,15.78,15.24,15.50,1902079,38578968.00
2025/06/03,15.62,15.62,15.27,15.58,1723810,35081772.00
2025/06/04,15.58,15.85,15.57,15.84,1653900,34118752.00
2025/06/05,15.88,15.93,15.52,15.68,1285789,26588276.00
2025/06/06,15.68,15.87,15.40,15.81,1247430,25573216.00
2025/06/09,15.81,16.03,15.62,15.95,1233510,25667636.00
2025/06/10,15.92,15.98,15.38,15.58,1115930,22974150.00
2025/06/11,15.51,15.72,15.51,15.62,665390,13652546.00
2025/06/12,15.61,15.83,15.42,15.67,925000,19003874.00
2025/06/13,15.60,15.65,15.08,15.27,1213870,24399218.00
2025/06/16,15.28,15.62,15.19,15.42,1043764,21163346.00
2025/06/17,15.42,15.65,15.27,15.41,754820,15280146.00
2025/06/18,15.38,15.38,15.04,15.10,743640,14789770.00
2025/06/19,15.03,15.19,14.69,14.83,1174580,22958400.00
2025/06/20,14.82,15.07,14.50,14.62,871960,16845140.00
2025/06/23,14.53,15.13,14.42,15.01,1201870,23552184.00
2025/06/24,15.25,15.62,15.01,15.54,1467930,29706708.00
2025/06/25,15.73,15.74,15.42,15.62,1189270,24360866.00
2025/06/26,15.68,15.69,15.42,15.50,673030,13731308.00
2025/06/27,15.57,15.70,15.45,15.70,770099,15769140.00
2025/06/30,15.69,15.94,15.55,15.93,790300,16415819.00
2025/07/01,15.99,16.06,15.54,15.95,918680,19188084.00
2025/07/02,15.98,15.98,15.72,15.93,878070,18322764.00
2025/07/03,15.94,16.15,15.80,15.98,1406160,29425732.00
2025/07/04,15.98,16.10,15.63,15.75,867470,17924598.00
2025/07/07,15.68,16.12,15.65,16.11,1096370,22981420.00
2025/07/08,16.22,16.73,16.09,16.33,1286180,27558412.00
2025/07/09,16.41,16.53,16.25,16.47,962890,20723242.00
2025/07/10,16.76,16.89,16.16,16.36,1123760,24179910.00
2025/07/11,16.31,16.40,15.79,16.09,1161040,24446952.00
2025/07/14,16.15,16.51,16.05,16.45,1066180,22776978.00
2025/07/15,16.38,16.52,15.89,16.25,1179880,25025244.00
2025/07/16,16.27,16.43,16.02,16.28,903193,19316440.00
2025/07/17,16.34,16.42,16.19,16.30,619330,13242012.00
2025/07/18,16.31,16.48,16.19,16.42,809990,17372816.00
2025/07/21,16.43,16.78,16.37,16.63,906629,19803926.00
2025/07/22,16.63,16.70,16.31,16.41,894650,19330044.00
2025/07/23,16.48,16.76,16.25,16.50,1104630,23975518.00
2025/07/24,16.72,17.28,16.51,17.02,2698180,60088660.00
2025/07/25,17.15,17.37,16.73,17.16,3074882,68572016.00
2025/07/28,17.05,17.18,16.83,16.98,1572433,35087284.00
2025/07/29,16.88,17.36,16.78,16.87,1724455,38567500.00
2025/07/30,16.85,17.01,16.60,16.82,1050460,23138548.00
2025/07/31,16.83,16.97,16.38,16.52,1099307,24000288.00
2025/08/01,16.60,16.92,16.30,16.85,1257050,27596076.00
2025/08/04,16.95,17.08,16.58,17.04,1140227,25336124.00
2025/08/05,17.15,17.45,17.04,17.27,1351860,30567348.00
2025/08/06,17.30,17.42,17.14,17.39,1072860,24317634.00
2025/08/07,17.39,17.42,17.18,17.24,922920,20922882.00
2025/08/08,17.24,17.60,16.97,17.58,1341370,30455430.00
2025/08/11,17.58,17.75,17.45,17.70,1260600,29151874.00
2025/08/12,17.76,17.76,17.36,17.59,976110,22460142.00
2025/08/13,17.61,17.68,17.23,17.45,990480,22722250.00
2025/08/14,17.63,17.63,17.02,17.10,999410,22680766.00
2025/08/15,17.20,17.32,16.89,16.97,1189440,26634680.00
2025/08/18,17.82,17.82,17.16,17.19,2005297,45690732.00
2025/08/19,17.45,17.76,16.85,17.63,2040552,46514880.00
2025/08/20,17.52,17.69,17.32,17.69,1337125,30766522.00
2025/08/21,17.68,17.96,17.63,17.77,1451571,33850144.00
2025/08/22,17.72,17.92,17.32,17.40,1336777,30659422.00
2025/08/25,17.43,17.64,17.27,17.30,1335671,30515332.00
2025/08/26,17.25,17.68,16.78,17.48,1169654,26762906.00
2025/08/27,17.52,17.78,16.31,16.45,2268456,50706084.00
2025/08/28,16.53,17.00,15.63,16.41,2130735,45742252.00
2025/08/29,16.42,16.59,16.09,16.28,1095634,23465688.00
2025/09/01,16.19,16.90,16.18,16.73,1422444,31012752.00
2025/09/02,16.68,16.77,16.10,16.57,1220106,26214344.00
2025/09/03,16.56,16.74,16.00,16.01,1041080,22339636.00
2025/09/04,16.00,16.76,16.00,16.50,1400290,30223962.00
2025/09/05,16.54,16.75,16.10,16.61,1141159,24699782.00
2025/09/08,16.62,16.95,16.52,16.91,1160820,25513882.00
2025/09/09,16.96,17.02,16.62,16.92,1016903,22442032.00
2025/09/10,16.88,17.13,16.78,17.11,885521,19743850.00
2025/09/11,17.11,17.28,16.76,17.28,1130603,25274006.00
2025/09/12,17.35,17.38,16.81,16.94,1017513,22664048.00
2025/09/15,16.88,17.24,16.83,17.16,1204310,26927628.00
2025/09/16,17.11,17.77,17.01,17.62,2242164,51360380.00
2025/09/17,17.62,17.72,17.35,17.46,1396180,32098360.00
2025/09/18,17.51,17.58,16.75,17.15,1353355,30486954.00
2025/09/19,17.23,17.23,16.62,16.78,1194780,26335002.00
2025/09/22,16.79,16.93,16.35,16.55,972950,21135452.00
2025/09/23,16.55,16.58,15.34,16.11,2153553,44756128.00
2025/09/24,15.98,16.70,15.95,16.64,1441765,31142556.00
2025/09/25,16.58,16.92,16.31,16.55,1269010,27771702.00
2025/09/26,16.55,16.82,16.23,16.73,970270,21099860.00
2025/09/29,16.77,17.12,16.25,17.03,1155991,25489058.00
2025/09/30,17.05,17.12,16.62,16.85,1079950,23747452.00
2025/10/09,16.82,16.95,16.23,16.24,1405780,30545276.00
2025/10/10,16.24,17.23,16.07,16.72,2195300,48171184.00
2025/10/13,16.02,17.08,15.48,16.93,2440961,53260148.00
2025/10/14,16.95,17.02,16.42,16.69,1388587,30420112.00
2025/10/15,16.68,17.05,16.47,16.72,1284150,28215176.00
2025/10/16,16.81,16.83,16.44,16.50,1122730,24465200.00
2025/10/17,16.47,16.80,16.34,16.43,1114430,24194598.00
2025/10/20,16.55,16.88,16.48,16.86,1241010,27260512.00
2025/10/21,16.91,17.35,16.75,17.32,1616566,36217752.00
2025/10/22,17.51,18.53,17.32,18.15,4370950,103635784.00
2025/10/23,17.92,18.04,17.46,17.83,2444840,56809800.00
2025/10/24,17.85,18.37,17.62,17.92,1588670,37386644.00
2025/10/27,17.93,18.37,17.63,18.10,1886349,44513044.00
2025/10/28,18.02,19.20,17.89,19.02,4211296,103189656.00
2025/10/29,18.70,18.90,18.14,18.62,2700189,65609612.00
2025/10/30,18.70,18.72,17.92,17.96,1557441,37335512.00
2025/10/31,18.05,18.25,17.94,18.06,1401940,33246686.00
2025/11/03,18.06,18.29,17.90,18.15,1237920,29406540.00
2025/11/04,18.22,18.31,17.91,18.19,977850,23212674.00
2025/11/05,18.15,18.82,17.99,18.39,1776990,42790436.00
2025/11/06,18.39,18.79,18.23,18.55,1433270,34758576.00
2025/11/07,18.68,20.13,18.37,19.83,4337727,109958360.00
2025/11/10,19.68,19.89,19.31,19.58,2955430,75672536.00
2025/11/11,19.68,20.69,19.52,20.42,3786690,99971272.00
2025/11/12,20.32,20.47,19.97,20.14,2422384,64129500.00
2025/11/13,20.27,20.31,19.54,19.75,2523374,65433548.00
2025/11/14,19.58,19.97,19.58,19.71,1894370,49019052.00
2025/11/17,19.68,19.88,19.32,19.75,1633390,42101324.00
2025/11/18,19.75,20.50,19.46,20.36,2792180,73349152.00
2025/11/19,20.24,21.12,19.65,19.83,2227170,58749072.00
2025/11/20,19.84,20.05,18.97,19.10,2358177,59714248.00
2025/11/21,19.09,19.31,17.54,17.79,3315992,79010152.00
2025/11/24,17.95,18.82,17.95,18.72,2812480,68275480.00
2025/11/25,19.18,20.23,18.69,19.82,2831310,72807640.00
2025/11/26,19.72,20.04,18.98,19.06,1979755,50438364.00
2025/11/27,19.00,19.52,18.98,19.32,1328265,33497260.00
2025/11/28,19.31,19.58,19.05,19.58,975490,24696482.00
2025/12/01,19.58,19.75,19.22,19.28,1015709,25904166.00
2025/12/02,19.27,19.45,19.08,19.28,988220,24911010.00
2025/12/03,19.38,19.62,19.05,19.12,910890,22919858.00
2025/12/04,19.16,19.20,18.54,18.65,1182150,29131386.00
2025/12/05,18.69,19.25,18.41,19.18,1676360,41517732.00
2025/12/08,19.20,19.42,19.08,19.14,921270,23162638.00
2025/12/09,19.18,19.34,18.68,18.78,988840,24617272.00
2025/12/10,18.86,18.95,18.24,18.32,1029360,25090142.00
2025/12/11,18.27,18.41,17.62,17.67,1490580,35094724.00
2025/12/12,17.68,18.07,17.36,17.45,1581080,36704756.00
2025/12/15,17.43,17.61,17.13,17.25,1021440,23263120.00
2025/12/16,17.30,17.50,16.88,16.95,855830,19168772.00
2025/12/17,16.95,17.15,16.58,17.08,1322010,29316826.00
2025/12/18,17.11,17.87,16.96,17.52,1577590,36293700.00
2025/12/19,17.52,18.15,17.45,18.08,851480,19925786.00
2025/12/22,18.52,18.58,17.69,17.76,1274440,30078782.00
2025/12/23,17.82,18.26,17.62,18.13,1362111,32065668.00
2025/12/24,18.04,18.34,18.01,18.15,1046380,24906912.00
2025/12/25,18.23,19.46,17.89,19.03,2186518,53506960.00
2025/12/26,19.07,20.58,18.94,19.65,4596770,119530008.00
2025/12/29,19.65,19.72,18.45,18.65,3720689,92461232.00
2025/12/30,18.72,19.03,17.93,18.16,2489750,60028120.00
2025/12/31,18.14,18.47,17.84,18.25,1357752,32382174.00
2026/01/05,18.27,20.19,18.19,19.73,3692380,93571712.00
2026/01/06,20.13,20.13,18.95,19.07,2362442,60180428.00
2026/01/07,19.16,19.49,18.92,19.23,1659428,41816864.00
2026/01/08,19.05,19.84,18.96,19.37,1685360,43192444.00
2026/01/09,19.41,19.67,19.18,19.54,1277240,32511348.00
2026/01/12,19.82,19.82,19.17,19.61,1576830,40330788.00
2026/01/13,19.61,19.75,19.06,19.12,1804335,45746096.00
2026/01/14,19.11,19.42,18.86,19.31,1987013,49954404.00
2026/01/15,19.23,19.46,18.96,19.21,1229900,30901414.00
2026/01/16,19.31,19.46,18.99,19.22,1071640,26936672.00
2026/01/19,19.23,19.65,18.97,19.65,1682683,42638688.00
2026/01/20,19.77,19.92,19.25,19.45,1282275,32880192.00
2026/01/21,19.37,19.81,19.22,19.72,1197690,30772260.00
2026/01/22,19.68,20.08,19.48,19.86,1040904,27002666.00
2026/01/23,19.87,20.08,19.62,19.89,889540,23085480.00
2026/01/26,20.04,21.10,19.81,20.08,2983113,79385264.00
2026/01/27,20.35,20.69,19.71,20.31,2180503,57718776.00
2026/01/28,20.27,20.27,19.25,19.25,1958000,50417924.00
2026/01/29,19.35,19.65,18.71,19.05,1593080,40100760.00
2026/01/30,18.91,19.75,18.91,19.75,1877508,47881928.00
2026/02/02,19.64,20.04,19.35,19.39,1962800,50795704.00
2026/02/03,19.52,19.94,19.40,19.94,1554260,40178456.00
2026/02/04,20.05,20.18,19.77,20.04,1026589,26867916.00
2026/02/05,20.12,20.43,19.85,20.17,1013570,26783026.00
2026/02/06,20.02,20.35,19.89,20.14,1263840,33368714.00
2026/02/09,20.35,20.55,20.14,20.40,894174,23877680.00
2026/02/10,20.45,20.78,20.40,20.48,1146320,30802884.00
2026/02/11,20.46,20.81,20.36,20.69,1173225,31670798.00
2026/02/12,20.79,20.82,20.15,20.18,1436983,38204332.00
2026/02/13,20.12,20.72,20.12,20.44,1381300,36949828.00
2026/02/24,20.85,20.95,20.45,20.68,1505323,40788332.00
2026/02/25,20.68,20.98,20.68,20.98,1240100,33727836.00
2026/02/26,20.98,21.41,20.55,21.36,1702200,46698712.00
2026/02/27,21.28,21.61,21.00,21.14,1387820,38361496.00
2026/03/02,20.30,21.25,20.25,20.45,1597040,42986160.00
2026/03/03,20.58,20.82,19.68,19.72,1826090,48357324.00
2026/03/04,19.60,20.11,19.26,19.75,1377489,35705308.00
2026/03/05,20.18,20.30,19.84,20.22,934255,24537406.00
2026/03/06,20.55,21.35,20.05,21.29,1676650,45616196.00
2026/03/09,21.12,21.37,20.42,20.78,1906710,51659328.00
2026/03/10,21.00,21.66,21.00,21.62,1366303,38214132.00
2026/03/11,21.65,21.73,21.11,21.25,1286590,35802368.00
2026/03/12,21.24,21.89,20.85,20.92,1750101,48535820.00
2026/03/13,20.86,21.27,20.84,20.86,1677262,46037724.00
2026/03/16,20.86,21.18,20.45,20.78,1296560,35162616.00
2026/03/17,20.92,21.05,20.22,20.34,1267200,34146552.00
2026/03/18,20.34,20.92,20.17,20.84,1370020,36787816.00
2026/03/19,20.69,20.81,19.78,19.95,1215582,31990064.00
2026/03/20,19.96,20.33,18.79,18.99,1971637,50039528.00
2026/03/23,18.46,18.87,17.29,17.59,2709206,63346920.00
2026/03/24,18.14,18.72,17.65,18.65,2259136,53745104.00
2026/03/25,18.75,19.65,18.65,19.61,2192090,55441864.00
2026/03/26,19.57,19.88,19.00,19.25,1339849,33894676.00
2026/03/27,19.22,19.82,18.76,19.60,1364648,34696344.00
2026/03/30,19.33,19.99,19.28,19.74,1542238,39330196.00
2026/03/31,19.92,20.00,19.29,19.30,1045200,26729908.00
2026/04/01,19.67,20.01,19.35,19.57,1107200,28388870.00
2026/04/02,19.65,19.74,18.91,19.03,1264528,31789142.00
2026/04/03,19.09,19.14,18.27,18.39,1140083,27626886.00
2026/04/07,18.39,19.25,18.21,19.13,1417720,35069840.00
2026/04/08,19.72,20.88,19.72,20.12,2583334,68115984.00
2026/04/09,19.88,20.68,18.96,19.28,2258430,57708376.00
2026/04/10,19.61,19.88,19.20,19.50,2169230,55360376.00
2026/04/13,19.65,19.65,18.91,19.17,1495560,37391892.00
2026/04/14,19.35,19.43,18.81,19.18,1092184,27122708.00
2026/04/15,19.29,19.37,18.95,19.08,1265412,31687528.00
2026/04/16,19.08,19.80,18.92,19.68,1180516,29840450.00
2026/04/17,19.69,19.81,19.22,19.38,1193736,30252926.00
2026/04/20,19.38,19.75,19.19,19.68,1082836,27649548.00
2026/04/21,19.70,19.87,19.35,19.59,1162845,29817488.00
2026/04/22,19.58,19.58,19.13,19.29,878610,22143790.00
2026/04/23,19.28,19.29,18.58,18.79,2084330,51170160.00
2026/04/24,18.68,19.20,18.19,18.89,2220604,53958412.00
2026/04/27,19.07,19.63,18.80,19.49,1696966,42634472.00
2026/04/28,19.38,20.00,19.31,19.73,1728010,44595524.00
2026/04/29,19.69,20.53,19.68,20.46,1624302,43100304.00
2026/04/30,20.42,20.98,20.42,20.74,1825080,49182436.00
2026/05/06,20.84,21.11,20.52,20.74,1924625,52328864.00
2026/05/07,20.85,21.07,20.65,20.75,1653240,45039364.00
2026/05/08,20.75,21.22,20.55,21.11,1154825,31672202.00
2026/05/11,21.23,21.42,20.93,21.31,927300,25659626.00
2026/05/12,21.42,21.45,20.92,20.99,1219636,33711104.00
2026/05/13,21.12,21.16,20.47,20.76,1361475,37028244.00
2026/05/14,20.75,21.16,20.49,20.75,1307727,35508144.00
2026/05/15,20.83,20.95,20.42,20.58,1201030,32358088.00
2026/05/18,20.51,20.98,20.30,20.62,1319540,35274916.00
2026/05/19,20.61,21.22,20.43,20.72,1040250,28156460.00
2026/05/20,20.62,20.70,20.05,20.35,1110160,29544756.00
2026/05/21,20.45,20.72,19.38,19.53,1344590,35367008.00
2026/05/22,19.72,20.42,19.38,20.05,1192117,30840022.00
2026/05/25,20.10,20.36,18.81,19.18,1527540,38517328.00
2026/05/26,19.22,19.68,18.98,19.32,2178720,42086872.00
2026/05/27,19.30,19.67,18.38,18.77,1931544,36310080.00
2026/05/28,18.73,18.84,17.94,18.49,1605351,29601762.00
2026/05/29,18.50,19.90,18.19,18.48,2757169,52706856.00
2026/06/01,18.41,19.30,18.10,18.76,1768553,33456616.00
2026/06/02,18.96,19.04,17.95,18.31,1434560,26324812.00
2026/06/03,18.39,18.43,17.73,17.98,1434530,25835086.00
2026/06/04,17.87,18.10,17.37,17.53,1256650,22162066.00
2026/06/05,17.55,18.87,17.07,18.58,2194127,39307052.00
2026/06/08,18.46,18.46,17.00,17.30,2619796,46215620.00
2026/06/09,17.43,17.80,17.21,17.29,1573169,27496960.00
2026/06/10,17.16,17.38,16.61,17.30,1462625,24786342.00
2026/06/11,17.16,17.16,16.40,16.74,1148450,19268060.00
2026/06/12,17.00,17.42,16.62,17.03,1441402,24530316.00
2026/06/15,17.30,17.60,16.34,16.55,1600700,27010594.00
2026/06/16,16.63,16.95,16.12,16.67,1951405,32409812.00
2026/06/17,16.50,16.74,15.90,16.14,1576498,25435800.00
2026/06/18,15.94,16.21,15.51,15.82,1401306,22341592.00
2026/06/22,15.67,16.37,15.29,16.29,2001849,31759104.00
2026/06/23,16.15,17.01,16.04,16.63,1515801,25205020.00
2026/06/24,16.63,16.83,15.69,15.84,1298809,20812018.00
2026/06/25,15.69,16.00,15.21,15.35,1741290,26811508.00
2026/06/26,15.81,15.81,14.80,15.03,1436385,21676482.00
2026/06/29,14.95,15.31,14.35,15.04,1529837,22705034.00
2026/06/30,15.02,15.31,14.78,14.91,1355677,20350956.00
2026/07/01,14.61,15.37,14.61,15.17,1727769,26058612.00
2026/07/02,15.18,15.80,14.86,15.02,2312135,35233828.00
2026/07/03,15.21,15.80,15.05,15.72,1998086,31088118.00
2026/07/06,15.60,16.02,15.13,15.29,2180451,33641980.00
2026/07/07,15.29,16.47,14.98,15.35,2874458,44244860.00
2026/07/08,15.25,15.35,14.60,14.74,2630495,39056956.00
2026/07/09,14.74,16.07,14.59,15.42,3350199,51737640.00
2026/07/10,15.29,15.74,14.95,15.61,2938938,45417420.00
2026/07/13,15.63,15.65,14.90,15.09,2247072,34049532.00
2026/07/14,14.95,15.17,14.53,15.04,1737797,25841334.00
2026/07/15,15.25,15.46,14.90,15.18,1492382,22710508.00
2026/07/16,15.10,15.50,14.93,15.15,1310129,19971014.00
2026/07/17,15.15,15.40,14.31,14.40,1652902,24414636.00
2026/07/20,14.47,14.92,13.21,14.00,2048620,29048044.00
2026/07/21,13.79,13.90,12.66,13.50,2212728,29432240.00
2026/07/22,13.32,13.72,12.97,13.09,1851092,24560736.00
2026/07/23,13.09,13.58,12.98,13.51,1666430,22059716.00
2026/07/24,13.63,13.88,13.06,13.24,1422853,19110200.00
2026/07/27,13.11,13.99,13.11,13.86,1162238,15894822.00
2026/07/28,13.90,14.27,13.62,13.95,1205294,16886134.00
2026/07/29,13.79,14.26,13.79,14.09,1341380,18851580.00
2026/07/30,14.23,14.50,13.73,14.02,1337360,18943510.00
2026/07/31,13.98,14.59,13.98,14.51,1209467,17428824.00
2026/08/03,14.53,15.25,14.38,15.20,1776415,26411456.00
2026/08/04,15.32,15.80,15.12,15.59,1484030,22950638.00
2026/08/05,15.60,15.97,14.97,15.40,2196720,33859960.00
2026/08/06,15.42,15.74,15.21,15.62,1409828,21810096.00
2026/08/07,15.65,16.15,15.25,15.98,1657536,26127430.00
2026/08/10,16.04,16.39,15.60,16.36,1842351,29729512.00
2026/08/11,16.33,16.65,16.03,16.32,1408380,22903898.00
2026/08/12,16.31,16.57,16.19,16.46,1013366,16620186.00
2026/08/13,16.69,16.69,16.00,16.16,882413,14391855.00
2026/08/14,16.22,16.59,15.99,16.39,964218,15701726.00
2026/08/17,16.39,16.73,16.25,16.67,1140051,18829838.00
2026/08/18,16.65,16.85,16.48,16.61,1007686,16743788.00
2026/08/19,16.55,16.83,16.13,16.20,1455997,23809446.00
2026/08/20,16.40,16.84,16.28,16.74,1167906,19437208.00
2026/08/21,16.61,16.84,16.14,16.66,1350495,22273414.00
2026/08/24,16.67,16.98,16.20,16.45,1549179,25475704.00
2026/08/25,16.12,17.18,16.12,17.05,1752769,29565856.00
2026/08/26,17.02,17.43,16.97,17.38,1467371,25313990.00
2026/08/27,17.26,17.36,16.90,17.10,1342300,22973718.00
2026/08/28,17.10,17.31,17.00,17.20,895991,15405225.00
2026/08/31,17.14,17.76,16.98,17.74,1970361,34521420.00
2026/09/01,17.73,17.87,17.45,17.72,1401792,24748498.00
2026/09/02,17.55,17.77,17.38,17.68,983466,17275084.00
2026/09/03,17.50,18.12,17.22,17.26,1312940,22906956.00
2026/09/04,17.49,17.78,17.27,17.47,1383210,24311876.00
2026/09/07,17.30,17.79,17.29,17.62,1310644,23004252.00
2026/09/08,17.70,17.93,17.47,17.68,846460,14999387.00
2026/09/09,17.68,17.81,17.43,17.51,1065968,18732938.00
2026/09/10,17.47,17.62,17.30,17.31,884490,15430644.00
2026/09/11,17.30,17.30,16.72,16.91,1154684,19540336.00
2026/09/14,17.01,17.46,16.70,17.18,1222735,20998726.00
#数据来源:通达信
