300364 中文在线 日线 前复权
      日期	    开盘	    最高	    最低	    收盘	    成交量	    成交额
2021/08/02,5.46,6.25,5.41,5.91,27018263,157366752.00
2021/08/03,5.90,6.06,5.76,5.87,17254598,101995104.00
2021/08/04,5.87,6.14,5.82,5.98,15105517,90966920.00
2021/08/05,5.88,6.04,5.85,5.98,10861867,64413548.00
2021/08/06,6.00,6.00,5.72,5.75,9761210,56497380.00
2021/08/09,5.69,5.88,5.69,5.73,6709642,38564296.00
2021/08/10,5.70,5.92,5.69,5.81,7501916,43483840.00
2021/08/11,5.76,5.83,5.73,5.75,5737034,33057602.00
2021/08/12,5.72,5.86,5.69,5.72,6959857,40076992.00
2021/08/13,5.72,5.74,5.61,5.65,7047657,39899192.00
2021/08/16,5.61,5.71,5.61,5.65,4655226,26357992.00
2021/08/17,5.80,6.23,5.80,5.99,27428734,166330576.00
2021/08/18,5.95,6.24,5.90,6.18,26668825,162186144.00
2021/08/19,6.16,6.26,5.97,5.98,15029032,91392136.00
2021/08/20,5.96,6.38,5.90,6.37,26508336,165070944.00
2021/08/23,6.40,6.46,6.20,6.28,21857193,137550944.00
2021/08/24,6.21,6.28,6.10,6.14,13475020,82849800.00
2021/08/25,6.11,6.46,6.09,6.22,18114848,114558560.00
2021/08/26,6.21,6.32,6.08,6.10,15483991,95752856.00
2021/08/27,6.11,6.18,5.96,6.10,13083270,79247248.00
2021/08/30,6.03,6.22,6.02,6.04,9601021,58582564.00
2021/08/31,6.06,6.16,5.98,6.02,8163818,49388696.00
2021/09/01,6.05,6.09,5.87,6.04,10881964,65065432.00
2021/09/02,6.02,6.08,5.94,5.99,6793752,40823208.00
2021/09/03,6.00,6.24,5.98,6.07,10834370,66112680.00
2021/09/06,6.07,6.24,6.04,6.08,11293437,69082128.00
2021/09/07,6.06,6.18,6.03,6.15,9810409,60111800.00
2021/09/08,6.15,6.58,6.12,6.46,28839695,184471616.00
2021/09/09,6.40,6.42,6.26,6.30,15218813,95929048.00
2021/09/10,6.33,6.42,6.13,6.14,13870883,86475144.00
2021/09/13,6.11,6.24,6.03,6.11,9554822,58717188.00
2021/09/14,6.10,6.17,5.95,5.96,10915083,66003588.00
2021/09/15,5.95,6.07,5.90,5.95,8794685,52332492.00
2021/09/16,5.95,6.00,5.82,5.83,7812152,46051872.00
2021/09/17,5.83,5.86,5.64,5.77,8836250,50572336.00
2021/09/22,5.70,5.75,5.63,5.70,4924960,28017446.00
2021/09/23,5.86,5.99,5.78,5.78,9832811,57691944.00
2021/09/24,5.73,5.83,5.59,5.65,10475406,59528008.00
2021/09/27,5.65,5.69,5.40,5.48,7012315,38723972.00
2021/09/28,5.48,5.53,5.42,5.49,4167223,22847786.00
2021/09/29,5.44,5.51,5.28,5.28,6250374,33673476.00
2021/09/30,5.31,5.51,5.29,5.50,6137877,33396334.00
2021/10/08,5.54,5.70,5.49,5.69,6205590,34957060.00
2021/10/11,5.67,5.75,5.64,5.69,4797800,27316006.00
2021/10/12,5.69,5.69,5.51,5.58,5662100,31554232.00
2021/10/13,5.62,5.96,5.61,5.67,8440423,48374040.00
2021/10/14,5.63,5.68,5.53,5.59,5742537,32150778.00
2021/10/15,5.54,5.61,5.47,5.48,4340100,23998582.00
2021/10/18,5.48,5.57,5.42,5.57,4026033,22163392.00
2021/10/19,5.53,5.65,5.51,5.53,3984640,22168562.00
2021/10/20,5.56,5.66,5.55,5.61,4667272,26207930.00
2021/10/21,5.60,5.61,5.40,5.42,5730710,31465816.00
2021/10/22,5.42,5.72,5.42,5.60,9858123,55394320.00
2021/10/25,5.61,5.64,5.47,5.49,5784000,31839488.00
2021/10/26,5.51,5.62,5.48,5.53,3052754,16880102.00
2021/10/27,5.65,6.10,5.43,5.85,20017141,115459264.00
2021/10/28,5.68,6.33,5.64,6.13,34624839,208757952.00
2021/10/29,6.05,6.55,6.03,6.18,36241292,227090736.00
2021/11/01,6.20,6.50,6.12,6.28,26929560,169419808.00
2021/11/02,6.44,6.67,6.15,6.19,30775823,197024160.00
2021/11/03,6.19,6.57,6.19,6.37,31581607,202358752.00
2021/11/04,6.30,6.87,6.27,6.85,46792214,307764960.00
2021/11/05,6.84,7.85,6.74,7.40,74302970,535459104.00
2021/11/08,7.21,7.78,7.10,7.41,55229392,407052480.00
2021/11/09,7.28,7.33,7.11,7.15,34646517,249163728.00
2021/11/10,7.45,8.58,7.28,8.58,52276640,426135168.00
2021/11/11,9.05,10.30,8.72,10.16,166495230,1600550912.00
2021/11/12,9.61,11.86,9.30,11.29,158320892,1645327488.00
2021/11/15,11.07,11.46,10.09,10.35,133405900,1437514624.00
2021/11/16,9.99,10.88,9.86,10.17,102869174,1069277056.00
2021/11/17,10.13,10.37,9.73,9.86,89399825,894784064.00
2021/11/18,9.70,9.96,9.10,9.16,94991289,891198144.00
2021/11/19,9.01,9.74,9.00,9.55,89989220,844677632.00
2021/11/22,9.50,11.46,9.48,11.46,159911726,1757027840.00
2021/11/23,11.10,13.75,10.88,13.75,192812031,2364698112.00
2021/11/24,14.34,14.55,13.21,13.60,177434771,2451024384.00
2021/11/25,13.70,14.26,12.70,13.29,158966130,2123648256.00
2021/11/26,12.90,13.26,12.21,12.29,124592952,1575957248.00
2021/11/29,12.32,12.76,12.01,12.76,108297173,1335538816.00
2021/11/30,13.00,13.85,12.05,12.28,134226106,1739652224.00
2021/12/01,12.06,14.55,12.06,13.89,166198637,2212149760.00
2021/12/02,13.20,13.35,12.20,12.20,124030109,1593925760.00
2021/12/03,12.48,12.96,12.10,12.28,83455513,1040476672.00
2021/12/06,11.97,14.50,11.93,13.70,140177551,1853242752.00
2021/12/07,13.70,15.98,13.50,14.36,173656980,2564039424.00
2021/12/08,13.88,17.23,13.76,17.23,206427847,3262591744.00
2021/12/09,17.31,17.67,16.58,16.60,161317158,2766198784.00
2021/12/10,17.12,17.94,16.48,16.90,162118032,2790785792.00
2021/12/13,17.07,19.88,17.07,19.09,154421090,2892774144.00
2021/12/14,18.51,19.42,17.90,18.44,146195056,2715743744.00
2021/12/15,17.81,18.40,17.18,17.75,109130758,1935841408.00
2021/12/16,17.50,19.21,17.10,18.12,125001566,2301094400.00
2021/12/17,17.70,18.88,16.90,17.36,103778908,1832186880.00
2021/12/20,17.20,18.20,16.35,17.22,103581735,1799357952.00
2021/12/21,17.03,18.91,16.88,18.91,134691384,2424487424.00
2021/12/22,18.91,19.39,17.96,17.98,116065420,2158791424.00
2021/12/23,17.20,18.05,16.97,17.03,85805135,1485256448.00
2021/12/24,17.10,17.66,15.90,15.92,89524689,1493495936.00
2021/12/27,15.86,15.99,14.15,14.95,83613408,1250290432.00
2021/12/28,14.52,15.43,14.52,15.39,67844605,1027323648.00
2021/12/29,15.07,15.30,14.42,14.60,66492408,986805184.00
2021/12/30,14.63,15.30,14.63,14.81,71161941,1064300928.00
2021/12/31,14.82,15.45,14.65,14.83,63535252,954423424.00
2022/01/04,15.03,16.50,14.65,15.80,108898241,1684348288.00
2022/01/05,15.49,17.09,15.27,16.85,124264280,2033393920.00
2022/01/06,16.55,16.60,15.50,15.60,75440650,1201239936.00
2022/01/07,15.53,16.28,14.06,14.30,79543175,1218459008.00
2022/01/10,13.81,14.22,13.04,13.92,53088801,727963840.00
2022/01/11,13.94,14.28,13.28,13.60,60880477,838823168.00
2022/01/12,13.43,14.11,13.43,13.79,46903524,646189056.00
2022/01/13,13.67,13.95,13.23,13.25,51572285,697256192.00
2022/01/14,13.00,14.08,13.00,13.64,60376393,819667648.00
2022/01/17,13.84,14.46,13.63,14.07,67232614,942801856.00
2022/01/18,13.90,14.00,12.94,13.00,68775127,917843584.00
2022/01/19,12.93,14.05,12.87,13.59,73053866,983198336.00
2022/01/20,13.20,13.28,12.31,12.50,64870356,826232704.00
2022/01/21,12.30,12.68,11.84,11.90,45077376,546790528.00
2022/01/24,11.85,12.27,11.76,12.06,30884537,369892864.00
2022/01/25,11.86,12.05,11.31,11.36,36228266,419891296.00
2022/01/26,11.42,11.57,11.20,11.28,26503652,301288384.00
2022/01/27,11.34,11.40,10.90,10.95,26633201,295931584.00
2022/01/28,11.09,11.28,10.78,10.82,24440785,269660960.00
2022/02/07,10.99,11.08,10.70,10.88,25255446,274338272.00
2022/02/08,10.90,11.23,10.63,11.07,39797856,436880192.00
2022/02/09,11.00,11.54,10.89,11.44,47553863,535048768.00
2022/02/10,11.35,11.79,11.25,11.45,53848270,619396928.00
2022/02/11,11.47,11.76,10.49,10.58,53944984,591770560.00
2022/02/14,10.02,10.58,10.01,10.44,34712171,360654624.00
2022/02/15,10.52,10.74,10.27,10.52,33226286,348621248.00
2022/02/16,10.57,11.14,10.32,10.69,47884328,514954688.00
2022/02/17,10.42,10.75,10.38,10.49,37259985,392074112.00
2022/02/18,10.42,10.69,10.36,10.62,29200731,308241216.00
2022/02/21,10.50,11.05,10.45,10.88,41175533,445501824.00
2022/02/22,10.72,10.74,10.06,10.13,48750116,499222624.00
2022/02/23,10.14,10.52,10.14,10.39,33799320,349802112.00
2022/02/24,10.29,10.41,9.40,9.71,62631782,619036672.00
2022/02/25,9.88,10.04,9.54,9.63,34792350,340060256.00
2022/02/28,9.64,9.83,9.39,9.81,31598135,303596896.00
2022/03/01,9.78,10.09,9.78,10.00,30471120,303575232.00
2022/03/02,9.90,10.09,9.78,10.02,24777201,246361280.00
2022/03/03,10.03,10.08,9.73,9.86,23592658,232957888.00
2022/03/04,9.86,11.36,9.74,10.90,117586738,1243895936.00
2022/03/07,10.55,10.78,10.28,10.40,71636352,754087616.00
2022/03/08,10.39,10.45,9.25,9.49,68840034,667076224.00
2022/03/09,9.28,9.56,8.72,9.46,53484313,494122240.00
2022/03/10,9.66,11.33,9.58,10.39,90092103,933674432.00
2022/03/11,10.24,10.61,10.10,10.51,68379922,706422464.00
2022/03/14,10.29,11.97,10.21,11.38,118375663,1315929984.00
2022/03/15,11.08,11.95,10.87,11.39,111663739,1266954368.00
2022/03/16,11.53,12.52,11.12,12.29,121131640,1442752896.00
2022/03/17,12.29,12.87,11.67,11.91,122631008,1499458048.00
2022/03/18,11.39,11.64,11.06,11.20,82648016,931653952.00
2022/03/21,11.10,11.58,11.05,11.30,60621598,688519680.00
2022/03/22,11.10,12.24,10.91,11.97,95873226,1119203840.00
2022/03/23,11.78,12.02,11.46,11.55,61560436,720666240.00
2022/03/24,11.39,11.45,11.00,11.06,45685641,510606496.00
2022/03/25,11.15,11.95,11.02,11.65,79407150,920019520.00
2022/03/28,11.55,12.50,11.55,11.88,87075671,1050629632.00
2022/03/29,11.99,12.70,11.66,12.70,103753679,1280044288.00
2022/03/30,12.71,12.76,12.22,12.49,86966999,1082489472.00
2022/03/31,12.33,13.19,12.21,12.38,92280453,1172259712.00
2022/04/01,12.12,13.37,12.00,13.35,112223775,1449206656.00
2022/04/06,13.20,14.28,13.06,13.40,111138078,1528523520.00
2022/04/07,13.26,14.05,13.10,13.11,87616334,1187019520.00
2022/04/08,12.98,12.98,11.69,11.75,92920105,1137909376.00
2022/04/11,11.51,11.98,11.06,11.32,62679209,721259264.00
2022/04/12,11.60,11.78,10.74,11.22,62224694,693551424.00
2022/04/13,11.00,11.00,10.08,10.26,60121494,626081088.00
2022/04/14,10.17,10.77,10.17,10.60,45930900,484580352.00
2022/04/15,10.52,10.63,10.00,10.06,42539798,434624096.00
2022/04/18,10.20,10.55,9.92,10.38,40587143,417961152.00
2022/04/19,10.27,11.18,10.19,11.12,69777592,747339584.00
2022/04/20,10.92,11.49,10.86,10.88,62856294,700313216.00
2022/04/21,10.66,11.13,10.42,10.47,47176035,508564704.00
2022/04/22,10.47,10.49,9.56,9.66,52872722,525039008.00
2022/04/25,9.42,9.54,8.76,8.76,44993927,411362880.00
2022/04/26,8.78,9.15,8.67,8.73,41663594,372548992.00
2022/04/27,8.55,9.08,8.27,9.02,47738471,412595264.00
2022/04/28,8.81,8.90,8.02,8.14,52721071,440780384.00
2022/04/29,8.35,8.87,8.33,8.72,52834849,457132704.00
2022/05/05,8.76,9.03,8.50,8.90,36972354,327258880.00
2022/05/06,8.57,9.07,8.56,8.71,36183800,318897632.00
2022/05/09,8.90,9.30,8.81,9.06,43171269,392336512.00
2022/05/10,8.80,9.28,8.75,9.16,37421560,339825248.00
2022/05/11,9.12,9.63,8.97,9.00,59192479,550244160.00
2022/05/12,8.93,9.34,8.74,9.08,42395385,384294880.00
2022/05/13,9.30,9.42,9.06,9.12,41312526,379924576.00
2022/05/16,9.10,9.42,9.04,9.22,43043831,396904096.00
2022/05/17,9.19,9.31,8.71,9.01,40158774,359259232.00
2022/05/18,9.07,9.20,8.76,8.78,35451100,317926976.00
2022/05/19,8.60,8.78,8.51,8.77,28446739,245895072.00
2022/05/20,8.80,8.95,8.64,8.76,24474312,215037696.00
2022/05/23,9.23,9.47,9.07,9.26,69515725,645262784.00
2022/05/24,9.11,9.51,8.76,8.76,64179524,587575680.00
2022/05/25,8.63,9.25,8.52,9.16,51001654,455274592.00
2022/05/26,9.16,10.88,9.06,10.42,103749432,1005260608.00
2022/05/27,10.09,10.97,10.07,10.44,100859543,1062032512.00
2022/05/30,10.73,10.99,10.08,10.35,77993427,820838400.00
2022/05/31,10.37,10.68,10.27,10.42,61796655,646865152.00
2022/06/01,10.25,10.59,10.18,10.18,60108193,622213184.00
2022/06/02,10.07,10.26,9.83,9.96,53138585,530425792.00
2022/06/06,9.96,10.20,9.92,10.06,34113214,344326656.00
2022/06/07,10.07,10.20,9.70,9.94,39445593,391122176.00
2022/06/08,9.95,10.09,9.56,10.02,46548520,459708096.00
2022/06/09,9.95,10.69,9.80,10.46,78336686,804855232.00
2022/06/10,10.25,10.96,10.16,10.61,68660179,725645120.00
2022/06/13,10.61,10.92,10.23,10.36,51817353,547264192.00
2022/06/14,10.16,10.23,9.81,10.10,36748279,368165760.00
2022/06/15,10.10,10.35,9.96,10.30,41255153,419432320.00
2022/06/16,10.20,11.87,10.17,11.40,97988728,1085499264.00
2022/06/17,11.30,11.59,10.94,10.99,70481758,790839232.00
2022/06/20,11.01,11.36,10.83,11.03,49540574,549700224.00
2022/06/21,11.30,12.33,11.06,11.74,85355930,999275200.00
2022/06/22,11.66,12.00,11.00,11.02,71035256,814625024.00
2022/06/23,10.85,11.10,10.61,11.01,54603623,591739968.00
2022/06/24,11.01,11.41,10.93,11.16,45667202,509360864.00
2022/06/27,11.07,11.55,11.03,11.17,44590480,502572000.00
2022/06/28,11.07,11.25,10.79,11.00,41611556,458368320.00
2022/06/29,11.00,11.49,10.84,11.05,53682442,602323264.00
2022/06/30,10.94,11.35,10.88,10.98,41810885,463452992.00
2022/07/01,11.00,11.09,10.45,10.45,42395647,452181760.00
2022/07/04,10.45,10.54,10.19,10.35,28411779,293448992.00
2022/07/05,10.38,10.46,9.92,10.14,31454654,318578656.00
2022/07/06,10.10,10.23,9.87,10.00,22987711,231038880.00
2022/07/07,10.00,10.25,9.83,10.19,27457081,275947616.00
2022/07/08,10.20,10.69,10.14,10.28,39587805,413207296.00
2022/07/11,10.14,10.43,9.98,10.01,25505803,258035792.00
2022/07/12,9.98,10.02,9.52,9.53,27721091,268330224.00
2022/07/13,9.63,9.95,9.60,9.64,20683728,201620352.00
2022/07/14,9.65,9.93,9.46,9.74,23235327,225593872.00
2022/07/15,9.64,9.72,9.22,9.23,28208310,265638768.00
2022/07/18,9.22,9.60,9.22,9.56,18586532,175723792.00
2022/07/19,9.55,9.96,9.51,9.85,30646223,299407200.00
2022/07/20,9.92,10.01,9.81,9.95,25563410,253296576.00
2022/07/21,9.98,10.39,9.92,9.93,32010458,323833696.00
2022/07/22,9.88,10.02,9.61,9.73,23788697,232889776.00
2022/07/25,9.74,9.83,9.50,9.58,12810140,123520704.00
2022/07/26,9.57,10.23,9.56,10.18,33819816,335414272.00
2022/07/27,10.02,10.07,9.90,10.00,25302701,252276256.00
2022/07/28,10.15,10.28,9.96,9.96,25236129,255440784.00
2022/07/29,9.92,10.09,9.73,9.78,20679504,205027728.00
2022/08/01,9.73,9.94,9.62,9.85,14385220,140976864.00
2022/08/02,9.67,9.69,9.05,9.08,28111362,259791920.00
2022/08/03,9.05,9.32,8.90,8.93,18923403,172893728.00
2022/08/04,9.00,9.16,8.93,9.16,14720097,133343456.00
2022/08/05,9.16,9.48,9.16,9.40,19824213,185242384.00
2022/08/08,9.37,9.60,9.30,9.50,18925249,178727696.00
2022/08/09,9.50,9.77,9.38,9.71,24480069,233756832.00
2022/08/10,9.67,9.87,9.48,9.55,22584267,217041056.00
2022/08/11,9.58,9.97,9.53,9.76,30156958,295205696.00
2022/08/12,9.73,9.91,9.67,9.84,20590452,202141456.00
2022/08/15,9.89,9.89,9.64,9.67,17317752,168520864.00
2022/08/16,9.67,9.77,9.58,9.67,14789750,142676400.00
2022/08/17,9.67,9.87,9.54,9.74,23318705,226653312.00
2022/08/18,9.71,9.74,9.22,9.45,28320877,266007456.00
2022/08/19,9.50,9.97,9.47,9.57,43689525,426280480.00
2022/08/22,9.39,9.79,9.24,9.50,25660401,245635136.00
2022/08/23,9.51,9.58,9.27,9.31,22060059,206350336.00
2022/08/24,9.31,9.42,9.05,9.09,19704552,181314944.00
2022/08/25,9.09,9.26,8.82,9.09,19480684,176037152.00
2022/08/26,9.12,9.20,8.90,8.95,18035867,163745344.00
2022/08/29,8.38,8.85,8.25,8.83,18723962,161791184.00
2022/08/30,8.81,9.13,8.80,8.86,15882401,142095568.00
2022/08/31,8.80,9.01,8.54,8.57,16310869,142653856.00
2022/09/01,8.51,8.64,8.32,8.38,14675200,124212288.00
2022/09/02,8.37,8.75,8.37,8.69,19426276,167975152.00
2022/09/05,8.68,8.80,8.40,8.51,15584400,132463208.00
2022/09/06,8.53,8.59,8.37,8.54,10049875,85158664.00
2022/09/07,8.52,8.52,8.33,8.38,13115953,110100304.00
2022/09/08,8.41,8.50,8.29,8.31,14016800,117644904.00
2022/09/09,8.33,8.39,8.15,8.34,12152255,100588304.00
2022/09/13,8.39,8.49,8.33,8.34,9339125,78419968.00
2022/09/14,8.20,8.32,8.15,8.23,8411500,69183808.00
2022/09/15,8.27,8.53,8.22,8.45,30224764,254648544.00
2022/09/16,8.46,8.85,8.40,8.58,24961370,215292560.00
2022/09/19,8.73,8.73,8.22,8.61,18647642,157198704.00
2022/09/20,8.58,8.90,8.57,8.78,22083505,193467936.00
2022/09/21,8.80,8.89,8.62,8.71,13783537,120328056.00
2022/09/22,8.70,8.74,8.37,8.37,14696923,125013928.00
2022/09/23,8.31,8.44,7.77,7.80,18163793,147080512.00
2022/09/26,7.77,7.77,7.35,7.40,18507200,138359408.00
2022/09/27,7.39,7.70,7.39,7.68,15175009,114476328.00
2022/09/28,7.68,7.72,7.24,7.25,15468774,114582768.00
2022/09/29,7.33,7.38,6.94,6.99,16291149,116027872.00
2022/09/30,7.03,7.11,6.91,6.97,11619918,81520088.00
2022/10/10,6.96,7.15,6.77,6.85,13882378,95948960.00
2022/10/11,6.80,6.93,6.57,6.73,23389338,157573568.00
2022/10/12,6.77,7.01,6.63,7.01,18511277,125863096.00
2022/10/13,7.01,7.25,7.01,7.09,20274810,144591408.00
2022/10/14,7.17,7.36,7.16,7.29,16622478,121162832.00
2022/10/17,7.28,7.59,7.21,7.50,17898042,133214880.00
2022/10/18,7.63,7.64,7.38,7.46,14756323,110331712.00
2022/10/19,7.38,7.59,7.30,7.35,14631303,108299016.00
2022/10/20,7.31,7.51,7.30,7.36,12377500,91707768.00
2022/10/21,7.36,7.42,7.18,7.22,12778352,92909824.00
2022/10/24,7.25,7.39,6.91,6.94,18257074,130416448.00
2022/10/25,7.00,7.03,6.68,6.87,14621038,100045320.00
2022/10/26,6.87,7.14,6.84,7.09,17078900,120127136.00
2022/10/27,7.05,7.39,7.05,7.29,21178540,153859088.00
2022/10/28,7.24,7.78,7.17,7.49,47890576,360084736.00
2022/10/31,7.34,7.47,7.10,7.40,35381663,258952800.00
2022/11/01,7.31,7.57,7.31,7.56,26592568,198314576.00
2022/11/02,8.25,8.78,7.92,7.94,74490178,620570176.00
2022/11/03,7.92,8.17,7.60,7.91,48044068,377756000.00
2022/11/04,7.82,8.22,7.80,8.01,41455159,333829344.00
2022/11/07,7.96,9.61,7.96,9.61,92888305,827267328.00
2022/11/08,9.51,10.29,9.23,9.81,130573038,1283556352.00
2022/11/09,9.50,10.04,9.26,9.52,78958910,757791232.00
2022/11/10,9.48,11.23,9.40,10.78,131519185,1358982784.00
2022/11/11,10.65,11.70,10.00,10.12,147643886,1620307328.00
2022/11/14,9.89,11.12,9.86,10.63,103457304,1088360832.00
2022/11/15,10.36,10.86,10.00,10.19,90489897,930336768.00
2022/11/16,10.50,11.29,10.49,11.07,125642740,1373933952.00
2022/11/17,10.85,11.11,10.40,10.92,83964249,899134400.00
2022/11/18,10.80,11.58,10.50,10.54,78779637,865614592.00
2022/11/21,10.25,10.49,9.91,10.25,60329044,614786752.00
2022/11/22,10.25,10.47,9.92,10.00,44675101,453808320.00
2022/11/23,10.00,10.10,9.55,9.80,41941046,408153248.00
2022/11/24,9.80,9.97,9.63,9.85,29103788,284816064.00
2022/11/25,9.79,9.88,9.35,9.41,37669004,359873856.00
2022/11/28,9.21,9.45,9.09,9.35,26060831,242704160.00
2022/11/29,9.33,9.56,9.26,9.45,28190269,266768592.00
2022/11/30,9.40,9.85,9.30,9.59,48533921,465842880.00
2022/12/01,9.50,9.69,9.27,9.35,44988372,426690240.00
2022/12/02,9.39,9.70,9.36,9.52,38639804,368751648.00
2022/12/05,9.83,10.42,9.42,10.15,84261842,838308608.00
2022/12/06,9.99,10.08,9.69,9.77,58758923,579184448.00
2022/12/07,9.88,10.31,9.83,10.15,65329867,658800448.00
2022/12/08,9.98,10.00,9.54,9.61,51535463,498225344.00
2022/12/09,9.61,9.71,9.15,9.44,38930130,365147136.00
2022/12/12,9.27,9.54,9.27,9.34,22623906,212535040.00
2022/12/13,9.30,9.59,9.10,9.10,30111446,280947840.00
2022/12/14,9.01,9.38,9.01,9.29,27522241,253896928.00
2022/12/15,9.22,9.59,9.19,9.35,28076445,264052992.00
2022/12/16,9.28,9.33,8.98,9.02,28832147,261801648.00
2022/12/19,9.09,9.20,8.82,9.09,23060608,208383184.00
2022/12/20,9.30,9.44,8.85,8.91,28548491,259524608.00
2022/12/21,8.63,8.96,8.63,8.69,23652682,207749888.00
2022/12/22,8.76,8.95,8.58,8.68,24537052,215510016.00
2022/12/23,8.61,9.65,8.51,9.34,58775836,544916352.00
2022/12/26,9.22,9.36,9.13,9.24,34112447,314441312.00
2022/12/27,9.25,9.46,9.18,9.36,34012542,316772576.00
2022/12/28,9.48,9.49,9.03,9.23,32636627,301989920.00
2022/12/29,9.13,9.79,9.13,9.26,47466487,451575296.00
2022/12/30,9.27,10.15,9.16,9.92,72147237,707912192.00
2023/01/03,9.82,10.43,9.69,10.31,79021851,793797504.00
2023/01/04,10.21,10.25,9.98,10.03,54430183,548614400.00
2023/01/05,10.10,10.24,9.90,10.04,42274287,424403680.00
2023/01/06,10.03,10.03,9.67,9.73,34328618,336109952.00
2023/01/09,9.73,9.88,9.67,9.75,21347336,208038832.00
2023/01/10,9.75,10.03,9.53,10.03,38849696,382555808.00
2023/01/11,9.92,9.99,9.56,9.56,32849353,320889792.00
2023/01/12,9.57,9.78,9.47,9.64,24637371,237832656.00
2023/01/13,9.54,9.73,9.45,9.58,19436108,185860480.00
2023/01/16,9.60,9.72,9.53,9.64,17503669,168900640.00
2023/01/17,9.70,9.74,9.24,9.32,28177338,265248384.00
2023/01/18,9.33,9.52,9.32,9.32,14747569,138655136.00
2023/01/19,9.30,9.37,9.16,9.16,17352600,160292448.00
2023/01/20,9.24,9.40,9.21,9.36,15434492,144092208.00
2023/01/30,10.33,10.94,10.13,10.41,108229018,1131164544.00
2023/01/31,10.36,10.42,9.96,10.27,57197583,582017984.00
2023/02/01,10.32,10.77,10.27,10.72,65346183,691951616.00
2023/02/02,10.72,12.66,10.72,11.66,124447354,1448237568.00
2023/02/03,11.67,12.12,11.54,11.82,80741439,952120384.00
2023/02/06,11.95,12.40,11.70,12.16,85811192,1040556672.00
2023/02/07,11.77,13.36,11.68,12.43,102799034,1287081088.00
2023/02/08,12.31,12.69,11.79,11.95,77213318,935590592.00
2023/02/09,11.81,12.14,11.48,12.03,59519894,705686720.00
2023/02/10,12.09,12.75,12.00,12.12,74700139,920824128.00
2023/02/13,12.15,12.19,11.67,12.13,62428673,746330816.00
2023/02/14,12.47,13.08,12.16,12.60,107462188,1364617856.00
2023/02/15,12.64,14.03,12.20,13.88,143406085,1887428736.00
2023/02/16,13.29,14.50,12.93,13.10,125749776,1712319360.00
2023/02/17,13.32,13.40,12.28,12.30,72742966,925035392.00
2023/02/20,12.39,13.02,12.14,12.86,79358853,998249664.00
2023/02/21,12.76,13.88,12.74,13.24,98586958,1311856384.00
2023/02/22,13.28,13.50,12.57,13.09,76761180,996229376.00
2023/02/23,13.01,13.08,12.05,12.22,74581568,926748608.00
2023/02/24,12.21,12.45,12.08,12.26,46673007,573629504.00
2023/02/27,12.00,12.17,11.56,11.61,56905353,671364032.00
2023/02/28,11.73,11.80,11.47,11.75,36815139,429083072.00
2023/03/01,11.60,12.31,11.56,12.26,64232617,777362304.00
2023/03/02,12.20,12.77,12.08,12.60,76124000,948309440.00
2023/03/03,12.19,12.60,12.11,12.39,53520536,660826368.00
2023/03/06,12.38,12.52,11.94,12.00,39787340,482835552.00
2023/03/07,12.05,13.23,11.85,12.96,119057108,1516262272.00
2023/03/08,12.87,13.07,12.61,12.95,76253429,977993344.00
2023/03/09,13.30,13.59,12.75,12.84,98359527,1294811648.00
2023/03/10,12.58,12.80,12.15,12.20,74538066,931031296.00
2023/03/13,12.18,12.65,11.76,12.60,65482827,804362688.00
2023/03/14,12.47,12.95,12.18,12.18,70030142,880701632.00
2023/03/15,12.31,12.52,11.69,11.73,56493063,675871232.00
2023/03/16,11.52,12.27,11.30,11.86,63266333,747303168.00
2023/03/17,12.00,13.26,12.00,12.82,101610347,1297547136.00
2023/03/20,13.19,13.81,12.97,13.23,100682696,1343492608.00
2023/03/21,13.23,13.80,13.08,13.53,74122834,1000667968.00
2023/03/22,13.58,14.96,13.58,14.72,126433518,1804999424.00
2023/03/23,14.51,14.82,14.18,14.52,87007192,1263885696.00
2023/03/24,14.73,17.42,14.65,17.42,187973980,3037297152.00
2023/03/27,18.00,19.54,17.59,19.16,204388915,3772298752.00
2023/03/28,20.21,22.21,19.99,20.62,187449357,3928521984.00
2023/03/29,20.64,21.39,19.76,19.89,181240975,3730849280.00
2023/03/30,20.08,21.19,19.80,20.40,128496538,2631946496.00
2023/03/31,20.59,22.82,20.44,22.80,152189419,3268169472.00
2023/04/03,22.11,24.20,22.10,23.70,149256504,3509798144.00
2023/04/04,22.99,23.98,21.80,22.15,118241570,2684155136.00
2023/04/06,21.05,21.44,19.43,19.99,147190984,3025480448.00
2023/04/07,20.60,23.99,20.10,23.99,141586155,3104967168.00
2023/04/10,24.46,24.80,21.61,22.10,163775497,3862074880.00
2023/04/11,22.89,26.52,22.89,26.52,193903619,4886159872.00
2023/04/12,26.88,26.89,24.20,25.55,203192239,5109857280.00
2023/04/13,25.02,27.76,24.60,25.45,192019979,5008464896.00
2023/04/14,25.31,27.49,25.12,25.83,158946055,4185024000.00
2023/04/17,24.09,24.64,23.10,23.10,126574589,3001798144.00
2023/04/18,23.50,24.59,22.52,24.39,134084890,3150769408.00
2023/04/19,23.66,25.98,23.60,24.20,144873381,3593366784.00
2023/04/20,25.41,26.26,24.12,25.80,180378114,4546954752.00
2023/04/21,24.98,25.30,22.93,22.93,139035712,3335880960.00
2023/04/24,22.00,23.95,21.57,22.72,126962103,2874180096.00
2023/04/25,24.62,24.90,23.01,23.50,133815052,3207021824.00
2023/04/26,23.91,27.06,23.73,25.44,195896184,4948106752.00
2023/04/27,24.02,24.36,20.35,20.35,171872968,3767412736.00
2023/04/28,19.88,23.00,19.65,22.05,149086429,3172457728.00
2023/05/04,21.60,22.10,20.36,21.12,115783470,2439899648.00
2023/05/05,21.00,21.29,19.68,20.09,103833710,2108714240.00
2023/05/08,20.49,21.28,20.20,20.69,88664627,1842875264.00
2023/05/09,21.88,23.50,21.28,21.49,134781646,3002372864.00
2023/05/10,21.12,24.00,21.12,22.75,158788234,3642267392.00
2023/05/11,23.77,24.96,21.97,23.50,158862278,3789112576.00
2023/05/12,23.30,25.50,23.30,23.90,136295407,3337295360.00
2023/05/15,23.25,23.75,20.25,21.24,153804221,3326670336.00
2023/05/16,21.08,21.10,19.29,19.64,116033204,2319017472.00
2023/05/17,19.36,19.74,18.74,19.03,77748661,1486232960.00
2023/05/18,19.00,20.31,18.41,19.92,102912368,2008309504.00
2023/05/19,19.70,20.05,18.81,18.82,74150433,1432262272.00
2023/05/22,18.70,19.46,18.22,19.38,71928320,1356405248.00
2023/05/23,19.00,19.08,17.94,18.10,70075109,1287303680.00
2023/05/24,18.00,18.50,17.69,18.12,62943577,1138755968.00
2023/05/25,18.04,18.31,16.95,17.45,73490064,1282164096.00
2023/05/26,17.43,18.53,17.32,18.28,71843106,1295506432.00
2023/05/29,18.35,19.16,18.33,18.70,76155626,1424936320.00
2023/05/30,18.33,20.88,17.89,20.26,115986812,2266427648.00
2023/05/31,20.20,21.07,19.73,20.38,94698195,1923611008.00
2023/06/01,19.90,21.67,19.61,21.09,117449891,2467915520.00
2023/06/02,21.64,22.52,21.20,21.99,111625276,2441593600.00
2023/06/05,21.60,22.55,21.18,22.23,88607886,1944314496.00
2023/06/06,21.83,22.38,20.71,20.90,84913610,1823259776.00
2023/06/07,21.31,22.33,20.51,21.58,85676045,1857683456.00
2023/06/08,22.02,22.99,20.60,21.91,113827496,2495676416.00
2023/06/09,20.80,21.50,19.50,21.09,115780443,2387765248.00
2023/06/12,21.20,22.18,20.77,20.84,83187735,1788022912.00
2023/06/13,20.80,21.75,20.55,21.18,77537685,1645094400.00
2023/06/14,20.88,23.15,20.80,22.20,119944628,2655732736.00
2023/06/15,22.20,23.04,21.80,22.07,95124720,2129118848.00
2023/06/16,21.87,24.28,21.06,23.64,123897342,2806995712.00
2023/06/19,23.84,23.99,22.66,23.42,93438592,2165115648.00
2023/06/20,23.01,24.00,22.72,22.77,85577410,1989980800.00
2023/06/21,22.40,22.82,20.19,20.19,105864099,2242122240.00
2023/06/26,19.80,20.24,17.85,17.91,90445871,1703059456.00
2023/06/27,18.00,18.48,17.64,18.04,57722285,1036991488.00
2023/06/28,17.80,17.89,16.40,17.38,73476537,1252672896.00
2023/06/29,17.65,18.19,17.61,17.93,53452624,960865600.00
2023/06/30,17.81,18.14,17.50,17.82,42308324,751577984.00
2023/07/03,18.06,18.10,16.90,17.54,46615107,810329728.00
2023/07/04,17.30,17.50,17.05,17.25,39794722,685563264.00
2023/07/05,17.30,17.45,16.86,16.89,36334602,621612928.00
2023/07/06,16.77,17.30,16.72,16.91,31843358,542371776.00
2023/07/07,16.92,17.02,16.15,16.54,37576372,621128320.00
2023/07/10,16.80,16.85,16.30,16.46,22496644,370392736.00
2023/07/11,16.45,16.66,16.14,16.32,25407965,416632000.00
2023/07/12,16.30,16.36,15.58,15.63,45496199,721644480.00
2023/07/13,15.79,16.76,15.63,16.55,68123539,1110570496.00
2023/07/14,17.00,18.63,16.70,18.20,112016005,2010891904.00
2023/07/17,17.70,18.31,17.55,17.68,59544255,1061640896.00
2023/07/18,17.45,17.90,17.16,17.50,44303240,775767552.00
2023/07/19,17.58,18.47,17.50,18.03,69398603,1249552640.00
2023/07/20,17.74,17.76,16.86,16.91,55784342,962291648.00
2023/07/21,16.79,17.09,16.34,16.68,43709151,730544512.00
2023/07/24,16.67,17.11,16.45,16.56,27081728,453209216.00
2023/07/25,16.89,17.66,16.52,17.12,48751598,833804992.00
2023/07/26,17.00,17.05,16.25,16.32,39355273,651346688.00
2023/07/27,16.24,16.37,15.83,15.84,31282299,501926080.00
2023/07/28,15.73,16.03,15.35,15.57,34580674,538728896.00
2023/07/31,15.55,16.12,15.17,15.76,35899512,564575552.00
2023/08/01,15.67,15.73,15.25,15.53,25949044,401914560.00
2023/08/02,15.49,16.16,15.30,15.93,36315868,568608576.00
2023/08/03,15.62,15.92,15.37,15.49,33179669,516896096.00
2023/08/04,15.40,16.18,15.37,15.94,50537668,803277184.00
2023/08/07,15.94,16.70,15.92,16.28,57582876,943104064.00
2023/08/08,16.11,16.94,16.11,16.37,61308219,1018918528.00
2023/08/09,16.00,16.30,15.15,15.31,64866902,1010568256.00
2023/08/10,15.13,15.69,15.02,15.24,33102804,509844000.00
2023/08/11,15.36,15.59,14.95,14.99,29713467,452681888.00
2023/08/14,14.78,15.70,14.76,15.69,44732343,685491072.00
2023/08/15,15.69,15.85,15.14,15.26,30815700,475122560.00
2023/08/16,15.31,15.35,14.62,14.78,32022117,476932928.00
2023/08/17,14.75,15.23,14.58,15.02,29659873,445189760.00
2023/08/18,15.02,15.15,14.25,14.25,35323461,515627744.00
2023/08/21,14.24,14.85,14.20,14.36,28921606,420869504.00
2023/08/22,14.72,15.58,14.38,15.58,66827340,1001562048.00
2023/08/23,15.18,15.50,14.91,15.09,50480261,767522368.00
2023/08/24,15.25,15.85,15.10,15.22,61865730,954862144.00
2023/08/25,14.86,14.90,14.09,14.20,51578835,746850560.00
2023/08/28,14.96,15.24,14.30,14.38,44753607,658129600.00
2023/08/29,14.30,15.45,14.21,15.39,63822953,961757952.00
2023/08/30,15.32,15.97,14.95,15.69,79387193,1226459392.00
2023/08/31,15.72,16.20,15.50,15.73,61355034,971524096.00
2023/09/01,15.74,15.85,15.20,15.30,40447288,624185024.00
2023/09/04,15.38,15.40,15.07,15.25,34697207,526572512.00
2023/09/05,15.00,15.07,14.66,14.79,34619374,512667072.00
2023/09/06,14.60,14.68,14.32,14.62,27689389,402482880.00
2023/09/07,14.60,14.84,14.19,14.20,34131170,492738528.00
2023/09/08,14.07,14.28,13.55,13.68,35144995,483444864.00
2023/09/11,13.88,14.68,13.88,14.38,52244708,743380352.00
2023/09/12,14.17,14.35,14.10,14.13,26240200,372575616.00
2023/09/13,14.10,14.12,13.60,13.74,27987422,385547584.00
2023/09/14,13.72,13.74,13.44,13.52,19826673,268370976.00
2023/09/15,13.59,13.75,13.36,13.37,21051212,284551136.00
2023/09/18,13.30,13.53,13.09,13.30,17613400,235639072.00
2023/09/19,13.36,13.38,13.02,13.07,18709663,245799856.00
2023/09/20,13.00,13.18,12.93,12.94,15034040,196138368.00
2023/09/21,12.93,13.08,12.76,12.77,17852378,229874704.00
2023/09/22,12.81,13.65,12.73,13.59,45663993,610360640.00
2023/09/25,13.86,14.17,13.60,13.61,43683293,603611712.00
2023/09/26,13.80,14.24,13.67,13.90,51426286,719314240.00
2023/09/27,13.70,14.43,13.65,14.17,51142790,725696832.00
2023/09/28,14.23,14.60,14.18,14.30,35483701,509583264.00
2023/10/09,14.23,14.26,13.95,14.14,30000801,423005888.00
2023/10/10,14.13,14.49,14.10,14.24,29263018,416848768.00
2023/10/11,14.33,14.77,13.92,14.63,49946574,722511296.00
2023/10/12,14.57,14.68,14.10,14.17,30202441,431811168.00
2023/10/13,14.06,14.19,13.75,13.80,24600709,342406976.00
2023/10/16,13.99,14.06,13.46,13.55,22271786,304780352.00
2023/10/17,13.62,13.69,13.26,13.40,18778959,251536432.00
2023/10/18,13.21,13.26,12.77,12.96,25176066,325990368.00
2023/10/19,12.81,13.16,12.80,12.82,20604850,267264608.00
2023/10/20,12.73,13.00,12.32,12.35,22263953,279134560.00
2023/10/23,12.35,12.52,11.95,12.01,22208504,269122208.00
2023/10/24,12.18,13.57,12.11,13.05,55331023,714601600.00
2023/10/25,12.99,13.42,12.92,13.00,43660732,574189952.00
2023/10/26,12.85,13.04,12.58,12.85,26150918,334260288.00
2023/10/27,12.72,12.75,12.48,12.63,26395899,333018272.00
2023/10/30,12.63,12.96,12.51,12.92,32072503,410487520.00
2023/10/31,14.52,15.14,13.81,14.09,116241319,1669672704.00
2023/11/01,13.85,14.80,13.72,13.74,80312785,1134835840.00
2023/11/02,13.76,15.89,13.76,15.35,152007781,2286158336.00
2023/11/03,15.30,16.18,15.03,15.59,133243771,2086006144.00
2023/11/06,17.01,18.71,16.71,18.71,144232369,2569710592.00
2023/11/07,20.58,22.44,19.80,22.30,251260173,5266788352.00
2023/11/08,22.48,26.76,22.48,26.76,149212705,3661538816.00
2023/11/09,28.64,28.96,26.11,27.97,215358394,5977684480.00
2023/11/10,27.73,28.50,24.55,25.40,198507651,5286153728.00
2023/11/13,27.41,30.48,27.11,27.70,241478268,6995242496.00
2023/11/14,27.89,30.47,27.08,30.30,185043695,5328715264.00
2023/11/15,28.81,29.73,27.07,27.20,197290824,5619028992.00
2023/11/16,26.30,28.36,25.60,27.55,151356020,4149791488.00
2023/11/17,28.27,29.05,27.06,28.25,134280314,3789985024.00
2023/11/20,26.80,31.19,26.70,29.40,171168005,5009005568.00
2023/11/21,29.40,32.30,28.76,30.10,178952616,5429559808.00
2023/11/22,31.30,35.98,30.33,33.96,208986031,6823912448.00
2023/11/23,33.00,33.67,31.07,31.78,149194166,4810075136.00
2023/11/24,32.78,34.48,31.87,33.75,142069874,4752235008.00
2023/11/27,31.85,31.99,27.00,27.01,181742958,5282002944.00
2023/11/28,27.77,28.25,26.80,27.29,97188901,2668735232.00
2023/11/29,26.98,28.74,26.20,27.98,113779473,3125320704.00
2023/11/30,28.61,30.26,28.00,29.49,122399808,3586389248.00
2023/12/01,29.56,30.95,29.05,29.90,120391039,3625335296.00
2023/12/04,30.60,31.59,29.15,29.39,131621156,4033819392.00
2023/12/05,29.86,31.12,29.24,30.84,133042905,4035391232.00
2023/12/06,30.17,31.83,29.80,30.87,125402936,3868701184.00
2023/12/07,30.50,31.77,30.37,30.40,106525829,3297276416.00
2023/12/08,29.07,31.20,27.80,29.98,105359722,3148151040.00
2023/12/11,30.01,33.54,29.99,33.40,145770653,4662156800.00
2023/12/12,33.13,33.70,31.60,32.77,109068450,3545686528.00
2023/12/13,32.30,33.00,31.11,32.21,104636340,3361264640.00
2023/12/14,32.55,33.15,29.04,29.88,122978446,3828433152.00
2023/12/15,29.04,31.20,28.39,30.61,110698426,3342687232.00
2023/12/18,30.77,31.07,26.82,27.14,129401821,3691075584.00
2023/12/19,27.14,28.19,26.29,26.87,102374226,2785234944.00
2023/12/20,27.44,28.28,25.81,27.75,132148598,3578720768.00
2023/12/21,27.26,28.71,26.72,27.02,109722706,3039922688.00
2023/12/22,26.57,26.98,22.49,22.75,175867497,4265304832.00
2023/12/25,23.22,24.35,23.10,23.98,114219856,2727762688.00
2023/12/26,23.98,24.10,23.07,23.40,71449519,1674438528.00
2023/12/27,23.70,23.89,22.60,22.66,71223208,1636552320.00
2023/12/28,22.66,23.56,22.60,22.91,80298506,1857554048.00
2023/12/29,23.57,26.20,23.57,25.73,141446321,3544532992.00
2024/01/02,27.01,28.07,25.94,26.15,139915134,3773605120.00
2024/01/03,26.32,26.69,24.93,25.30,102837008,2644314368.00
2024/01/04,25.42,25.90,23.70,25.82,100886798,2532822784.00
2024/01/05,25.24,25.24,23.35,23.67,104630930,2526363648.00
2024/01/08,23.46,23.80,22.74,23.10,59411576,1377212928.00
2024/01/09,23.17,23.34,21.88,22.69,88980086,1999324928.00
2024/01/10,22.33,22.47,21.62,21.71,63467184,1393313280.00
2024/01/11,21.68,22.72,21.68,22.47,68171273,1522897152.00
2024/01/12,22.19,23.36,21.79,22.40,76803963,1733476608.00
2024/01/15,21.51,22.59,21.51,21.89,57410901,1260491008.00
2024/01/16,22.00,22.08,21.02,21.55,55081120,1177782144.00
2024/01/17,21.30,21.88,20.90,20.90,49978463,1069964288.00
2024/01/18,20.68,22.20,20.51,21.76,89344425,1929518848.00
2024/01/19,22.02,23.60,22.01,22.27,116590831,2657209344.00
2024/01/22,22.00,22.61,19.90,20.39,91310684,1933714432.00
2024/01/23,20.08,21.70,19.80,21.26,91785114,1901728512.00
2024/01/24,20.95,21.20,19.70,20.50,82522981,1683560448.00
2024/01/25,20.36,21.85,19.90,21.55,100010345,2104913536.00
2024/01/26,21.30,21.91,20.50,20.60,97682164,2077871232.00
2024/01/29,20.60,20.80,18.87,19.06,85163450,1645292672.00
2024/01/30,18.97,19.10,17.86,17.89,68335347,1253197568.00
2024/01/31,18.25,20.66,18.25,18.93,139321403,2715182592.00
2024/02/01,18.97,20.68,18.31,19.59,124355812,2452960768.00
2024/02/02,19.25,20.57,18.70,19.83,120499109,2359231488.00
2024/02/05,19.21,19.27,17.33,17.41,92466265,1712197888.00
2024/02/06,16.90,18.79,16.52,18.45,104792707,1863683712.00
2024/02/07,18.20,19.49,17.68,17.90,103305696,1917536000.00
2024/02/08,18.25,19.49,17.80,19.28,108340596,2022823296.00
2024/02/19,21.54,23.14,21.54,23.14,123173649,2748784896.00
2024/02/20,24.82,27.77,24.50,27.77,179882375,4737619456.00
2024/02/21,26.86,29.66,26.51,27.51,227672333,6331325952.00
2024/02/22,27.70,28.34,26.75,28.16,174119118,4835926528.00
2024/02/23,28.50,31.39,27.25,29.00,235688284,6865869824.00
2024/02/26,27.61,29.48,27.31,28.95,159116865,4518027264.00
2024/02/27,28.03,31.00,27.80,30.25,188294049,5488883712.00
2024/02/28,29.77,30.61,26.56,26.88,182387282,5260538368.00
2024/02/29,26.90,29.50,26.90,28.87,157682763,4454239744.00
2024/03/01,28.41,31.34,28.40,30.40,189443574,5737827840.00
2024/03/04,30.79,30.96,28.68,29.91,160411471,4764269056.00
2024/03/05,29.05,31.97,28.74,29.89,185908300,5620015104.00
2024/03/06,29.80,31.68,29.80,29.87,156631781,4805460992.00
2024/03/07,28.98,29.43,27.25,27.63,156609006,4432379392.00
2024/03/08,28.05,28.19,27.29,28.05,86698710,2404549888.00
2024/03/11,27.30,28.65,27.17,28.57,92373149,2598003968.00
2024/03/12,28.50,29.50,27.74,28.69,113580508,3245518848.00
2024/03/13,28.93,31.14,28.45,30.05,189497588,5664987648.00
2024/03/14,29.00,29.28,28.10,28.76,108004025,3103680512.00
2024/03/15,28.49,28.78,27.53,28.22,82950740,2324623104.00
2024/03/18,28.01,29.47,27.81,29.18,109515823,3149150464.00
2024/03/19,29.18,29.78,28.24,28.24,108944016,3150966272.00
2024/03/20,27.77,30.51,27.65,30.10,177255256,5234620416.00
2024/03/21,31.20,31.80,29.61,30.21,168949633,5176910848.00
2024/03/22,29.50,35.88,29.31,34.15,233384562,7620298240.00
2024/03/25,34.03,34.36,31.11,31.70,159914217,5182217728.00
2024/03/26,31.12,31.49,28.63,29.21,137552273,4136867328.00
2024/03/27,28.78,29.44,27.33,27.98,119145378,3378211584.00
2024/03/28,27.65,29.25,27.22,28.41,103395458,2943213824.00
2024/03/29,27.85,28.64,26.61,26.98,98321704,2696965888.00
2024/04/01,27.00,28.09,27.00,27.72,81630505,2260628224.00
2024/04/02,27.35,27.60,26.01,26.33,87815907,2336573696.00
2024/04/03,26.33,26.79,25.58,26.61,68637572,1809383424.00
2024/04/08,26.41,27.59,25.70,27.15,73963084,1993732224.00
2024/04/09,27.25,27.38,25.80,26.44,58144749,1538196352.00
2024/04/10,26.10,26.36,24.60,24.91,69001126,1742762496.00
2024/04/11,24.66,26.11,24.51,25.20,73233918,1877959296.00
2024/04/12,25.24,25.48,24.20,24.26,68642630,1698702848.00
2024/04/15,24.20,24.64,22.66,23.39,73129788,1718045312.00
2024/04/16,23.09,23.38,21.50,21.58,69117128,1530723456.00
2024/04/17,22.00,23.30,22.00,23.04,70836708,1620655104.00
2024/04/18,22.70,23.49,22.35,22.90,67088759,1543011072.00
2024/04/19,22.82,23.77,22.74,23.10,60883953,1410827776.00
2024/04/22,22.00,22.98,21.49,22.57,43786234,984325952.00
2024/04/23,22.98,24.36,22.98,24.09,100350021,2388348672.00
2024/04/24,24.11,25.49,23.60,25.13,101860320,2510494720.00
2024/04/25,23.10,24.31,22.61,23.26,96959099,2266688768.00
2024/04/26,23.27,25.10,23.27,24.59,102495243,2508549120.00
2024/04/29,25.45,25.89,24.75,25.35,90855161,2304004352.00
2024/04/30,25.35,26.96,25.35,25.81,95472354,2497114880.00
2024/05/06,25.86,26.15,25.30,25.39,70317688,1805165440.00
2024/05/07,25.51,26.49,24.80,25.14,79849838,2052592000.00
2024/05/08,24.60,24.60,23.72,23.81,65023289,1559501440.00
2024/05/09,23.75,24.08,23.57,23.78,40094376,955027072.00
2024/05/10,24.00,24.22,23.18,23.27,40936983,962750720.00
2024/05/13,23.01,23.53,22.65,23.00,39704866,912637376.00
2024/05/14,23.45,23.73,22.94,23.50,46792458,1093556992.00
2024/05/15,23.20,23.44,22.49,22.53,48086204,1098099840.00
2024/05/16,22.70,23.18,22.38,22.62,41549476,943737792.00
2024/05/17,22.68,22.75,22.05,22.64,37602570,842115072.00
2024/05/20,22.50,23.32,22.18,23.10,48170731,1107506816.00
2024/05/21,23.14,23.57,22.83,23.03,45493224,1053192576.00
2024/05/22,22.82,23.29,22.58,23.09,35545601,818396032.00
2024/05/23,23.18,23.18,22.21,22.28,40503448,911070656.00
2024/05/24,22.25,22.44,21.42,21.42,38101802,831616128.00
2024/05/27,21.74,21.89,21.01,21.88,31058463,665143808.00
2024/05/28,21.56,21.77,21.01,21.06,29491686,628974656.00
2024/05/29,21.19,21.42,20.79,20.96,25611168,539725760.00
2024/05/30,20.77,21.56,20.49,21.30,40108292,849509888.00
2024/05/31,21.26,21.55,21.06,21.20,28798986,613000000.00
2024/06/03,21.10,21.70,20.91,21.35,37113854,793414400.00
2024/06/04,21.16,21.52,20.84,21.19,29467828,623813376.00
2024/06/05,21.00,21.50,20.70,20.70,32289606,680093952.00
2024/06/06,20.85,21.11,19.80,19.96,46682093,942980032.00
2024/06/07,20.25,20.37,19.60,19.85,31965935,636374400.00
2024/06/11,19.86,19.98,19.30,19.82,25838100,510252640.00
2024/06/12,19.90,20.88,19.73,20.82,57688155,1181684224.00
2024/06/13,20.67,20.80,20.34,20.41,33277680,682093120.00
2024/06/14,20.64,20.82,20.36,20.68,36042049,742296960.00
2024/06/17,20.50,20.53,20.21,20.26,25946671,527146144.00
2024/06/18,20.34,20.53,20.10,20.30,26966918,548412800.00
2024/06/19,20.35,20.37,19.79,19.84,25915239,517570752.00
2024/06/20,19.90,19.91,18.98,19.00,35302853,679333376.00
2024/06/21,19.00,19.27,18.66,19.04,22081796,419350880.00
2024/06/24,19.01,19.01,18.19,18.22,24723535,457224800.00
2024/06/25,18.37,18.54,17.79,18.01,22992132,416279936.00
2024/06/26,18.18,21.61,18.07,21.61,112822153,2275600896.00
2024/06/27,21.87,23.71,21.61,22.15,167794228,3803817216.00
2024/06/28,21.96,22.38,21.38,21.58,105750875,2306434048.00
2024/07/01,21.25,21.68,20.92,21.58,60536722,1293774080.00
2024/07/02,21.38,22.12,21.10,21.18,75494694,1632138624.00
2024/07/03,21.18,21.33,20.23,20.37,55220998,1136899200.00
2024/07/04,20.79,20.97,19.50,19.70,60367836,1206496640.00
2024/07/05,19.50,21.14,19.11,20.25,76535983,1547926912.00
2024/07/08,20.00,20.15,19.20,19.26,49214706,961544384.00
2024/07/09,19.42,20.14,19.04,19.93,52580069,1029278656.00
2024/07/10,19.70,20.76,19.60,20.03,61936256,1255717504.00
2024/07/11,20.65,20.65,20.01,20.28,48931171,991958720.00
2024/07/12,20.08,20.56,19.80,19.91,40952499,823993536.00
2024/07/15,19.87,20.32,19.62,19.94,39596880,792747136.00
2024/07/16,19.78,20.05,19.34,19.81,34841469,686051328.00
2024/07/17,19.74,21.15,19.68,20.26,80348982,1659287424.00
2024/07/18,19.27,19.88,18.61,19.83,58191665,1123913856.00
2024/07/19,19.80,20.83,19.70,20.22,62643470,1281349888.00
2024/07/22,20.01,20.53,19.82,20.42,46516688,941665088.00
2024/07/23,20.37,21.25,20.26,20.35,75147491,1562189824.00
2024/07/24,19.99,20.44,19.51,19.54,52311851,1043759488.00
2024/07/25,19.29,20.29,19.07,19.62,41111168,808363328.00
2024/07/26,19.69,20.05,19.41,19.91,40342797,796105984.00
2024/07/29,19.91,20.01,19.44,19.56,32261700,633372544.00
2024/07/30,19.53,19.73,19.20,19.32,30167098,585250304.00
2024/07/31,19.40,20.64,19.18,20.45,77507377,1567309824.00
2024/08/01,20.27,20.62,20.07,20.17,47202706,956718848.00
2024/08/02,20.00,20.63,19.70,19.70,51261630,1036754304.00
2024/08/05,19.48,20.38,19.26,19.27,51324365,1016993472.00
2024/08/06,19.66,19.79,19.22,19.59,38478297,747751680.00
2024/08/07,19.50,19.85,19.21,19.30,31747304,617423168.00
2024/08/08,19.16,19.25,18.47,18.80,38691293,725947776.00
2024/08/09,18.95,19.02,18.32,18.38,28175847,523321824.00
2024/08/12,18.31,18.68,18.03,18.37,24663383,452945920.00
2024/08/13,18.41,18.53,18.09,18.45,18913017,346036128.00
2024/08/14,18.44,18.98,18.31,18.58,35052328,654886208.00
2024/08/15,18.39,19.48,18.22,18.98,50447243,956046912.00
2024/08/16,18.80,19.01,18.50,18.51,31875313,595001984.00
2024/08/19,18.48,18.79,18.35,18.52,25260643,469577280.00
2024/08/20,18.40,18.72,18.19,18.40,27160731,500434976.00
2024/08/21,18.52,18.62,17.93,17.95,26507176,483191264.00
2024/08/22,17.90,18.15,17.13,17.20,32609972,570130624.00
2024/08/23,17.20,17.31,16.91,17.16,21864284,374620320.00
2024/08/26,17.19,17.29,17.00,17.10,15909000,272397056.00
2024/08/27,17.00,17.08,16.45,16.48,24160400,403263872.00
2024/08/28,16.14,17.58,15.45,17.03,62181903,1009497152.00
2024/08/29,16.60,16.81,16.41,16.68,35328959,587921600.00
2024/08/30,16.73,17.68,16.67,17.21,47887107,825198592.00
2024/09/02,17.21,17.48,16.65,16.65,29910367,508032672.00
2024/09/03,16.65,17.26,16.61,17.05,28567300,485820704.00
2024/09/04,16.76,17.14,16.71,16.90,19173222,324921856.00
2024/09/05,16.88,17.50,16.88,17.19,29670926,510655360.00
2024/09/06,17.10,17.26,16.82,16.83,18863505,320339264.00
2024/09/09,16.73,16.90,16.47,16.79,14042351,234708128.00
2024/09/10,16.90,17.17,16.42,17.09,21949561,368914976.00
2024/09/11,17.01,17.27,16.86,16.99,19177611,326288032.00
2024/09/12,17.10,17.65,16.71,16.76,31956801,548230336.00
2024/09/13,16.78,17.20,16.53,16.53,31773900,534180544.00
2024/09/18,16.44,16.65,16.01,16.14,21606875,350759584.00
2024/09/19,16.29,16.67,16.11,16.59,27933980,460538112.00
2024/09/20,16.60,16.65,16.35,16.50,17725600,292036288.00
2024/09/23,16.53,16.89,16.38,16.62,20636632,343022720.00
2024/09/24,16.70,17.50,16.40,17.44,52447332,896281600.00
2024/09/25,17.80,20.64,17.75,19.01,117853095,2243804672.00
2024/09/26,18.99,19.44,18.55,19.35,77910079,1479552640.00
2024/09/27,19.80,21.09,19.66,20.62,97513788,1982354560.00
2024/09/30,21.84,24.49,21.06,24.38,135826739,3099891200.00
2024/10/08,29.26,29.26,25.47,29.26,161827154,4580314624.00
2024/10/09,27.21,28.80,24.61,24.95,132124291,3498835712.00
2024/10/10,26.00,26.40,24.02,24.39,80047228,2015473920.00
2024/10/11,23.10,23.81,21.81,22.15,80637842,1825211776.00
2024/10/14,22.20,23.80,21.50,23.28,72004761,1628293120.00
2024/10/15,22.81,26.00,22.69,24.02,126661819,3091866624.00
2024/10/16,23.22,24.88,23.05,24.01,78217200,1892795008.00
2024/10/17,24.18,26.40,24.02,25.26,139967307,3534865152.00
2024/10/18,25.00,27.00,24.24,25.61,132188002,3356949760.00
2024/10/21,26.03,30.00,26.00,28.05,187144923,5334236672.00
2024/10/22,30.20,33.66,30.20,33.66,120732897,3925318144.00
2024/10/23,33.66,34.97,31.25,31.58,265455661,8733316096.00
2024/10/24,31.18,32.99,30.31,31.57,168317994,5339864576.00
2024/10/25,30.52,34.88,29.86,32.85,213689979,6901530112.00
2024/10/28,31.99,35.65,31.45,32.85,197006013,6583357952.00
2024/10/29,34.10,34.88,31.07,31.07,179500696,5855614976.00
2024/10/30,30.03,31.00,29.00,29.37,141553448,4232494080.00
2024/10/31,29.00,31.46,28.70,30.05,127698775,3838520320.00
2024/11/01,29.65,30.39,27.06,27.85,107033905,3040152320.00
2024/11/04,27.44,28.23,26.90,27.71,59505929,1638596480.00
2024/11/05,27.81,30.15,27.40,29.73,104814237,3041300224.00
2024/11/06,29.40,30.49,29.00,29.86,98888923,2955951616.00
2024/11/07,29.59,29.91,28.61,29.79,73770328,2165814784.00
2024/11/08,29.96,31.14,29.55,30.00,101062848,3061091584.00
2024/11/11,29.37,32.00,29.30,31.55,124759491,3877084416.00
2024/11/12,31.32,31.54,29.65,30.03,86456909,2631696896.00
2024/11/13,29.50,32.78,29.47,30.98,111529685,3497463040.00
2024/11/14,30.33,31.53,28.59,28.90,82377377,2473708544.00
2024/11/15,29.12,30.67,28.34,28.46,87729192,2611237376.00
2024/11/18,28.64,28.94,24.89,25.31,91251690,2356602880.00
2024/11/19,25.31,25.96,24.80,25.92,59717747,1519560320.00
2024/11/20,25.95,28.46,25.91,27.49,88411847,2391760384.00
2024/11/21,27.40,29.10,27.05,28.07,95715241,2695834112.00
2024/11/22,27.69,30.00,27.41,27.83,120974966,3493424640.00
2024/11/25,28.96,29.15,26.51,28.71,92317305,2592382720.00
2024/11/26,28.44,30.50,27.72,28.43,116334509,3425484032.00
2024/11/27,28.00,31.50,27.17,30.79,136884762,4000746752.00
2024/11/28,30.75,32.00,29.88,29.92,124685848,3832601600.00
2024/11/29,29.40,31.51,28.96,30.38,98515562,2971245056.00
2024/12/02,30.02,31.48,29.88,30.73,84056896,2576327936.00
2024/12/03,30.73,30.73,29.18,29.49,73543433,2195137536.00
2024/12/04,29.10,29.45,27.90,28.20,66122266,1887459840.00
2024/12/05,28.19,30.55,28.19,30.17,98324366,2945726464.00
2024/12/06,30.67,31.97,29.90,31.19,123145864,3794843904.00
2024/12/09,31.49,31.60,30.05,30.63,71288959,2186230784.00
2024/12/10,32.00,32.36,30.63,30.80,112461311,3535684352.00
2024/12/11,30.68,31.50,30.01,31.30,90442536,2795347456.00
2024/12/12,31.90,31.90,30.57,30.77,68244545,2123514112.00
2024/12/13,30.33,32.72,30.20,31.03,121607519,3869664256.00
2024/12/16,30.55,30.65,28.54,29.25,91907501,2691943168.00
2024/12/17,28.37,28.60,27.18,27.39,69788771,1932896000.00
2024/12/18,27.20,28.18,27.02,27.68,40103099,1110083712.00
2024/12/19,27.13,27.92,26.73,27.70,45332902,1236164864.00
2024/12/20,27.49,28.24,27.36,28.01,39825049,1109845120.00
2024/12/23,27.90,27.99,26.02,26.15,47295569,1262798208.00
2024/12/24,26.30,26.63,25.81,26.31,27418791,718043904.00
2024/12/25,26.08,26.29,25.01,25.37,32301590,822697216.00
2024/12/26,25.38,26.10,25.37,25.80,25219837,650819904.00
2024/12/27,25.81,26.30,25.56,25.85,26045888,677812672.00
2024/12/30,26.00,26.46,25.67,25.89,23637147,616368320.00
2024/12/31,26.00,26.06,24.52,24.53,31074012,780476544.00
2025/01/02,24.60,24.90,23.46,23.89,29506409,713438272.00
2025/01/03,24.01,24.14,22.10,22.13,38504466,878879104.00
2025/01/06,22.23,23.19,21.79,22.59,39460583,892954880.00
2025/01/07,22.55,23.00,22.39,22.99,25626109,582369152.00
2025/01/08,22.79,23.28,22.09,22.98,35536709,810253504.00
2025/01/09,22.90,23.49,22.80,23.18,34593966,804600640.00
2025/01/10,23.05,23.37,22.30,22.37,27814698,634806208.00
2025/01/13,21.76,22.48,21.41,22.28,23593019,519063808.00
2025/01/14,22.68,23.88,22.46,23.88,54967726,1282514048.00
2025/01/15,24.22,26.51,24.12,24.98,86493887,2181516032.00
2025/01/16,24.70,25.77,24.21,24.53,57053252,1421042432.00
2025/01/17,24.49,24.55,23.80,24.10,33346952,803814720.00
2025/01/20,24.46,24.66,23.97,24.10,30512811,741655424.00
2025/01/21,24.45,24.64,23.88,24.33,29176600,707376576.00
2025/01/22,24.17,24.48,23.70,23.79,23664077,568602688.00
2025/01/23,24.20,25.13,24.06,24.09,46923664,1156821248.00
2025/01/24,24.10,24.98,23.81,24.89,47066912,1159279232.00
2025/01/27,25.45,25.65,24.40,24.45,42164040,1052833792.00
2025/02/05,25.22,26.30,24.90,26.00,63993759,1646246784.00
2025/02/06,26.00,27.00,25.34,26.80,72244050,1911583104.00
2025/02/07,26.41,28.19,26.40,27.19,87450390,2402554624.00
2025/02/10,27.29,28.09,26.93,28.07,75912824,2097057664.00
2025/02/11,27.61,30.00,27.10,28.70,94703370,2672629504.00
2025/02/12,27.98,28.95,27.77,28.11,62309359,1761917056.00
2025/02/13,27.99,28.73,27.23,27.39,71463572,1995068800.00
2025/02/14,27.20,27.88,26.36,27.44,63742930,1729375872.00
2025/02/17,28.00,28.38,27.20,27.47,55483879,1543723392.00
2025/02/18,27.29,27.48,25.58,25.65,62125338,1639452288.00
2025/02/19,25.88,26.21,25.51,26.10,43457117,1129223808.00
2025/02/20,25.95,26.24,25.53,25.77,37171266,960623808.00
2025/02/21,26.03,28.42,25.29,28.17,118143254,3218357504.00
2025/02/24,29.00,30.24,28.33,28.58,159467912,4694981120.00
2025/02/25,26.74,27.60,26.74,27.14,87024420,2358997248.00
2025/02/26,27.30,28.08,26.84,27.22,59082163,1614312576.00
2025/02/27,26.82,27.25,25.96,26.40,52675704,1399551744.00
2025/02/28,26.05,26.27,24.58,24.73,46826038,1187577216.00
2025/03/03,24.85,25.19,24.30,24.64,30563008,758072640.00
2025/03/04,24.50,25.12,24.38,25.11,24057547,597591168.00
2025/03/05,25.00,25.35,24.68,25.16,24964220,624110656.00
2025/03/06,25.43,26.55,25.40,26.22,51622575,1344103936.00
2025/03/07,25.95,26.58,25.50,25.61,39770971,1036087360.00
2025/03/10,25.36,26.29,25.04,26.09,33181600,850462272.00
2025/03/11,25.25,25.84,25.25,25.83,20715344,531197152.00
2025/03/12,25.83,26.20,25.80,25.84,27610430,717457856.00
2025/03/13,25.56,25.80,24.90,25.02,25887775,652363264.00
2025/03/14,25.00,25.79,24.78,25.70,27755033,704564672.00
2025/03/17,25.69,25.88,25.42,25.62,20194404,517167744.00
2025/03/18,25.70,25.87,25.36,25.60,18127794,464542528.00
2025/03/19,25.59,25.59,24.95,25.05,18748980,471752128.00
2025/03/20,25.08,25.27,24.88,24.92,13963484,350120384.00
2025/03/21,24.76,25.10,24.27,24.28,17327411,426239840.00
2025/03/24,24.51,25.54,23.71,24.95,40825514,1011880000.00
2025/03/25,24.50,24.60,23.81,23.83,23808353,573485888.00
2025/03/26,23.62,23.94,23.60,23.60,13597101,323118528.00
2025/03/27,23.65,23.71,22.88,23.00,20523872,476576000.00
2025/03/28,23.02,23.86,22.88,23.34,28188968,659700032.00
2025/03/31,22.86,23.72,22.48,23.25,25602553,589782144.00
2025/04/01,23.30,23.86,23.05,23.06,15712419,367806464.00
2025/04/02,23.00,23.86,22.99,23.18,12856300,300816416.00
2025/04/03,22.80,23.45,22.80,23.09,11788500,273380768.00
2025/04/07,21.10,21.78,18.47,18.47,38936833,761997248.00
2025/04/08,18.60,19.70,18.51,19.09,31151039,593300224.00
2025/04/09,18.68,19.94,17.41,19.73,37683624,713600576.00
2025/04/10,20.53,20.90,20.24,20.28,29549848,607085888.00
2025/04/11,20.11,20.59,20.04,20.27,19687295,400038752.00
2025/04/14,20.66,20.75,20.44,20.54,16792692,345923808.00
2025/04/15,20.55,21.08,20.31,20.44,18520792,381128096.00
2025/04/16,20.65,21.50,20.50,20.76,39908182,834169472.00
2025/04/17,20.31,20.75,20.20,20.31,23045784,471462720.00
2025/04/18,20.25,20.32,20.00,20.15,13596628,273779872.00
2025/04/21,20.18,20.70,20.15,20.70,18800531,385903168.00
2025/04/22,20.65,20.75,20.32,20.34,13059550,267021808.00
2025/04/23,20.53,20.74,20.41,20.56,17632600,363130336.00
2025/04/24,20.85,20.99,20.01,20.02,22983400,469592768.00
2025/04/25,20.03,20.34,19.88,20.02,17871941,359125824.00
2025/04/28,20.01,20.54,19.93,19.99,19927101,402520448.00
2025/04/29,19.99,20.29,19.79,20.04,12704001,255186304.00
2025/04/30,20.20,21.98,20.10,21.72,59135548,1256141056.00
2025/05/06,21.72,22.97,21.52,22.61,46631802,1047571328.00
2025/05/07,22.60,23.00,22.01,22.26,31915711,714826048.00
2025/05/08,22.20,22.68,22.07,22.42,28682700,641514816.00
2025/05/09,22.28,22.38,21.77,21.87,18695603,410964384.00
2025/05/12,22.18,22.23,21.81,22.04,15244900,335050112.00
2025/05/13,22.20,22.27,21.70,21.78,21324102,468407072.00
2025/05/14,21.86,22.05,21.54,21.93,16043201,349693888.00
2025/05/15,21.90,21.92,21.00,21.10,24846501,527812608.00
2025/05/16,21.16,21.23,20.80,21.01,15366300,323439264.00
2025/05/19,21.01,21.20,20.51,21.07,14880653,311193056.00
2025/05/20,21.07,21.99,20.83,21.72,30015653,646509184.00
2025/05/21,21.60,21.61,21.27,21.36,15221828,325585120.00
2025/05/22,21.22,22.19,21.13,21.59,27364596,593657792.00
2025/05/23,21.49,21.49,20.51,20.67,28448384,597308032.00
2025/05/26,20.66,21.16,20.65,21.04,22831781,478986976.00
2025/05/27,20.90,21.07,20.43,20.58,14340900,295849376.00
2025/05/28,20.50,20.70,20.20,20.36,11763000,239535984.00
2025/05/29,20.50,20.95,20.32,20.88,17924301,371308992.00
2025/05/30,20.80,20.85,20.26,20.39,20109939,411961536.00
2025/06/03,20.20,20.78,20.18,20.42,13404200,275482336.00
2025/06/04,20.35,20.73,20.35,20.61,13705076,282132992.00
2025/06/05,20.78,22.66,20.74,22.35,85237764,1884939648.00
2025/06/06,22.13,22.80,21.90,22.08,52586646,1168751104.00
2025/06/09,22.30,22.90,22.05,22.67,48742276,1100253952.00
2025/06/10,23.29,26.98,22.30,25.66,139229431,3369336576.00
2025/06/11,25.00,26.98,24.50,25.99,137045414,3510397952.00
2025/06/12,25.51,28.24,25.31,26.80,140511168,3822114816.00
2025/06/13,26.50,27.10,25.81,26.84,94139435,2480965632.00
2025/06/16,27.00,28.73,26.70,28.01,108055006,3024147968.00
2025/06/17,27.57,27.57,25.80,26.73,101803716,2705166848.00
2025/06/18,26.16,26.58,25.61,26.38,53729414,1408005632.00
2025/06/19,26.23,28.00,26.13,27.17,94512744,2562107392.00
2025/06/20,26.80,26.86,24.76,24.79,82975022,2110878464.00
2025/06/23,24.80,25.60,24.70,25.36,46841176,1177497600.00
2025/06/24,25.58,25.89,25.15,25.40,43571839,1109642112.00
2025/06/25,25.44,25.53,24.79,25.24,51053026,1279537024.00
2025/06/26,25.25,26.26,24.96,25.50,63218250,1625312000.00
2025/06/27,25.27,25.69,24.96,25.26,38468042,974804096.00
2025/06/30,25.49,26.76,25.48,26.50,63065268,1658962688.00
2025/07/01,26.20,26.49,25.84,26.19,38337350,999615872.00
2025/07/02,26.07,26.79,25.80,25.95,34294748,901368384.00
2025/07/03,25.60,26.09,24.40,24.90,56382269,1406568192.00
2025/07/04,25.04,25.44,24.60,24.83,34803860,869471040.00
2025/07/07,24.78,25.20,24.68,24.95,20165857,503573792.00
2025/07/08,24.84,25.68,24.75,25.23,27743163,701800256.00
2025/07/09,25.64,29.48,25.52,27.97,133587741,3706405120.00
2025/07/10,28.27,28.44,27.46,28.18,86416442,2413710080.00
2025/07/11,27.90,28.17,27.20,27.98,65171602,1806462208.00
2025/07/14,27.92,27.97,26.80,26.95,50248070,1363254016.00
2025/07/15,26.94,27.34,26.30,27.15,47833900,1287185408.00
2025/07/16,26.97,28.27,26.88,27.31,67440029,1863853696.00
2025/07/17,26.94,28.27,26.87,28.00,59257723,1643826816.00
2025/07/18,28.50,28.61,26.77,26.92,69598865,1925652992.00
2025/07/21,26.00,26.22,25.41,25.73,66536385,1713029888.00
2025/07/22,25.49,25.88,25.33,25.56,36972898,945173760.00
2025/07/23,25.50,25.59,25.11,25.15,31280244,792843648.00
2025/07/24,25.15,25.67,25.00,25.67,31983102,814888320.00
2025/07/25,25.88,26.99,25.86,26.60,67241462,1781785728.00
2025/07/28,26.29,26.40,25.70,26.19,40357586,1052254784.00
2025/07/29,26.27,26.28,25.73,25.96,29010782,750994944.00
2025/07/30,26.41,27.94,26.15,26.90,94914803,2572155648.00
2025/07/31,26.41,27.56,26.35,26.78,72310448,1941701376.00
2025/08/01,26.50,27.19,25.78,26.82,59464638,1566369280.00
2025/08/04,26.50,26.56,25.60,26.23,40266165,1047991680.00
2025/08/05,26.03,26.30,25.80,26.01,30606113,794405952.00
2025/08/06,26.09,26.40,25.82,26.19,32893429,857855488.00
2025/08/07,26.22,26.50,25.90,26.23,30962314,811407936.00
2025/08/08,26.30,26.30,25.25,25.26,39744653,1013197632.00
2025/08/11,25.17,25.78,25.17,25.75,24473125,625804352.00
2025/08/12,25.68,25.80,25.40,25.58,23978488,612638336.00
2025/08/13,25.50,26.40,25.47,26.02,39932556,1038025856.00
2025/08/14,26.02,26.21,25.31,25.45,35802937,920130752.00
2025/08/15,25.30,26.05,25.10,25.72,34846264,888478464.00
2025/08/18,26.19,27.50,26.19,27.25,98391554,2666316544.00
2025/08/19,27.01,27.43,26.72,26.94,53608961,1449379584.00
2025/08/20,26.72,26.87,26.12,26.79,38677971,1026165120.00
2025/08/21,26.81,27.98,26.79,27.40,73431592,2017429888.00
2025/08/22,27.20,28.50,27.00,28.29,91307638,2550051072.00
2025/08/25,31.01,33.95,31.01,33.95,187194146,6238835200.00
2025/08/26,32.00,37.15,31.70,35.59,198908232,6924603904.00
2025/08/27,35.24,35.90,32.31,32.35,161666807,5458855936.00
2025/08/28,32.00,32.10,30.10,31.10,118518182,3669521920.00
2025/08/29,30.75,30.77,29.88,30.09,72338637,2191421440.00
2025/09/01,30.32,30.73,29.58,29.87,61865248,1854115712.00
2025/09/02,29.90,30.19,28.56,28.75,69998443,2044377984.00
2025/09/03,28.77,29.57,28.33,28.58,54860216,1588095616.00
2025/09/04,28.70,29.04,27.17,27.74,60459619,1706628608.00
2025/09/05,27.82,28.06,27.18,27.99,47689737,1322067328.00
2025/09/08,28.00,28.40,27.74,28.25,45823335,1287218560.00
2025/09/09,28.15,28.57,27.23,27.50,49151877,1372213248.00
2025/09/10,27.78,29.48,27.78,28.73,102443403,2948310016.00
2025/09/11,28.51,28.93,27.50,28.93,78506246,2232138240.00
2025/09/12,27.98,28.25,27.32,27.57,89785365,2491801344.00
2025/09/15,27.29,27.48,26.86,27.23,55984922,1518569728.00
2025/09/16,27.48,27.99,27.19,27.83,53684285,1482591104.00
2025/09/17,27.88,28.14,27.35,27.79,43251009,1200032384.00
2025/09/18,27.79,28.43,26.90,27.11,71872719,1998393216.00
2025/09/19,27.06,27.65,26.90,27.27,38731273,1056763968.00
2025/09/22,27.01,27.12,26.36,26.94,41556526,1111841536.00
2025/09/23,26.88,26.90,25.51,26.19,45138845,1177485056.00
2025/09/24,25.99,26.81,25.88,26.74,31659770,836861056.00
2025/09/25,26.60,28.50,26.52,27.84,89993834,2505352192.00
2025/09/26,27.84,28.40,27.03,27.06,48087459,1323717504.00
2025/09/29,26.97,27.06,26.20,26.83,35584328,948495936.00
2025/09/30,27.51,27.88,27.30,27.34,45091725,1241680256.00
2025/10/09,28.58,29.32,28.09,28.19,73905782,2106755840.00
2025/10/10,28.00,28.10,26.40,26.48,51324716,1380977024.00
2025/10/13,25.40,26.11,25.13,25.75,36567187,938031616.00
2025/10/14,26.30,26.72,25.00,25.26,39242080,1014561472.00
2025/10/15,25.43,25.62,24.69,25.59,25943171,653601344.00
2025/10/16,25.41,25.42,25.02,25.11,18633917,469575136.00
2025/10/17,25.11,25.22,24.38,24.42,21192864,525303744.00
2025/10/20,24.65,25.00,24.56,24.83,14183950,351228992.00
2025/10/21,24.95,25.59,24.72,25.29,25605195,646706560.00
2025/10/22,25.02,26.22,25.01,25.95,45078192,1165157504.00
2025/10/23,25.81,27.79,25.55,27.58,86287072,2335761152.00
2025/10/24,26.34,27.26,25.99,26.79,72865520,1936808448.00
2025/10/27,27.00,27.72,26.82,27.05,48604147,1322566656.00
2025/10/28,27.06,27.80,26.78,27.49,53639892,1472173440.00
2025/10/29,27.51,27.55,26.70,27.03,36447438,983065280.00
2025/10/30,27.03,27.18,26.35,26.39,29596034,790490880.00
2025/10/31,27.15,29.80,27.15,28.54,126029364,3611273216.00
2025/11/03,29.15,30.79,28.54,29.72,127775559,3812948992.00
2025/11/04,29.22,29.96,28.95,29.46,72814420,2134765312.00
2025/11/05,28.66,29.30,28.24,28.96,64055420,1842303360.00
2025/11/06,28.86,28.86,27.80,28.34,50530145,1422506880.00
2025/11/07,28.00,28.30,27.45,27.53,44285988,1230675456.00
2025/11/10,28.05,28.85,27.85,28.07,63128839,1786992000.00
2025/11/11,27.52,27.80,27.02,27.08,41079973,1119856640.00
2025/11/12,26.98,27.07,25.97,26.38,34058576,899437824.00
2025/11/13,26.27,26.65,26.10,26.62,25599873,676946560.00
2025/11/14,26.23,26.95,25.80,25.80,40274865,1053775360.00
2025/11/17,25.65,26.95,25.65,26.61,43415174,1148314752.00
2025/11/18,26.50,28.70,26.34,27.96,93169166,2570843648.00
2025/11/19,27.50,27.63,26.76,27.10,57399995,1560234752.00
2025/11/20,27.27,27.42,26.20,26.35,36843400,978998912.00
2025/11/21,26.00,27.85,26.00,27.28,100740339,2748583168.00
2025/11/24,27.26,28.79,26.02,28.34,115288117,3192279808.00
2025/11/25,28.40,29.50,28.06,28.90,110429200,3207099648.00
2025/11/26,28.50,29.89,28.26,28.38,76748658,2211350528.00
2025/11/27,28.12,28.45,27.31,27.35,61267339,1704476544.00
2025/11/28,27.34,28.65,26.96,27.10,57095144,1571314432.00
2025/12/01,27.12,27.55,26.70,27.07,42748480,1156068608.00
2025/12/02,27.56,27.58,26.20,26.26,47108527,1249538048.00
2025/12/03,26.20,26.29,24.84,24.89,58972856,1491081856.00
2025/12/04,24.74,25.14,24.74,24.83,30069703,748882688.00
2025/12/05,24.86,25.14,24.34,25.12,26954850,670390656.00
2025/12/08,25.12,25.46,25.01,25.24,29122183,735891648.00
2025/12/09,25.18,25.40,24.88,25.02,25011600,626935488.00
2025/12/10,25.00,25.00,24.60,24.92,23964043,593491520.00
2025/12/11,24.90,24.90,24.17,24.20,26088695,638914944.00
2025/12/12,24.10,24.56,24.10,24.41,18956708,462277952.00
2025/12/15,24.17,24.18,23.60,23.68,22717358,542169920.00
2025/12/16,23.50,23.76,22.85,22.91,24045990,555989888.00
2025/12/17,22.91,23.62,22.91,23.55,21671863,503794048.00
2025/12/18,23.26,23.86,23.25,23.57,20145707,473902720.00
2025/12/19,23.58,24.09,23.31,23.83,23296694,551608576.00
2025/12/22,23.65,23.86,23.63,23.71,16775130,398103520.00
2025/12/23,23.60,23.78,23.10,23.36,16878739,395846272.00
2025/12/24,23.24,23.93,23.21,23.79,19874012,470355776.00
2025/12/25,23.87,24.28,23.84,24.16,21398519,515995840.00
2025/12/26,24.16,24.22,23.78,23.97,19506939,468881216.00
2025/12/29,23.81,24.00,23.56,23.60,19916161,472712640.00
2025/12/30,23.84,24.42,23.81,23.96,33184988,799277504.00
2025/12/31,24.00,25.74,24.00,25.12,69611559,1738195200.00
2026/01/05,24.86,26.34,24.62,25.79,74768706,1900424832.00
2026/01/06,25.40,25.86,25.26,25.75,51020151,1309123200.00
2026/01/07,25.55,26.28,25.32,25.62,43859533,1129421568.00
2026/01/08,25.66,27.47,25.26,26.87,82823686,2196058880.00
2026/01/09,26.51,29.28,26.50,29.15,128513986,3610315008.00
2026/01/12,30.96,34.98,30.00,34.98,142839565,4634099200.00
2026/01/13,38.69,41.74,36.90,37.02,277746204,10847158272.00
2026/01/14,36.67,42.50,35.15,38.66,243964932,9629518848.00
2026/01/15,36.64,38.37,35.15,35.95,158553464,5775700992.00
2026/01/16,35.00,35.58,31.79,32.91,128842018,4281357056.00
2026/01/19,32.14,33.14,31.86,32.04,79773782,2575269632.00
2026/01/20,32.50,32.88,30.75,31.16,74913090,2363992832.00
2026/01/21,30.65,31.77,30.37,31.00,53809928,1671083136.00
2026/01/22,31.20,33.40,31.16,32.11,92338146,2983256832.00
2026/01/23,32.37,33.66,31.70,32.79,105782265,3465241600.00
2026/01/26,33.99,34.43,31.10,31.77,90436370,2921646080.00
2026/01/27,32.29,32.94,30.96,32.23,76809840,2442550784.00
2026/01/28,31.88,32.76,30.89,31.08,60174977,1904005504.00
2026/01/29,30.50,35.16,30.30,32.92,142969777,4783251456.00
2026/01/30,32.54,32.85,31.52,31.78,72293260,2318196224.00
2026/02/02,31.73,32.42,30.61,30.68,54009022,1696661120.00
2026/02/03,31.21,31.95,30.75,31.91,58869062,1854527616.00
2026/02/04,31.29,31.94,29.97,30.70,63112741,1936742144.00
2026/02/05,30.55,31.98,30.39,30.77,59540878,1857640832.00
2026/02/06,30.13,30.29,29.02,29.40,54353600,1613197696.00
2026/02/09,35.28,35.28,35.28,35.28,51708099,1824261760.00
2026/02/10,42.32,42.34,38.90,42.34,235145496,9547101184.00
2026/02/11,43.52,43.80,38.95,39.80,260150498,10504164352.00
2026/02/12,38.61,39.47,36.35,37.17,202401516,7618892800.00
2026/02/13,37.51,38.95,36.16,36.30,163160367,6130917888.00
2026/02/24,34.50,35.26,32.15,32.37,144302531,4765870080.00
2026/02/25,32.60,32.88,31.98,32.40,78798369,2550129152.00
2026/02/26,32.41,32.88,31.88,32.16,79752738,2580496384.00
2026/02/27,31.99,32.50,31.84,32.06,68610950,2208786688.00
2026/03/02,31.01,31.64,30.31,30.61,78794963,2428846592.00
2026/03/03,30.69,30.90,28.45,28.56,74706894,2188531968.00
2026/03/04,28.00,28.80,27.90,28.15,46776709,1324626944.00
2026/03/05,29.55,29.66,28.30,28.51,55342605,1592156032.00
2026/03/06,28.87,29.60,28.51,28.97,74531525,2161534208.00
2026/03/09,27.94,29.09,27.72,28.88,60748484,1721600896.00
2026/03/10,29.56,29.94,28.68,29.03,60568999,1766979200.00
2026/03/11,28.90,29.03,28.36,28.51,44787627,1282076800.00
2026/03/12,28.36,28.98,28.20,28.26,44929194,1280652672.00
2026/03/13,28.10,28.26,26.88,26.97,53571788,1467043456.00
2026/03/16,26.81,27.68,26.71,27.65,39736107,1082452096.00
2026/03/17,27.55,27.78,26.83,26.90,30227444,826736768.00
2026/03/18,27.13,27.41,26.80,27.40,28481356,772013568.00
2026/03/19,26.80,27.32,26.66,26.97,36978822,997832704.00
2026/03/20,27.00,27.17,25.78,25.82,46244298,1216092416.00
2026/03/23,25.04,25.50,23.98,24.25,47844956,1183622656.00
2026/03/24,24.76,25.16,24.35,25.12,41168523,1018290752.00
2026/03/25,25.20,26.24,25.20,25.86,40378948,1044418176.00
2026/03/26,25.83,26.29,25.44,25.56,34971920,903005760.00
2026/03/27,25.07,26.45,25.03,25.94,37181837,959546944.00
2026/03/30,25.49,27.91,25.35,27.16,81537358,2179011584.00
2026/03/31,27.11,27.42,26.60,26.68,48907519,1320219136.00
2026/04/01,27.34,27.65,26.63,27.20,53022294,1441406848.00
2026/04/02,27.18,27.43,26.11,26.24,41523991,1103838976.00
2026/04/03,26.38,26.48,25.31,25.37,29721793,760678528.00
2026/04/07,25.41,27.09,25.02,26.61,55717583,1468723584.00
2026/04/08,27.45,30.24,27.20,29.83,135936967,3918854656.00
2026/04/09,28.46,28.88,27.90,28.10,86493246,2440159232.00
2026/04/10,28.35,28.49,27.72,27.78,55994464,1570701184.00
2026/04/13,27.21,27.83,26.89,27.36,35851794,981190848.00
2026/04/14,27.98,28.66,27.71,28.10,62698913,1760316928.00
2026/04/15,28.11,28.50,27.27,27.45,40902799,1138612608.00
2026/04/16,27.60,28.76,27.60,28.41,66006540,1870745216.00
2026/04/17,28.02,28.80,28.02,28.58,45862721,1304593664.00
2026/04/20,28.31,31.00,28.31,30.30,99015449,2988809216.00
2026/04/21,30.30,30.80,29.75,30.39,65131900,1966624768.00
2026/04/22,30.18,30.76,29.68,30.26,50679682,1525819520.00
2026/04/23,30.54,31.60,30.10,30.43,71605454,2201593600.00
2026/04/24,30.01,30.49,29.00,29.95,53458385,1593859328.00
2026/04/27,29.91,29.91,28.70,29.37,39064746,1143488896.00
2026/04/28,29.26,29.26,28.27,28.54,37009874,1060156736.00
2026/04/29,28.33,29.95,28.33,29.60,47431019,1395674368.00
2026/04/30,29.26,29.80,28.70,28.78,33729745,978374400.00
2026/05/06,29.10,30.84,29.10,30.26,54398210,1638431616.00
2026/05/07,30.23,32.40,30.01,32.36,84917046,2682068736.00
2026/05/08,32.70,33.36,31.28,31.38,86754094,2790986752.00
2026/05/11,31.64,32.04,30.88,31.09,60524850,1890983680.00
2026/05/12,30.90,31.37,30.00,30.55,49133094,1502442496.00
2026/05/13,30.55,30.95,29.83,30.86,51222776,1560073088.00
2026/05/14,31.16,31.53,27.73,27.83,89733608,2600370432.00
2026/05/15,28.36,29.05,27.82,27.90,56752930,1611712000.00
2026/05/18,27.71,28.56,27.50,28.04,40909797,1142327680.00
2026/05/19,27.96,29.28,27.70,28.40,53069609,1510371328.00
2026/05/20,28.00,28.07,27.11,27.20,44965869,1232499712.00
2026/05/21,27.37,27.85,25.77,26.00,50975570,1367938944.00
2026/05/22,26.10,26.28,25.62,26.08,29284427,760550016.00
2026/05/25,26.38,26.84,25.82,26.15,32976558,864597824.00
2026/05/26,26.03,26.11,25.00,25.61,37257036,947606976.00
2026/05/27,27.52,28.66,26.21,26.41,105217788,2874983936.00
2026/05/28,26.10,26.41,24.86,25.36,70561200,1792210176.00
2026/05/29,25.58,26.22,25.26,25.39,69545827,1786533504.00
2026/06/01,25.20,27.16,25.00,26.60,72795732,1921692672.00
2026/06/02,26.70,26.75,25.06,25.59,51260816,1308820224.00
2026/06/03,25.15,25.43,24.47,24.88,42273477,1055415232.00
2026/06/04,24.50,24.50,23.63,23.90,45743524,1096510720.00
2026/06/05,24.13,24.52,23.30,23.82,35090726,837178368.00
2026/06/08,22.99,23.68,22.90,23.02,31700931,735102336.00
2026/06/09,23.32,23.96,22.80,23.74,35724569,839860672.00
2026/06/10,23.21,23.94,22.80,22.87,30695936,713874880.00
2026/06/11,22.44,22.57,21.70,21.84,34307400,754125696.00
2026/06/12,22.20,22.45,21.84,21.92,30497457,675578048.00
2026/06/15,22.23,23.77,22.23,23.62,47087749,1085976960.00
2026/06/16,23.40,24.06,23.19,23.81,34938770,829069632.00
2026/06/17,23.40,23.69,23.00,23.40,28165141,657458880.00
2026/06/18,23.39,25.28,22.98,25.06,71359855,1740044032.00
2026/06/22,24.71,26.35,24.60,26.30,69947598,1792412288.00
2026/06/23,25.80,26.29,25.05,25.66,48024616,1225582720.00
2026/06/24,25.46,25.88,24.78,25.74,38667358,977195328.00
2026/06/25,25.13,25.77,24.96,25.24,30651829,775324032.00
2026/06/26,25.00,25.04,23.45,23.47,37194591,892859200.00
2026/06/29,24.00,24.39,23.10,23.44,29454978,698678080.00
2026/06/30,23.40,23.86,22.91,23.59,25139890,591747200.00
2026/07/01,23.51,24.54,23.18,23.91,36245061,864513856.00
2026/07/02,24.47,25.34,23.31,24.60,66304274,1607327232.00
2026/07/03,24.00,24.30,23.15,23.31,42749024,1007542656.00
2026/07/06,23.02,23.69,22.44,22.49,26050980,600166144.00
2026/07/07,22.40,22.88,22.02,22.07,20944324,469078464.00
2026/07/08,22.00,23.38,21.51,22.61,33096137,746628928.00
2026/07/09,22.66,25.52,22.29,24.33,73289597,1787031040.00
2026/07/10,23.62,25.73,23.62,24.75,73374655,1831349632.00
2026/07/13,24.49,24.98,23.10,23.43,40674039,965423808.00
2026/07/14,23.58,23.95,22.13,22.82,33114287,751967104.00
2026/07/15,22.80,23.71,22.52,22.87,35637962,824056128.00
2026/07/16,22.60,23.75,22.36,23.30,42024071,978094784.00
2026/07/17,23.03,23.62,21.41,21.45,48240810,1078070656.00
2026/07/20,21.52,22.10,20.69,21.34,31422230,670521344.00
2026/07/21,21.28,21.85,20.01,21.68,34793407,732899584.00
2026/07/22,21.25,21.52,20.18,20.49,37206829,775707008.00
2026/07/23,20.40,20.49,19.65,19.91,30356328,605871104.00
2026/07/24,19.31,19.42,18.45,18.51,38209386,719496704.00
2026/07/27,18.45,20.14,18.31,20.06,42553384,831213696.00
2026/07/28,19.65,21.80,19.65,21.01,68406119,1442948992.00
2026/07/29,21.14,21.54,20.69,21.34,45782414,967833984.00
2026/07/30,21.45,22.05,20.59,20.69,39138976,830767872.00
2026/07/31,21.43,24.83,21.20,24.83,87244015,2053546624.00
2026/08/03,24.88,25.60,23.98,24.34,107822065,2665901312.00
2026/08/04,24.34,26.08,24.34,25.64,103510213,2609607680.00
2026/08/05,25.01,27.08,24.93,26.46,105310797,2752839424.00
2026/08/06,25.70,26.34,24.89,25.22,85052759,2170366720.00
2026/08/07,25.20,27.30,24.19,26.96,108551413,2786322688.00
2026/08/10,26.50,26.73,24.77,25.70,89323974,2275098624.00
2026/08/11,25.72,25.93,24.86,25.22,53359739,1353652736.00
2026/08/12,25.10,26.21,24.70,25.38,62692873,1604323072.00
2026/08/13,25.42,26.60,24.85,24.86,73716462,1897888000.00
2026/08/14,25.13,25.33,23.83,24.66,57367520,1403834752.00
2026/08/17,25.15,25.62,24.55,25.12,47594648,1190425984.00
2026/08/18,24.91,24.95,24.06,24.22,38561869,938658176.00
2026/08/19,23.99,24.00,22.58,22.70,39995753,925844160.00
2026/08/20,23.25,23.70,22.81,23.10,34516751,803025024.00
2026/08/21,22.65,23.17,22.45,23.09,23285832,532678688.00
2026/08/24,23.08,23.09,21.91,22.27,28706119,639909056.00
2026/08/25,22.06,23.20,21.98,22.92,39195990,889344384.00
2026/08/26,22.99,23.05,21.81,22.06,43189715,958392192.00
2026/08/27,22.22,22.62,21.93,22.58,30137396,674188416.00
2026/08/28,23.00,23.45,22.48,22.73,52541714,1202568320.00
2026/08/31,23.12,27.28,23.08,27.28,143049002,3641103360.00
2026/09/01,28.84,29.90,27.78,28.31,219903845,6332646912.00
2026/09/02,27.70,28.00,26.14,26.28,129199320,3466296832.00
2026/09/03,26.66,27.36,24.99,25.07,113459249,2951885568.00
2026/09/04,25.57,27.27,25.20,25.71,126567922,3315394560.00
2026/09/07,26.36,26.90,25.41,26.61,106206801,2772658688.00
2026/09/08,26.72,27.45,25.76,25.97,98043745,2594507520.00
2026/09/09,25.97,26.10,24.80,25.10,69383760,1748481920.00
2026/09/10,25.17,25.34,24.45,24.61,45156726,1118199808.00
2026/09/11,24.32,25.17,23.75,24.55,69489346,1700299648.00
2026/09/14,24.01,24.34,23.77,24.21,39394616,950226304.00
#数据来源:通达信
