300817 双飞集团 日线 前复权
      日期	    开盘	    最高	    最低	    收盘	    成交量	    成交额
2021/08/02,12.93,12.98,12.36,12.76,3090372,75423024.00
2021/08/03,12.98,13.52,12.45,12.59,3899320,96678104.00
2021/08/04,12.86,13.74,12.64,13.60,6331120,162913424.00
2021/08/05,13.42,13.54,12.98,13.18,3954616,100172864.00
2021/08/06,13.13,13.47,12.76,13.06,3114803,78495168.00
2021/08/09,13.03,13.25,12.70,12.97,2361606,59089496.00
2021/08/10,12.95,13.88,12.95,13.78,5601168,145588672.00
2021/08/11,13.91,14.57,13.30,14.11,7183923,193464384.00
2021/08/12,14.23,14.33,13.75,14.03,4714617,126913016.00
2021/08/13,13.91,14.19,13.53,13.60,3327400,87869128.00
2021/08/16,13.53,13.72,13.31,13.42,2562439,66414720.00
2021/08/17,13.03,13.39,12.80,12.80,2972839,74602624.00
2021/08/18,12.81,13.07,12.62,12.85,2112627,52368952.00
2021/08/19,12.88,12.88,11.98,12.26,2917323,69126504.00
2021/08/20,12.24,12.48,11.88,12.38,1579928,37366596.00
2021/08/23,12.42,13.72,12.40,13.65,4334352,110969424.00
2021/08/24,13.53,14.06,13.40,13.91,3947167,103995120.00
2021/08/25,13.87,14.52,13.87,14.09,3600576,97290000.00
2021/08/26,14.41,14.41,13.62,13.99,2966919,79212872.00
2021/08/27,13.96,14.23,13.46,13.64,2785460,73269808.00
2021/08/30,13.96,14.01,13.09,13.23,2284468,58721036.00
2021/08/31,13.41,13.41,12.80,12.95,1727888,43382572.00
2021/09/01,12.95,13.09,12.52,12.55,1850692,45507544.00
2021/09/02,12.55,13.06,12.45,12.96,1704940,42260756.00
2021/09/03,12.88,13.54,12.63,13.03,2120328,53343936.00
2021/09/06,12.95,13.25,12.70,13.24,1581380,39687740.00
2021/09/07,13.23,13.35,12.80,12.91,2015432,50378844.00
2021/09/08,12.91,12.96,12.54,12.56,1939052,47402956.00
2021/09/09,12.64,12.64,12.15,12.29,2020340,48182016.00
2021/09/10,12.29,12.39,11.99,11.99,1633704,38362936.00
2021/09/13,11.99,12.29,11.77,12.18,1366907,31859788.00
2021/09/14,12.28,12.29,11.63,11.69,1964184,45128192.00
2021/09/15,11.71,11.93,11.53,11.79,955500,21724814.00
2021/09/16,11.81,12.06,11.59,11.61,1324500,30371170.00
2021/09/17,11.79,11.79,11.26,11.42,1200052,26620462.00
2021/09/22,11.30,11.47,11.15,11.44,594624,13154617.00
2021/09/23,11.55,11.61,11.43,11.45,751860,16779274.00
2021/09/24,11.59,11.59,11.09,11.09,886000,19371780.00
2021/09/27,11.09,11.09,10.56,10.58,906676,19017404.00
2021/09/28,10.50,10.73,10.50,10.61,405204,8420230.00
2021/09/29,10.55,10.60,10.24,10.24,623164,12642982.00
2021/09/30,10.41,10.73,10.25,10.63,777576,16031011.00
2021/10/08,10.70,10.91,10.70,10.84,587668,12424465.00
2021/10/11,10.86,10.86,10.60,10.65,559712,11664325.00
2021/10/12,10.71,10.71,10.31,10.41,536065,10963449.00
2021/10/13,10.36,10.57,10.36,10.50,399140,8178486.00
2021/10/14,10.48,10.78,10.48,10.73,621577,12951946.00
2021/10/15,10.76,10.81,10.53,10.57,578280,12078093.00
2021/10/18,10.51,10.74,10.43,10.71,489880,10143615.00
2021/10/19,10.59,10.80,10.59,10.78,521800,10906729.00
2021/10/20,10.80,10.80,10.64,10.64,501659,10476334.00
2021/10/21,10.66,10.74,10.54,10.55,514600,10672943.00
2021/10/22,10.60,10.75,10.51,10.62,508551,10535195.00
2021/10/25,10.64,11.51,10.62,11.35,1857951,40385576.00
2021/10/26,11.35,11.81,10.98,11.11,1925326,42521488.00
2021/10/27,10.96,11.24,10.81,11.04,1034801,22144732.00
2021/10/28,10.92,10.99,10.75,10.77,737548,15583929.00
2021/10/29,10.77,11.21,10.77,11.14,924499,19901344.00
2021/11/01,11.29,11.29,10.95,11.14,737400,15964337.00
2021/11/02,11.14,11.60,11.14,11.50,1708048,37928424.00
2021/11/03,11.30,11.53,11.20,11.48,996212,21999800.00
2021/11/04,11.43,11.74,11.38,11.70,1515843,34242080.00
2021/11/05,11.70,11.73,11.41,11.43,1480620,33139878.00
2021/11/08,11.32,11.53,11.24,11.41,796556,17697302.00
2021/11/09,11.50,11.50,11.31,11.41,856823,18977180.00
2021/11/10,11.41,11.54,11.33,11.43,832900,18496504.00
2021/11/11,11.43,11.71,11.43,11.58,1216590,27433676.00
2021/11/12,11.54,11.98,11.54,11.96,1966148,45082812.00
2021/11/15,11.97,12.35,11.88,12.29,2587616,61100256.00
2021/11/16,12.14,12.40,12.05,12.16,1903852,44935016.00
2021/11/17,12.16,12.53,12.15,12.32,1734991,41486896.00
2021/11/18,12.28,12.59,12.08,12.18,2061315,49349744.00
2021/11/19,12.14,12.59,11.98,12.57,2467984,59426696.00
2021/11/22,12.66,12.73,12.36,12.53,1723683,41674044.00
2021/11/23,12.63,12.63,12.34,12.39,1668577,40042836.00
2021/11/24,12.39,12.48,12.26,12.36,1129276,27014416.00
2021/11/25,12.29,12.45,12.04,12.20,1620566,38186020.00
2021/11/26,12.08,12.30,11.95,12.13,1011230,23693680.00
2021/11/29,11.95,12.39,11.92,12.35,1301271,30777480.00
2021/11/30,12.24,13.33,12.24,13.14,5083195,126816784.00
2021/12/01,12.99,13.40,12.88,13.34,3428811,87202512.00
2021/12/02,13.48,14.09,12.97,12.98,5972849,154861248.00
2021/12/03,13.14,13.97,12.96,13.03,5381914,139062400.00
2021/12/06,12.81,12.99,12.08,12.10,3520231,84411720.00
2021/12/07,12.12,12.47,11.39,11.54,2899019,65905180.00
2021/12/08,11.44,11.80,11.42,11.60,1782552,40162396.00
2021/12/09,11.64,11.67,11.39,11.44,1619560,36178632.00
2021/12/10,11.36,11.56,11.33,11.51,1048744,23435806.00
2021/12/13,11.59,11.63,11.39,11.50,1328256,29646372.00
2021/12/14,11.19,11.64,11.19,11.53,1208748,27043708.00
2021/12/15,11.53,11.75,11.46,11.52,1236560,27908718.00
2021/12/16,11.50,11.69,11.45,11.65,1064600,23954724.00
2021/12/17,11.62,11.62,11.35,11.40,1107112,24622014.00
2021/12/20,11.55,11.55,11.06,11.11,1063760,23247590.00
2021/12/21,11.15,11.26,11.04,11.23,528100,11492175.00
2021/12/22,11.26,11.39,11.18,11.23,666340,14600540.00
2021/12/23,11.26,11.27,10.89,10.91,1482023,31779550.00
2021/12/24,10.91,11.05,10.60,10.61,1349420,28217964.00
2021/12/27,10.69,10.78,10.51,10.70,686180,14310403.00
2021/12/28,10.74,10.90,10.71,10.88,734800,15543345.00
2021/12/29,10.89,11.06,10.73,10.97,1065080,22714236.00
2021/12/30,10.89,11.09,10.88,11.06,987900,21218114.00
2021/12/31,11.09,11.15,10.98,11.08,702463,15147014.00
2022/01/04,11.14,11.50,11.14,11.39,1794444,39549152.00
2022/01/05,11.31,11.48,11.20,11.43,1307320,28798736.00
2022/01/06,11.40,11.53,11.28,11.46,1182367,26254968.00
2022/01/07,11.53,11.53,11.13,11.31,1003200,22057800.00
2022/01/10,11.28,11.49,11.13,11.33,902040,19895600.00
2022/01/11,11.41,11.44,11.26,11.30,1047271,23111638.00
2022/01/12,11.31,11.53,11.30,11.47,1162260,25899050.00
2022/01/13,11.47,11.58,11.41,11.44,1182569,26402756.00
2022/01/14,11.42,11.51,11.14,11.16,1090588,23961700.00
2022/01/17,11.24,11.46,11.16,11.45,1031708,22808494.00
2022/01/18,10.34,11.53,10.34,10.90,2265532,48613936.00
2022/01/19,10.81,11.01,10.79,10.99,850308,18114652.00
2022/01/20,10.81,10.99,10.41,10.41,1503392,31081512.00
2022/01/21,10.39,10.56,10.38,10.46,529261,10816635.00
2022/01/24,10.46,10.50,10.26,10.31,609480,12380645.00
2022/01/25,10.33,10.36,9.92,9.94,958956,18968990.00
2022/01/26,9.94,10.17,9.90,9.98,633420,12449030.00
2022/01/27,9.98,10.05,9.53,9.53,1068320,20366358.00
2022/01/28,9.56,9.85,9.51,9.74,601260,11529301.00
2022/02/07,9.85,10.06,9.78,9.98,658907,12891345.00
2022/02/08,10.08,10.20,9.94,10.16,567600,11234323.00
2022/02/09,10.16,10.29,10.10,10.19,671420,13385015.00
2022/02/10,10.19,10.27,9.99,10.06,634995,12518228.00
2022/02/11,10.08,10.09,9.71,9.75,674940,13070198.00
2022/02/14,9.74,9.99,9.73,9.88,398072,7736777.50
2022/02/15,9.86,9.99,9.75,9.98,534484,10420035.00
2022/02/16,9.96,10.18,9.96,10.14,564989,11214189.00
2022/02/17,10.09,10.25,10.03,10.08,624241,12425490.00
2022/02/18,10.06,10.18,9.93,10.18,473349,9370077.00
2022/02/21,10.18,10.38,10.05,10.34,563445,11364725.00
2022/02/22,10.30,10.30,10.08,10.23,613300,12235189.00
2022/02/23,10.29,10.45,10.16,10.39,635508,12883210.00
2022/02/24,10.31,10.46,10.11,10.30,1074503,21614868.00
2022/02/25,10.39,10.58,10.27,10.31,745324,15210124.00
2022/02/28,10.42,10.42,10.08,10.19,675920,13498717.00
2022/03/01,10.19,10.39,10.18,10.35,595140,12009325.00
2022/03/02,10.35,10.46,10.24,10.42,925648,18840176.00
2022/03/03,10.41,10.47,10.26,10.32,632220,12845527.00
2022/03/04,10.32,10.35,10.11,10.13,757628,15169234.00
2022/03/07,10.09,10.16,9.90,9.98,547144,10780277.00
2022/03/08,10.02,10.10,9.65,9.71,581400,11228443.00
2022/03/09,9.72,9.80,9.11,9.45,766690,14363629.00
2022/03/10,9.58,9.81,9.54,9.55,408746,7800491.50
2022/03/11,9.53,9.69,9.24,9.69,526292,9770554.00
2022/03/14,9.69,9.69,9.37,9.39,403735,7578038.00
2022/03/15,9.24,9.41,8.77,8.88,761928,13694860.00
2022/03/16,9.02,9.13,8.58,9.07,766570,13522298.00
2022/03/17,9.15,9.31,9.05,9.08,821016,14946963.00
2022/03/18,9.09,9.25,9.03,9.23,432280,7852976.50
2022/03/21,9.34,9.42,9.19,9.41,651091,12016395.00
2022/03/22,9.44,9.60,9.26,9.47,701881,13066619.00
2022/03/23,9.78,9.78,9.43,9.52,661980,12456475.00
2022/03/24,9.47,9.54,9.39,9.41,478964,8936781.00
2022/03/25,9.34,9.64,9.34,9.41,495423,9289483.00
2022/03/28,9.43,9.43,9.19,9.25,498020,9154940.00
2022/03/29,9.25,9.40,8.99,9.25,704084,12766405.00
2022/03/30,9.26,9.42,9.14,9.32,409700,7529028.00
2022/03/31,9.22,9.57,9.21,9.41,698488,13018505.00
2022/04/01,9.31,9.37,9.23,9.29,483570,8884908.00
2022/04/06,9.19,9.48,9.19,9.42,472191,8753733.00
2022/04/07,9.53,9.53,9.16,9.20,450960,8243475.50
2022/04/08,9.20,9.26,8.95,9.05,440068,7882413.00
2022/04/11,8.98,9.24,8.75,8.81,650336,11599518.00
2022/04/12,8.78,8.94,8.71,8.93,409768,7177891.00
2022/04/13,8.93,8.94,8.70,8.78,322864,5651949.00
2022/04/14,8.74,8.98,8.74,8.88,292020,5146558.50
2022/04/15,8.88,8.88,8.63,8.70,245264,4249515.50
2022/04/18,8.86,8.97,8.56,8.96,389643,6843365.00
2022/04/19,9.41,10.16,9.19,9.70,2843047,54311848.00
2022/04/20,9.37,9.63,9.22,9.35,2338367,43448888.00
2022/04/21,9.15,9.24,8.59,8.60,1569743,27696342.00
2022/04/22,8.58,8.58,8.26,8.37,888232,14911338.00
2022/04/25,8.25,8.25,7.53,7.58,1092235,17286162.00
2022/04/26,7.59,7.73,7.14,7.21,772219,11555945.00
2022/04/27,7.13,7.41,6.95,7.39,860724,12597666.00
2022/04/28,7.33,7.33,6.70,6.86,1171660,16598173.00
2022/04/29,7.02,7.33,6.90,7.26,850831,12345860.00
2022/05/05,7.15,7.54,7.15,7.43,702556,10561507.00
2022/05/06,7.18,7.50,7.18,7.45,603180,9016809.00
2022/05/09,7.42,7.61,7.30,7.48,473396,7188381.50
2022/05/10,7.46,7.76,7.31,7.73,765308,11776446.00
2022/05/11,7.69,7.89,7.69,7.88,933327,14655512.00
2022/05/12,7.96,8.19,7.69,7.80,1375059,21776024.00
2022/05/13,7.73,7.91,7.71,7.76,666952,10451107.00
2022/05/16,7.81,7.88,7.73,7.76,680600,10675150.00
2022/05/17,7.70,7.80,7.65,7.73,381132,5917799.50
2022/05/18,7.73,7.95,7.67,7.86,606332,9560553.00
2022/05/19,7.74,7.91,7.73,7.86,366072,5762124.00
2022/05/20,7.91,8.02,7.84,7.93,468960,7458480.00
2022/05/23,7.93,8.06,7.93,8.04,367664,5905831.00
2022/05/24,8.12,8.19,7.68,7.97,1043500,16515723.00
2022/05/25,7.75,7.96,7.73,7.92,461720,7289418.00
2022/05/26,7.89,8.08,7.70,7.89,447880,7047544.50
2022/05/27,7.89,8.06,7.86,7.95,668580,10692479.00
2022/05/30,8.21,8.21,7.91,8.06,611260,9861050.00
2022/05/31,7.98,8.09,7.84,8.06,443140,7146781.00
2022/06/01,8.03,8.24,7.99,8.14,714980,11656453.00
2022/06/02,8.13,8.35,7.98,8.30,831088,13631122.00
2022/06/06,8.40,8.50,8.30,8.46,846040,14234286.00
2022/06/07,8.50,8.53,8.23,8.31,724283,12054329.00
2022/06/08,8.31,8.36,8.08,8.25,498048,8197247.00
2022/06/09,8.20,8.20,7.95,8.01,477680,7713587.50
2022/06/10,8.02,8.31,8.01,8.26,717056,11806546.00
2022/06/13,8.26,8.46,8.15,8.40,622932,10405051.00
2022/06/14,8.25,8.40,8.09,8.34,576956,9494545.00
2022/06/15,8.34,8.42,8.28,8.31,847543,14134048.00
2022/06/16,8.31,8.41,8.25,8.34,670540,11167212.00
2022/06/17,8.30,8.39,8.09,8.31,956729,12906862.00
2022/06/20,8.43,8.85,8.28,8.70,2121190,29821290.00
2022/06/21,8.71,8.81,8.54,8.65,887253,12532799.00
2022/06/22,8.56,8.71,8.48,8.54,679268,9514307.00
2022/06/23,8.93,10.40,8.93,10.40,11804394,193800960.00
2022/06/24,9.85,11.01,9.73,10.58,12306715,203963024.00
2022/06/27,10.33,10.67,9.89,10.64,8789411,144430512.00
2022/06/28,10.56,10.56,10.26,10.34,5926149,99097648.00
2022/06/29,10.35,10.41,9.63,9.69,5148237,82806120.00
2022/06/30,9.56,9.99,9.56,9.79,2480049,39320060.00
2022/07/01,9.78,9.79,9.43,9.46,2399561,37173084.00
2022/07/04,9.40,9.63,9.27,9.63,1777828,27384262.00
2022/07/05,9.64,11.69,9.37,10.97,10251230,174613264.00
2022/07/06,10.73,11.52,10.55,10.63,8218749,144729584.00
2022/07/07,10.57,10.88,10.23,10.35,5392401,90671328.00
2022/07/08,10.49,10.56,10.19,10.21,4166859,69344328.00
2022/07/11,10.23,10.36,10.03,10.30,2962967,48924284.00
2022/07/12,10.34,10.35,9.91,10.15,2812649,46088452.00
2022/07/13,10.15,11.76,10.01,11.33,9928468,176015744.00
2022/07/14,11.43,11.45,10.79,11.23,6891278,122345600.00
2022/07/15,11.23,12.41,10.98,11.55,10058217,188471408.00
2022/07/18,11.47,11.97,11.23,11.48,7331444,136070928.00
2022/07/19,11.49,12.15,11.03,11.81,7463268,137737440.00
2022/07/20,11.83,12.45,11.35,12.43,9188451,174904480.00
2022/07/21,12.23,12.69,11.56,11.75,8167778,159166032.00
2022/07/22,11.76,11.77,11.11,11.26,5373256,98187048.00
2022/07/25,11.17,11.50,10.99,11.41,3058104,55271900.00
2022/07/26,11.21,11.47,11.01,11.42,2859353,51693556.00
2022/07/27,11.39,11.72,11.21,11.66,3782357,69507056.00
2022/07/28,11.69,11.81,11.36,11.37,3695780,68081904.00
2022/07/29,11.36,11.81,11.26,11.46,4149257,76518256.00
2022/08/01,11.37,11.61,11.03,11.37,3609063,65266920.00
2022/08/02,11.26,11.26,10.26,10.28,3962836,67601440.00
2022/08/03,10.61,11.09,10.37,10.52,4086567,70683256.00
2022/08/04,10.79,10.79,10.38,10.66,2130911,36256980.00
2022/08/05,10.79,10.81,10.40,10.67,2284008,38948212.00
2022/08/08,10.67,11.66,10.49,11.35,4738000,85518424.00
2022/08/09,11.37,11.61,11.15,11.19,2516398,45388884.00
2022/08/10,11.12,11.39,11.03,11.21,2018024,36258880.00
2022/08/11,11.18,11.36,11.06,11.15,2107690,37700180.00
2022/08/12,11.15,11.25,10.83,10.88,2088488,36803924.00
2022/08/15,10.99,11.02,10.73,10.97,1198930,21004512.00
2022/08/16,11.03,11.33,10.97,11.19,2438549,43639436.00
2022/08/17,11.17,11.31,10.88,10.91,2155859,38196176.00
2022/08/18,10.92,11.09,10.78,10.99,1381718,24308770.00
2022/08/19,10.90,11.06,10.51,10.51,1996004,34229972.00
2022/08/22,10.48,10.51,10.28,10.40,1369916,22905088.00
2022/08/23,10.36,10.55,10.19,10.29,1486908,24766434.00
2022/08/24,10.29,10.40,9.70,9.74,2132060,34219276.00
2022/08/25,9.75,9.99,9.37,9.55,1361752,21074618.00
2022/08/26,9.59,9.76,9.43,9.46,1049272,16277232.00
2022/08/29,9.23,9.63,9.17,9.61,695344,10718553.00
2022/08/30,9.63,9.73,9.30,9.45,996200,15261444.00
2022/08/31,9.51,9.52,9.00,9.07,1215897,18122438.00
2022/09/01,9.09,9.24,9.03,9.07,694172,10305050.00
2022/09/02,9.11,9.24,9.03,9.22,715049,10657387.00
2022/09/05,9.35,9.35,9.09,9.19,789900,11827408.00
2022/09/06,9.19,9.35,9.05,9.19,889180,13278333.00
2022/09/07,9.17,9.59,9.14,9.53,1715631,26258118.00
2022/09/08,9.62,9.73,9.35,9.39,1320940,20382228.00
2022/09/09,9.41,9.49,9.18,9.27,807372,12163946.00
2022/09/13,9.23,9.39,9.19,9.32,480332,7257414.00
2022/09/14,9.21,9.27,9.04,9.21,805728,11976008.00
2022/09/15,9.28,9.28,8.70,8.85,1096232,15959181.00
2022/09/16,8.88,8.97,8.69,8.69,675788,9729760.00
2022/09/19,8.68,8.73,8.43,8.52,678781,9492443.00
2022/09/20,8.59,8.81,8.59,8.74,623720,8904204.00
2022/09/21,8.65,8.83,8.59,8.79,799050,11414039.00
2022/09/22,8.79,8.95,8.71,8.85,623313,9005725.00
2022/09/23,8.93,8.96,8.49,8.51,762680,10739506.00
2022/09/26,8.44,8.65,8.39,8.45,606213,8456627.00
2022/09/27,8.47,8.79,8.47,8.77,889495,12603420.00
2022/09/28,8.80,8.85,8.41,8.50,891268,12453354.00
2022/09/29,8.59,8.69,8.29,8.35,1017616,14029959.00
2022/09/30,8.31,8.34,8.09,8.09,666768,8953335.00
2022/10/10,8.13,8.17,7.83,7.89,625251,8184867.50
2022/10/11,7.97,7.97,7.77,7.93,390949,5076909.00
2022/10/12,7.99,8.25,7.80,8.24,629871,8314602.00
2022/10/13,8.21,8.47,8.15,8.36,575059,7873695.50
2022/10/14,8.40,8.61,8.40,8.57,640276,8949567.00
2022/10/17,8.43,8.81,8.37,8.81,899476,12831479.00
2022/10/18,8.81,9.03,8.71,8.95,832648,12088710.00
2022/10/19,8.81,9.31,8.79,8.99,1664288,24695798.00
2022/10/20,9.15,9.15,8.83,8.96,1377549,20183736.00
2022/10/21,9.09,10.36,8.89,9.85,6494633,104309872.00
2022/10/24,9.79,10.76,9.76,10.17,6139610,101326944.00
2022/10/25,9.79,10.25,9.36,9.95,4657222,73609752.00
2022/10/26,9.69,10.09,9.69,9.91,2657417,42470728.00
2022/10/27,10.04,10.04,9.49,9.56,2135632,33468538.00
2022/10/28,9.50,9.54,9.01,9.04,2079633,31284168.00
2022/10/31,9.05,9.21,9.01,9.13,1395067,20712638.00
2022/11/01,9.33,9.39,9.08,9.37,1315544,19766994.00
2022/11/02,9.33,9.57,9.27,9.39,1385120,21075010.00
2022/11/03,9.37,9.51,9.23,9.48,1169627,17888724.00
2022/11/04,9.83,10.07,9.51,9.85,3374970,53227564.00
2022/11/07,9.68,9.80,9.53,9.65,2184876,34067640.00
2022/11/08,9.59,9.79,9.39,9.79,1591159,24782678.00
2022/11/09,9.79,9.79,9.56,9.59,1311051,20474892.00
2022/11/10,9.53,9.71,9.37,9.45,1050948,16175209.00
2022/11/11,9.72,10.19,9.45,10.01,4277581,68544184.00
2022/11/14,9.94,10.33,9.83,9.87,3307603,53978136.00
2022/11/15,9.89,11.80,9.89,11.42,10260079,181710416.00
2022/11/16,11.42,12.03,10.81,11.67,9956048,183674784.00
2022/11/17,11.48,11.56,11.17,11.27,3694858,66860528.00
2022/11/18,11.27,12.33,11.06,11.99,7628887,144080832.00
2022/11/21,11.84,12.69,11.74,12.11,7218276,140985424.00
2022/11/22,11.97,12.14,11.60,11.61,4084150,77100536.00
2022/11/23,11.73,11.73,11.26,11.56,2445311,44937576.00
2022/11/24,11.74,11.78,11.37,11.65,1729852,32183590.00
2022/11/25,11.53,11.92,11.30,11.43,1901444,34800092.00
2022/11/28,11.06,11.41,10.75,10.84,2772236,48698404.00
2022/11/29,10.85,11.35,10.69,11.11,3131024,55237872.00
2022/11/30,11.04,11.33,10.74,10.97,2150441,38126576.00
2022/12/01,11.05,11.86,11.03,11.35,4151678,76603360.00
2022/12/02,11.26,11.35,10.89,11.04,3621936,64290316.00
2022/12/05,10.97,11.11,10.28,10.37,5065185,86029912.00
2022/12/06,10.26,10.41,10.09,10.23,1997948,33058320.00
2022/12/07,10.23,10.74,10.04,10.57,3083065,51816884.00
2022/12/08,10.67,10.75,10.29,10.37,1700669,28708248.00
2022/12/09,10.37,11.69,10.37,11.46,7242152,129553392.00
2022/12/12,11.36,12.61,11.36,12.43,9184974,177378512.00
2022/12/13,12.49,12.91,12.01,12.15,6683265,132257136.00
2022/12/14,12.17,12.24,11.53,11.76,3388605,64300980.00
2022/12/15,11.67,12.13,11.60,11.69,2599768,49003552.00
2022/12/16,11.75,11.75,11.03,11.24,3267708,58854228.00
2022/12/19,11.19,11.35,10.91,10.99,1545148,27440314.00
2022/12/20,11.03,11.79,10.83,11.78,3806480,70293480.00
2022/12/21,11.63,11.63,10.99,11.26,3452885,62041340.00
2022/12/22,11.29,11.43,10.63,10.67,2632936,45776004.00
2022/12/23,10.63,11.01,10.39,10.54,2093520,35769720.00
2022/12/26,10.90,11.34,10.48,11.31,2183380,38825236.00
2022/12/27,11.26,11.67,10.99,11.13,1688542,30340176.00
2022/12/28,11.13,11.35,10.43,10.49,3056520,52121948.00
2022/12/29,10.35,10.71,10.35,10.55,1802402,30516160.00
2022/12/30,10.55,10.73,10.33,10.66,1827557,30984446.00
2023/01/03,10.65,11.33,10.41,11.25,2487697,43528832.00
2023/01/04,11.16,11.39,10.84,11.08,1471824,26114344.00
2023/01/05,11.09,11.95,10.94,11.70,4533370,84068248.00
2023/01/06,11.77,12.06,11.53,11.81,3395302,63934492.00
2023/01/09,11.89,12.03,11.61,11.83,1711632,32444296.00
2023/01/10,12.01,12.30,11.56,12.24,3204185,61525800.00
2023/01/11,12.28,13.75,11.89,13.43,8938716,185641632.00
2023/01/12,13.23,14.04,13.02,13.43,9548630,205295760.00
2023/01/13,13.23,14.22,12.83,13.56,7743323,167857376.00
2023/01/16,13.67,13.89,12.80,13.07,5627466,117830528.00
2023/01/17,13.13,13.13,12.43,12.61,4691323,94840328.00
2023/01/18,12.69,12.73,12.29,12.53,2932236,58302004.00
2023/01/19,12.52,12.59,12.07,12.13,3954635,77269272.00
2023/01/20,12.19,12.24,11.83,12.03,4201948,80542640.00
2023/01/30,12.23,12.93,12.17,12.47,5555032,110869168.00
2023/01/31,12.47,12.47,11.68,12.12,4273492,82093032.00
2023/02/01,12.14,12.77,11.93,12.55,5301800,105756032.00
2023/02/02,12.67,13.07,12.15,12.31,5224784,104021392.00
2023/02/03,12.11,12.35,11.83,11.95,3967596,76124296.00
2023/02/06,11.95,12.53,11.89,12.35,5000060,97731808.00
2023/02/07,12.35,12.95,11.99,12.95,6438568,129295584.00
2023/02/08,12.81,13.20,12.71,13.06,5067936,104602248.00
2023/02/09,12.92,13.41,12.69,13.40,6184861,128685392.00
2023/02/10,13.55,13.56,12.96,13.23,5563916,116528968.00
2023/02/13,12.96,13.41,12.77,13.04,5483873,114131928.00
2023/02/14,12.96,13.09,12.66,13.05,3710922,75871400.00
2023/02/15,13.05,13.05,12.42,12.51,5730089,115256800.00
2023/02/16,12.40,12.69,11.95,12.08,4707414,92585576.00
2023/02/17,12.08,12.19,11.81,11.89,2561324,49036972.00
2023/02/20,11.90,11.97,11.59,11.80,1975905,37201444.00
2023/02/21,11.81,12.28,11.73,12.09,3013346,57777068.00
2023/02/22,11.96,12.55,11.81,12.14,2661092,51810540.00
2023/02/23,12.07,12.12,11.87,11.99,1680460,32095176.00
2023/02/24,11.99,12.07,11.50,11.54,2366408,44140912.00
2023/02/27,11.89,12.20,11.56,11.71,4836381,92324824.00
2023/02/28,11.43,11.49,10.94,11.25,5050005,90967512.00
2023/03/01,11.25,11.29,11.07,11.23,2231856,39974832.00
2023/03/02,11.13,11.22,10.91,11.03,2431898,43102320.00
2023/03/03,11.08,11.18,10.95,11.18,1555492,27677274.00
2023/03/06,11.22,11.39,11.14,11.37,1928082,34891552.00
2023/03/07,11.36,11.39,10.83,10.85,1685718,29987262.00
2023/03/08,11.12,11.21,10.90,11.03,1305328,23057976.00
2023/03/09,11.02,11.06,10.91,10.97,893560,15749359.00
2023/03/10,10.89,10.99,10.68,10.74,1266693,22012322.00
2023/03/13,10.74,10.87,10.68,10.76,959219,16598880.00
2023/03/14,10.75,10.83,10.29,10.57,1391506,23501822.00
2023/03/15,10.59,10.77,10.33,10.59,859789,14752540.00
2023/03/16,10.71,10.71,10.38,10.49,992385,16732242.00
2023/03/17,10.55,10.82,10.41,10.73,1172800,20085262.00
2023/03/20,10.66,11.03,10.66,10.97,1799438,31458966.00
2023/03/21,10.93,11.16,10.89,11.16,1584127,28177560.00
2023/03/22,11.20,11.29,11.00,11.17,1366218,24410040.00
2023/03/23,11.15,11.17,10.93,10.99,859450,15180331.00
2023/03/24,11.07,11.07,10.73,10.87,1569088,27422274.00
2023/03/27,10.91,11.29,10.73,11.21,1598821,28210788.00
2023/03/28,11.29,11.29,10.79,10.84,1055508,18619524.00
2023/03/29,10.85,10.89,10.61,10.63,891048,15364680.00
2023/03/30,10.69,10.69,10.49,10.66,568160,9706221.00
2023/03/31,10.65,10.77,10.60,10.71,635125,10915054.00
2023/04/03,10.71,10.75,10.60,10.75,615369,10566134.00
2023/04/04,10.75,10.75,10.10,10.37,1696176,28326342.00
2023/04/06,10.35,10.41,10.07,10.17,917684,15090559.00
2023/04/07,10.17,10.35,10.14,10.25,752574,12428111.00
2023/04/10,10.17,10.65,10.15,10.43,1798536,30119728.00
2023/04/11,10.43,10.43,10.12,10.16,1030956,16942136.00
2023/04/12,10.13,10.30,10.11,10.24,716557,11778155.00
2023/04/13,10.23,10.27,10.03,10.03,687283,11239366.00
2023/04/14,10.03,10.19,9.93,10.13,1226639,19872270.00
2023/04/17,10.01,10.12,9.99,10.00,723164,11733317.00
2023/04/18,9.98,10.05,9.77,9.85,801245,12799728.00
2023/04/19,9.83,9.92,9.74,9.88,627900,9990821.00
2023/04/20,9.89,9.96,9.59,9.94,1019918,16111240.00
2023/04/21,9.93,9.98,9.57,9.57,741520,11720466.00
2023/04/24,9.59,9.67,9.37,9.51,613077,9431349.00
2023/04/25,9.51,9.51,9.00,9.16,1223980,18346916.00
2023/04/26,9.21,9.51,9.17,9.47,1379237,21022980.00
2023/04/27,9.52,9.61,9.33,9.37,1205029,18431010.00
2023/04/28,9.43,9.71,9.37,9.66,1310069,20277164.00
2023/05/04,9.62,9.80,9.57,9.63,872422,13662525.00
2023/05/05,9.69,9.69,9.31,9.39,771218,11781127.00
2023/05/08,9.41,9.55,9.41,9.49,686269,10549738.00
2023/05/09,9.49,9.49,8.98,8.98,2002373,29858326.00
2023/05/10,8.95,9.31,8.94,9.20,1074298,15974347.00
2023/05/11,9.28,9.39,9.09,9.38,855405,12918681.00
2023/05/12,9.33,9.49,9.16,9.16,789765,11926152.00
2023/05/15,9.17,9.41,9.17,9.41,708845,10732037.00
2023/05/16,9.46,9.49,9.29,9.48,859255,13158280.00
2023/05/17,9.44,9.99,9.40,9.83,2012073,31792940.00
2023/05/18,9.85,10.05,9.76,9.89,1390832,22214830.00
2023/05/19,9.83,9.96,9.80,9.86,870380,13914687.00
2023/05/22,9.88,10.07,9.88,10.04,1195664,19331220.00
2023/05/23,10.01,10.08,9.95,9.95,993737,16076054.00
2023/05/24,9.95,10.03,9.89,9.95,1093457,17632696.00
2023/05/25,10.03,10.03,9.83,10.02,894350,14386346.00
2023/05/26,10.03,10.19,9.87,10.11,1157849,18830944.00
2023/05/29,10.11,10.13,9.94,9.99,751078,12146608.00
2023/05/30,9.94,10.09,9.89,9.99,832423,13428126.00
2023/05/31,10.02,10.03,9.89,9.89,637500,10244002.00
2023/06/01,9.86,10.15,9.85,10.05,1025420,16635581.00
2023/06/02,10.14,10.28,10.03,10.20,1030459,16946500.00
2023/06/05,10.19,10.35,10.05,10.14,1077833,17743470.00
2023/06/06,10.15,10.19,9.77,9.77,800820,12852131.00
2023/06/07,9.92,9.93,9.69,9.83,931832,14789773.00
2023/06/08,9.88,10.07,9.73,9.80,1208824,15811321.00
2023/06/09,9.86,9.95,9.57,9.62,1291867,16639048.00
2023/06/12,9.67,9.92,9.43,9.84,1267503,16369419.00
2023/06/13,9.86,10.30,9.85,10.13,2566194,34375596.00
2023/06/14,10.12,10.18,9.86,9.93,1515037,19988822.00
2023/06/15,9.91,10.56,9.90,10.47,3832872,52566736.00
2023/06/16,10.48,10.52,10.19,10.30,2660926,36196540.00
2023/06/19,10.30,10.50,10.18,10.24,2189410,29790244.00
2023/06/20,10.22,10.71,10.19,10.57,3659696,50899648.00
2023/06/21,10.54,10.79,10.43,10.59,2767682,38960180.00
2023/06/26,10.59,10.90,10.30,10.37,2561031,35688548.00
2023/06/27,10.37,10.66,10.34,10.62,2046206,28454572.00
2023/06/28,10.62,10.90,10.40,10.83,3532744,50060500.00
2023/06/29,10.92,11.39,10.76,11.33,5312182,78379176.00
2023/06/30,11.17,11.48,11.07,11.35,4313157,64099000.00
2023/07/03,11.31,11.39,10.91,10.96,3919798,57150388.00
2023/07/04,11.07,11.43,10.94,11.39,4443203,65769220.00
2023/07/05,11.22,11.55,10.86,11.42,6545768,96958000.00
2023/07/06,11.39,13.82,10.94,13.82,21355714,359736384.00
2023/07/07,13.94,16.40,13.39,15.58,34973441,670179200.00
2023/07/10,14.61,14.86,13.74,13.82,22132862,412498592.00
2023/07/11,13.70,13.87,12.90,13.62,19154469,335090976.00
2023/07/12,13.39,14.71,13.25,14.54,23996018,442694368.00
2023/07/13,13.87,14.09,13.21,13.51,15579792,275911744.00
2023/07/14,13.38,13.68,12.79,12.86,13854363,239186816.00
2023/07/17,12.82,12.98,12.39,12.53,9014521,148775040.00
2023/07/18,12.58,12.86,12.41,12.58,6829605,113003664.00
2023/07/19,12.43,12.67,12.30,12.62,5920533,96678944.00
2023/07/20,12.62,13.06,12.33,12.99,13079066,219112432.00
2023/07/21,12.80,12.96,11.58,11.65,11763960,185578688.00
2023/07/24,11.55,11.98,11.54,11.70,5687886,87721128.00
2023/07/25,11.71,11.92,11.66,11.81,4573781,70645256.00
2023/07/26,11.75,11.78,11.40,11.47,4754023,72181712.00
2023/07/27,11.56,11.78,11.46,11.54,3187519,48590072.00
2023/07/28,11.50,11.66,11.26,11.60,3277591,49515080.00
2023/07/31,11.55,11.81,11.50,11.75,3923080,60412116.00
2023/08/01,11.82,11.83,11.46,11.65,2835063,43191548.00
2023/08/02,11.63,11.98,11.49,11.96,5675818,88238528.00
2023/08/03,11.87,11.87,11.50,11.54,4398240,67351736.00
2023/08/04,11.61,11.77,11.46,11.63,2866940,43790420.00
2023/08/07,11.61,11.70,11.51,11.56,2147464,32745036.00
2023/08/08,11.49,11.75,11.49,11.62,2326634,35481816.00
2023/08/09,11.54,12.19,11.39,11.87,6998480,108865336.00
2023/08/10,11.74,12.02,11.54,11.55,5429578,83707040.00
2023/08/11,11.54,11.90,11.31,11.31,4236411,64499300.00
2023/08/14,11.25,11.50,11.15,11.46,2537416,37911320.00
2023/08/15,11.41,11.54,11.31,11.39,1900603,28510814.00
2023/08/16,11.39,11.46,11.04,11.06,2730141,40247660.00
2023/08/17,11.02,12.51,11.02,12.18,11251335,176267712.00
2023/08/18,12.30,12.80,12.06,12.11,9427805,152696928.00
2023/08/21,12.11,12.31,11.82,11.91,4805146,75567608.00
2023/08/22,11.91,12.96,11.81,12.72,12974405,212270224.00
2023/08/23,12.52,13.26,12.35,13.19,15314658,258767760.00
2023/08/24,12.90,12.96,12.22,12.26,10280459,169884208.00
2023/08/25,12.27,12.27,11.34,11.42,8488547,130918264.00
2023/08/28,12.19,12.26,10.67,10.67,9331273,137539952.00
2023/08/29,10.38,12.47,10.38,12.26,13837886,214149120.00
2023/08/30,12.26,12.68,12.11,12.44,9980433,162539440.00
2023/08/31,12.29,12.88,12.20,12.69,10495195,173837344.00
2023/09/01,12.63,12.79,12.28,12.71,6572542,108457424.00
2023/09/04,12.75,12.80,12.43,12.68,4897344,80901096.00
2023/09/05,12.51,12.79,12.47,12.58,4074764,67347552.00
2023/09/06,12.56,12.58,12.30,12.43,3847760,62643124.00
2023/09/07,12.43,12.44,12.14,12.16,3245953,52062360.00
2023/09/08,12.30,13.07,12.20,12.94,11907056,199436816.00
2023/09/11,12.75,13.18,12.71,13.02,10422041,176420576.00
2023/09/12,12.98,13.11,12.70,12.85,6347098,106905592.00
2023/09/13,12.83,12.87,12.22,12.38,5999302,97955904.00
2023/09/14,12.30,12.31,11.65,11.82,6038093,94095296.00
2023/09/15,11.90,11.92,11.29,11.33,4841604,72876824.00
2023/09/18,11.34,12.14,11.19,11.94,5631083,87468624.00
2023/09/19,11.88,11.94,11.38,11.45,3548852,53746444.00
2023/09/20,11.45,11.74,11.30,11.35,2689594,40622804.00
2023/09/21,11.46,11.50,11.24,11.32,2339143,34990132.00
2023/09/22,11.36,11.87,11.29,11.83,3723103,57124492.00
2023/09/25,11.81,12.16,11.81,11.97,3085652,48559184.00
2023/09/26,11.98,12.42,11.86,12.30,4360798,69921512.00
2023/09/27,12.38,12.63,12.27,12.44,4703065,77031168.00
2023/09/28,12.46,12.63,12.31,12.41,3712291,60410344.00
2023/10/09,12.55,12.55,12.22,12.27,3010020,48684736.00
2023/10/10,12.40,12.40,12.00,12.09,2810257,44640324.00
2023/10/11,12.19,12.43,11.92,12.15,3180303,50593324.00
2023/10/12,12.11,12.22,11.91,12.11,2384778,37740420.00
2023/10/13,12.11,12.16,11.85,11.86,2182520,34170248.00
2023/10/16,12.02,12.06,11.54,11.60,2097364,32114496.00
2023/10/17,11.60,11.66,11.35,11.50,2162641,32621340.00
2023/10/18,11.54,11.54,11.17,11.21,2004923,29698520.00
2023/10/19,11.18,11.61,11.07,11.30,3582615,53912744.00
2023/10/20,11.23,11.89,11.22,11.32,3102769,46920664.00
2023/10/23,11.32,11.39,10.87,10.98,2539591,36958284.00
2023/10/24,11.17,12.18,11.17,11.95,6807088,105278992.00
2023/10/25,12.02,12.26,11.88,12.02,3921791,62063976.00
2023/10/26,11.94,12.07,11.60,12.02,3134332,48691036.00
2023/10/27,11.97,12.11,11.80,12.08,3213991,50707604.00
2023/10/30,11.96,12.14,11.76,11.94,3615843,56603916.00
2023/10/31,11.82,11.98,11.53,11.62,2949401,45323088.00
2023/11/01,11.55,12.18,11.55,12.10,5841346,92055656.00
2023/11/02,12.03,12.20,11.62,11.84,4660280,72331328.00
2023/11/03,11.97,12.63,11.97,12.38,8484608,137470176.00
2023/11/06,12.50,12.60,12.30,12.51,6831412,111530248.00
2023/11/07,12.49,12.67,12.35,12.61,4333612,71454552.00
2023/11/08,12.51,12.64,12.41,12.52,4147829,67972600.00
2023/11/09,12.52,12.90,12.44,12.58,4961958,82040264.00
2023/11/10,12.60,12.66,12.41,12.46,3012552,49369760.00
2023/11/13,12.46,12.59,12.34,12.58,3203564,52507024.00
2023/11/14,12.51,12.74,12.48,12.68,3208289,52972700.00
2023/11/15,12.74,12.83,12.51,12.79,4452749,74014560.00
2023/11/16,12.79,12.88,12.64,12.72,3742300,62524804.00
2023/11/17,12.64,13.06,12.51,13.03,4770837,80604408.00
2023/11/20,13.17,13.52,12.87,13.44,6980368,120432512.00
2023/11/21,13.44,13.44,12.82,12.94,6513091,111283200.00
2023/11/22,12.78,12.94,12.53,12.53,3915956,64957312.00
2023/11/23,12.64,12.77,12.43,12.66,2562457,42358448.00
2023/11/24,12.68,12.72,12.34,12.46,3208290,52385940.00
2023/11/27,12.35,12.70,12.31,12.61,2867086,47028280.00
2023/11/28,12.61,12.97,12.48,12.77,2089183,34962304.00
2023/11/29,12.91,12.99,12.65,12.74,2358220,39665220.00
2023/11/30,12.87,13.02,12.50,12.68,3041799,50673564.00
2023/12/01,12.66,12.66,12.42,12.46,2763764,45235760.00
2023/12/04,12.47,12.82,12.43,12.70,3412898,56661892.00
2023/12/05,12.58,12.66,12.16,12.16,3130760,50554484.00
2023/12/06,12.23,12.62,12.11,12.32,3511905,57182368.00
2023/12/07,12.45,12.45,12.10,12.15,1818083,29048306.00
2023/12/08,12.12,12.50,11.99,12.05,2270428,36348408.00
2023/12/11,11.93,12.23,11.82,12.20,2193484,34838016.00
2023/12/12,12.24,12.34,12.07,12.23,1677968,26824220.00
2023/12/13,12.23,12.87,12.08,12.55,3647794,59941424.00
2023/12/14,12.51,12.70,12.32,12.38,2060578,33653560.00
2023/12/15,12.38,12.50,12.18,12.34,1475120,23778090.00
2023/12/18,12.33,12.40,12.02,12.02,2314107,37056716.00
2023/12/19,12.17,12.48,12.02,12.43,2072008,33333848.00
2023/12/20,12.35,12.74,12.33,12.42,2662380,43826628.00
2023/12/21,12.45,12.70,12.16,12.66,3366650,54928180.00
2023/12/22,12.73,12.90,12.37,12.47,3699981,61294628.00
2023/12/25,12.46,12.51,12.11,12.45,2755277,44562388.00
2023/12/26,12.55,12.56,12.16,12.34,3748605,60602772.00
2023/12/27,12.46,12.46,12.14,12.23,2361640,38013400.00
2023/12/28,12.30,12.66,12.03,12.61,4057226,66241088.00
2023/12/29,12.63,12.98,12.57,12.94,3989070,67036620.00
2024/01/02,12.94,13.18,12.83,12.92,3612537,61444832.00
2024/01/03,12.91,12.96,12.72,12.92,3397872,57074772.00
2024/01/04,12.97,13.17,12.76,12.90,3721132,63249160.00
2024/01/05,12.95,13.34,12.68,12.77,4703442,79884000.00
2024/01/08,12.66,12.88,12.47,12.47,2967921,49081840.00
2024/01/09,12.60,13.08,12.49,12.80,5045068,84895288.00
2024/01/10,12.82,12.82,12.25,12.30,3645517,59592704.00
2024/01/11,12.27,12.61,12.02,12.57,4014358,65009232.00
2024/01/12,12.57,12.63,12.26,12.30,2187420,35598528.00
2024/01/15,12.27,12.46,12.06,12.15,2889535,46237316.00
2024/01/16,12.31,12.35,11.93,12.18,2700768,43094016.00
2024/01/17,12.18,12.27,11.74,11.74,1983687,31246326.00
2024/01/18,11.76,11.89,11.25,11.59,2601018,39330212.00
2024/01/19,11.52,11.54,11.22,11.28,2456884,36628288.00
2024/01/22,11.30,11.31,10.30,10.45,2575800,36869464.00
2024/01/23,10.42,10.56,9.98,10.18,2863922,38434544.00
2024/01/24,10.10,10.47,9.90,10.41,2716218,36650400.00
2024/01/25,10.44,10.78,10.29,10.70,2401883,33625248.00
2024/01/26,10.70,11.05,10.69,10.73,2075829,29770992.00
2024/01/29,10.86,10.98,10.30,10.34,1631520,22641244.00
2024/01/30,10.18,10.38,9.86,9.89,2245292,30031766.00
2024/01/31,10.42,10.42,9.27,9.29,2875766,36815448.00
2024/02/01,9.31,9.47,8.83,9.13,2742553,33378650.00
2024/02/02,9.15,9.41,8.14,8.47,3388352,39237108.00
2024/02/05,8.29,8.42,6.80,6.91,5781021,56590252.00
2024/02/06,6.70,7.15,5.97,6.77,6912800,61317668.00
2024/02/07,6.75,6.98,5.90,6.02,8407357,72823744.00
2024/02/08,5.95,7.34,5.67,7.26,9913191,87737848.00
2024/02/19,7.39,7.74,7.30,7.50,6169582,62461492.00
2024/02/20,7.55,7.71,7.30,7.64,3405934,34858768.00
2024/02/21,7.51,8.35,7.51,8.02,4907468,53357924.00
2024/02/22,7.88,8.38,7.88,8.36,4027340,44394388.00
2024/02/23,8.36,8.81,8.30,8.74,4646146,53491812.00
2024/02/26,8.94,9.87,8.90,9.30,7457567,92299624.00
2024/02/27,9.17,9.55,8.92,9.52,5292751,65919460.00
2024/02/28,9.50,9.76,8.15,8.16,8860579,105762160.00
2024/02/29,8.15,8.70,8.04,8.70,5661026,64437256.00
2024/03/01,8.72,8.98,8.67,8.86,4045368,47609524.00
2024/03/04,8.88,8.94,8.41,8.74,3471464,40289080.00
2024/03/05,8.72,8.72,8.44,8.50,2628061,30122980.00
2024/03/06,8.51,9.02,8.43,8.90,3918466,46029684.00
2024/03/07,8.92,9.46,8.92,9.03,5148574,63000056.00
2024/03/08,8.95,9.14,8.77,8.96,3605837,42936720.00
2024/03/11,8.96,9.21,8.87,9.21,3009722,36427004.00
2024/03/12,9.35,9.39,9.07,9.33,3427304,42310680.00
2024/03/13,9.33,9.56,9.24,9.42,3250220,40708476.00
2024/03/14,9.40,9.59,9.07,9.28,3171775,39437044.00
2024/03/15,9.27,9.58,9.18,9.57,3025797,37984284.00
2024/03/18,9.69,9.84,9.57,9.78,3074300,39578828.00
2024/03/19,9.76,9.86,9.69,9.76,2580633,33496024.00
2024/03/20,9.85,9.99,9.70,9.88,2481551,32524440.00
2024/03/21,9.94,10.02,9.66,9.90,3024253,39442948.00
2024/03/22,9.90,9.98,9.57,9.63,3153400,40748604.00
2024/03/25,9.54,9.76,9.31,9.32,2852058,36221720.00
2024/03/26,9.30,9.54,9.26,9.46,2387378,29805714.00
2024/03/27,9.47,9.53,8.93,8.96,2571337,31544634.00
2024/03/28,9.07,9.51,8.88,9.22,2688189,33199438.00
2024/03/29,9.26,9.50,9.21,9.49,3028623,37826384.00
2024/04/01,9.52,10.02,9.52,9.96,4360483,56877864.00
2024/04/02,9.93,9.98,9.68,9.91,3110946,40621476.00
2024/04/03,9.90,9.90,9.49,9.67,2275615,29210130.00
2024/04/08,9.74,9.74,9.20,9.22,2717737,34030784.00
2024/04/09,9.22,9.51,9.22,9.48,1892930,23642802.00
2024/04/10,9.53,9.63,9.12,9.29,1950646,24202234.00
2024/04/11,9.26,9.38,9.02,9.14,2281208,28014672.00
2024/04/12,9.14,9.39,9.12,9.19,1980111,24505078.00
2024/04/15,9.12,9.27,7.95,8.28,5191911,58726864.00
2024/04/16,8.22,8.22,6.99,7.26,5099037,51036464.00
2024/04/17,7.39,8.38,7.39,8.38,4238491,45881216.00
2024/04/18,8.50,8.50,7.89,8.07,3176933,34774612.00
2024/04/19,8.10,8.18,7.79,7.91,3639749,38805548.00
2024/04/22,7.92,8.02,7.52,7.78,2774316,29146450.00
2024/04/23,7.90,8.13,7.66,8.06,3241150,34913940.00
2024/04/24,8.14,8.36,8.06,8.35,2727913,30116260.00
2024/04/25,8.42,8.59,8.28,8.54,3154900,35885360.00
2024/04/26,8.54,8.72,8.36,8.63,3492823,40282620.00
2024/04/29,8.67,9.15,8.66,9.10,3211753,38605352.00
2024/04/30,9.14,9.23,8.82,9.04,2867593,34413120.00
2024/05/06,9.11,9.35,9.11,9.22,2555124,31440300.00
2024/05/07,9.24,9.42,9.19,9.39,2519798,31367708.00
2024/05/08,9.38,9.47,9.24,9.27,2336191,29065028.00
2024/05/09,9.37,9.50,9.29,9.43,1946258,24408386.00
2024/05/10,9.48,9.50,9.15,9.25,1874084,23152064.00
2024/05/13,9.19,9.19,8.92,8.95,2331219,28026704.00
2024/05/14,8.90,9.17,8.90,9.01,2272361,27423166.00
2024/05/15,9.05,9.14,8.90,8.93,1431260,17216560.00
2024/05/16,8.93,9.14,8.93,9.05,1586600,19197364.00
2024/05/17,9.07,9.30,8.93,9.19,1748187,21243102.00
2024/05/20,9.22,9.27,9.00,9.12,1719154,20843476.00
2024/05/21,9.06,9.11,8.87,8.98,1512556,18069748.00
2024/05/22,8.94,9.22,8.90,9.18,2110123,25653008.00
2024/05/23,9.18,9.18,8.92,8.95,1483155,17836608.00
2024/05/24,8.95,9.07,8.87,8.90,1257617,15069690.00
2024/05/27,8.95,9.08,8.70,8.94,1760503,20817136.00
2024/05/28,8.94,9.06,8.78,8.95,1318772,15768367.00
2024/05/29,8.98,9.14,8.89,9.09,1868180,22522086.00
2024/05/30,9.07,9.51,9.00,9.47,5828775,72782608.00
2024/05/31,9.29,9.44,8.91,9.17,7899271,96206248.00
2024/06/03,9.08,10.54,9.02,10.16,15944852,208143840.00
2024/06/04,9.91,11.78,9.70,11.14,21005821,294270496.00
2024/06/05,10.44,10.70,10.16,10.62,15479422,213011264.00
2024/06/06,10.44,10.44,9.09,9.13,13813975,138839904.00
2024/06/07,9.27,11.04,9.19,11.04,13329029,146997600.00
2024/06/11,11.59,12.57,11.31,11.68,33539573,410526688.00
2024/06/12,11.27,13.63,10.97,12.72,35140468,445698848.00
2024/06/13,12.07,13.57,11.82,12.75,33980182,437314592.00
2024/06/14,11.99,12.13,11.50,12.04,21699057,266560752.00
2024/06/17,11.69,12.54,11.69,12.41,22952000,290161248.00
2024/06/18,12.26,12.48,11.81,12.14,18054599,225231232.00
2024/06/19,11.89,11.93,11.31,11.39,16851402,201362416.00
2024/06/20,11.19,12.09,10.99,11.69,19798500,237905968.00
2024/06/21,11.22,11.29,10.02,10.46,13963707,153081840.00
2024/06/24,10.32,10.57,9.92,9.99,9285089,98298544.00
2024/06/25,9.90,10.54,9.90,10.19,10195976,108475560.00
2024/06/26,9.64,10.31,9.63,10.26,9623383,99756224.00
2024/06/27,10.17,10.36,9.92,9.97,7568400,79741488.00
2024/06/28,9.97,10.33,9.89,10.21,7542586,79982192.00
2024/07/01,10.22,10.24,9.71,9.89,7167327,73845528.00
2024/07/02,9.88,9.94,9.67,9.76,5231440,53345944.00
2024/07/03,9.78,9.87,9.41,9.48,5633110,55950892.00
2024/07/04,9.47,9.91,9.21,9.22,7571585,75447144.00
2024/07/05,9.23,9.31,8.86,9.08,5923575,55779332.00
2024/07/08,9.03,9.09,8.87,8.89,3843850,36001016.00
2024/07/09,8.89,9.26,8.70,9.21,6100150,57516800.00
2024/07/10,9.19,9.32,9.06,9.11,3793705,36326000.00
2024/07/11,9.30,9.55,9.20,9.54,5238896,51278804.00
2024/07/12,9.54,9.64,9.42,9.47,4416075,43799796.00
2024/07/15,9.33,9.49,9.20,9.23,3063721,29725332.00
2024/07/16,9.16,9.30,8.97,9.20,3278913,31332998.00
2024/07/17,9.20,9.21,8.84,8.85,3188585,29841420.00
2024/07/18,8.74,8.83,8.40,8.76,4102175,36933216.00
2024/07/19,8.77,9.14,8.71,9.08,3616179,34049672.00
2024/07/22,9.07,9.19,8.99,9.19,2683724,25531286.00
2024/07/23,9.14,9.36,8.89,8.96,3291747,31476840.00
2024/07/24,8.93,9.13,8.76,9.00,3963471,37105448.00
2024/07/25,8.88,9.89,8.73,9.50,10634358,104305472.00
2024/07/26,9.34,10.09,9.31,10.04,16773317,171005808.00
2024/07/29,9.83,9.89,9.68,9.75,9610101,97589680.00
2024/07/30,9.70,9.83,9.49,9.56,7206076,72471672.00
2024/07/31,9.51,9.89,9.48,9.84,8198525,83365912.00
2024/08/01,9.68,9.98,9.68,9.78,6949177,71226112.00
2024/08/02,9.77,9.83,9.52,9.53,4940539,49667200.00
2024/08/05,9.47,9.55,8.95,8.95,5750602,55544564.00
2024/08/06,9.09,9.25,8.95,9.19,4018982,38354504.00
2024/08/07,9.24,9.41,9.18,9.28,3212473,31181468.00
2024/08/08,9.32,9.32,8.83,8.99,4190365,39361900.00
2024/08/09,9.04,9.14,8.93,8.93,2458346,23123432.00
2024/08/12,8.90,9.02,8.73,8.90,2332725,21722222.00
2024/08/13,8.93,9.06,8.80,9.05,2082525,19467084.00
2024/08/14,9.03,9.24,9.03,9.12,2401121,22889846.00
2024/08/15,8.90,9.23,8.90,9.22,2876321,27473294.00
2024/08/16,9.31,9.41,9.16,9.22,3737755,36165144.00
2024/08/19,9.17,9.25,9.04,9.08,2645125,25260590.00
2024/08/20,9.08,10.09,8.79,9.79,11635658,115146328.00
2024/08/21,9.84,11.22,9.81,10.73,25500805,281824384.00
2024/08/22,10.46,10.76,9.81,9.84,17124460,181080080.00
2024/08/23,9.96,10.06,9.46,9.74,12274569,123741472.00
2024/08/26,9.68,10.02,9.43,9.81,11927075,120250088.00
2024/08/27,9.60,9.67,8.96,9.06,9601346,93217144.00
2024/08/28,9.18,10.95,9.18,10.95,17019531,182965584.00
2024/08/29,11.30,11.78,10.89,11.22,34477570,403908128.00
2024/08/30,11.09,11.69,10.89,11.54,27991258,327476992.00
2024/09/02,11.10,11.25,10.73,10.77,16506327,186687040.00
2024/09/03,10.66,10.79,10.49,10.63,10016497,110262280.00
2024/09/04,10.44,10.60,10.22,10.43,9800774,105830872.00
2024/09/05,10.49,10.74,10.31,10.54,12359283,135477040.00
2024/09/06,10.39,10.60,9.97,10.01,11288889,119886712.00
2024/09/09,9.84,10.07,9.75,10.04,6120918,63470436.00
2024/09/10,10.01,10.16,9.84,10.07,5849079,61094596.00
2024/09/11,10.04,10.06,9.91,10.01,4384069,45497312.00
2024/09/12,10.04,10.08,9.71,9.75,6128012,62834692.00
2024/09/13,9.80,9.86,9.64,9.64,5089300,51608860.00
2024/09/18,9.83,9.95,9.61,9.86,7325856,74611592.00
2024/09/19,9.91,10.01,9.68,9.98,7767106,80094992.00
2024/09/20,9.89,10.07,9.70,9.76,5553050,57037816.00
2024/09/23,9.70,9.79,9.63,9.68,3902025,39427492.00
2024/09/24,9.64,10.14,9.64,10.07,8764040,90630664.00
2024/09/25,10.14,10.31,10.02,10.02,9130705,96703120.00
2024/09/26,10.03,10.90,9.99,10.86,17101714,188328000.00
2024/09/27,10.81,11.50,10.70,11.22,21366580,244575296.00
2024/09/30,11.53,13.10,11.50,12.88,22829350,288966272.00
2024/10/08,15.29,15.30,13.06,14.97,22321431,325026176.00
2024/10/09,13.62,13.95,12.50,12.51,14442132,198688880.00
2024/10/10,12.74,13.23,12.49,12.69,9511375,125702880.00
2024/10/11,12.69,12.70,11.64,11.86,8322791,103533248.00
2024/10/14,11.90,12.46,11.79,12.46,7694585,96717024.00
2024/10/15,12.24,12.56,12.13,12.14,6761224,86139984.00
2024/10/16,12.02,12.34,11.85,12.03,5122269,64068132.00
2024/10/17,12.15,12.34,11.96,11.99,4925800,61856016.00
2024/10/18,12.03,12.81,11.92,12.52,10250511,132090656.00
2024/10/21,12.40,13.04,12.40,12.85,9932454,130665264.00
2024/10/22,12.83,13.58,12.62,13.33,12952886,175798320.00
2024/10/23,13.18,13.18,12.74,12.90,12365346,164033760.00
2024/10/24,12.73,12.92,12.49,12.55,6313131,82287824.00
2024/10/25,12.57,15.14,12.49,13.62,25431502,367571168.00
2024/10/28,13.49,14.84,13.49,14.66,29031292,431275584.00
2024/10/29,14.19,14.47,13.79,13.79,19126153,277016864.00
2024/10/30,13.50,14.19,13.28,14.14,12714379,179792176.00
2024/10/31,13.99,14.09,13.71,14.06,8946297,128196624.00
2024/11/01,13.88,13.99,12.95,12.97,8463940,116688616.00
2024/11/04,13.03,14.39,13.03,14.07,10072317,143453984.00
2024/11/05,13.93,14.33,13.78,14.32,11601935,168622720.00
2024/11/06,14.32,14.62,13.85,14.09,15395963,224926624.00
2024/11/07,14.09,14.55,13.97,14.24,11164200,163465136.00
2024/11/08,14.24,14.43,13.84,13.85,10846337,157667840.00
2024/11/11,13.87,14.04,13.71,14.01,7758911,110971992.00
2024/11/12,14.06,14.38,13.89,14.33,10641903,155087456.00
2024/11/13,14.35,14.35,13.74,14.06,6560941,94446920.00
2024/11/14,13.98,14.05,13.36,13.43,5460100,77038408.00
2024/11/15,13.38,13.55,12.98,13.00,3965097,54447832.00
2024/11/18,13.07,13.19,12.39,12.46,4025346,52457228.00
2024/11/19,12.57,12.95,12.41,12.94,3886264,50854620.00
2024/11/20,12.88,13.39,12.76,13.34,4793695,65345496.00
2024/11/21,13.34,13.45,13.14,13.32,3311117,45430380.00
2024/11/22,13.22,13.57,12.68,12.81,5172525,70677680.00
2024/11/25,12.94,13.25,12.64,13.14,3749060,50180532.00
2024/11/26,13.07,14.38,12.83,13.86,9464601,132291304.00
2024/11/27,13.63,14.19,13.32,13.99,7937213,112373632.00
2024/11/28,13.83,14.31,13.80,13.91,8398774,121403096.00
2024/11/29,13.94,15.95,13.82,14.99,21597291,327782816.00
2024/12/02,14.83,15.69,14.58,15.29,17514044,270344576.00
2024/12/03,15.19,15.89,14.89,14.98,15154538,238262560.00
2024/12/04,14.79,15.41,14.62,15.02,10809083,166612432.00
2024/12/05,14.87,15.62,14.65,15.35,13415771,210147760.00
2024/12/06,15.24,15.45,14.65,14.92,11793640,181306016.00
2024/12/09,14.87,15.17,14.19,14.41,13399893,200860112.00
2024/12/10,14.81,15.25,14.60,14.77,12682162,194510304.00
2024/12/11,14.68,15.05,14.28,14.75,9242190,139364208.00
2024/12/12,14.71,14.80,14.30,14.40,7850707,116816656.00
2024/12/13,14.30,14.43,14.09,14.14,5653954,82941568.00
2024/12/16,14.02,14.23,13.71,13.87,4677663,66961088.00
2024/12/17,13.76,13.83,13.10,13.12,5628743,77551288.00
2024/12/18,13.16,13.26,12.79,13.07,4151750,55965312.00
2024/12/19,12.98,13.17,12.73,13.13,3296200,44335364.00
2024/12/20,13.08,13.39,13.04,13.20,4213090,57634736.00
2024/12/23,13.14,13.26,12.45,12.49,4819379,63561808.00
2024/12/24,12.79,13.57,12.74,13.05,7618779,103002032.00
2024/12/25,13.08,13.48,12.65,13.29,7158262,96800672.00
2024/12/26,13.29,14.43,13.14,14.09,11795766,169823408.00
2024/12/27,13.99,14.17,13.64,13.70,6568250,93883176.00
2024/12/30,13.65,14.42,13.28,13.96,7559059,108402896.00
2024/12/31,13.93,14.10,13.46,13.46,5649232,80139184.00
2025/01/02,13.25,13.82,12.92,13.11,5423100,74560568.00
2025/01/03,13.31,13.31,12.27,12.29,4858807,63671492.00
2025/01/06,12.46,12.46,11.59,12.15,2726541,34290564.00
2025/01/07,12.17,12.36,12.02,12.32,2619074,33067054.00
2025/01/08,12.25,12.50,11.79,12.33,3731578,46987492.00
2025/01/09,12.16,12.55,12.16,12.45,4011537,51485620.00
2025/01/10,12.46,13.04,12.36,12.48,6428950,84563712.00
2025/01/13,12.48,12.88,12.10,12.68,5321918,69358432.00
2025/01/14,12.67,13.33,12.67,13.30,6197358,83894744.00
2025/01/15,13.34,13.40,13.10,13.21,4311607,58832384.00
2025/01/16,13.20,13.41,12.93,13.09,3822240,51844440.00
2025/01/17,13.04,13.33,12.94,13.03,3060171,41360716.00
2025/01/20,12.99,13.43,12.97,13.43,4838803,66144524.00
2025/01/21,13.45,14.37,13.33,14.14,10419839,149878960.00
2025/01/22,14.07,14.17,13.83,13.95,6045804,87120544.00
2025/01/23,13.99,14.24,13.80,13.85,6280792,90724784.00
2025/01/24,13.84,14.39,13.64,14.24,7554292,108860928.00
2025/01/27,14.12,14.24,13.74,13.74,5281450,75978464.00
2025/02/05,13.87,14.09,13.68,13.92,4355456,62382252.00
2025/02/06,13.97,15.69,13.81,15.32,18158376,278496416.00
2025/02/07,15.24,16.79,15.04,16.20,22437725,368537280.00
2025/02/10,16.20,16.43,15.69,16.07,12672910,206950816.00
2025/02/11,16.18,16.38,15.80,16.19,11719937,193624704.00
2025/02/12,16.20,18.47,16.04,17.76,22449335,396865248.00
2025/02/13,17.49,17.58,16.31,16.58,18147608,312876768.00
2025/02/14,16.43,16.43,15.64,15.81,12572655,205908016.00
2025/02/17,15.64,16.55,15.54,16.29,13320775,218964768.00
2025/02/18,16.24,18.47,15.77,17.90,27404726,481584384.00
2025/02/19,17.59,19.61,17.36,18.84,27437668,527557536.00
2025/02/20,18.40,22.69,18.15,22.69,27412384,577120256.00
2025/02/21,24.28,27.31,23.99,27.31,29422879,792120320.00
2025/02/24,28.59,31.16,26.60,27.34,43812777,1274094336.00
2025/02/25,25.70,27.08,25.21,25.70,30402694,796755008.00
2025/02/26,25.56,27.69,25.35,25.82,28034027,752895616.00
2025/02/27,24.78,26.09,24.19,24.78,21645102,550875648.00
2025/02/28,24.59,24.94,23.04,23.10,15245873,366752448.00
2025/03/03,23.13,23.47,22.24,22.51,11969373,275983776.00
2025/03/04,22.59,24.11,22.59,23.09,17065183,407497728.00
2025/03/05,23.38,23.57,22.56,23.05,13202700,308686784.00
2025/03/06,23.08,24.08,23.06,23.72,16506107,397002688.00
2025/03/07,23.30,23.87,23.13,23.51,11723583,279654624.00
2025/03/10,23.52,23.86,22.97,23.05,9183360,217252800.00
2025/03/11,22.39,22.94,22.07,22.76,10101310,231227616.00
2025/03/12,22.99,25.59,22.55,24.50,23594301,581246080.00
2025/03/13,24.64,24.75,22.64,23.22,14622628,347574080.00
2025/03/14,22.74,23.04,21.73,22.71,12707223,289678720.00
2025/03/17,22.62,23.24,22.37,23.13,9491134,220731296.00
2025/03/18,23.09,26.60,22.80,25.70,26952362,678613440.00
2025/03/19,24.84,30.92,24.84,30.92,33096160,975680832.00
2025/03/20,31.69,35.93,31.69,33.42,47506207,1609616768.00
2025/03/21,31.79,32.76,29.49,29.77,32866325,1019135040.00
2025/03/24,30.13,30.58,26.39,27.17,27081691,758283200.00
2025/03/25,26.89,28.02,25.94,26.00,20960174,570078912.00
2025/03/26,26.19,30.28,26.16,28.58,31723363,923779264.00
2025/03/27,27.59,27.84,26.00,26.05,21830924,591027392.00
2025/03/28,26.11,28.24,26.09,26.19,21021543,571707200.00
2025/03/31,25.59,25.87,23.63,25.10,18715716,465453984.00
2025/04/01,25.89,26.02,25.09,25.19,12733854,329283392.00
2025/04/02,25.16,27.13,25.10,25.84,16542427,438122016.00
2025/04/03,26.18,26.39,24.32,24.79,14969400,382012480.00
2025/04/07,21.33,22.33,19.75,19.75,15387634,327399776.00
2025/04/08,20.49,21.49,19.72,20.71,15337643,324168672.00
2025/04/09,20.19,21.43,18.01,21.19,15942542,326888096.00
2025/04/10,22.11,23.98,22.11,22.56,17791001,414326848.00
2025/04/11,22.41,23.25,22.04,22.66,11842091,274318048.00
2025/04/14,23.46,24.59,23.09,23.27,13756702,331339488.00
2025/04/15,23.34,25.09,22.96,24.54,18507651,449861120.00
2025/04/16,24.48,24.48,23.19,23.49,12956201,313529536.00
2025/04/17,23.33,23.76,23.01,23.07,8788601,208939008.00
2025/04/18,22.91,23.28,22.77,22.88,5916800,138323920.00
2025/04/21,22.60,23.88,22.60,23.88,9751934,233410832.00
2025/04/22,23.89,23.94,23.13,23.18,6880350,163586816.00
2025/04/23,23.19,27.89,23.19,26.52,27796326,731706816.00
2025/04/24,25.94,27.89,25.94,26.32,24510677,667173312.00
2025/04/25,26.48,26.51,25.26,25.51,14559160,379147872.00
2025/04/28,25.67,25.70,24.62,24.76,9572226,242776560.00
2025/04/29,24.59,25.93,24.29,25.44,15151974,391938112.00
2025/04/30,25.54,27.47,24.93,26.98,21705976,578492928.00
2025/05/06,27.39,28.47,26.41,28.23,21477339,596895744.00
2025/05/07,28.28,29.24,27.33,27.86,20312788,580763392.00
2025/05/08,27.59,31.23,27.55,29.24,27258275,817851456.00
2025/05/09,29.19,30.54,28.24,29.74,24483776,734730624.00
2025/05/12,29.89,29.94,28.81,29.79,17788535,530894496.00
2025/05/13,29.82,31.09,27.69,27.95,20155889,604928768.00
2025/05/14,27.71,28.39,27.41,27.68,14131812,399296224.00
2025/05/15,27.40,28.07,26.42,27.68,12276620,341090816.00
2025/05/16,27.22,28.19,27.14,27.34,11995490,336182848.00
2025/05/19,27.17,27.48,26.10,26.88,9957705,269052096.00
2025/05/20,26.89,27.92,26.52,27.33,11626040,322463968.00
2025/05/21,26.79,27.33,25.84,25.88,10549446,280261344.00
2025/05/22,25.60,26.37,25.60,25.63,6493190,171256192.00
2025/05/23,25.63,26.32,25.23,25.35,7822664,204583456.00
2025/05/26,24.66,25.07,23.59,24.52,12905610,318792832.00
2025/05/27,24.51,24.53,23.96,24.19,7277499,179080272.00
2025/05/28,24.19,24.61,23.82,23.92,5558475,136224080.00
2025/05/29,23.92,24.30,23.74,23.80,6289530,153153312.00
2025/05/30,23.81,23.81,22.99,23.11,5771161,136393200.00
2025/06/03,23.10,23.49,22.99,23.20,4580650,108541376.00
2025/06/04,23.59,23.84,23.34,23.51,5585600,133966912.00
2025/06/05,23.51,23.87,23.20,23.73,5903271,141549440.00
2025/06/06,23.90,23.90,23.27,23.45,4962746,117278448.00
2025/06/09,23.45,23.94,23.37,23.69,4642650,111152800.00
2025/06/10,23.76,23.76,22.54,23.14,6380761,148803648.00
2025/06/11,23.14,23.39,23.02,23.20,4440850,103991224.00
2025/06/12,23.01,23.21,22.89,23.06,3565150,82831472.00
2025/06/13,23.05,23.05,22.40,22.49,3884880,88790488.00
2025/06/16,22.45,22.74,22.28,22.52,3220908,73391400.00
2025/06/17,22.49,22.72,22.24,22.39,3215875,72758856.00
2025/06/18,22.19,22.22,21.47,21.95,5381050,118705696.00
2025/06/19,21.94,22.71,21.73,21.77,7678256,171971088.00
2025/06/20,21.69,22.01,21.09,21.10,5659378,122294160.00
2025/06/23,20.92,21.31,20.92,21.13,4321064,92220320.00
2025/06/24,21.15,22.61,21.15,22.39,10328704,230311392.00
2025/06/25,22.39,24.85,22.27,23.77,17822784,428135360.00
2025/06/26,23.40,23.79,23.28,23.32,10172535,241523952.00
2025/06/27,23.32,23.54,22.96,23.18,5534246,129639952.00
2025/06/30,23.27,23.54,23.14,23.43,6334475,149504960.00
2025/07/01,23.43,23.64,22.84,23.05,4848425,112968048.00
2025/07/02,23.00,23.14,22.42,22.65,3981400,91057648.00
2025/07/03,22.79,22.89,22.37,22.67,3340100,76207672.00
2025/07/04,22.49,22.67,22.18,22.23,3688203,83209744.00
2025/07/07,22.24,22.25,21.78,22.05,4006690,88900208.00
2025/07/08,22.16,22.38,21.90,22.29,3411250,76375440.00
2025/07/09,22.39,23.13,22.09,22.09,8192800,187164528.00
2025/07/10,22.03,22.07,21.70,21.87,4570700,100856784.00
2025/07/11,21.89,22.47,21.69,22.22,5234015,116890360.00
2025/07/14,22.44,23.09,22.06,22.79,10907952,250163136.00
2025/07/15,22.62,22.88,22.19,22.52,5921350,134451040.00
2025/07/16,22.51,23.29,22.31,23.03,8853835,205050176.00
2025/07/17,22.89,23.35,22.79,23.19,7658140,178537840.00
2025/07/18,22.90,22.97,22.60,22.73,7015494,160995216.00
2025/07/21,22.88,23.88,22.88,23.70,13290070,315154464.00
2025/07/22,23.58,23.58,23.01,23.06,7953865,186494896.00
2025/07/23,22.96,23.05,22.53,22.56,5114025,117074928.00
2025/07/24,22.56,22.91,22.47,22.57,4124470,94049320.00
2025/07/25,22.58,22.71,22.19,22.66,4626956,104637056.00
2025/07/28,22.86,23.81,22.77,23.12,10065415,236611168.00
2025/07/29,23.10,23.69,22.73,22.94,7204716,167125552.00
2025/07/30,22.92,22.92,22.14,22.31,6185515,139824080.00
2025/07/31,22.41,22.84,21.85,22.02,5570300,125496944.00
2025/08/01,21.98,22.19,21.85,22.03,2981200,66156784.00
2025/08/04,21.89,22.73,21.85,22.73,5378603,121532192.00
2025/08/05,22.69,23.03,22.61,23.00,5805430,134172496.00
2025/08/06,23.03,24.04,22.90,23.88,13832508,329840864.00
2025/08/07,23.66,23.99,23.39,23.59,7757989,184553808.00
2025/08/08,23.50,23.60,23.16,23.16,5076000,119556032.00
2025/08/11,23.21,23.68,23.21,23.40,4617366,109304960.00
2025/08/12,23.35,23.51,23.06,23.19,4140353,97097688.00
2025/08/13,23.18,23.29,22.92,23.15,5422333,126337520.00
2025/08/14,23.27,23.27,22.24,22.34,7705355,175767152.00
2025/08/15,22.37,22.97,22.34,22.93,5815215,133810632.00
2025/08/18,23.01,23.57,22.87,23.38,6728539,158162784.00
2025/08/19,23.33,24.26,22.97,24.14,12582319,301121056.00
2025/08/20,24.00,24.84,23.88,24.44,14147880,348238144.00
2025/08/21,24.44,24.66,23.79,24.00,8425125,205126752.00
2025/08/22,23.92,24.07,23.67,23.87,5522616,132908640.00
2025/08/25,23.90,24.36,23.79,23.98,7616714,184911136.00
2025/08/26,24.11,24.34,23.85,23.90,6441308,156194352.00
2025/08/27,23.87,24.18,23.05,23.10,7578641,181631984.00
2025/08/28,23.12,23.30,22.07,22.84,7535641,172697808.00
2025/08/29,22.74,22.86,22.24,22.53,5701701,129433496.00
2025/09/01,22.53,22.73,22.12,22.26,5379721,121100984.00
2025/09/02,22.27,22.95,21.19,22.72,11315988,252357920.00
2025/09/03,22.61,22.94,21.40,21.49,6709510,148939392.00
2025/09/04,21.52,21.79,20.72,21.09,5441200,117090544.00
2025/09/05,21.12,21.79,21.02,21.75,4332599,94071272.00
2025/09/08,21.90,22.76,21.77,22.75,7467443,168968592.00
2025/09/09,22.67,22.67,22.00,22.07,4557025,102176824.00
2025/09/10,22.07,22.24,21.79,21.81,3147178,69742296.00
2025/09/11,21.79,22.29,21.48,22.28,3953350,87512512.00
2025/09/12,22.21,22.33,21.79,21.92,3502119,77891480.00
2025/09/15,21.80,22.35,21.79,21.91,3288680,73201712.00
2025/09/16,21.92,22.76,21.92,22.66,7646105,173186784.00
2025/09/17,22.75,22.99,22.50,22.59,5810044,133398672.00
2025/09/18,22.59,22.89,21.85,22.11,6914268,157165952.00
2025/09/19,22.12,22.29,21.32,21.47,4699388,102603968.00
2025/09/22,21.30,21.84,21.30,21.53,2610135,56762888.00
2025/09/23,21.49,21.68,20.59,21.04,4401410,92961360.00
2025/09/24,20.94,21.25,20.72,21.13,2807525,59598844.00
2025/09/25,21.05,21.87,21.05,21.09,4309651,92721728.00
2025/09/26,20.99,21.29,20.59,20.69,3800516,79888560.00
2025/09/29,20.67,21.05,20.47,20.81,2664438,55855628.00
2025/09/30,20.97,20.97,20.55,20.55,2932700,61091028.00
2025/10/09,20.59,20.82,20.37,20.61,2939446,60987256.00
2025/10/10,20.62,21.13,20.47,20.65,3412244,71413544.00
2025/10/13,20.13,20.44,19.27,20.34,3401492,68554808.00
2025/10/14,20.32,20.56,19.77,19.84,2861478,57943956.00
2025/10/15,20.02,20.26,19.77,20.19,2162089,43649708.00
2025/10/16,20.18,20.18,19.70,19.74,2333809,46606556.00
2025/10/17,19.83,19.84,19.17,19.21,2372600,46447748.00
2025/10/20,19.35,19.80,19.35,19.71,2253622,44648688.00
2025/10/21,19.71,19.91,19.50,19.87,1546172,30789122.00
2025/10/22,19.80,20.19,19.72,19.95,1981300,39878540.00
2025/10/23,19.86,19.99,19.67,19.97,1654725,33000074.00
2025/10/24,19.97,20.19,19.91,20.13,2215425,44798580.00
2025/10/27,20.20,20.36,20.07,20.20,2196485,44702832.00
2025/10/28,20.22,20.31,19.95,20.18,2108500,42801416.00
2025/10/29,20.18,20.35,19.96,20.03,1612221,32532258.00
2025/10/30,20.02,20.07,19.68,19.73,2082096,41633144.00
2025/10/31,19.82,20.20,19.69,20.12,2574125,52074456.00
2025/11/03,20.09,20.27,19.98,20.24,1869521,37922500.00
2025/11/04,20.27,20.27,19.75,19.89,2291300,45857640.00
2025/11/05,19.76,20.14,19.58,20.02,2321396,46632420.00
2025/11/06,20.13,20.43,19.89,20.26,3107685,63200164.00
2025/11/07,20.36,21.07,20.12,20.17,6719097,138722992.00
2025/11/10,20.17,20.23,19.80,19.84,3719396,74558784.00
2025/11/11,20.03,20.03,19.72,19.90,2069750,41392092.00
2025/11/12,19.87,19.93,19.53,19.59,2170046,43006948.00
2025/11/13,19.57,19.76,19.53,19.57,1775433,35051812.00
2025/11/14,19.44,19.67,19.37,19.55,1890525,37186712.00
2025/11/17,19.54,19.59,19.27,19.38,2227841,43536800.00
2025/11/18,19.36,19.38,19.20,19.31,1711200,33207128.00
2025/11/19,19.37,19.42,18.68,18.72,2712200,51576892.00
2025/11/20,18.82,18.99,18.64,18.72,1813841,34336768.00
2025/11/21,18.53,18.81,18.02,18.18,3185153,58876776.00
2025/11/24,18.18,18.84,18.18,18.74,2529270,47161468.00
2025/11/25,18.87,18.95,18.66,18.67,1957100,37024120.00
2025/11/26,18.68,18.86,18.46,18.46,1938800,36438040.00
2025/11/27,18.52,18.67,18.47,18.49,1416450,26481384.00
2025/11/28,18.49,18.83,18.33,18.81,2220499,41720800.00
2025/12/01,18.93,19.16,18.75,19.06,2044180,39144516.00
2025/12/02,19.13,19.33,18.74,18.79,2537380,48533956.00
2025/12/03,18.83,18.84,18.45,18.68,1596350,29925388.00
2025/12/04,18.83,19.09,18.51,18.62,2467726,46738328.00
2025/12/05,18.61,19.21,18.57,19.19,3390896,64687684.00
2025/12/08,19.26,19.42,19.08,19.42,2724685,52820628.00
2025/12/09,19.37,19.45,19.07,19.14,1860454,36088296.00
2025/12/10,19.01,19.25,18.90,19.06,1956100,37588988.00
2025/12/11,19.12,19.17,18.82,18.82,1780450,33997048.00
2025/12/12,18.83,19.01,18.63,18.99,1953415,37060568.00
2025/12/15,18.86,19.64,18.77,18.79,4305532,82979632.00
2025/12/16,18.68,18.82,18.30,18.62,3039014,56880460.00
2025/12/17,18.62,18.86,17.92,18.36,2831911,51964668.00
2025/12/18,18.36,18.93,18.24,18.57,3015161,56780984.00
2025/12/19,18.67,19.06,18.67,18.83,2109321,40096768.00
2025/12/22,18.87,21.83,18.84,20.70,17632190,366425312.00
2025/12/23,20.58,20.58,19.64,19.76,11524414,230654256.00
2025/12/24,19.57,20.16,19.49,20.01,8052074,161426832.00
2025/12/25,19.95,20.51,19.77,20.44,9923538,202547152.00
2025/12/26,20.39,20.54,19.89,20.09,6773923,137629168.00
2025/12/29,20.00,20.70,19.87,20.60,7410428,151844800.00
2025/12/30,20.46,21.66,20.37,21.54,13003089,276417856.00
2025/12/31,21.32,21.37,20.93,21.08,7363138,156384384.00
2026/01/05,21.00,21.29,20.77,20.93,5692216,119911296.00
2026/01/06,21.03,21.05,20.55,20.81,5608359,116969048.00
2026/01/07,20.72,20.95,20.47,20.51,4569981,94967096.00
2026/01/08,20.50,21.17,20.49,21.17,7180765,151677168.00
2026/01/09,21.87,22.83,21.40,21.64,13747628,303246880.00
2026/01/12,21.96,21.97,21.32,21.97,10033796,218877440.00
2026/01/13,21.94,23.12,21.27,22.86,16664483,375136224.00
2026/01/14,22.64,23.12,22.35,22.47,13538098,308985248.00
2026/01/15,22.38,23.07,22.19,22.56,7053962,160752912.00
2026/01/16,22.42,22.57,21.88,21.93,5323913,118626768.00
2026/01/19,21.93,22.17,21.77,22.03,3241232,71689424.00
2026/01/20,22.04,22.17,21.37,21.52,4229813,91999120.00
2026/01/21,21.42,21.78,21.31,21.70,3171653,68975512.00
2026/01/22,21.68,21.83,21.52,21.57,2575800,56075676.00
2026/01/23,21.69,22.02,21.56,21.93,3730800,81830392.00
2026/01/26,21.83,21.94,21.01,21.19,4222116,90670904.00
2026/01/27,21.10,21.31,20.37,21.06,3134491,65728596.00
2026/01/28,21.06,21.10,20.35,20.39,3261306,67485560.00
2026/01/29,20.39,20.72,20.01,20.14,2554517,52240984.00
2026/01/30,20.17,20.43,19.82,20.37,2721825,55294676.00
2026/02/02,20.33,21.26,20.29,20.55,4160821,87337312.00
2026/02/03,20.68,20.85,20.49,20.73,2196615,45649476.00
2026/02/04,20.73,20.85,20.43,20.60,2119380,43941176.00
2026/02/05,20.48,20.65,20.27,20.34,1649400,33889096.00
2026/02/06,20.34,21.13,20.19,20.88,3640936,76303904.00
2026/02/09,21.04,21.14,20.85,20.90,2008183,42358112.00
2026/02/10,20.95,21.05,20.73,20.94,1869000,39331376.00
2026/02/11,20.93,21.47,20.77,21.15,3586518,76426632.00
2026/02/12,21.17,21.25,20.90,21.15,2012226,42738568.00
2026/02/13,21.13,21.40,21.05,21.23,2001541,42902960.00
2026/02/24,21.47,21.57,21.20,21.41,2335304,50175452.00
2026/02/25,21.41,21.42,21.01,21.07,2868375,60963060.00
2026/02/26,21.07,21.56,21.05,21.18,2729089,58429920.00
2026/02/27,21.19,21.19,20.92,21.01,2251328,47639380.00
2026/03/02,20.80,20.85,20.32,20.39,3370619,69714184.00
2026/03/03,20.40,20.55,19.19,19.25,5305892,105236024.00
2026/03/04,18.98,19.32,18.75,19.16,3513519,67344800.00
2026/03/05,19.61,19.77,19.27,19.37,1765108,34654104.00
2026/03/06,19.35,19.90,19.13,19.84,2416050,47994132.00
2026/03/09,19.62,19.70,19.29,19.40,2353000,46088944.00
2026/03/10,19.69,19.90,19.61,19.86,1994992,39708416.00
2026/03/11,19.87,20.05,19.68,19.74,1681796,33629880.00
2026/03/12,19.74,19.83,19.27,19.28,1819625,35671684.00
2026/03/13,19.26,19.45,19.06,19.12,1300518,25223634.00
2026/03/16,19.12,19.32,19.00,19.31,1117348,21577348.00
2026/03/17,19.52,19.52,18.95,18.99,1481191,28655452.00
2026/03/18,19.08,19.21,18.85,19.16,1170625,22423638.00
2026/03/19,19.04,19.11,18.57,18.61,1709013,32325674.00
2026/03/20,18.80,18.80,17.98,17.99,1881525,34730672.00
2026/03/23,17.75,17.83,16.88,16.96,3116259,54521956.00
2026/03/24,17.61,17.62,16.93,17.37,2583792,44681580.00
2026/03/25,17.77,17.90,17.42,17.79,2274825,40590572.00
2026/03/26,17.88,18.15,17.38,17.54,2252596,40187852.00
2026/03/27,17.35,17.78,17.12,17.70,1592400,28253348.00
2026/03/30,17.66,17.75,17.43,17.70,1433452,25423408.00
2026/03/31,17.70,17.95,17.51,17.55,2289260,40857900.00
2026/04/01,18.08,18.16,17.67,17.78,1539474,27601126.00
2026/04/02,17.78,17.80,17.33,17.44,1464025,25906060.00
2026/04/03,17.45,17.65,16.87,17.00,1457900,25192542.00
2026/04/07,17.04,17.45,16.93,17.29,1457700,25320848.00
2026/04/08,17.77,17.90,17.57,17.87,1671030,29920434.00
2026/04/09,17.84,17.84,17.46,17.50,1998600,35443528.00
2026/04/10,17.74,18.02,17.63,17.83,1938700,34931120.00
2026/04/13,17.75,18.97,17.71,18.81,7476190,140403968.00
2026/04/14,18.81,21.52,18.78,21.07,15541394,318461344.00
2026/04/15,21.10,21.66,20.47,20.72,12057117,256267920.00
2026/04/16,20.74,20.86,20.04,20.13,8262572,168032032.00
2026/04/17,20.17,20.69,19.95,20.19,5159705,104869728.00
2026/04/20,20.17,20.22,19.76,20.03,3559928,71612856.00
2026/04/21,19.98,20.14,19.79,20.01,3069103,61649644.00
2026/04/22,19.96,19.96,19.51,19.82,3510387,69588144.00
2026/04/23,19.83,19.91,19.17,19.31,3169000,62000216.00
2026/04/24,19.31,19.72,18.85,19.52,5473045,106491808.00
2026/04/27,19.67,20.07,19.61,19.93,4318870,86508240.00
2026/04/28,19.82,20.35,19.82,20.20,4487985,91065688.00
2026/04/29,20.17,20.32,19.92,20.06,2884157,58104392.00
2026/04/30,20.05,20.22,19.92,20.05,2129639,43066052.00
2026/05/06,20.10,20.32,19.98,20.27,2827800,57462184.00
2026/05/07,20.32,20.63,20.14,20.35,2876038,59083004.00
2026/05/08,20.36,21.16,20.25,20.95,4914268,103257632.00
2026/05/11,21.05,21.12,20.60,20.77,3511131,73557584.00
2026/05/12,20.77,21.05,20.62,20.68,2702100,56546044.00
2026/05/13,20.73,20.87,20.48,20.79,2685678,56081136.00
2026/05/14,20.77,20.77,20.21,20.21,2866100,58778244.00
2026/05/15,20.23,21.13,20.23,20.75,4796671,100375472.00
2026/05/18,20.57,20.90,20.48,20.62,2688025,55910524.00
2026/05/19,20.68,20.98,20.48,20.69,2723141,56632028.00
2026/05/20,20.68,20.68,20.21,20.47,2334765,47839952.00
2026/05/21,20.47,20.82,20.02,20.13,3713744,76707840.00
2026/05/22,20.07,20.29,19.62,20.06,3671725,74136568.00
2026/05/25,20.22,20.67,19.71,20.25,3751265,76054888.00
2026/05/26,20.26,20.73,19.80,20.07,5151388,105471056.00
2026/05/27,20.08,20.08,19.05,19.27,4974232,97106544.00
2026/05/28,19.25,19.67,19.02,19.45,3177225,61932396.00
2026/05/29,19.45,19.66,18.17,18.29,4159813,78400328.00
2026/06/01,18.39,18.89,18.22,18.47,2953430,55351364.00
2026/06/02,18.42,18.83,18.02,18.29,2168500,39952076.00
2026/06/03,18.31,18.81,18.15,18.50,3347621,62498760.00
2026/06/04,18.50,18.98,18.17,18.29,2784800,51978604.00
2026/06/05,18.23,19.51,17.82,19.17,5121200,96932024.00
2026/06/08,18.79,19.49,18.60,19.10,3987200,76881504.00
2026/06/09,19.36,20.20,18.82,18.91,3530824,67566352.00
2026/06/10,18.92,18.98,17.99,18.30,3512100,64506792.00
2026/06/11,18.30,18.36,17.58,17.84,2729978,48935680.00
2026/06/12,17.86,18.37,17.68,17.72,2528025,45402104.00
2026/06/15,18.00,18.37,17.86,18.08,2562900,46562344.00
2026/06/16,18.10,18.40,17.78,18.20,2416546,43770296.00
2026/06/17,18.10,18.23,17.66,17.75,2428316,43321636.00
2026/06/18,17.66,18.35,17.59,17.96,2583451,46403796.00
2026/06/22,17.91,18.00,16.65,17.15,4762889,81325296.00
2026/06/23,17.15,17.64,17.01,17.26,2638522,45679488.00
2026/06/24,17.26,17.46,16.40,16.70,2872915,47980012.00
2026/06/25,16.80,16.80,15.96,16.09,3375626,54575396.00
2026/06/26,15.87,16.00,15.39,15.41,2691879,41978640.00
2026/06/29,15.57,15.57,14.83,15.34,2698158,41030776.00
2026/06/30,15.39,15.72,15.01,15.60,2286336,35530596.00
2026/07/01,15.59,16.33,15.50,15.96,3164591,50412880.00
2026/07/02,15.90,16.97,15.88,16.18,4127750,68117976.00
2026/07/03,16.34,19.42,16.18,18.85,14858020,273547456.00
2026/07/06,18.42,18.93,17.33,17.36,10038789,179652704.00
2026/07/07,17.23,17.94,16.31,16.34,7399706,125187752.00
2026/07/08,16.23,16.39,15.56,15.78,4135500,65668100.00
2026/07/09,15.66,15.96,15.22,15.75,3498634,54490556.00
2026/07/10,15.58,16.71,15.47,16.05,4642166,74926576.00
2026/07/13,16.26,16.27,15.08,15.14,4147163,64190968.00
2026/07/14,15.12,15.42,14.88,15.29,3012224,45716176.00
2026/07/15,15.29,15.49,15.07,15.25,1947405,29738296.00
2026/07/16,15.31,15.58,15.00,15.25,2757697,42337028.00
2026/07/17,15.35,15.47,14.21,14.42,3743629,55337560.00
2026/07/20,14.41,14.73,13.54,13.98,3584601,50765980.00
2026/07/21,13.97,14.09,13.00,14.04,4423195,60571836.00
2026/07/22,13.89,14.01,13.57,13.72,2758151,37864816.00
2026/07/23,13.58,13.94,13.58,13.91,1496625,20638600.00
2026/07/24,13.85,13.90,13.54,13.65,1742736,23917434.00
2026/07/27,13.38,14.15,13.34,14.10,1976907,27673814.00
2026/07/28,13.95,14.45,13.95,14.21,2110758,30117438.00
2026/07/29,14.24,14.63,14.16,14.60,2210008,31902904.00
2026/07/30,14.51,14.85,14.26,14.26,2297630,33401058.00
2026/07/31,14.47,14.85,14.47,14.63,2584404,38011892.00
2026/08/03,14.63,15.48,14.63,15.46,3504136,53461816.00
2026/08/04,15.45,15.73,15.26,15.57,2172043,33765804.00
2026/08/05,15.57,15.79,15.45,15.70,2090136,32697746.00
2026/08/06,15.68,15.88,15.42,15.68,1808615,28298636.00
2026/08/07,15.66,15.82,15.43,15.76,2293700,35931140.00
2026/08/10,15.80,15.86,15.48,15.78,1725631,27187908.00
2026/08/11,15.77,15.89,15.44,15.71,2194400,34416988.00
2026/08/12,15.60,15.81,15.60,15.75,1894217,29839546.00
2026/08/13,15.83,15.86,15.51,15.51,1733200,27192956.00
2026/08/14,15.61,15.80,15.42,15.55,1272500,19745008.00
2026/08/17,15.55,15.84,15.47,15.79,1445300,22669488.00
2026/08/18,15.82,16.30,15.48,16.22,3891300,61995496.00
2026/08/19,16.03,16.03,15.03,15.07,3431300,52736576.00
2026/08/20,15.38,15.60,15.11,15.30,3086351,47526032.00
2026/08/21,15.29,15.44,14.95,15.23,1995290,30246258.00
2026/08/24,15.24,15.45,14.80,14.95,1735540,25988502.00
2026/08/25,14.95,15.50,14.84,15.43,2010600,30605252.00
2026/08/26,15.29,15.55,15.04,15.24,2046200,31294264.00
2026/08/27,16.14,17.73,16.14,16.33,10162472,169810400.00
2026/08/28,16.98,17.20,16.17,16.18,7079275,116104624.00
2026/08/31,16.33,16.40,16.07,16.33,4170484,67855320.00
2026/09/01,16.50,17.15,16.24,16.99,6545717,109774384.00
2026/09/02,16.81,17.20,16.53,16.80,3585144,60437620.00
2026/09/03,16.90,17.18,16.76,17.04,3713483,63268784.00
2026/09/04,17.04,17.25,16.62,16.72,3118508,52858912.00
2026/09/07,16.79,17.04,16.65,16.88,2189600,36862264.00
2026/09/08,16.79,16.95,16.74,16.80,2026357,34113404.00
2026/09/09,16.80,16.97,16.68,16.70,1555980,26144544.00
2026/09/10,16.62,16.64,16.15,16.41,2075314,34124568.00
2026/09/11,16.18,16.41,15.84,16.01,1913129,30743330.00
2026/09/14,16.01,16.24,15.85,16.01,1490600,23981680.00
#数据来源:通达信
