300293 蓝英装备 日线 前复权
      日期	    开盘	    最高	    最低	    收盘	    成交量	    成交额
2021/08/02,16.62,20.60,16.62,19.28,60189838,1097707136.00
2021/08/03,18.50,18.93,17.41,17.98,39845003,722247360.00
2021/08/04,17.54,18.83,17.29,18.10,32886303,591425664.00
2021/08/05,17.53,17.80,16.74,17.02,24323697,417482368.00
2021/08/06,17.16,17.45,16.72,17.30,18240498,312846112.00
2021/08/09,17.00,17.28,16.62,17.15,15007104,255153200.00
2021/08/10,17.00,18.54,16.89,18.16,31185703,557302912.00
2021/08/11,17.88,18.30,17.45,17.59,21422502,379953856.00
2021/08/12,17.41,18.36,17.30,17.89,23290200,418907008.00
2021/08/13,17.57,17.72,16.70,16.79,20369302,349058656.00
2021/08/16,16.81,17.33,16.64,16.95,13266004,225836000.00
2021/08/17,16.94,17.37,15.57,15.63,20148700,329201920.00
2021/08/18,15.62,15.90,15.26,15.45,13313404,206694320.00
2021/08/19,15.25,16.22,15.25,15.84,15399203,242497504.00
2021/08/20,15.25,16.15,15.02,15.77,14848505,231707696.00
2021/08/23,15.88,17.08,15.84,16.90,21274706,352037664.00
2021/08/24,17.00,17.66,16.62,16.76,19966400,339905376.00
2021/08/25,16.46,16.80,16.13,16.21,13915031,227051168.00
2021/08/26,16.15,16.28,15.38,15.50,12076100,190769568.00
2021/08/27,15.61,15.68,14.70,14.82,14386000,216474272.00
2021/08/30,14.68,15.02,14.55,14.75,9402500,139044496.00
2021/08/31,14.65,14.66,14.01,14.32,9500900,135781600.00
2021/09/01,14.26,14.52,13.81,14.39,9191600,131087376.00
2021/09/02,14.35,14.35,13.93,14.08,8138503,114778384.00
2021/09/03,14.00,14.92,13.85,14.48,12273500,176615216.00
2021/09/06,14.33,14.76,14.12,14.64,9252091,134635056.00
2021/09/07,14.55,14.79,14.43,14.63,7181400,104638272.00
2021/09/08,14.69,15.20,14.45,15.04,13396990,198594144.00
2021/09/09,14.89,14.89,14.45,14.46,9722000,141955968.00
2021/09/10,14.45,14.97,14.31,14.76,10714540,157860528.00
2021/09/13,14.80,15.74,14.80,15.04,14789240,225545248.00
2021/09/14,14.80,15.19,14.59,14.59,9332502,138599568.00
2021/09/15,14.50,14.50,14.07,14.13,8022899,113667256.00
2021/09/16,14.15,14.28,13.59,13.60,7165756,99948992.00
2021/09/17,13.61,14.10,13.43,13.84,4981499,68530088.00
2021/09/22,13.58,13.96,13.46,13.86,3487350,48136584.00
2021/09/23,13.86,14.23,13.86,13.98,4991500,70173320.00
2021/09/24,13.98,14.00,13.55,13.57,4692300,64213528.00
2021/09/27,13.60,13.73,13.15,13.18,4566299,61312392.00
2021/09/28,13.38,13.49,13.22,13.33,2637301,35161200.00
2021/09/29,13.33,13.33,12.58,12.59,4574100,59174580.00
2021/09/30,12.80,13.09,12.65,12.97,3180900,41145480.00
2021/10/08,13.15,13.44,13.11,13.29,3312800,44062648.00
2021/10/11,13.30,13.50,13.10,13.32,3057954,40571468.00
2021/10/12,13.29,13.29,12.76,12.93,3100600,40226676.00
2021/10/13,13.00,13.56,12.91,13.45,4717201,62725356.00
2021/10/14,13.33,13.58,13.26,13.36,3393000,45524892.00
2021/10/15,13.28,13.55,13.15,13.20,3291100,44009616.00
2021/10/18,13.27,13.30,13.04,13.16,2357000,30956948.00
2021/10/19,13.20,13.45,13.18,13.23,2793699,37167092.00
2021/10/20,13.18,13.24,12.82,13.01,4045100,52633052.00
2021/10/21,13.01,13.08,12.64,12.68,4033700,51610316.00
2021/10/22,12.80,13.38,12.76,13.11,7183700,94687048.00
2021/10/25,12.88,13.50,12.71,13.29,6393200,83777320.00
2021/10/26,13.28,13.80,13.12,13.61,9494502,127954600.00
2021/10/27,13.49,13.90,13.31,13.40,7568600,102503080.00
2021/10/28,13.25,13.65,13.01,13.05,5522352,73694200.00
2021/10/29,13.16,13.38,12.97,13.29,3724582,49265176.00
2021/11/01,13.31,13.67,13.07,13.59,5616600,75391608.00
2021/11/02,13.45,13.80,13.30,13.37,7217300,97820608.00
2021/11/03,13.35,13.63,13.24,13.42,4577000,61414136.00
2021/11/04,13.50,13.86,13.50,13.68,7571500,103639040.00
2021/11/05,13.70,14.00,13.67,13.71,8099950,111737856.00
2021/11/08,13.71,13.71,13.39,13.56,5693101,76925504.00
2021/11/09,13.50,13.78,13.50,13.75,6233151,85266128.00
2021/11/10,13.66,13.88,13.60,13.86,6752400,92880400.00
2021/11/11,13.71,14.25,13.71,14.03,10343197,144596176.00
2021/11/12,13.90,14.13,13.87,14.13,7756095,108703352.00
2021/11/15,14.20,14.21,13.96,14.09,6247300,87887848.00
2021/11/16,14.12,14.14,13.58,13.63,7790200,107579976.00
2021/11/17,13.62,13.92,13.62,13.87,5988570,82641216.00
2021/11/18,14.15,14.54,13.68,13.70,11648270,164053056.00
2021/11/19,13.68,14.00,13.62,13.90,6952001,96367144.00
2021/11/22,13.90,14.36,13.88,14.18,9048966,128296192.00
2021/11/23,14.16,14.33,14.02,14.17,7051500,99680928.00
2021/11/24,14.18,14.24,13.87,13.96,5998400,83926872.00
2021/11/25,13.93,14.20,13.74,14.08,6508400,91387336.00
2021/11/26,14.00,14.08,13.65,13.71,6289306,86478896.00
2021/11/29,13.40,13.64,13.22,13.32,5973200,80162416.00
2021/11/30,13.39,13.85,13.39,13.47,7699498,104909176.00
2021/12/01,13.56,15.97,13.42,14.80,30986202,457813664.00
2021/12/02,14.71,14.78,14.26,14.44,15764970,228548224.00
2021/12/03,14.86,15.14,14.41,14.54,14950890,219546496.00
2021/12/06,14.28,14.56,14.00,14.00,9494821,134526432.00
2021/12/07,14.03,14.19,13.63,13.77,6700600,92509880.00
2021/12/08,13.88,13.99,13.70,13.99,4944751,68744256.00
2021/12/09,14.08,14.18,13.89,13.92,5899390,82680792.00
2021/12/10,13.90,14.07,13.75,13.84,4650606,64711824.00
2021/12/13,13.60,13.73,13.50,13.62,6032502,82036944.00
2021/12/14,13.60,13.90,13.40,13.79,5592970,76581504.00
2021/12/15,13.72,13.85,13.56,13.64,4499994,61662704.00
2021/12/16,13.65,13.92,13.65,13.91,5223063,72274552.00
2021/12/17,13.82,13.91,13.55,13.56,5169150,70706224.00
2021/12/20,13.48,13.64,13.17,13.18,4907100,65871824.00
2021/12/21,13.17,13.43,13.05,13.41,4563007,60430372.00
2021/12/22,13.35,13.52,13.25,13.32,3098100,41386020.00
2021/12/23,13.33,13.38,12.85,12.91,5855800,76425816.00
2021/12/24,12.87,13.03,12.53,12.55,5221400,66093632.00
2021/12/27,12.55,12.70,12.36,12.62,4189600,52621736.00
2021/12/28,12.62,13.01,12.62,12.94,4415000,56796936.00
2021/12/29,12.80,12.99,12.80,12.86,3170300,40844792.00
2021/12/30,12.86,12.96,12.79,12.82,3017000,38880988.00
2021/12/31,12.81,12.92,12.79,12.89,2470501,31762650.00
2022/01/04,12.99,13.13,12.81,13.09,3988700,51770948.00
2022/01/05,13.14,13.14,12.64,12.80,4282101,54990320.00
2022/01/06,12.81,13.00,12.75,12.86,2993501,38552748.00
2022/01/07,12.84,12.98,12.54,12.55,3337605,42561716.00
2022/01/10,12.59,12.78,12.44,12.72,1943200,24600624.00
2022/01/11,12.76,12.83,12.60,12.67,2134399,27100608.00
2022/01/12,12.75,12.87,12.65,12.82,2448600,31317770.00
2022/01/13,12.89,12.89,12.54,12.58,2836600,35964248.00
2022/01/14,12.53,12.69,12.39,12.40,2765232,34580020.00
2022/01/17,12.43,12.70,12.36,12.65,2594534,32588534.00
2022/01/18,12.73,12.73,12.36,12.46,3806733,47491176.00
2022/01/19,12.46,12.57,12.36,12.41,2194841,27314184.00
2022/01/20,12.48,12.48,11.50,11.54,7421095,87606152.00
2022/01/21,11.49,11.65,11.19,11.37,3250200,36991264.00
2022/01/24,11.37,11.54,11.30,11.48,1723200,19679254.00
2022/01/25,11.23,11.36,10.60,10.76,5371301,58490660.00
2022/01/26,10.76,10.88,10.54,10.79,2674000,28665726.00
2022/01/27,10.81,10.84,10.33,10.35,2873600,30303696.00
2022/01/28,10.35,10.95,10.35,10.91,4283700,45958184.00
2022/02/07,11.12,11.20,10.90,11.12,2554242,28314620.00
2022/02/08,11.12,11.42,11.05,11.26,2369795,26654066.00
2022/02/09,11.30,11.40,11.23,11.34,1971600,22330374.00
2022/02/10,11.34,11.38,11.07,11.16,2122000,23706804.00
2022/02/11,11.19,11.20,10.89,10.96,1964800,21603488.00
2022/02/14,10.96,13.00,10.93,11.91,12523200,150880400.00
2022/02/15,12.00,12.16,11.39,11.55,8085600,93428336.00
2022/02/16,11.55,12.60,11.40,12.01,9487600,113779472.00
2022/02/17,11.61,12.25,11.55,11.85,6529936,77951600.00
2022/02/18,11.71,11.94,11.62,11.81,3549051,41841972.00
2022/02/21,11.81,11.92,11.70,11.88,3329718,39449032.00
2022/02/22,11.79,12.25,11.67,12.02,5779400,69265072.00
2022/02/23,11.92,12.89,11.91,12.52,11034200,136697296.00
2022/02/24,12.52,12.56,11.89,12.09,9399500,115161064.00
2022/02/25,12.26,12.32,11.86,11.88,4858700,58591268.00
2022/02/28,11.88,11.92,11.58,11.77,3057400,35870236.00
2022/03/01,11.81,11.92,11.71,11.87,2396500,28324384.00
2022/03/02,11.77,11.92,11.75,11.79,2339187,27652510.00
2022/03/03,11.86,11.98,11.63,11.65,2802687,32976832.00
2022/03/04,11.52,11.76,11.27,11.35,3585000,41300052.00
2022/03/07,11.24,11.52,11.16,11.28,2447500,27720968.00
2022/03/08,11.22,11.75,10.79,11.14,4250041,47655472.00
2022/03/09,11.19,11.31,10.50,10.97,3932900,43020960.00
2022/03/10,11.14,11.34,11.11,11.12,2951989,33084564.00
2022/03/11,10.95,11.27,10.85,11.23,2630789,29078120.00
2022/03/14,11.15,11.18,10.85,10.89,2419300,26688380.00
2022/03/15,10.81,10.98,10.30,10.32,2965341,31636058.00
2022/03/16,10.45,10.68,10.12,10.62,3356100,35138492.00
2022/03/17,10.75,11.42,10.68,10.92,5666100,62825940.00
2022/03/18,10.88,11.29,10.81,11.04,3956550,43879484.00
2022/03/21,10.95,11.18,10.95,11.13,3062209,33916208.00
2022/03/22,11.00,11.15,10.99,11.03,1971900,21795030.00
2022/03/23,11.12,11.19,10.97,11.07,3127100,34665520.00
2022/03/24,11.02,11.02,10.79,10.80,2626500,28543840.00
2022/03/25,10.85,10.95,10.78,10.86,1580500,17169544.00
2022/03/28,10.86,10.94,10.58,10.70,1759615,18814504.00
2022/03/29,10.72,10.76,10.35,10.38,2404800,25267766.00
2022/03/30,10.43,10.58,10.38,10.46,1765800,18495050.00
2022/03/31,10.50,10.62,10.38,10.54,1859300,19519392.00
2022/04/01,10.55,10.55,10.26,10.29,1781200,18412674.00
2022/04/06,10.33,10.47,10.24,10.41,1384838,14394731.00
2022/04/07,10.33,10.40,10.16,10.18,2265000,23230820.00
2022/04/08,10.18,10.59,9.75,10.29,3933038,39811180.00
2022/04/11,10.13,10.35,9.85,9.94,2738300,27500956.00
2022/04/12,9.90,10.05,9.72,10.03,2295439,22686484.00
2022/04/13,10.00,10.60,9.83,10.14,4551400,46852916.00
2022/04/14,10.24,10.41,10.05,10.09,2770100,28167968.00
2022/04/15,10.00,10.01,9.75,9.75,2376151,23445144.00
2022/04/18,9.75,9.83,9.51,9.75,1382600,13398703.00
2022/04/19,9.71,9.92,9.71,9.78,1101300,10813352.00
2022/04/20,9.79,9.90,9.60,9.62,1168900,11407812.00
2022/04/21,9.62,9.63,9.01,9.05,2776200,25803522.00
2022/04/22,9.03,9.10,8.86,8.87,1760700,15791065.00
2022/04/25,8.82,8.83,8.06,8.06,3607600,30241270.00
2022/04/26,8.10,8.44,7.62,7.71,3082300,24476526.00
2022/04/27,7.68,8.06,7.45,7.99,3127199,24248366.00
2022/04/28,7.97,8.12,7.75,7.86,2776300,21945008.00
2022/04/29,8.01,8.30,7.90,8.19,3104200,25242874.00
2022/05/05,8.20,8.46,8.12,8.36,2557401,21358822.00
2022/05/06,8.16,8.37,8.08,8.27,1845338,15261119.00
2022/05/09,8.25,8.46,8.15,8.36,1523701,12736739.00
2022/05/10,8.28,8.68,8.23,8.53,2206200,18754224.00
2022/05/11,8.52,8.82,8.50,8.53,3340400,28989192.00
2022/05/12,8.49,8.71,8.43,8.60,2094300,17968364.00
2022/05/13,8.62,8.72,8.53,8.67,1732000,14967236.00
2022/05/16,8.77,8.84,8.66,8.71,1720400,15019334.00
2022/05/17,8.78,8.78,8.57,8.74,1996704,17332368.00
2022/05/18,8.77,8.95,8.65,8.85,2773501,24592788.00
2022/05/19,8.79,9.18,8.72,9.09,3497598,31455166.00
2022/05/20,9.12,9.19,9.01,9.13,2861698,26075974.00
2022/05/23,9.10,9.27,9.10,9.24,2375630,21838932.00
2022/05/24,9.21,9.35,8.78,8.80,3447700,31235916.00
2022/05/25,8.82,9.07,8.80,9.01,2060500,18522230.00
2022/05/26,9.05,9.12,8.84,8.97,1723813,15457050.00
2022/05/27,9.04,9.07,8.82,8.95,1684900,15080921.00
2022/05/30,9.05,9.15,8.95,9.14,2469100,22413540.00
2022/05/31,9.18,9.20,8.97,9.14,1790097,16282878.00
2022/06/01,9.11,9.25,9.05,9.13,1518197,13903607.00
2022/06/02,9.16,9.30,9.09,9.27,2274799,20992780.00
2022/06/06,9.28,9.58,9.27,9.40,2711451,25562232.00
2022/06/07,9.41,9.53,9.16,9.24,2752300,25667140.00
2022/06/08,9.25,9.31,8.93,9.12,2581900,23505464.00
2022/06/09,9.01,9.10,8.77,8.83,2367900,21114738.00
2022/06/10,8.80,9.07,8.71,8.95,1636730,14670238.00
2022/06/13,9.04,9.14,8.85,9.09,2160673,19549136.00
2022/06/14,9.00,9.12,8.85,9.12,2598751,23341700.00
2022/06/15,9.09,9.34,9.09,9.12,2480051,22827344.00
2022/06/16,9.21,9.44,9.14,9.35,3390497,31609342.00
2022/06/17,9.28,9.44,9.13,9.34,2853249,26602842.00
2022/06/20,9.36,9.51,9.32,9.46,2660300,25137188.00
2022/06/21,9.51,11.35,9.51,10.98,26942004,297128608.00
2022/06/22,10.86,10.88,10.18,10.31,23173984,240982912.00
2022/06/23,10.10,10.52,10.08,10.25,12010658,123324000.00
2022/06/24,10.18,10.26,10.03,10.08,9031898,91416208.00
2022/06/27,10.14,10.50,10.02,10.48,13175758,135435872.00
2022/06/28,10.38,11.40,10.26,10.78,19367796,211045440.00
2022/06/29,10.82,11.08,10.51,10.52,11613801,124860808.00
2022/06/30,10.50,10.94,10.40,10.40,8879902,94167792.00
2022/07/01,10.34,10.65,10.34,10.51,6678507,70090904.00
2022/07/04,10.48,10.52,10.16,10.20,6595700,67708864.00
2022/07/05,10.29,10.29,9.98,10.12,4598487,46560872.00
2022/07/06,10.07,10.90,10.02,10.58,13298498,141215008.00
2022/07/07,10.46,10.89,10.37,10.54,11347346,120413264.00
2022/07/08,10.37,10.63,10.36,10.37,6299000,66128704.00
2022/07/11,10.32,10.45,10.19,10.27,4602701,47320424.00
2022/07/12,10.31,10.31,9.93,9.93,4420400,44527812.00
2022/07/13,9.93,10.16,9.93,10.12,3541501,35634500.00
2022/07/14,10.14,10.18,10.02,10.03,3472207,35002896.00
2022/07/15,10.11,10.11,9.82,9.91,3878514,38538772.00
2022/07/18,10.07,10.12,9.91,10.05,4250800,42676404.00
2022/07/19,10.14,10.25,9.97,10.20,4434400,44940540.00
2022/07/20,10.25,10.44,10.11,10.38,5174884,53213512.00
2022/07/21,10.32,10.80,10.31,10.53,9672687,102349600.00
2022/07/22,10.78,10.85,10.27,10.41,7835845,82646264.00
2022/07/25,10.33,10.56,10.24,10.25,4175400,43358852.00
2022/07/26,10.25,10.45,10.10,10.40,3832486,39501776.00
2022/07/27,10.35,10.68,10.30,10.62,5356461,56498480.00
2022/07/28,10.71,11.14,10.62,10.89,10014200,109279496.00
2022/07/29,10.83,10.97,10.66,10.69,8284198,89604216.00
2022/08/01,10.72,11.15,10.67,10.91,8424541,92170424.00
2022/08/02,10.78,10.83,10.40,10.44,8332252,88099128.00
2022/08/03,10.51,11.35,10.51,10.86,15990000,175748256.00
2022/08/04,10.88,13.03,10.80,12.29,46102803,563218624.00
2022/08/05,11.80,12.86,11.68,12.43,40500220,499533088.00
2022/08/08,12.09,12.26,11.79,11.97,27114338,324954560.00
2022/08/09,11.82,11.97,11.44,11.62,17480351,202794368.00
2022/08/10,11.35,11.88,11.35,11.68,16043282,187327744.00
2022/08/11,11.60,11.88,11.52,11.62,12472944,145541936.00
2022/08/12,11.52,11.98,11.47,11.50,12621844,147850896.00
2022/08/15,11.50,11.68,11.32,11.41,8557097,97598048.00
2022/08/16,11.48,11.55,11.34,11.45,6412000,73380672.00
2022/08/17,11.46,11.50,11.23,11.39,7416100,84227736.00
2022/08/18,11.41,11.65,11.27,11.55,10471600,120146224.00
2022/08/19,11.60,11.60,10.88,10.92,12584300,140295072.00
2022/08/22,10.94,11.15,10.80,10.97,5828100,63673304.00
2022/08/23,10.91,11.01,10.68,10.85,6124241,66238060.00
2022/08/24,10.89,10.94,10.25,10.27,7345441,76851952.00
2022/08/25,10.34,10.46,9.93,10.07,5517600,55588756.00
2022/08/26,10.13,10.19,9.82,9.83,4054241,40413848.00
2022/08/29,9.81,9.94,9.58,9.94,2538700,25029576.00
2022/08/30,9.97,10.04,9.74,9.82,2946800,29103914.00
2022/08/31,9.81,9.86,9.40,9.44,3867900,36969640.00
2022/09/01,9.39,9.57,9.35,9.40,2327800,22008152.00
2022/09/02,9.40,9.69,9.36,9.62,2845500,27271600.00
2022/09/05,9.62,9.74,9.50,9.63,2311400,22263144.00
2022/09/06,9.61,9.69,9.55,9.66,2433900,23432682.00
2022/09/07,9.70,9.90,9.65,9.80,4515500,44167480.00
2022/09/08,9.89,9.89,9.50,9.54,3469900,33339716.00
2022/09/09,9.48,9.56,9.40,9.51,2063100,19602632.00
2022/09/13,9.51,9.70,9.41,9.63,2293727,22055478.00
2022/09/14,9.50,9.55,9.34,9.45,2640000,24920656.00
2022/09/15,9.50,9.51,8.96,9.10,4459843,40859876.00
2022/09/16,9.03,9.12,8.87,8.87,2237550,20146196.00
2022/09/19,8.94,9.04,8.76,8.88,2192400,19524102.00
2022/09/20,8.91,9.23,8.88,9.08,2917222,26401734.00
2022/09/21,9.10,9.17,8.90,9.11,2684422,24278146.00
2022/09/22,9.09,9.19,9.02,9.07,2024786,18450102.00
2022/09/23,9.07,9.08,8.73,8.82,2383400,21165504.00
2022/09/26,8.79,8.79,8.55,8.58,2370486,20511092.00
2022/09/27,8.58,8.97,8.58,8.97,3080100,27233012.00
2022/09/28,8.98,8.99,8.65,8.65,2112600,18622290.00
2022/09/29,8.69,8.80,8.50,8.55,1908900,16478244.00
2022/09/30,8.57,8.59,8.37,8.37,1438100,12173805.00
2022/10/10,8.30,8.41,8.10,8.13,1709872,14084069.00
2022/10/11,8.24,8.39,8.13,8.33,2098400,17319934.00
2022/10/12,8.38,8.65,8.26,8.64,2651500,22506484.00
2022/10/13,8.64,8.82,8.51,8.75,2679079,23346266.00
2022/10/14,8.78,8.88,8.76,8.80,2683085,23653332.00
2022/10/17,8.78,9.19,8.75,9.19,4641987,42039736.00
2022/10/18,9.19,9.19,8.98,9.05,3603100,32711132.00
2022/10/19,9.04,9.18,9.00,9.01,3176800,28854512.00
2022/10/20,8.90,9.98,8.86,9.98,15616622,149197360.00
2022/10/21,9.93,9.93,9.26,9.45,14160042,135715808.00
2022/10/24,9.51,9.91,9.35,9.35,8812452,84808704.00
2022/10/25,9.24,9.67,9.07,9.49,7796652,73807176.00
2022/10/26,9.41,9.88,9.25,9.68,9554708,91255752.00
2022/10/27,9.57,9.80,9.47,9.55,6454300,61924472.00
2022/10/28,9.50,9.85,9.28,9.36,7334200,70224336.00
2022/10/31,9.12,9.67,9.05,9.61,5609302,53068888.00
2022/11/01,9.54,9.78,9.50,9.69,6678604,64561836.00
2022/11/02,9.60,9.80,9.56,9.58,5652030,54610352.00
2022/11/03,9.51,9.84,9.47,9.70,6916258,67181152.00
2022/11/04,9.75,9.96,9.65,9.79,7409500,72429160.00
2022/11/07,9.75,9.80,9.61,9.68,5242256,50893820.00
2022/11/08,9.74,9.74,9.52,9.64,3943100,37830616.00
2022/11/09,9.65,9.88,9.56,9.73,5546272,54043216.00
2022/11/10,9.63,9.73,9.41,9.41,5400428,51552212.00
2022/11/11,9.56,9.72,9.46,9.46,5391200,51812696.00
2022/11/14,9.46,9.54,9.31,9.40,4026700,37858392.00
2022/11/15,9.41,9.75,9.31,9.71,6757828,65199060.00
2022/11/16,9.72,9.95,9.71,9.73,5236600,51342060.00
2022/11/17,9.75,9.87,9.63,9.87,4598228,44870596.00
2022/11/18,9.90,10.12,9.74,9.75,7452500,73970416.00
2022/11/21,9.75,9.95,9.69,9.87,4778524,46921980.00
2022/11/22,9.91,10.22,9.75,9.81,9196500,92128024.00
2022/11/23,9.75,10.27,9.34,9.99,11735620,114640312.00
2022/11/24,9.90,9.97,9.75,9.76,5878487,57881396.00
2022/11/25,9.78,9.87,9.40,9.42,3978719,37978936.00
2022/11/28,9.36,9.44,9.13,9.18,3360472,31024908.00
2022/11/29,9.18,9.43,9.15,9.40,2542100,23729176.00
2022/11/30,9.42,9.43,9.26,9.32,2072100,19356438.00
2022/12/01,9.36,9.51,9.30,9.32,3239230,30386762.00
2022/12/02,9.29,9.42,9.29,9.39,1989658,18664984.00
2022/12/05,9.42,9.48,9.36,9.44,2581528,24278590.00
2022/12/06,9.41,9.88,9.32,9.68,6722056,64526684.00
2022/12/07,9.58,9.82,9.46,9.65,6111840,58947664.00
2022/12/08,9.56,9.65,9.40,9.41,3118700,29627850.00
2022/12/09,9.35,9.57,9.31,9.36,2257000,21237908.00
2022/12/12,9.34,9.56,9.31,9.44,2358900,22336086.00
2022/12/13,9.47,9.47,9.23,9.23,2396016,22333118.00
2022/12/14,9.49,9.80,9.42,9.50,6288539,60467580.00
2022/12/15,9.50,9.88,9.38,9.74,8052516,78430360.00
2022/12/16,9.68,9.74,9.45,9.46,4579500,43771088.00
2022/12/19,9.40,9.46,8.95,9.03,4479300,41054184.00
2022/12/20,9.02,9.15,8.89,9.03,2258300,20392800.00
2022/12/21,8.93,9.03,8.75,8.80,2198500,19503328.00
2022/12/22,8.87,8.88,8.57,8.59,1881132,16364462.00
2022/12/23,8.64,8.72,8.51,8.62,1985700,17137140.00
2022/12/26,8.62,8.81,8.57,8.77,1516700,13271234.00
2022/12/27,8.81,8.83,8.62,8.78,2025668,17685560.00
2022/12/28,8.74,8.74,8.48,8.54,2130396,18285380.00
2022/12/29,8.53,8.60,8.47,8.47,1134200,9680867.00
2022/12/30,8.47,8.58,8.47,8.54,884100,7544854.00
2023/01/03,8.55,8.75,8.53,8.74,2276395,19791212.00
2023/01/04,8.76,8.88,8.71,8.77,1709203,15027512.00
2023/01/05,8.72,8.82,8.72,8.79,1578000,13852888.00
2023/01/06,8.87,8.87,8.74,8.79,1934500,17044706.00
2023/01/09,8.79,8.88,8.78,8.82,1321203,11660841.00
2023/01/10,8.85,8.87,8.79,8.79,1281200,11302026.00
2023/01/11,8.79,9.18,8.79,8.88,3789328,34057152.00
2023/01/12,8.84,9.08,8.76,8.97,3701628,33199432.00
2023/01/13,8.94,9.03,8.80,8.87,2316528,20617904.00
2023/01/16,8.83,8.96,8.83,8.95,1707000,15228995.00
2023/01/17,8.95,9.00,8.90,8.92,1502700,13445196.00
2023/01/18,8.90,8.97,8.90,8.92,1196300,10689770.00
2023/01/19,8.88,9.05,8.88,9.04,2201053,19802584.00
2023/01/20,9.09,9.20,9.05,9.11,2336672,21304414.00
2023/01/30,9.22,9.42,9.20,9.35,3988456,37180708.00
2023/01/31,9.31,9.57,9.24,9.47,4087128,38578640.00
2023/02/01,9.41,9.68,9.41,9.68,4580445,43936768.00
2023/02/02,9.68,11.62,9.66,11.62,45790821,517263968.00
2023/02/03,11.60,11.60,10.86,11.10,42244575,471163360.00
2023/02/06,11.11,11.40,10.86,11.12,26307256,292519744.00
2023/02/07,10.95,11.25,10.89,11.08,18670039,206537424.00
2023/02/08,10.95,10.99,10.38,10.39,20866328,220594384.00
2023/02/09,10.43,10.65,10.40,10.61,12340491,130336264.00
2023/02/10,10.60,10.68,10.45,10.49,8842651,93366856.00
2023/02/13,10.42,10.76,10.41,10.75,10699346,114160408.00
2023/02/14,10.75,10.77,10.56,10.58,6722500,71451760.00
2023/02/15,10.58,10.78,10.56,10.77,8436300,90267048.00
2023/02/16,10.77,10.82,10.28,10.38,9267931,97706568.00
2023/02/17,10.41,10.51,10.26,10.32,5133700,53271416.00
2023/02/20,10.27,10.40,10.22,10.40,4313200,44511912.00
2023/02/21,10.40,10.49,10.26,10.42,4153801,43137740.00
2023/02/22,10.37,10.42,10.22,10.37,4050401,41815216.00
2023/02/23,10.40,10.71,10.23,10.51,11231830,117612528.00
2023/02/24,10.55,10.59,10.17,10.25,7044800,72540560.00
2023/02/27,10.25,10.37,10.10,10.13,4625500,47125144.00
2023/02/28,10.19,10.24,10.08,10.21,3250100,33029860.00
2023/03/01,10.21,10.36,10.19,10.35,5031600,51808680.00
2023/03/02,10.41,10.48,10.26,10.28,4084200,42258620.00
2023/03/03,10.43,10.58,10.25,10.38,6001300,62427172.00
2023/03/06,10.30,10.47,10.27,10.45,5329800,55288964.00
2023/03/07,10.51,10.55,10.05,10.12,5787209,59170588.00
2023/03/08,10.00,10.90,9.92,10.75,17201034,182344944.00
2023/03/09,10.69,11.31,10.63,11.00,25082568,277528704.00
2023/03/10,11.00,11.90,10.81,10.84,24563612,278516640.00
2023/03/13,10.64,11.99,10.64,11.30,27048191,307632416.00
2023/03/14,11.00,11.00,10.00,10.72,21927551,234432064.00
2023/03/15,10.90,12.60,10.79,11.89,45636055,544311360.00
2023/03/16,11.51,11.90,11.42,11.70,31123652,362315520.00
2023/03/17,11.75,12.49,11.59,12.25,40051345,485477760.00
2023/03/20,12.01,12.33,11.52,11.76,27678272,328951904.00
2023/03/21,11.80,11.80,11.25,11.46,20273113,231375024.00
2023/03/22,11.31,11.38,11.06,11.27,15703074,176411136.00
2023/03/23,11.21,11.74,11.15,11.44,19683190,226694400.00
2023/03/24,11.20,11.84,11.12,11.42,18784490,215391184.00
2023/03/27,11.47,12.22,11.47,12.15,30974518,369838912.00
2023/03/28,11.95,12.77,11.82,12.05,32682355,401713792.00
2023/03/29,11.95,12.70,11.71,12.60,32553676,401844672.00
2023/03/30,12.30,12.61,11.67,11.80,24802902,300755904.00
2023/03/31,11.79,12.14,11.61,11.89,15953780,189081536.00
2023/04/03,12.08,12.43,11.81,12.34,22481326,274199296.00
2023/04/04,12.20,12.60,12.10,12.34,23695540,292781280.00
2023/04/06,12.20,12.96,11.96,12.67,27298200,339618304.00
2023/04/07,12.55,13.06,12.36,12.74,26001043,331648064.00
2023/04/10,12.60,13.06,12.24,12.41,21152071,267511136.00
2023/04/11,12.30,12.50,12.03,12.14,14781400,180552688.00
2023/04/12,12.14,12.38,12.04,12.32,11724452,143601840.00
2023/04/13,12.20,12.22,11.40,11.42,17784900,208779504.00
2023/04/14,11.42,11.70,11.20,11.67,11583642,132972032.00
2023/04/17,11.61,11.70,11.25,11.33,8832600,100594232.00
2023/04/18,11.40,11.40,10.90,11.13,8370600,92879248.00
2023/04/19,11.12,11.60,11.08,11.25,7937803,89748752.00
2023/04/20,11.18,11.55,11.11,11.46,8808296,100315816.00
2023/04/21,11.32,11.54,10.65,10.65,11027342,120788664.00
2023/04/24,10.50,10.78,10.38,10.45,6247667,65569012.00
2023/04/25,10.37,10.51,9.80,10.00,8772302,88010896.00
2023/04/26,10.00,10.32,9.98,10.11,6019600,61177860.00
2023/04/27,10.11,10.36,9.96,10.06,6570000,66679216.00
2023/04/28,10.00,10.54,10.00,10.44,7031424,72822736.00
2023/05/04,10.35,10.75,10.35,10.61,5693300,60396048.00
2023/05/05,10.53,10.77,10.35,10.50,5284745,55549868.00
2023/05/08,10.50,10.63,10.42,10.52,4072500,42805728.00
2023/05/09,10.41,10.50,10.20,10.21,4698600,48464168.00
2023/05/10,10.31,10.34,10.10,10.27,2983772,30498368.00
2023/05/11,10.34,10.50,10.21,10.36,4242395,44021476.00
2023/05/12,10.30,10.43,10.18,10.20,3378900,34754256.00
2023/05/15,10.16,10.33,10.06,10.32,2765505,28236288.00
2023/05/16,10.35,10.46,10.16,10.30,3977400,40920468.00
2023/05/17,10.40,10.66,10.26,10.65,6785300,71330272.00
2023/05/18,10.76,10.97,10.69,10.95,9999208,108746520.00
2023/05/19,10.90,11.29,10.80,11.10,9684002,107063248.00
2023/05/22,11.00,11.23,10.96,11.16,7031544,78148096.00
2023/05/23,11.17,11.65,11.16,11.32,11613574,131943072.00
2023/05/24,11.28,11.92,11.21,11.65,17538402,204323392.00
2023/05/25,11.52,11.88,11.46,11.60,13810872,160956480.00
2023/05/26,11.62,11.68,11.46,11.53,9866900,113986504.00
2023/05/29,11.54,11.57,11.25,11.28,8508600,96664064.00
2023/05/30,11.28,11.33,11.07,11.27,5989269,67020088.00
2023/05/31,11.27,11.38,11.20,11.26,5749700,64930776.00
2023/06/01,11.35,11.35,11.11,11.25,5348900,60035016.00
2023/06/02,11.23,11.28,11.02,11.07,4694800,52155504.00
2023/06/05,11.02,11.40,11.00,11.12,5065100,56494068.00
2023/06/06,11.13,11.13,10.67,10.70,5425300,58858364.00
2023/06/07,10.67,10.93,10.64,10.87,3832500,41580564.00
2023/06/08,10.88,10.95,10.63,10.72,3529900,38025516.00
2023/06/09,10.80,10.81,10.56,10.80,3516200,37605248.00
2023/06/12,10.77,10.97,10.76,10.94,3871900,42211376.00
2023/06/13,10.90,11.02,10.81,10.99,3835400,41879568.00
2023/06/14,10.98,11.08,10.75,10.87,3500900,37958052.00
2023/06/15,10.82,11.35,10.79,11.13,8514900,94674696.00
2023/06/16,11.05,11.33,10.98,11.31,8457100,94859976.00
2023/06/19,11.30,11.57,11.30,11.42,6925100,79230032.00
2023/06/20,11.40,11.74,11.40,11.63,8059900,93330088.00
2023/06/21,11.66,11.78,11.34,11.39,7132000,82291272.00
2023/06/26,11.19,11.59,11.04,11.08,5882900,66271788.00
2023/06/27,11.09,11.36,11.09,11.28,3810300,42815248.00
2023/06/28,11.27,11.36,10.76,11.32,5507600,61034040.00
2023/06/29,11.44,11.78,11.30,11.69,9246483,107765640.00
2023/06/30,11.66,12.12,11.59,11.92,8840922,104997528.00
2023/07/03,11.99,12.12,11.70,11.73,7734200,91742792.00
2023/07/04,11.70,11.93,11.70,11.78,4853800,57307904.00
2023/07/05,11.70,11.82,11.46,11.50,4148300,48199548.00
2023/07/06,11.56,12.15,11.43,12.07,14646700,174089952.00
2023/07/07,11.99,12.26,11.75,11.77,18639722,223486704.00
2023/07/10,11.75,11.79,11.37,11.44,10402802,119700432.00
2023/07/11,11.41,11.51,11.24,11.46,5215742,59461132.00
2023/07/12,11.46,11.46,11.05,11.07,6733000,75431744.00
2023/07/13,11.18,11.35,11.10,11.25,4800228,53976476.00
2023/07/14,11.29,11.31,11.12,11.22,2727300,30631236.00
2023/07/17,11.30,11.30,11.00,11.27,4419728,49238588.00
2023/07/18,11.26,11.54,11.12,11.36,5282400,60091180.00
2023/07/19,11.30,11.40,10.95,10.96,5160296,57253004.00
2023/07/20,10.93,11.03,10.70,10.72,4154489,44959432.00
2023/07/21,10.71,10.77,10.49,10.51,3955300,41911476.00
2023/07/24,10.65,10.72,10.44,10.59,2978100,31557344.00
2023/07/25,10.61,10.75,10.60,10.73,2939300,31413748.00
2023/07/26,10.75,10.79,10.38,10.40,3413500,35815760.00
2023/07/27,10.40,10.50,10.30,10.30,1897000,19693336.00
2023/07/28,10.25,10.39,10.18,10.39,2231300,22986248.00
2023/07/31,10.39,10.52,10.32,10.45,2013042,21024268.00
2023/08/01,10.55,10.74,10.31,10.42,4460000,46614908.00
2023/08/02,10.36,11.09,10.33,10.72,10041007,107962920.00
2023/08/03,10.61,10.72,10.49,10.55,4927500,52125528.00
2023/08/04,10.52,10.60,10.45,10.53,3389700,35683972.00
2023/08/07,10.46,10.57,10.36,10.40,3066500,31984084.00
2023/08/08,10.40,10.40,10.23,10.26,2666600,27420412.00
2023/08/09,10.27,10.32,10.09,10.12,2661500,26974656.00
2023/08/10,10.12,10.22,10.11,10.14,1631700,16572603.00
2023/08/11,10.22,10.22,9.93,9.95,2642500,26494742.00
2023/08/14,9.95,10.02,9.88,10.01,1863201,18530474.00
2023/08/15,10.02,10.06,9.87,9.93,1528100,15193391.00
2023/08/16,9.92,9.94,9.72,9.74,1819500,17849878.00
2023/08/17,9.69,10.07,9.65,10.04,3272519,32595500.00
2023/08/18,10.06,10.13,9.95,9.96,2111800,21221600.00
2023/08/21,9.96,10.08,9.84,9.86,1662000,16581603.00
2023/08/22,9.84,10.05,9.74,10.00,2562400,25371588.00
2023/08/23,10.05,10.05,9.79,9.79,1494400,14736936.00
2023/08/24,9.80,9.89,9.65,9.68,1892101,18430858.00
2023/08/25,9.66,9.74,9.34,9.36,2849157,26963296.00
2023/08/28,9.80,9.98,9.33,9.37,3158800,30487096.00
2023/08/29,9.38,9.98,9.37,9.98,5804724,56956032.00
2023/08/30,10.03,10.40,9.99,10.24,6264424,63848440.00
2023/08/31,10.20,11.40,10.18,11.02,23210700,252936672.00
2023/09/01,10.79,11.02,10.70,10.75,14543801,157629408.00
2023/09/04,10.76,10.86,10.48,10.58,8488000,89692384.00
2023/09/05,10.50,11.08,10.49,10.84,15777307,171744528.00
2023/09/06,10.83,13.01,10.69,13.01,30959194,390937408.00
2023/09/07,13.90,14.99,13.77,14.10,83605043,1195749632.00
2023/09/08,13.86,16.92,13.85,16.92,68064308,1079160192.00
2023/09/11,17.80,19.97,16.35,18.87,103246818,1873615104.00
2023/09/12,17.68,18.53,16.69,17.73,83648713,1475375872.00
2023/09/13,16.93,21.28,16.93,21.28,112987203,2184346624.00
2023/09/14,19.79,21.99,18.76,20.56,92540277,1836795904.00
2023/09/15,19.51,20.29,18.30,18.94,72391601,1391752064.00
2023/09/18,18.73,19.58,17.61,18.17,65509987,1210166272.00
2023/09/19,18.00,19.57,18.00,18.75,66560381,1255689856.00
2023/09/20,17.55,18.19,16.28,17.07,61627808,1056275712.00
2023/09/21,16.45,17.75,16.28,17.48,54142040,929000896.00
2023/09/22,17.08,17.78,16.58,17.10,49061566,837551872.00
2023/09/25,17.40,19.46,17.24,17.72,77133904,1404693760.00
2023/09/26,16.93,19.28,16.00,18.04,76738533,1316599808.00
2023/09/27,17.23,17.91,16.88,16.91,50555753,877900032.00
2023/09/28,17.07,18.35,16.80,18.12,66213528,1176078720.00
2023/10/09,17.31,20.42,17.31,19.25,72262898,1388467584.00
2023/10/10,19.25,21.30,18.63,19.80,74742719,1505541504.00
2023/10/11,19.26,22.76,19.10,22.45,83827886,1796862592.00
2023/10/12,22.45,22.97,19.97,20.14,69414924,1438218752.00
2023/10/13,19.63,20.55,19.20,19.81,57035385,1134786176.00
2023/10/16,19.13,19.14,17.16,17.29,53983729,964193536.00
2023/10/17,17.11,17.98,16.93,17.48,39665524,697124544.00
2023/10/18,17.90,18.98,17.62,17.73,43434866,794341056.00
2023/10/19,17.10,18.62,17.08,17.84,42718502,770647488.00
2023/10/20,17.20,17.25,15.80,16.01,44987556,732980480.00
2023/10/23,16.01,16.37,15.75,16.10,27886907,449870432.00
2023/10/24,16.35,17.20,16.35,17.10,38918818,653983424.00
2023/10/25,16.98,17.28,16.76,17.14,34430350,585772352.00
2023/10/26,16.84,17.48,16.71,16.86,28902400,491958080.00
2023/10/27,17.12,18.85,15.91,18.02,64952678,1130596480.00
2023/10/30,17.03,18.16,17.03,17.86,46258965,819972416.00
2023/10/31,17.65,18.09,16.71,17.13,41247748,716159872.00
2023/11/01,17.00,17.01,16.04,16.09,28609800,467979264.00
2023/11/02,16.12,16.35,15.74,16.30,23271400,373717088.00
2023/11/03,16.34,16.65,16.20,16.45,22269900,366048416.00
2023/11/06,16.70,17.19,16.65,17.10,28119691,477167616.00
2023/11/07,17.20,18.56,16.91,18.27,49921185,894523776.00
2023/11/08,18.00,19.10,17.86,18.52,51890601,959789248.00
2023/11/09,18.29,19.80,18.12,18.71,56160501,1069789760.00
2023/11/10,18.00,18.68,17.80,17.80,36069798,652348544.00
2023/11/13,18.17,18.36,17.72,18.09,26578700,478137216.00
2023/11/14,17.80,19.28,17.67,18.85,42261225,787076224.00
2023/11/15,18.58,18.68,17.92,18.17,32269300,587571648.00
2023/11/16,18.15,19.26,17.76,18.88,48276455,896808128.00
2023/11/17,18.33,18.73,18.05,18.30,30310756,555509120.00
2023/11/20,18.27,18.80,18.18,18.53,26362566,486707712.00
2023/11/21,18.38,18.57,17.35,17.45,26825291,482788800.00
2023/11/22,17.34,17.62,16.65,16.75,24149800,410849280.00
2023/11/23,17.00,17.27,16.70,16.98,18428254,312272864.00
2023/11/24,16.81,17.38,16.66,16.75,18916780,321635936.00
2023/11/27,16.65,17.88,16.58,17.63,31121775,543488256.00
2023/11/28,17.24,17.53,16.45,16.61,25455488,429017152.00
2023/11/29,16.62,16.79,16.04,16.07,15398888,252039056.00
2023/11/30,16.05,16.18,15.44,15.67,17768911,278109984.00
2023/12/01,15.75,15.97,15.56,15.96,10860700,171415680.00
2023/12/04,15.87,16.20,15.86,15.96,10310800,165051568.00
2023/12/05,16.06,16.06,15.32,15.32,12410000,193036800.00
2023/12/06,15.32,15.43,15.13,15.19,10531900,160461312.00
2023/12/07,15.24,15.29,15.01,15.10,8459500,128074560.00
2023/12/08,15.20,15.44,15.11,15.27,10189813,155606352.00
2023/12/11,15.20,15.63,15.06,15.54,10786500,165627120.00
2023/12/12,15.53,15.76,15.43,15.57,10055650,156707040.00
2023/12/13,15.48,15.55,15.14,15.16,9399800,143683680.00
2023/12/14,15.15,15.32,14.82,14.87,10225651,153344784.00
2023/12/15,14.91,14.99,14.61,14.65,8444313,124101864.00
2023/12/18,14.70,14.71,14.34,14.39,7101600,102843424.00
2023/12/19,14.48,14.57,14.32,14.44,5673300,81904616.00
2023/12/20,14.49,15.11,14.31,14.64,20101901,296797344.00
2023/12/21,14.00,14.72,13.92,14.63,13573473,195124768.00
2023/12/22,14.61,14.76,14.10,14.21,8978900,129088608.00
2023/12/25,14.15,14.38,14.11,14.28,4800100,68383984.00
2023/12/26,14.29,14.29,13.82,13.96,6817100,95268584.00
2023/12/27,14.01,14.35,13.92,14.21,7691600,109162984.00
2023/12/28,14.14,14.50,13.96,14.44,8318200,118999264.00
2023/12/29,14.48,14.75,14.32,14.70,7337300,107439944.00
2024/01/02,14.82,15.00,14.58,14.60,7818000,115263568.00
2024/01/03,14.58,15.26,14.35,14.69,19559551,289241472.00
2024/01/04,14.60,14.65,14.32,14.33,9993450,144178608.00
2024/01/05,14.23,14.38,13.82,13.95,7945542,111742000.00
2024/01/08,13.96,14.08,13.59,13.59,5966000,81923680.00
2024/01/09,13.72,14.10,13.66,13.87,7623200,105949912.00
2024/01/10,13.88,14.00,13.43,13.43,5643600,76583392.00
2024/01/11,13.47,13.82,13.40,13.78,6989400,95801328.00
2024/01/12,13.70,13.82,13.48,13.50,4521300,61594620.00
2024/01/15,13.60,13.69,13.35,13.53,4796800,64897144.00
2024/01/16,13.45,13.63,13.28,13.54,5878100,79037816.00
2024/01/17,13.54,13.55,13.09,13.09,3845400,51140140.00
2024/01/18,13.10,13.26,12.73,13.13,7012700,90714200.00
2024/01/19,13.05,13.30,12.86,12.86,4335700,56541308.00
2024/01/22,12.92,12.96,11.96,12.09,7141800,88906240.00
2024/01/23,11.94,12.38,11.94,12.20,5259200,64072976.00
2024/01/24,12.20,12.48,11.89,12.48,7384617,90504408.00
2024/01/25,12.49,12.75,12.33,12.74,8254689,103944136.00
2024/01/26,12.51,12.98,12.50,12.55,9769500,124290848.00
2024/01/29,12.40,12.69,12.02,12.03,6308900,77105760.00
2024/01/30,12.07,12.15,11.62,11.63,5178600,61462716.00
2024/01/31,11.82,11.82,10.99,10.99,6470089,73195120.00
2024/02/01,11.03,11.15,10.69,10.83,5975200,65176344.00
2024/02/02,10.92,11.23,9.79,10.29,7833800,82437368.00
2024/02/05,10.20,10.20,8.85,8.90,11256400,104284776.00
2024/02/06,8.78,9.38,8.10,9.06,13584600,118129944.00
2024/02/07,9.11,9.26,8.36,8.45,15431400,136077760.00
2024/02/08,8.50,9.73,8.22,9.54,18925009,169180496.00
2024/02/19,9.68,10.14,9.68,9.93,16491939,163051136.00
2024/02/20,9.88,11.92,9.72,11.92,11806480,135932384.00
2024/02/21,12.48,12.91,11.90,11.93,39490401,484385664.00
2024/02/22,11.76,13.69,11.50,12.99,42490380,540865216.00
2024/02/23,12.87,13.38,12.60,13.10,36445440,469869728.00
2024/02/26,13.50,15.06,13.20,13.80,38943093,544662592.00
2024/02/27,13.38,14.19,13.22,14.14,33011946,452529376.00
2024/02/28,13.93,14.11,12.38,12.39,30636689,411157120.00
2024/02/29,12.25,14.87,12.25,14.87,68125616,985385856.00
2024/03/01,15.16,17.79,15.12,17.10,79444466,1262253824.00
2024/03/04,16.06,16.81,15.56,16.35,55273941,895899648.00
2024/03/05,15.99,17.58,15.90,16.64,57722145,962671744.00
2024/03/06,16.07,16.45,15.71,16.20,36025954,580288768.00
2024/03/07,16.88,18.00,16.56,16.64,57449319,989876224.00
2024/03/08,15.97,16.64,15.65,16.50,36229228,586896768.00
2024/03/11,16.16,16.65,15.85,16.54,31776206,518746048.00
2024/03/12,16.50,16.98,16.13,16.24,28571636,470494080.00
2024/03/13,16.30,16.55,15.83,16.00,25682417,415442848.00
2024/03/14,15.80,16.15,15.30,15.64,23431800,367838400.00
2024/03/15,15.80,16.00,15.41,16.00,20199800,319031616.00
2024/03/18,16.05,16.37,15.90,16.25,24338000,391985440.00
2024/03/19,16.19,16.98,15.93,16.75,39561241,652008640.00
2024/03/20,16.50,18.10,16.32,17.36,53129112,914772736.00
2024/03/21,17.00,17.24,16.60,16.69,30820076,518235264.00
2024/03/22,16.53,17.28,16.16,16.16,26264000,440195840.00
2024/03/25,16.00,17.41,15.80,16.49,32476257,544650944.00
2024/03/26,15.98,16.29,15.40,15.50,25823845,405215392.00
2024/03/27,15.51,15.70,14.34,14.39,22430465,331698528.00
2024/03/28,14.29,15.21,14.29,14.97,20061532,299228704.00
2024/03/29,14.81,15.23,14.61,14.98,13364100,199060704.00
2024/04/01,14.98,15.50,14.98,15.24,14368328,218909360.00
2024/04/02,15.20,15.50,14.67,14.88,18413219,276171328.00
2024/04/03,14.75,15.21,14.38,14.52,12703556,187124960.00
2024/04/08,14.42,15.10,14.35,14.50,13177211,194006048.00
2024/04/09,14.38,14.58,14.08,14.20,11374439,162174848.00
2024/04/10,14.34,15.01,14.25,14.28,16561772,242269616.00
2024/04/11,13.88,14.60,13.38,14.30,14057000,198745776.00
2024/04/12,14.17,14.42,13.79,13.80,11092700,155894448.00
2024/04/15,13.80,13.96,12.50,12.90,16794184,219703792.00
2024/04/16,12.93,12.93,11.21,11.21,19351885,225649136.00
2024/04/17,11.65,12.46,11.63,12.43,16974000,207580400.00
2024/04/18,12.30,12.59,12.02,12.26,11580600,142596848.00
2024/04/19,12.22,12.99,11.95,12.36,19827800,247596336.00
2024/04/22,12.01,12.41,11.81,12.04,12498500,150943280.00
2024/04/23,12.20,12.34,12.09,12.16,8994900,109708592.00
2024/04/24,12.18,12.61,12.18,12.61,10583650,131944864.00
2024/04/25,12.69,12.75,12.45,12.51,9842900,123960304.00
2024/04/26,12.35,13.13,12.33,12.92,15159469,194836736.00
2024/04/29,12.90,13.49,12.82,13.44,13749800,183174752.00
2024/04/30,13.55,13.73,12.98,13.18,10618800,140469920.00
2024/05/06,13.36,13.45,13.17,13.20,8796991,116835200.00
2024/05/07,13.19,13.45,13.13,13.30,9476300,126206160.00
2024/05/08,13.30,13.77,13.08,13.54,20687650,278967424.00
2024/05/09,13.21,13.55,13.16,13.32,13352068,178285680.00
2024/05/10,13.44,13.48,12.89,12.92,11379400,147904112.00
2024/05/13,12.92,12.98,12.32,12.36,9303400,116212576.00
2024/05/14,12.53,12.82,12.32,12.44,6874800,85865272.00
2024/05/15,12.45,12.88,12.21,12.52,10297600,130123360.00
2024/05/16,12.43,12.70,12.43,12.53,6477400,81506232.00
2024/05/17,12.60,12.81,12.35,12.81,7890002,99914728.00
2024/05/20,12.82,13.06,12.62,12.83,7531400,96814392.00
2024/05/21,13.00,13.02,12.47,12.51,8249602,104327952.00
2024/05/22,12.44,12.70,12.41,12.62,6539700,82192920.00
2024/05/23,12.67,12.67,12.26,12.30,6061900,75179792.00
2024/05/24,12.39,12.39,11.95,11.98,6174800,74717184.00
2024/05/27,11.98,14.38,11.70,14.38,41604556,554267584.00
2024/05/28,14.96,16.50,14.75,15.90,66396954,1031935616.00
2024/05/29,15.29,16.25,15.21,15.60,48770393,763791552.00
2024/05/30,15.40,16.80,15.10,15.96,58715106,927272640.00
2024/05/31,15.38,15.85,15.03,15.24,41878381,646858752.00
2024/06/03,15.00,15.59,14.78,15.27,34701537,527773248.00
2024/06/04,14.80,15.17,14.28,14.50,26229971,381685120.00
2024/06/05,14.48,15.72,14.29,14.76,33820531,512615008.00
2024/06/06,14.56,17.71,14.55,16.79,72641245,1190214784.00
2024/06/07,15.80,17.68,15.72,16.20,64077026,1070537088.00
2024/06/11,16.18,17.19,15.87,16.72,51939040,863641856.00
2024/06/12,16.20,16.81,16.20,16.46,38387340,632901888.00
2024/06/13,16.30,16.66,15.59,15.76,41360190,663535488.00
2024/06/14,15.47,15.78,15.08,15.60,27719252,428409824.00
2024/06/17,15.60,16.97,15.55,16.50,42239710,689365824.00
2024/06/18,16.29,16.85,16.01,16.60,38830981,638422528.00
2024/06/19,16.88,17.39,16.43,17.15,52713360,899700480.00
2024/06/20,16.60,17.07,15.60,15.60,37440202,610437888.00
2024/06/21,15.25,15.54,14.71,14.85,25782300,388572736.00
2024/06/24,14.65,15.06,14.25,14.36,20386002,299434080.00
2024/06/25,14.66,15.29,14.60,14.83,24829100,370273056.00
2024/06/26,14.63,15.15,13.84,15.07,22917500,333382976.00
2024/06/27,14.75,15.04,14.08,14.14,20189450,293859296.00
2024/06/28,14.23,14.57,14.11,14.28,15576300,223788720.00
2024/07/01,14.23,14.46,13.53,14.16,14663900,206754736.00
2024/07/02,14.11,14.39,13.98,14.20,12939450,183353792.00
2024/07/03,14.10,14.33,13.67,13.96,14343128,200066496.00
2024/07/04,13.90,14.04,13.16,13.20,17114300,231154016.00
2024/07/05,13.21,13.30,12.72,13.00,12453700,161076816.00
2024/07/08,13.06,13.48,12.86,12.89,13787100,181444384.00
2024/07/09,13.00,13.76,12.62,13.67,20741191,277496512.00
2024/07/10,13.53,13.82,13.46,13.53,13749400,187089552.00
2024/07/11,13.95,14.22,13.69,13.82,14767914,204669216.00
2024/07/12,13.62,14.32,13.61,14.13,19241800,270470720.00
2024/07/15,14.35,14.68,13.82,13.87,19083655,273053600.00
2024/07/16,13.60,13.93,13.46,13.87,14674228,200436896.00
2024/07/17,13.84,14.85,13.55,14.27,24760823,352089408.00
2024/07/18,15.38,17.12,15.38,17.12,77623332,1306904960.00
2024/07/19,18.00,19.71,17.58,18.57,99844932,1839786112.00
2024/07/22,18.55,18.78,17.68,18.04,67254367,1215496064.00
2024/07/23,17.88,19.16,17.55,17.58,68703420,1258545024.00
2024/07/24,17.23,17.73,15.85,16.21,60174623,1001665216.00
2024/07/25,15.89,16.16,15.45,15.56,39149892,615403264.00
2024/07/26,15.67,16.02,15.34,15.98,37213816,585700672.00
2024/07/29,15.94,16.85,15.82,16.69,50087700,820692160.00
2024/07/30,16.00,16.63,15.60,16.31,38880902,625096704.00
2024/07/31,16.29,17.78,16.14,16.92,53018772,891538816.00
2024/08/01,16.87,17.35,16.52,16.60,41143842,696859392.00
2024/08/02,16.34,16.69,15.74,15.81,35874040,578003712.00
2024/08/05,15.44,15.68,14.81,14.81,26376804,402014528.00
2024/08/06,15.13,15.47,14.82,15.28,22253431,336166208.00
2024/08/07,15.30,15.66,15.17,15.26,19266831,296073664.00
2024/08/08,15.16,15.60,14.73,15.47,25944419,395389408.00
2024/08/09,15.75,15.90,15.04,15.06,23059701,356927072.00
2024/08/12,14.83,15.05,14.59,14.76,14933300,220591488.00
2024/08/13,14.80,15.17,14.76,15.14,14503731,217866656.00
2024/08/14,15.03,15.35,14.94,15.14,15477000,234729280.00
2024/08/15,15.00,15.59,14.95,15.56,21601801,332973408.00
2024/08/16,15.50,15.83,15.16,15.16,21374632,331642784.00
2024/08/19,14.89,15.20,14.80,14.87,13367600,200200576.00
2024/08/20,14.81,14.89,14.41,14.52,12745431,186153808.00
2024/08/21,14.44,14.85,14.31,14.61,9542031,139690736.00
2024/08/22,14.62,14.73,14.10,14.17,11649000,166456720.00
2024/08/23,14.00,14.19,13.80,13.98,9314700,130505856.00
2024/08/26,14.09,14.26,13.93,14.11,7862150,110691112.00
2024/08/27,13.98,14.08,13.78,13.80,7295800,101252160.00
2024/08/28,13.63,14.05,13.63,13.72,7651900,106085312.00
2024/08/29,13.79,14.20,13.66,14.09,12223600,171510272.00
2024/08/30,14.72,16.49,14.66,15.47,41674476,637859136.00
2024/09/02,15.43,15.78,15.22,15.31,30239432,468478240.00
2024/09/03,15.13,15.42,15.11,15.24,15951200,243289456.00
2024/09/04,14.97,15.60,14.92,15.36,22139500,338911616.00
2024/09/05,15.24,15.43,15.09,15.37,14226000,217645504.00
2024/09/06,15.30,16.35,15.12,15.81,35702344,560204416.00
2024/09/09,16.30,17.39,15.03,15.25,42002787,683093824.00
2024/09/10,14.79,16.50,14.79,15.94,35985019,564338752.00
2024/09/11,15.50,15.94,15.20,15.53,25060127,388271904.00
2024/09/12,15.51,15.73,15.10,15.10,21752900,336107488.00
2024/09/13,14.88,15.24,14.43,14.47,22165500,326861088.00
2024/09/18,16.13,17.30,15.73,16.02,54093403,884997376.00
2024/09/19,15.60,16.66,15.60,15.91,43091103,693077376.00
2024/09/20,15.63,16.82,15.50,16.47,48640215,793183168.00
2024/09/23,16.20,16.27,15.71,16.17,32031852,513359488.00
2024/09/24,16.01,18.49,15.87,17.11,57698467,978902336.00
2024/09/25,16.55,17.67,16.55,17.05,49450236,849356544.00
2024/09/26,17.01,17.45,16.80,17.35,36325898,624767488.00
2024/09/27,17.48,18.50,17.29,18.21,47301398,847783872.00
2024/09/30,19.15,21.74,18.45,21.65,63727144,1275395584.00
2024/10/08,25.98,25.98,23.83,25.98,53900885,1378746240.00
2024/10/09,24.70,31.00,24.13,26.34,79134905,2185293824.00
2024/10/10,26.90,29.69,22.61,26.98,64005898,1721706496.00
2024/10/11,25.94,29.00,25.40,28.07,60066403,1665473792.00
2024/10/14,27.95,30.90,24.60,30.17,75516808,2109467776.00
2024/10/15,28.89,35.98,28.86,30.90,87404131,2820502784.00
2024/10/16,30.90,33.15,28.60,29.21,71175076,2197613568.00
2024/10/17,28.50,29.80,27.60,28.09,58707050,1680876928.00
2024/10/18,28.29,33.70,27.91,32.40,82192812,2517020672.00
2024/10/21,32.00,35.53,31.27,32.26,88544207,2893437696.00
2024/10/22,31.63,33.86,31.10,31.61,62186301,2027226880.00
2024/10/23,30.66,31.49,29.75,30.01,46551591,1419909504.00
2024/10/24,29.30,29.92,28.86,29.30,28205815,825552768.00
2024/10/25,29.84,30.18,28.50,28.69,31704810,917436288.00
2024/10/28,28.41,29.50,28.41,29.40,28199200,817863232.00
2024/10/29,29.15,30.77,28.96,29.01,41164400,1224648192.00
2024/10/30,28.21,29.99,27.85,29.66,33558302,975692416.00
2024/10/31,29.51,32.20,28.80,31.25,54360425,1688030208.00
2024/11/01,32.50,33.84,29.18,29.26,53912873,1711770880.00
2024/11/04,28.51,31.04,26.50,30.05,34922150,1023005504.00
2024/11/05,29.58,32.98,29.43,32.24,51222820,1602055168.00
2024/11/06,32.31,33.54,31.08,32.00,53108476,1710584192.00
2024/11/07,31.50,32.87,30.97,31.62,35781699,1135207040.00
2024/11/08,32.00,34.50,31.59,32.89,53382282,1756247552.00
2024/11/11,34.00,39.25,33.08,35.38,62960527,2241337856.00
2024/11/12,34.28,35.40,32.68,33.46,42971689,1465031424.00
2024/11/13,33.03,33.42,31.70,32.49,26063183,848932288.00
2024/11/14,32.60,32.99,30.39,30.60,24868933,785919744.00
2024/11/15,30.32,31.31,28.82,28.85,24613320,742105792.00
2024/11/18,28.58,29.18,26.33,26.81,26224301,716181120.00
2024/11/19,27.00,28.24,26.76,28.22,21628861,593344576.00
2024/11/20,27.94,29.02,27.68,28.91,23985701,682590144.00
2024/11/21,28.60,29.06,27.73,28.21,21012300,599767040.00
2024/11/22,28.29,28.61,26.50,26.51,20568400,569125248.00
2024/11/25,27.00,27.22,26.08,27.20,16707200,443754752.00
2024/11/26,27.00,27.53,26.40,26.43,13680229,368881888.00
2024/11/27,26.25,27.00,25.48,26.98,16310620,428222976.00
2024/11/28,26.91,27.58,26.50,26.53,17884151,483454016.00
2024/11/29,26.15,27.67,26.03,27.25,19295822,519604800.00
2024/12/02,27.20,28.63,27.10,28.45,22260692,617896320.00
2024/12/03,28.69,29.65,28.30,28.59,30871211,897319936.00
2024/12/04,29.10,29.76,27.61,27.89,22769701,654313792.00
2024/12/05,27.21,28.33,27.20,28.01,14549566,406586272.00
2024/12/06,27.75,28.29,27.31,27.87,15071829,418567584.00
2024/12/09,27.78,27.90,26.90,27.00,12911437,352331168.00
2024/12/10,28.10,28.77,27.61,27.95,23569497,664668864.00
2024/12/11,27.70,28.60,27.51,28.10,14163371,397107776.00
2024/12/12,28.00,28.36,27.60,27.95,12903401,360005824.00
2024/12/13,27.95,27.95,27.07,27.15,14018000,384313120.00
2024/12/16,27.01,27.29,25.88,26.07,13457633,356235584.00
2024/12/17,26.02,26.10,24.80,24.90,12425006,315860832.00
2024/12/18,24.92,25.97,24.59,25.67,12638260,321275616.00
2024/12/19,25.10,25.93,25.05,25.63,8450301,216094384.00
2024/12/20,25.71,26.80,25.38,26.26,14202875,373892800.00
2024/12/23,26.20,26.38,24.89,25.01,11077893,283229280.00
2024/12/24,25.01,25.46,24.43,25.18,9535100,237636192.00
2024/12/25,25.08,25.08,23.99,24.16,9442800,229908032.00
2024/12/26,24.24,24.65,24.19,24.26,6893800,168343552.00
2024/12/27,24.28,24.85,24.02,24.27,8646367,212039520.00
2024/12/30,24.05,24.19,23.40,23.69,8604900,204578064.00
2024/12/31,23.80,23.90,22.70,22.72,8669300,200884608.00
2025/01/02,22.63,22.88,21.70,22.04,10119231,225684320.00
2025/01/03,22.27,22.37,20.90,20.95,9659800,207955136.00
2025/01/06,21.16,21.36,20.42,20.88,7735300,162140768.00
2025/01/07,21.03,21.58,21.03,21.56,7943900,169191408.00
2025/01/08,21.46,21.90,20.87,21.72,10423300,223990816.00
2025/01/09,21.50,22.05,21.50,21.82,7969300,174680320.00
2025/01/10,21.78,22.28,21.16,21.16,8675300,189226784.00
2025/01/13,20.80,22.29,20.50,21.96,14870101,320882656.00
2025/01/14,22.00,23.01,21.60,22.95,19593500,441580512.00
2025/01/15,22.88,23.00,22.44,22.54,11389600,258251328.00
2025/01/16,22.99,23.23,22.36,22.58,11106600,252566208.00
2025/01/17,22.40,23.17,22.31,22.78,12543800,285573632.00
2025/01/20,23.00,23.13,22.38,22.47,9367500,212406608.00
2025/01/21,22.64,22.68,22.09,22.39,7146800,159692560.00
2025/01/22,22.17,22.39,21.79,21.93,6648300,146841968.00
2025/01/23,22.50,22.93,21.87,21.89,12562800,283029984.00
2025/01/24,21.99,22.26,21.75,22.24,7684600,169411360.00
2025/01/27,22.31,22.52,21.36,21.36,6790200,148209696.00
2025/02/05,21.67,22.20,21.63,21.94,7531600,165530592.00
2025/02/06,21.91,23.10,21.74,23.10,14468400,328985120.00
2025/02/07,23.18,23.76,22.80,23.27,17050900,397884384.00
2025/02/10,23.28,23.84,23.16,23.67,12768400,299620800.00
2025/02/11,23.60,23.60,23.12,23.15,9219300,214477664.00
2025/02/12,23.15,24.09,23.01,24.09,16115001,381294368.00
2025/02/13,24.00,24.00,23.32,23.35,13614303,320625536.00
2025/02/14,23.20,23.42,22.93,23.18,9300200,214979120.00
2025/02/17,23.19,23.69,23.12,23.52,10947961,256083296.00
2025/02/18,23.49,23.78,22.52,22.59,13507900,313316864.00
2025/02/19,22.52,23.50,22.52,23.45,13997561,325317824.00
2025/02/20,23.49,23.60,23.12,23.40,10148361,237176176.00
2025/02/21,23.33,24.05,23.07,23.96,17311784,411106528.00
2025/02/24,24.05,24.55,23.81,24.07,17407800,420944512.00
2025/02/25,23.77,28.88,23.58,26.87,63355571,1697903104.00
2025/02/26,26.86,27.47,26.07,27.14,48425874,1292374144.00
2025/02/27,27.14,28.34,25.75,27.75,53004536,1436513152.00
2025/02/28,27.20,28.80,26.51,26.76,42473511,1180835712.00
2025/03/03,26.29,27.86,25.33,27.60,34147472,920563456.00
2025/03/04,26.90,28.79,26.79,28.64,42162368,1181776128.00
2025/03/05,28.20,29.52,26.92,27.22,36135387,1015288128.00
2025/03/06,27.22,28.98,26.90,28.18,36282201,1011877888.00
2025/03/07,27.72,27.96,26.70,26.70,25380458,695277824.00
2025/03/10,27.30,28.40,26.68,27.26,22021645,607642496.00
2025/03/11,26.20,26.70,25.92,26.43,19827205,522662528.00
2025/03/12,26.46,26.66,26.02,26.08,14783120,389618976.00
2025/03/13,26.03,26.22,24.69,24.86,16137503,405863296.00
2025/03/14,24.80,25.49,24.61,25.32,11913275,299287040.00
2025/03/17,25.17,25.68,25.08,25.36,8581329,217940832.00
2025/03/18,25.50,25.63,25.10,25.36,8784200,222600752.00
2025/03/19,25.25,25.36,24.77,24.97,8545300,213537392.00
2025/03/20,24.85,25.66,24.80,24.90,9892800,249511568.00
2025/03/21,24.89,25.33,24.40,25.08,11564114,289333760.00
2025/03/24,24.91,24.93,23.00,23.63,14412307,343446944.00
2025/03/25,23.50,23.62,22.68,22.71,8976900,207807024.00
2025/03/26,22.24,23.20,22.24,22.81,7487637,171365120.00
2025/03/27,22.65,25.00,22.38,24.00,20856011,496811872.00
2025/03/28,24.33,25.22,23.76,23.82,18708964,459962784.00
2025/03/31,23.40,24.56,23.26,23.36,13876800,332228768.00
2025/04/01,23.23,24.25,23.10,24.00,13055262,310154176.00
2025/04/02,24.10,24.80,23.32,23.32,11242300,267705776.00
2025/04/03,23.01,23.48,22.41,22.66,8500500,194388992.00
2025/04/07,20.80,21.40,18.24,18.75,17065340,337243744.00
2025/04/08,18.90,20.10,18.81,19.33,12356059,239901120.00
2025/04/09,19.00,20.85,17.65,20.70,20254240,400742656.00
2025/04/10,21.05,21.68,20.95,21.02,14348200,305470432.00
2025/04/11,20.80,22.10,20.78,21.64,14794856,319176992.00
2025/04/14,21.83,22.31,21.61,21.74,10151100,221913136.00
2025/04/15,21.60,21.95,21.40,21.56,6989675,151064176.00
2025/04/16,21.50,21.80,20.68,20.96,7378900,156011936.00
2025/04/17,20.80,22.50,20.72,21.30,12669958,274506624.00
2025/04/18,21.21,21.48,20.86,21.05,7179788,151371184.00
2025/04/21,21.05,21.30,20.80,21.30,5375323,113753784.00
2025/04/22,21.29,21.59,20.89,21.04,8587775,181887616.00
2025/04/23,21.05,21.40,21.00,21.24,7288500,154506656.00
2025/04/24,21.15,21.28,20.30,20.31,8890302,184168496.00
2025/04/25,20.31,20.82,19.98,20.39,7499488,152913696.00
2025/04/28,20.31,20.44,19.94,20.00,5428600,109131544.00
2025/04/29,20.01,20.38,19.86,20.25,4633550,93491192.00
2025/04/30,20.28,20.84,20.28,20.66,5574850,115207480.00
2025/05/06,20.96,21.69,20.70,21.69,8600702,184152944.00
2025/05/07,22.07,22.90,21.79,22.12,17406100,389454144.00
2025/05/08,22.13,22.34,21.90,22.31,8639100,191948464.00
2025/05/09,22.19,22.30,21.71,21.77,6364400,139272096.00
2025/05/12,22.01,22.20,21.87,22.00,6219894,136937920.00
2025/05/13,22.37,22.38,21.77,21.83,5871116,129251888.00
2025/05/14,21.94,22.33,21.66,21.83,7210169,157951840.00
2025/05/15,21.60,21.76,21.11,21.12,5646413,120355592.00
2025/05/16,21.02,21.51,21.02,21.16,4081775,86994360.00
2025/05/19,21.32,21.40,20.93,21.34,4634700,98302096.00
2025/05/20,21.34,22.09,21.15,22.06,10343395,225875872.00
2025/05/21,21.86,22.00,21.47,21.69,7286301,158137152.00
2025/05/22,21.55,22.02,21.10,21.16,6591900,141398016.00
2025/05/23,21.08,21.83,21.01,21.26,9239401,198081232.00
2025/05/26,21.16,21.99,21.15,21.93,10077394,218117024.00
2025/05/27,21.75,22.58,21.63,22.14,17192900,382725152.00
2025/05/28,21.91,22.14,21.33,21.34,10415600,225153184.00
2025/05/29,21.40,22.09,21.28,21.98,10730500,233835168.00
2025/05/30,21.77,21.80,20.76,20.80,12016563,253961328.00
2025/06/03,20.58,20.97,20.48,20.58,5395200,111738984.00
2025/06/04,20.57,20.76,20.41,20.66,4991000,102859344.00
2025/06/05,20.64,21.04,20.28,20.88,7447412,154195136.00
2025/06/06,20.78,20.96,20.50,20.56,5183200,107227432.00
2025/06/09,20.65,21.05,20.62,21.01,5861800,122430904.00
2025/06/10,21.00,21.01,20.02,20.36,7477600,153174544.00
2025/06/11,20.35,20.78,20.33,20.52,5043700,103969832.00
2025/06/12,20.55,20.58,20.12,20.17,5365700,108809776.00
2025/06/13,20.05,20.19,19.58,19.58,6501400,128692696.00
2025/06/16,19.58,20.01,19.51,19.90,4157400,82589344.00
2025/06/17,19.84,20.23,19.81,20.10,4882800,97840400.00
2025/06/18,20.00,20.18,19.86,20.12,4372100,87595504.00
2025/06/19,20.00,20.25,19.60,19.64,4980000,99006200.00
2025/06/20,19.63,20.76,19.60,19.86,10982377,222129376.00
2025/06/23,19.51,20.65,19.50,20.45,11492377,233701856.00
2025/06/24,20.59,20.94,20.39,20.74,8825176,182921408.00
2025/06/25,20.74,21.25,20.57,21.20,12069600,253219296.00
2025/06/26,21.20,21.63,21.00,21.01,10254800,217732464.00
2025/06/27,21.08,21.23,20.86,20.95,6883600,144645056.00
2025/06/30,22.01,25.14,21.86,25.14,36543894,888352256.00
2025/07/01,26.01,30.17,26.00,28.81,105660712,2992272640.00
2025/07/02,27.12,28.35,26.20,26.25,73198948,1989555968.00
2025/07/03,26.01,26.67,25.43,25.79,49331792,1280448384.00
2025/07/04,25.26,25.60,24.20,24.53,42348634,1041892992.00
2025/07/07,24.72,25.03,24.31,24.88,30540718,754357568.00
2025/07/08,24.88,25.13,24.46,24.82,33284800,825882880.00
2025/07/09,24.68,24.96,23.91,24.01,33246826,810820480.00
2025/07/10,23.85,24.30,23.67,24.10,21449001,513224128.00
2025/07/11,24.10,24.39,23.64,24.26,19663500,473809920.00
2025/07/14,24.25,24.48,23.91,24.20,15494819,375131488.00
2025/07/15,24.20,24.38,23.68,23.93,15593900,374028992.00
2025/07/16,23.81,24.29,23.80,23.96,12610819,303266176.00
2025/07/17,23.85,24.99,23.81,24.89,31681800,777939840.00
2025/07/18,24.80,25.88,24.20,25.73,43051316,1073301312.00
2025/07/21,25.12,25.47,25.05,25.19,25951425,654776064.00
2025/07/22,25.00,26.03,24.91,25.51,34449534,880665664.00
2025/07/23,25.06,25.65,24.51,24.79,26743059,670743168.00
2025/07/24,24.70,26.59,24.68,25.58,38004415,976899328.00
2025/07/25,25.89,28.00,25.30,27.01,55125700,1456095872.00
2025/07/28,26.40,26.99,26.12,26.62,33518499,888453248.00
2025/07/29,26.30,27.94,26.00,26.00,42890203,1155624576.00
2025/07/30,25.60,27.31,24.71,26.94,42475480,1107809792.00
2025/07/31,26.35,26.62,25.50,25.70,29561700,772016640.00
2025/08/01,25.50,25.99,25.20,25.34,15588600,398211616.00
2025/08/04,24.95,25.78,24.88,25.67,13796100,351386336.00
2025/08/05,25.50,27.18,25.50,26.64,35739765,949116096.00
2025/08/06,26.30,27.83,26.20,27.20,39266241,1060341824.00
2025/08/07,27.69,28.10,27.16,27.46,44668784,1231242496.00
2025/08/08,27.19,27.74,26.50,26.61,26515202,712062016.00
2025/08/11,26.22,26.78,26.22,26.51,18611372,493151008.00
2025/08/12,26.41,27.45,26.16,26.89,30769321,822802112.00
2025/08/13,26.60,27.64,26.50,26.91,27862893,753451008.00
2025/08/14,26.91,27.46,25.56,25.58,26712746,703282048.00
2025/08/15,25.26,26.50,25.26,26.41,21002348,548477376.00
2025/08/18,26.91,27.41,26.53,27.10,28820615,778370560.00
2025/08/19,27.07,27.30,26.70,26.80,20377940,548798272.00
2025/08/20,26.56,27.16,25.87,26.96,23026494,610433024.00
2025/08/21,26.90,27.11,25.87,26.03,20659837,543635776.00
2025/08/22,26.23,27.31,26.08,26.96,29886452,800338560.00
2025/08/25,27.10,27.85,26.75,27.60,36164656,990057408.00
2025/08/26,27.50,27.60,26.97,27.21,20815100,568654784.00
2025/08/27,27.09,27.36,25.51,25.58,27559050,735264448.00
2025/08/28,25.64,29.50,25.64,27.75,60733111,1694521344.00
2025/08/29,26.71,26.98,24.60,25.13,51745051,1319172864.00
2025/09/01,24.86,25.37,24.70,24.80,19222857,478379904.00
2025/09/02,24.92,25.49,23.90,24.25,18744066,462297632.00
2025/09/03,24.00,25.05,23.43,24.11,18250900,443068480.00
2025/09/04,23.90,24.15,22.41,22.92,16367683,381827936.00
2025/09/05,22.99,23.57,22.79,23.53,10094300,234948240.00
2025/09/08,23.35,24.07,23.30,23.92,9764100,231881744.00
2025/09/09,23.77,23.77,23.15,23.33,8000619,187621072.00
2025/09/10,23.40,23.61,23.23,23.25,6357100,148691456.00
2025/09/11,23.26,23.83,22.98,23.78,10956989,258308752.00
2025/09/12,23.65,24.28,23.51,23.90,12814600,307507936.00
2025/09/15,24.08,24.20,23.65,23.69,8193100,195243504.00
2025/09/16,23.74,23.99,23.52,23.96,7732000,183966096.00
2025/09/17,24.53,25.85,24.51,24.91,29126918,737069312.00
2025/09/18,24.50,25.70,24.32,24.72,28916640,724912832.00
2025/09/19,24.40,25.99,24.21,25.49,33930739,861236480.00
2025/09/22,25.20,26.35,24.70,26.20,32319422,829015616.00
2025/09/23,25.85,26.60,24.71,26.47,28856108,737977472.00
2025/09/24,26.63,29.00,26.11,27.00,56137464,1538879872.00
2025/09/25,26.32,26.68,25.66,25.75,35481200,922060864.00
2025/09/26,25.36,25.66,24.55,24.56,20871700,521690144.00
2025/09/29,24.79,24.92,24.23,24.39,13018000,318555264.00
2025/09/30,24.59,25.26,24.59,25.04,15968600,398658720.00
2025/10/09,24.91,25.29,24.62,25.03,15177700,378866112.00
2025/10/10,25.00,26.09,24.35,25.83,27491000,694489024.00
2025/10/13,25.00,27.08,24.81,27.07,38092784,1010029312.00
2025/10/14,27.10,27.10,25.85,25.87,26912799,706647488.00
2025/10/15,25.75,25.75,24.81,25.27,16029324,402905952.00
2025/10/16,25.12,25.42,24.50,24.70,13214982,328355232.00
2025/10/17,24.70,24.78,23.10,23.25,13159000,314352256.00
2025/10/20,23.41,23.68,23.12,23.37,6853150,160487504.00
2025/10/21,23.50,23.93,23.18,23.72,7817839,185278704.00
2025/10/22,23.72,24.26,23.41,23.84,8206350,196347856.00
2025/10/23,23.35,23.59,22.79,23.03,9943900,228884096.00
2025/10/24,23.13,23.25,23.01,23.17,7513200,173807424.00
2025/10/27,23.70,24.21,23.51,23.60,9375600,223151760.00
2025/10/28,23.30,23.82,23.28,23.55,6696800,157889248.00
2025/10/29,23.55,23.61,23.16,23.50,6853600,160241408.00
2025/10/30,23.47,23.47,22.89,22.90,8284500,191174928.00
2025/10/31,22.90,23.25,22.71,23.14,5325880,122855840.00
2025/11/03,23.10,23.35,22.73,23.28,7264280,167068848.00
2025/11/04,23.30,23.31,22.85,22.93,4551500,104708704.00
2025/11/05,22.70,22.92,22.60,22.75,4882500,111168072.00
2025/11/06,22.75,22.93,22.53,22.80,4487800,102062848.00
2025/11/07,22.72,22.72,22.11,22.13,7763400,173483088.00
2025/11/10,22.09,22.34,22.08,22.30,4023900,89318264.00
2025/11/11,22.35,22.70,22.15,22.53,6353304,142717152.00
2025/11/12,22.40,22.41,22.00,22.06,4926904,108967720.00
2025/11/13,21.98,22.17,21.83,21.97,4915000,108005056.00
2025/11/14,21.89,22.16,21.60,21.72,4762900,104277576.00
2025/11/17,21.88,22.28,21.88,22.09,3972500,87650288.00
2025/11/18,22.06,22.51,21.86,22.32,6538880,145909552.00
2025/11/19,22.10,22.72,22.07,22.56,6997100,157159200.00
2025/11/20,22.61,23.69,22.12,23.11,12513134,287160640.00
2025/11/21,22.70,23.24,22.22,22.60,10266400,233788784.00
2025/11/24,22.59,23.09,22.38,23.08,9173000,209586576.00
2025/11/25,22.86,23.13,22.85,22.90,8437700,193968544.00
2025/11/26,22.70,23.69,22.41,23.10,11294100,260514832.00
2025/11/27,22.70,23.20,22.70,22.73,6793800,155464368.00
2025/11/28,22.74,22.85,22.54,22.56,4544400,103001928.00
2025/12/01,22.50,23.44,22.17,23.10,12669100,288168160.00
2025/12/02,22.86,22.97,22.55,22.58,6166456,140213456.00
2025/12/03,22.57,22.58,22.01,22.09,5466800,121228072.00
2025/12/04,21.91,22.15,21.82,21.90,2983400,65487040.00
2025/12/05,21.90,22.19,21.68,22.14,3736800,82142768.00
2025/12/08,22.10,22.45,22.05,22.26,4159500,92817112.00
2025/12/09,22.33,22.48,21.88,21.90,4270700,94660752.00
2025/12/10,21.96,22.14,21.84,22.11,3734500,82072864.00
2025/12/11,22.00,22.11,21.20,21.28,5566094,120442568.00
2025/12/12,21.43,21.70,21.20,21.52,3832901,82291512.00
2025/12/15,21.41,22.13,21.28,21.57,4541201,98724824.00
2025/12/16,21.40,21.60,20.87,21.23,5694084,120497112.00
2025/12/17,21.18,21.29,20.50,20.97,5440580,113176472.00
2025/12/18,22.70,23.23,21.50,21.52,14253950,317768288.00
2025/12/19,21.16,21.48,20.90,21.15,8167100,172861168.00
2025/12/22,21.10,21.66,21.02,21.54,5699200,122294144.00
2025/12/23,21.45,21.90,21.40,21.45,6179100,133894608.00
2025/12/24,21.50,21.74,21.30,21.60,4559900,98217080.00
2025/12/25,21.78,21.97,21.43,21.85,6536800,141835568.00
2025/12/26,21.77,21.82,21.40,21.42,5657400,122008904.00
2025/12/29,21.35,21.51,21.22,21.26,3665300,78212576.00
2025/12/30,21.26,21.34,21.06,21.18,3690500,78302568.00
2025/12/31,21.28,21.36,21.06,21.12,4430601,93819696.00
2026/01/05,21.13,21.50,21.06,21.50,6013656,128634648.00
2026/01/06,21.49,21.97,21.40,21.88,8291760,180865200.00
2026/01/07,21.98,22.92,21.96,22.66,20172600,454741952.00
2026/01/08,22.41,23.00,22.31,22.47,11517500,259889136.00
2026/01/09,22.41,22.73,22.30,22.64,9867900,222847936.00
2026/01/12,22.55,23.17,22.55,22.99,14073075,322360256.00
2026/01/13,23.02,23.08,22.10,22.18,10817300,244011600.00
2026/01/14,22.16,22.97,22.16,22.48,11164328,251816304.00
2026/01/15,22.24,23.33,22.24,23.23,17459125,400874176.00
2026/01/16,23.38,23.40,22.70,22.76,12576500,287878848.00
2026/01/19,22.92,22.92,22.50,22.53,7478400,169031040.00
2026/01/20,22.50,22.73,22.27,22.48,6961100,156295808.00
2026/01/21,22.31,22.90,21.97,22.68,9840204,221893824.00
2026/01/22,22.70,22.73,22.20,22.27,8494150,189784512.00
2026/01/23,22.27,22.67,22.27,22.64,7909149,177928496.00
2026/01/26,22.50,22.55,21.47,21.69,11069649,242647328.00
2026/01/27,21.60,22.23,20.96,22.11,9810711,212643472.00
2026/01/28,21.90,24.45,21.51,23.54,27810459,641696704.00
2026/01/29,22.79,23.09,22.48,22.64,16574900,377061248.00
2026/01/30,21.57,22.01,20.90,21.01,14543646,309346944.00
2026/02/02,20.66,20.98,20.55,20.57,5458013,113027080.00
2026/02/03,20.70,20.86,20.56,20.80,4432700,91905008.00
2026/02/04,20.67,20.85,20.62,20.78,3641300,75467344.00
2026/02/05,20.70,20.74,20.36,20.37,4433181,90834896.00
2026/02/06,20.35,20.52,20.18,20.33,3189732,64978232.00
2026/02/09,20.51,20.75,20.47,20.72,3611343,74674768.00
2026/02/10,20.70,20.94,20.64,20.71,3175800,65939936.00
2026/02/11,20.75,20.78,20.50,20.50,2667800,55095656.00
2026/02/12,20.58,20.68,20.31,20.31,3418900,70059960.00
2026/02/13,20.30,20.57,20.22,20.22,3101900,63252112.00
2026/02/24,20.45,20.63,20.22,20.54,3005900,61534144.00
2026/02/25,20.69,20.83,20.45,20.75,3702714,76591576.00
2026/02/26,20.78,20.86,20.48,20.67,4057300,83734800.00
2026/02/27,20.53,20.81,20.40,20.67,3946200,81132256.00
2026/03/02,20.30,20.44,19.66,19.70,6657713,132736624.00
2026/03/03,19.83,20.14,19.13,19.15,5276100,103450128.00
2026/03/04,19.10,19.25,18.83,18.86,3357200,63851960.00
2026/03/05,19.11,19.56,19.10,19.22,4215000,81489000.00
2026/03/06,19.21,19.28,19.11,19.24,2448400,47077000.00
2026/03/09,18.98,18.98,18.27,18.79,5279558,98191248.00
2026/03/10,18.95,19.33,18.95,19.28,3692300,70947592.00
2026/03/11,19.28,19.79,19.07,19.08,3683000,71260840.00
2026/03/12,19.00,19.08,18.70,18.77,3094600,58367500.00
2026/03/13,18.70,18.95,18.38,18.47,3188100,59536920.00
2026/03/16,18.47,18.72,18.22,18.72,2996200,55368148.00
2026/03/17,18.78,18.79,18.02,18.03,4474300,82245432.00
2026/03/18,18.05,18.38,17.95,18.33,3625800,65893472.00
2026/03/19,18.08,18.23,17.80,17.86,3404800,61242464.00
2026/03/20,17.93,18.15,17.34,17.37,4021600,71288176.00
2026/03/23,17.00,17.28,16.31,16.41,6070500,101875544.00
2026/03/24,16.84,16.95,16.37,16.86,4294071,71521496.00
2026/03/25,16.90,17.20,16.89,17.12,3409400,58326096.00
2026/03/26,17.06,17.21,16.54,16.61,3506900,58938948.00
2026/03/27,16.47,17.15,16.40,17.03,3649396,61775336.00
2026/03/30,16.80,17.11,16.71,16.98,2574500,43475460.00
2026/03/31,16.97,17.13,16.61,16.61,3037200,51174396.00
2026/04/01,16.89,17.15,16.76,17.05,3878100,65845520.00
2026/04/02,17.00,17.08,16.53,16.62,2860900,47813100.00
2026/04/03,16.73,18.95,16.60,18.02,19070600,345162208.00
2026/04/07,17.84,18.77,17.71,18.55,14477600,266578768.00
2026/04/08,18.56,18.73,18.10,18.69,14074000,260523200.00
2026/04/09,18.37,19.58,18.31,19.11,17813800,342105408.00
2026/04/10,18.82,19.21,18.82,18.84,10550700,199990416.00
2026/04/13,18.58,18.88,18.19,18.32,8669067,159032384.00
2026/04/14,18.30,18.56,18.30,18.44,5708200,105023624.00
2026/04/15,18.43,18.51,18.02,18.06,6244102,113603632.00
2026/04/16,18.05,18.20,17.86,18.12,5557900,100076528.00
2026/04/17,18.04,18.66,18.00,18.31,6646900,121886864.00
2026/04/20,18.13,18.75,18.11,18.54,6945300,127819088.00
2026/04/21,18.50,18.70,18.30,18.48,6069700,112063880.00
2026/04/22,18.35,18.53,18.02,18.25,5119900,93291576.00
2026/04/23,18.50,18.51,17.97,18.07,5829700,106198800.00
2026/04/24,18.07,18.62,17.76,17.76,7683400,139610528.00
2026/04/27,17.54,18.02,17.50,17.79,6108200,109140840.00
2026/04/28,18.35,19.25,18.22,18.50,13493775,253169040.00
2026/04/29,18.89,18.89,18.05,18.21,7647408,139640240.00
2026/04/30,18.21,18.85,18.21,18.62,8824100,164317600.00
2026/05/06,18.80,19.20,18.59,18.96,9356500,177245376.00
2026/05/07,19.00,19.44,18.75,19.36,9438100,181797680.00
2026/05/08,19.19,19.23,18.97,19.12,6799745,129802200.00
2026/05/11,19.29,19.76,19.16,19.65,10081600,197115312.00
2026/05/12,19.51,19.97,19.31,19.50,8807445,172765376.00
2026/05/13,19.13,19.67,19.13,19.51,7273345,141464960.00
2026/05/14,19.52,20.33,19.27,19.74,14474038,287403328.00
2026/05/15,19.48,20.48,19.45,20.12,14703737,295744864.00
2026/05/18,19.94,20.37,19.55,20.15,12186600,242687696.00
2026/05/19,19.93,20.44,19.78,20.40,11487700,232284848.00
2026/05/20,20.32,21.40,19.93,21.22,24392440,509969408.00
2026/05/21,20.88,21.01,19.72,19.85,19024810,390822144.00
2026/05/22,19.74,20.21,19.61,19.67,11945884,236954320.00
2026/05/25,19.55,20.59,19.29,20.36,14502563,289650752.00
2026/05/26,20.00,20.16,19.08,19.37,11780900,229761600.00
2026/05/27,19.21,19.43,18.25,18.40,9971227,186334224.00
2026/05/28,18.40,18.95,18.28,18.79,7899000,147631952.00
2026/05/29,18.71,18.87,17.23,17.41,9601800,171030320.00
2026/06/01,17.30,17.92,17.06,17.46,4893600,86100064.00
2026/06/02,17.57,17.72,17.04,17.30,4286700,74194656.00
2026/06/03,17.29,17.77,17.03,17.22,4899700,85330144.00
2026/06/04,17.01,17.91,17.01,17.58,8116900,142917424.00
2026/06/05,17.46,18.30,16.95,18.01,10254333,182458336.00
2026/06/08,17.70,18.03,17.01,17.30,7536233,131999264.00
2026/06/09,17.42,17.97,17.40,17.78,6588900,117084648.00
2026/06/10,17.65,18.15,17.26,17.75,6363900,112283584.00
2026/06/11,17.51,18.02,17.50,17.76,7828900,139421920.00
2026/06/12,18.02,18.60,17.39,17.44,9949200,178519168.00
2026/06/15,17.16,17.87,17.14,17.81,7232067,127352536.00
2026/06/16,17.77,18.00,17.50,17.89,6303800,111878536.00
2026/06/17,17.70,17.75,17.32,17.70,6164700,108374328.00
2026/06/18,17.48,18.42,16.97,17.80,12063084,212654112.00
2026/06/22,17.95,18.50,17.47,18.25,12147897,219353952.00
2026/06/23,18.26,19.20,18.19,18.74,14165766,266287584.00
2026/06/24,18.52,19.38,18.43,19.37,16310600,309368160.00
2026/06/25,19.01,19.22,17.92,17.96,13940000,258190272.00
2026/06/26,17.80,20.68,17.65,19.20,24106739,471110848.00
2026/06/29,19.27,20.33,18.60,20.08,24713860,483263488.00
2026/06/30,19.70,20.40,19.56,20.35,21517863,432386464.00
2026/07/01,20.02,20.40,19.58,19.66,15474000,308224608.00
2026/07/02,19.15,19.81,18.71,19.45,10918750,211686528.00
2026/07/03,19.28,19.45,18.63,18.64,10221300,193166960.00
2026/07/06,18.63,18.82,17.68,17.99,9245899,167773328.00
2026/07/07,17.90,18.09,17.45,18.03,8159300,145320352.00
2026/07/08,18.00,18.79,16.96,17.90,11000900,195506304.00
2026/07/09,17.70,18.08,17.37,17.97,7442300,132315824.00
2026/07/10,17.90,18.60,17.80,17.90,9107093,165820464.00
2026/07/13,17.40,17.66,16.44,16.52,8100600,138225824.00
2026/07/14,16.75,16.84,15.10,15.73,7757208,122475544.00
2026/07/15,15.70,15.87,15.12,15.79,6144400,95139016.00
2026/07/16,15.61,15.87,15.23,15.24,5415600,84104848.00
2026/07/17,15.26,15.50,14.21,14.27,6685301,99576224.00
2026/07/20,14.26,14.63,13.42,13.77,6293800,88309248.00
2026/07/21,13.64,14.22,12.92,14.17,6918200,95028552.00
2026/07/22,14.04,14.23,13.84,13.90,4299600,60253528.00
2026/07/23,13.88,14.06,13.63,13.99,3349000,46501060.00
2026/07/24,13.87,14.14,13.72,13.79,3546900,49376720.00
2026/07/27,13.79,14.60,13.67,14.44,5656800,80668528.00
2026/07/28,16.20,17.33,15.71,16.95,30633498,519569184.00
2026/07/29,15.82,16.21,14.93,15.08,25914567,400857504.00
2026/07/30,14.81,15.97,14.67,15.46,18609587,285103360.00
2026/07/31,15.29,16.36,15.21,15.52,16589767,261703056.00
2026/08/03,15.23,15.36,15.01,15.30,10549900,160356288.00
2026/08/04,15.44,15.80,15.22,15.77,9821015,153046848.00
2026/08/05,15.70,16.30,15.57,16.21,12480543,200497456.00
2026/08/06,15.94,16.31,15.86,16.10,9491000,152691488.00
2026/08/07,16.06,16.19,15.66,15.93,6931100,110115424.00
2026/08/10,15.92,16.27,15.70,16.27,6967800,111804736.00
2026/08/11,16.22,16.35,16.05,16.17,6144948,99604864.00
2026/08/12,16.12,16.65,16.12,16.55,7136300,117972016.00
2026/08/13,16.47,16.62,16.05,16.06,6861400,112084032.00
2026/08/14,16.05,16.25,15.87,16.13,4510100,72370096.00
2026/08/17,16.14,16.36,15.92,16.32,4047099,65649212.00
2026/08/18,16.25,16.41,15.95,16.05,4511103,72757200.00
2026/08/19,16.06,16.06,15.48,15.49,4911300,76942872.00
2026/08/20,15.68,15.78,15.44,15.59,2893700,45226760.00
2026/08/21,15.54,15.69,15.29,15.63,2847114,44283272.00
2026/08/24,15.75,15.92,15.42,15.70,3461900,53975544.00
2026/08/25,15.55,15.88,15.31,15.80,3273903,51210636.00
2026/08/26,15.79,16.16,15.78,15.95,4118903,65788756.00
2026/08/27,16.10,16.33,15.83,16.19,5526517,89281544.00
2026/08/28,15.88,16.10,15.44,15.44,7052087,110006832.00
2026/08/31,15.38,15.48,15.25,15.41,3497100,53701700.00
2026/09/01,15.38,15.43,15.15,15.24,3497831,53413584.00
2026/09/02,15.26,15.26,14.95,15.08,2459400,37142052.00
2026/09/03,15.10,15.20,14.92,14.98,2586300,38900080.00
2026/09/04,15.00,15.22,14.65,14.75,3732200,55790528.00
2026/09/07,14.85,14.93,14.72,14.87,2016300,29944048.00
2026/09/08,14.86,15.05,14.79,14.90,2601600,38770456.00
2026/09/09,14.98,15.06,14.67,14.70,3026400,44867968.00
2026/09/10,14.64,14.64,14.40,14.43,2895621,41947852.00
2026/09/11,14.42,14.50,13.98,14.17,2836800,40139832.00
2026/09/14,14.35,14.35,14.07,14.14,1694100,24012472.00
#数据来源:通达信
