300858 科拓生物 日线 前复权
      日期	    开盘	    最高	    最低	    收盘	    成交量	    成交额
2021/08/02,21.89,22.17,21.35,21.85,1115177,37838316.00
2021/08/03,22.27,23.40,22.07,22.45,1304677,46378024.00
2021/08/04,22.41,22.91,22.00,22.17,889446,30921188.00
2021/08/05,21.81,24.23,21.81,23.80,1896573,68679128.00
2021/08/06,23.27,24.99,23.20,24.76,2363191,89356064.00
2021/08/09,25.19,25.19,23.34,23.67,2165780,80554512.00
2021/08/10,23.40,23.47,22.47,22.69,1581740,56520964.00
2021/08/11,22.67,23.00,22.11,22.79,1253340,44095184.00
2021/08/12,22.73,22.87,22.10,22.37,868920,30407136.00
2021/08/13,22.33,22.71,22.07,22.39,532003,18637832.00
2021/08/16,22.29,22.61,22.11,22.13,1019760,35394240.00
2021/08/17,22.11,22.76,22.02,22.16,795980,27732362.00
2021/08/18,22.07,22.10,20.47,21.21,1115820,37194740.00
2021/08/19,21.12,21.51,20.97,21.00,1246802,41164468.00
2021/08/20,21.30,22.06,20.72,21.39,910220,30643238.00
2021/08/23,21.21,21.87,21.21,21.52,608740,20510852.00
2021/08/24,21.53,22.63,21.53,22.53,1108700,38651796.00
2021/08/25,22.53,22.53,22.03,22.24,639660,22243404.00
2021/08/26,22.23,22.65,21.92,22.61,654720,22785280.00
2021/08/27,22.53,22.91,21.97,22.01,600280,20960756.00
2021/08/30,21.91,22.36,21.28,21.35,691373,23263872.00
2021/08/31,21.59,21.64,21.11,21.20,497364,16622522.00
2021/09/01,21.23,21.33,20.15,20.55,982161,31503994.00
2021/09/02,20.99,20.99,20.20,20.37,526963,16815876.00
2021/09/03,20.43,20.89,20.40,20.69,462960,14979199.00
2021/09/06,20.73,21.40,20.49,21.27,577672,19089776.00
2021/09/07,21.20,21.97,21.12,21.73,806912,27393328.00
2021/09/08,21.60,21.91,21.20,21.32,469020,15751277.00
2021/09/09,21.39,21.57,20.54,20.57,695660,22609856.00
2021/09/10,20.78,20.87,20.42,20.57,423692,13658398.00
2021/09/13,20.61,20.78,20.32,20.43,484800,15511444.00
2021/09/14,20.45,20.52,20.07,20.18,451472,14399667.00
2021/09/15,20.21,20.21,18.60,18.78,1636040,49484128.00
2021/09/16,18.78,19.05,17.68,17.97,2752332,79018408.00
2021/09/17,18.03,18.10,16.60,16.80,3222571,86294912.00
2021/09/22,16.77,17.45,16.51,17.13,1573420,42503184.00
2021/09/23,17.26,17.31,17.01,17.15,762860,20662288.00
2021/09/24,17.21,18.56,16.91,17.69,2033232,56994808.00
2021/09/27,17.37,18.60,17.32,18.33,2039867,58212240.00
2021/09/28,18.14,18.18,17.47,17.51,1116376,31115208.00
2021/09/29,17.52,17.52,16.47,16.49,1429240,38229320.00
2021/09/30,16.66,17.70,16.49,17.57,1305980,35680264.00
2021/10/08,17.56,17.84,17.32,17.72,768240,21441940.00
2021/10/11,17.77,18.18,17.47,17.57,847191,23791478.00
2021/10/12,17.69,17.77,17.14,17.40,818447,22491552.00
2021/10/13,17.45,18.19,17.17,17.57,1368460,38259064.00
2021/10/14,17.57,17.57,17.00,17.14,1200400,32591250.00
2021/10/15,17.14,17.85,17.01,17.31,1255556,34680036.00
2021/10/18,17.31,17.31,16.57,16.73,969096,25715164.00
2021/10/19,16.73,16.85,16.53,16.58,1250656,33011876.00
2021/10/20,16.71,16.71,16.07,16.27,1013960,26214996.00
2021/10/21,16.26,16.60,16.03,16.59,987320,25667764.00
2021/10/22,16.61,17.27,16.41,16.73,1015860,27033712.00
2021/10/25,16.73,16.83,16.43,16.57,551463,14460347.00
2021/10/26,16.57,16.71,16.00,16.60,1870430,48406572.00
2021/10/27,16.60,16.71,16.27,16.30,623988,16221050.00
2021/10/28,16.60,18.02,16.40,17.90,3844991,106887928.00
2021/10/29,17.81,19.07,17.61,18.82,3749855,109970712.00
2021/11/01,18.81,19.21,18.26,18.89,2164272,63933032.00
2021/11/02,18.96,19.59,18.31,18.60,2293372,68096936.00
2021/11/03,18.64,19.14,18.40,19.05,1513180,44853388.00
2021/11/04,18.98,19.27,18.62,19.13,1479258,44322316.00
2021/11/05,18.93,19.40,18.54,18.64,1194815,35416656.00
2021/11/08,18.70,18.80,18.27,18.47,904640,26405318.00
2021/11/09,18.66,18.89,18.11,18.33,1096840,31853098.00
2021/11/10,18.70,18.71,17.87,18.17,787823,22499508.00
2021/11/11,17.93,18.72,17.93,18.60,978160,28393610.00
2021/11/12,18.59,18.59,17.95,18.27,1337820,38324940.00
2021/11/15,18.40,19.11,18.13,18.67,1784100,52606400.00
2021/11/16,18.65,18.84,18.13,18.41,1376640,39900968.00
2021/11/17,18.27,18.40,17.79,18.07,1546811,43860264.00
2021/11/18,17.97,18.27,17.67,17.67,1453720,41199656.00
2021/11/19,17.58,19.94,17.58,19.73,4097090,121945984.00
2021/11/22,19.93,20.27,19.29,19.67,4085452,126155640.00
2021/11/23,19.64,19.67,18.96,19.10,2799180,84180032.00
2021/11/24,19.14,19.55,18.90,19.49,2558219,77362544.00
2021/11/25,19.38,19.47,18.95,19.17,1733520,52254716.00
2021/11/26,19.17,19.57,18.97,19.34,1549820,46973664.00
2021/11/29,19.07,19.40,18.99,19.09,1214183,36531724.00
2021/11/30,19.21,19.61,19.09,19.20,1870520,56752984.00
2021/12/01,19.23,19.39,19.00,19.31,1414763,42801864.00
2021/12/02,19.31,20.02,19.17,19.86,3096540,95785648.00
2021/12/03,19.86,19.94,19.02,19.23,2498780,76255528.00
2021/12/06,19.05,19.21,18.77,18.79,1235340,36703948.00
2021/12/07,18.79,18.99,18.07,18.17,1569238,45461408.00
2021/12/08,18.17,18.87,18.13,18.47,1406940,41107920.00
2021/12/09,18.34,20.51,18.33,19.84,4825130,150169776.00
2021/12/10,19.68,19.97,19.53,19.78,2107910,65443948.00
2021/12/13,19.80,20.00,19.30,19.44,1820240,55828380.00
2021/12/14,19.39,19.58,19.21,19.28,1221260,37194132.00
2021/12/15,19.28,19.71,19.14,19.44,1558414,47504192.00
2021/12/16,19.31,19.53,18.87,19.07,1586220,47468312.00
2021/12/17,19.05,19.33,18.73,19.09,1163661,34845308.00
2021/12/20,18.99,19.78,18.90,19.13,1763281,53807640.00
2021/12/21,19.16,19.80,19.06,19.47,1516738,46495144.00
2021/12/22,19.67,19.67,19.01,19.05,1504931,45602140.00
2021/12/23,18.98,19.07,18.70,18.87,1158820,34336048.00
2021/12/24,18.93,20.39,18.85,20.35,5497477,172182144.00
2021/12/27,20.31,22.89,19.87,22.29,7288435,242250448.00
2021/12/28,22.01,22.64,21.50,22.15,3863800,133273256.00
2021/12/29,22.15,22.15,21.24,21.31,3240080,109801976.00
2021/12/30,21.41,21.44,20.93,21.27,1834592,60813844.00
2021/12/31,21.28,21.42,20.95,21.20,1923800,63777424.00
2022/01/04,21.25,21.71,20.90,21.71,2488324,83175152.00
2022/01/05,21.59,24.65,21.00,24.19,7865399,286162720.00
2022/01/06,24.67,29.21,24.40,29.21,10125675,437567296.00
2022/01/07,30.82,32.06,26.99,27.14,19710696,905969536.00
2022/01/10,25.79,28.13,25.53,25.75,12866933,529738752.00
2022/01/11,25.91,26.27,24.20,24.54,11904955,466767936.00
2022/01/12,24.07,25.79,23.32,25.57,10684083,411836288.00
2022/01/13,24.94,25.42,24.37,25.03,7488186,289687840.00
2022/01/14,24.80,26.99,24.59,26.63,9606155,387876160.00
2022/01/17,27.10,27.30,24.00,24.74,8640221,337299552.00
2022/01/18,24.22,24.57,22.85,23.03,7315946,267695168.00
2022/01/19,23.05,23.69,22.59,23.47,3889912,141454352.00
2022/01/20,23.24,23.60,22.61,22.70,3155121,113214208.00
2022/01/21,22.63,23.37,21.99,22.21,3168891,111994896.00
2022/01/24,22.01,22.51,21.73,22.21,2214617,76324824.00
2022/01/25,22.24,22.39,20.79,20.80,3151632,104973824.00
2022/01/26,20.98,21.35,20.62,20.79,1629128,53396224.00
2022/01/27,20.97,21.05,19.87,19.97,2191472,69917040.00
2022/01/28,20.07,20.47,19.61,19.75,1916124,60520416.00
2022/02/07,20.33,20.33,19.77,20.16,1549103,48826208.00
2022/02/08,20.13,20.51,19.81,20.49,1449881,46041484.00
2022/02/09,20.59,20.59,19.87,20.26,2107080,66850252.00
2022/02/10,20.27,20.47,19.60,19.75,2325760,72729712.00
2022/02/11,19.61,19.69,18.93,18.94,2362180,71392336.00
2022/02/14,18.65,19.47,18.60,19.01,1700520,51248416.00
2022/02/15,19.19,19.19,18.59,18.74,1717728,50855332.00
2022/02/16,18.87,19.37,18.75,19.16,1803572,54206484.00
2022/02/17,19.15,19.33,18.77,18.93,1718047,51470884.00
2022/02/18,18.73,19.16,18.63,18.95,1137000,33788244.00
2022/02/21,18.94,19.10,18.77,19.07,1162080,34685772.00
2022/02/22,18.87,18.98,18.17,18.27,1979331,57368876.00
2022/02/23,18.35,19.07,18.27,19.01,1992920,59137712.00
2022/02/24,18.95,19.83,18.81,19.08,3200411,97085456.00
2022/02/25,19.03,19.65,18.67,18.85,2073891,62195264.00
2022/02/28,18.85,19.37,18.35,19.13,1624748,48393220.00
2022/03/01,19.07,19.65,18.81,19.53,1476020,45075376.00
2022/03/02,19.51,21.46,19.07,20.85,4399126,140935296.00
2022/03/03,20.63,20.80,19.95,20.17,2912318,92674520.00
2022/03/04,20.15,20.60,19.95,20.34,1991829,63510556.00
2022/03/07,20.40,20.55,19.47,19.79,1798051,55970724.00
2022/03/08,19.62,19.65,18.64,18.67,1605700,48063348.00
2022/03/09,18.72,19.13,17.80,19.09,1723940,50848216.00
2022/03/10,19.37,19.77,19.13,19.25,1363564,41565888.00
2022/03/11,18.91,20.17,18.87,20.15,2911860,90734320.00
2022/03/14,20.12,20.27,19.45,19.48,1970560,61393312.00
2022/03/15,19.44,19.56,18.14,18.14,2121800,62835480.00
2022/03/16,18.53,18.62,17.34,18.43,2184341,62358248.00
2022/03/17,18.60,19.43,18.45,18.75,2119361,63408036.00
2022/03/18,18.58,19.34,18.58,18.97,1119912,33352842.00
2022/03/21,19.01,19.91,18.91,19.71,2300380,70733872.00
2022/03/22,19.74,19.91,19.03,19.19,1526720,46402784.00
2022/03/23,19.19,19.36,18.90,19.03,1033487,30993182.00
2022/03/24,18.88,19.57,18.74,19.51,1679467,50930992.00
2022/03/25,19.33,19.33,18.33,18.42,2154180,63751184.00
2022/03/28,18.51,18.57,17.77,18.26,1159420,33117464.00
2022/03/29,18.53,18.53,17.97,18.19,968480,27904764.00
2022/03/30,18.33,18.49,17.99,18.32,668501,19298190.00
2022/03/31,18.31,18.57,17.88,17.97,1202440,34524912.00
2022/04/01,17.97,18.08,17.71,17.95,784856,22203764.00
2022/04/06,17.92,18.50,17.91,18.15,741880,21326818.00
2022/04/07,18.08,18.23,17.60,17.70,761300,21437314.00
2022/04/08,17.73,17.89,17.20,17.25,968580,26766130.00
2022/04/11,17.11,17.47,16.54,16.60,1270060,34198740.00
2022/04/12,16.61,17.19,16.51,17.15,1156462,30982302.00
2022/04/13,17.07,17.35,16.81,16.86,834420,22530070.00
2022/04/14,16.93,17.52,16.93,17.21,1029804,28110178.00
2022/04/15,17.12,17.35,16.84,17.13,859731,23315374.00
2022/04/18,17.01,17.39,16.93,17.31,740810,20162504.00
2022/04/19,17.31,17.73,17.23,17.39,773740,21422518.00
2022/04/20,17.37,18.40,17.37,17.51,2390240,67249016.00
2022/04/21,17.56,17.57,16.67,16.72,1613940,43399048.00
2022/04/22,16.51,17.03,15.93,16.71,1334530,34931208.00
2022/04/25,16.51,16.55,15.44,15.53,1317780,33514448.00
2022/04/26,15.80,15.80,13.87,13.97,2782554,64990340.00
2022/04/27,13.85,14.25,13.07,14.21,2602980,56787680.00
2022/04/28,14.00,14.09,13.15,13.18,2654580,57135488.00
2022/04/29,13.18,13.77,13.18,13.57,2473800,53540136.00
2022/05/05,13.60,14.23,13.38,13.88,2018921,45110880.00
2022/05/06,13.73,13.95,13.40,13.50,1939580,42334424.00
2022/05/09,13.47,14.13,13.40,14.07,1629285,36342348.00
2022/05/10,13.95,14.23,13.83,14.17,1477365,33285158.00
2022/05/11,14.24,14.77,14.16,14.24,2326760,53947108.00
2022/05/12,14.26,14.76,14.19,14.40,1833680,42270380.00
2022/05/13,14.55,14.71,14.03,14.35,1146500,26240856.00
2022/05/16,14.54,14.58,14.21,14.28,1005032,23047058.00
2022/05/17,14.28,14.41,13.88,14.10,1082960,24400144.00
2022/05/18,14.07,14.31,14.01,14.11,970720,22031634.00
2022/05/19,13.90,14.01,13.66,13.96,1197096,26583868.00
2022/05/20,14.06,14.33,13.96,14.25,1333200,30153204.00
2022/05/23,14.25,14.66,14.23,14.55,2609460,60261500.00
2022/05/24,14.55,14.65,13.64,13.65,2813461,63095040.00
2022/05/25,13.73,14.05,13.59,13.97,1409420,31275396.00
2022/05/26,14.01,14.06,13.60,13.87,1113780,24601050.00
2022/05/27,13.92,13.93,13.55,13.71,1122000,24755700.00
2022/05/30,13.78,14.24,13.61,14.23,1733720,38872840.00
2022/05/31,14.20,15.03,14.01,14.84,3235814,75577224.00
2022/06/01,14.84,15.45,14.78,15.42,3896585,94634184.00
2022/06/02,15.33,15.55,15.27,15.43,2256393,55290640.00
2022/06/06,15.41,16.19,15.41,16.11,2620570,66525348.00
2022/06/07,16.19,16.19,15.65,15.93,1966090,49365296.00
2022/06/08,15.93,16.53,15.67,16.13,2271880,57936952.00
2022/06/09,16.47,16.57,15.92,15.98,2069000,52946152.00
2022/06/10,15.97,16.33,15.47,16.20,1365660,34740444.00
2022/06/13,16.02,16.30,15.88,16.18,1169040,29875354.00
2022/06/14,16.10,16.72,15.87,16.65,2255600,58288104.00
2022/06/15,16.71,17.07,16.33,16.60,1969980,52109356.00
2022/06/16,16.43,16.91,16.43,16.72,881220,23307808.00
2022/06/17,16.33,17.16,16.27,17.07,1482832,39615236.00
2022/06/20,17.13,17.36,16.80,17.03,1767301,47758620.00
2022/06/21,17.08,17.09,16.62,16.87,1605380,42869344.00
2022/06/22,16.83,16.87,16.40,16.40,1095240,28834650.00
2022/06/23,16.44,16.63,16.25,16.48,1066441,27749566.00
2022/06/24,16.54,16.79,16.40,16.75,1042656,27492884.00
2022/06/27,17.06,17.40,16.72,16.83,1151440,31095032.00
2022/06/28,16.79,17.04,16.60,16.89,1098535,29168026.00
2022/06/29,16.84,17.17,16.69,16.70,1035780,27255592.00
2022/06/30,16.70,17.45,16.63,17.17,1526107,40522480.00
2022/07/01,17.03,17.52,16.94,17.27,1215252,32523306.00
2022/07/04,17.12,17.69,17.12,17.46,1147200,31182956.00
2022/07/05,17.46,17.73,16.75,17.04,1187972,31485588.00
2022/07/06,17.04,17.13,16.62,16.73,907599,23614098.00
2022/07/07,16.90,17.00,16.27,16.37,843560,21555980.00
2022/07/08,16.41,16.80,16.35,16.41,566720,14546959.00
2022/07/11,16.19,16.53,15.83,16.50,1382300,34709992.00
2022/07/12,16.28,16.77,16.08,16.65,1243220,31850690.00
2022/07/13,16.50,17.49,16.37,17.27,1478309,39252048.00
2022/07/14,17.51,17.51,16.95,17.01,784400,20869196.00
2022/07/15,16.99,17.27,16.46,16.47,1121720,29177474.00
2022/07/18,16.47,16.95,16.10,16.89,1037320,26805632.00
2022/07/19,16.83,18.59,16.73,17.81,3307125,91800144.00
2022/07/20,17.91,19.00,17.87,18.19,2231826,63707600.00
2022/07/21,18.15,18.55,17.46,17.47,1470160,40671588.00
2022/07/22,17.59,17.77,16.99,17.15,1186900,31706810.00
2022/07/25,17.18,18.01,17.05,17.80,1792060,49198272.00
2022/07/26,17.73,17.99,17.27,17.37,1082770,29255110.00
2022/07/27,17.24,17.61,17.13,17.51,906677,24406998.00
2022/07/28,17.51,17.91,17.15,17.30,1051278,28234190.00
2022/07/29,17.21,17.34,16.87,17.03,1258902,33285774.00
2022/08/01,17.07,17.12,16.81,17.01,512912,13526104.00
2022/08/02,16.94,16.94,15.83,16.35,1642250,41502516.00
2022/08/03,16.13,16.93,16.13,16.39,1092522,28219152.00
2022/08/04,16.53,16.90,16.29,16.80,916240,23744302.00
2022/08/05,16.92,17.22,16.73,17.15,826239,21917460.00
2022/08/08,17.46,18.05,17.21,17.91,1862631,51035868.00
2022/08/09,18.05,18.19,17.59,17.93,997638,27679024.00
2022/08/10,18.07,18.24,17.65,18.02,860080,23934446.00
2022/08/11,18.07,18.25,17.93,18.10,856179,23997210.00
2022/08/12,18.21,18.44,17.90,18.03,869080,24331182.00
2022/08/15,18.25,19.07,17.63,18.15,2178830,62033700.00
2022/08/16,18.30,18.39,17.69,17.91,988960,27515744.00
2022/08/17,17.86,18.25,17.71,18.05,744220,20793916.00
2022/08/18,17.93,17.99,17.53,17.73,1118338,30717056.00
2022/08/19,17.80,18.05,17.40,17.51,729400,19934750.00
2022/08/22,17.59,18.35,17.19,18.21,1174106,32702760.00
2022/08/23,18.21,19.93,18.21,19.07,4424507,132204320.00
2022/08/24,19.13,19.38,17.85,18.03,2471499,69991848.00
2022/08/25,18.04,18.40,17.47,17.59,1951391,54076500.00
2022/08/26,18.03,18.03,17.11,17.17,1070600,28896122.00
2022/08/29,17.06,17.90,16.89,17.49,1235900,33475516.00
2022/08/30,17.63,17.63,17.23,17.50,670340,18099878.00
2022/08/31,17.53,17.53,16.77,16.93,867600,22964158.00
2022/09/01,16.89,17.17,16.61,16.73,919533,23969114.00
2022/09/02,16.87,17.10,16.54,16.87,846034,22156230.00
2022/09/05,16.93,17.47,16.67,16.88,968200,25513166.00
2022/09/06,16.89,17.53,16.78,17.00,912180,24167392.00
2022/09/07,16.97,17.07,16.62,16.62,698400,18208292.00
2022/09/08,16.65,16.75,16.27,16.51,832960,21324298.00
2022/09/09,16.60,17.02,16.30,16.89,1482820,38423540.00
2022/09/13,16.95,17.05,16.69,16.85,554900,14544005.00
2022/09/14,16.67,17.01,16.43,16.89,1070200,27964540.00
2022/09/15,17.12,17.12,16.07,16.28,1082370,27744284.00
2022/09/16,16.40,16.40,15.61,15.63,803020,20000192.00
2022/09/19,15.63,15.81,15.13,15.47,1058327,25417530.00
2022/09/20,15.60,16.03,15.57,15.64,790747,19368996.00
2022/09/21,15.63,15.76,15.37,15.61,640592,15577157.00
2022/09/22,15.54,15.77,15.37,15.54,640616,15548930.00
2022/09/23,15.53,15.53,14.80,15.04,671869,15804992.00
2022/09/26,15.04,15.04,14.60,14.64,745060,17122190.00
2022/09/27,14.64,16.15,14.63,16.07,2053880,50032584.00
2022/09/28,16.07,16.07,15.40,15.40,879243,21560832.00
2022/09/29,15.60,15.97,15.47,15.56,811874,19900740.00
2022/09/30,15.67,15.81,15.13,15.31,566100,13563202.00
2022/10/10,15.17,15.55,14.68,14.71,486080,11364214.00
2022/10/11,14.71,14.89,14.35,14.75,614920,14030609.00
2022/10/12,14.74,15.33,14.39,15.25,774797,17828180.00
2022/10/13,15.25,15.84,15.09,15.71,942106,22920904.00
2022/10/14,15.74,16.35,15.73,16.33,1003560,25231734.00
2022/10/17,16.41,16.78,16.10,16.15,902260,22991282.00
2022/10/18,16.32,16.60,15.99,16.38,947972,24055734.00
2022/10/19,16.38,16.41,15.88,15.95,846200,21102276.00
2022/10/20,15.95,16.25,15.81,15.89,473391,11812190.00
2022/10/21,16.20,16.20,15.63,15.83,415285,10228615.00
2022/10/24,15.99,16.02,15.32,15.34,672755,16371293.00
2022/10/25,15.56,15.56,14.92,15.10,687064,16200340.00
2022/10/26,15.19,16.36,15.02,16.12,1193420,29482864.00
2022/10/27,16.53,16.53,15.82,15.91,571580,14305687.00
2022/10/28,16.07,16.71,15.88,16.37,2147307,54673428.00
2022/10/31,16.17,17.63,16.17,17.32,2431711,64394080.00
2022/11/01,17.14,17.47,16.67,17.29,1976750,52187520.00
2022/11/02,17.73,17.73,16.93,17.14,1512721,40548552.00
2022/11/03,16.99,17.60,16.99,17.24,1216520,32648412.00
2022/11/04,17.56,17.68,17.19,17.50,1491730,40460940.00
2022/11/07,17.62,18.25,17.50,18.07,2029440,56690780.00
2022/11/08,18.06,18.60,17.89,18.60,1995760,56590668.00
2022/11/09,18.57,18.92,18.09,18.56,1526656,43999980.00
2022/11/10,18.44,18.87,18.32,18.63,1112120,31995972.00
2022/11/11,18.99,18.99,18.25,18.35,1179920,34111896.00
2022/11/14,18.31,18.79,18.31,18.67,1052860,30327852.00
2022/11/15,19.13,19.19,18.52,18.85,1143440,33419482.00
2022/11/16,18.75,19.46,18.75,19.33,1480380,44061476.00
2022/11/17,19.28,19.84,19.07,19.51,1039584,31194808.00
2022/11/18,19.51,19.90,19.41,19.60,1028893,31333652.00
2022/11/21,19.53,20.07,19.13,19.47,1195649,35985728.00
2022/11/22,19.17,19.79,18.57,18.69,1599652,46854468.00
2022/11/23,19.16,19.16,18.08,18.53,1526078,43583544.00
2022/11/24,18.71,20.40,18.41,20.27,3317402,101177016.00
2022/11/25,20.28,20.60,19.41,20.21,3298393,101951320.00
2022/11/28,19.93,20.58,19.64,19.85,1831177,56492168.00
2022/11/29,19.43,19.84,19.31,19.53,1636760,49573744.00
2022/11/30,19.93,19.93,19.13,19.26,939853,28222280.00
2022/12/01,19.67,20.10,19.33,19.77,1479577,45004868.00
2022/12/02,20.13,20.30,19.41,19.67,1546776,47707812.00
2022/12/05,19.67,20.40,18.90,19.07,1962814,59129088.00
2022/12/06,19.07,19.69,18.87,19.23,1310631,39043720.00
2022/12/07,19.73,19.73,18.88,19.29,1200560,35740772.00
2022/12/08,19.47,19.51,15.31,15.31,1536400,45003728.00
2022/12/09,18.49,18.49,18.49,18.49,819333,23465698.00
2022/12/12,18.91,20.64,18.77,19.65,5457392,166908640.00
2022/12/13,19.87,19.90,18.75,19.53,3460517,102592384.00
2022/12/14,19.31,19.35,18.53,19.05,2309558,67864200.00
2022/12/15,19.09,19.77,18.90,19.47,2787049,83588864.00
2022/12/16,19.60,19.93,19.25,19.34,1935237,58476448.00
2022/12/19,19.60,21.07,19.56,20.31,3670114,115131216.00
2022/12/20,20.47,20.47,19.53,19.95,2500520,76928032.00
2022/12/21,19.99,20.32,19.74,19.94,1275980,39438376.00
2022/12/22,20.25,20.25,19.19,19.27,2489359,75258272.00
2022/12/23,19.40,19.55,17.99,18.39,3047234,87576992.00
2022/12/26,18.39,18.65,18.07,18.33,1626360,46231588.00
2022/12/27,18.07,18.75,17.94,18.54,2171540,61806380.00
2022/12/28,18.53,18.53,18.06,18.15,1291680,36503244.00
2022/12/29,18.16,18.98,18.01,18.86,1990742,57191664.00
2022/12/30,18.74,20.27,18.63,20.01,2917040,88582400.00
2023/01/03,21.33,23.19,21.11,21.57,7656764,261397072.00
2023/01/04,21.63,22.36,20.56,22.16,5550054,184648560.00
2023/01/05,21.93,23.21,21.71,22.77,6102759,213710368.00
2023/01/06,22.60,22.85,21.72,22.00,3610914,122782688.00
2023/01/09,21.96,22.61,21.73,22.39,3554444,121652152.00
2023/01/10,22.25,23.35,22.24,23.09,3345612,117903904.00
2023/01/11,23.11,23.91,22.70,23.10,2906320,103873296.00
2023/01/12,23.11,23.40,22.25,23.07,1993146,70372840.00
2023/01/13,23.00,23.70,22.99,22.99,1543652,55245260.00
2023/01/16,23.23,23.37,22.53,22.53,1822800,64151712.00
2023/01/17,22.49,22.59,21.67,21.83,2355546,79792360.00
2023/01/18,21.74,22.03,21.32,21.43,1361960,45202684.00
2023/01/19,21.10,21.64,21.07,21.24,1373934,45120056.00
2023/01/20,21.14,22.15,21.09,21.97,1630506,54794368.00
2023/01/30,21.99,22.40,21.65,21.77,1232441,41577256.00
2023/01/31,21.84,21.84,21.13,21.40,1002600,33187926.00
2023/02/01,21.26,21.47,20.59,21.04,1568140,50572344.00
2023/02/02,20.92,23.32,20.92,23.17,3348297,115514864.00
2023/02/03,23.06,23.08,22.19,22.50,2146653,74359560.00
2023/02/06,22.31,22.97,22.11,22.66,2272984,79265208.00
2023/02/07,22.92,22.93,22.29,22.59,1250172,43542088.00
2023/02/08,22.50,22.80,22.23,22.23,872122,30260162.00
2023/02/09,22.17,23.97,22.16,22.85,2383324,85108336.00
2023/02/10,23.16,24.47,23.16,24.07,3407914,125307440.00
2023/02/13,24.07,25.40,23.68,24.99,3356918,128569352.00
2023/02/14,24.99,25.11,24.36,24.59,1535452,58115516.00
2023/02/15,24.59,24.93,24.14,24.29,1154220,43325580.00
2023/02/16,24.29,24.45,23.27,23.33,1761968,64617612.00
2023/02/17,23.37,24.27,23.29,23.55,2197971,79964872.00
2023/02/20,23.64,24.38,23.07,23.89,2188918,80113488.00
2023/02/21,23.87,23.89,23.20,23.47,1047160,37768304.00
2023/02/22,23.27,24.60,23.27,24.27,1909906,71034344.00
2023/02/23,24.17,24.31,23.29,23.32,1578018,57595520.00
2023/02/24,23.28,23.62,23.14,23.43,669760,24099810.00
2023/02/27,23.40,24.07,22.73,23.94,1531098,55687692.00
2023/02/28,23.73,24.17,23.35,23.86,977850,35791008.00
2023/03/01,24.22,24.31,23.03,23.29,1400420,50284504.00
2023/03/02,23.20,23.29,22.29,22.79,1550700,54242988.00
2023/03/03,23.04,23.17,22.31,22.37,930600,32326386.00
2023/03/06,22.21,23.52,22.07,23.31,1803900,64114964.00
2023/03/07,23.27,23.51,22.40,22.43,962580,33882988.00
2023/03/08,22.39,22.59,21.93,22.37,751040,25695414.00
2023/03/09,22.25,23.09,22.07,22.85,1241180,43494736.00
2023/03/10,22.85,23.90,22.57,23.15,1983259,71507720.00
2023/03/13,23.19,23.63,22.65,22.81,755340,26769386.00
2023/03/14,22.81,22.81,21.97,22.00,1084170,37074856.00
2023/03/15,22.05,22.25,21.63,21.76,1061760,35803968.00
2023/03/16,21.93,22.31,21.63,21.70,788680,26715566.00
2023/03/17,21.81,21.93,21.37,21.40,875340,29156964.00
2023/03/20,21.40,21.57,20.99,21.03,1121480,36585880.00
2023/03/21,21.20,21.99,21.19,21.76,986739,32951810.00
2023/03/22,21.91,22.29,21.53,21.59,993560,33494876.00
2023/03/23,21.59,22.05,21.35,21.97,934339,31339796.00
2023/03/24,21.91,22.71,21.77,22.57,1297780,44750124.00
2023/03/27,22.57,23.27,22.39,23.09,1466180,52044788.00
2023/03/28,23.03,23.46,22.37,23.27,1127260,39994084.00
2023/03/29,23.21,23.59,22.66,22.88,955738,33921080.00
2023/03/30,22.76,23.53,22.68,22.93,1074760,38051860.00
2023/03/31,23.17,23.91,23.07,23.20,957600,34488376.00
2023/04/03,23.20,23.36,22.36,22.56,1461060,50767732.00
2023/04/04,22.79,22.83,21.50,21.89,1532991,51860844.00
2023/04/06,21.91,22.39,21.13,22.29,1871289,62811924.00
2023/04/07,22.26,24.30,22.05,24.09,2811490,102467120.00
2023/04/10,24.09,24.09,23.25,23.35,1575069,57133936.00
2023/04/11,23.28,23.38,22.27,22.53,1458900,50907264.00
2023/04/12,22.67,22.80,22.31,22.45,965988,33449778.00
2023/04/13,22.40,22.65,21.98,22.39,779506,26708160.00
2023/04/14,22.14,22.74,21.99,22.43,1399278,47968560.00
2023/04/17,22.60,22.71,21.63,22.07,2122100,71829256.00
2023/04/18,22.13,22.60,21.73,22.42,1901471,65085372.00
2023/04/19,19.50,19.91,17.81,18.31,15604915,438374656.00
2023/04/20,17.27,17.70,17.11,17.28,8202068,220655184.00
2023/04/21,17.24,17.70,16.88,17.37,5625844,151441680.00
2023/04/24,17.31,17.33,16.61,16.63,4093336,106607688.00
2023/04/25,16.60,17.27,16.33,16.99,3645475,95303552.00
2023/04/26,16.85,17.53,16.78,17.38,2529200,67796392.00
2023/04/27,17.51,17.75,17.22,17.59,2373380,64693544.00
2023/04/28,17.47,17.70,17.24,17.29,1832679,49603864.00
2023/05/04,17.20,17.53,16.89,17.23,1935440,51563724.00
2023/05/05,17.23,17.33,17.01,17.20,1038820,27748964.00
2023/05/08,17.29,17.29,16.67,16.79,1630479,42716892.00
2023/05/09,16.67,16.79,16.37,16.46,2068960,53125784.00
2023/05/10,16.56,16.85,16.26,16.67,1691380,43630956.00
2023/05/11,16.86,17.26,16.50,16.89,2030859,53457092.00
2023/05/12,16.94,17.30,16.75,17.17,1329419,35394464.00
2023/05/15,17.13,17.39,16.79,17.29,1315472,34856396.00
2023/05/16,17.29,17.37,16.97,17.05,1094949,29145536.00
2023/05/17,17.05,17.17,16.86,17.12,817789,21624740.00
2023/05/18,17.03,17.19,16.79,16.87,799880,21031280.00
2023/05/19,16.79,17.09,16.73,16.92,807629,21232100.00
2023/05/22,16.92,17.35,16.92,17.25,993800,26561164.00
2023/05/23,17.25,17.85,17.11,17.37,1949147,52638996.00
2023/05/24,17.33,17.33,16.97,17.20,1154478,30716804.00
2023/05/25,17.20,17.20,16.82,17.03,1109580,29205980.00
2023/05/26,17.02,17.15,16.91,17.07,797700,21107102.00
2023/05/29,17.13,17.27,16.83,16.87,915165,24179460.00
2023/05/30,16.86,16.92,16.45,16.63,1073200,27770416.00
2023/05/31,16.55,16.83,16.51,16.64,801846,20765690.00
2023/06/01,16.64,16.99,16.60,16.76,959620,25040736.00
2023/06/02,16.89,17.25,16.68,17.07,1066100,28222644.00
2023/06/05,17.11,17.26,16.87,16.93,687800,18150876.00
2023/06/06,16.99,16.99,16.53,16.54,851900,22100220.00
2023/06/07,16.54,16.59,16.33,16.41,590853,15104038.00
2023/06/08,16.41,16.57,16.07,16.16,809380,20476208.00
2023/06/09,16.17,16.19,15.73,15.81,1536267,38002192.00
2023/06/12,15.81,16.33,15.68,16.22,1160174,28925308.00
2023/06/13,16.22,16.31,15.99,16.01,795034,19900812.00
2023/06/14,16.05,16.23,15.93,16.03,960480,24003388.00
2023/06/15,16.06,16.11,15.85,16.09,795540,19777502.00
2023/06/16,16.18,16.35,15.91,15.99,1252380,31400386.00
2023/06/19,16.02,16.04,15.68,15.71,1333626,32851542.00
2023/06/20,15.73,15.76,15.37,15.43,1453960,35147604.00
2023/06/21,15.45,16.00,15.45,15.53,1622734,39721964.00
2023/06/26,15.45,15.64,15.17,15.28,1488560,35593604.00
2023/06/27,15.32,15.77,15.07,15.77,1047365,25430886.00
2023/06/28,15.83,15.83,15.35,15.61,865286,20913030.00
2023/06/29,15.61,15.79,15.47,15.71,900613,21976344.00
2023/06/30,15.71,15.90,15.60,15.77,1424898,23018948.00
2023/07/03,15.80,15.93,15.72,15.77,1970899,31961984.00
2023/07/04,15.77,15.84,15.61,15.84,1586282,25547260.00
2023/07/05,15.84,15.84,15.43,15.47,2021498,32312320.00
2023/07/06,15.48,15.55,15.30,15.34,1352147,21377058.00
2023/07/07,15.31,15.44,15.11,15.14,1929440,30097338.00
2023/07/10,15.29,15.50,15.23,15.24,1557570,24524886.00
2023/07/11,15.18,15.48,15.18,15.47,1399030,22071170.00
2023/07/12,15.40,15.59,15.25,15.25,1286319,20338862.00
2023/07/13,15.36,15.53,15.25,15.34,1002411,15810772.00
2023/07/14,15.34,15.49,15.25,15.33,949350,14960239.00
2023/07/17,15.38,15.70,15.02,15.68,2390607,38023904.00
2023/07/18,15.54,15.67,14.71,14.93,6338140,97691648.00
2023/07/19,14.93,15.02,14.58,14.68,2744309,41535528.00
2023/07/20,14.73,15.01,14.62,14.77,2082281,31787166.00
2023/07/21,14.70,15.59,14.70,15.41,4623751,72770912.00
2023/07/24,15.26,15.37,14.98,15.27,2755446,42817736.00
2023/07/25,15.28,15.72,15.28,15.55,4140217,65928948.00
2023/07/26,15.63,15.63,15.10,15.26,3156920,49408152.00
2023/07/27,15.25,15.50,15.12,15.20,2533880,39845492.00
2023/07/28,15.29,15.32,15.07,15.17,2455252,38256688.00
2023/07/31,15.31,15.82,15.20,15.79,5306901,84815528.00
2023/08/01,15.50,16.58,15.32,16.28,14226633,236503840.00
2023/08/02,16.08,16.71,15.90,16.50,11308717,190532464.00
2023/08/03,16.29,16.34,15.54,15.86,8742764,141681744.00
2023/08/04,15.86,17.48,15.68,16.71,16302983,275944608.00
2023/08/07,16.58,17.58,16.20,17.44,14668831,254795824.00
2023/08/08,17.18,17.44,16.77,17.01,10929781,189787296.00
2023/08/09,17.00,18.48,16.73,18.23,14845011,267649792.00
2023/08/10,17.83,18.31,17.48,17.81,10373293,189154272.00
2023/08/11,17.86,18.50,17.63,17.95,8097338,149192352.00
2023/08/14,17.60,17.70,16.71,17.38,7878404,138442976.00
2023/08/15,17.07,17.17,16.46,16.55,6733718,115288184.00
2023/08/16,16.42,17.96,16.39,17.04,7796856,137766896.00
2023/08/17,16.99,17.43,16.69,17.33,4934606,86783984.00
2023/08/18,17.11,17.40,16.77,16.80,3820723,66588804.00
2023/08/21,16.71,17.10,16.62,16.65,2983952,51405204.00
2023/08/22,16.60,17.05,16.00,17.04,5347171,90353424.00
2023/08/23,16.93,17.57,16.72,17.04,4508658,79467832.00
2023/08/24,17.06,17.45,16.80,17.08,3740620,65802076.00
2023/08/25,16.92,17.50,16.60,16.62,4431031,77139320.00
2023/08/28,17.65,17.85,16.68,16.86,4112392,72258720.00
2023/08/29,16.76,18.10,16.73,18.09,9303578,167622752.00
2023/08/30,17.96,18.26,17.78,18.09,6216251,114743792.00
2023/08/31,17.96,18.45,17.64,18.29,4663950,86380328.00
2023/09/01,18.21,18.90,18.09,18.73,5531305,105270624.00
2023/09/04,18.48,18.60,18.21,18.46,4693987,88031576.00
2023/09/05,18.43,18.70,18.00,18.31,3627069,67923384.00
2023/09/06,18.20,18.80,17.80,18.67,6005454,112114016.00
2023/09/07,18.53,18.65,18.18,18.52,3746794,70618144.00
2023/09/08,18.38,18.72,18.20,18.21,2246200,42175488.00
2023/09/11,18.10,18.81,17.84,18.62,4710320,88680936.00
2023/09/12,18.60,19.32,18.31,19.06,4913789,95079552.00
2023/09/13,19.06,19.55,18.45,18.80,4861240,94153800.00
2023/09/14,18.71,18.79,18.01,18.18,3698626,69155712.00
2023/09/15,18.20,18.44,18.01,18.27,2078800,38691936.00
2023/09/18,18.20,18.65,18.03,18.57,3372005,63541468.00
2023/09/19,18.59,19.93,18.54,19.38,6850690,134148304.00
2023/09/20,19.30,19.86,19.29,19.66,5027377,100721168.00
2023/09/21,19.54,19.69,18.95,19.04,2957632,57899120.00
2023/09/22,19.00,19.58,18.95,19.34,2201880,43474184.00
2023/09/25,19.36,19.36,18.50,19.00,4281479,82539808.00
2023/09/26,18.85,19.32,18.72,18.75,1738172,33678804.00
2023/09/27,18.90,18.90,18.38,18.42,1952323,37009400.00
2023/09/28,18.40,18.60,18.26,18.41,1917050,36052940.00
2023/10/09,18.42,18.50,17.78,17.95,3009193,55491812.00
2023/10/10,17.92,18.30,17.42,18.28,3237453,59449500.00
2023/10/11,18.15,18.95,18.10,18.44,2628180,50086408.00
2023/10/12,18.58,18.97,18.32,18.88,1849900,35375516.00
2023/10/13,18.62,18.88,18.42,18.66,1516610,28837826.00
2023/10/16,18.56,18.92,18.16,18.24,1752950,33028146.00
2023/10/17,18.34,18.54,18.00,18.48,1453987,27153086.00
2023/10/18,18.43,18.43,17.81,17.82,1645910,30216572.00
2023/10/19,17.81,18.47,17.78,17.98,2147100,39707544.00
2023/10/20,17.83,18.11,17.53,17.61,1645950,29898892.00
2023/10/23,17.22,18.00,17.21,17.98,4224379,77046200.00
2023/10/24,18.09,19.39,17.85,19.10,6179564,117384240.00
2023/10/25,18.78,19.37,18.74,19.30,3396820,66579788.00
2023/10/26,19.30,19.34,18.75,19.32,3004200,58483660.00
2023/10/27,19.29,19.99,19.00,19.84,4380010,87622208.00
2023/10/30,19.71,20.05,19.37,19.89,3027920,60565712.00
2023/10/31,19.85,19.85,19.50,19.58,2009200,40211388.00
2023/11/01,19.67,19.67,19.35,19.50,1494120,29691272.00
2023/11/02,19.50,19.52,19.23,19.33,988770,19548572.00
2023/11/03,19.28,19.57,19.06,19.21,2282047,44899280.00
2023/11/06,19.25,20.34,19.07,20.22,3580180,72281384.00
2023/11/07,20.19,20.47,19.83,20.44,2616750,53876596.00
2023/11/08,20.49,20.49,19.90,20.23,1832020,37658652.00
2023/11/09,20.30,20.36,20.06,20.12,1029090,21204890.00
2023/11/10,20.12,20.95,19.81,20.92,3252810,68249256.00
2023/11/13,20.80,21.01,19.87,20.39,3616910,74942344.00
2023/11/14,20.35,20.61,20.13,20.46,1091248,22695952.00
2023/11/15,20.47,20.62,19.87,20.01,2987908,61202956.00
2023/11/16,20.00,20.09,19.61,19.62,2261402,45583516.00
2023/11/17,19.62,20.01,19.38,19.82,1762220,35351080.00
2023/11/20,19.82,20.37,19.82,20.37,2341246,47983132.00
2023/11/21,20.37,20.92,20.22,20.48,3152281,66134944.00
2023/11/22,20.49,20.59,20.01,20.10,1128830,23293430.00
2023/11/23,20.00,20.21,19.81,20.04,1161730,23714304.00
2023/11/24,20.06,20.42,19.85,20.12,1501495,30830420.00
2023/11/27,19.99,20.36,19.81,19.81,1275285,26033128.00
2023/11/28,19.83,20.14,19.75,19.98,845945,17207344.00
2023/11/29,20.30,20.30,19.82,19.90,922400,18786778.00
2023/11/30,20.20,20.28,19.82,20.25,1356120,27804026.00
2023/12/01,20.28,20.36,19.80,19.87,1100100,22461680.00
2023/12/04,19.87,19.91,19.38,19.78,968820,19488844.00
2023/12/05,19.72,20.18,19.63,19.63,1068520,21646604.00
2023/12/06,19.78,20.08,19.55,19.56,1202000,24197332.00
2023/12/07,19.57,19.77,19.16,19.63,1860868,36800884.00
2023/12/08,19.69,19.75,19.17,19.34,2091410,41441580.00
2023/12/11,19.16,19.66,18.96,19.49,1759736,34819032.00
2023/12/12,19.51,19.70,19.26,19.46,837350,16597838.00
2023/12/13,19.40,19.50,18.81,18.81,1424659,27768416.00
2023/12/14,18.97,19.93,18.83,19.33,2999635,59466076.00
2023/12/15,19.20,19.88,19.05,19.62,3595560,71657512.00
2023/12/18,19.48,19.67,18.92,18.92,1841450,35923308.00
2023/12/19,19.11,19.50,18.72,19.16,1216978,23810498.00
2023/12/20,19.10,19.17,18.57,18.57,1032271,19750250.00
2023/12/21,18.60,18.96,18.29,18.89,1052450,20095920.00
2023/12/22,18.86,19.04,18.63,18.69,814800,15669134.00
2023/12/25,18.61,18.94,18.40,18.67,599020,11367963.00
2023/12/26,18.60,18.74,18.30,18.48,805903,15168453.00
2023/12/27,18.48,18.71,18.17,18.59,943481,17797724.00
2023/12/28,18.36,18.95,18.34,18.82,1133817,21604762.00
2023/12/29,18.83,19.06,18.63,18.90,905850,17536538.00
2024/01/02,19.08,19.15,18.81,18.96,806208,15653429.00
2024/01/03,18.93,19.13,18.62,18.64,854800,16415605.00
2024/01/04,18.75,18.75,18.32,18.36,853170,16059279.00
2024/01/05,18.35,18.61,17.73,17.90,1224404,22685156.00
2024/01/08,17.67,17.98,17.53,17.60,742434,13468594.00
2024/01/09,17.58,18.45,17.58,18.28,1513864,28033466.00
2024/01/10,18.28,18.28,17.78,18.08,673294,12438408.00
2024/01/11,18.24,18.43,18.05,18.34,524000,9801181.00
2024/01/12,18.50,18.70,18.26,18.38,736950,13909658.00
2024/01/15,18.73,18.73,18.06,18.12,884180,16476580.00
2024/01/16,18.27,18.27,17.36,17.78,1931502,34991880.00
2024/01/17,17.77,17.79,17.12,17.13,947130,16906260.00
2024/01/18,17.01,17.34,16.42,17.25,2716090,46877948.00
2024/01/19,17.14,17.40,16.92,17.02,1037124,18137792.00
2024/01/22,17.00,17.02,15.78,16.70,3134451,52564320.00
2024/01/23,16.40,17.08,15.93,16.72,1871799,31380168.00
2024/01/24,16.72,16.88,16.10,16.75,1738615,29584134.00
2024/01/25,16.45,17.02,16.45,16.91,1367350,23644408.00
2024/01/26,16.93,17.23,16.73,16.98,1617079,28087020.00
2024/01/29,17.05,17.18,16.49,16.74,878331,15060462.00
2024/01/30,16.67,16.80,15.90,16.27,1085116,18010538.00
2024/01/31,16.20,16.30,15.71,16.24,1200424,19739150.00
2024/02/01,16.32,16.32,15.64,16.13,1071714,17612516.00
2024/02/02,16.15,16.40,15.43,15.98,1434183,23261434.00
2024/02/05,15.98,15.98,15.03,15.65,2310553,36618464.00
2024/02/06,15.43,16.28,15.08,15.78,2077350,33473180.00
2024/02/07,15.59,15.96,15.26,15.73,1355119,21656590.00
2024/02/08,15.75,16.70,15.36,16.50,2031669,33659196.00
2024/02/19,16.59,16.85,15.98,16.37,1839760,31142326.00
2024/02/20,16.30,16.38,15.93,16.24,893297,14785834.00
2024/02/21,16.25,16.53,16.00,16.28,2452533,40905644.00
2024/02/22,16.05,16.40,16.01,16.37,1727245,28695322.00
2024/02/23,16.30,16.59,16.20,16.52,1709348,28764804.00
2024/02/26,16.52,16.78,16.24,16.57,1976017,33302604.00
2024/02/27,16.47,16.87,16.32,16.86,2361464,40164080.00
2024/02/28,16.79,17.33,16.22,16.31,2638600,45357956.00
2024/02/29,16.30,16.53,16.01,16.48,1608190,26955918.00
2024/03/01,16.50,16.64,16.32,16.45,1161480,19548748.00
2024/03/04,16.43,16.58,16.18,16.33,1403410,23435612.00
2024/03/05,16.33,16.33,15.89,16.10,1820483,29931928.00
2024/03/06,16.02,16.06,15.73,16.05,1348842,21999814.00
2024/03/07,16.05,16.16,15.89,16.08,983390,16146480.00
2024/03/08,15.97,16.10,15.82,16.09,1014850,16612218.00
2024/03/11,16.08,16.77,15.97,16.54,1720171,28929212.00
2024/03/12,16.59,16.71,16.44,16.55,1111832,18847644.00
2024/03/13,16.55,16.62,16.33,16.52,985060,16614230.00
2024/03/14,16.53,16.67,16.29,16.47,1194778,20212812.00
2024/03/15,16.47,16.68,16.34,16.50,955128,16148839.00
2024/03/18,16.50,16.59,16.35,16.49,1534478,25879080.00
2024/03/19,16.56,19.48,16.41,17.80,6226585,112401568.00
2024/03/20,17.62,17.74,17.31,17.42,3150059,56473900.00
2024/03/21,17.41,17.76,17.26,17.76,2589243,46329316.00
2024/03/22,18.21,18.70,17.78,17.95,4600182,85387496.00
2024/03/25,17.71,17.97,17.17,17.52,3341050,59782892.00
2024/03/26,17.36,19.20,17.36,18.54,6218844,117699224.00
2024/03/27,18.45,19.25,17.53,17.86,5583812,103517512.00
2024/03/28,17.10,17.74,16.40,17.39,4663470,81884832.00
2024/03/29,17.26,17.48,16.90,17.30,2530390,44382248.00
2024/04/01,17.24,18.02,17.19,17.78,2763050,49955616.00
2024/04/02,17.78,18.07,17.62,17.90,2495110,45628868.00
2024/04/03,18.00,18.29,17.67,18.00,2007650,36827384.00
2024/04/08,17.90,18.59,17.42,17.47,3229299,59499724.00
2024/04/09,17.46,17.69,17.21,17.66,1565230,28043114.00
2024/04/10,17.57,17.64,17.24,17.36,1196920,21334858.00
2024/04/11,17.15,17.68,17.15,17.33,1171421,20919986.00
2024/04/12,17.25,17.47,17.05,17.09,1125170,19856174.00
2024/04/15,16.80,17.29,16.42,16.57,1658420,28467046.00
2024/04/16,16.57,16.66,14.85,14.98,4568520,71888408.00
2024/04/17,15.20,15.56,14.49,14.98,6637695,101723424.00
2024/04/18,14.60,14.68,13.41,14.15,8503330,122262904.00
2024/04/19,13.83,14.10,13.62,13.87,4368307,62022708.00
2024/04/22,13.87,14.49,13.52,14.29,3971100,57684464.00
2024/04/23,14.22,14.38,14.02,14.19,2197010,32067526.00
2024/04/24,14.34,14.70,14.16,14.70,2377360,35300980.00
2024/04/25,14.52,15.54,14.45,15.03,4005810,61958392.00
2024/04/26,14.95,15.40,14.92,15.15,1956950,30399736.00
2024/04/29,15.30,16.12,15.20,15.96,2815094,45566648.00
2024/04/30,16.11,16.73,15.84,16.48,3681710,61609324.00
2024/05/06,16.49,16.95,16.31,16.84,4037840,68826848.00
2024/05/07,16.75,16.93,16.40,16.79,2664330,45434612.00
2024/05/08,16.60,17.00,16.42,16.78,2268900,38870052.00
2024/05/09,16.78,17.10,16.54,16.80,2671230,46061680.00
2024/05/10,16.65,17.08,16.40,16.55,3280845,56069692.00
2024/05/13,16.28,16.80,15.95,16.19,2695347,45184204.00
2024/05/14,16.11,16.70,16.11,16.58,1847433,31063208.00
2024/05/15,16.56,16.98,16.41,16.72,1913700,32908972.00
2024/05/16,16.64,16.87,16.52,16.82,1502790,25693802.00
2024/05/17,16.65,16.95,16.60,16.73,1097800,18841344.00
2024/05/20,17.02,17.75,16.72,17.29,4013610,70817184.00
2024/05/21,17.10,17.20,16.37,16.52,3897890,66433488.00
2024/05/22,16.60,16.77,16.33,16.41,2246469,37996104.00
2024/05/23,16.45,16.45,15.60,15.69,3162842,51171604.00
2024/05/24,15.97,15.97,15.40,15.40,1325076,21231576.00
2024/05/27,15.64,15.64,15.29,15.49,2064072,32716376.00
2024/05/28,15.36,15.65,15.21,15.29,1712126,27011244.00
2024/05/29,15.28,15.62,15.12,15.33,2257110,35595308.00
2024/05/30,15.30,15.43,15.00,15.13,1096889,17098472.00
2024/05/31,15.29,15.30,15.11,15.24,952795,14882626.00
2024/06/03,15.27,15.70,15.11,15.30,2215504,34887884.00
2024/06/04,15.27,15.42,14.94,15.38,2007424,31293204.00
2024/06/05,15.31,15.38,14.78,14.83,1352570,20965898.00
2024/06/06,14.75,14.97,14.00,14.60,3517112,52280852.00
2024/06/07,14.62,14.73,14.20,14.44,1525800,22643660.00
2024/06/11,14.10,14.53,14.10,14.51,1003250,14823178.00
2024/06/12,14.40,14.72,14.32,14.48,1057384,15783283.00
2024/06/13,14.48,14.52,14.27,14.34,893240,13180750.00
2024/06/14,14.30,14.74,14.12,14.71,1443209,21594594.00
2024/06/17,14.71,15.45,14.47,15.29,2581939,39833824.00
2024/06/18,15.18,15.44,15.07,15.27,1552780,24320788.00
2024/06/19,15.27,15.40,14.80,15.01,938750,14439890.00
2024/06/20,15.10,15.11,14.55,14.62,704806,10690209.00
2024/06/21,14.62,15.44,14.46,15.44,2561260,39846400.00
2024/06/24,15.38,15.38,14.13,14.22,2256733,33699240.00
2024/06/25,14.06,14.40,13.99,14.12,995780,14500562.00
2024/06/26,14.00,14.66,13.89,14.61,1231462,18183450.00
2024/06/27,14.58,14.63,14.32,14.34,716433,10626529.00
2024/06/28,14.55,14.55,14.11,14.32,1032390,15203713.00
2024/07/01,14.19,14.56,14.04,14.45,1430140,20989638.00
2024/07/02,14.45,14.52,14.31,14.35,665440,9846088.00
2024/07/03,14.25,14.77,14.19,14.23,1065610,15707367.00
2024/07/04,14.30,14.40,13.86,14.08,1030310,14837132.00
2024/07/05,14.01,14.40,13.78,14.35,841450,12087014.00
2024/07/08,14.36,14.45,13.83,13.86,772300,11057747.00
2024/07/09,13.88,13.95,13.27,13.92,1214564,16885554.00
2024/07/10,13.78,14.82,13.78,14.52,1736365,25566058.00
2024/07/11,14.58,14.80,14.50,14.55,985935,14698807.00
2024/07/12,14.59,14.71,14.26,14.37,750998,11014664.00
2024/07/15,14.32,14.43,14.13,14.22,353250,5107657.00
2024/07/16,14.06,14.46,13.96,14.34,539110,7808176.50
2024/07/17,14.30,14.41,14.15,14.21,454150,6592191.00
2024/07/18,14.28,14.28,13.91,14.15,458810,6573382.00
2024/07/19,13.98,14.27,13.97,14.19,369780,5337498.00
2024/07/22,14.23,14.36,14.06,14.21,345700,4995372.50
2024/07/23,14.21,14.21,13.85,13.89,722401,10281492.00
2024/07/24,13.75,14.07,13.73,13.83,731200,10329554.00
2024/07/25,13.67,14.17,13.67,13.98,907654,12896721.00
2024/07/26,14.06,14.35,13.91,14.12,937900,13490906.00
2024/07/29,14.06,14.20,13.86,13.91,569215,8105653.50
2024/07/30,13.91,14.03,13.82,13.85,465700,6591549.50
2024/07/31,13.89,14.32,13.81,14.31,1039350,14952548.00
2024/08/01,14.34,14.50,13.84,13.90,1120461,16092334.00
2024/08/02,13.90,14.18,13.69,13.92,1083415,15435156.00
2024/08/05,14.25,14.88,13.74,13.75,2158900,31464880.00
2024/08/06,13.64,14.11,13.64,13.96,1259100,17814092.00
2024/08/07,13.99,13.99,13.45,13.62,1975646,27513038.00
2024/08/08,13.60,13.71,13.46,13.64,578700,8016734.00
2024/08/09,13.65,13.76,13.53,13.55,425623,5900726.50
2024/08/12,13.55,13.69,13.48,13.54,492150,6806291.50
2024/08/13,13.47,13.60,13.12,13.53,1523309,20739948.00
2024/08/14,13.52,13.61,13.25,13.55,1068633,14611445.00
2024/08/15,13.56,13.63,13.34,13.62,854576,11749158.00
2024/08/16,13.33,13.63,13.33,13.63,449196,6200158.50
2024/08/19,13.64,13.77,13.47,13.47,407750,5650240.50
2024/08/20,13.36,13.73,13.32,13.61,827458,11410592.00
2024/08/21,13.80,14.16,13.67,13.87,1450959,20537328.00
2024/08/22,13.74,14.35,13.74,14.05,1874000,26946190.00
2024/08/23,13.94,14.04,13.20,13.45,1836330,25178700.00
2024/08/26,13.29,13.92,13.29,13.84,1363949,19105598.00
2024/08/27,13.70,14.00,13.65,13.83,644400,9070768.00
2024/08/28,13.83,13.86,13.62,13.74,371900,5204838.00
2024/08/29,13.65,13.87,13.58,13.85,414450,5811361.50
2024/08/30,13.85,14.14,13.72,13.98,951220,13553757.00
2024/09/02,13.96,14.05,13.78,13.78,558000,7904283.00
2024/09/03,13.96,14.03,13.65,14.00,572450,8126028.50
2024/09/04,13.89,14.17,13.88,14.11,741977,10604355.00
2024/09/05,14.11,14.20,14.01,14.07,564801,8094015.50
2024/09/06,14.07,14.13,13.77,13.77,495100,6993414.00
2024/09/09,13.78,13.86,13.63,13.73,284820,3985753.50
2024/09/10,13.75,13.80,13.46,13.63,531090,7358075.00
2024/09/11,13.50,13.68,13.48,13.63,279820,3879938.75
2024/09/12,13.65,13.77,13.28,13.28,600200,8243045.00
2024/09/13,13.35,13.43,13.07,13.29,1156998,15656926.00
2024/09/18,13.29,13.38,12.95,13.34,605258,8109153.00
2024/09/19,13.34,13.68,13.15,13.56,855210,11758262.00
2024/09/20,13.50,13.54,13.22,13.34,498072,6754266.00
2024/09/23,13.25,13.47,13.25,13.25,507400,6889952.00
2024/09/24,13.43,13.50,13.10,13.48,2320740,31559872.00
2024/09/25,13.55,14.05,13.53,13.58,1985099,27791972.00
2024/09/26,13.55,14.29,13.51,14.19,2028141,28805158.00
2024/09/27,14.63,15.31,14.55,15.03,3360353,50960972.00
2024/09/30,15.65,16.99,15.07,16.77,6282779,102418640.00
2024/10/08,18.99,19.72,16.41,17.92,14535646,262848032.00
2024/10/09,16.85,16.85,15.25,15.60,7780142,126836848.00
2024/10/10,15.89,16.00,15.21,15.47,3713594,58937524.00
2024/10/11,15.45,15.50,14.43,14.67,3324946,50563776.00
2024/10/14,14.68,14.97,14.31,14.94,3107046,46468152.00
2024/10/15,14.88,15.08,14.50,14.52,3399164,50888828.00
2024/10/16,14.31,14.75,14.29,14.52,2192540,32429504.00
2024/10/17,14.75,14.89,14.49,14.52,2352536,35128148.00
2024/10/18,14.55,15.01,14.41,14.85,4740092,70999520.00
2024/10/21,14.92,15.13,14.76,15.03,4572641,69513384.00
2024/10/22,15.27,15.35,15.06,15.27,4085576,63079264.00
2024/10/23,15.20,15.37,14.97,15.11,3278100,50546076.00
2024/10/24,15.15,16.65,15.02,15.90,7558966,121920416.00
2024/10/25,16.02,16.02,15.55,15.71,5430064,86666016.00
2024/10/28,15.47,15.89,15.17,15.79,5660049,89241584.00
2024/10/29,15.74,15.83,15.07,15.15,5008310,77938744.00
2024/10/30,15.15,15.22,14.66,14.85,3467862,52500328.00
2024/10/31,14.82,15.03,14.77,14.97,3118751,47279424.00
2024/11/01,14.97,15.01,14.46,14.75,3028044,45485036.00
2024/11/04,14.75,15.21,14.64,15.18,2989943,45535260.00
2024/11/05,15.15,15.40,15.00,15.36,4018380,62392332.00
2024/11/06,15.35,15.54,15.16,15.35,4146700,64724220.00
2024/11/07,15.31,15.99,15.18,15.85,5716288,91374928.00
2024/11/08,15.89,16.00,15.63,15.68,5045528,80942224.00
2024/11/11,15.63,15.90,15.46,15.90,3885626,62066192.00
2024/11/12,15.95,16.16,15.65,15.78,4756097,77033272.00
2024/11/13,15.67,15.85,15.45,15.68,2655815,42203176.00
2024/11/14,15.68,15.71,15.18,15.23,2300123,36131080.00
2024/11/15,15.24,15.64,15.03,15.06,2800120,43678752.00
2024/11/18,15.09,15.31,14.51,14.62,2668669,40128820.00
2024/11/19,14.66,15.02,14.63,15.02,1920100,28892668.00
2024/11/20,14.88,15.21,14.85,15.20,2310565,35459956.00
2024/11/21,15.15,15.33,15.05,15.22,1980359,30599178.00
2024/11/22,15.25,15.31,14.52,14.55,2713926,41024168.00
2024/11/25,14.55,14.93,14.51,14.90,1830660,27422188.00
2024/11/26,14.90,16.20,14.87,16.12,9151475,146145536.00
2024/11/27,16.04,16.04,15.45,15.96,5069606,81319968.00
2024/11/28,15.91,16.33,15.86,15.97,4675090,76329744.00
2024/11/29,15.95,16.51,15.85,16.22,7188569,118910568.00
2024/12/02,16.24,16.37,15.95,16.21,4923598,80823088.00
2024/12/03,16.24,16.26,15.81,15.87,4598950,74602448.00
2024/12/04,15.84,16.68,15.59,16.24,6549220,107762200.00
2024/12/05,16.08,17.40,15.88,17.32,11745313,199769088.00
2024/12/06,16.92,17.21,16.68,16.96,7426787,127276112.00
2024/12/09,16.96,17.15,16.61,16.64,4969650,84893816.00
2024/12/10,16.96,17.75,16.76,16.87,6860627,119325544.00
2024/12/11,16.74,17.43,16.70,17.07,6552837,114163360.00
2024/12/12,17.20,17.43,16.84,17.26,6335286,110401536.00
2024/12/13,17.20,17.22,16.77,16.81,4956387,85274384.00
2024/12/16,16.82,16.89,16.12,16.24,5767950,96144696.00
2024/12/17,16.15,16.20,15.49,15.65,4286820,68582936.00
2024/12/18,15.69,15.84,15.30,15.45,3247690,51470788.00
2024/12/19,15.30,15.78,14.98,15.55,3889969,60591480.00
2024/12/20,15.43,15.94,15.43,15.70,4435300,70804096.00
2024/12/23,15.48,15.67,14.72,14.77,4052547,62007144.00
2024/12/24,14.78,14.95,14.59,14.84,2719349,40882788.00
2024/12/25,14.83,14.95,14.35,14.48,3575417,53023968.00
2024/12/26,14.54,15.37,14.43,14.97,4955169,74741232.00
2024/12/27,14.90,15.13,14.77,14.80,3356498,50867576.00
2024/12/30,14.79,14.80,14.48,14.67,2346377,34899028.00
2024/12/31,14.65,14.74,13.95,14.13,3016299,44011460.00
2025/01/02,14.04,14.37,13.65,13.79,3012409,43074720.00
2025/01/03,13.86,13.93,13.34,13.34,3088129,42637720.00
2025/01/06,13.25,13.40,12.85,13.17,3049898,40727052.00
2025/01/07,13.16,13.25,12.86,13.21,3216947,42797972.00
2025/01/08,13.20,13.39,12.77,13.00,3990218,53019556.00
2025/01/09,12.93,13.33,12.85,13.15,4228649,56686592.00
2025/01/10,13.16,13.21,12.65,12.69,4327490,56660020.00
2025/01/13,12.65,12.79,12.41,12.79,2673519,34364316.00
2025/01/14,12.79,13.22,12.76,13.21,3547350,47207976.00
2025/01/15,13.25,13.25,12.90,13.01,3106867,41282124.00
2025/01/16,13.02,13.18,12.89,13.09,2868867,38159672.00
2025/01/17,13.01,13.32,12.95,13.22,3672565,49333712.00
2025/01/20,13.25,13.41,13.13,13.32,3048859,41203812.00
2025/01/21,13.34,13.35,13.08,13.18,2170818,29129510.00
2025/01/22,13.18,13.18,13.00,13.01,1642800,21896016.00
2025/01/23,13.10,13.26,12.93,12.95,2084010,27830028.00
2025/01/24,12.97,13.34,12.80,13.30,3259779,43182276.00
2025/01/27,13.23,13.81,13.20,13.35,5295288,72571384.00
2025/02/05,13.29,13.43,13.00,13.10,3767547,50377320.00
2025/02/06,13.06,13.33,12.88,13.30,3939816,52724356.00
2025/02/07,13.30,13.63,13.26,13.50,4482839,61395976.00
2025/02/10,13.35,13.70,13.30,13.70,3885696,53498380.00
2025/02/11,13.70,13.81,13.47,13.61,2521170,34875096.00
2025/02/12,13.57,13.66,13.33,13.55,3508097,48111068.00
2025/02/13,13.51,13.61,13.37,13.37,2763218,37954948.00
2025/02/14,13.37,13.90,13.33,13.56,5080037,70344112.00
2025/02/17,13.65,13.66,10.80,13.20,6762482,91019384.00
2025/02/18,13.52,13.52,12.69,12.78,5808790,77329040.00
2025/02/19,12.79,12.88,12.74,12.84,3721696,48617328.00
2025/02/20,12.82,12.99,12.75,12.87,4893437,64273416.00
2025/02/21,12.87,12.95,12.55,12.63,5008605,64659864.00
2025/02/24,12.63,12.85,12.63,12.73,3572796,46339064.00
2025/02/25,12.63,12.68,12.46,12.50,4033647,51668140.00
2025/02/26,12.49,12.75,12.47,12.72,3439840,44185220.00
2025/02/27,12.78,12.85,12.59,12.84,3880429,50428436.00
2025/02/28,12.84,12.91,12.47,12.49,3353799,43364672.00
2025/03/03,12.73,12.81,12.51,12.63,3270000,42304008.00
2025/03/04,12.55,12.78,12.48,12.73,2343998,30278116.00
2025/03/05,12.79,12.81,12.47,12.51,3296700,42197200.00
2025/03/06,12.54,12.60,12.37,12.53,4607250,58786652.00
2025/03/07,12.47,12.55,12.31,12.37,4146100,52468504.00
2025/03/10,12.38,12.53,12.33,12.53,3050320,38802184.00
2025/03/11,12.45,12.64,12.39,12.63,2718680,34703928.00
2025/03/12,12.62,12.66,12.49,12.52,3193348,40882836.00
2025/03/13,12.49,12.52,12.21,12.33,4151417,52334884.00
2025/03/14,12.35,12.94,12.35,12.90,10626600,138150112.00
2025/03/17,12.94,13.19,12.90,13.01,7612623,101196936.00
2025/03/18,13.04,13.13,12.87,12.94,4718307,62209008.00
2025/03/19,12.90,12.94,12.78,12.85,3359570,44021620.00
2025/03/20,12.81,12.99,12.77,12.80,3381490,44345436.00
2025/03/21,12.84,12.85,12.56,12.59,3816000,49299592.00
2025/03/24,12.59,12.67,12.05,12.26,4100099,51489100.00
2025/03/25,12.26,12.37,12.08,12.36,3075600,38327216.00
2025/03/26,12.33,12.70,12.21,12.51,3043680,38903724.00
2025/03/27,12.59,12.64,12.33,12.52,3370800,42934368.00
2025/03/28,12.50,12.58,12.30,12.31,2640067,33397144.00
2025/03/31,12.32,12.33,11.96,12.03,3045860,37534896.00
2025/04/01,12.05,12.65,12.04,12.49,4939141,62842528.00
2025/04/02,12.59,12.84,12.47,12.60,4236245,54745820.00
2025/04/03,12.55,13.03,12.47,12.78,6330178,82845792.00
2025/04/07,12.47,12.75,10.78,11.04,10734919,130415720.00
2025/04/08,11.21,11.89,11.08,11.86,8840884,105478768.00
2025/04/09,11.80,12.31,11.14,12.18,8566025,101982776.00
2025/04/10,12.35,14.22,12.15,13.79,18423290,247680240.00
2025/04/11,13.51,13.75,13.05,13.30,14027382,190263952.00
2025/04/14,13.33,13.80,13.16,13.58,11502888,158575024.00
2025/04/15,13.64,14.61,13.42,14.41,18620681,266260624.00
2025/04/16,13.98,14.30,13.73,13.86,10524256,149634800.00
2025/04/17,13.65,14.24,13.45,14.01,10729306,151757440.00
2025/04/18,13.86,15.57,13.78,14.25,17631640,262802144.00
2025/04/21,14.32,14.91,14.14,14.35,12460750,183154224.00
2025/04/22,14.26,14.49,13.98,14.17,8325050,119915792.00
2025/04/23,14.19,14.83,14.02,14.09,8432198,123042856.00
2025/04/24,14.24,16.38,13.80,15.75,25730369,397078144.00
2025/04/25,15.15,15.45,14.65,14.95,17905155,272357600.00
2025/04/28,14.77,14.81,14.01,14.20,8941689,129680640.00
2025/04/29,14.15,14.37,13.95,14.15,6352500,91640968.00
2025/04/30,14.15,14.31,13.90,13.94,6265599,89806448.00
2025/05/06,13.97,14.70,13.96,14.53,7385607,107698440.00
2025/05/07,14.60,14.67,14.09,14.32,7491393,109475952.00
2025/05/08,14.30,14.44,14.14,14.40,5895163,85658176.00
2025/05/09,14.32,14.42,14.00,14.09,4848178,69858352.00
2025/05/12,14.14,14.20,13.91,14.02,4183192,59655540.00
2025/05/13,14.19,14.25,13.78,13.81,5386916,76369736.00
2025/05/14,13.92,13.92,13.53,13.67,4920828,68386744.00
2025/05/15,13.63,14.90,13.57,14.54,13225675,193484960.00
2025/05/16,14.38,14.48,14.07,14.36,7890091,114770184.00
2025/05/19,14.34,14.40,14.00,14.34,5651226,81632128.00
2025/05/20,14.20,15.05,14.20,14.73,11478600,172368256.00
2025/05/21,14.76,15.04,14.63,14.70,7008650,105199904.00
2025/05/22,14.58,15.01,14.24,14.27,6389113,94509648.00
2025/05/23,14.32,14.43,13.94,13.99,5915227,85413016.00
2025/05/26,13.97,14.61,13.90,14.41,5899499,86199192.00
2025/05/27,14.92,17.34,14.92,17.34,26341989,448468512.00
2025/05/28,17.75,18.72,16.83,17.01,42497801,767343680.00
2025/05/29,16.82,17.01,16.13,16.55,28347134,473372608.00
2025/05/30,16.24,16.33,15.54,15.76,20438737,327154368.00
2025/06/03,15.56,16.60,15.49,16.57,21013152,344585088.00
2025/06/04,16.25,16.46,16.00,16.26,16508280,271566080.00
2025/06/05,16.10,16.70,15.91,16.08,14878329,244914656.00
2025/06/06,15.99,16.06,15.29,15.45,12621151,199062384.00
2025/06/09,15.50,16.51,15.37,16.33,13224580,215703008.00
2025/06/10,16.33,16.46,15.97,16.11,11147893,183246416.00
2025/06/11,16.20,16.25,15.98,16.10,6124950,100075400.00
2025/06/12,16.03,16.33,15.96,16.18,6843000,112059168.00
2025/06/13,16.11,16.12,15.52,15.65,7315879,116803352.00
2025/06/16,15.53,15.84,15.53,15.84,3991880,63860828.00
2025/06/17,15.84,15.94,15.54,15.67,4283810,68295296.00
2025/06/18,15.56,15.60,15.13,15.35,5019400,78033232.00
2025/06/19,15.23,15.45,14.97,15.07,3914750,60252344.00
2025/06/20,15.05,15.19,14.95,14.97,2284460,34978288.00
2025/06/23,14.96,15.14,14.78,15.14,2621850,40024776.00
2025/06/24,15.20,15.39,14.98,15.37,3628750,56468216.00
2025/06/25,15.38,15.52,15.10,15.32,3602272,55876680.00
2025/06/26,15.30,15.44,15.08,15.08,5508750,85364416.00
2025/06/27,15.08,15.45,15.05,15.14,4957548,76548472.00
2025/06/30,15.12,15.42,15.01,15.34,5836447,90560784.00
2025/07/01,15.29,16.19,15.29,16.13,12721064,205343872.00
2025/07/02,15.98,16.53,15.97,16.08,8935160,146817808.00
2025/07/03,16.08,16.55,15.95,16.40,8934142,148451152.00
2025/07/04,16.40,19.25,16.40,18.51,29778196,543033344.00
2025/07/07,18.56,18.85,17.95,18.23,16786835,311429536.00
2025/07/08,18.54,18.73,18.05,18.23,9521507,176941920.00
2025/07/09,18.11,18.49,17.63,17.72,10567639,192392368.00
2025/07/10,17.78,17.85,16.98,17.12,10678490,186994480.00
2025/07/11,17.11,17.16,16.88,17.13,6630750,114452704.00
2025/07/14,17.13,17.20,16.81,16.94,5139749,88423360.00
2025/07/15,16.94,17.08,16.68,16.94,4987649,85357120.00
2025/07/16,17.05,17.11,16.85,17.03,3983750,68116352.00
2025/07/17,16.99,17.18,16.91,17.03,4902650,83850232.00
2025/07/18,17.03,17.13,16.81,16.96,5805750,98900688.00
2025/07/21,16.99,17.10,16.87,17.06,4563799,78042784.00
2025/07/22,17.09,17.18,16.82,17.05,5269252,90093352.00
2025/07/23,17.10,17.67,16.93,17.10,10726503,186570800.00
2025/07/24,17.10,17.56,17.10,17.48,7649299,133510584.00
2025/07/25,17.63,17.67,16.97,17.06,8427740,146466416.00
2025/07/28,17.06,17.15,16.86,16.89,5198070,88549264.00
2025/07/29,17.67,17.81,16.86,17.02,7495646,129447032.00
2025/07/30,17.02,17.24,16.81,16.99,5880549,100879560.00
2025/07/31,17.00,17.29,16.66,16.90,7583149,128758264.00
2025/08/01,16.73,20.30,16.73,20.30,34245883,663050304.00
2025/08/04,20.30,23.10,20.09,22.56,40354032,869665664.00
2025/08/05,22.40,23.66,20.01,20.23,42568280,914898176.00
2025/08/06,20.29,20.50,19.19,19.42,25906341,511196224.00
2025/08/07,19.35,19.82,18.97,19.16,17521483,340348160.00
2025/08/08,19.11,19.57,18.88,19.10,13912774,268136464.00
2025/08/11,19.44,20.66,19.16,20.06,20341446,406993120.00
2025/08/12,19.90,20.30,19.54,19.69,12788699,254710128.00
2025/08/13,19.75,20.05,19.42,19.79,9984577,197890960.00
2025/08/14,19.64,19.73,19.03,19.10,8580379,167069344.00
2025/08/15,19.11,19.31,19.00,19.28,5317090,102484784.00
2025/08/18,19.38,19.68,19.29,19.50,7877961,154477120.00
2025/08/19,19.55,20.27,19.33,20.06,14353147,286971072.00
2025/08/20,19.68,20.60,19.40,20.60,15153499,303083360.00
2025/08/21,21.92,24.56,20.99,21.24,35957258,813925568.00
2025/08/22,20.70,21.10,20.22,20.39,18597814,382974304.00
2025/08/25,20.15,20.49,20.08,20.25,13711914,279272672.00
2025/08/26,20.27,20.76,19.81,19.86,15939010,322504288.00
2025/08/27,19.75,19.98,19.13,19.14,11265100,222291664.00
2025/08/28,19.14,19.79,18.45,19.69,12193068,235480544.00
2025/08/29,19.82,19.82,19.08,19.11,8157050,158739184.00
2025/09/01,19.11,19.46,19.01,19.39,6812850,132328496.00
2025/09/02,19.45,19.53,18.92,19.04,7128467,137619024.00
2025/09/03,19.04,19.20,18.24,18.25,7410210,138478288.00
2025/09/04,18.25,18.79,18.19,18.50,7289810,135881456.00
2025/09/05,18.65,18.85,18.13,18.82,5667456,105827328.00
2025/09/08,18.10,18.61,17.52,18.36,11296390,207091008.00
2025/09/09,18.27,19.27,18.21,18.78,10028350,188644000.00
2025/09/10,18.80,19.32,18.40,19.10,9218239,175210528.00
2025/09/11,19.04,19.05,18.61,18.92,7374058,139716848.00
2025/09/12,18.98,19.27,18.75,18.83,7232184,138091824.00
2025/09/15,18.70,19.39,18.54,19.01,5845249,111772544.00
2025/09/16,18.93,19.15,18.76,19.08,4778449,91085528.00
2025/09/17,19.10,19.26,18.92,19.01,5698970,109413152.00
2025/09/18,19.01,19.28,18.36,18.55,6667240,126654248.00
2025/09/19,18.54,18.99,18.17,18.19,6895540,128674400.00
2025/09/22,18.19,18.32,17.59,17.77,6975485,125031456.00
2025/09/23,17.77,17.90,17.07,17.39,5598950,97573832.00
2025/09/24,17.39,17.82,17.35,17.82,3212354,57016896.00
2025/09/25,17.83,17.90,17.43,17.46,3709598,65655100.00
2025/09/26,17.49,17.66,17.15,17.30,3293937,57723424.00
2025/09/29,17.30,17.56,16.90,17.56,3635549,63295452.00
2025/09/30,17.52,17.73,17.32,17.34,2989250,52553536.00
2025/10/09,17.69,17.69,16.89,17.04,5849740,100271040.00
2025/10/10,16.95,17.47,16.94,17.23,3992349,69247912.00
2025/10/13,16.73,17.25,16.27,16.84,5320889,90323624.00
2025/10/14,16.84,17.07,16.47,16.50,3946509,66382096.00
2025/10/15,16.70,16.97,16.47,16.91,3691499,62405652.00
2025/10/16,16.88,17.01,16.67,16.72,2874000,48680284.00
2025/10/17,16.70,16.92,16.51,16.51,3246100,54701368.00
2025/10/20,16.62,16.92,16.30,16.46,3803350,63447240.00
2025/10/21,16.46,16.89,16.36,16.84,3377570,56646184.00
2025/10/22,18.73,19.50,17.51,17.58,24824738,459676672.00
2025/10/23,17.35,17.40,16.69,16.86,16177799,275334208.00
2025/10/24,17.17,17.17,16.72,16.93,8371200,142061200.00
2025/10/27,16.81,17.25,16.78,16.93,7335250,125188992.00
2025/10/28,16.77,17.19,16.76,16.99,6538440,111833752.00
2025/10/29,16.99,17.66,16.69,17.50,9677299,167577376.00
2025/10/30,17.47,17.50,16.97,17.01,6603450,114027992.00
2025/10/31,16.99,17.48,16.99,17.38,6090160,105537792.00
2025/11/03,17.26,17.61,17.19,17.59,5948324,104510616.00
2025/11/04,17.50,17.61,17.22,17.40,4196200,73548896.00
2025/11/05,17.22,17.58,17.21,17.35,4348070,76086704.00
2025/11/06,17.35,17.40,17.22,17.29,2943230,51246244.00
2025/11/07,17.24,17.38,17.07,17.09,3337850,57873808.00
2025/11/10,17.15,17.99,17.07,17.90,8728698,155175680.00
2025/11/11,17.99,17.99,17.60,17.81,4991149,89159592.00
2025/11/12,18.30,19.39,18.01,19.07,20821921,393093440.00
2025/11/13,18.70,19.24,18.36,19.08,12681580,240730448.00
2025/11/14,18.98,20.82,18.97,19.80,20099167,407855936.00
2025/11/17,19.73,19.76,19.06,19.20,10092430,196198480.00
2025/11/18,19.08,19.33,18.52,18.65,8187299,154593632.00
2025/11/19,18.72,18.97,18.38,18.71,7054749,132148448.00
2025/11/20,18.52,18.79,18.25,18.64,7144100,133094312.00
2025/11/21,18.11,18.60,17.82,18.07,6916140,126653400.00
2025/11/24,18.22,18.77,18.10,18.27,5369158,99332488.00
2025/11/25,18.48,18.74,18.30,18.46,5104459,95005544.00
2025/11/26,18.35,18.69,17.73,17.89,7698210,140443168.00
2025/11/27,17.94,18.11,17.72,17.81,4362910,78331280.00
2025/11/28,17.78,18.08,17.62,18.06,3471240,62591844.00
2025/12/01,18.07,18.13,17.83,17.88,3044070,54975012.00
2025/12/02,17.87,18.08,17.50,17.92,4046170,72669184.00
2025/12/03,17.96,18.04,17.55,17.66,2977820,53039532.00
2025/12/04,17.66,17.79,17.33,17.38,2629800,46346324.00
2025/12/05,17.40,17.40,17.03,17.28,3434070,59411176.00
2025/12/08,17.41,17.46,16.99,17.06,4783465,82634936.00
2025/12/09,17.15,17.21,16.98,17.01,3255110,55900384.00
2025/12/10,16.96,17.11,16.74,16.85,3165149,53733424.00
2025/12/11,16.84,16.84,16.45,16.45,3606770,60163576.00
2025/12/12,16.45,16.76,16.32,16.55,3453700,57569184.00
2025/12/15,16.53,16.84,16.35,16.70,3281700,55079572.00
2025/12/16,16.80,17.08,16.38,16.44,4120222,68886208.00
2025/12/17,16.38,16.59,16.01,16.26,4193600,68699632.00
2025/12/18,16.30,16.57,16.19,16.32,2859619,47172880.00
2025/12/19,16.33,16.71,16.23,16.69,3741870,62145496.00
2025/12/22,16.67,16.80,16.56,16.71,3546000,59471508.00
2025/12/23,16.91,17.08,16.40,16.54,4526300,75440152.00
2025/12/24,16.46,16.75,16.43,16.72,2719500,45503676.00
2025/12/25,16.75,17.14,16.69,17.05,4069699,69334136.00
2025/12/26,17.15,17.55,16.62,16.66,4886409,83105752.00
2025/12/29,16.62,17.00,16.51,16.77,4009741,67698976.00
2025/12/30,16.71,16.90,16.46,16.48,3161150,52840100.00
2025/12/31,16.50,16.76,16.31,16.67,2953385,49069380.00
2026/01/05,16.67,17.26,16.54,17.14,5191805,88778144.00
2026/01/06,17.15,17.23,16.90,17.20,4423100,76103936.00
2026/01/07,17.13,17.25,16.91,17.10,5005899,85974752.00
2026/01/08,17.07,17.30,16.95,17.27,4043190,69792640.00
2026/01/09,17.26,17.37,17.08,17.19,4762188,82413120.00
2026/01/12,17.21,17.61,17.13,17.58,4930343,86312528.00
2026/01/13,17.71,18.28,17.40,17.93,9477900,170281104.00
2026/01/14,17.90,18.09,17.50,17.77,7542710,135182176.00
2026/01/15,17.85,17.90,17.33,17.51,5634470,99374232.00
2026/01/16,17.59,17.79,17.25,17.77,6118770,107812928.00
2026/01/19,17.70,18.02,17.52,18.01,6358150,113884672.00
2026/01/20,17.99,18.19,17.77,18.01,5161920,93263504.00
2026/01/21,17.98,18.68,17.78,18.60,9298240,171027072.00
2026/01/22,18.49,18.80,18.10,18.58,9214072,170283360.00
2026/01/23,18.60,18.65,18.16,18.23,5563820,102610936.00
2026/01/26,18.23,18.97,17.91,18.91,12052400,224380256.00
2026/01/27,18.67,19.46,18.58,18.91,9845048,187141632.00
2026/01/28,18.82,19.59,18.67,18.81,7386859,141013008.00
2026/01/29,18.70,19.02,18.51,18.87,5632281,106828512.00
2026/01/30,18.72,19.35,18.63,19.23,8025946,154480224.00
2026/02/02,19.10,19.22,18.72,18.83,7219870,137467568.00
2026/02/03,18.96,19.09,18.38,18.52,5991788,111867128.00
2026/02/04,18.52,18.62,18.26,18.49,3688259,68327312.00
2026/02/05,18.47,18.67,18.36,18.40,2865209,53310456.00
2026/02/06,18.29,19.03,18.29,18.81,4387270,82697616.00
2026/02/09,18.84,19.05,18.63,18.69,3827451,72292808.00
2026/02/10,18.62,18.72,18.33,18.42,3359139,62242928.00
2026/02/11,18.40,18.55,18.26,18.45,2111040,39104368.00
2026/02/12,18.45,18.45,17.98,18.02,3215940,58590384.00
2026/02/13,18.12,18.20,17.82,17.82,3365958,60833056.00
2026/02/24,17.95,18.00,17.76,17.91,2438550,43833880.00
2026/02/25,17.97,18.06,17.85,17.89,2632400,47509612.00
2026/02/26,17.94,18.00,17.55,17.68,3170240,56333060.00
2026/02/27,17.69,17.95,17.54,17.87,2294200,41082548.00
2026/03/02,17.68,17.75,17.09,17.22,4165610,72624896.00
2026/03/03,17.32,17.38,16.53,16.56,3689170,62647412.00
2026/03/04,16.40,16.66,16.05,16.15,4369638,71626840.00
2026/03/05,16.32,16.53,16.18,16.31,2964041,48768216.00
2026/03/06,16.35,16.67,16.23,16.58,3205831,53449560.00
2026/03/09,16.55,16.98,16.51,16.74,4367019,73654312.00
2026/03/10,16.76,17.05,16.73,16.87,2898270,49168808.00
2026/03/11,17.03,17.03,16.55,16.65,2649500,44549912.00
2026/03/12,16.75,16.77,16.50,16.56,1823740,30454988.00
2026/03/13,16.58,17.04,16.46,16.75,2983910,50504704.00
2026/03/16,16.73,17.08,16.71,16.85,2988620,50789760.00
2026/03/17,16.90,16.90,13.46,16.16,3926055,65055888.00
2026/03/18,16.62,16.62,16.11,16.36,2726041,44693920.00
2026/03/19,16.29,16.42,15.90,15.94,2487400,40297200.00
2026/03/20,16.18,16.18,15.30,15.33,3535910,55516612.00
2026/03/23,15.17,15.17,14.35,14.41,3584090,53130520.00
2026/03/24,14.73,15.18,14.56,15.09,4264368,63799648.00
2026/03/25,15.16,15.30,15.10,15.27,1889651,28955594.00
2026/03/26,15.28,15.53,14.96,15.06,2312959,35362484.00
2026/03/27,14.91,18.09,14.91,18.09,15293740,264331264.00
2026/03/30,17.58,19.39,17.19,18.69,29926112,548265728.00
2026/03/31,18.02,18.53,17.80,18.53,18803356,343148416.00
2026/04/01,18.40,19.37,17.87,19.15,26230584,493623392.00
2026/04/02,18.45,18.85,18.11,18.61,17604301,325846624.00
2026/04/03,18.16,18.74,17.93,17.95,14316748,262097904.00
2026/04/07,18.00,18.21,17.63,18.10,11874989,214585104.00
2026/04/08,18.35,18.69,17.90,18.67,15658707,288744512.00
2026/04/09,18.30,18.30,17.73,18.03,12599050,227709536.00
2026/04/10,18.04,18.62,17.79,18.50,13476335,248158592.00
2026/04/13,18.49,18.78,18.28,18.77,12961042,242264624.00
2026/04/14,18.60,21.40,18.40,21.20,27447490,542639424.00
2026/04/15,21.99,22.50,20.35,21.23,30988610,666115584.00
2026/04/16,20.41,24.06,19.58,23.40,40012165,871542400.00
2026/04/17,22.88,26.98,22.88,25.35,43939755,1123123456.00
2026/04/20,24.30,24.88,22.81,23.14,34510543,812392064.00
2026/04/21,22.91,24.05,22.50,23.35,28215366,660577728.00
2026/04/22,24.11,24.27,21.76,22.38,37055898,853552128.00
2026/04/23,22.45,24.40,22.45,23.05,42527225,999116672.00
2026/04/24,23.54,23.89,21.05,21.12,37857060,842235264.00
2026/04/27,20.80,21.76,19.34,19.40,39632289,809999424.00
2026/04/28,19.40,19.45,18.58,18.69,23364188,441799168.00
2026/04/29,17.93,18.50,17.93,18.19,20572368,376310880.00
2026/04/30,18.01,18.20,17.72,17.75,16161900,290815872.00
2026/05/06,17.79,18.67,17.75,18.07,14200889,259523088.00
2026/05/07,18.18,18.19,17.46,17.80,15521030,278545408.00
2026/05/08,17.86,18.98,17.63,18.73,25393040,471187584.00
2026/05/11,18.74,19.33,18.17,18.52,19505718,363657760.00
2026/05/12,18.27,18.51,17.92,18.20,13099980,239709776.00
2026/05/13,18.29,18.52,17.90,17.97,13149950,239595168.00
2026/05/14,18.07,18.58,17.69,17.81,13976670,254046816.00
2026/05/15,17.95,18.20,17.48,17.56,10848888,193357504.00
2026/05/18,17.50,17.50,17.11,17.28,9094730,158153136.00
2026/05/19,17.26,17.77,17.15,17.50,7286979,127720400.00
2026/05/20,17.30,17.60,17.07,17.46,7456100,129593832.00
2026/05/21,17.43,17.83,17.14,17.26,10147039,179182416.00
2026/05/22,17.28,17.32,16.92,17.15,6759400,116442224.00
2026/05/25,17.14,17.39,16.75,17.13,6210467,106379688.00
2026/05/26,17.06,17.06,16.27,16.78,7046970,118593360.00
2026/05/27,16.76,16.90,16.23,16.35,6480486,107020056.00
2026/05/28,16.10,16.36,15.89,16.19,5878650,95477296.00
2026/05/29,16.12,16.38,15.98,16.05,6474950,105255288.00
2026/06/01,16.03,16.33,15.82,16.09,5390850,87678096.00
2026/06/02,16.10,16.10,15.56,15.67,5127921,81093760.00
2026/06/03,15.67,15.79,15.45,15.63,4404046,69202456.00
2026/06/04,15.53,15.60,15.16,15.27,4943961,76101880.00
2026/06/05,15.30,15.98,15.30,15.48,6994750,109527232.00
2026/06/08,15.10,15.53,14.88,15.17,6871516,105157328.00
2026/06/09,15.48,15.49,14.93,15.22,4540700,69079232.00
2026/06/10,15.28,15.49,15.04,15.41,5665650,87175696.00
2026/06/11,15.25,15.41,14.95,15.08,4286300,65339928.00
2026/06/12,15.34,15.44,14.96,15.36,4818919,73902608.00
2026/06/15,15.36,15.68,15.31,15.49,4765900,74155464.00
2026/06/16,15.50,15.50,15.05,15.18,4396452,67198992.00
2026/06/17,15.17,15.22,14.91,14.96,3881600,58701104.00
2026/06/18,14.98,15.87,14.60,15.50,7938162,121738144.00
2026/06/22,15.30,15.48,14.95,15.30,6860838,104709704.00
2026/06/23,15.30,15.75,15.25,15.41,5436209,84847288.00
2026/06/24,15.59,15.59,14.87,14.97,7854930,119961400.00
2026/06/25,14.83,15.05,14.45,14.70,6833972,101139296.00
2026/06/26,14.61,14.65,14.08,14.14,4760732,68641424.00
2026/06/29,13.95,15.50,13.93,15.19,9718395,145655296.00
2026/06/30,15.18,15.24,14.77,15.09,6059472,91515720.00
2026/07/01,14.98,15.54,14.84,15.42,5890954,90532824.00
2026/07/02,15.43,15.95,15.30,15.33,6405310,100484624.00
2026/07/03,15.34,15.56,15.11,15.26,4988320,76666944.00
2026/07/06,15.26,15.71,15.18,15.39,4979760,77640864.00
2026/07/07,15.30,15.32,14.60,14.62,5335400,79911520.00
2026/07/08,14.56,14.66,14.14,14.21,4569100,65853420.00
2026/07/09,14.22,14.32,13.66,14.01,4424500,62058948.00
2026/07/10,14.05,14.69,13.87,14.62,5169100,74928816.00
2026/07/13,14.62,14.70,14.08,14.16,3921402,55956680.00
2026/07/14,14.17,14.60,14.00,14.38,4173251,59833716.00
2026/07/15,14.25,15.08,14.21,14.75,4840900,71604008.00
2026/07/16,14.60,15.15,14.50,14.96,5754766,85946072.00
2026/07/17,14.85,15.03,14.05,14.18,5665602,81742952.00
2026/07/20,14.33,14.51,13.68,14.00,5212720,73274056.00
2026/07/21,14.01,14.09,13.51,13.74,5021250,68948840.00
2026/07/22,13.75,13.91,13.46,13.55,3352350,45735380.00
2026/07/23,13.42,13.68,13.41,13.63,2915539,39518684.00
2026/07/24,13.60,13.65,13.02,13.03,3894851,51691888.00
2026/07/27,13.13,13.47,13.04,13.46,2750301,36807388.00
2026/07/28,13.40,13.66,13.38,13.57,2282777,30961216.00
2026/07/29,13.50,14.08,13.50,13.87,3896150,54134292.00
2026/07/30,13.80,14.35,13.62,13.67,4791200,66854460.00
2026/07/31,13.54,13.95,13.52,13.92,2792670,38702696.00
2026/08/03,13.83,14.18,13.83,14.14,2609500,36702212.00
2026/08/04,14.14,14.34,14.09,14.23,3346800,47636828.00
2026/08/05,14.30,14.52,14.18,14.41,3628801,52050156.00
2026/08/06,14.42,14.42,14.14,14.39,2908060,41585772.00
2026/08/07,14.42,14.65,14.19,14.56,4047300,58408988.00
2026/08/10,14.41,14.83,14.41,14.75,3614100,53105744.00
2026/08/11,14.64,14.90,14.56,14.72,2975701,43885076.00
2026/08/12,14.72,15.19,14.66,15.06,4510460,67392760.00
2026/08/13,14.99,16.57,14.85,15.80,14400692,229294416.00
2026/08/14,15.60,15.73,15.19,15.29,8513187,131074848.00
2026/08/17,15.28,15.28,14.92,15.10,5112729,77102968.00
2026/08/18,15.10,15.92,15.00,15.36,8213106,126824768.00
2026/08/19,15.02,16.16,15.01,15.79,11621860,182224224.00
2026/08/20,15.70,16.50,15.50,15.85,11052675,175981808.00
2026/08/21,15.56,15.91,15.31,15.40,6607410,102607024.00
2026/08/24,15.30,15.40,14.48,14.55,6832809,100980720.00
2026/08/25,14.52,14.92,14.51,14.85,4425650,65385304.00
2026/08/26,15.11,15.25,14.69,14.69,4066348,60454864.00
2026/08/27,14.71,14.86,14.61,14.70,2620800,38557812.00
2026/08/28,14.79,14.81,14.57,14.69,2006200,29471884.00
2026/08/31,14.58,14.68,14.36,14.58,2440800,35383720.00
2026/09/01,14.56,14.87,14.46,14.77,2667977,39307796.00
2026/09/02,14.67,14.75,14.38,14.39,2645587,38222448.00
2026/09/03,14.45,14.57,14.23,14.28,2078600,29881226.00
2026/09/04,14.31,15.05,14.31,14.83,5787374,85291576.00
2026/09/07,14.83,14.97,14.70,14.77,3096600,45863216.00
2026/09/08,14.76,14.96,14.71,14.93,2576700,38367464.00
2026/09/09,14.81,14.90,14.48,14.56,2439201,35716232.00
2026/09/10,14.38,14.50,14.10,14.12,3154550,44802240.00
2026/09/11,14.02,14.05,13.62,13.69,2662974,36676192.00
2026/09/14,13.81,13.92,13.56,13.83,1594900,21971686.00
#数据来源:通达信
