300765 石药创新 日线 前复权
      日期	    开盘	    最高	    最低	    收盘	    成交量	    成交额
2021/08/02,5.38,5.55,5.31,5.52,3463534,43894800.00
2021/08/03,5.53,5.69,5.45,5.57,3414928,44435388.00
2021/08/04,5.60,5.60,5.45,5.50,2398383,30754600.00
2021/08/05,5.50,5.52,5.32,5.35,3103474,39069996.00
2021/08/06,5.35,5.44,5.29,5.43,1769065,22128580.00
2021/08/09,5.45,5.68,5.42,5.56,3030225,39276892.00
2021/08/10,5.54,5.63,5.50,5.60,2402841,31097410.00
2021/08/11,5.57,5.61,5.51,5.52,2179815,28112860.00
2021/08/12,5.51,5.57,5.50,5.53,1501002,19314020.00
2021/08/13,5.51,5.54,5.42,5.45,2140528,27236384.00
2021/08/16,5.48,5.57,5.43,5.55,2018668,25896556.00
2021/08/17,5.55,5.55,5.37,5.38,2369212,30036336.00
2021/08/18,5.38,5.44,5.35,5.43,1503046,18891014.00
2021/08/19,5.43,5.51,5.40,5.44,1207293,15298495.00
2021/08/20,5.45,5.45,5.19,5.20,3486419,42734036.00
2021/08/23,5.22,5.28,5.19,5.27,1590864,19518428.00
2021/08/24,5.28,5.32,5.24,5.30,1564059,19288240.00
2021/08/25,5.31,5.33,5.24,5.27,1546529,19044240.00
2021/08/26,5.29,5.29,5.19,5.20,2081773,25332620.00
2021/08/27,5.20,5.21,5.06,5.08,2686206,32119096.00
2021/08/30,5.08,5.09,4.97,4.98,2058673,24106524.00
2021/08/31,4.98,5.11,4.94,5.10,1961857,23015058.00
2021/09/01,5.13,5.25,5.06,5.22,2805924,34032068.00
2021/09/02,5.18,5.24,5.14,5.21,1524785,18437344.00
2021/09/03,5.23,5.25,5.19,5.20,1559623,19021236.00
2021/09/06,5.21,5.27,5.21,5.26,1660379,20355838.00
2021/09/07,5.26,5.28,5.22,5.27,1702351,20885830.00
2021/09/08,5.27,5.35,5.25,5.34,2147019,26610442.00
2021/09/09,5.32,5.35,5.28,5.31,1370326,16960640.00
2021/09/10,5.31,5.35,5.26,5.29,1602035,19804528.00
2021/09/13,5.30,5.37,5.25,5.35,1909965,23693400.00
2021/09/14,5.32,5.50,5.26,5.27,2783191,34956632.00
2021/09/15,5.26,5.32,5.17,5.19,1848445,22479970.00
2021/09/16,5.19,5.44,5.19,5.32,3852536,47999944.00
2021/09/17,5.30,5.80,5.25,5.64,7829049,101764840.00
2021/09/22,5.53,5.59,5.45,5.52,3620245,46404332.00
2021/09/23,5.53,5.66,5.48,5.64,3119855,40467824.00
2021/09/24,5.65,5.99,5.51,5.73,5649194,75562016.00
2021/09/27,5.74,5.98,5.65,5.84,5338053,72072600.00
2021/09/28,5.78,5.79,5.51,5.56,3452126,44840348.00
2021/09/29,5.53,5.55,5.30,5.32,3023147,38110848.00
2021/09/30,5.33,5.44,5.33,5.39,1209552,15188461.00
2021/10/08,5.44,5.72,5.38,5.63,3442284,44733420.00
2021/10/11,5.63,5.73,5.55,5.57,2097116,27313732.00
2021/10/12,5.69,5.70,5.44,5.52,2129549,27447436.00
2021/10/13,5.50,5.65,5.49,5.64,1827384,23721664.00
2021/10/14,5.64,5.67,5.56,5.63,1625884,21170416.00
2021/10/15,5.61,5.61,5.33,5.36,3604962,45617984.00
2021/10/18,5.32,5.39,5.20,5.38,1772255,21873668.00
2021/10/19,5.38,5.40,5.32,5.32,1303316,16269112.00
2021/10/20,5.32,5.35,5.25,5.29,1167812,14377751.00
2021/10/21,5.30,5.31,5.20,5.22,1173741,14392712.00
2021/10/22,5.26,5.34,5.20,5.27,1151237,14135113.00
2021/10/25,5.26,5.38,5.23,5.37,1377183,17101526.00
2021/10/26,5.36,5.38,5.24,5.25,1272730,15704888.00
2021/10/27,5.25,5.25,5.07,5.12,1867831,22446456.00
2021/10/28,5.17,5.19,5.07,5.08,1027460,12264884.00
2021/10/29,5.12,5.26,5.07,5.23,1383442,16675449.00
2021/11/01,5.25,5.36,5.20,5.29,1427822,17623720.00
2021/11/02,5.29,5.34,5.13,5.20,1835282,22404026.00
2021/11/03,5.20,5.29,5.20,5.24,1041816,12751230.00
2021/11/04,5.27,5.42,5.25,5.39,2161787,27029830.00
2021/11/05,5.43,5.46,5.34,5.36,1532794,19259294.00
2021/11/08,5.35,5.37,5.25,5.33,1082110,13411267.00
2021/11/09,5.32,5.38,5.28,5.38,1073096,13398770.00
2021/11/10,5.34,5.50,5.34,5.47,2295673,28993560.00
2021/11/11,5.42,5.55,5.41,5.54,2212301,28377274.00
2021/11/12,5.46,5.55,5.45,5.53,1736009,22203932.00
2021/11/15,5.55,5.63,5.50,5.63,2531680,32936650.00
2021/11/16,5.63,5.71,5.55,5.55,2306919,29974994.00
2021/11/17,5.55,5.72,5.55,5.68,2608233,34282516.00
2021/11/18,5.64,5.71,5.52,5.55,2317823,30162614.00
2021/11/19,5.55,5.76,5.54,5.68,3512968,46168168.00
2021/11/22,5.80,5.80,5.57,5.60,2364026,30785038.00
2021/11/23,5.57,5.68,5.51,5.65,3454634,44964124.00
2021/11/24,5.66,5.74,5.63,5.66,1989387,26183738.00
2021/11/25,5.64,5.86,5.64,5.82,5307399,71295408.00
2021/11/26,5.79,5.82,5.69,5.71,2106632,28033594.00
2021/11/29,5.69,5.77,5.60,5.67,2249052,29581642.00
2021/11/30,5.69,5.74,5.63,5.68,1801059,23737106.00
2021/12/01,5.63,6.32,5.63,6.32,11520912,160363376.00
2021/12/02,6.95,7.67,6.95,7.67,41691361,716547648.00
2021/12/03,7.02,7.84,6.84,7.52,42990107,716814656.00
2021/12/06,7.49,8.05,7.38,7.59,36153686,636780160.00
2021/12/07,7.29,7.91,7.17,7.89,28242928,490052704.00
2021/12/08,7.64,7.88,7.34,7.77,26886059,465434336.00
2021/12/09,7.61,7.63,7.12,7.13,23594759,394452736.00
2021/12/10,7.16,7.37,7.06,7.24,13842685,228033872.00
2021/12/13,7.07,7.10,6.53,6.59,22742476,348533760.00
2021/12/14,6.61,6.76,6.48,6.72,13889391,211698800.00
2021/12/15,6.65,6.98,6.59,6.84,15533365,242275056.00
2021/12/16,6.82,6.89,6.66,6.86,10746878,167007136.00
2021/12/17,6.83,6.96,6.61,6.63,9462405,146239360.00
2021/12/20,6.73,7.07,6.63,7.01,17252873,273785952.00
2021/12/21,6.85,7.30,6.77,6.95,14275737,230352944.00
2021/12/22,6.85,7.24,6.85,7.14,12566203,203093648.00
2021/12/23,7.27,7.34,6.76,6.78,12839359,204491280.00
2021/12/24,6.66,6.73,6.31,6.34,12506875,186780400.00
2021/12/27,6.34,6.62,6.31,6.49,6259123,93473944.00
2021/12/28,6.52,6.56,6.34,6.42,5304630,78289912.00
2021/12/29,6.45,6.56,6.32,6.55,8683641,128526384.00
2021/12/30,6.55,6.71,6.17,6.64,13742258,203141776.00
2021/12/31,6.47,6.91,6.45,6.68,10542291,162944016.00
2022/01/04,6.79,7.23,6.75,7.08,13838166,223912128.00
2022/01/05,7.02,7.06,6.80,6.89,8446012,133848760.00
2022/01/06,6.82,7.04,6.77,6.96,5879265,93334584.00
2022/01/07,6.89,7.30,6.88,7.22,12363417,203249024.00
2022/01/10,7.44,8.49,7.23,8.25,27766563,496912928.00
2022/01/11,7.95,8.09,7.51,7.64,17993741,318442688.00
2022/01/12,7.64,7.74,7.34,7.51,14468625,247840128.00
2022/01/13,7.48,7.63,7.19,7.27,12588791,210784320.00
2022/01/14,7.29,8.02,7.29,7.68,19048620,335784928.00
2022/01/17,7.45,7.72,7.08,7.65,14643026,248657728.00
2022/01/18,7.60,7.72,7.04,7.07,12519180,206282400.00
2022/01/19,7.07,7.12,6.87,7.01,6648024,106326320.00
2022/01/20,7.01,7.61,6.92,7.45,12799525,213307552.00
2022/01/21,7.46,7.46,6.75,6.81,11564823,186797008.00
2022/01/24,6.75,7.03,6.63,6.84,5993908,94162800.00
2022/01/25,6.88,6.91,6.48,6.52,5502246,83468424.00
2022/01/26,6.48,6.72,6.48,6.62,4168442,63473620.00
2022/01/27,6.63,6.66,6.33,6.34,4112936,61109616.00
2022/01/28,6.33,6.72,6.30,6.55,3799327,57120860.00
2022/02/07,6.67,6.74,6.50,6.54,2862855,43161376.00
2022/02/08,6.55,6.65,6.36,6.61,2900655,43691796.00
2022/02/09,6.63,7.89,6.62,7.67,15344914,255612928.00
2022/02/10,7.49,7.66,7.26,7.31,8614382,145449760.00
2022/02/11,7.25,7.46,7.07,7.11,6665509,109970384.00
2022/02/14,6.99,7.25,6.93,7.02,5206588,84444968.00
2022/02/15,7.06,7.44,6.98,7.19,6986736,116088296.00
2022/02/16,7.24,7.62,7.03,7.49,9506764,160060464.00
2022/02/17,7.48,7.48,6.94,7.01,9309053,152287968.00
2022/02/18,6.94,7.09,6.77,7.06,5069103,80390200.00
2022/02/21,7.10,7.43,6.95,7.40,7781625,128829400.00
2022/02/22,7.32,7.38,7.14,7.20,4631203,76507784.00
2022/02/23,7.22,7.48,7.08,7.36,5933064,98935720.00
2022/02/24,7.33,7.68,7.17,7.40,10621816,180672544.00
2022/02/25,7.54,7.55,7.22,7.31,4855237,81740552.00
2022/02/28,7.31,7.51,7.07,7.47,5296059,89099000.00
2022/03/01,7.45,7.62,7.32,7.42,4418435,74970456.00
2022/03/02,7.34,7.49,7.19,7.43,3844487,64732608.00
2022/03/03,7.52,7.52,7.30,7.34,3789747,63926864.00
2022/03/04,7.35,7.67,7.27,7.38,7445587,127583296.00
2022/03/07,7.38,7.39,6.63,6.72,10792024,171069808.00
2022/03/08,6.81,6.82,6.27,6.33,7836794,117009448.00
2022/03/09,6.38,6.57,6.11,6.39,5057236,74044152.00
2022/03/10,6.56,6.65,6.33,6.59,4093609,61763084.00
2022/03/11,6.52,6.75,6.50,6.70,4697473,71699144.00
2022/03/14,6.70,6.76,6.43,6.44,3660582,55342380.00
2022/03/15,6.38,6.44,6.14,6.14,3890232,56411520.00
2022/03/16,6.28,6.42,5.92,6.32,5063313,71933568.00
2022/03/17,6.40,6.69,6.30,6.54,4867490,73391488.00
2022/03/18,6.42,6.62,6.38,6.56,4047154,60797148.00
2022/03/21,6.48,6.88,6.48,6.79,6735081,104820032.00
2022/03/22,6.82,6.85,6.64,6.71,3817886,58978164.00
2022/03/23,6.68,6.83,6.65,6.76,3288144,51016796.00
2022/03/24,6.74,6.97,6.74,6.81,4203077,65891196.00
2022/03/25,6.80,6.85,6.67,6.69,3710359,57405380.00
2022/03/28,6.70,6.72,6.38,6.44,3891881,57885436.00
2022/03/29,6.48,6.56,6.40,6.46,3143640,46831144.00
2022/03/30,6.46,6.59,6.33,6.57,2288844,34181264.00
2022/03/31,6.54,6.91,6.51,6.63,4103159,63422828.00
2022/04/01,6.60,6.60,6.44,6.52,2554748,38205612.00
2022/04/06,6.52,6.66,6.44,6.49,2392154,35959492.00
2022/04/07,6.48,6.50,6.15,6.20,3061244,44485124.00
2022/04/08,6.21,6.25,5.95,5.97,3471674,48327844.00
2022/04/11,5.97,5.97,5.62,5.69,2543132,33964924.00
2022/04/12,5.63,5.84,5.63,5.81,2341830,31100512.00
2022/04/13,5.79,5.80,5.65,5.67,2378544,31535122.00
2022/04/14,5.70,5.78,5.64,5.71,2044243,27093650.00
2022/04/15,5.69,6.30,5.60,6.00,4803231,66542916.00
2022/04/18,5.87,6.00,5.76,5.85,3735015,50557844.00
2022/04/19,5.74,5.92,5.73,5.84,3124310,42149156.00
2022/04/20,5.80,6.13,5.78,6.05,5072428,70359776.00
2022/04/21,6.05,6.16,5.72,5.76,4549890,62352208.00
2022/04/22,5.67,5.69,5.50,5.50,3031865,39196896.00
2022/04/25,5.44,5.46,5.07,5.08,3950976,48313036.00
2022/04/26,5.08,5.30,4.99,5.13,2500314,30130316.00
2022/04/27,5.04,5.34,5.00,5.33,2733349,33260782.00
2022/04/28,5.23,5.45,5.17,5.44,2288811,28541768.00
2022/04/29,5.45,5.53,5.26,5.46,4865278,61198072.00
2022/05/05,5.44,5.67,5.37,5.54,3631662,46994820.00
2022/05/06,5.40,5.72,5.32,5.51,3523028,45194684.00
2022/05/09,5.54,5.65,5.41,5.63,3118353,40534808.00
2022/05/10,5.59,5.79,5.53,5.76,3091009,40878516.00
2022/05/11,5.78,5.92,5.69,5.69,3593664,48528448.00
2022/05/12,5.70,5.85,5.69,5.81,2608918,35008940.00
2022/05/13,5.84,5.93,5.74,5.87,2479352,33509312.00
2022/05/16,5.88,5.92,5.77,5.85,2188116,29655148.00
2022/05/17,5.88,5.88,5.67,5.73,1737010,23105516.00
2022/05/18,5.73,5.82,5.71,5.76,1755477,23514018.00
2022/05/19,5.69,5.76,5.67,5.70,1761083,23315048.00
2022/05/20,5.73,6.10,5.73,5.88,4195846,57261996.00
2022/05/23,5.88,5.94,5.79,5.90,2455953,33303296.00
2022/05/24,5.88,5.92,5.60,5.61,2708338,36054676.00
2022/05/25,5.61,5.67,5.51,5.65,4104957,53218804.00
2022/05/26,5.71,5.72,5.51,5.65,2085446,27245918.00
2022/05/27,5.63,5.71,5.57,5.62,2091741,27392908.00
2022/05/30,5.64,5.73,5.55,5.63,2211392,28834228.00
2022/05/31,5.66,5.75,5.51,5.74,2794072,36617676.00
2022/06/01,5.73,5.87,5.67,5.80,3405917,45644856.00
2022/06/02,5.79,5.83,5.68,5.77,2218373,29675544.00
2022/06/06,5.80,5.90,5.74,5.84,3873350,52305372.00
2022/06/07,5.89,5.95,5.82,5.88,3082543,41493152.00
2022/06/08,5.88,5.98,5.80,5.94,3257264,44010500.00
2022/06/09,5.92,5.97,5.74,5.81,2753640,36764636.00
2022/06/10,5.85,5.94,5.78,5.92,2596608,34942784.00
2022/06/13,5.84,6.03,5.83,5.98,4407131,60131352.00
2022/06/14,5.97,5.98,5.71,5.88,4253456,56738236.00
2022/06/15,5.87,5.92,5.79,5.81,3641292,48813196.00
2022/06/16,5.79,5.92,5.79,5.84,3543911,47553268.00
2022/06/17,5.83,5.84,5.66,5.82,4621793,61032032.00
2022/06/20,5.87,6.07,5.87,6.02,5434914,74297864.00
2022/06/21,6.03,6.30,5.99,6.07,6605527,92840832.00
2022/06/22,6.07,6.23,6.00,6.05,4957215,69210808.00
2022/06/23,6.07,6.07,5.87,6.00,3870073,52747012.00
2022/06/24,5.99,6.04,5.93,6.01,3637092,49746044.00
2022/06/27,6.04,6.13,5.99,6.07,3436908,47445392.00
2022/06/28,6.07,6.08,5.92,6.07,3293108,45214104.00
2022/06/29,6.00,6.24,5.99,6.03,4769863,66935828.00
2022/06/30,6.17,6.46,6.11,6.25,6567492,94085104.00
2022/07/01,6.33,6.33,6.12,6.14,3454533,48695204.00
2022/07/04,6.20,6.24,6.13,6.21,3664573,51725988.00
2022/07/05,6.30,6.32,6.12,6.24,3601994,51074304.00
2022/07/06,6.24,6.27,6.14,6.20,2620132,37067704.00
2022/07/07,6.20,6.74,6.20,6.63,8566134,127255208.00
2022/07/08,6.77,7.75,6.77,7.18,21210258,351785344.00
2022/07/11,7.19,7.48,7.07,7.28,10970715,180460720.00
2022/07/12,7.32,7.44,7.02,7.10,8098217,132315128.00
2022/07/13,7.07,7.51,6.87,7.46,11946992,196292192.00
2022/07/14,7.63,8.07,7.32,7.72,16095872,281072224.00
2022/07/15,7.61,7.86,7.35,7.49,10399209,176449360.00
2022/07/18,7.53,7.65,7.22,7.39,7875696,131124240.00
2022/07/19,7.39,7.56,7.23,7.43,6238288,104493152.00
2022/07/20,7.36,7.40,7.22,7.31,4591131,75899176.00
2022/07/21,7.33,7.39,7.24,7.32,4190052,69526904.00
2022/07/22,7.42,7.55,7.26,7.39,6632578,110862056.00
2022/07/25,7.35,7.35,6.98,7.01,7672776,123610272.00
2022/07/26,7.07,7.17,6.96,7.13,3817100,61252220.00
2022/07/27,7.09,7.16,6.93,6.99,3946953,62793028.00
2022/07/28,6.99,7.03,6.84,6.87,3763232,59154576.00
2022/07/29,6.88,6.93,6.78,6.82,3044425,47402128.00
2022/08/01,6.79,6.92,6.74,6.83,3166065,49240816.00
2022/08/02,6.76,6.76,6.36,6.43,6718664,99569760.00
2022/08/03,6.44,6.62,6.44,6.49,3774852,56254928.00
2022/08/04,6.49,6.59,6.40,6.53,2662468,39484920.00
2022/08/05,6.51,6.66,6.47,6.62,2879036,43076108.00
2022/08/08,6.59,6.68,6.57,6.59,2638064,39715476.00
2022/08/09,6.59,6.66,6.50,6.64,2960086,44366660.00
2022/08/10,6.59,6.68,6.56,6.59,3055651,45966524.00
2022/08/11,6.63,6.96,6.63,6.90,5257465,81850784.00
2022/08/12,6.91,6.91,6.75,6.79,3088352,47807384.00
2022/08/15,6.88,7.21,6.84,7.18,7000731,111684168.00
2022/08/16,7.17,7.27,7.10,7.16,4063342,66010328.00
2022/08/17,7.19,7.32,7.12,7.28,3917844,64348484.00
2022/08/18,7.35,7.42,7.20,7.41,5845948,97226200.00
2022/08/19,7.36,7.54,7.27,7.31,5870959,98061376.00
2022/08/22,7.61,7.76,7.00,7.10,21091689,349319936.00
2022/08/23,7.03,7.31,6.91,7.20,9923340,161369744.00
2022/08/24,7.26,7.31,6.81,6.83,8847551,140206736.00
2022/08/25,6.87,6.98,6.80,6.94,4814642,75581528.00
2022/08/26,6.94,7.44,6.88,7.27,9196401,151623424.00
2022/08/29,7.24,7.27,7.00,7.07,6655969,107128944.00
2022/08/30,7.09,7.21,7.00,7.19,5176744,83524984.00
2022/08/31,7.18,7.19,6.88,6.96,5405399,85963240.00
2022/09/01,6.96,7.31,6.90,7.15,5883875,95533976.00
2022/09/02,7.15,7.34,7.13,7.20,4742290,77509224.00
2022/09/05,7.20,7.39,7.16,7.27,5542574,91364712.00
2022/09/06,7.26,7.45,7.15,7.39,6025078,100469792.00
2022/09/07,7.31,7.39,7.19,7.21,5109412,84200152.00
2022/09/08,7.21,7.32,7.13,7.26,3762194,61703204.00
2022/09/09,7.26,7.31,7.07,7.13,2990695,48479096.00
2022/09/13,7.16,7.22,7.01,7.04,3684600,59129916.00
2022/09/14,5.57,6.93,5.57,6.67,9653511,145718736.00
2022/09/15,6.78,6.97,6.49,6.61,7363009,112565424.00
2022/09/16,6.57,6.66,6.38,6.38,4673126,69373888.00
2022/09/19,6.42,6.44,6.27,6.35,3488281,50493780.00
2022/09/20,6.35,6.42,6.29,6.31,2209676,31971700.00
2022/09/21,6.33,6.42,6.23,6.35,2326420,33638440.00
2022/09/22,6.32,6.42,6.14,6.28,2433587,35146872.00
2022/09/23,6.31,6.31,6.06,6.14,3224535,45432796.00
2022/09/26,6.08,6.18,5.99,6.05,2783997,38742616.00
2022/09/27,6.08,6.19,6.03,6.17,3699517,51755596.00
2022/09/28,6.17,6.32,6.07,6.08,3931971,55478696.00
2022/09/29,6.20,6.30,6.13,6.23,3503436,49837792.00
2022/09/30,6.17,6.33,6.14,6.26,3280441,46823244.00
2022/10/10,6.29,6.37,6.05,6.08,3402647,48127832.00
2022/10/11,6.07,6.23,5.99,6.21,3026098,42315332.00
2022/10/12,6.14,6.29,6.04,6.28,2619037,36873640.00
2022/10/13,6.27,6.53,6.22,6.45,3330852,48808980.00
2022/10/14,6.51,6.78,6.45,6.76,4012724,61061324.00
2022/10/17,6.75,6.99,6.71,6.91,4185977,65388544.00
2022/10/18,7.00,7.08,6.77,7.01,4233194,66948364.00
2022/10/19,6.98,7.11,6.91,6.95,3229840,51090224.00
2022/10/20,6.89,7.05,6.84,6.91,4246200,67072848.00
2022/10/21,6.97,7.25,6.91,7.09,4529692,72777648.00
2022/10/24,7.10,7.20,6.84,6.91,4549800,72090056.00
2022/10/25,6.84,6.94,6.54,6.62,7399580,112402024.00
2022/10/26,6.69,6.97,6.63,6.90,4984035,77609000.00
2022/10/27,6.98,7.10,6.83,7.04,4319800,68327648.00
2022/10/28,7.03,7.10,6.88,6.88,4925690,78042768.00
2022/10/31,6.89,7.01,6.73,6.88,3866998,60260612.00
2022/11/01,6.93,7.13,6.83,7.07,5162307,81829944.00
2022/11/02,7.07,7.22,7.05,7.11,5202901,84304944.00
2022/11/03,7.05,7.17,6.96,7.14,3370328,54224940.00
2022/11/04,7.19,7.27,7.10,7.23,4480501,73178528.00
2022/11/07,7.24,7.29,7.15,7.22,4897806,80096152.00
2022/11/08,7.22,7.25,7.10,7.17,2848169,46278748.00
2022/11/09,7.17,7.40,7.13,7.36,5350152,88319040.00
2022/11/10,7.26,7.35,7.15,7.18,4161723,68373104.00
2022/11/11,7.27,7.38,7.07,7.10,4655608,76506920.00
2022/11/14,7.10,7.36,7.03,7.32,5331522,87535368.00
2022/11/15,7.36,7.57,7.26,7.51,7018765,118148072.00
2022/11/16,7.49,7.67,7.42,7.55,5763854,98655616.00
2022/11/17,7.56,7.67,7.46,7.58,4292279,73545488.00
2022/11/18,7.58,7.69,7.52,7.55,4310280,74090800.00
2022/11/21,7.54,7.65,7.40,7.59,3970102,67754536.00
2022/11/22,7.52,7.75,7.30,7.33,5792495,98130232.00
2022/11/23,7.34,7.38,7.01,7.20,4649433,75416776.00
2022/11/24,7.20,7.30,7.12,7.27,3264212,53443304.00
2022/11/25,7.25,7.29,7.07,7.11,2645125,42798584.00
2022/11/28,7.09,7.23,6.92,6.99,3944372,63059048.00
2022/11/29,6.96,7.16,6.92,7.10,2828110,45555968.00
2022/11/30,7.10,7.17,6.93,6.94,3511814,55794632.00
2022/12/01,7.06,7.18,6.96,7.05,3669195,58768656.00
2022/12/02,7.04,7.40,7.00,7.28,5121899,83904680.00
2022/12/05,7.53,7.69,7.29,7.68,11053998,189291760.00
2022/12/06,7.59,7.98,7.52,7.68,12662120,222915488.00
2022/12/07,7.68,8.06,7.57,7.97,9243150,163906736.00
2022/12/08,7.93,8.22,7.91,8.17,11153737,202993024.00
2022/12/09,8.13,8.15,7.88,8.07,8569815,154095904.00
2022/12/12,8.02,8.14,7.89,7.97,7868955,142489168.00
2022/12/13,8.13,8.30,7.93,8.13,10264003,187843776.00
2022/12/14,8.24,8.24,7.83,7.88,7526683,134883552.00
2022/12/15,7.92,8.05,7.83,7.87,5219570,93034160.00
2022/12/16,7.88,8.09,7.83,7.99,6256247,112784488.00
2022/12/19,8.07,8.14,7.57,7.60,6285955,109782328.00
2022/12/20,7.60,7.69,7.43,7.54,5091955,87201136.00
2022/12/21,7.60,7.70,7.38,7.42,4126430,70022520.00
2022/12/22,7.51,7.55,7.20,7.23,4122293,68737504.00
2022/12/23,7.27,7.34,7.07,7.12,3551726,57851132.00
2022/12/26,7.13,7.23,7.00,7.04,3807262,61203596.00
2022/12/27,7.04,7.07,6.75,6.89,5410092,84380160.00
2022/12/28,6.89,6.98,6.80,6.82,3673199,57376776.00
2022/12/29,6.87,7.17,6.81,7.14,6412758,102611144.00
2022/12/30,7.10,7.13,6.89,6.95,6175838,97524536.00
2023/01/03,6.97,7.16,6.96,7.12,5159377,82834392.00
2023/01/04,7.10,7.13,6.99,7.11,4006336,64196284.00
2023/01/05,7.11,7.20,7.02,7.18,4070831,65926196.00
2023/01/06,7.18,7.23,7.08,7.13,3819549,61813416.00
2023/01/09,7.26,7.34,7.13,7.24,6224351,101802168.00
2023/01/10,7.70,7.91,7.33,7.77,21425425,368174688.00
2023/01/11,7.72,7.72,7.40,7.46,12340726,209561472.00
2023/01/12,7.44,7.53,7.36,7.44,6288383,105878168.00
2023/01/13,7.44,7.55,7.36,7.51,4888056,82760896.00
2023/01/16,7.55,7.69,7.44,7.46,7989087,136853088.00
2023/01/17,7.51,7.56,7.36,7.40,5687830,95547984.00
2023/01/18,7.46,7.49,7.35,7.39,4187473,70156424.00
2023/01/19,7.35,7.52,7.33,7.49,3723813,62864596.00
2023/01/20,7.52,7.56,7.41,7.48,3930287,66480996.00
2023/01/30,7.52,7.62,7.41,7.50,8089993,137375728.00
2023/01/31,7.51,7.53,7.38,7.52,4239544,71674744.00
2023/02/01,7.52,7.60,7.47,7.60,4606850,78463456.00
2023/02/02,7.58,7.72,7.56,7.62,6646168,114708344.00
2023/02/03,7.59,7.66,7.46,7.56,3757027,64230664.00
2023/02/06,7.51,7.71,7.48,7.51,5041516,86540880.00
2023/02/07,7.52,7.58,7.41,7.45,4114480,69518000.00
2023/02/08,7.49,7.51,7.28,7.32,4195748,70261816.00
2023/02/09,7.31,7.48,7.28,7.47,3249551,54516888.00
2023/02/10,7.49,7.50,7.33,7.39,3559884,59708352.00
2023/02/13,7.38,7.66,7.38,7.64,7061407,120865400.00
2023/02/14,7.68,7.84,7.61,7.79,7081580,123616232.00
2023/02/15,7.84,7.84,7.70,7.78,5017237,88059904.00
2023/02/16,7.81,7.94,7.62,7.66,6118353,107640384.00
2023/02/17,7.68,7.89,7.63,7.83,7663110,134972320.00
2023/02/20,7.84,7.86,7.58,7.78,5932461,103251296.00
2023/02/21,7.78,7.97,7.74,7.86,5531847,98082608.00
2023/02/22,7.79,7.96,7.79,7.87,4171014,74200288.00
2023/02/23,7.87,8.01,7.82,7.88,5634752,100753624.00
2023/02/24,7.93,7.99,7.81,7.88,3765306,67014204.00
2023/02/27,7.84,7.91,7.71,7.78,3560898,62631796.00
2023/02/28,7.83,8.20,7.82,8.15,8559081,155748496.00
2023/03/01,8.16,8.21,8.05,8.18,6407926,117273320.00
2023/03/02,8.18,8.28,8.04,8.15,5535260,101643376.00
2023/03/03,8.17,8.26,7.98,8.05,5015748,91343800.00
2023/03/06,8.05,8.37,7.99,8.30,6408384,118795728.00
2023/03/07,8.29,8.29,7.87,7.88,6546495,118554360.00
2023/03/08,7.88,7.96,7.84,7.94,3105266,55426912.00
2023/03/09,7.94,7.99,7.84,7.92,2343201,41845128.00
2023/03/10,7.92,7.93,7.79,7.80,2638728,46822832.00
2023/03/13,7.75,7.86,7.69,7.80,3532471,61977576.00
2023/03/14,7.76,7.98,7.75,7.79,4051405,71876760.00
2023/03/15,7.85,8.07,7.82,7.96,3840552,68946400.00
2023/03/16,7.94,8.07,7.88,7.93,4218445,75703320.00
2023/03/17,8.20,8.32,7.87,7.94,12965376,235059040.00
2023/03/20,7.95,8.07,7.82,7.83,9208438,165061008.00
2023/03/21,7.86,8.26,7.82,8.24,9848759,180718560.00
2023/03/22,8.29,8.70,8.28,8.62,12346715,236934688.00
2023/03/23,8.64,8.66,8.45,8.54,7399033,142096048.00
2023/03/24,8.56,8.82,8.45,8.51,10343035,199385360.00
2023/03/27,8.62,8.86,8.49,8.80,11628735,228061360.00
2023/03/28,8.77,9.20,8.71,9.04,11324700,229297264.00
2023/03/29,9.02,9.16,8.94,9.12,7945172,161861328.00
2023/03/30,9.00,9.07,8.88,8.99,5550763,111759760.00
2023/03/31,9.04,9.27,8.89,9.12,6080924,124293456.00
2023/04/03,8.96,9.21,8.91,9.06,6104926,124376464.00
2023/04/04,9.08,10.14,9.04,10.09,12796622,279147008.00
2023/04/06,10.06,10.66,9.81,10.39,15229259,347102592.00
2023/04/07,10.34,10.56,10.22,10.25,8592816,198280880.00
2023/04/10,10.18,10.29,9.78,9.82,8499591,189488368.00
2023/04/11,9.79,9.95,9.71,9.89,6822524,150395184.00
2023/04/12,10.06,10.11,9.87,9.94,6490205,144831920.00
2023/04/13,9.93,10.29,9.74,10.08,7075228,158494976.00
2023/04/14,9.99,10.07,9.74,9.94,5671347,125615064.00
2023/04/17,10.07,10.98,10.07,10.89,12577691,297339552.00
2023/04/18,10.93,11.03,10.12,10.14,14004194,325610432.00
2023/04/19,10.17,10.42,10.06,10.16,8036959,183814912.00
2023/04/20,10.29,10.37,10.01,10.16,5353160,121321520.00
2023/04/21,10.14,10.29,9.91,10.06,6035968,136043872.00
2023/04/24,10.11,10.50,10.08,10.25,6914313,158701904.00
2023/04/25,10.09,10.28,9.81,10.19,8102959,182078416.00
2023/04/26,10.06,10.56,10.05,10.24,10284745,237700032.00
2023/04/27,10.19,10.19,9.72,10.08,11367188,139913248.00
2023/04/28,10.11,10.26,9.97,10.11,7845151,97720752.00
2023/05/04,10.06,10.97,9.81,10.88,20000689,261680256.00
2023/05/05,10.92,11.00,10.13,10.17,16512962,213036064.00
2023/05/08,10.41,11.47,10.23,11.35,21829098,298682912.00
2023/05/09,11.22,12.44,11.21,11.58,35378145,511864672.00
2023/05/10,11.51,11.71,11.05,11.38,18940523,264627952.00
2023/05/11,11.36,11.38,10.51,10.58,18899545,250791344.00
2023/05/12,10.55,10.79,10.45,10.46,10529235,137582256.00
2023/05/15,10.38,10.66,9.75,10.10,15835088,196238752.00
2023/05/16,10.24,10.34,9.84,9.91,10247506,126145760.00
2023/05/17,9.87,11.21,9.56,10.94,23036434,297500992.00
2023/05/18,10.97,11.41,10.91,10.98,15329487,209425328.00
2023/05/19,10.97,11.46,10.71,11.26,17764047,245390848.00
2023/05/22,11.23,11.49,11.01,11.36,10340404,144061232.00
2023/05/23,11.28,11.56,11.26,11.26,8330776,116665376.00
2023/05/24,11.26,11.41,10.91,11.15,9908284,135468928.00
2023/05/25,11.09,11.20,10.71,10.96,11597814,156323728.00
2023/05/26,11.06,11.36,10.77,11.16,8230485,112430080.00
2023/05/29,10.92,11.09,10.57,10.66,10284867,136182688.00
2023/05/30,10.55,10.86,10.44,10.80,7279037,95454360.00
2023/05/31,10.69,11.29,10.65,10.83,9810450,132009760.00
2023/06/01,10.73,11.37,10.66,10.98,8822732,120307480.00
2023/06/02,10.92,11.34,10.91,10.96,7642494,104118272.00
2023/06/05,10.92,11.32,10.81,11.20,8601917,118240776.00
2023/06/06,11.11,11.30,10.30,10.32,16319488,214232464.00
2023/06/07,10.38,10.56,10.30,10.35,8085680,103942016.00
2023/06/08,10.31,10.73,10.11,10.55,9108349,117433288.00
2023/06/09,10.53,11.24,10.41,10.87,11408983,153080288.00
2023/06/12,10.88,10.98,10.61,10.61,6512256,86148856.00
2023/06/13,10.58,10.69,10.32,10.41,7390032,95172952.00
2023/06/14,10.38,10.51,10.26,10.26,5794293,73961752.00
2023/06/15,10.30,10.36,10.05,10.26,8663189,108758776.00
2023/06/16,10.28,10.35,10.06,10.09,6561915,82225520.00
2023/06/19,10.13,10.58,10.12,10.50,11059231,141389424.00
2023/06/20,10.46,10.80,10.32,10.41,9004469,116488488.00
2023/06/21,10.34,10.41,10.06,10.06,6122551,76909752.00
2023/06/26,10.01,10.21,9.83,9.96,5719859,70737888.00
2023/06/27,9.96,10.15,9.88,9.99,3894435,47973684.00
2023/06/28,9.96,10.26,9.86,9.98,5868418,72467704.00
2023/06/29,9.98,10.63,9.96,10.53,11346153,145340144.00
2023/06/30,10.57,10.83,10.43,10.46,6468813,84660816.00
2023/07/03,10.39,10.76,10.26,10.62,7717986,100241856.00
2023/07/04,10.56,10.58,10.21,10.31,6831881,87084808.00
2023/07/05,10.26,10.53,10.26,10.53,5787886,74142880.00
2023/07/06,10.59,10.62,10.14,10.18,6844877,86783864.00
2023/07/07,10.16,10.26,10.08,10.24,3449932,43303508.00
2023/07/10,10.21,10.26,9.82,9.90,7234107,88638152.00
2023/07/11,9.90,10.26,9.84,10.19,6586437,81808912.00
2023/07/12,10.16,10.95,10.13,10.59,15521010,205088736.00
2023/07/13,10.55,11.01,10.48,10.87,8987006,119696760.00
2023/07/14,10.84,11.30,10.84,11.17,9049246,123864008.00
2023/07/17,11.15,11.17,10.80,10.91,5987503,80448216.00
2023/07/18,10.89,10.98,10.66,10.71,4502352,59758676.00
2023/07/19,10.66,10.85,10.63,10.81,4286958,56839156.00
2023/07/20,10.78,10.95,10.69,10.77,4216776,56099120.00
2023/07/21,10.71,10.94,10.64,10.77,3464961,46141808.00
2023/07/24,10.76,11.05,10.69,10.84,3975129,53270388.00
2023/07/25,10.87,10.95,10.55,10.59,6228912,81772544.00
2023/07/26,10.59,10.66,10.51,10.60,2880615,37580208.00
2023/07/27,10.55,10.62,10.41,10.50,3327532,43049168.00
2023/07/28,10.43,10.56,10.30,10.51,3706640,47736864.00
2023/07/31,10.55,10.76,10.55,10.63,4547053,59557372.00
2023/08/01,10.56,10.65,10.33,10.63,4925763,63526092.00
2023/08/02,10.54,10.55,10.03,10.16,8071359,101295984.00
2023/08/03,10.21,10.28,10.12,10.23,3825268,48163940.00
2023/08/04,10.21,10.31,10.00,10.02,6773717,84251864.00
2023/08/07,9.97,10.04,9.84,9.89,4277650,52204180.00
2023/08/08,9.89,10.06,9.79,9.98,3439080,42096540.00
2023/08/09,9.98,10.09,9.89,10.05,2837201,35074640.00
2023/08/10,10.05,10.06,9.86,10.04,2732180,33591696.00
2023/08/11,10.01,10.10,9.92,9.98,3709686,45773624.00
2023/08/14,9.94,10.50,9.89,10.48,8091166,102589992.00
2023/08/15,10.56,11.14,10.48,11.04,13828497,185593008.00
2023/08/16,10.92,11.01,10.67,10.79,7304663,97123568.00
2023/08/17,10.64,10.78,10.19,10.31,8672505,110668392.00
2023/08/18,10.52,10.96,10.01,10.01,9861075,125357800.00
2023/08/21,9.88,10.17,9.46,9.53,13421287,163442320.00
2023/08/22,9.61,9.66,9.05,9.33,13774684,158411152.00
2023/08/23,9.30,9.34,8.89,9.01,6120944,69002608.00
2023/08/24,8.99,9.11,8.81,9.02,5249096,58286384.00
2023/08/25,8.96,9.05,8.85,8.89,3173583,35131408.00
2023/08/28,9.35,9.54,9.13,9.45,13219375,153060464.00
2023/08/29,9.38,10.09,9.34,10.04,10799982,130857608.00
2023/08/30,10.17,10.41,10.10,10.36,8418303,106710024.00
2023/08/31,11.80,12.50,11.06,12.50,56877738,840291584.00
2023/09/01,12.58,12.87,11.96,12.11,47624944,729176064.00
2023/09/04,11.89,12.05,10.97,11.31,42411581,598671104.00
2023/09/05,11.36,11.46,10.78,10.83,17660618,239993616.00
2023/09/06,10.79,10.86,10.47,10.65,15884758,208581152.00
2023/09/07,10.66,10.79,10.46,10.52,12565431,164274656.00
2023/09/08,10.57,11.35,10.51,11.06,20487455,278659904.00
2023/09/11,10.71,11.09,9.66,10.89,53794738,696459008.00
2023/09/12,10.89,11.48,10.70,11.19,35371204,487125312.00
2023/09/13,11.27,11.58,11.15,11.51,20434174,285389440.00
2023/09/14,11.62,12.62,11.55,12.35,43244577,647017024.00
2023/09/15,12.30,13.77,12.21,13.02,40280712,639123968.00
2023/09/18,13.26,13.76,13.06,13.67,29891564,492310016.00
2023/09/19,13.47,13.77,12.96,13.18,30532491,496163936.00
2023/09/20,13.24,14.78,13.01,14.36,38512783,655514688.00
2023/09/21,14.31,14.86,14.11,14.64,27249662,482654688.00
2023/09/22,14.63,15.34,14.21,14.71,39944234,716870720.00
2023/09/25,14.53,16.14,14.36,15.71,31223377,591809536.00
2023/09/26,15.66,15.86,15.30,15.63,17260919,328233120.00
2023/09/27,15.70,15.77,15.38,15.71,15766647,299738816.00
2023/09/28,15.88,16.28,15.46,15.96,14021846,269688320.00
2023/10/09,15.88,15.93,15.02,15.64,12743646,242805632.00
2023/10/10,15.61,15.63,15.21,15.40,14186128,267191968.00
2023/10/11,15.36,17.51,15.30,16.87,29410289,587066816.00
2023/10/12,16.86,17.51,16.61,16.94,17909397,372203968.00
2023/10/13,17.04,19.32,17.01,19.26,29145971,644984640.00
2023/10/16,19.21,19.65,18.40,19.13,19567755,448203104.00
2023/10/17,18.57,19.13,18.32,18.91,14079883,322969888.00
2023/10/18,19.27,19.69,18.71,19.01,14238906,330347808.00
2023/10/19,18.55,19.01,18.21,18.63,16667982,378570784.00
2023/10/20,18.63,19.91,18.47,19.71,23620992,549761920.00
2023/10/23,18.96,19.71,17.42,17.59,27012769,597678336.00
2023/10/24,17.60,18.63,17.45,18.48,20052799,443271200.00
2023/10/25,19.30,20.01,18.51,19.34,18327093,429505248.00
2023/10/26,19.30,19.51,18.53,19.35,14401859,333775008.00
2023/10/27,19.15,23.27,19.06,22.66,32416948,850124928.00
2023/10/30,23.04,25.85,22.71,24.43,31623008,924074560.00
2023/10/31,24.42,26.28,23.69,24.90,26162990,791445120.00
2023/11/01,24.71,25.11,24.05,24.19,17703764,525343616.00
2023/11/02,24.31,24.80,23.60,23.82,13694416,400396384.00
2023/11/03,23.80,24.41,23.25,23.99,15755288,455773664.00
2023/11/06,24.71,26.01,23.90,25.97,24079336,735115904.00
2023/11/07,25.37,25.45,23.88,24.60,20871878,623789056.00
2023/11/08,23.88,27.09,23.88,26.70,21559768,680991104.00
2023/11/09,26.38,27.21,26.00,26.41,12309034,396202880.00
2023/11/10,25.98,27.20,25.82,26.51,12134959,391698688.00
2023/11/13,26.10,27.88,25.91,27.47,14547660,474557280.00
2023/11/14,26.85,27.29,26.11,26.59,13120606,421820928.00
2023/11/15,26.95,29.30,26.95,28.77,19264401,662047616.00
2023/11/16,28.69,29.52,28.38,29.36,11441959,402465824.00
2023/11/17,29.38,31.69,28.60,31.36,18612810,688331008.00
2023/11/20,31.69,33.88,28.55,29.80,38258578,1419612928.00
2023/11/21,29.17,31.21,28.38,31.21,26439150,954330304.00
2023/11/22,30.56,31.15,28.64,28.88,20529225,740893056.00
2023/11/23,27.90,30.01,27.80,29.70,19120288,670034304.00
2023/11/24,29.85,31.11,29.21,30.55,16363888,599423808.00
2023/11/27,30.15,31.36,29.84,30.41,11257153,416790464.00
2023/11/28,30.66,33.05,30.21,33.04,18128290,697555456.00
2023/11/29,33.03,33.46,32.41,33.42,12737045,509305088.00
2023/11/30,33.38,34.96,32.27,34.96,19000512,773476096.00
2023/12/01,34.55,37.21,34.34,36.42,19627244,854847296.00
2023/12/04,36.46,37.72,34.29,35.26,22295285,972956864.00
2023/12/05,34.81,38.05,34.46,37.37,19610804,864200320.00
2023/12/06,37.21,40.33,36.70,39.42,23618003,1101057664.00
2023/12/07,39.12,39.96,31.48,31.48,53511958,2273605376.00
2023/12/08,30.21,31.85,28.82,31.41,55839490,2061561984.00
2023/12/11,31.01,32.63,30.60,31.56,29982957,1147557120.00
2023/12/12,32.46,35.52,32.46,34.75,35424706,1470369664.00
2023/12/13,34.78,35.30,33.59,34.11,19612232,815206016.00
2023/12/14,34.19,34.42,30.70,31.59,26798918,1038031872.00
2023/12/15,31.75,32.21,29.77,29.91,25859930,961000512.00
2023/12/18,29.92,30.55,29.52,30.24,18587396,675199040.00
2023/12/19,30.51,30.54,28.88,30.16,13947416,502120256.00
2023/12/20,30.13,30.71,29.40,30.03,12995935,473508160.00
2023/12/21,29.96,30.26,28.46,29.12,18417031,648420416.00
2023/12/22,29.37,29.85,27.95,28.15,20283501,707896576.00
2023/12/25,28.12,30.13,28.12,29.67,15741923,559868928.00
2023/12/26,29.42,30.01,28.42,29.13,9880653,348212256.00
2023/12/27,29.59,30.96,28.97,29.98,20944874,763908928.00
2023/12/28,29.82,30.21,28.97,29.36,14617813,520876256.00
2023/12/29,29.21,30.23,29.14,30.23,12282027,444167040.00
2024/01/02,30.21,30.65,29.57,30.20,10595391,386659552.00
2024/01/03,30.24,30.81,28.74,29.53,13547447,483725760.00
2024/01/04,29.63,29.92,29.05,29.80,9590376,342885216.00
2024/01/05,29.71,30.96,29.38,29.60,18214086,662306112.00
2024/01/08,29.81,30.09,28.78,29.05,13399038,476975008.00
2024/01/09,29.20,29.80,27.96,29.63,17097525,600461120.00
2024/01/10,29.63,29.71,28.63,28.73,10734970,376053472.00
2024/01/25,27.21,28.12,23.46,26.89,35362743,1145498880.00
2024/01/26,26.46,28.51,25.66,26.94,25144796,834666752.00
2024/01/29,26.93,27.10,22.97,23.11,38109679,1141598592.00
2024/01/30,22.66,24.31,21.96,23.19,27570264,790339648.00
2024/01/31,23.38,23.73,21.83,22.11,22931972,630768640.00
2024/02/01,22.46,23.81,21.61,22.54,24854795,686463360.00
2024/02/02,22.72,22.98,20.70,21.37,23541264,622166272.00
2024/02/05,20.89,22.21,19.41,20.38,33199165,820082688.00
2024/02/06,20.91,24.51,20.38,24.01,36504539,1005116736.00
2024/02/07,24.01,24.92,22.12,22.90,38803228,1111441280.00
2024/02/08,23.05,23.55,21.91,23.31,31233219,866044416.00
2024/02/19,23.67,24.75,23.13,24.56,26956049,789302400.00
2024/02/20,24.06,26.41,24.02,25.12,25642091,791811456.00
2024/02/21,24.71,25.68,24.48,24.65,16458219,498883136.00
2024/02/22,24.33,25.05,24.22,24.96,12329839,369944672.00
2024/02/23,24.91,25.55,24.60,25.30,13223259,402623584.00
2024/02/26,26.26,26.80,25.56,26.45,22532091,715920384.00
2024/02/27,26.71,28.55,26.15,28.28,20916529,700887040.00
2024/02/28,29.01,30.55,26.66,26.87,26543861,921512576.00
2024/02/29,26.80,28.28,26.57,28.24,17119127,572258624.00
2024/03/01,27.96,28.28,27.05,28.11,14415599,484980896.00
2024/03/04,28.30,29.71,28.12,29.07,16070634,560624576.00
2024/03/05,28.68,29.12,27.63,28.38,13370122,462586496.00
2024/03/06,28.29,28.85,27.92,28.39,8569437,294499168.00
2024/03/07,28.16,28.70,27.20,27.22,12356464,417564192.00
2024/03/08,27.76,28.46,27.41,28.31,10471936,355492736.00
2024/03/11,28.32,28.75,27.71,28.74,9557395,327963360.00
2024/03/12,28.49,30.13,28.48,29.87,18155348,650717376.00
2024/03/13,29.56,31.11,29.31,30.77,15749841,584102784.00
2024/03/14,33.46,34.80,31.38,31.73,30128342,1194075136.00
2024/03/15,31.21,34.29,31.03,34.21,24398932,974846656.00
2024/03/18,33.66,33.84,32.69,33.80,17673602,714116800.00
2024/03/19,33.46,34.13,32.98,33.15,9663063,390868096.00
2024/03/20,33.15,33.46,32.63,33.32,9367141,373909888.00
2024/03/21,33.63,35.38,32.97,33.95,12184211,503056512.00
2024/03/22,33.30,33.38,31.61,32.61,15809466,622488128.00
2024/03/25,32.28,32.63,31.45,31.57,10483653,405888608.00
2024/03/26,31.38,31.80,29.88,30.06,14967624,556955072.00
2024/03/27,30.12,30.96,29.19,29.75,15198425,549414080.00
2024/03/28,29.84,30.94,29.46,30.76,11835141,437319872.00
2024/03/29,30.80,31.06,30.15,30.55,7179119,266044160.00
2024/04/01,30.60,31.74,30.53,31.42,9055857,341403712.00
2024/04/02,31.52,31.68,30.72,30.96,8600912,323973376.00
2024/04/03,30.96,31.51,30.31,31.03,6176545,231341248.00
2024/04/08,30.94,31.53,30.13,30.20,8528532,316043168.00
2024/04/09,30.15,30.72,29.55,30.63,9750425,354679648.00
2024/04/10,30.62,30.62,29.46,29.93,8466896,308342048.00
2024/04/11,29.93,30.66,29.67,30.19,5533683,202467584.00
2024/04/12,30.06,31.75,29.97,30.73,7682447,286723104.00
2024/04/15,30.73,31.53,30.26,30.76,7758877,289275840.00
2024/04/16,30.55,30.81,28.93,29.78,11932622,430330592.00
2024/04/17,30.13,30.81,29.81,30.54,7165580,263512528.00
2024/04/18,30.53,30.74,29.55,30.02,9258934,337586464.00
2024/04/19,29.72,30.00,28.65,29.58,11524548,408165568.00
2024/04/22,29.84,30.38,29.24,29.61,6081072,220067584.00
2024/04/23,29.02,30.87,27.23,30.30,14093634,499051264.00
2024/04/24,30.49,32.06,30.26,31.91,12670126,483452000.00
2024/04/25,32.26,33.91,31.48,33.28,13140461,430776768.00
2024/04/26,32.99,33.91,32.78,33.61,9847105,329400864.00
2024/04/29,33.64,34.43,33.32,33.70,8961974,302483040.00
2024/04/30,33.98,34.84,33.42,34.25,8332086,285570208.00
2024/05/06,34.90,34.90,33.58,33.99,17699594,606019456.00
2024/05/07,34.30,34.66,33.93,34.17,14336874,490624864.00
2024/05/08,34.34,35.59,34.23,34.53,17781041,614750080.00
2024/05/09,34.58,35.75,33.90,35.11,10533194,369800320.00
2024/05/10,35.38,35.38,34.26,35.08,7336527,256058192.00
2024/05/13,35.14,35.65,34.58,34.86,7094882,248772096.00
2024/05/14,35.18,35.39,34.33,34.45,8671991,302566976.00
2024/05/15,34.27,34.28,32.69,32.76,13687177,455612448.00
2024/05/16,32.98,33.27,32.43,32.80,8575007,282580288.00
2024/05/17,32.81,32.98,30.98,31.99,13510807,427986176.00
2024/05/20,32.18,32.72,30.85,32.48,15366897,488900000.00
2024/05/21,32.28,33.05,31.83,32.22,9525346,308399040.00
2024/05/22,32.05,32.18,30.50,30.95,20020089,623505536.00
2024/05/23,30.68,31.46,30.44,30.94,8276334,255781984.00
2024/05/24,30.78,30.97,30.14,30.68,8538318,261108480.00
2024/05/27,30.86,31.04,29.72,30.72,11492045,348340704.00
2024/05/28,30.72,30.98,30.00,30.37,5961072,181156256.00
2024/05/29,30.23,30.75,30.18,30.37,5228708,159284624.00
2024/05/30,30.54,30.93,29.90,30.34,6312940,191281024.00
2024/05/31,30.82,31.48,29.89,31.30,12605916,389330400.00
2024/06/03,30.98,31.28,29.88,30.48,12413372,379909792.00
2024/06/04,30.48,32.10,30.36,31.39,9120585,287862336.00
2024/06/05,31.06,31.84,30.77,31.56,6096640,191596864.00
2024/06/06,31.88,31.88,30.90,31.28,6376033,199711008.00
2024/06/07,31.55,31.55,30.11,30.32,12315987,378437152.00
2024/06/11,30.23,30.62,29.38,30.47,9509204,285604224.00
2024/06/12,30.58,30.96,30.33,30.60,6230820,191154736.00
2024/06/13,30.46,31.03,30.28,30.70,10348513,318294752.00
2024/06/14,30.62,31.81,29.48,29.68,25142160,766203648.00
2024/06/17,29.73,29.95,28.74,29.27,17729681,516126464.00
2024/06/18,29.27,29.53,28.48,29.38,11209332,324925376.00
2024/06/19,29.10,29.37,28.35,28.39,8956119,256856816.00
2024/06/20,28.32,28.63,27.35,27.74,9997156,278073376.00
2024/06/21,27.74,28.83,27.24,28.03,7579791,213519760.00
2024/06/24,28.03,28.03,26.50,26.77,8779942,237345664.00
2024/06/25,27.00,27.13,25.81,26.03,8755347,229819920.00
2024/06/26,26.01,27.16,25.85,27.06,7092161,188536496.00
2024/06/27,26.88,26.88,25.26,25.88,11101325,286179072.00
2024/06/28,25.61,25.86,24.95,25.21,8204261,207975520.00
2024/07/01,25.23,25.70,24.94,25.60,5763000,146529472.00
2024/07/02,25.63,25.65,23.47,23.78,16197164,392680992.00
2024/07/03,23.94,24.18,22.58,23.16,15981911,372187168.00
2024/07/04,23.16,23.63,22.78,22.97,8580725,198501056.00
2024/07/05,22.89,24.78,22.68,24.62,16194229,387270400.00
2024/07/08,24.49,25.40,23.74,23.91,13080964,316561792.00
2024/07/09,23.91,24.38,23.13,23.58,10222600,242439888.00
2024/07/10,23.67,23.72,23.04,23.21,6513780,151774352.00
2024/07/11,23.30,24.37,22.83,24.01,9466992,224956400.00
2024/07/12,23.89,25.22,23.89,24.88,12864516,318965056.00
2024/07/15,24.48,25.89,24.09,25.64,14338624,361357856.00
2024/07/16,25.57,25.73,24.92,25.38,8961121,226722176.00
2024/07/17,25.38,26.55,25.14,26.02,10912840,282606944.00
2024/07/18,25.77,27.65,25.64,27.32,13002748,347974560.00
2024/07/19,27.05,28.20,26.64,27.17,9353030,256334480.00
2024/07/22,27.25,27.25,26.08,26.23,10235853,272425056.00
2024/07/23,26.26,26.27,24.38,24.38,11705686,293911872.00
2024/07/24,24.30,25.61,23.86,25.19,14229208,353029056.00
2024/07/25,24.98,25.33,24.40,24.64,5657608,140892224.00
2024/07/26,24.59,25.03,24.18,24.35,5516544,135016592.00
2024/07/29,24.44,24.58,23.88,24.13,4136344,99986256.00
2024/07/30,24.12,24.12,22.63,23.13,9820312,227440528.00
2024/07/31,23.13,25.07,22.59,24.53,12675237,305902240.00
2024/08/01,24.48,24.95,23.78,23.92,7193477,174193360.00
2024/08/02,23.94,25.51,23.78,23.86,11876809,291830720.00
2024/08/05,23.88,24.68,23.48,23.53,10167651,243599024.00
2024/08/06,23.88,24.07,22.31,23.23,13507545,309823520.00
2024/08/07,23.16,23.67,22.78,22.92,6909830,160226816.00
2024/08/08,22.98,24.11,22.78,23.73,9909289,233398704.00
2024/08/09,23.62,24.23,23.30,23.60,10276771,243343584.00
2024/08/12,23.68,24.15,23.35,23.44,7192811,170931920.00
2024/08/13,23.48,23.88,22.98,23.31,5560942,129252208.00
2024/08/14,23.18,23.56,22.78,23.06,4838824,112092672.00
2024/08/15,22.98,23.56,22.77,23.20,5491833,127312840.00
2024/08/16,23.30,23.91,22.98,23.46,6455895,152072800.00
2024/08/19,23.39,23.83,22.78,23.37,6117691,143096784.00
2024/08/20,23.37,24.63,23.21,24.63,14299123,345886752.00
2024/08/21,24.61,25.90,24.38,25.34,13621344,343010208.00
2024/08/22,25.26,25.63,24.39,24.45,10892270,271525472.00
2024/08/23,24.38,24.97,23.99,24.81,6886277,168308672.00
2024/08/26,24.86,24.96,23.73,24.13,5683150,137115056.00
2024/08/27,24.18,24.44,23.68,23.94,5116936,123006272.00
2024/08/28,23.96,24.91,23.68,24.48,6981272,170929520.00
2024/08/29,24.47,24.88,24.06,24.29,4635469,113234240.00
2024/08/30,24.18,24.63,23.85,24.22,8207004,199483552.00
2024/09/02,24.23,24.24,23.32,23.38,5764364,136921280.00
2024/09/03,23.28,24.16,23.08,23.62,4173808,99183568.00
2024/09/04,23.43,23.89,23.10,23.48,4803148,112840992.00
2024/09/05,23.57,24.19,23.45,23.69,4030592,95934848.00
2024/09/06,24.16,24.16,22.75,22.81,5040002,116581520.00
2024/09/09,22.68,22.90,22.22,22.58,4526306,102186784.00
2024/09/10,22.64,22.93,22.18,22.73,3378780,76187848.00
2024/09/11,22.68,22.91,22.43,22.90,2370948,53908120.00
2024/09/12,22.80,23.71,22.80,23.25,3932221,91865712.00
2024/09/13,23.43,23.43,21.98,21.98,5950577,133322160.00
2024/09/18,22.00,22.83,22.00,22.74,4046891,91138224.00
2024/09/19,22.73,23.20,22.18,22.59,4702147,106697360.00
2024/09/20,22.59,22.95,22.24,22.61,2721077,61395456.00
2024/09/23,22.86,22.97,21.93,22.06,3801668,85356008.00
2024/09/24,22.44,22.58,21.05,22.28,8388190,182709808.00
2024/09/25,22.63,24.96,22.63,24.18,13853496,336516448.00
2024/09/26,23.78,25.64,23.29,25.63,10932409,268388336.00
2024/09/27,26.08,28.20,25.64,27.98,12084995,324960800.00
2024/09/30,29.77,31.86,28.48,30.88,22044005,669539520.00
2024/10/08,36.99,36.99,32.68,35.55,22062052,765251712.00
2024/10/09,33.88,37.06,32.10,34.14,25556931,888437696.00
2024/10/10,34.18,35.83,33.05,33.40,13996195,479522784.00
2024/10/11,32.98,33.27,30.73,31.17,13615814,431750368.00
2024/10/14,32.14,33.33,31.03,32.48,16593370,537919360.00
2024/10/15,32.38,33.08,31.70,32.32,15885163,513585888.00
2024/10/16,32.02,32.02,27.98,28.75,35411943,1033626112.00
2024/10/17,28.87,30.73,28.71,29.26,19405765,576832512.00
2024/10/18,29.50,32.88,29.21,31.82,21668973,677104064.00
2024/10/21,31.66,32.72,31.08,31.80,12405904,397571872.00
2024/10/22,31.48,31.88,29.99,30.60,12034654,372376576.00
2024/10/23,30.53,31.36,30.06,31.21,10089745,311277952.00
2024/10/24,30.86,32.47,30.49,31.11,12724806,402057856.00
2024/10/25,30.89,31.26,29.41,30.28,14986777,449951936.00
2024/10/28,30.23,30.28,28.98,29.22,11885471,349896736.00
2024/10/29,29.28,29.46,28.06,28.15,12137678,348177472.00
2024/10/30,28.14,28.56,26.56,26.70,14675995,400673152.00
2024/10/31,26.73,27.14,25.41,25.46,17080534,444986432.00
2024/11/01,25.42,26.03,25.00,25.09,12327168,313344512.00
2024/11/04,25.35,26.47,25.19,26.08,12786302,331464352.00
2024/11/05,25.96,26.38,25.17,26.26,18277907,471537472.00
2024/11/06,26.21,26.72,25.64,25.88,13783530,360144800.00
2024/11/07,25.64,26.46,25.52,26.29,11253746,293812832.00
2024/11/08,26.99,28.13,26.83,27.28,21268243,586287104.00
2024/11/11,26.80,27.53,26.62,27.28,13319894,360863104.00
2024/11/12,27.28,28.03,26.93,27.56,17412644,480732672.00
2024/11/13,27.79,28.28,26.64,27.09,14374603,393764128.00
2024/11/14,26.98,26.99,26.39,26.44,10532262,281016032.00
2024/11/15,26.34,26.64,25.78,25.78,8726602,227727984.00
2024/11/18,25.59,25.96,24.68,24.94,11078974,278642112.00
2024/11/19,24.99,26.64,24.98,26.37,12647608,328006240.00
2024/11/20,26.30,28.48,25.98,28.48,21470353,592357248.00
2024/11/21,27.98,28.68,27.44,27.72,14341684,402045984.00
2024/11/22,27.72,28.36,27.14,27.24,9906114,274512960.00
2024/11/25,27.42,27.58,26.26,27.12,8717202,234787024.00
2024/11/26,27.23,28.07,26.59,27.43,9321858,256736912.00
2024/11/27,27.58,29.44,27.58,29.28,14827298,425551392.00
2024/11/28,29.15,29.69,28.49,28.76,9672330,282237824.00
2024/11/29,28.75,28.96,28.17,28.49,9228533,263004784.00
2024/12/02,28.06,28.86,28.03,28.59,8377101,238945376.00
2024/12/03,28.50,30.30,28.14,29.83,11748397,347529568.00
2024/12/04,29.59,29.95,28.54,28.68,7471440,217279376.00
2024/12/05,28.70,30.28,28.60,29.13,8639946,254396720.00
2024/12/06,29.13,30.03,28.83,29.78,7793911,230232352.00
2024/12/09,30.28,30.82,29.49,29.95,7085625,213921792.00
2024/12/10,30.94,31.08,29.53,29.66,8376549,252224400.00
2024/12/11,29.50,29.79,28.73,28.92,7187642,209381296.00
2024/12/12,28.94,29.33,28.50,28.86,5739183,165470464.00
2024/12/13,28.98,29.23,28.28,28.60,6655721,191186096.00
2024/12/16,28.54,28.64,27.36,27.51,8463946,235211264.00
2024/12/17,27.58,28.22,26.92,27.16,6622161,182035104.00
2024/12/18,27.16,28.12,27.07,27.61,4436735,122883232.00
2024/12/19,27.51,27.70,27.12,27.33,3256764,89364432.00
2024/12/20,27.40,27.45,26.58,26.77,8876544,238444720.00
2024/12/23,26.79,26.94,25.89,26.10,8840799,232639664.00
2024/12/24,26.21,26.85,25.96,26.78,4969795,131816256.00
2024/12/25,26.86,27.95,26.80,27.32,6513412,178929312.00
2024/12/26,27.26,27.58,26.77,27.39,3782079,103092440.00
2024/12/27,27.38,28.13,27.25,27.53,4946400,137504704.00
2024/12/30,27.53,27.60,26.49,26.68,4314831,116321968.00
2024/12/31,26.79,26.88,25.98,26.57,5161862,136354032.00
2025/01/02,26.41,26.57,25.27,25.43,5989736,155875184.00
2025/01/03,25.67,25.98,24.54,24.58,5749896,144618416.00
2025/01/06,24.69,25.05,24.01,24.23,6210485,152283584.00
2025/01/07,24.35,24.41,22.81,23.39,20973330,487243072.00
2025/01/08,23.38,23.39,22.00,22.78,15890821,360343520.00
2025/01/09,22.64,23.88,22.49,22.98,9733502,226694608.00
2025/01/10,23.10,26.11,22.78,25.52,20543706,512088192.00
2025/01/13,25.51,27.06,24.88,26.48,16004026,421583552.00
2025/01/14,26.16,26.97,26.14,26.85,9303213,247716656.00
2025/01/15,26.62,27.41,26.09,26.28,6468964,171991824.00
2025/01/16,26.21,27.08,25.86,26.66,6207861,164395712.00
2025/01/17,26.56,27.61,26.27,26.41,5631060,150894768.00
2025/01/20,26.33,27.04,26.33,26.43,6341620,169024192.00
2025/01/21,26.48,28.31,25.81,28.18,10787858,296029568.00
2025/01/22,28.08,28.65,27.78,28.02,6547832,184676560.00
2025/01/23,28.02,28.48,27.59,28.04,7116637,199462656.00
2025/01/24,27.98,28.66,27.73,28.46,5514354,156454832.00
2025/01/27,28.68,28.97,28.34,28.60,4029808,115896928.00
2025/02/05,28.51,28.90,27.50,28.20,4863606,136543648.00
2025/02/06,28.21,28.97,27.99,28.97,5173077,147048512.00
2025/02/07,28.87,29.07,27.79,27.98,6973938,197634448.00
2025/02/10,28.04,30.16,27.52,29.12,9218261,266915888.00
2025/02/11,29.13,29.44,28.78,29.27,4459512,129952144.00
2025/02/12,28.84,29.14,28.29,28.68,3089500,88555920.00
2025/02/13,28.68,28.88,27.84,27.90,3594620,101740296.00
2025/02/14,27.89,28.46,27.75,28.22,10934503,308360864.00
2025/02/17,28.32,28.32,26.86,27.62,6423596,176160736.00
2025/02/18,27.38,28.35,27.07,27.35,6156188,171207248.00
2025/02/19,27.55,28.50,26.58,26.95,8417974,229458176.00
2025/02/20,27.22,27.58,26.34,26.73,6311162,169425760.00
2025/02/21,27.21,29.96,27.00,29.66,24142248,683456576.00
2025/02/24,29.77,29.98,28.53,29.59,8507730,251662128.00
2025/02/25,29.39,30.38,28.76,29.70,7329745,217571888.00
2025/02/26,29.96,33.68,29.55,33.28,16223555,517927968.00
2025/02/27,32.94,36.63,32.94,34.82,17878506,623106048.00
2025/02/28,34.68,36.16,33.85,35.14,14668221,513019904.00
2025/03/03,34.78,36.17,34.13,34.32,10997421,384800928.00
2025/03/04,34.08,36.66,33.86,36.66,12754463,455533344.00
2025/03/05,36.50,39.58,35.87,37.35,13592592,506445184.00
2025/03/06,37.48,39.98,36.98,39.60,12763285,497746592.00
2025/03/07,39.32,39.63,37.48,38.97,7619997,294779168.00
2025/03/10,38.59,39.68,37.76,38.71,6943331,267575920.00
2025/03/11,38.38,38.74,35.98,37.93,11175278,417155456.00
2025/03/12,37.71,37.91,35.88,37.02,14768008,542578880.00
2025/03/13,36.71,37.48,35.88,37.07,7903038,289434624.00
2025/03/14,36.91,37.58,36.74,36.98,8067988,299931360.00
2025/03/17,37.28,37.84,36.66,37.63,6503736,243010720.00
2025/03/18,37.98,39.14,37.28,38.03,8215637,315241152.00
2025/03/19,37.98,38.71,37.48,37.96,4977123,189545824.00
2025/03/20,37.91,38.26,36.98,37.18,5547433,207502448.00
2025/03/21,36.81,37.15,34.06,36.98,18798583,660825920.00
2025/03/24,36.98,36.98,34.61,34.97,8875468,315776928.00
2025/03/25,34.97,35.43,34.08,35.02,5355587,186067616.00
2025/03/26,35.08,35.48,34.64,34.82,2875156,100503504.00
2025/03/27,34.70,36.98,34.51,36.67,9320402,338624608.00
2025/03/28,37.21,38.67,36.48,36.98,12021511,455012448.00
2025/03/31,36.83,37.63,35.86,37.35,6569860,239702192.00
2025/04/01,37.30,39.77,36.54,39.24,13891171,538980032.00
2025/04/02,39.28,41.48,38.99,40.18,13147728,532888224.00
2025/04/03,39.79,40.62,38.58,39.06,8356707,329959136.00
2025/04/07,35.05,37.98,33.05,34.50,18262050,643401088.00
2025/04/08,34.49,36.86,34.49,35.77,10143353,362290240.00
2025/04/09,34.98,38.90,33.98,38.25,10798236,394620416.00
2025/04/10,38.25,41.81,37.98,41.39,10169186,411790368.00
2025/04/11,40.97,41.90,40.19,41.49,5761103,236917792.00
2025/04/14,41.48,43.48,41.19,42.03,10031331,427340064.00
2025/04/15,42.03,43.28,41.73,43.13,9455153,404541344.00
2025/04/16,42.88,43.13,40.28,41.98,8167334,338060224.00
2025/04/17,41.46,41.98,41.03,41.19,5133205,212813472.00
2025/04/18,41.19,42.48,40.60,41.98,4598196,190906640.00
2025/04/21,41.87,43.45,41.87,43.03,4634335,198614864.00
2025/04/22,42.66,46.08,42.18,45.94,12641465,563198464.00
2025/04/23,45.58,48.43,43.28,44.73,13707971,623764864.00
2025/04/24,44.67,45.05,41.03,43.91,22248718,952170944.00
2025/04/25,43.41,43.55,40.68,41.86,13356906,556068928.00
2025/04/28,41.86,41.86,39.56,41.07,12310866,503126432.00
2025/04/29,35.64,40.98,34.49,39.58,51907615,1878114432.00
2025/04/30,39.48,41.89,37.88,41.89,22727395,906034432.00
2025/05/06,41.61,41.61,40.21,40.25,11940511,486366016.00
2025/05/07,40.40,40.83,37.58,38.32,10896145,423054528.00
2025/05/08,37.94,39.85,37.94,39.05,8644610,339664768.00
2025/05/09,38.91,41.76,38.88,41.09,9739365,396664608.00
2025/05/12,39.98,40.38,38.86,39.78,11004331,434376032.00
2025/05/13,40.66,41.17,39.39,40.42,7259716,295209376.00
2025/05/14,40.55,40.72,39.45,40.12,5449594,217701648.00
2025/05/15,39.93,40.80,39.80,40.29,2894978,116882072.00
2025/05/16,40.19,42.27,39.38,41.39,7167074,295296480.00
2025/05/19,41.41,43.19,40.91,42.08,6632538,280148576.00
2025/05/20,44.48,47.57,44.36,46.43,13699560,630226560.00
2025/05/21,46.08,46.93,44.86,46.37,7558574,347256448.00
2025/05/22,46.19,50.23,45.49,49.53,14571183,698668352.00
2025/05/23,49.04,50.30,48.06,48.75,10635627,523748384.00
2025/05/26,48.54,49.57,47.48,48.63,4996391,241703104.00
2025/05/27,48.61,49.98,47.36,48.58,7788790,378814432.00
2025/05/28,48.62,49.26,47.86,48.62,3917428,190022000.00
2025/05/29,48.62,53.77,48.16,52.59,9980534,514516864.00
2025/05/30,55.38,60.00,51.11,51.91,15684515,851507200.00
2025/06/03,51.53,53.70,51.00,52.03,11645509,606768576.00
2025/06/04,52.10,53.98,51.18,52.06,8180495,429319008.00
2025/06/05,52.13,52.69,49.90,52.50,11365409,583563328.00
2025/06/06,52.42,63.00,51.46,63.00,12664988,723928704.00
2025/06/09,63.00,63.31,59.44,60.82,13263559,814655936.00
2025/06/10,60.57,62.28,59.31,60.14,11613376,700563584.00
2025/06/11,59.90,61.61,58.52,59.83,9242747,554705984.00
2025/06/12,59.61,61.07,57.90,60.45,11199479,665264960.00
2025/06/13,60.00,60.78,57.30,58.93,14159408,825589632.00
2025/06/16,57.80,58.99,56.96,57.88,9864150,568898688.00
2025/06/17,58.00,58.00,55.39,56.00,10174116,570423552.00
2025/06/18,55.01,56.56,55.01,55.99,5050246,282215392.00
2025/06/19,56.55,56.69,53.70,54.70,10015386,547230144.00
2025/06/20,54.01,54.67,52.52,53.25,8438660,449349280.00
2025/06/23,53.40,53.75,52.13,53.30,10058292,531605824.00
2025/06/24,53.49,54.19,52.86,53.26,8193297,438259520.00
2025/06/25,53.55,54.80,52.55,53.07,6698874,358032160.00
2025/06/26,52.99,53.28,50.70,53.09,7462157,389678496.00
2025/06/27,53.40,54.00,51.60,51.91,7181079,375968064.00
2025/06/30,51.91,52.20,50.18,51.69,11828933,602227456.00
2025/07/01,51.98,55.18,51.35,55.10,13503245,726541696.00
2025/07/02,54.55,55.14,51.70,51.70,8139562,431040064.00
2025/07/03,51.72,52.79,51.00,52.08,8241606,428605920.00
2025/07/04,51.97,54.00,51.03,52.43,6852002,361796064.00
2025/07/07,52.48,53.09,51.05,51.24,4335360,223995456.00
2025/07/08,51.35,52.17,49.92,50.34,5712975,289379616.00
2025/07/09,50.20,51.07,49.65,50.49,4529967,228366432.00
2025/07/10,50.50,51.17,50.00,50.19,3817305,192784928.00
2025/07/11,50.17,51.21,50.03,50.82,4225019,214407152.00
2025/07/14,50.70,51.35,50.10,51.33,5756748,292436064.00
2025/07/15,51.12,56.10,50.22,54.31,14208886,761651712.00
2025/07/16,53.48,54.00,52.21,53.05,6884007,365030144.00
2025/07/17,53.30,55.50,53.08,53.98,11113346,604162880.00
2025/07/18,54.00,56.19,53.80,55.78,13027226,718414848.00
2025/07/21,56.00,56.48,53.82,54.73,8583912,470781472.00
2025/07/22,54.00,55.15,52.28,52.53,8231834,441140736.00
2025/07/23,52.10,52.50,51.11,52.10,5897942,306733248.00
2025/07/24,51.97,53.20,51.23,52.01,5794270,301933472.00
2025/07/25,52.10,52.66,51.52,52.15,4128340,215014912.00
2025/07/28,52.46,52.94,51.60,52.38,6111339,319241664.00
2025/07/29,52.94,58.38,52.00,56.10,12852233,717603968.00
2025/07/30,56.06,58.06,54.86,56.25,12526564,708221568.00
2025/07/31,57.00,57.57,53.86,53.94,10569375,584876288.00
2025/08/01,53.77,54.69,52.60,54.05,7435710,400056384.00
2025/08/04,53.55,54.05,51.23,51.48,11272103,585928768.00
2025/08/05,51.88,52.35,50.31,51.56,9936200,509711392.00
2025/08/06,51.62,52.83,50.53,52.59,7464640,385778816.00
2025/08/07,52.12,52.65,48.88,49.01,11472312,575551680.00
2025/08/08,48.66,51.27,48.60,51.00,9210216,463192768.00
2025/08/11,50.88,51.13,49.95,50.39,5221602,263949056.00
2025/08/12,50.20,50.76,49.25,50.31,5364693,267531200.00
2025/08/13,50.31,53.40,50.03,53.00,8474114,442730944.00
2025/08/14,52.87,53.84,52.47,52.48,6882999,366317152.00
2025/08/15,52.46,53.49,50.60,53.00,7405942,388039968.00
2025/08/18,53.25,53.58,50.28,51.21,12080439,622872064.00
2025/08/19,50.93,51.98,48.86,48.88,11390323,570874240.00
2025/08/20,48.72,49.98,48.57,49.07,6638746,325835200.00
2025/08/21,49.10,50.71,49.01,50.10,7491821,374732480.00
2025/08/22,50.20,51.08,49.95,50.85,6182159,312815488.00
2025/08/25,51.08,54.59,50.95,54.25,10874468,578042368.00
2025/08/26,54.47,54.49,53.00,53.55,7664321,411917056.00
2025/08/27,53.57,54.70,51.00,51.00,6666239,350908288.00
2025/08/28,50.81,51.83,48.06,49.75,8821569,436428480.00
2025/08/29,49.59,54.66,49.21,53.38,11129608,583334464.00
2025/09/01,53.38,57.77,51.89,56.96,15943818,889418112.00
2025/09/02,56.88,58.12,55.20,56.07,8123763,457243872.00
2025/09/03,56.50,57.45,55.51,56.34,7221339,408547584.00
2025/09/04,57.40,58.49,54.40,55.57,9969398,559366528.00
2025/09/05,55.50,57.32,52.80,57.20,8173403,451759136.00
2025/09/08,57.20,58.28,55.50,56.79,6827299,387504896.00
2025/09/09,56.56,60.00,56.25,58.32,8745370,508005184.00
2025/09/10,57.80,59.19,53.78,56.00,11361216,638368320.00
2025/09/11,51.49,55.38,48.50,54.78,14886232,770845312.00
2025/09/12,53.60,54.94,52.10,52.45,9311467,494054464.00
2025/09/15,52.57,53.69,49.68,49.77,11929358,612140864.00
2025/09/16,50.00,50.20,48.73,49.23,8241619,406557568.00
2025/09/17,49.30,49.48,48.06,48.38,8107823,395335648.00
2025/09/18,48.86,52.47,48.51,51.80,13682789,699860864.00
2025/09/19,53.00,54.54,50.28,50.97,10059670,526814976.00
2025/09/22,50.97,52.49,50.11,50.60,6168881,313533344.00
2025/09/23,50.15,52.30,49.62,49.93,7875120,398760000.00
2025/09/24,49.90,52.30,49.51,51.41,7937686,408080512.00
2025/09/25,51.41,52.20,50.50,50.77,5982393,307548352.00
2025/09/26,50.51,50.52,47.38,47.79,9613432,464711840.00
2025/09/29,47.70,47.90,45.91,46.47,7181626,334235680.00
2025/09/30,46.47,47.50,45.88,45.92,5919199,275786848.00
2025/10/09,47.29,48.71,43.59,44.25,12158911,552962880.00
2025/10/10,43.96,45.28,43.39,44.00,8214424,362916224.00
2025/10/13,42.47,44.92,42.30,43.21,7944511,346369248.00
2025/10/14,43.58,44.27,41.87,42.25,8795776,377128992.00
2025/10/15,42.10,43.08,41.25,42.63,9123119,386529952.00
2025/10/16,42.45,44.44,42.11,43.73,9239795,402027744.00
2025/10/17,44.01,44.78,43.22,43.90,6187316,271328192.00
2025/10/20,44.00,44.90,43.25,43.61,4954695,217126816.00
2025/10/21,43.60,43.86,42.24,42.80,6692059,285377760.00
2025/10/22,42.64,43.41,40.55,40.94,11268528,467827008.00
2025/10/23,40.84,41.34,38.51,39.25,16878868,663708544.00
2025/10/24,39.25,39.31,35.62,36.23,26476206,967060800.00
2025/10/27,36.23,37.77,35.73,36.34,16324691,594818752.00
2025/10/28,36.39,36.40,34.14,34.45,24417616,848476160.00
2025/10/29,34.40,34.88,33.86,34.75,11393726,392963392.00
2025/10/30,34.68,35.40,33.96,34.57,9881119,342734272.00
2025/10/31,34.80,36.60,34.37,35.40,20321438,723476160.00
2025/11/03,35.76,35.85,34.40,35.18,11542064,405238240.00
2025/11/04,35.00,35.18,32.98,33.32,13748620,463021888.00
2025/11/05,33.09,33.49,32.54,32.60,10429729,342954304.00
2025/11/06,32.62,32.68,32.02,32.30,9169835,295911040.00
2025/11/07,32.31,32.36,31.41,31.41,8948985,283902240.00
2025/11/10,31.60,31.93,30.97,31.89,10770207,339220800.00
2025/11/11,31.69,31.81,31.22,31.70,8212903,259058576.00
2025/11/12,31.65,32.30,31.41,31.63,9512812,302817152.00
2025/11/13,31.70,35.41,31.58,34.34,25605040,862304256.00
2025/11/14,33.90,34.66,33.30,33.90,16844644,572902336.00
2025/11/17,33.89,34.08,33.09,33.82,10843100,365113664.00
2025/11/18,33.75,34.06,32.98,33.08,8103908,270247936.00
2025/11/19,33.05,33.43,31.88,32.31,7962114,257858608.00
2025/11/20,32.27,32.60,31.80,31.90,5001549,160572704.00
2025/11/21,32.24,32.72,30.95,30.95,10885222,346236064.00
2025/11/24,31.30,32.00,30.95,31.50,11533759,362928992.00
2025/11/25,32.00,32.88,31.33,31.74,9774925,313987840.00
2025/11/26,31.92,34.25,31.66,33.08,17935994,598587008.00
2025/11/27,32.68,33.80,32.55,33.03,10771120,357307072.00
2025/11/28,32.78,33.11,31.97,32.47,9272072,299972352.00
2025/12/01,32.31,32.46,31.22,32.02,12790805,404553952.00
2025/12/02,31.96,32.30,30.71,30.94,11777860,366898176.00
2025/12/03,31.15,31.16,29.90,30.12,9100647,275347456.00
2025/12/04,30.17,31.80,29.74,30.98,14482861,448629952.00
2025/12/05,31.05,31.10,29.30,30.67,14052743,422281792.00
2025/12/08,30.62,31.44,30.58,30.70,7791069,241244192.00
2025/12/09,30.78,32.88,30.77,31.46,12900429,411574720.00
2025/12/10,31.23,35.01,31.01,34.10,25482691,855822656.00
2025/12/11,34.20,34.50,32.78,33.84,20995540,706737536.00
2025/12/12,33.84,33.86,30.99,30.99,27198097,871362176.00
2025/12/15,30.90,31.57,30.12,30.18,13713186,420178496.00
2025/12/16,30.10,30.18,28.43,28.70,13839439,401615616.00
2025/12/17,28.57,29.20,28.41,29.03,9766256,281339616.00
2025/12/18,28.94,31.67,28.64,31.13,19178073,586796288.00
2025/12/19,31.13,35.95,30.96,34.69,31170089,1069119360.00
2025/12/22,34.50,36.76,33.91,35.62,26963594,967037696.00
2025/12/23,35.62,40.63,35.58,39.30,36873455,1447002368.00
2025/12/24,39.31,40.50,38.61,38.80,24841376,973229696.00
2025/12/25,39.16,40.41,38.55,39.56,12700919,503046560.00
2025/12/26,39.38,39.56,36.81,36.88,18946898,711112256.00
2025/12/29,36.88,37.10,35.78,36.96,12522572,457226464.00
2025/12/30,36.80,36.96,35.62,35.71,11860985,426118464.00
2025/12/31,35.71,36.07,34.81,36.07,9151658,322550752.00
2026/01/05,35.41,38.63,34.60,37.45,21448093,796485184.00
2026/01/06,37.50,38.50,36.88,37.92,13204955,496768704.00
2026/01/07,37.70,40.00,37.30,39.64,17002413,663372096.00
2026/01/08,39.83,40.80,38.39,39.92,15207455,600703616.00
2026/01/09,39.80,41.38,38.72,41.09,16228867,651300736.00
2026/01/12,41.09,42.63,40.42,41.39,15271815,635663232.00
2026/01/13,42.60,43.85,40.86,40.98,18155259,768849920.00
2026/01/14,40.85,43.20,40.80,42.25,16229496,682957184.00
2026/01/15,41.83,42.00,39.51,40.16,14696754,592721728.00
2026/01/16,39.81,40.86,39.70,40.00,8243353,331505504.00
2026/01/19,40.00,40.63,39.12,39.56,7334659,290143520.00
2026/01/20,39.56,40.42,38.40,38.70,7298425,285406528.00
2026/01/21,38.75,39.66,38.30,38.69,6593798,257167616.00
2026/01/22,38.80,40.60,37.58,37.87,10893578,423766336.00
2026/01/23,37.90,39.98,37.07,39.47,11707947,454238208.00
2026/01/26,39.48,39.71,37.90,38.83,7612496,293722336.00
2026/01/27,39.16,41.46,38.21,40.93,12052744,482748160.00
2026/01/28,40.74,46.42,40.07,46.21,23059054,1027334656.00
2026/01/29,46.92,47.92,45.48,46.12,17436020,810996096.00
2026/01/30,45.23,46.07,37.80,38.87,35071426,1451969920.00
2026/02/02,38.68,38.98,35.69,35.92,19140871,701571712.00
2026/02/03,36.22,37.70,35.29,37.21,15315288,559161024.00
2026/02/04,37.00,37.66,35.26,35.80,12629451,455049184.00
2026/02/05,35.70,35.74,34.50,34.67,10087866,352506240.00
2026/02/06,34.49,35.44,33.91,34.00,10534186,365610560.00
2026/02/09,34.64,36.65,34.61,34.95,10718097,381274720.00
2026/02/10,34.65,37.30,34.62,35.79,13681242,492692224.00
2026/02/11,35.79,36.48,34.90,34.94,9106925,323063328.00
2026/02/12,35.02,35.46,34.32,34.39,8055720,280391968.00
2026/02/13,34.63,35.11,33.56,33.58,7217191,246392400.00
2026/02/24,34.09,34.23,33.40,33.44,6929781,232809696.00
2026/02/25,33.46,33.87,32.92,33.79,8116964,270462752.00
2026/02/26,33.70,33.79,32.61,32.87,8138414,268228944.00
2026/02/27,32.78,33.25,32.30,33.03,5733950,188971104.00
2026/03/02,32.89,32.89,31.15,31.40,10088149,319625600.00
2026/03/03,31.47,31.72,29.88,30.03,9431156,287559680.00
2026/03/04,29.81,30.06,28.96,29.22,10546075,309978304.00
2026/03/05,29.62,30.96,29.30,30.41,10143026,306325344.00
2026/03/06,30.29,31.99,29.90,31.44,10890229,340910976.00
2026/03/09,31.42,31.42,30.00,30.86,8967579,275449312.00
2026/03/10,31.10,32.39,31.01,31.82,10472198,333684544.00
2026/03/11,31.95,32.26,31.33,31.54,9096197,289226144.00
2026/03/12,31.65,31.65,30.21,30.52,8087694,248406128.00
2026/03/13,30.48,30.66,29.76,29.99,6084528,183298256.00
2026/03/16,29.99,32.35,29.97,32.00,14027997,442905408.00
2026/03/17,31.68,33.63,30.90,32.35,16109862,524474976.00
2026/03/18,32.33,32.49,31.68,32.05,7562226,241866704.00
2026/03/19,32.02,32.67,31.51,31.65,9619216,308581504.00
2026/03/20,31.79,32.13,30.00,30.16,8958748,278016768.00
2026/03/23,30.08,30.08,27.70,28.00,11909317,343105504.00
2026/03/24,28.67,29.71,28.37,29.60,11220135,325142016.00
2026/03/25,29.59,30.66,29.37,29.67,9308449,279108832.00
2026/03/26,30.03,30.20,28.02,28.16,12071402,347411904.00
2026/03/27,27.83,33.32,27.83,32.28,23063723,714154048.00
2026/03/30,31.89,33.28,31.64,32.24,17975402,582940160.00
2026/03/31,32.28,33.10,31.50,31.76,11345629,366742240.00
2026/04/01,32.18,34.46,32.00,34.45,22752244,767584448.00
2026/04/02,34.67,34.90,33.50,33.68,15615484,531178496.00
2026/04/03,33.11,33.52,32.38,32.51,10489350,343620352.00
2026/04/07,32.91,34.05,32.52,33.25,10840423,360587552.00
2026/04/08,33.70,34.48,33.41,33.88,11449348,388093760.00
2026/04/09,33.51,34.21,33.01,33.20,9169290,306468608.00
2026/04/10,33.20,33.98,32.52,32.60,9080451,301213056.00
2026/04/13,32.38,34.17,32.20,33.09,10302876,344201920.00
2026/04/14,33.04,33.50,30.28,31.46,22148297,695169536.00
2026/04/15,32.10,34.20,31.39,33.97,22623473,753897152.00
2026/04/16,33.53,34.42,33.00,34.00,13007314,438979424.00
2026/04/17,33.64,34.00,32.52,32.87,12614140,415596192.00
2026/04/20,32.70,34.86,32.58,32.87,15642128,525370208.00
2026/04/21,32.79,33.00,31.66,31.97,9448939,303340608.00
2026/04/22,31.80,32.17,31.08,32.04,8843130,279173280.00
2026/04/23,31.87,31.89,30.70,31.06,7835656,244619408.00
2026/04/24,31.06,31.35,30.03,30.79,7349342,226229024.00
2026/04/27,30.76,31.93,30.42,31.37,8674383,269260288.00
2026/04/28,31.37,31.56,29.60,30.14,13469950,407233824.00
2026/04/29,30.00,30.30,29.50,29.94,7693714,229899936.00
2026/04/30,29.95,31.59,29.95,30.37,11773308,361646592.00
2026/05/06,30.40,31.65,30.22,30.84,11414597,354400096.00
2026/05/07,31.15,32.19,30.65,32.12,11740261,368656704.00
2026/05/08,32.12,32.65,31.23,32.07,10086486,322697792.00
2026/05/11,32.06,33.09,32.05,32.59,9564066,311463360.00
2026/05/12,32.68,33.55,32.22,32.80,12232574,402537024.00
2026/05/13,32.66,32.96,31.71,32.08,8576160,275051168.00
2026/05/14,32.10,32.60,31.18,31.20,7486664,237914496.00
2026/05/15,31.38,32.42,30.43,30.77,8919765,279934208.00
2026/05/18,30.77,30.83,29.62,29.85,8187900,245632576.00
2026/05/19,29.75,30.25,28.50,29.90,10797384,316892864.00
2026/05/20,29.80,29.98,29.01,29.52,7869100,232600480.00
2026/05/21,29.50,30.68,28.62,28.72,11481997,340432096.00
2026/05/22,28.85,29.50,28.54,28.84,7798091,225604912.00
2026/05/25,29.51,29.51,27.84,28.11,9052367,256156080.00
2026/05/26,28.11,29.33,27.03,27.85,14615684,410336480.00
2026/05/27,27.76,28.06,26.91,27.29,9611483,262895856.00
2026/05/28,27.15,27.30,25.01,26.04,14296134,372385056.00
2026/05/29,26.48,27.44,25.63,26.76,14944966,397376448.00
2026/06/01,28.01,28.64,25.75,25.95,17513250,470731200.00
2026/06/02,25.97,26.05,24.53,25.56,11421431,287756096.00
2026/06/03,25.49,25.97,25.07,25.66,9848380,251635600.00
2026/06/04,25.66,26.02,25.10,25.32,5650511,143703216.00
2026/06/05,25.54,26.29,24.75,24.90,9297548,235518288.00
2026/06/08,24.50,25.42,23.05,23.60,11738055,281331232.00
2026/06/09,23.66,24.40,22.50,23.88,12413622,291874304.00
2026/06/10,23.94,24.08,23.05,23.93,8609429,203523968.00
2026/06/11,23.70,24.10,23.42,23.97,8347560,197728976.00
2026/06/12,23.97,24.20,23.16,23.23,14715589,348355424.00
2026/06/15,23.23,24.80,23.21,24.74,14890049,361496352.00
2026/06/16,24.55,24.68,23.65,23.76,12450426,298313504.00
2026/06/17,24.00,26.21,23.80,24.59,20562956,519472352.00
2026/06/18,24.36,24.99,23.81,23.95,15015524,363751360.00
2026/06/22,23.88,24.66,23.10,24.20,14823738,354619456.00
2026/06/23,24.27,24.93,24.01,24.59,14723999,360570048.00
2026/06/24,24.50,27.00,24.38,26.03,24522296,640910464.00
2026/06/25,26.02,26.95,25.03,26.13,15726460,408194688.00
2026/06/26,25.84,26.72,25.04,25.40,13307526,342812256.00
2026/06/29,25.39,28.10,25.05,27.70,22196607,599650880.00
2026/06/30,27.31,27.60,26.96,27.23,15029314,409979168.00
2026/07/01,27.00,31.50,26.30,30.75,26400773,769316864.00
2026/07/02,30.90,34.66,30.80,34.49,39133983,1306117760.00
2026/07/03,35.00,37.39,33.80,36.71,40133695,1418113792.00
2026/07/06,35.10,38.67,35.00,36.73,36800633,1363004928.00
2026/07/07,36.11,37.08,33.80,34.16,32612878,1140624256.00
2026/07/08,33.84,35.70,33.51,33.85,18382830,634383360.00
2026/07/09,32.82,37.00,32.62,36.38,27106804,966300224.00
2026/07/10,36.10,39.58,35.80,38.70,28252463,1082989440.00
2026/07/13,37.80,39.09,36.50,37.55,19628266,739778560.00
2026/07/14,36.50,38.53,36.00,37.39,17283621,646901184.00
2026/07/15,37.43,43.40,37.43,42.00,33986742,1399395712.00
2026/07/16,40.08,42.77,39.00,39.97,26190427,1064018880.00
2026/07/17,40.07,42.00,37.53,38.25,26052943,1012984640.00
2026/07/20,36.75,42.88,36.36,41.62,34430434,1388491904.00
2026/07/21,40.21,41.45,37.87,41.45,26826937,1060184128.00
2026/07/22,40.88,42.98,38.80,39.74,23215366,947180544.00
2026/07/23,38.45,39.44,37.49,38.61,17244344,662057536.00
2026/07/24,38.06,38.80,36.66,36.90,15645079,588063040.00
2026/07/27,36.43,37.99,35.82,36.42,15882962,582706816.00
2026/07/28,37.88,39.40,37.48,38.90,34128074,1312191744.00
2026/07/29,37.68,38.90,36.39,38.00,23384167,885150592.00
2026/07/30,38.00,38.49,35.48,36.00,18276581,669328512.00
2026/07/31,35.67,38.84,35.50,38.02,18919314,711869824.00
2026/08/03,37.99,38.99,35.88,36.32,13797912,507425984.00
2026/08/04,37.05,38.00,36.82,37.36,13484414,504561088.00
2026/08/05,37.25,38.20,37.00,38.00,12288830,463310176.00
2026/08/06,38.29,40.32,37.01,40.00,25192372,984466176.00
2026/08/07,39.02,43.33,38.10,41.18,33886395,1374066304.00
2026/08/10,41.20,43.60,40.30,40.78,29148733,1213686528.00
2026/08/11,39.97,45.00,39.02,43.31,33174532,1391170048.00
2026/08/12,42.01,43.45,41.60,42.75,22608216,958911424.00
2026/08/13,42.00,45.00,41.18,41.28,27860009,1193373952.00
2026/08/14,41.03,41.94,40.03,40.77,18129446,738450944.00
2026/08/17,40.97,46.64,40.35,44.44,37609389,1660607744.00
2026/08/18,44.00,46.23,43.50,44.40,33064442,1481022848.00
2026/08/19,44.08,44.49,42.34,43.15,24607431,1067710080.00
2026/08/20,49.96,51.78,45.69,51.78,64522212,3228160000.00
2026/08/21,47.88,51.47,47.60,49.00,60463541,2962139648.00
2026/08/24,49.65,49.73,44.28,45.24,47049808,2155498496.00
2026/08/25,44.00,44.70,42.64,44.29,31650947,1386741376.00
2026/08/26,44.79,47.35,43.86,45.50,42181138,1927542528.00
2026/08/27,45.66,48.32,43.90,46.95,37047228,1688863360.00
2026/08/28,46.00,46.95,44.38,44.40,26118595,1185527808.00
2026/08/31,43.52,44.58,42.69,44.20,20669410,902583104.00
2026/09/01,44.00,45.00,43.15,44.54,18657278,823253760.00
2026/09/02,44.63,46.49,44.50,44.50,25190848,1144856192.00
2026/09/03,43.79,44.92,43.00,44.24,17598772,772335168.00
2026/09/04,44.14,45.03,43.47,43.88,13711030,605095360.00
2026/09/07,43.52,45.77,42.88,45.42,19706747,871436736.00
2026/09/08,44.98,46.23,43.86,45.14,18808866,844937792.00
2026/09/09,44.14,46.66,40.23,41.72,28369425,1242174848.00
2026/09/10,41.03,42.88,41.03,42.63,20530189,865585472.00
2026/09/11,42.13,42.88,41.68,42.40,10238879,431664800.00
2026/09/14,42.18,43.65,42.01,43.52,12037559,517952384.00
#数据来源:通达信
